1.188698
-0.431342
0.617175
0.535130
0.868633
0.679850
-1.712697
1.588711
0.280524
0.164691
0.623171
-0.355885
-0.044094
1.422461
1.518210
-0.396210
-0.305557
0.596624
0.436943
0.795070
1.344445
-0.646381
0.223992
0.586809
0.473090
-1.202920
0.086665
1.726246
0.793958
0.256394
0.053492
0.692366
0.179725
-2.102477
0.612685
-0.295847
0.658593
0.242979
0.637968
0.430650
0.585841
0.514714
-2.680880
0.685118
0.465972
-0.396029
1.580988
0.725419
0.562809
0.773606
0.879675
0.590916
-1.925947
-1.736686
-1.006826
0.959891
0.021999
-0.121913
-0.252496
0.369457
-2.803487
0.859517
0.678762
0.409865
-2.067485
1.343912
0.642119
0.460501
-1.440663
0.758915
0.633452
-1.550519
-2.423520
-1.744846
0.629238
0.383212
-1.328016
0.877641
-0.521803
1.701197
1.565423
0.745637
-1.928945
0.360995
0.411918
0.142679
0.515736
-2.172206
-2.002705
-0.532313
-1.083617
2.227605
1.309355
1.530750
0.598322
2.071323
0.784639
0.856743
-0.542319
0.809851
0.454641
0.720396
0.016819
1.714561
0.717801
0.763039
-2.105489
0.603659
-0.033057
0.783663
0.651637
0.731985
0.447437
-1.852886
0.287161
-2.705510
0.797717
0.873337
1.588733
1.257965
0.815053
1.547384
0.670948
0.673772
-0.115565
0.397714
-0.000821
-1.601246
-2.215388
0.113492
1.725235
1.977359
-1.486147
-0.287665
1.632045
1.578560
0.314685
-1.225729
-2.683631
-1.940674
-1.636211
0.034919
0.151280
0.478000
0.236293
0.816970
1.621892
-2.053098
0.884976
0.599899
1.334076
0.430409
0.696534
1.473436
1.808823
-0.340714
0.507902
-1.867000
-1.531006
1.798510
1.489124
0.839662
0.239782
0.149203
0.241993
0.620241
1.293730
0.557182
0.108789
-1.792931
0.016994
-1.802461
1.811846
0.943542
0.722806
-0.074837
0.285644
-0.314491
1.332296
-1.844196
1.117888
0.746984
1.198166
-1.688729
0.571999
0.121159
-1.454933
0.862910
0.670150
-1.604918
0.578208
2.192939
0.655346
0.547718
-1.759699
0.256383
-0.210619
0.592730
-1.922188
0.598525
1.601027
-0.135936
0.370597
0.850459
1.671549
0.618980
-1.675892
0.277136
-2.504150
-0.436787
0.524222
-1.554342
1.473498
0.710973
-1.832591
-1.778056
0.591885
0.086214
0.364043
-0.371507
-2.195476
-1.550849
1.806452
0.561946
0.561447
-1.623491
0.557617
-1.987950
-2.073496
-2.143211
0.508656
1.642294
0.016171
0.854415
0.679561
0.505529
-1.680162
-2.627964
0.070963
-0.305952
0.579335
1.944065
-2.489630
0.593417
0.477630
0.869443
0.791353
0.646218
1.822442
-0.465414
0.902314
-1.602337
0.536404
-1.926133
0.078319
0.625075
0.401243
-1.873013
0.625163
-0.638361
0.548009
0.385517
0.745201
0.457151
1.811604
0.495894
1.811896
0.758477
1.491105
0.632017
1.868446
-1.922174
1.622824
-0.747487
0.392605
0.124001
1.392173
1.783133
0.966086
0.764588
-0.328672
0.926660
0.548775
0.789385
-1.356595
0.660996
-0.310135
0.572420
1.090996
-1.998738
0.880955
0.243907
-0.281730
1.454292
0.800391
-0.459761
0.588395
-1.880063
0.544551
-2.494496
-2.014432
-2.098466
-0.369197
0.041810
1.436564
1.392670
1.613199
0.677966
1.657174
1.347842
1.354576
0.800854
0.688571
1.243955
-0.336807
0.242306
0.733303
0.626014
1.038480
-1.761449
1.096126
-2.168597
0.835484
1.553684
-2.180859
0.216741
-1.882301
0.775623
0.200713
0.730629
1.470275
0.626184
1.089278
0.248010
-1.606124
0.102881
0.193848
0.716296
-0.170491
-0.236454
0.697926
-0.068449
-2.414481
0.883874
1.043450
0.622077
0.843785
1.159774
0.550267
-2.299509
-2.089075
-0.435598
0.469726
-1.066253
0.660141
0.332397
-0.019476
1.274982
0.595019
0.532490
-0.135936
-1.162789
0.447250
-0.461622
-0.003632
-0.427397
0.706752
1.870290
-0.162810
0.997555
1.496088
0.540895
0.654002
1.164120
0.266143
0.443531
-2.709294
1.729201
0.374577
1.421895
-1.401211
0.964848
0.774441
0.442825
0.796761
0.433715
1.170463
0.921362
0.152755
0.187244
0.846014
1.421070
-1.897513
1.436119
1.652155
0.630959
0.666071
0.744675
-0.167854
0.460007
0.660663
1.520783
1.715420
0.629857
-1.966652
0.554901
1.707631
0.084739
-0.476767
0.963889
-2.310795
0.917077
-2.194483
-1.130295
0.803527
0.956162
0.424469
1.791568
0.932651
0.679973
1.016103
-1.907964
-0.044254
0.662424
-0.813189
-0.367670
0.621670
1.354949
0.844731
-0.287825
0.727365
0.602366
-0.023035
0.875283
-0.608682
-1.322742
-1.719149
1.462120
0.657830
-2.446492
0.567883
0.377129
0.783022
-0.519394
0.808599
1.071369
0.734964
0.313529
1.704571
0.300060
-1.809554
1.995389
-0.041039
0.640973
0.236177
1.942482
0.774019
0.594608
-0.473099
0.544710
0.484699
-0.442030
-0.216169
0.796172
-2.094606
-0.561588
-1.808873
-2.395832
0.986655
0.438814
1.632467
0.973333
0.504837
0.729350
0.058058
0.384005
-0.076495
-1.699367
0.574252
1.478071
0.912589
1.567511
1.805142
0.474288
0.589824
0.138648
0.830648
1.003059
0.686402
0.629836
0.585866
0.246216
0.393209
-0.319982
0.498129
2.069423
0.709625
1.514705
0.622417
-0.312315
-0.333970
1.893113
-0.053924
0.356890
-2.050650
0.768381
0.984244
0.437019
1.045841
-2.211051
1.352744
-1.821983
0.739434
0.469292
0.637886
-2.048711
0.165011
-2.149501
0.842618
0.404295
-2.824097
0.157390
0.903189
-0.417522
0.751036
0.779612
0.773609
1.380049
0.058819
1.799536
0.306549
0.794340
1.242751
0.790629
1.535368
0.657395
-0.509784
0.723491
1.368591
-1.546621
0.759848
1.816959
0.035125
-2.638258
1.489257
0.991165
2.037108
0.356164
0.599878
-0.146919
1.064838
-0.207439
2.029598
0.696856
-0.096239
-1.912998
1.525767
0.541200
-1.112185
0.827000
0.777653
-0.484390
0.333952
0.142303
0.650551
0.809751
-1.628982
0.548864
0.626144
0.483662
0.537711
-2.725915
-0.168657
0.803509
-0.331592
0.791173
-0.182882
1.605171
-2.094728
-0.489942
0.793511
0.064096
0.552248
0.052100
0.638837
0.429059
-1.439925
0.166471
-0.144549
-0.067893
0.081449
0.441676
-1.738667
1.472899
0.662291
0.587414
0.563129
0.666998
-0.241687
0.805817
0.435617
-0.143106
0.690868
1.087867
0.667302
-0.785521
-0.270304
0.908424
-0.078286
2.230654
-1.996597
-1.788793
0.698372
0.553948
0.584348
0.399196
-1.704942
-1.733700
0.754651
1.029883
-0.406926
-1.431773
0.123650
-2.160274
-1.603935
0.135063
-2.323864
-0.597077
-1.444474
0.277806
-1.933580
-2.515323
-0.558202
0.284555
-1.881726
0.713011
1.053147
1.658136
-0.311246
1.495747
0.595592
0.119335
0.177393
1.680768
-0.331093
0.137408
0.863684
0.683076
0.727464
1.706581
0.986367
0.843186
-1.162580
-1.728914
1.610960
0.601839
0.438589
0.637661
0.087834
0.467916
-2.815849
0.606277
0.248879
1.857749
0.607120
1.274009
0.791784
0.089912
0.122564
1.324493
-0.267252
0.654551
0.800974
-1.963355
0.610494
0.479209
2.524038
0.800139
0.656849
0.118572
1.521846
0.816441
-1.823878
0.398912
1.004091
0.513464
-0.424122
1.277502
0.756853
0.434943
