0.321377
-0.795857
0.294721
0.444650
0.361580
-0.314642
0.281374
0.453759
-0.305547
0.573039
0.325248
0.352368
-0.629423
2.454726
-0.212020
-0.604806
0.311159
0.478818
0.457058
-0.194224
0.517626
-0.543519
0.127785
-0.042268
-0.261573
-0.227211
0.435768
0.303555
1.820341
0.000469
0.038578
0.586355
-0.255172
0.241540
-0.014179
0.099844
0.240527
0.052904
0.233418
-0.598721
0.124810
0.287777
0.255228
-0.211110
-0.216299
1.771279
0.061869
-0.577279
-0.086123
0.224483
0.038716
2.583258
0.406981
-0.431698
0.371016
-0.517574
-0.031616
2.324389
0.698566
-0.544698
0.127254
0.192346
0.402702
0.080528
-0.158043
-0.190603
-0.025245
1.901316
-0.051366
-0.231937
0.119560
-0.254776
2.415610
0.334298
0.377413
-0.619833
0.488508
-0.540222
0.041449
0.076458
0.732936
0.114905
0.342693
0.306016
0.010661
0.379224
-0.571280
0.273602
-0.298719
1.762874
-0.105607
-0.459508
0.442287
0.700498
-0.232355
-0.286646
0.301931
-0.009584
-0.085274
-0.630922
0.042588
0.122579
-1.022626
-0.183418
1.831939
0.281280
0.191283
-0.844948
-0.552739
-0.468415
-0.144552
-0.527836
0.143470
0.107953
0.126128
0.284793
0.143764
0.118761
-0.493085
0.472904
0.241831
-0.607498
0.780857
0.229743
0.374481
2.602873
-0.152493
0.232495
-0.141920
0.120237
-0.939311
1.675442
0.344955
0.727157
-0.494255
0.447097
-0.624599
0.141407
0.149256
0.155877
0.369892
0.325398
-0.375153
-0.515511
-0.162794
-0.030821
0.274803
0.147146
0.150985
-0.649740
0.336129
-0.487869
0.260638
-0.552968
0.194429
0.036078
-0.169414
-0.402619
0.274163
-0.477189
0.083933
-0.481153
0.325571
-0.331139
0.035664
-0.207225
-0.237024
-0.402605
-0.356968
0.392051
0.401508
0.415031
-0.249783
-0.106402
0.179077
0.338150
0.040741
2.717498
0.061865
0.741496
0.381692
-0.778309
0.345415
0.427998
0.359395
-0.301185
0.049815
-0.154320
0.172092
-0.273132
-0.598239
-0.060770
-0.055991
-0.013734
0.202336
0.410809
0.330436
-0.185141
0.163372
1.812764
-0.470416
0.386965
-0.633055
-0.431516
0.380698
0.096162
0.174770
0.172263
0.414685
-0.527083
0.081352
0.263169
-0.305073
0.315086
-0.152533
-0.108212
0.536242
0.157367
-0.073423
-0.217016
0.125101
-0.379363
0.148965
0.070321
0.554844
0.214672
-0.278814
0.177656
-0.356139
0.763386
-0.297528
0.019614
0.216444
-0.090287
0.135373
-0.025770
-0.672431
0.420462
0.468631
-0.063990
0.035820
-0.152310
-0.182639
-0.154559
-0.507776
0.184541
0.402043
-0.234955
-0.476943
-0.589662
0.168595
0.226157
0.491778
-0.170136
-0.662142
-0.598736
1.735045
0.052340
-0.316534
0.223692
-0.509502
-0.001847
1.211109
0.288977
0.285629
-0.098442
0.278680
2.479544
0.209075
0.182101
0.402195
-0.057484
-0.064885
-0.678309
0.051022
0.271669
0.085130
-0.059293
0.386394
0.366855
-0.162232
0.236786
0.278899
0.328312
0.312173
-0.615503
-0.024018
0.099714
0.339452
0.054354
-0.107787
0.179757
-0.014819
0.112763
0.445765
-0.700144
-0.294551
-0.605387
0.111982
-0.273807
0.377764
0.432734
-0.001072
0.254262
-0.263602
0.751781
0.135881
0.127817
-0.642027
-0.182589
0.161134
0.772499
0.392141
-0.114351
-0.056430
-0.519117
0.368425
-0.658209
0.516212
-0.399106
0.252874
-0.672668
1.258126
0.686123
-0.161438
0.252979
-0.737857
0.008931
0.313645
-0.183580
-0.679614
0.084390
0.286930
-0.473038
-0.102964
0.287523
0.269312
-0.219777
-0.271941
-0.097005
0.677124
0.004683
0.258871
0.674246
-0.315638
0.692871
0.721473
-0.205377
-0.606151
0.278020
0.306824
0.114810
0.108640
0.203299
0.285597
-0.192826
0.147387
-0.102033
0.240960
0.320917
0.398248
0.886185
0.308740
0.330637
-0.192509
0.173380
0.071899
0.149114
-0.034502
0.448350
-0.055048
0.282365
-0.644421
0.063038
0.353252
-0.115014
-0.683326
-0.471491
-0.194358
-0.489156
-0.319537
-0.601284
0.136313
0.079561
0.316690
-0.957582
0.096533
-0.232592
0.555562
0.230418
0.316741
-0.031435
-0.123861
0.394022
0.092025
0.235275
0.164005
-0.503199
-0.605926
0.117921
0.275300
0.450983
0.665637
0.131997
0.163262
0.066425
2.576961
-0.197835
0.405043
-0.226280
0.651855
-0.392757
-0.584747
0.113515
-0.038018
0.371733
0.678050
2.539809
0.431378
0.834343
-0.048387
0.060276
0.424469
-0.198129
0.420567
-0.186805
0.321612
-0.189922
0.106664
-0.482793
0.202646
0.266703
0.309850
0.822514
0.231080
-0.218920
0.318758
0.299480
0.339955
0.597568
0.160063
0.054816
-0.412304
-0.194425
-0.390329
0.357440
0.438630
-0.740094
-0.552563
-0.181618
0.096368
0.115730
0.158799
0.217715
-0.208825
0.247508
0.104474
-0.060050
-0.006784
0.722651
-0.457046
0.883670
0.665902
0.220516
-0.910345
0.325357
0.690887
0.645590
0.002732
0.376591
-0.400530
-0.199796
0.329518
0.434964
0.019632
0.058269
0.027477
0.267268
-0.558920
-0.723337
0.124486
-0.034642
-0.049793
0.064862
0.601904
0.735314
0.286887
-0.595176
0.559818
-0.228545
2.506356
-0.072976
0.337414
-0.491486
0.010582
0.422850
2.463223
0.388614
-0.157609
-0.570201
0.068664
0.293417
0.813442
-0.222999
-0.151247
0.364554
-0.082979
0.262422
0.359086
0.375064
-0.636421
0.325779
0.361130
-0.515210
0.466602
0.393214
0.760476
0.501592
-0.156564
-0.094025
0.271476
-0.036359
0.513362
-0.289896
0.005560
0.453194
0.649671
0.471877
0.589200
-0.170030
-0.099612
-0.629689
0.434902
0.717258
0.068317
0.227315
-0.332638
0.406209
0.184140
-0.401880
0.092152
0.320354
-0.214185
0.341755
0.061842
0.399060
-0.176389
-0.691359
0.399240
-0.191919
0.088637
-0.994051
0.370914
0.280548
0.380780
-0.579614
0.232312
0.393830
-0.272404
-0.231874
0.370169
-0.299803
0.215614
-0.490710
-0.122355
-0.210609
-0.110595
0.197277
0.519649
0.400736
-2.333886
0.245995
0.047683
-1.012842
0.007106
-0.301555
0.043597
-0.169302
-0.240838
-0.509187
-0.448597
0.084214
-0.001312
-0.914754
-0.273832
0.111185
1.665118
2.423709
-0.470369
-0.257397
0.221742
0.374725
0.188522
-0.302998
0.459593
-0.673489
0.075398
0.100432
-0.090311
0.568810
-0.763815
0.633728
0.612922
-0.200084
-0.487890
-0.236983
0.008566
0.399932
-0.197754
0.903107
-0.269957
-0.313643
-0.559072
-0.416438
-0.747227
0.086217
-0.083906
0.384818
-0.733586
-0.033005
0.413649
-0.362108
0.427715
0.216229
0.444879
0.480221
0.416715
-0.203953
-0.473886
-0.424618
0.224364
-0.221109
2.501495
2.549130
2.546811
0.370032
-0.002877
-0.363976
-0.113515
0.744954
-1.032990
-0.172787
-0.036792
-0.724339
0.594400
0.110528
0.468574
-0.400521
0.424664
-0.143666
0.358457
0.222795
0.022897
0.166601
0.022807
-0.838608
-0.026236
-0.033269
0.441151
0.465745
0.209499
0.327577
0.655803
0.145109
-1.021357
-0.721507
0.168155
0.058479
-0.251231
0.688924
0.322939
0.339962
-0.202070
-0.086552
-0.395583
0.123230
-0.526500
2.540666
0.415476
-0.255313
0.067462
-0.454294
0.329519
0.079028
0.421699
-0.191535
0.653137
0.344585
2.568501
0.184563
