-0.799890
8.230472
-0.452778
0.141897
-1.023234
1.701624
-6.141288
0.057628
3.455825
-2.594030
-1.270625
3.123413
-2.052460
-8.580624
2.384758
-0.168597
7.107026
-2.547843
2.502207
8.215185
7.656586
-1.241747
-1.135443
2.601173
-6.080864
-2.158799
7.153127
7.549981
7.114705
2.147172
2.856862
-2.226492
1.943784
-2.004750
-1.791625
-2.398423
6.081423
1.728565
2.259721
1.655698
-0.976583
7.706132
7.342751
0.491164
2.846152
-2.291350
7.532231
-2.016902
1.451367
-0.151015
-2.084402
0.657075
-7.670038
-1.460139
-0.953041
1.455920
7.162060
-1.209067
1.815775
-2.153149
4.375714
7.233732
-0.881872
-2.714965
-2.073640
-2.100386
6.882361
-0.165149
-0.769526
2.446854
-1.000756
9.714282
-2.532429
1.860300
-1.467004
7.083075
-8.068042
2.312744
2.025098
-2.694750
9.551751
2.053310
-0.724866
-1.107149
0.543832
-7.969741
7.228497
-1.756144
-0.918927
-0.988443
7.400643
-6.402614
9.089139
2.340811
8.026172
-2.169972
8.089527
6.784789
6.944228
3.056691
-1.831399
7.706132
-2.089942
2.329174
-1.833791
-7.624077
-1.079633
7.708672
-7.551097
-0.220829
5.914489
1.768192
-2.432966
6.198284
-2.221873
-0.866302
-2.792822
0.598419
2.617673
0.141897
7.481914
-2.576443
5.829847
-8.028654
7.223580
2.283857
0.927295
1.214577
-1.304544
15.686690
-8.019130
-1.739898
-0.129703
-0.989416
-0.156602
-2.582993
8.350404
3.614949
-0.684295
0.126973
7.628705
2.768605
-2.071810
-2.025098
1.425984
1.412141
8.029921
-2.514284
-2.067219
-1.911178
3.566425
0.229904
1.703348
9.424778
1.340892
7.895624
9.236556
5.942803
-8.026172
-0.849825
0.022723
7.874387
3.546484
-2.667741
5.991729
-2.739722
-2.053310
3.120319
7.989509
7.210481
-2.576443
-1.126377
6.858610
-1.825979
-2.183334
-2.506566
-1.331565
7.052191
2.245537
-8.103960
6.968915
1.331053
-2.129396
2.281706
-0.365747
3.009041
-0.334737
3.475538
-0.308053
-0.068076
-0.000000
-2.768605
-2.640579
9.498717
7.156591
-2.371119
0.553294
-1.924794
7.253931
-3.098142
3.543914
8.375816
8.290609
-1.905533
1.471128
3.809882
1.784857
7.259768
-0.824340
7.968858
2.582993
-1.810028
2.158799
7.022462
-2.827361
2.764683
2.042574
2.607884
7.008051
7.992621
-2.268187
-1.097890
8.188718
-1.408959
-1.899349
2.564400
6.809813
-2.652740
-6.118037
-1.048962
-0.272146
0.293589
2.601173
0.151015
-0.935770
7.097987
-1.854590
7.429149
-0.068076
-2.383965
-0.571337
2.601173
7.546936
-2.526930
2.135946
8.378777
0.394791
-1.972667
1.947287
0.126973
9.185035
-2.308611
7.853982
-2.698144
-0.588003
6.679627
1.283515
-0.293589
7.099823
7.317546
3.141593
2.324955
-2.370686
6.823605
2.252095
3.120762
0.439843
2.405335
2.493261
-1.978428
7.853982
2.024640
3.338988
-2.196281
-1.389147
0.040794
-1.065935
-0.521834
-1.205049
-8.079258
2.147172
-2.009656
2.745151
-7.815539
6.522928
-0.612538
2.125104
6.172528
9.727663
-0.728317
2.523837
-2.723368
2.727903
2.446854
0.041643
-0.536911
-0.931410
-0.074860
2.356194
-0.785398
-2.668237
-4.896332
2.951604
2.604682
-0.511231
0.343024
2.688254
9.468229
-2.536048
2.262718
8.116976
-8.001060
9.231156
0.045423
7.745711
0.041643
-1.924794
7.302327
6.972110
-7.743324
8.011750
8.307826
-2.591207
6.533164
9.546620
8.622988
-1.985303
-0.380506
15.764507
-2.794531
9.184607
-6.484948
0.353997
-8.019130
-1.380808
7.189207
7.678042
-2.444202
2.957649
3.417019
1.361156
-1.615212
2.312744
-8.077458
3.002497
-7.747997
7.098877
-0.536911
8.308701
8.226969
-8.162912
0.216550
7.398881
-1.487655
-2.324955
6.947960
-2.226492
1.267911
-0.753151
1.797595
0.412410
-0.870903
4.083593
1.142532
2.605157
-0.165149
-1.984486
9.305349
7.390334
-0.970746
6.865090
-0.581905
2.833540
-1.428899
2.530867
4.267970
-1.661456
3.187016
-0.445301
9.503049
-1.020410
0.900275
1.235158
0.429762
-1.234122
8.234488
-2.502207
-2.677945
-2.425051
8.229943
-8.080780
-0.220829
2.256526
2.222665
2.198105
6.957926
1.352127
2.980218
-1.455037
-1.004067
-1.862253
-0.988891
-7.767243
-0.314758
5.929188
2.103640
-2.488746
-5.974255
0.083141
2.111216
-2.179486
-3.101614
-0.697391
0.358771
6.999727
-0.659310
3.206718
-2.034444
2.498092
7.853982
2.262718
-2.854311
0.540420
-7.586071
2.833540
-2.612003
9.272129
2.649107
7.279677
-2.135946
-0.139096
1.993650
9.489903
2.698144
2.622447
0.066568
-2.632522
0.201762
6.583356
-2.313966
-0.038443
-1.365401
7.598799
2.642246
-2.043703
0.300171
2.097424
5.654389
-2.104505
-2.340811
2.484518
-1.072974
9.344948
1.478040
-1.373401
1.978428
6.854523
-1.612439
-1.570796
-1.835285
-0.361204
2.723368
-2.612003
3.218365
-2.050971
-2.558853
0.121842
2.239086
-2.727903
-0.328553
6.876935
-8.113313
-0.205395
-0.638914
1.616220
-0.463648
-7.895624
-0.799482
-2.153873
1.810028
7.182838
-2.553590
2.118359
2.707639
-2.952394
-1.784857
7.292818
0.086738
-6.153483
4.153790
-2.444202
-2.536048
7.648586
1.320818
2.659929
-1.846222
15.727961
3.024484
-0.000000
0.453339
7.214212
0.453844
-1.405648
0.463648
0.581380
3.883540
2.614965
-0.724866
7.349120
8.307320
-1.954966
-0.418224
3.306741
2.746802
0.755995
6.746833
-2.158799
9.464757
-0.681298
-0.958259
-0.966491
7.986533
7.252908
7.593379
3.926991
2.186416
-2.308611
-2.733961
-0.129703
2.706239
0.094952
-2.015216
0.293589
7.206170
-2.370686
-2.558853
8.335645
-0.073041
-8.083886
7.288832
1.504228
1.530818
7.986533
6.164695
-2.646041
-2.733961
9.243129
1.633215
6.918212
-0.079830
1.729452
1.548578
1.528269
-0.234723
8.061478
9.201301
-2.384758
-7.929311
2.473303
8.913547
7.179241
-0.307046
-1.365401
-2.079867
7.449090
0.935770
-0.734161
-0.183943
7.603539
-0.532844
-1.721812
-0.536911
-3.035608
15.462985
7.418628
-8.098960
7.189207
7.370535
-5.919206
2.313966
7.510958
-2.638749
-0.554307
1.359703
1.834760
-0.677708
3.449645
-1.306308
6.947960
2.638749
7.832708
7.652219
-2.087491
-7.978337
2.537287
9.044272
-2.775845
7.114705
9.424778
-2.473303
2.181522
-1.531601
2.199593
1.712693
-2.457298
2.589938
-2.731465
-2.506566
-2.733961
2.252095
1.014630
-0.684295
9.126279
2.420621
2.677945
-0.699893
0.161375
-0.950547
2.340811
7.985297
-0.000000
7.587730
-0.175940
-0.745419
6.325713
1.160669
-2.239086
3.342910
-2.886410
-7.622891
-0.533708
2.326791
7.935434
-1.126377
15.855813
6.364637
-0.505290
-1.337053
2.454468
-0.604306
7.254806
-0.353997
1.136843
1.934775
-2.285888
-8.349533
-2.460294
-0.572460
0.233743
2.312744
7.147783
2.857799
7.179241
0.372988
6.007759
7.293295
-1.275355
1.679067
-1.862253
-0.536911
9.528570
-1.934775
7.682603
-7.812339
7.421574
9.124607
7.754313
-2.604682
-0.502843
-2.170847
-1.390943
-2.765102
2.996780
-7.853982
2.356194
1.801887
-0.473851
8.356825
8.068042
2.666582
-1.921111
2.857799
6.812775
0.185348
-2.501823
-0.000000
3.026716
-1.837048
2.787595
2.582993
