-1.030377
0.455101
-2.034444
1.712693
0.136403
-1.944523
-2.640579
-1.173168
-0.081452
-0.604306
1.668523
2.101570
1.023234
3.033322
0.540420
-2.475623
2.311448
-3.121987
2.653756
2.341270
2.976444
1.489344
-1.422947
2.356194
0.988057
-2.906048
0.927295
0.678119
-1.516305
-2.940276
-2.070143
-2.727086
0.771315
-0.883672
2.386488
-1.107149
-0.687124
1.993650
-0.119429
-1.825979
-0.710909
-0.873406
0.244979
1.115696
-2.406153
-1.549523
3.043866
1.446441
-1.589662
2.231839
-0.231091
0.347062
2.587285
0.882651
0.000000
-1.446441
1.255582
-1.287002
1.230414
-2.761086
2.630362
-0.813169
2.111216
2.754069
1.570796
-0.732815
3.121987
1.655698
-2.509902
-0.957026
0.785398
-0.880996
-0.715092
1.037088
-2.043703
0.576375
3.026716
-2.153149
2.121182
-2.808348
-1.446441
2.164146
-2.292988
1.494024
0.599175
0.035699
1.849096
0.708626
-3.028865
0.197396
1.434394
0.876058
-0.896055
-1.634540
2.097424
-0.647047
2.594030
-2.026247
1.707199
2.601173
2.230106
1.611590
-1.904741
-2.806856
-0.396441
-0.278300
0.785398
-0.019605
3.141593
-2.508844
2.537287
0.859887
-2.025516
0.982794
-2.570255
2.218188
2.239839
-1.551568
1.495467
0.988057
-2.034444
-1.592070
-2.749893
-1.570796
0.724866
-1.261866
0.059928
-2.385598
1.443824
-2.713329
-2.297439
-2.632522
-1.216799
-3.105245
-2.880990
0.273009
1.179096
-0.189988
-2.111216
0.815692
-1.116494
-0.958259
-2.434978
1.033886
0.350314
0.343024
0.816638
0.582353
-0.327739
-0.647392
-0.927295
2.860360
-3.039904
0.605545
0.593750
-0.651869
-1.061725
2.111216
0.133811
-2.181522
-1.810967
-2.218188
-0.255182
-2.411693
0.151015
-1.729452
3.082837
-0.543832
2.210182
2.270689
1.369034
1.899349
0.798731
1.570796
0.935770
3.066264
2.548243
-1.570796
0.729900
2.775845
1.791625
-2.743965
-2.068619
-0.193622
-3.030935
-1.335251
-0.526627
2.399645
1.304544
1.462135
-0.868539
-0.671606
2.785373
1.200890
1.709892
-0.418224
-1.886412
0.463648
-2.104505
2.444202
-0.376909
1.772113
1.279340
-0.197396
0.963809
1.484058
1.334551
1.697769
-2.179960
1.168475
2.925042
-1.951303
-2.315122
-0.209640
1.905533
1.973117
-1.220482
2.263131
-0.622671
-1.825164
0.799890
-0.643501
2.651635
-0.859887
3.022164
-1.051650
0.671144
-1.154732
-2.518922
-1.116077
2.295662
-2.622447
0.870903
-0.144812
3.064821
-1.530818
0.094952
-0.689800
-2.025098
-2.135946
1.570796
-1.676781
2.131483
-0.283794
0.334737
1.906435
2.416727
-2.997151
1.037088
2.225367
2.927532
1.115696
-1.014630
-2.863293
0.551655
-0.893088
2.860360
3.141593
0.965252
-0.315215
-0.864182
2.226492
2.610819
-1.509648
3.099065
0.235545
-2.910502
-2.248505
-0.043451
-2.642246
1.139658
-0.269849
-2.475623
2.289626
-0.868539
-1.869295
-1.810539
-0.902507
1.448954
1.679067
1.027319
1.692639
-1.356736
2.542417
-0.347062
2.400941
-2.016097
1.630724
0.340382
2.937575
0.625485
2.896614
1.759995
0.977446
-1.772113
-0.639386
-0.671606
-1.158386
-0.201317
-0.124355
-0.605545
1.396124
2.111216
0.000000
0.482513
-2.356194
-2.746802
2.947971
1.768192
-1.672485
0.570040
-2.325901
-2.107707
2.383965
0.915101
2.034444
2.164146
0.550386
-1.532354
-1.311465
0.000000
-2.426501
1.757283
-1.605265
1.359703
-2.501823
1.986861
-0.249252
-3.123076
1.810539
1.707199
1.570796
-1.125495
1.212026
1.453688
0.982794
0.335639
-1.659452
1.687905
1.242676
-1.646125
-1.005647
2.753274
0.079830
-1.712693
-1.446441
0.945311
-2.525973
-2.153149
0.902507
3.141593
-1.415201
2.457298
-1.512041
1.277207
-0.124355
-1.947706
-2.125104
0.168597
-2.007423
1.186627
-1.229181
-0.977794
0.724866
-0.443448
2.487022
2.370686
2.330559
-1.097440
0.540420
3.033322
-1.707199
1.033886
-0.124355
-2.408778
0.953041
-2.469986
-0.971621
0.540420
0.404892
-2.976444
-1.249046
1.606495
-1.570796
2.385598
-1.739003
-1.728565
-3.119374
2.669096
1.898535
0.902507
-2.073640
-2.604308
-0.212432
-2.604682
-0.851966
2.299114
0.755995
-0.799482
-0.582353
-1.549966
1.676781
-1.087349
0.268366
-1.037088
-0.358771
2.825977
1.098299
-3.034857
-2.819842
1.866237
-1.820775
2.970214
1.570796
1.611590
1.487655
0.273009
1.116952
0.558599
0.399515
-2.103640
-2.233526
2.454468
2.025098
1.436985
2.356194
1.283515
-0.061148
1.377585
-0.811708
2.982937
3.058451
-0.999459
1.592532
-1.970312
0.915101
2.965653
-2.221873
-0.772066
0.966491
-0.244979
0.668289
2.979755
0.083141
-2.639502
-1.672485
-1.474937
-2.768605
-0.353997
-1.929567
2.607884
2.221873
0.404892
-2.719588
3.012682
-0.604306
-1.037088
0.982794
-2.369892
-1.348135
1.759995
0.220829
-0.681298
-0.726642
-2.661418
-2.398423
-2.659929
-2.570255
-0.565149
2.077895
1.750650
2.601173
-2.395136
2.268187
2.801211
0.582353
-0.842479
0.435353
1.635921
1.385448
-2.627141
0.388319
1.526381
-2.882261
1.913820
-1.692639
0.019997
-1.373401
-2.636302
-0.886502
-2.042918
1.037088
0.293589
2.034444
2.315122
2.832662
-0.119429
1.655698
1.295370
-2.677945
-0.702257
-1.236059
-1.530003
-2.313966
-1.796073
2.979755
1.223735
-2.111216
2.669471
0.113151
-2.025516
1.089133
1.214577
-1.551931
1.550799
-1.709892
-2.803269
-0.124355
1.190290
-2.979755
2.227871
1.787347
1.668523
0.953041
2.805954
1.898916
-2.806856
2.627141
0.746457
0.571337
0.117109
0.671606
0.454719
-2.542417
0.453339
3.101614
1.394857
-2.422763
-1.316428
0.000000
1.768192
-0.651869
2.016902
-1.820775
-0.455101
2.225367
2.505754
-0.844154
3.005190
-2.076087
2.386488
2.262718
-2.210566
0.291457
2.147172
-0.361204
2.502207
0.702257
-0.622671
-1.793457
0.022219
1.936544
0.536911
-1.983207
0.740652
-1.825164
-0.373727
-0.866302
-3.047531
0.321751
-1.980924
-2.025516
-0.365747
-0.878462
3.035608
1.037952
-3.099065
-1.911178
-2.784973
-2.158799
0.037718
0.281772
-0.348771
0.906022
-1.647568
-2.206635
-2.868584
-2.696292
2.489724
-1.354246
2.135946
-0.530773
-0.785398
-0.831519
-3.122364
0.181649
2.785373
-1.628425
-0.939106
-2.537287
2.537287
-2.076087
2.511191
-0.258252
2.175102
-0.743170
0.571337
-1.670465
2.887225
-0.097727
-1.261093
1.867861
-0.189988
-2.042574
-0.491164
-1.592070
2.677945
-1.570796
-2.997151
-0.367174
2.073640
-0.165149
1.739393
0.729900
1.495467
-2.601173
1.026516
2.408778
2.601173
2.731465
-2.273053
2.285888
-0.908067
2.129396
0.483447
-1.267911
0.214061
-1.951303
-0.901753
-2.302193
-1.097440
-3.061763
2.221873
1.097890
-0.639770
-0.222661
0.063743
0.218669
1.932000
2.043293
-0.255182
-0.720971
-2.505754
1.674589
1.325818
1.072974
-1.150600
-1.135443
3.026716
1.874797
-1.380808
2.703801
2.248916
-1.485895
-2.833540
0.380506
-1.356736
1.255582
3.141593
0.019228
-1.183273
0.369906
2.564400
-2.060754
-2.772897
0.372988
2.356194
2.970214
0.544280
-1.951303
2.460294
0.000000
2.061960
-1.193887
-0.873406
1.723446
2.777614
-0.511231
-0.168207
0.529590
