-0.183751
0.267733
-0.463185
0.774662
-2.077637
0.855999
-0.597873
1.678672
1.046451
-0.249790
-1.607117
-1.842113
-0.274900
-0.045063
-0.277780
-0.470634
-0.310307
-0.720951
-1.995112
-0.043939
0.330410
-0.610938
-0.481656
0.129726
-2.043484
-0.822488
2.280044
-0.575599
1.248161
-2.023618
-0.047979
-0.540446
1.297397
-0.630976
0.126055
2.050060
-0.733398
-0.199283
0.531275
1.752899
0.383110
1.710065
-0.115685
-0.711997
1.227322
-0.478300
-0.096506
-0.074046
-0.152553
-3.248952
1.788833
-0.372988
-0.316102
-0.822459
0.471124
-0.189042
-0.276359
-1.817142
-0.680251
0.294222
-0.340501
1.634570
1.454549
-0.590219
1.250983
0.187456
-2.035860
-0.590784
-0.626981
-1.903411
-1.085293
-0.259449
-0.807630
-0.544934
0.201789
0.404438
1.768808
-0.415801
1.549600
-1.906426
1.026281
1.279006
-0.146093
-0.320500
-0.361179
-0.378294
0.374708
-0.126488
0.473495
-1.457729
-0.812462
-0.183529
-1.785881
-2.406055
-0.520465
1.745480
1.153387
1.377217
-0.481762
1.110982
-1.957616
-0.440498
-0.594055
0.420665
1.549070
-0.344430
1.480321
0.464655
0.526158
-0.353233
1.735999
0.467056
0.413502
2.411463
1.131452
0.484575
0.266161
1.070360
-0.727101
0.323148
-0.219221
-0.554415
0.851365
-0.054433
0.048284
-1.897717
1.504060
0.373109
-2.031925
-0.503495
0.333578
-0.122643
-1.956734
1.788331
1.689713
0.189233
-0.100759
1.371355
1.706184
-0.275942
-2.090692
-0.445814
-0.263587
-0.623929
-0.504157
0.163442
-1.157392
0.602567
-0.090866
0.015948
-1.770775
-0.706486
0.032499
-0.051085
0.184679
-0.096740
0.475575
-0.194882
1.736892
-0.619878
-0.009230
-0.280455
0.497308
-0.218196
-2.057534
0.625707
1.002906
2.060987
-0.444157
1.576140
-0.023437
-0.469586
-2.186629
-0.436279
1.878268
-0.430707
-1.812919
-0.026464
-0.222179
-1.974328
-0.265086
-0.471712
-0.108833
1.700365
-0.128269
0.832066
1.116357
2.101435
0.616442
-0.777053
1.516859
1.616873
-0.665320
0.629346
-0.458837
0.216209
1.646709
-1.698448
-0.514114
-0.222986
0.963325
1.675812
0.407796
1.207463
-0.341414
1.548955
-0.228013
1.783682
0.429569
-0.286124
-0.082341
-0.061666
-0.172773
-0.710612
-0.417260
-0.442748
0.091317
-1.850485
-0.295420
2.024448
-0.483567
1.542779
0.449861
-0.364138
1.262855
-0.407706
1.758867
1.259376
-0.587842
-0.232005
1.393989
-0.240495
-0.791758
1.716712
1.610371
0.342818
-0.336525
0.468290
-0.272441
-1.516953
1.495622
-0.277742
1.682076
-0.613012
1.563849
-0.549475
1.839554
-0.300458
0.110775
0.377043
-0.263361
0.519971
-0.685399
-0.571728
0.867521
-0.580018
-0.014471
-0.009656
-0.023704
1.843547
-0.039257
-0.552890
1.642181
-0.683248
-0.198961
-1.790264
-0.708483
1.769076
0.996777
-0.783325
-0.578360
0.770903
-0.730119
1.611860
0.764507
0.382764
0.434578
-0.239174
-0.768481
-0.517031
-0.608376
1.282461
1.188896
-0.610890
-1.479676
-0.719606
-0.176299
-0.124043
0.530774
-0.363962
-0.145550
1.613149
0.037037
0.442574
-1.546859
-0.536210
-0.187441
-0.268591
-0.350248
-0.068513
-1.835632
-0.266203
-0.501411
-0.585478
1.566402
0.264904
1.177343
-0.219731
1.436077
-0.783951
0.511270
-0.630786
0.403075
1.528572
0.087354
1.286185
1.704861
0.008429
-1.813676
-0.488297
-0.957881
-0.077249
0.591964
0.161285
0.355998
-0.115899
-0.278757
0.293424
-1.969180
0.301716
1.252776
-0.070148
1.618926
-0.604450
-1.705364
-0.614609
0.016733
-1.975560
-0.590414
-0.284130
1.280538
0.921041
0.237635
1.106473
-0.123528
1.461612
1.982580
0.383903
0.478652
0.478064
-1.579059
-0.093449
-1.951417
-0.652596
0.374796
-1.909855
1.589641
-0.380070
-0.440369
0.053527
1.220367
1.358870
-1.796132
-0.658035
-0.345500
-0.745050
-0.155840
0.450385
-0.353729
1.548100
-1.595961
-0.529063
-1.856382
-1.497974
-0.535947
-0.592069
-0.402915
-0.507219
-1.926305
-0.117860
-2.008932
-0.573191
-0.200386
0.543918
2.757700
0.836765
-0.166193
-0.490872
-0.465225
-0.239196
1.290151
-0.213032
-0.389092
2.806677
1.048881
1.879441
1.620709
-0.435611
-0.515486
0.404869
-0.077992
-0.400895
1.531247
2.727110
0.254349
-0.288831
1.400775
0.432144
0.613063
-0.407875
-0.663387
-1.980818
-0.046404
0.261843
-2.022574
1.454103
0.572848
-0.154143
-0.475078
-2.114951
-2.056882
-0.436495
-0.405667
-0.533224
-0.469300
1.533550
-0.345483
-0.660820
1.598794
0.015994
0.376237
0.132788
-0.479242
-1.934873
-0.089178
0.324792
-0.472011
0.359549
0.314752
-1.454978
1.934134
0.335388
-0.406022
-0.651827
2.929976
0.166151
1.520631
1.304403
-0.302809
-0.312207
0.136806
0.816248
-0.193386
0.817765
-1.870169
1.584252
-0.333290
-0.030966
-0.587083
-0.950609
2.056402
-2.810109
-0.911802
-0.719729
0.109725
-1.001758
-1.449024
-1.677261
-0.578900
-0.151842
-1.555254
-2.235936
1.244562
-0.708640
0.035541
0.266682
0.500974
0.399388
-0.190247
-0.973127
0.023369
-0.506379
-1.813102
-0.091740
-0.782727
-0.344723
-0.227166
-1.540853
-0.281642
-2.123002
-1.971010
-0.242620
0.637559
-1.564127
-1.197731
-0.458198
1.431101
0.467056
0.804980
-0.241461
0.537526
-0.307948
-2.179663
-0.938692
1.878932
-0.447903
0.266153
-1.654847
-0.608075
1.756627
0.502187
0.759965
-0.690773
0.821279
-0.680696
-1.911815
1.468637
0.316233
-1.006948
-0.438952
0.577721
-0.518796
1.594554
-0.713679
-0.731812
0.734944
0.479183
-0.600194
1.101487
0.569582
-0.039718
1.184089
-0.304612
-0.481246
-0.341255
-1.997276
1.589748
0.105557
-1.097909
-0.270481
-0.451182
1.560723
1.257547
0.794229
-1.033619
0.786708
-0.253419
1.154341
-0.031296
-1.524023
-0.066286
-0.456607
0.302907
1.813540
-0.159563
-0.435486
-1.663832
-0.377397
0.244921
0.212756
-0.674642
-1.006019
-0.129722
-0.131790
0.140739
-0.212416
0.476048
1.565104
-2.018784
-0.425694
-0.157101
0.537209
-0.467388
0.513137
-0.570208
-0.145689
1.351510
1.510462
0.714688
1.618146
-0.190367
-0.269724
-0.518080
-0.053363
-1.463454
-0.533612
2.084676
-1.590439
-0.088595
-0.298505
-0.540217
-0.301258
1.401243
1.126982
-0.183224
1.496387
-0.597712
1.711088
-0.432476
0.653629
-1.246273
-0.388817
1.468966
0.522976
-1.910631
0.265583
-1.524685
1.631028
-1.979678
-0.262246
0.465613
0.260019
1.602339
2.058856
0.837994
0.760278
-0.263887
0.489008
-0.343200
0.778409
-0.474929
0.531526
1.881964
-0.797557
-1.901438
-0.662129
0.275595
1.554781
1.575817
-0.755270
-2.285891
0.566824
0.474571
1.197054
-0.228335
1.490464
-1.860677
2.866287
-1.816224
-0.143294
-2.013935
-1.617743
-1.860782
-0.223860
0.926051
-0.807555
-0.040663
1.586421
-2.002967
-2.146742
1.426986
0.207128
0.480871
0.499143
0.664173
-0.396858
-0.294030
-0.425241
0.285995
2.819621
-0.750352
3.534996
-0.083704
1.453911
1.593561
-0.204153
1.305927
-0.377561
-0.013468
-0.313892
-0.095942
0.747754
-0.237312
0.285077
-0.654933
0.558824
-0.220169
3.051058
1.615959
-1.015927
-0.117773
1.824573
0.479051
-0.151458
1.408952
0.417847
-0.208775
-0.329183
-0.595079
-0.867702
