3.101614
-1.815775
-2.521343
0.119429
1.490966
0.510488
-0.674741
1.216091
0.345556
0.763180
-1.913820
-0.367174
-1.934775
-0.635027
1.605265
2.736701
-2.483704
2.510513
3.075024
-1.494024
-0.813962
3.017238
1.610775
2.207305
-1.414194
0.197396
1.275355
-1.703348
2.414950
-0.244979
-2.887919
-1.929567
1.262744
0.785398
0.308053
2.709185
0.345556
3.141593
-0.665969
1.012197
-0.321751
2.199593
-0.283794
-0.083141
2.158799
2.878598
-2.736701
-1.975688
-1.310194
-1.325818
-0.901157
-1.653938
-1.539556
1.051650
-2.950408
-2.455863
-1.347320
-1.227772
-1.673878
0.038443
-2.563691
1.123276
-0.732815
0.756835
-1.387686
2.525296
-2.104505
2.297439
-2.425849
-1.325818
-2.809533
-0.510488
-0.218669
2.356194
0.480887
2.563691
0.756835
0.304511
0.380506
2.622447
-1.570796
-3.099950
-0.429762
-1.768192
-0.211093
0.076772
0.588003
2.437099
-2.220667
-1.343997
-2.034444
1.892547
-2.601173
1.141034
1.083897
0.354706
-0.519146
1.172274
-1.797595
-1.706324
2.594804
0.566729
2.356194
1.496857
0.785398
2.593043
-0.339293
-2.857799
-1.527345
1.673878
0.906750
-2.720173
-1.373401
1.570796
-0.972377
-0.533708
-0.038443
1.418147
1.446441
-0.223477
1.869295
2.982937
2.662073
-1.337053
2.442933
-1.538549
-0.600050
-1.831399
1.310194
-2.846152
3.141593
-0.038443
0.507099
-0.708626
0.038443
-2.437099
-2.356194
-2.613518
1.690225
-2.051684
-2.517570
-2.853537
2.158799
-2.512796
2.178598
-2.297439
-1.089909
1.016489
-2.806856
-0.862170
2.323948
-1.203622
0.496423
2.709185
-0.628796
-2.403778
-0.732815
1.833791
2.697173
2.356194
1.712693
1.183921
-0.628796
-1.759018
-2.543174
0.083141
2.432966
-0.336675
-0.434670
-1.610775
1.487655
2.401618
-0.917950
2.741352
-1.913820
-0.273009
0.482513
0.847817
0.566729
-1.651700
1.405648
1.355439
-1.042722
-0.726642
2.158799
-0.643501
-1.382575
1.774814
1.418147
-2.270689
-1.607816
-0.819867
-0.680521
-1.160669
3.141593
-2.356194
0.813962
-2.736701
0.047583
-2.804918
-0.597177
2.677945
3.011890
-1.282741
-2.137526
1.138389
2.019520
0.321751
-1.494024
-1.866237
0.600050
-0.463648
1.074374
0.345556
-2.286540
1.781890
-2.147172
-1.839964
-0.372988
0.032247
-1.570796
0.447520
-2.904744
-3.017238
-1.121037
-2.207305
3.141593
1.537475
-0.885067
0.758378
-2.122451
-1.570796
1.892547
-0.919720
2.880990
-2.178598
0.308053
-1.216091
-2.140110
0.226799
-2.525296
0.273009
-0.862170
-1.892547
-2.695487
-2.356194
-1.880499
0.851966
-0.037020
2.833540
1.337053
2.969402
0.043451
-0.094952
-0.370891
2.148698
-2.976444
-2.158799
-2.831890
-1.471128
-2.819842
-2.488746
0.334737
1.022247
-2.158799
1.700499
-2.000559
-1.862253
2.403778
0.223477
1.975688
-2.073640
-0.083141
-2.334921
-0.404892
2.853537
-1.781890
0.037020
1.965587
-0.463648
-2.279423
3.105894
1.333948
1.287002
3.070285
-0.674741
-0.380506
2.077895
-3.026716
0.273009
-0.152649
0.718830
-0.942000
0.496423
0.722979
0.876058
-1.929567
2.205823
1.123276
-2.306236
1.609239
1.428899
-1.650626
2.399645
-0.750929
0.463648
0.039979
-1.428899
0.135528
-2.830594
-1.423718
-2.840672
0.566729
3.141593
-0.528074
-2.533791
-2.976444
-1.165905
-1.292497
-3.030935
0.448723
1.225241
-0.288055
-1.871717
3.141593
0.699893
-2.843094
1.869295
-2.927532
1.533776
1.197809
2.601173
-0.643501
0.321751
-3.079174
-3.070285
1.287002
1.975688
2.761086
1.227772
2.403778
1.046001
-0.477345
0.755104
-0.785398
-1.753907
-0.090660
0.546789
3.104573
-2.173084
-1.536327
-1.800028
-0.982794
0.129703
1.007480
-0.909753
2.704965
1.759018
-2.356194
-1.849096
-0.336675
1.706324
-2.622447
-2.148698
-1.373401
1.363300
-1.532354
0.463648
-0.721655
-1.464061
0.073939
-2.792822
-2.437099
0.858439
1.012197
-0.038443
-2.356194
-2.003204
0.043451
-1.907471
2.477546
0.785398
-0.444419
3.141593
3.141593
-1.225241
1.206817
2.034444
1.756144
-2.645170
0.524796
-1.735945
-2.988943
2.422763
-2.265535
2.297439
2.790148
3.103150
2.872425
-0.761013
2.408778
2.638749
2.384758
2.517570
0.147078
0.447520
2.270689
-0.840897
-0.835357
2.886410
-2.695487
0.519146
1.347320
0.214061
-2.779048
0.540420
2.167973
2.081285
-1.088283
0.680521
-0.651077
-2.111216
0.432408
1.301629
-2.414950
1.212026
-2.070143
0.165149
2.356194
-0.414507
-2.982937
2.601173
2.414950
2.843094
0.099669
0.000000
0.715744
-0.205395
1.843805
-1.951303
2.530867
1.527345
-0.610726
-2.207305
-1.325818
1.570796
1.428899
-2.774419
-2.471954
-1.806341
2.677945
-1.997424
0.137066
0.625485
1.124691
1.288241
-1.781890
-1.959115
-0.079830
-0.158655
0.103082
-0.862170
-0.840897
-0.551655
0.643501
-0.444419
2.094075
0.298499
-2.077895
-2.147172
-0.404892
-2.356194
-2.819842
0.858439
2.944197
-0.668289
2.095592
-2.506566
-2.714965
2.167973
-0.651077
1.881795
-0.807617
2.607884
-0.129703
1.287002
0.635027
-2.736701
-0.334737
-2.819842
2.976444
0.651077
-2.308611
-2.425849
-1.695151
-0.414507
-2.850136
2.906048
1.078987
-0.708626
-1.997424
-2.857799
-1.971037
-2.727086
-0.519146
-0.605545
-0.636508
1.527345
-2.878598
2.169215
0.295441
1.653938
-2.838708
2.034444
2.697173
-2.297439
3.099950
-2.214297
-0.158655
-0.876058
-0.463648
-0.504166
2.506566
-2.117585
-1.533776
0.269167
-2.731465
2.265535
-2.265535
-3.058451
1.182478
0.266252
2.504044
1.647568
-0.551655
2.896614
-1.934775
-2.178598
-1.892547
-1.343997
-1.609239
0.463648
1.275355
2.095592
1.993650
2.695487
-3.054854
2.034444
-2.411693
-1.418147
-0.197396
-2.187093
0.600050
1.527345
0.408908
2.631104
0.945311
-0.358771
-0.510488
-0.524796
1.858852
2.498092
-2.178598
-0.785398
-1.012197
2.356194
-0.035699
-2.896614
-0.956133
1.753907
-1.107149
-1.147942
-1.051650
-0.197396
0.308053
-0.283794
2.806856
2.723368
0.812419
-2.594804
-2.819842
2.808348
-0.732815
-2.273053
-1.122073
-0.885067
-1.815775
2.777614
2.483704
2.896614
1.428899
-2.884269
0.179853
-2.880990
1.128422
-1.647568
0.920926
-2.048142
-2.792822
2.275290
0.855053
-2.565217
-1.647568
0.927295
-0.446106
-0.496423
1.279340
2.753274
-2.761086
0.688924
1.279340
-1.067953
2.516108
-0.680521
-1.951303
-1.943784
-0.927295
-1.418147
1.494024
0.141897
1.123276
3.141593
-2.178598
1.570796
2.642246
-2.126290
2.677945
2.170847
0.919720
2.383215
2.452668
-2.961739
-0.737815
0.189988
-1.642104
1.843805
1.784857
0.694738
2.329174
0.447520
1.650626
-0.844154
-1.107149
-2.607884
-2.746802
1.833791
-2.466852
-0.972377
-1.843805
0.901157
2.731465
1.225241
-0.579074
-2.308611
-1.382575
1.067953
-2.857799
-0.262995
-0.753151
2.498092
2.383215
-0.170735
-1.460139
2.158799
1.570796
2.627141
-2.466852
0.463648
0.610726
1.190290
0.563316
1.004067
1.107149
-2.451146
-1.951303
-1.647568
0.114877
2.645170
0.000000
0.610726
-1.373401
1.980924
-2.512796
2.383215
-2.994514
2.663240
0.837981
0.554307
2.792822
-1.538549
