0.815692
-1.480136
0.519146
-0.540420
-1.152572
-0.439843
2.677945
1.325818
-1.249046
-1.937970
-0.588003
-1.518213
-2.231839
0.708626
0.588003
-2.137526
-2.634494
1.284745
-1.107149
-1.695151
0.278300
-1.428899
-3.030935
1.222025
-1.620755
2.279423
-2.279423
1.107149
-0.110657
-1.983207
2.111216
-0.566729
3.141593
-3.094010
-1.279340
-2.265535
1.675673
-2.432966
-3.058451
-2.782822
2.863293
-1.989021
3.141593
1.152572
-1.107149
-1.929567
1.292497
0.291457
-1.735945
0.927295
0.674741
-0.885067
3.054854
2.446854
1.695151
1.337053
-2.245537
-3.030935
1.428899
-2.137526
2.788602
-0.507099
2.191046
-0.655696
3.141593
0.694738
-0.244979
-0.358771
2.432966
2.191046
-1.051650
1.570796
1.712693
3.096169
1.158386
-0.463648
2.231839
-0.694738
-2.601173
0.685730
1.325818
-0.394791
2.953371
-0.737815
0.172191
3.141593
0.255182
2.677945
2.677945
-2.034444
3.026716
0.367174
-1.019141
1.418147
1.750650
-0.334737
-0.785398
2.089942
2.158799
0.540420
-1.304544
0.982794
-2.356194
0.278300
2.129396
1.637364
2.838708
3.041924
-2.010639
1.756144
-0.197396
-0.588003
-0.062419
1.983207
-0.927295
2.408778
-1.460139
0.348771
0.737815
1.190290
0.141897
0.463648
1.623379
-1.681454
-2.129396
-2.961739
-0.165149
3.141593
1.520838
-1.373401
0.558599
1.107149
2.613518
-1.989021
0.785398
1.144169
-1.405648
3.141593
2.098871
2.709185
3.141593
1.523213
-2.214297
-1.217806
-1.612439
0.499347
0.141897
2.677945
1.712693
2.236766
1.352127
-2.181522
-0.152649
1.637364
1.405648
-1.570796
3.082837
2.657115
2.896614
-0.380506
1.012197
-1.536327
-0.444419
-2.245537
-2.521343
1.144169
-2.530867
1.768192
-2.393215
2.657115
-2.927532
2.181522
-0.291457
-0.927295
-0.321751
-2.982937
-1.222025
-2.265535
0.965252
1.997424
-0.694738
1.570796
-2.594804
-3.030935
2.356194
-2.914794
1.570796
1.892547
-2.034444
2.356194
-0.674741
0.336675
-1.352127
-0.558599
2.944197
-0.999459
-1.190290
1.499489
-3.030935
-1.212026
0.321751
-1.983207
0.165149
-0.291457
1.661456
-0.540420
1.623379
-1.515298
2.089942
-1.831399
-0.674741
2.102520
1.325818
-0.463648
2.455863
2.723368
0.370891
-2.761086
-2.007423
-2.122451
-3.064821
3.141593
1.107149
2.265535
-1.304544
1.292497
-1.681454
2.677945
2.553590
-3.094010
-0.321751
0.000000
-2.010639
-2.064738
1.873681
-0.244979
2.158799
2.432966
-2.191046
-1.494024
-0.444419
0.785398
2.984991
0.000000
-0.321751
-0.047583
1.768192
1.989021
0.432408
-1.695151
2.142134
1.337053
2.083186
3.141593
-2.802300
2.173084
-0.862170
2.677945
-1.446441
1.512041
-2.053310
-0.463648
-0.927295
-0.785398
0.551655
-0.244979
0.785398
2.553590
1.051650
0.000000
0.605545
2.427502
0.099669
1.523213
-1.570796
-2.695487
0.982794
1.460139
2.158799
2.265535
-2.226492
0.380506
-0.076772
1.929567
1.480136
1.504228
-1.460139
-1.190290
-0.851966
2.622447
1.012197
-2.886410
-2.007423
0.124355
0.558599
-2.003204
-2.245537
2.589938
-1.518213
2.356194
-3.096169
-2.961739
1.272297
-1.869295
-1.071450
0.876058
0.982794
-0.714091
0.896055
1.304544
1.480136
-1.249046
-1.063698
-0.927295
-2.289626
-2.922924
2.356194
-1.152572
-2.863293
3.141593
-1.149377
-2.729182
-2.746802
0.950547
0.968509
-2.582993
2.475623
-1.325818
-2.782822
1.989021
1.234122
-0.099669
-1.428899
-2.356194
1.801887
-1.451367
-2.761086
2.214297
0.071307
-2.553590
-0.141897
-2.199593
2.999696
-1.051650
-2.289626
2.158799
0.563316
1.212026
-1.637364
0.785398
2.750986
-2.356194
-0.519146
2.956245
-1.735945
-0.785398
0.165149
0.000000
-0.643501
3.141593
-1.249046
2.761086
-1.165905
-2.013171
-1.983207
-1.778293
2.819842
0.588003
2.855541
-1.199905
1.815775
-0.270947
-1.304544
-0.896055
-2.414950
-1.570796
2.835714
0.380506
2.083186
1.158386
1.892547
0.837981
1.975688
-0.197396
-0.605545
-2.922924
-2.850136
-0.588003
-2.169215
-2.185459
1.405648
1.107149
2.918116
-1.165905
0.896055
0.000000
0.486899
-1.789465
2.819842
-2.480549
1.873681
0.950547
1.134169
2.158799
2.774419
-1.570796
1.975688
-2.439336
-1.665748
1.190290
-2.961739
1.919567
2.729182
2.999696
-1.107149
1.735945
-0.996491
0.625485
1.661456
-1.405648
0.394791
-2.896614
2.886410
-1.941688
1.570796
-1.325818
-2.396173
0.982794
1.892547
-2.356194
-0.380506
2.723368
-2.704965
1.570796
1.515298
3.141593
1.681454
1.373401
-0.266252
2.601173
-0.825377
-1.657535
-0.896055
-2.356194
-1.789465
1.231504
1.471128
-2.129396
0.090660
-1.282741
-2.896614
0.439843
-2.289626
1.869295
-2.356194
0.909753
-1.304544
-1.063698
-1.460139
-0.732815
-0.110657
-1.910089
-2.396173
-0.174672
3.064821
-1.951303
2.709185
-2.736701
-1.051650
2.863293
0.785398
0.489957
-2.289626
0.896055
-2.408778
-2.695487
-2.651635
2.003204
-1.405648
1.471128
0.643501
0.551655
0.862170
1.570796
-1.508378
-1.735945
2.158799
1.892547
-2.034444
-0.489957
2.999696
-2.736701
1.165905
-2.064738
-1.363300
0.851966
1.670465
0.927295
0.643501
-2.199593
-1.460139
-0.876058
-2.704965
-2.709185
3.058451
2.629203
0.076772
0.876058
0.000000
2.910502
0.950547
2.761086
2.601173
-1.272297
-0.950547
3.141593
-2.356194
-2.884269
3.075024
-2.098871
-2.999696
-2.466852
-2.896614
-1.512041
1.471128
-1.107149
0.090660
1.292497
-2.622447
1.165905
-1.633215
0.558599
-3.041924
1.217806
0.090660
0.950547
1.083897
0.000000
1.012197
1.989021
1.037088
0.083141
-2.383215
2.736701
0.674741
-2.158799
0.390607
-2.782822
0.982794
1.633215
0.390607
1.768192
-0.179853
-2.158799
2.850136
2.574863
-0.266252
2.158799
1.325818
-0.439843
-1.390943
-2.498092
-1.199905
-2.466852
1.937970
0.090660
2.323948
-1.325818
1.012197
-0.785398
-1.570796
2.553590
1.997424
-0.278300
-1.937970
2.289626
-2.782822
0.000000
2.819842
-1.951303
0.436627
-1.727398
0.785398
-2.553590
-1.190290
-3.079174
1.533776
-2.191046
-2.356194
-2.020556
-2.485897
0.968509
1.797595
0.404892
1.626295
-0.785398
-0.223477
0.519146
-1.570796
0.197396
-0.588003
-1.975688
-3.030935
-3.089010
-1.405648
-2.634494
-2.083186
-0.844154
0.147078
0.432408
-2.918116
-2.622447
-1.815775
-2.185459
-0.828849
-0.257324
2.723368
1.446441
0.674741
-0.244979
-2.034444
1.965587
3.141593
3.079174
3.141593
-2.480549
1.804540
-1.460139
1.570796
-0.632749
-2.870646
-3.058451
2.089942
-2.077895
-2.944197
1.768192
1.570796
-0.904827
-1.515298
1.428899
-1.144169
-1.997424
-1.910089
1.570796
-1.735945
2.129396
0.876058
2.677945
0.412410
0.000000
2.013171
0.588003
2.582993
2.129396
1.570796
0.348771
-1.385448
0.938047
-2.432966
-2.439336
3.036716
-0.960070
-2.819842
0.896055
0.732815
0.432408
2.034444
-2.356194
0.141897
0.519146
-1.768192
-1.446441
1.665748
2.922924
2.723368
-1.570796
-0.588003
0.185348
1.856848
-1.735945
1.051650
-0.927295
-2.896614
-1.325818
-0.566729
-0.463648
-1.637364
-1.677532
1.735945
1.190290
