2.102520
-1.735945
2.194819
-3.077166
1.234122
-2.221873
0.463648
2.934096
-1.776192
-1.315614
0.588003
2.194819
-0.172191
-2.565217
-2.466852
1.307802
0.753151
2.907849
2.930499
-2.930499
2.958482
1.056345
-0.110657
-0.982794
-2.330559
-2.034444
-2.982937
1.892547
-2.595938
-0.321751
-0.694738
-2.863293
1.997424
-0.043451
-0.651077
-1.149377
2.095592
-0.510488
2.356194
-0.957589
-0.496423
3.075024
1.843805
-1.866237
-2.819842
-2.944197
-0.817645
0.815692
-2.245537
2.594804
-0.334737
-2.906048
2.937575
1.464061
2.173084
0.870903
-1.024007
-2.498092
-1.878849
1.717875
0.447520
0.735440
2.718739
-0.982794
-2.483704
-2.085248
-1.570796
-2.792822
-0.755104
-1.797595
0.463648
-2.411693
-2.788602
2.356194
2.330559
1.067953
2.777614
1.051650
-0.945311
1.570796
-1.815775
0.499347
0.927295
1.475845
-0.394791
3.107124
1.496857
-0.179853
-2.270689
-3.006065
-1.570796
1.530818
2.660705
-0.569313
-2.638749
-2.613518
2.356194
-0.835357
-2.067219
1.262744
1.307802
0.039979
-2.647651
-1.916352
-2.853537
1.657535
1.760785
-2.870646
1.170556
2.329174
-2.191046
2.356194
-0.038443
-0.463648
0.174672
2.000559
0.598419
0.410127
1.869295
2.418613
1.317122
0.758378
-1.107149
0.135528
2.761086
-2.999696
-2.104505
-0.588003
-2.085248
0.531724
-2.565217
-2.714965
3.141593
-1.138389
1.197809
2.593043
0.880350
0.119429
-0.334737
0.628796
2.779048
2.018316
2.466852
1.677532
-1.464061
-2.483704
1.892547
-0.551655
-0.370891
0.858439
0.463648
1.635223
1.653938
0.991722
-0.785398
-0.690446
-2.390664
2.158799
2.808348
1.172274
-0.866302
2.073640
2.085248
-1.985303
0.033321
-1.642104
-2.181522
2.223643
1.390943
-3.067654
2.919511
2.134113
-2.286540
-1.882838
0.039979
0.110657
-0.566729
2.961739
-0.813962
-1.249046
3.141593
-1.056345
3.041924
1.405648
2.714965
-2.300696
-0.661043
-2.356194
-1.147942
-2.289626
0.960070
-2.111216
-2.297439
-0.994421
0.426627
-3.061763
2.922924
-1.525373
-0.934288
-2.850136
1.644735
2.714965
0.890275
2.356194
0.726642
-0.685730
-0.429762
0.729900
2.490516
1.325818
-0.866302
-0.463648
-2.149871
2.944197
-1.647568
-1.297788
-2.951604
-0.499347
-1.347320
-1.428899
0.049958
-2.982937
0.817645
-0.785398
2.125104
-0.333244
-2.553590
1.735945
2.055274
-1.341564
-2.125104
-1.007480
0.482513
-2.284887
0.577902
-0.942000
0.628796
2.102520
3.050933
-2.618314
-0.262995
-1.570796
-2.425849
-1.825979
1.047518
0.737815
2.662073
-2.034444
0.233743
1.012197
-0.785398
0.566729
2.660705
-1.815775
0.129703
-0.291457
-2.863293
-0.135528
-2.660705
0.235545
1.570796
-1.012197
1.570796
2.951604
0.785398
-0.291457
2.607884
-2.786887
1.815775
-0.442374
-3.101614
-1.993650
-1.665748
0.835357
0.493941
2.754717
0.904827
-0.950547
-3.004526
2.695487
3.105894
2.622447
0.255182
-2.914794
2.034444
1.016489
-0.041643
2.055274
0.729900
-0.968509
-1.570796
0.444419
-2.356194
0.110657
3.109346
0.837981
-2.137526
1.160669
0.049958
-2.418613
1.712693
2.731465
0.255182
1.130954
-2.005467
-0.600050
-0.835357
-0.205395
0.982794
-2.927532
2.553590
-1.225241
3.054854
-2.259721
-1.365401
2.303611
1.768192
1.060308
3.022164
1.523213
2.256526
0.972377
1.083897
-1.614247
-1.717875
1.869295
0.152649
-1.024007
-2.833540
-1.712693
0.367174
-1.160669
2.627141
1.570796
-2.283154
1.603043
0.722979
-1.833791
-2.356194
-1.781890
-1.249046
-1.156289
2.711830
-1.136126
-1.940130
-1.126377
-1.217806
-1.730709
0.982794
2.427502
2.461071
0.079830
-0.076772
0.119429
2.574863
-1.789465
-0.086738
-1.904041
2.083186
2.306236
2.196281
0.540420
2.587285
1.943784
-1.673878
2.593043
0.628796
-0.119429
-1.535097
-2.922924
-2.167973
2.169215
0.071307
1.485291
2.517570
-2.053310
0.858439
1.690225
-2.005467
2.158799
-2.077895
0.919720
0.847817
-0.496423
0.566729
-2.553590
0.165149
-2.081285
2.761086
0.982794
1.869295
-1.610775
-1.717875
2.483704
-1.051650
2.356194
0.226799
0.965252
0.704494
0.034469
1.107149
-2.896614
-1.657535
-0.813962
-0.972377
-0.205395
-2.969402
-1.892547
2.774419
-2.446854
-1.144169
2.018316
1.421906
-0.463648
-1.441094
2.875341
-1.074374
-3.017238
3.101614
-1.203622
-0.876058
-0.761013
2.843094
-1.685673
0.668289
2.034444
0.996491
-2.239086
-0.661043
1.333948
-0.104877
1.916352
2.034444
-1.089909
-0.352990
-2.158799
0.414507
1.892547
2.437099
-1.122073
-0.817645
-0.636508
2.089942
-2.647651
1.929567
2.251318
2.403778
-0.083141
1.304544
-2.432966
-0.610726
0.000000
-0.282555
0.620249
-1.923787
0.729900
0.000000
-2.261243
-1.750650
-1.494024
1.412141
-1.681454
-1.144169
0.563316
-2.992703
2.544416
-1.451367
-1.287002
-0.551655
2.297439
2.432966
-2.303611
-3.070285
-3.104573
-2.015216
-0.235545
0.214061
1.690225
1.356736
0.945311
1.969319
-1.866237
-0.636508
-0.554307
-1.380808
-0.785398
-2.158799
1.037088
2.627141
-1.869295
-2.786887
-1.107149
-3.104573
1.494024
-1.394087
3.141593
-2.868584
2.488746
-1.945130
1.238737
-0.295441
2.380580
-1.301629
-2.085248
-1.690225
2.228685
-1.141034
2.293776
2.194819
2.185459
0.837981
1.307802
2.390664
1.642104
2.919511
3.026716
-1.438245
2.356194
-1.815775
-1.525373
0.463648
-0.870903
-3.061763
-2.695487
-0.372988
-2.868584
-1.690225
2.303611
-1.529154
-1.700499
-2.356194
1.249046
2.239086
-1.644735
-0.482513
1.778293
2.119346
1.107149
-0.519146
2.329174
0.446106
2.129396
-2.441700
0.785398
-0.308053
0.753151
-2.089942
-0.158655
1.152572
-1.723446
0.414507
-2.383215
2.565217
0.510488
2.050316
1.398606
-0.358771
2.321725
-2.388441
-1.535097
2.694073
-2.330559
0.158655
1.570796
-1.849096
-1.725793
-1.839964
-0.388319
-3.067654
-2.944197
3.091634
0.750929
0.197396
-2.574863
-0.785398
-2.070143
-0.429762
-2.565217
-2.308611
1.387686
2.178598
-0.333244
-0.448723
-2.437099
-2.441700
0.233743
-2.746802
-2.961739
1.335251
-2.125104
2.199593
2.275290
0.404892
-2.422763
2.677945
1.261093
-0.540420
0.205395
-2.049149
-1.618379
-1.442473
-1.441094
-1.753907
-2.331809
1.856848
-2.000559
-2.356194
3.038511
-3.024484
0.043451
-2.000559
-2.050316
0.942000
1.107149
-0.041643
-1.410883
-1.741532
1.825979
0.872137
-1.423718
2.782822
1.537475
-2.896614
0.372988
2.951604
2.782822
2.718739
-2.055274
1.605265
1.570796
0.260602
-2.727086
-2.833540
-2.796037
-2.587285
2.887919
-0.809784
2.293776
-1.690225
-1.620755
-2.718739
-2.117585
-1.292497
-0.147078
-0.896055
-0.694738
2.727086
1.261093
2.533791
-2.214297
1.774814
1.282741
-0.283794
0.086738
-0.714091
-2.270689
-0.414507
-1.343997
2.692869
3.061763
1.325818
2.912361
-1.605265
-0.336675
-2.505084
0.000000
0.176709
0.372988
-2.660705
-1.237552
2.327631
2.279423
-2.782822
-2.723368
2.034444
-0.480887
1.123276
-2.768605
2.589938
-2.406153
-0.211093
1.307802
0.534955
-0.540420
-2.857799
-1.735945
-1.335251
2.000559
-2.717398
-0.965252
