-0.484478
2.462930
-1.025141
-1.661456
-0.849825
-1.668050
-1.071450
1.825979
1.759018
-0.785398
-2.853537
-0.885067
-0.097253
1.414194
-0.569313
-1.519559
-0.463648
-1.597817
-1.532354
0.165149
2.273053
-2.283154
-1.107149
-2.964884
-0.729900
-1.804540
3.064821
-0.881872
2.654693
-0.608689
0.610726
-0.990040
2.736701
-1.773118
1.647568
-2.951604
-2.613518
-0.244979
-3.070285
2.537843
2.111216
2.117585
0.841942
-1.792878
0.032247
-1.047518
0.380506
1.083897
0.205395
-2.651635
1.570796
-1.160669
0.380506
-2.356194
-2.964884
-0.426627
-0.493941
-0.284730
-2.214297
1.815775
-1.047518
1.773842
0.887087
-1.281821
0.451453
-2.356194
-0.990794
-0.748378
-2.116451
-0.726642
-2.838708
-1.951303
-2.453921
-3.071938
1.453688
2.234842
2.067219
-1.535097
2.276365
-0.183943
-2.609869
2.475623
0.426627
-0.043451
-0.876058
-0.632749
2.221873
1.185639
3.105894
-3.011890
-2.231839
-0.348771
0.102207
-1.951303
-1.494024
2.098871
2.833540
2.573068
-1.536327
2.055274
-1.653938
-1.753907
-2.170847
2.749253
0.785398
-0.300920
1.651700
2.647651
2.961739
-0.037020
2.245537
-2.859038
2.720173
1.396124
2.303611
3.094010
1.475845
0.880996
-2.289626
2.704965
0.068856
-1.644735
-2.541542
1.570796
1.750650
-0.291457
-2.976444
2.521343
-2.034444
-1.797595
2.461071
-0.141897
-1.343997
1.707863
1.789465
-0.444419
0.504166
0.819867
0.909753
-0.598419
-1.030377
-0.476467
-0.685730
-2.169215
-1.858852
2.502679
2.966920
1.015303
0.540420
-2.579671
-0.380506
-2.379446
0.598419
1.421906
1.691420
0.501604
2.768605
-0.463648
2.308611
-1.292497
0.652847
-0.837981
3.141593
-0.635027
-0.902507
-2.143762
-0.251690
2.471954
-0.346539
1.030377
-2.843094
-0.375961
-2.459276
-2.664247
-3.009041
-0.540420
0.868539
0.354706
0.203045
-1.039072
-0.896055
-1.259798
0.309703
-2.958482
1.436475
-1.845706
2.508844
2.356194
2.698144
-2.356194
1.060308
1.234122
-2.356194
-2.034444
-0.982794
1.784857
0.950547
0.746956
-1.945130
-0.588003
1.618379
1.465919
-0.429762
2.173084
-2.518393
1.123276
0.497343
2.228685
2.828691
-0.896055
0.298499
0.620249
0.231091
-2.380580
-1.058407
-1.258754
-0.453339
-1.335251
-0.414507
-2.906048
-2.295046
-2.913096
2.498092
-0.881872
-0.158655
-0.785398
0.965252
0.933248
-1.348714
-0.741947
3.141593
-0.030294
-2.049149
1.657535
1.216091
2.720173
-0.872894
2.403778
-0.291457
-2.727086
1.091277
3.141593
1.464061
-2.512796
2.819842
-1.806341
-3.115957
-0.491809
2.236766
2.835714
0.415492
2.645170
2.995580
-1.107149
-2.003204
-1.695151
0.704494
0.372988
0.819867
2.158799
0.554307
-2.289626
1.883698
-2.111216
-0.288055
-0.906750
-2.181522
1.570796
-2.587285
-2.639989
-2.199593
-2.553590
-3.038511
1.438245
-2.129396
-2.792822
2.618314
-1.845706
-2.145101
-0.720971
-2.117585
1.342300
2.129396
-2.330559
-2.749253
-1.604117
-0.255182
0.354706
-2.466852
-0.620249
0.229232
1.071450
0.463648
1.837048
-0.463648
0.479519
0.463648
-0.374334
-0.915101
0.514451
-1.398606
-0.616297
-1.789465
-1.807645
1.423718
1.612439
2.321725
0.553294
1.024007
0.654083
2.855541
-1.128422
1.919567
0.994421
2.498092
2.886410
1.800028
1.299849
-2.308611
-0.643501
-2.068139
0.429762
-2.695487
2.165010
2.329174
0.548549
-0.558599
1.446441
-1.178456
2.437099
2.373142
1.272297
1.644735
-1.957672
0.394791
-1.249046
-1.296629
-2.111216
-1.824470
-0.699893
1.923787
2.034444
1.789465
-1.858852
0.410127
1.061204
3.141593
2.073640
3.108272
2.746802
0.643501
0.404892
-1.217806
-1.435269
2.878598
-0.920926
1.451367
-0.962994
0.165149
1.130954
1.801887
2.203545
-0.548549
-2.256526
-0.785398
-2.312744
-0.844154
2.786887
-0.624023
0.912908
0.632749
-0.767218
-1.074374
-2.843094
-0.915101
-0.674741
0.185348
-1.699120
-1.446441
-0.119429
-1.231504
-1.929567
-0.189988
2.958482
3.092851
-1.892547
0.362544
-1.225241
-1.892547
-0.273009
2.339803
-0.598419
-1.866237
-3.103150
1.172274
2.214297
1.092444
-1.647568
-2.761086
2.634494
0.266252
0.398522
0.682317
2.896614
1.650626
-0.572966
0.735440
2.944197
-2.196281
-1.824470
-1.801887
-1.238737
0.392340
1.839964
-1.418147
0.872137
-2.567288
-0.394791
-2.327631
-1.299849
-1.642104
-1.929567
-1.042722
-1.540503
-1.040581
1.373401
-0.365201
-2.582993
2.074962
0.819867
2.325901
0.856706
-1.753907
-1.335251
0.571337
-1.946757
-1.989021
2.441700
1.712693
-2.677945
3.053585
2.098871
-0.970746
-2.378413
3.120762
1.635223
0.990794
0.274167
0.052583
-0.866302
-2.782822
-1.570796
0.300920
-2.521343
0.401229
1.325818
-0.635027
0.519146
-1.854590
-2.642246
2.323948
-0.702257
-2.589938
-2.508844
1.382575
-1.190290
-2.835714
-0.244979
-2.140110
1.306833
-2.521343
-2.145101
0.104877
-1.776192
1.570796
1.937970
2.831890
2.999696
0.269167
3.060689
1.421906
-1.905533
-2.863293
0.669639
-2.098871
-2.541542
-0.729900
3.105894
-0.866302
-1.138389
-1.451367
-0.386876
-2.231839
-2.904744
-0.574305
-1.435269
1.132460
1.415800
-2.124091
-0.540420
-3.058451
-0.576375
-2.819842
-0.991722
-3.086094
-2.145101
2.105751
-2.405335
-2.961739
2.191046
2.606638
-2.231839
-2.582993
-2.098871
-2.397837
-1.208252
1.226149
2.250210
-2.659079
-0.620249
2.976444
-1.792878
1.570796
-2.677945
-1.712693
-2.265535
2.828691
-1.441094
0.258771
-1.980924
0.519146
2.578276
-0.229232
-0.812419
-0.355636
-1.467715
1.016489
1.727398
-2.498092
-0.962994
-1.442473
1.530818
2.667193
-1.520838
3.096169
-0.079830
-0.158655
-0.244979
0.124355
-3.110353
-0.129703
-0.655696
2.517570
2.286540
-0.197396
-0.281772
-1.441094
-1.037088
2.089942
1.400061
-1.991460
-2.806856
0.129703
-0.253674
1.815775
-0.321751
2.677945
-2.802300
-1.570796
-0.708626
0.397079
3.030935
-1.644735
2.887919
-2.158799
1.037952
1.095101
1.094329
-2.034444
1.092444
-0.090660
-0.577902
-2.297439
0.482513
-0.463648
-2.516108
2.642246
1.158386
0.226799
-0.463648
-1.637364
-0.444419
2.819842
0.029403
1.129617
2.819842
-2.016902
1.800028
-1.121037
-1.972667
-0.602287
-0.828849
2.677945
3.141593
-1.961403
2.639989
-2.906048
1.130954
-0.997830
-0.881872
-3.070285
2.761086
1.212026
-0.042528
-2.381830
3.141593
-0.424194
2.889038
-1.801887
-1.967238
1.034985
-1.880499
2.642246
-2.714965
-1.170556
-2.310771
1.455920
1.730709
1.078987
-2.301703
-2.587285
2.761086
2.809533
1.876675
-0.718830
1.190290
-1.039072
2.984991
-1.446441
0.856706
-1.535097
-2.986596
0.099669
-0.484478
-2.470449
-2.563691
1.217806
1.570796
-1.282741
0.836202
3.120319
2.356194
2.950408
-2.969402
-2.733444
-1.196463
-0.753151
-1.047518
1.989021
2.425849
-2.729182
1.296629
0.278300
1.595182
1.227772
-0.262995
2.268699
-2.662073
1.622033
-0.807617
0.355636
-2.165556
-0.354706
1.661456
-0.907593
-2.184004
-0.837981
2.966920
1.261093
-3.075024
0.076772
-3.007271
2.332943
1.044730
3.064821
2.525296
0.027771
-0.436627
-1.844964
-2.171870
