-3.067654
-2.173084
-2.553590
0.083141
1.051650
0.496423
-0.896055
0.870903
0.041643
0.625485
-2.070143
-0.309703
-1.916352
-1.107149
1.325818
2.711830
-2.768605
2.587285
2.699218
-1.606495
-1.007480
2.214297
1.396124
2.300696
-2.129396
-0.094952
0.785398
-2.236766
1.873681
-0.308053
2.922924
-2.158799
0.927295
0.231091
0.090660
2.279423
0.179853
2.589938
-0.374334
0.726642
-0.576375
1.629552
-0.412410
-0.380506
1.735945
2.226492
3.141593
-2.396173
-1.801887
-1.570796
-1.570796
-2.034444
-1.941688
1.024007
-3.017238
-3.041924
-1.259798
-1.287002
-1.806341
0.041643
-2.565217
0.982794
-0.866302
0.708626
-1.856848
2.226492
-2.432966
1.508378
-2.506566
-1.856848
-2.753274
-0.938047
-0.748378
2.070143
-0.302885
2.498092
0.244979
0.179853
0.380506
2.878598
-1.825979
2.884269
-0.745419
-1.869295
0.141897
0.141897
0.058756
2.356194
-2.609869
-1.158386
-1.905533
1.508378
-2.857799
0.554307
0.512389
0.189988
-0.825377
0.370891
-1.943784
-2.057696
2.323948
0.174672
1.980924
0.828849
0.482513
2.316216
-0.938047
2.677945
-2.214297
1.570796
0.652847
-2.746802
-1.768192
1.717875
-0.668289
-1.428899
-0.165149
1.287002
0.950547
-0.273009
1.518213
2.695487
2.697173
-1.623379
2.390664
-1.806341
-1.030377
-1.916352
0.896055
3.030935
2.441700
-0.158655
0.055499
-0.558599
0.124355
3.086094
-2.850136
-2.843094
1.490966
-2.148698
-3.036716
-3.024484
2.034444
-2.788602
1.916352
-2.934096
-1.841743
0.620249
2.802300
-1.141034
1.687905
-1.037088
0.043451
2.316216
-0.620249
-2.275290
-1.080839
1.249046
2.508844
2.245537
1.428899
1.144169
-1.165905
-1.673878
-2.768605
-0.174672
2.191046
-0.348771
-0.410127
-2.083186
1.365401
1.892547
-1.152572
2.642246
-2.000559
-0.540420
-0.099669
0.870903
0.308053
-1.759018
0.982794
1.249046
-1.446441
-1.088283
2.015216
-0.812419
-2.057696
1.665748
0.965252
-2.582993
-1.880499
-0.702257
-1.292497
-1.745469
2.896614
-2.384758
0.714091
-3.086094
0.512389
2.802300
-0.558599
2.191046
2.868584
-1.873681
-1.892547
1.128422
1.916352
0.165149
-1.941688
-2.396173
0.674741
-0.540420
0.972377
0.000000
-2.327631
1.325818
-2.539305
-2.158799
-0.896055
-0.295441
-1.794273
0.235545
-2.677945
2.944197
-1.352127
-2.490516
2.736701
1.046001
-1.083897
0.255182
-2.729182
-2.319174
1.794273
-1.107149
2.601173
-2.802300
-0.571337
-1.703348
-2.804918
0.039979
-2.819842
-0.512389
-0.956133
-2.279423
3.022164
-2.553590
-2.173084
0.785398
-0.394791
2.838708
1.080839
2.521343
-0.380506
-0.493941
-0.938047
1.756144
-3.030935
-2.629203
-3.086094
-1.778293
3.141593
-2.729182
0.058756
0.370891
-2.729182
0.741947
-2.275290
-1.892547
1.959115
-0.076772
1.438245
-1.951303
0.117109
-2.729182
-1.058407
2.601173
-2.203545
-0.124355
1.801887
-0.394791
-2.383215
2.819842
1.264917
1.156289
2.833540
-0.902507
-0.665969
1.919567
2.984991
-0.045423
-0.588003
-0.055499
-1.518213
0.348771
0.605545
0.785398
-2.239086
2.275290
1.217806
-2.543174
1.249046
0.489957
-2.319174
2.239086
-0.643501
0.260602
-0.463648
-1.438245
-0.531724
2.677945
-1.880499
-2.992703
0.244979
2.750986
-0.554307
-2.910502
3.089010
-1.396124
-1.745469
2.782822
0.358771
0.620249
-0.620249
-2.356194
3.030935
0.436627
3.089010
1.405648
2.855541
1.292497
0.750929
1.831399
-0.588003
0.000000
2.875341
2.992703
1.249046
1.570796
2.312744
0.694738
1.929567
1.076855
-1.030377
0.278300
-1.030377
-1.862253
-0.531724
0.363979
2.601173
-2.616797
-2.312744
-2.439336
-1.249046
-0.708626
0.674741
-1.083897
2.414950
1.212026
-2.714965
-2.098871
-1.267911
1.199905
-3.024484
-2.239086
-1.747505
1.058407
-1.690225
0.000000
-0.904827
-1.985303
0.041643
3.089010
-2.543174
0.486899
0.756835
-0.444419
-2.381830
-2.303611
-0.486899
-2.273053
1.892547
0.625485
-0.753151
2.654693
2.629203
-1.570796
1.356736
1.681454
1.570796
-2.896614
0.000000
-2.245537
-3.004526
1.633215
-2.976444
2.331809
2.731465
-2.982937
2.207305
-0.480887
2.015216
2.270689
2.239086
2.381830
-0.165149
0.055499
2.134113
-1.512041
-1.396124
2.944197
-2.642246
0.302885
0.868539
-0.041643
-3.009041
-0.090660
1.856848
1.650626
-1.719686
0.463648
-0.982794
-2.207305
-0.066568
1.279340
-2.750986
0.862170
-2.439336
-0.071307
2.475623
-0.862170
3.141593
2.441700
2.245537
2.613518
-0.439843
-0.334737
0.363979
-0.554307
1.815775
-2.466852
2.316216
1.222025
-1.190290
-2.439336
-1.475845
1.315614
1.083897
2.819842
-2.753274
-2.356194
2.010639
-2.441700
0.000000
0.519146
0.785398
0.996491
-1.533776
-1.869295
-0.444419
-0.825377
0.298499
-0.982794
-1.405648
-0.665969
0.442374
-0.785398
1.907471
-0.058756
-2.429235
-2.439336
-0.756835
-2.835714
2.782822
0.502843
2.870646
-1.217806
1.681454
-2.284887
3.141593
1.633215
-0.785398
1.768192
-0.999459
2.356194
0.000000
0.935770
0.463648
3.041924
-1.080839
3.141593
2.768605
-0.055499
-2.731465
-2.660705
-1.856848
-1.396124
-2.922924
2.964884
0.828849
-0.620249
-2.539305
2.896614
-2.279423
-2.750986
-0.576375
-0.862170
-0.610726
1.249046
3.101614
2.018316
0.086738
1.657535
-2.992703
1.794273
2.485897
-2.966920
2.539305
-2.976444
-0.741947
-1.107149
-0.737815
-0.982794
2.565217
-2.543174
-1.490966
0.041643
3.089010
2.015216
-2.356194
-3.104573
0.904827
-0.380506
2.466852
1.299849
-0.881872
2.768605
-2.634494
-2.541542
-2.051684
-1.735945
-2.034444
0.124355
0.904827
1.858852
1.629552
1.929567
2.704965
1.609239
-2.539305
-1.690225
-0.502843
-2.570255
0.436627
1.030377
0.732815
2.631104
0.651077
-0.079830
-0.785398
-0.904827
1.412141
2.102520
-2.657115
-1.012197
-1.695151
1.934775
-0.540420
3.101614
-1.249046
1.570796
-1.529154
-1.141034
-1.339706
-1.012197
-0.045423
-0.429762
2.553590
2.203545
0.446106
-2.782822
-2.966920
2.196281
-0.909753
-3.082837
-1.138389
-1.063698
-1.607816
2.297439
2.319174
2.770701
0.708626
-3.089010
-0.418224
3.030935
0.635027
-1.815775
0.610726
-2.137526
2.886410
2.356194
0.514451
-2.723368
-1.892547
0.380506
-1.012197
-0.862170
0.682317
2.119346
2.956245
0.062419
1.107149
-0.876058
2.196281
-1.130954
-2.158799
-2.273053
-1.091277
-1.727398
1.046001
0.295441
0.652847
2.835714
-2.205823
1.343997
2.356194
-2.259721
1.856848
1.951303
0.524796
2.223643
2.060754
-3.058451
-1.030377
-0.412410
-1.719686
1.533776
1.212026
0.286051
2.013171
0.482513
1.441094
-0.844154
-1.570796
-2.969402
-3.036716
1.825979
3.141593
-1.016489
-1.905533
0.643501
1.892547
1.123276
-0.960070
-2.634494
-1.515298
0.815692
-2.843094
-0.819867
-1.623379
1.892547
1.934775
-0.682317
-1.869295
2.003204
1.325818
2.446854
-3.086094
-0.197396
0.270947
0.999459
0.674741
0.785398
1.051650
-2.498092
-2.629203
-1.983207
0.083141
2.677945
0.000000
0.540420
-1.532354
1.760785
-2.723368
0.982794
-3.030935
2.312744
0.635027
-0.124355
2.521343
-1.768192
