-0.982794
0.463648
-2.016902
1.609239
0.124355
-2.081285
-2.714965
-1.183921
0.158655
-0.635027
1.806341
2.191046
1.190290
3.099950
0.558599
-2.512796
2.251318
-2.982937
2.754717
2.607884
2.736701
1.570796
-1.428899
2.432966
0.813962
-2.868584
0.950547
0.661043
-1.499489
-2.833540
-2.053310
-2.677945
0.722979
-0.870903
2.490516
-1.056345
-0.588003
2.303611
-0.039979
-1.570796
-0.563316
-0.876058
0.141897
1.144169
-2.437099
-1.480136
2.999696
1.609239
-1.677532
2.158799
-0.273009
0.380506
2.714965
0.858439
-0.262995
-1.535097
1.156289
-1.398606
1.262744
-2.553590
2.846152
-0.755104
2.111216
2.887919
1.570796
-0.756835
-3.101614
1.570796
-2.466852
-0.906750
0.755104
-0.919720
-0.699893
1.107149
-1.934775
0.625485
3.141593
-1.975688
2.053310
-2.768605
-1.612439
2.270689
-2.384758
1.535097
0.528074
-0.068856
1.797595
0.758378
-2.878598
0.197396
1.532354
0.896055
-0.994421
-1.661456
2.158799
-0.680521
2.642246
-1.937970
1.717875
2.553590
2.191046
1.742987
-1.943784
-2.714965
-0.266252
-0.295441
0.785398
0.197396
-3.105894
-2.553590
2.512796
0.750929
-1.980924
0.972377
-2.498092
2.356194
2.283154
-1.487655
1.530818
1.107149
-2.053310
-1.529154
-2.792822
-1.499489
0.628796
-1.261093
0.119429
-2.452668
1.373401
-2.631104
-1.997424
-2.418613
-1.262744
-3.004526
-2.777614
0.176709
1.287002
-0.083141
-2.049149
0.960070
-1.165905
-0.862170
-2.490516
1.030377
0.262995
0.463648
0.819867
0.577902
-0.447520
-0.463648
-0.950547
2.846152
-2.944197
0.524796
0.566729
-0.548549
-1.030377
2.016902
0.152649
-2.073640
-1.905533
-2.303611
-0.358771
-2.327631
0.141897
-1.854590
3.067654
-0.674741
2.251318
2.293776
1.523213
1.862253
0.708626
1.570796
1.037088
3.022164
2.521343
-1.614247
0.755104
2.761086
1.695151
-2.768605
-2.085248
-0.262995
-2.922924
-1.297788
-0.309703
2.521343
1.382575
1.387686
-0.817645
-0.620249
2.761086
1.165905
1.825979
-0.463648
-1.815775
0.598419
-2.085248
2.446854
-0.358771
1.760785
1.307802
-0.045423
0.996491
1.750650
1.317122
1.804540
-2.221873
1.212026
2.927532
-1.837048
-2.384758
-0.223477
1.934775
1.971037
-1.292497
2.178598
-0.866302
-1.677532
0.960070
-0.607802
2.638749
-0.755104
3.101614
-1.261093
0.600050
-1.007480
-2.553590
-1.022247
2.541542
-2.587285
0.902507
-0.176709
3.141593
-1.570796
0.339293
-0.844154
-2.111216
-2.134113
1.607816
-1.616220
2.289626
-0.226799
0.380506
1.934775
2.356194
-2.906048
1.071450
2.187093
3.058451
1.225241
-1.030377
-2.796037
0.688924
-0.862170
2.806856
3.072736
0.956133
-0.255182
-0.942000
2.275290
2.525296
-1.412141
-3.011890
0.278300
-2.944197
-2.214297
0.000000
-2.642246
1.107149
-0.308053
-2.446854
2.455863
-0.870903
-1.937970
-1.719686
-1.007480
1.570796
1.661456
1.024007
1.700499
-1.234122
2.411693
-0.273009
2.488746
-1.741532
1.529154
0.482513
3.110353
0.668289
3.054854
1.644735
1.056345
-1.833791
-0.652847
-0.576375
-1.091277
-0.158655
0.049958
-0.554307
1.446441
2.245537
0.106736
0.540420
-2.199593
-2.677945
2.868584
1.824470
-1.700499
0.576375
-2.265535
-2.111216
2.384758
0.945311
2.015216
2.053310
0.414507
-1.607816
-1.249046
0.049958
-2.414950
1.951303
-1.604117
1.325818
-2.437099
2.015216
-0.278300
3.075024
1.837048
1.657535
1.460139
-1.067953
1.197809
1.304544
1.037088
0.233743
-1.484058
1.797595
1.279340
-1.695151
-0.812419
2.918116
-0.110657
-1.695151
-1.570796
0.876058
-2.437099
-2.104505
0.935770
3.141593
-1.499489
2.446854
-1.570796
1.373401
-0.043451
-1.965587
-1.965587
0.090660
-1.959115
1.126377
-1.176005
-0.982794
0.661043
-0.398522
2.498092
2.455863
2.279423
-1.172274
0.588003
-3.098142
-1.768192
0.962994
0.083141
-2.498092
1.067953
-2.437099
-1.004067
0.548549
0.576375
-2.907849
-1.237552
1.637364
-1.532354
2.356194
-1.807645
-1.282741
-3.054854
2.642246
1.760785
0.960070
-2.158799
-2.574863
-0.197396
-2.657115
-0.858439
2.411693
0.844154
-0.755104
-0.528074
-1.347320
1.712693
-1.063698
0.244979
-1.123276
-0.410127
2.695487
1.107149
-3.105894
-2.819842
1.919567
-1.712693
2.994514
1.610775
1.612439
1.532354
0.214061
1.067953
0.726642
0.400241
-2.051684
-2.170847
2.541542
1.980924
1.418147
2.158799
1.363300
-0.041643
1.382575
-0.809784
3.072736
3.006065
-0.982794
1.570796
-1.919567
0.851966
3.101614
-2.383215
-1.088283
0.912908
-0.211093
0.625485
2.936197
0.000000
-2.572279
-1.729452
-1.380808
-2.694073
-0.463648
-1.797595
2.601173
2.245537
0.480887
-2.695487
3.067654
-0.598419
-1.042722
0.960070
-2.279423
-1.494024
1.657535
0.223477
-0.758378
-0.813962
-2.645170
-2.329174
-2.601173
-2.473303
-0.610726
2.169215
1.807645
2.530867
-2.411693
2.422763
2.868584
0.463648
-0.785398
0.524796
1.892547
1.335251
-2.642246
0.394791
1.570796
-2.808348
1.993650
-1.690225
0.043451
-1.570796
-2.627141
-0.840897
-1.980924
1.016489
0.278300
1.858852
2.329174
2.843094
-0.119429
1.735945
1.373401
-2.695487
-0.785398
-1.398606
-1.570796
-2.185459
-1.742987
2.843094
1.347320
-1.934775
2.761086
0.124355
-2.089942
1.016489
1.325818
-1.532354
1.446441
-1.618379
-2.796037
-0.124355
1.421906
-3.058451
2.259721
1.892547
1.717875
1.063698
2.863293
1.980924
-2.565217
2.727086
0.732815
0.625485
0.165149
0.643501
0.502843
-2.731465
0.463648
-3.098142
1.530818
-2.380580
-1.176005
0.165149
1.735945
-0.661043
1.975688
-2.085248
-0.597177
2.356194
2.506566
-0.840897
3.030935
-2.234842
2.418613
2.214297
-2.199593
0.244979
2.158799
-0.309703
2.506566
0.620249
-0.680521
-1.858852
0.119429
1.929567
0.576375
-2.016902
0.652847
-1.904041
-0.479519
-0.902507
-3.064821
0.295441
-2.117585
-2.016902
-0.244979
-0.994421
-3.104573
1.067953
-2.907849
-1.760785
-2.774419
-2.137526
0.000000
0.588003
-0.214061
0.708626
-1.607816
-2.297439
-2.843094
-2.521343
2.418613
-1.172274
2.356194
-0.410127
-0.759763
-0.750929
-2.994514
0.226799
3.099950
-1.612439
-0.756835
-2.582993
2.607884
-2.050316
2.565217
-0.321751
2.117585
-0.755104
0.404892
-1.717875
2.927532
-0.041643
-1.317122
1.904041
-0.147078
-1.916352
-0.610726
-1.480136
2.731465
-1.532354
-2.863293
-0.298499
2.259721
-0.226799
1.854590
0.726642
1.570796
-2.455863
1.147942
2.512796
2.642246
2.806856
-2.293776
2.323948
-0.950547
2.265535
0.588003
-1.249046
0.205395
-1.929567
-0.982794
-2.411693
-1.124691
-3.054854
2.196281
1.088283
-0.510488
-0.205395
-0.043451
0.165149
1.975688
2.085248
-0.298499
-0.704494
-2.477546
1.712693
1.475845
1.107149
-1.190290
-1.071450
3.101614
1.965587
-1.496857
2.727086
2.125104
-1.236059
-2.761086
0.388319
-1.325818
1.197809
-3.046641
-0.106736
-1.236059
0.283794
2.455863
-2.085248
-2.697173
0.482513
2.521343
3.030935
0.876058
-1.937970
2.414950
-0.041643
2.098871
-1.225241
-0.885067
1.690225
2.896614
-0.519146
-0.037020
0.610726
