-0.139472
-0.238399
-0.292650
0.093869
-0.095229
-0.418372
-0.390900
-0.016572
0.006213
-0.393411
0.206465
0.333488
-0.060440
0.424747
0.070568
-0.734848
0.271226
2.908941
0.363049
0.468880
0.202442
0.210158
-0.231134
0.313508
-0.199530
-0.597398
-0.084658
-0.115642
-0.042365
-0.459907
-0.280851
-0.661368
-0.118344
-0.172463
0.273183
-0.280793
-0.023511
0.139160
0.015043
0.029944
-0.065160
-0.183005
0.064507
-0.201722
-0.509175
0.093062
2.933777
0.317074
-0.098873
0.313019
-0.085249
-0.320209
0.467219
-0.164676
-0.157841
-0.266245
-0.058698
-0.276912
-0.054635
-0.266017
0.416004
-0.116594
0.038748
0.271211
-0.012745
-0.125724
3.077543
-0.177126
-0.421694
-0.125551
0.077366
-0.176994
-0.102624
-0.063838
-0.030932
-0.220139
2.922864
-0.291849
0.257831
-0.615095
-0.243986
0.213235
-0.501982
-0.193302
-0.255003
-0.043541
0.162472
-0.100881
2.761817
-0.122806
0.305298
0.161375
-0.176998
-0.064075
0.240040
-0.138525
0.193458
-0.105981
0.138494
0.296081
0.241211
0.252467
-0.479419
-0.609876
-0.114335
-0.259669
0.186662
0.094398
3.033445
-0.533263
0.266189
-0.178629
-0.385751
0.097603
-0.429214
0.213891
0.213827
-0.001655
0.137003
0.092860
-0.270858
-0.011467
-0.653123
-0.258765
-0.216247
-0.094054
0.017569
-0.403228
-0.087626
-0.576026
-0.215948
-0.257695
-0.207084
0.249964
-0.367123
-0.113814
-0.153982
-0.294643
-0.276088
0.140430
-0.212995
-0.149628
-0.484805
-0.091491
0.076404
0.037745
-0.032866
0.245810
-0.409201
0.019453
-0.148048
0.351994
2.971613
-0.100502
-0.306028
-0.062096
-0.036970
0.090802
-0.102981
-0.289436
-0.378234
-0.473634
-0.097971
-0.286322
-0.030476
-0.162390
0.437497
-0.194365
0.272135
0.343263
0.316122
0.255850
-0.326265
0.211423
-0.042358
0.360838
0.149639
-0.158521
0.009533
0.304733
-0.000837
-0.453787
-0.196399
-0.216306
2.848572
-0.434234
0.008547
0.301873
0.090600
0.045738
-0.216312
-0.156725
0.303805
-0.065382
0.284684
-0.076388
-0.362140
0.087843
-0.337410
0.291000
-0.137905
-0.066162
0.145352
-0.275653
0.156534
0.258561
0.162465
-0.002785
-0.362053
0.226813
0.259768
0.016571
-0.422421
-0.014774
0.181549
0.023997
-0.206845
0.252244
-0.336744
-0.318782
0.049437
-0.178504
0.249369
-0.124674
0.401901
-0.177969
0.016149
0.054904
-0.480062
-0.113152
0.384439
-0.400905
-0.236348
-0.093786
0.397230
-0.351770
0.303492
-0.175462
-0.198222
-0.283095
-0.000842
0.026182
0.393770
0.012085
-0.073239
0.023187
0.324007
-0.642131
-0.151898
0.203861
0.490399
-0.100020
-0.129691
-0.367347
0.134052
-0.291885
0.245330
0.432442
-0.033959
-0.069776
-0.205010
0.204561
0.219965
-0.193024
3.317968
0.012789
0.132709
-0.384579
0.043957
-0.657503
-0.169897
-0.076204
-0.425906
0.329903
-0.099292
-0.507319
0.020831
-0.246517
0.196514
0.009398
0.147667
-0.049673
0.139926
0.177820
-0.061893
0.345922
-0.163040
-0.012845
0.019159
0.340614
0.038430
2.963261
0.032659
-0.034390
-0.361954
-0.075221
0.060673
-0.111922
-0.125406
0.111317
-0.131042
0.121922
0.344748
-0.186519
0.079387
-0.364845
-0.495258
0.256554
0.170551
-0.357312
0.089901
-0.325503
-0.449883
0.251893
0.064855
0.274721
0.178541
-0.086924
-0.423533
-0.192086
-0.013729
-0.395152
0.336738
-0.270536
0.379087
-0.562147
0.176781
-0.088034
0.346752
-0.011066
0.132213
0.000213
-0.022470
-0.112319
0.059461
0.110624
-0.461404
0.063772
0.245523
0.109112
-0.118564
-0.132148
0.395704
-0.095473
-0.387271
-0.258513
-0.204507
-0.409445
-0.399448
-0.180699
2.951964
-0.368869
0.362953
-0.296529
-0.052220
0.081297
-0.254551
-0.301522
-0.106589
-0.406753
0.134978
-0.256055
-0.220193
-0.229851
-0.048683
0.224647
0.374033
0.233406
-0.181283
0.098273
0.505333
-0.385674
0.172283
-0.081150
-0.515747
0.134030
-0.392428
-0.125080
-0.192966
0.038663
-0.451065
-0.130832
0.225668
-0.352878
0.183676
-0.380597
0.082429
0.507861
0.213843
0.218206
-0.131953
-0.411640
-0.603138
-0.076819
-0.362125
-0.192198
0.292607
0.065523
-0.147418
-0.037742
-0.090121
0.067780
-0.084991
0.036890
-0.303874
-0.435159
0.338342
0.269184
0.082603
0.323069
0.128993
-0.267650
0.353839
0.231122
0.124426
0.324639
-0.006422
-0.174208
-0.206600
0.083622
-0.112555
-0.288758
0.291347
0.300749
-0.139520
0.082642
0.201401
-0.025038
0.199101
-0.146668
0.378517
2.882939
-0.151451
0.193700
-0.359198
-0.220013
0.435616
-0.442634
-0.649093
-0.283097
-0.000839
-0.202817
0.245913
-0.200371
-0.440719
-0.150048
-0.079139
-0.390938
-0.187343
-0.376162
0.337199
0.215878
0.170731
-0.642892
0.374945
-0.166735
0.008848
-0.148321
-0.570951
-0.332955
0.029479
0.090552
-0.159704
-0.137632
-0.559797
-0.470783
-0.457738
-0.368475
-0.063242
-0.052924
0.257247
0.190405
-0.503787
0.237669
0.385324
0.011384
-0.080687
-0.170437
0.108413
-0.108444
-0.391030
-0.215266
0.122295
-0.579209
0.297141
-0.123626
-0.025608
-0.208301
-0.511422
-0.100576
-0.339079
-0.188658
0.030414
0.093141
0.212041
0.317717
-0.074648
0.153303
0.063176
-0.659664
-0.176542
-0.206077
-0.204268
-0.287275
-0.056197
0.311278
0.007476
-0.185623
0.429596
0.184675
-0.130698
-0.000881
0.060363
-0.250168
-0.121423
-0.147109
-0.434827
-0.055322
0.121024
2.937792
0.292485
0.347357
0.238746
-0.008772
0.445896
0.228208
-0.333614
0.256672
-0.103126
0.119519
-0.098622
0.109027
-0.222945
-0.496277
-0.212572
3.006410
-0.066316
-0.515260
0.139596
0.026920
0.139804
-0.144218
0.220925
-0.562771
-0.131116
0.236280
0.241705
-0.185956
0.390456
-0.427400
0.270596
0.273082
-0.498598
-0.119602
0.360305
-0.433160
0.303940
-0.169651
-0.144668
-0.437147
-0.259831
0.134261
-0.185808
-0.401392
-0.261895
-0.332505
-0.086381
-0.102685
2.944764
-0.263123
-0.140592
-0.258256
0.011059
-0.212440
3.071622
-0.144160
-0.420383
-0.360149
-0.482991
-0.146217
-0.053775
0.330407
-0.052165
0.025704
-0.472025
-0.205622
-0.501879
-0.359212
0.284288
-0.017031
0.262882
0.016440
-0.087751
-0.088264
2.877620
0.100491
0.686267
-0.044160
-0.094723
-0.452815
0.309349
-0.292629
0.384420
-0.098931
0.177428
-0.214849
-0.099660
-0.148766
0.377465
-0.030255
-0.247662
0.137758
-0.161261
-0.191978
-0.181675
0.029557
0.407936
-0.141567
-0.472338
-0.171058
0.334046
-0.291642
0.005224
-0.172608
-0.030967
-0.294935
0.023897
0.297138
0.457538
0.369336
-0.417136
0.269308
-0.154945
0.116320
0.083566
-0.003391
0.018461
-0.145841
-0.104891
-0.454227
-0.232926
3.007877
0.311718
-0.116949
-0.117004
0.008123
-0.176664
-0.004322
0.062015
0.133521
-0.188284
-0.126513
-0.418617
0.272829
0.190062
-0.138499
-0.192614
-0.183588
3.132387
0.218464
-0.328141
0.265411
0.228760
-0.018164
-0.529883
-0.220479
-0.131209
-0.029353
2.908890
-0.143369
-0.175722
0.005134
0.335522
-0.334844
-0.466973
0.049905
0.358459
0.305831
0.329902
-0.394221
0.208031
-0.008373
0.312473
-0.448429
-0.227035
0.133813
0.447366
-0.076920
0.050636
0.116785
