-1.325818
0.000000
-2.214297
1.570796
-0.244979
-2.356194
-2.677945
-1.570796
-0.244979
-0.982794
1.815775
2.158799
0.927295
2.944197
0.463648
-2.761086
2.214297
3.141593
2.466852
2.677945
2.498092
1.570796
-1.570796
2.214297
0.588003
-2.944197
0.785398
0.321751
-1.768192
-2.896614
-2.034444
-2.761086
0.588003
-1.107149
2.356194
-1.373401
-0.927295
2.034444
-0.463648
-1.815775
-0.785398
-1.325818
0.000000
0.982794
-2.601173
-1.815775
2.761086
1.570796
-1.892547
2.158799
-0.643501
0.000000
2.677945
0.643501
-0.463648
-1.768192
1.107149
-1.570796
0.982794
-2.677945
2.896614
-0.982794
2.158799
2.761086
1.570796
-1.107149
3.141593
1.570796
-2.601173
-1.249046
0.588003
-1.249046
-1.107149
0.982794
-2.034444
0.244979
3.141593
-2.356194
2.034444
-2.761086
-1.815775
2.158799
-2.498092
1.325818
0.244979
-0.380506
1.570796
0.643501
3.141593
-0.244979
1.570796
0.588003
-1.325818
-1.768192
2.158799
-1.107149
2.498092
-2.214297
1.570796
2.677945
2.158799
1.570796
-2.214297
-2.677945
-0.588003
-0.643501
0.463648
-0.244979
2.976444
-2.761086
2.356194
0.321751
-2.356194
0.643501
-2.677945
2.214297
2.214297
-1.768192
1.325818
0.785398
-2.034444
-1.768192
-2.896614
-1.735945
0.244979
-1.570796
-0.321751
-2.677945
1.325818
-2.761086
-2.214297
-2.356194
-1.570796
3.141593
-2.896614
0.000000
1.107149
-0.321751
-2.111216
0.785398
-1.570796
-1.249046
-2.601173
0.982794
0.000000
0.000000
0.785398
0.244979
-0.785398
-0.785398
-1.190290
2.498092
3.141593
0.321751
0.244979
-0.982794
-1.373401
2.034444
-0.244979
-2.214297
-2.034444
-2.601173
-0.785398
-2.498092
-0.321751
-2.214297
2.944197
-1.107149
2.214297
2.356194
1.570796
1.815775
0.463648
1.325818
0.785398
2.896614
2.498092
-1.815775
0.588003
2.761086
1.570796
-2.761086
-2.111216
-0.643501
3.141593
-1.570796
-0.643501
2.356194
1.249046
1.325818
-1.107149
-0.927295
2.677945
1.249046
1.570796
-0.785398
-2.034444
0.244979
-2.356194
2.356194
-0.785398
1.570796
0.927295
-0.588003
0.785398
1.570796
1.325818
1.892547
-2.498092
1.107149
2.896614
-2.214297
-2.498092
-0.588003
1.815775
1.768192
-1.570796
2.034444
-1.190290
-1.951303
0.588003
-1.190290
2.677945
-1.107149
2.944197
-1.570796
0.321751
-1.325818
-2.677945
-1.325818
2.498092
-2.761086
0.588003
-0.463648
2.976444
-1.768192
0.000000
-1.107149
-2.356194
-2.356194
1.373401
-1.815775
2.356194
-0.643501
0.321751
1.815775
2.356194
-2.944197
0.982794
1.951303
2.944197
1.107149
-1.373401
-2.944197
0.785398
-1.190290
2.677945
2.976444
0.785398
-0.643501
-1.190290
1.951303
2.356194
-1.768192
2.944197
-0.197396
3.141593
-2.498092
-0.463648
-2.761086
0.927295
-0.463648
-2.498092
2.356194
-1.107149
-2.245537
-1.815775
-1.325818
1.325818
1.815775
0.785398
1.570796
-1.570796
2.356194
-0.643501
2.553590
-2.111216
1.570796
0.244979
2.976444
0.321751
2.896614
1.373401
0.785398
-2.111216
-0.982794
-0.927295
-1.405648
-0.463648
-0.321751
-0.785398
1.249046
2.034444
-0.197396
0.244979
-2.356194
-2.761086
2.761086
1.768192
-1.815775
0.244979
-2.356194
-2.356194
2.356194
0.785398
2.158799
2.034444
0.000000
-1.951303
-1.570796
-0.321751
-2.677945
1.768192
-1.768192
1.107149
-2.761086
2.034444
-0.643501
2.976444
1.815775
1.570796
1.107149
-1.325818
0.982794
1.249046
0.785398
-0.197396
-1.768192
1.570796
1.249046
-1.951303
-1.190290
2.896614
-0.380506
-1.951303
-1.815775
0.588003
-2.601173
-2.356194
0.785398
3.141593
-1.768192
2.356194
-1.768192
1.570796
-0.321751
-2.034444
-2.356194
-0.321751
-2.214297
1.249046
-1.570796
-1.373401
0.588003
-0.785398
2.356194
2.356194
2.214297
-1.570796
0.244979
3.141593
-2.034444
0.463648
-0.244979
-2.677945
0.982794
-2.601173
-1.373401
0.321751
0.244979
-2.896614
-1.570796
1.570796
-1.735945
2.356194
-2.111216
-1.373401
3.141593
2.498092
1.768192
0.588003
-2.356194
-2.761086
-0.463648
-2.677945
-1.190290
2.214297
0.588003
-1.107149
-0.927295
-1.570796
1.892547
-1.325818
0.000000
-1.405648
-0.785398
2.677945
0.927295
2.976444
3.141593
1.892547
-1.951303
2.944197
1.570796
1.570796
1.107149
-0.321751
0.982794
0.588003
0.244979
-2.356194
-2.356194
2.553590
2.034444
1.325818
1.951303
1.249046
-0.463648
1.570796
-1.030377
2.761086
2.896614
-1.190290
1.570796
-2.214297
0.588003
2.944197
-2.601173
-1.373401
0.785398
-0.540420
0.321751
2.944197
-0.463648
-2.761086
-1.951303
-1.768192
-2.819842
-0.785398
-2.214297
2.677945
2.034444
0.244979
-2.761086
2.976444
-0.927295
-1.373401
0.785398
-2.601173
-1.570796
1.570796
0.000000
-1.107149
-1.107149
-2.944197
-2.601173
-2.677945
-2.677945
-0.982794
2.034444
1.570796
2.498092
-2.498092
2.356194
2.761086
0.321751
-1.107149
0.321751
1.892547
1.107149
-2.677945
0.244979
1.570796
-2.976444
2.158799
-1.815775
-0.321751
-1.815775
-2.761086
-1.107149
-2.214297
0.785398
0.000000
1.768192
2.214297
2.677945
-0.588003
1.570796
1.373401
-2.761086
-0.982794
-1.570796
-1.768192
-2.356194
-2.034444
2.761086
1.249046
-2.034444
2.498092
-0.197396
-2.356194
0.785398
1.249046
-1.768192
1.325818
-1.815775
-2.944197
-0.463648
1.325818
3.141593
2.158799
1.892547
1.570796
1.107149
2.601173
1.815775
-2.677945
2.498092
0.463648
0.588003
0.000000
0.463648
0.321751
-2.944197
0.244979
3.141593
1.325818
-2.677945
-1.373401
-0.244979
1.570796
-1.107149
2.158799
-2.356194
-1.030377
2.356194
2.356194
-1.107149
2.944197
-2.466852
2.356194
2.158799
-2.498092
-0.197396
2.158799
-0.785398
2.356194
0.244979
-1.030377
-2.111216
-0.463648
1.815775
0.244979
-2.034444
0.321751
-2.245537
-0.927295
-1.107149
3.141593
0.000000
-2.356194
-2.214297
-0.540420
-1.325818
2.976444
0.785398
-2.896614
-2.034444
-2.976444
-2.214297
-0.244979
0.588003
-0.463648
0.463648
-1.768192
-2.498092
-2.976444
-2.761086
2.553590
-1.325818
2.356194
-0.927295
-1.190290
-0.982794
3.141593
0.000000
2.944197
-1.815775
-1.107149
-2.761086
2.498092
-2.245537
2.553590
-0.643501
2.034444
-1.107149
0.463648
-1.951303
2.896614
-0.244979
-1.570796
1.768192
-0.643501
-2.111216
-0.982794
-1.815775
2.677945
-1.768192
-2.944197
-0.588003
2.034444
-0.643501
1.768192
0.588003
1.570796
-2.677945
1.325818
2.498092
2.498092
2.896614
-2.498092
2.158799
-1.190290
2.158799
0.244979
-1.570796
0.000000
-2.214297
-1.249046
-2.601173
-1.373401
3.141593
2.158799
0.982794
-0.927295
-0.463648
-0.321751
-0.244979
1.892547
2.034444
-0.643501
-1.107149
-2.761086
1.892547
1.570796
0.785398
-1.570796
-1.373401
3.141593
1.768192
-1.768192
2.601173
1.951303
-1.570796
-2.677945
0.000000
-1.570796
0.982794
3.141593
-0.463648
-1.373401
0.000000
2.356194
-2.356194
-2.896614
0.321751
2.498092
2.761086
0.643501
-2.111216
2.356194
-0.463648
2.034444
-1.570796
-1.249046
1.570796
2.896614
-0.927295
-0.380506
0.321751
