-1.405648
2.034444
0.927295
1.373401
2.158799
-0.463648
2.111216
0.197396
-2.819842
-2.761086
0.000000
0.785398
-2.677945
0.588003
-2.498092
2.976444
-0.643501
-0.244979
2.111216
2.034444
-1.030377
2.677945
-2.245537
-0.643501
3.141593
2.158799
-1.570796
-0.244979
0.321751
1.249046
-1.325818
-1.951303
-1.405648
-1.190290
1.951303
-2.214297
0.785398
1.325818
1.325818
1.768192
-1.975688
-1.570796
-0.244979
-2.466852
-2.356194
0.321751
2.976444
-2.214297
-1.249046
-0.244979
-1.107149
2.356194
0.643501
1.815775
2.356194
-0.463648
2.158799
1.570796
3.141593
2.034444
0.000000
2.761086
2.677945
-2.999696
1.373401
-2.034444
2.158799
-1.107149
3.141593
0.197396
2.677945
-2.601173
0.000000
-2.944197
-0.588003
-0.244979
-0.896055
0.197396
-2.034444
1.325818
-1.570796
1.570796
1.570796
1.030377
-0.165149
1.768192
1.815775
-1.249046
0.165149
-0.643501
1.570796
2.158799
-1.107149
-0.244979
-2.111216
-2.466852
-2.034444
-1.107149
1.570796
0.463648
-1.768192
3.141593
1.249046
2.761086
2.553590
-1.325818
0.982794
-0.785398
-1.815775
0.785398
0.896055
2.761086
2.356194
-0.380506
2.677945
2.677945
1.735945
1.373401
-2.677945
-1.735945
-0.927295
-1.405648
2.976444
2.677945
-2.034444
-0.197396
-2.446854
3.141593
2.601173
-1.373401
-0.588003
1.570796
2.553590
-1.107149
2.034444
-1.951303
2.677945
-2.111216
0.000000
-1.892547
2.819842
2.677945
0.000000
-0.165149
2.677945
-0.896055
2.677945
-2.034444
1.951303
0.000000
-0.785398
-0.785398
1.107149
2.356194
2.158799
-0.927295
1.768192
-0.380506
2.356194
-2.498092
2.498092
-2.265535
-0.785398
1.892547
0.000000
-1.570796
2.466852
2.111216
0.197396
-0.588003
-1.768192
0.197396
0.540420
2.111216
-2.034444
0.540420
-1.570796
-1.325818
-2.466852
-2.944197
2.034444
-0.380506
-0.982794
0.244979
1.815775
-0.244979
3.141593
1.107149
1.570796
-0.463648
0.785398
3.141593
0.244979
-1.570796
-1.190290
-2.944197
2.976444
-0.643501
-2.466852
1.190290
-2.498092
-1.249046
-1.570796
2.466852
-1.735945
-1.570796
3.141593
-1.768192
-2.498092
0.785398
0.540420
-2.466852
-0.165149
1.325818
-1.249046
2.677945
-1.107149
-1.951303
-0.588003
-1.030377
-1.815775
0.982794
-2.736701
0.321751
0.321751
2.819842
2.356194
-2.214297
-1.570796
1.951303
-1.249046
2.356194
-1.570796
-1.405648
-2.677945
-1.570796
2.944197
-2.034444
2.034444
-2.999696
2.999696
2.356194
-1.951303
-1.030377
0.643501
1.570796
-1.892547
0.244979
-0.588003
2.498092
3.141593
-2.819842
1.570796
1.249046
-0.927295
-0.380506
2.896614
2.761086
1.892547
1.815775
-2.214297
-1.712693
-1.292497
-0.244979
-2.356194
-1.249046
1.712693
1.768192
-0.463648
2.761086
1.570796
0.785398
0.785398
-1.570796
0.165149
-1.768192
-2.034444
2.819842
3.141593
1.570796
-0.165149
1.570796
3.141593
-2.214297
-2.896614
0.000000
-1.107149
2.863293
0.643501
1.249046
-1.570796
2.944197
1.570796
1.768192
-2.356194
1.768192
2.761086
-1.768192
0.785398
-0.380506
-1.325818
-0.463648
-1.951303
-2.356194
-2.034444
-0.197396
-0.982794
3.141593
2.553590
2.498092
2.677945
-2.214297
-0.244979
-2.034444
-0.896055
0.380506
-1.373401
1.373401
-2.761086
0.321751
0.000000
2.601173
-2.761086
-1.570796
2.158799
3.141593
3.141593
2.761086
-0.982794
-0.785398
2.976444
-2.944197
-1.428899
-2.944197
-2.498092
0.927295
0.982794
-2.999696
-0.588003
1.815775
0.785398
1.325818
-2.677945
2.553590
2.466852
-1.735945
-1.892547
-1.373401
-0.674741
-2.976444
-0.927295
-2.819842
-2.944197
3.141593
-2.677945
-2.944197
2.498092
0.321751
0.000000
-2.677945
-2.245537
-1.849096
1.190290
0.785398
-0.321751
-1.373401
-0.244979
2.553590
-0.588003
3.141593
-2.466852
0.982794
-0.643501
2.498092
-2.214297
-0.380506
-1.951303
-0.540420
-1.249046
2.498092
1.325818
2.111216
-0.927295
-0.588003
1.815775
-1.892547
-1.405648
2.677945
-2.863293
2.498092
2.245537
2.944197
-2.677945
-1.768192
-1.570796
1.570796
1.107149
-2.976444
-2.761086
0.588003
0.197396
2.677945
-0.896055
-2.944197
0.197396
-0.785398
2.976444
2.863293
2.944197
2.158799
-1.892547
-0.643501
-1.951303
-2.736701
-0.463648
-0.197396
-1.249046
-1.030377
-1.325818
-2.677945
-2.034444
3.141593
-2.976444
-2.944197
-0.463648
0.785398
2.819842
-2.498092
-2.356194
3.141593
0.000000
-2.944197
-1.405648
1.815775
2.498092
2.896614
0.000000
2.158799
-2.158799
-2.677945
-2.265535
-1.570796
-2.245537
-1.030377
2.111216
-2.863293
2.356194
0.588003
2.677945
-0.785398
-2.944197
-1.405648
0.244979
2.466852
2.553590
1.892547
-0.463648
1.768192
0.321751
1.325818
0.463648
1.373401
1.249046
2.761086
0.643501
2.944197
-1.570796
-1.892547
-1.279340
1.892547
0.982794
0.000000
-2.245537
0.785398
-1.768192
-2.245537
-1.570796
3.141593
-2.034444
1.107149
0.000000
1.951303
-2.976444
-2.677945
-1.570796
-1.373401
-1.951303
-0.785398
1.405648
-1.373401
-1.107149
0.000000
0.000000
2.034444
-2.601173
3.141593
0.588003
0.000000
-2.761086
-2.677945
-1.373401
0.321751
0.244979
1.768192
0.321751
-0.785398
2.944197
1.570796
2.601173
-1.892547
2.498092
0.000000
1.570796
-0.785398
1.892547
2.896614
2.034444
3.141593
1.892547
-2.976444
0.896055
0.785398
0.244979
0.380506
1.570796
2.553590
1.405648
-2.677945
-2.034444
-1.951303
-0.927295
1.249046
-1.249046
3.141593
3.141593
-0.785398
3.141593
1.325818
-0.785398
-1.951303
3.141593
2.356194
-2.677945
3.141593
2.466852
2.677945
-1.325818
1.815775
1.107149
-0.321751
-1.768192
0.463648
1.768192
-2.677945
-2.111216
-1.570796
1.373401
-2.466852
2.158799
-0.197396
-0.197396
-2.944197
-2.944197
0.321751
2.356194
2.034444
-0.785398
-0.982794
1.030377
-0.785398
3.141593
1.249046
-2.944197
0.927295
0.321751
2.245537
-2.819842
2.601173
0.785398
2.356194
2.111216
-0.540420
1.373401
1.107149
-2.677945
2.356194
2.356194
-0.588003
-2.944197
2.677945
-1.249046
1.570796
0.000000
-2.498092
-0.321751
-0.588003
1.373401
3.141593
-2.356194
2.976444
1.892547
2.553590
-2.214297
-0.197396
-1.373401
1.951303
-1.325818
0.927295
-2.863293
0.165149
-1.570796
-1.107149
2.819842
-0.927295
1.030377
-0.927295
0.321751
0.982794
-0.463648
-0.380506
2.819842
-1.570796
-0.463648
-1.325818
2.819842
-2.356194
-1.951303
2.677945
-1.570796
-2.111216
2.677945
-1.030377
-0.785398
-2.158799
-1.570796
-2.761086
0.197396
-0.588003
2.356194
-1.951303
-1.570796
2.034444
-0.380506
0.643501
2.498092
-2.976444
-0.463648
2.761086
1.735945
0.000000
-1.768192
2.466852
2.034444
1.570796
2.356194
-1.768192
-2.214297
-2.601173
-0.785398
-2.498092
3.141593
1.249046
0.927295
2.976444
2.245537
2.356194
1.951303
-0.463648
-0.380506
-0.380506
-1.325818
-2.111216
-1.951303
-2.498092
-0.785398
1.570796
0.785398
0.927295
1.030377
-0.927295
0.321751
2.356194
-2.976444
-0.927295
0.785398
-1.768192
-0.588003
-1.107149
2.034444
-1.951303
