-0.844154
1.875307
-0.428778
0.218669
-1.026516
1.681454
0.107690
0.081452
-2.863293
-2.627987
-1.276562
3.103875
-2.061960
-2.274410
2.322873
-0.152649
0.809784
-2.619758
2.446854
1.864385
1.373401
-1.219352
-1.127348
2.642246
0.226799
-2.218608
0.832981
1.179096
0.769526
2.152701
2.723368
-2.235571
1.862253
-2.034444
-1.860300
-2.459276
-0.256151
1.732171
2.187093
1.653938
-1.054566
1.363300
1.034361
0.472907
2.805954
-2.356194
1.158386
-2.034444
1.398606
-0.281232
-2.087027
0.574305
-1.405648
-1.570796
-1.051650
1.390943
0.823841
-1.165905
1.744042
-2.259721
-2.007423
0.967047
-0.900275
-2.700413
-2.066348
-2.084402
0.558599
-0.260602
-0.869942
2.402316
-1.037952
-2.866167
-2.619189
1.772559
-1.468590
0.663203
-1.828120
2.241940
1.965587
-2.632522
-3.009041
2.083186
-0.703614
-1.194835
0.499347
-1.622033
0.899652
-1.821799
-1.066630
-1.048962
1.039072
-0.179853
2.710900
2.308611
1.622033
-2.284887
1.735945
0.704494
0.596199
3.075024
-1.828120
1.416478
-2.124091
2.287808
-1.838707
-1.310194
-1.190290
1.453688
-1.277207
-0.244979
-0.439843
1.719686
-2.422763
-0.132552
-2.372586
-0.931882
-2.819842
0.487836
2.587285
0.085505
1.138389
-2.612003
-0.596199
-1.806341
0.885067
2.293776
0.886502
1.168926
-1.319106
3.066733
-1.825979
-1.837048
-0.183943
-1.002272
-0.113792
-2.619189
1.968424
-2.736701
-0.726642
0.065125
1.295370
2.745151
-2.098871
-2.086345
1.356736
1.377585
1.727398
-2.422763
-2.060754
-1.959115
-2.726101
0.223477
1.768192
3.141593
1.337053
1.549061
3.024484
-0.367174
-1.792111
-0.888480
0.029403
1.347320
-2.723368
-2.701750
-0.478352
-2.709185
-2.151553
3.062809
1.623379
0.849825
-2.657115
-1.117458
0.504166
-1.809406
-2.320495
-2.532903
-1.424784
0.846546
2.146221
-1.809406
0.674741
1.240499
-2.151553
2.253113
-0.367174
3.011890
-0.453339
-2.841421
-0.356220
-0.150371
-0.129703
-2.723368
-2.566168
-3.094010
0.841942
-2.466852
0.608689
-1.975688
0.907593
3.089010
-2.789548
2.034444
2.007423
-1.892547
1.462526
-2.526930
1.665748
0.967047
-0.868539
1.616220
2.427502
-1.757776
2.059130
0.705568
-2.819842
2.756988
1.951303
2.593043
0.706199
1.624798
-2.326791
-1.107149
1.803353
-1.490966
-1.884417
2.516957
0.463648
-2.730528
0.055499
-1.071450
-0.256151
0.186979
2.542417
0.027020
-1.039072
0.816638
-1.936544
1.107149
-0.134321
-2.466852
-0.612538
2.589938
1.181480
-2.435394
2.106608
2.034444
0.321751
-1.986288
1.960113
0.088656
2.920278
-2.322873
1.494024
-2.677945
-0.671606
0.385883
1.155304
-0.260602
0.767856
1.006227
3.056691
2.291768
-2.450256
0.561163
2.223643
3.023103
0.512389
2.420621
2.466852
-1.975688
1.570796
2.004750
-2.944197
-2.191046
-1.419781
0.000000
-1.014630
-0.540420
-1.249046
-1.884417
2.057696
-2.060754
2.699218
-1.614247
0.207496
-0.691337
2.124091
-0.110657
-2.891614
-0.740652
2.508844
-2.772897
2.677945
2.391894
-0.055499
-0.606988
-1.004067
0.027020
2.293776
-0.887087
-2.736701
1.310194
2.873682
2.585426
-0.594214
0.314232
2.743070
-3.091634
-2.609869
2.308611
1.791625
-1.748889
2.857799
0.046478
1.468590
0.078784
-1.955401
0.990794
0.555494
-1.545802
1.570796
1.926432
-2.649107
0.193211
-3.099950
2.289626
-2.064738
-0.424832
3.121987
-2.819842
2.866683
-0.266252
0.328553
-1.786881
-1.435269
0.913721
1.308676
-2.446854
2.972491
-2.931953
1.314645
-1.598567
2.219792
-1.810028
2.856862
-1.545802
0.755995
-0.536911
1.905533
1.939492
-1.913820
0.165149
1.002272
-1.484058
-2.427502
0.612538
-2.281706
1.186192
-0.785398
1.729452
0.365747
-0.922985
-2.214297
1.135443
2.605157
-0.321751
-1.975688
2.992703
1.117458
-1.194835
0.558599
-0.563316
2.819842
-1.410034
2.516108
-2.080389
-1.664273
-3.086094
-0.540420
-3.121187
-1.097440
0.921801
1.055247
0.404892
-1.240499
1.929567
-2.594030
-2.634494
-2.356194
2.001489
-1.825164
-0.329624
2.236766
2.173084
2.170847
0.632749
1.283515
2.983824
-1.457004
-1.063698
-1.867342
-1.054566
-1.681454
-0.346539
-0.337878
2.021458
-2.478390
0.293589
-0.021736
2.022950
-2.208345
3.141593
-0.726642
0.244979
0.694738
-0.655696
-3.098142
-2.063282
2.539305
1.460139
2.219792
-2.931953
0.426627
-1.352127
2.873226
-2.677945
3.113822
2.582993
0.976037
-2.219128
-0.181649
2.005467
-3.097177
2.606638
2.665897
0.000000
-2.712815
0.160763
0.266252
-2.339803
0.000000
-1.414194
1.270625
2.582993
-2.073640
0.321751
2.034444
-0.761013
-2.089942
-2.340323
2.450256
-1.124691
2.934096
1.410034
-1.480136
1.912412
0.499347
-1.618379
-1.650626
-1.869295
-0.390607
2.697173
-2.677945
-3.103875
-2.137526
-2.624898
0.124355
2.201198
-2.701750
-0.489957
0.439843
-1.837048
-0.193211
-0.687671
1.519559
-0.453339
-1.623379
-0.803578
-2.251318
1.839163
0.785398
-2.586099
2.121182
2.718739
-2.909036
-1.789465
1.030377
0.104877
0.055499
-2.169215
-2.560836
-2.594030
1.320818
1.249046
2.627987
-1.870967
3.119374
2.931953
0.054002
0.408149
0.880996
0.404892
-1.453688
0.388319
0.476467
-2.391894
2.553590
-0.785398
1.127348
2.045807
-2.000559
-0.472907
-3.039386
2.697173
0.755995
0.428778
-2.129396
3.141593
-0.755995
-1.044730
-0.965252
1.623379
0.956133
1.157107
-2.292451
2.121182
-2.276365
-2.769525
-0.218669
2.568627
0.145310
-2.003204
0.218669
0.963809
-2.443690
-2.668237
1.886011
-0.137066
-1.794273
0.922985
1.478040
1.529154
1.763497
-0.224711
-2.626044
-2.765102
2.952394
1.828120
0.606988
-0.124355
1.676781
1.463106
1.432157
-0.221314
1.716809
2.837082
-2.455863
-1.692639
2.463473
2.619189
0.805003
-0.312901
-1.385448
-2.176341
1.107149
0.896055
-0.798731
-0.113792
1.342300
-0.617191
-1.735945
-0.612538
-3.010765
2.845047
1.083897
-1.883698
0.839890
1.026516
0.278300
2.271651
1.220068
-2.729182
-0.617756
1.289024
1.773842
-0.799890
-2.860360
-1.373401
0.512389
2.577023
1.512041
1.242243
-2.079867
-1.773118
2.502207
2.746802
-2.896614
0.700854
3.141593
-2.518922
2.125104
-1.570796
2.147989
1.716809
-2.463473
2.514850
-2.775845
-2.573068
-2.739722
2.253113
0.944053
-0.768451
2.805954
2.417343
2.665897
-0.724866
0.228497
-0.982794
2.241318
1.609992
-0.045423
1.249046
-0.226799
-0.827627
0.026310
1.135443
-2.256526
-2.906870
-2.910502
-1.412141
-0.547562
2.281706
1.614247
-1.169568
-3.092851
-0.076772
-0.523919
-1.405648
2.411693
-0.697903
0.956133
-0.420663
0.939717
1.934775
-2.422763
-2.116451
-2.546833
-0.610726
0.231091
2.307054
0.802346
2.804918
0.804264
0.321751
-0.352990
0.965252
-1.299849
1.615212
-1.886011
-0.711459
-3.094010
-1.915444
1.242676
-1.570796
1.118018
2.819842
1.415201
-2.634494
-0.504861
-2.135946
-1.432790
-2.877629
2.952394
-1.614247
2.291768
1.718646
-0.502843
2.034444
1.719686
2.732685
-1.980924
2.794531
0.355636
0.157769
-2.509902
0.000000
3.005190
-1.883698
2.736701
2.582993
