-1.249046
6.494279
-2.231839
1.463106
-0.150371
-2.238102
-2.809533
-7.780941
-0.286051
5.474536
1.489892
1.951303
7.086763
2.995580
0.389317
3.526750
1.999574
15.652465
2.484518
2.228685
2.588298
1.474323
-1.537475
2.158799
6.962599
3.197091
6.974522
6.730705
-8.036150
-3.013269
-2.187093
3.398916
6.907208
-1.047518
2.219128
-1.332187
-0.887087
1.712693
-0.231091
-8.116976
-0.830821
-1.161888
0.025635
7.159243
-2.622447
-7.922838
8.971999
1.212026
-8.110133
2.199593
-0.475011
6.459894
2.553590
6.906385
-0.270947
-1.701624
1.044730
-1.405648
7.435757
-2.919511
2.626044
-0.946773
8.234488
2.546833
7.777210
-0.939717
9.227382
7.760505
-2.750986
-1.272297
0.571337
-1.096945
-0.887087
7.138238
-8.377260
6.595227
9.186942
-2.234842
1.975688
3.350616
-1.635223
2.021458
-2.536048
7.478021
6.589064
-0.284730
1.595791
6.836480
3.027801
-0.083141
1.240499
0.572966
-1.063698
-8.051377
2.064738
-0.849141
2.314552
-8.497483
1.489892
2.480549
2.034444
1.474323
-2.149871
3.306741
-0.579074
5.832524
0.463648
-0.258771
9.259629
-2.803714
2.321725
6.919694
-2.226492
0.732815
-2.761086
2.096863
2.066348
-8.013895
1.348714
0.823841
-2.105751
-8.051377
3.321446
-1.719686
6.673792
-1.424784
-0.120624
-2.505084
7.514689
3.368392
-2.333976
-2.694073
-1.405648
-3.338988
-2.904744
6.361969
7.233732
5.902679
-2.322873
0.551655
-1.301629
-1.138389
-2.642246
7.141624
0.078784
0.097253
0.732815
-6.064516
5.626110
-0.785398
-1.142018
2.629203
9.424778
6.852498
6.554132
-0.759763
-1.205595
1.873681
-0.113792
-2.306236
-1.963136
-2.588298
-0.602287
-2.545394
-0.000000
-8.275401
2.819842
-0.827041
2.010639
2.283154
1.365401
1.768192
6.792778
1.355439
7.031563
2.880990
2.337329
-8.114584
0.449760
2.453921
1.465919
-2.919511
-8.486730
-0.544864
3.071938
4.762347
-0.595410
2.241318
7.510958
1.176005
-0.962994
-0.785398
2.618314
7.343493
1.570796
-0.605545
-2.021458
0.251690
-2.301703
2.261243
-0.613207
7.879617
0.982794
5.902679
0.942000
1.400061
1.051650
7.889681
-2.396173
0.921801
2.723368
-8.331327
-2.537843
-0.478352
1.792878
8.051377
-1.449444
2.068139
-0.932477
-2.106608
0.661043
-0.872894
2.498092
-1.019141
2.819842
-1.304544
0.478352
-1.279340
-2.709185
-1.249046
2.250210
-2.819842
6.888730
-0.428778
2.827361
-1.730709
0.158655
-0.901157
-8.541653
-2.306236
7.621425
-8.058000
2.178598
-0.441179
6.536859
8.008978
2.356194
3.202125
7.159243
1.862253
2.859038
7.195176
-1.158386
-2.938547
0.496423
-1.199905
2.606638
2.890590
0.732815
-0.544864
-1.162647
2.010639
2.322873
-1.757776
3.039386
-0.048742
-3.230249
-2.377468
-0.238609
3.386571
7.104283
-0.489957
-2.622447
2.077895
-1.035841
-2.191046
-8.043970
-1.122073
1.332187
7.820661
0.730907
7.821735
-7.670871
2.282255
-0.588003
2.279423
-2.158799
7.736873
0.117109
2.761086
0.340979
8.992370
1.410034
7.032884
-2.068139
-0.785398
-0.846546
-1.325818
-0.424194
-0.110657
-0.763180
1.269876
2.034444
6.067100
0.380506
-2.530867
-2.954613
2.568627
1.468590
-1.881795
0.340979
-2.425849
-2.261243
2.158799
7.094219
1.892547
2.034444
0.104877
-1.828120
-1.482789
-0.152649
-2.589938
1.570796
-1.832916
-5.154763
-2.619189
8.128149
-0.499347
2.863293
7.947458
1.537475
1.274251
-1.152572
7.346883
1.203622
0.804264
6.400294
-7.912737
1.457004
1.060308
-8.200520
-1.142018
2.662073
-0.202322
-1.986288
-1.637364
6.981845
-2.746802
-2.391894
6.919694
9.237799
-1.748392
2.377468
-1.756144
7.495211
-0.253674
-2.116451
-2.337329
-0.099669
-2.158799
1.091277
-1.415800
-1.241172
6.834840
-0.566729
2.335789
2.131960
2.158799
-1.190290
0.321751
3.038511
-1.862253
0.767856
6.103332
-2.655971
0.763180
-2.690140
-1.169568
6.697692
0.278300
-3.067654
-7.853982
1.497756
-1.748392
2.251318
-2.034444
-1.699120
3.048116
2.375800
1.645656
6.903435
-2.254506
3.500363
-0.404892
-2.677945
-1.096396
2.129396
0.555494
-1.008875
-0.767218
-1.707863
7.891002
-1.123276
0.114877
-1.302430
5.669978
2.577023
0.876058
-3.357678
-3.141593
1.707863
-1.975688
2.802300
1.401018
1.420425
-5.061160
0.066568
7.141624
6.684414
0.177596
-8.545319
-2.283154
2.310771
1.983207
7.438490
1.997424
1.176005
-0.231091
1.343997
-1.063698
2.733444
9.146478
-1.199905
1.438245
-2.191046
7.018625
2.811295
-2.471071
5.204198
6.953707
-0.519146
6.793674
2.665125
-0.270947
-2.866683
-8.175732
-7.907983
-2.902983
-0.664046
-2.096863
2.446854
1.992216
0.113792
3.372683
2.877629
-0.911990
-1.257895
7.009828
-2.666582
-1.487655
7.885221
0.211093
-0.975386
-0.974597
-2.896614
-2.574863
-2.767259
-2.663240
-0.694738
8.142957
1.502720
2.378413
-2.618314
2.140110
2.605781
0.332059
-0.933248
6.604936
7.930754
7.378286
-2.810497
6.425082
7.770840
3.214633
1.881795
-1.862253
-0.137066
-1.540503
-2.761086
-1.144169
-2.269456
7.135152
0.176709
1.719686
2.083186
2.553590
-0.424194
1.453688
7.356639
3.354531
-0.855053
-1.420425
-1.684588
-2.303611
-8.164980
2.701750
7.419311
-2.142134
2.492597
-0.141897
-8.486730
0.806672
7.390334
-1.745469
7.584814
-1.695151
-3.003587
-0.380506
7.502537
9.274407
2.111216
1.637364
1.368475
7.173460
2.425051
1.735945
-2.904744
2.373737
6.856151
0.354706
-0.117109
0.394791
6.512417
-2.902983
6.492208
9.259629
7.541940
-2.709185
-7.733358
-0.244979
1.570796
-0.876058
1.992216
-2.034444
-0.752077
2.142134
2.332943
-1.055247
2.827972
-2.323948
2.122451
2.300696
-2.503273
-0.099669
1.875307
5.718616
2.399645
6.688077
-0.922464
-2.089942
6.085790
1.647568
6.547149
-2.094075
6.761538
-2.034444
-0.691337
-0.939717
9.362359
6.352042
-8.565441
-2.184004
-0.522403
-1.093451
9.197979
7.151725
9.424778
-2.176341
-2.963996
-8.575636
-0.231091
0.367174
-0.424194
0.602287
4.481298
-8.705948
-3.089010
-2.837082
2.331809
-1.249046
1.992216
-0.654083
-1.009633
-0.785398
2.934096
-0.024995
2.782822
-8.076064
-1.040581
-2.803714
2.396173
-2.372586
2.378413
-0.463648
1.867342
-0.965252
0.439843
-8.191860
2.736701
-0.244979
-1.495936
1.596432
-0.499347
-2.224879
-0.737815
-8.037092
2.530867
-8.072651
-3.220377
-0.610726
1.983207
5.902679
7.777210
6.806464
7.595211
-2.765632
7.349816
2.166206
2.439336
2.572279
-2.429235
2.187093
-1.155304
8.246322
0.270947
-7.826211
-0.057081
-8.457731
-1.118018
-2.530867
-1.325818
9.424778
2.167973
7.229959
-0.896055
-0.408908
-0.197396
0.000000
8.030690
8.209618
-0.580756
-0.990040
-2.712815
1.570796
1.380808
7.104283
-1.393200
-1.224257
9.209420
1.651700
-1.598567
2.532903
1.975688
-1.460139
3.345611
6.448334
-1.307802
7.292060
15.670943
-0.337878
-1.325818
0.088007
2.338015
-2.299651
-2.970857
0.197396
2.245537
2.666582
-5.856558
-2.209116
2.258468
-0.237836
1.859772
-1.727398
-1.234122
1.477320
2.586099
-0.724250
-0.394791
0.397079
