2.432966
2.533791
1.206817
-2.081285
-0.309703
-1.356736
-2.408778
-2.718739
1.637364
1.951303
0.729900
2.158799
-2.878598
2.148698
2.618314
-2.437099
-2.067219
1.236059
0.755104
-3.105894
1.315614
-0.510488
-1.035841
-1.282741
2.196281
1.418147
-1.642104
0.348771
2.645170
1.325818
-0.479519
0.945311
0.840897
-0.729900
-2.018316
0.000000
-0.086738
3.075024
2.616797
2.356194
-3.105894
-0.577902
1.390943
-1.781890
-2.634494
2.743070
-0.394791
-1.225241
0.732815
1.854590
-2.356194
0.482513
-2.300696
-1.570796
1.249046
-0.588003
-1.849096
1.016489
0.499347
-0.992894
2.178598
0.499347
0.073939
-1.690225
-1.806341
-3.107124
1.123276
-1.644735
0.114877
0.832981
-0.558599
-3.099950
-1.325818
2.896614
-2.408778
-0.244979
-0.179853
2.774419
-1.667270
-3.098142
-0.189988
3.094010
1.866237
3.072736
0.172191
1.797595
-2.533791
-2.251318
1.216091
1.091277
0.616297
2.270689
-0.597177
-3.064821
-2.930499
-2.553590
2.970857
1.141034
0.830821
1.208252
-0.047583
-0.657889
2.659079
-3.041924
1.138389
-0.598419
-1.183921
-1.681454
0.597177
1.971037
2.634494
1.781890
-2.356194
2.692869
-2.221873
0.039979
0.124355
-0.919720
-0.283794
-0.278300
-0.960070
0.291457
-0.870903
2.429235
2.191046
2.050316
-2.111216
-2.857799
-2.525296
2.067219
1.007480
2.937575
2.647651
-2.697173
-1.508378
1.335251
-2.483704
0.135528
1.176005
0.962994
0.499347
-2.117585
-1.008875
1.849096
2.506566
1.614247
1.858852
2.593043
-0.726642
-1.074374
-1.451367
-1.570796
-0.669639
3.061763
-2.466852
0.158655
0.502843
0.103082
3.026716
-3.026716
2.819842
1.225241
0.309703
0.885067
-3.022164
-1.533776
-0.708626
1.570796
-0.927295
-2.565217
-0.482513
-2.831890
2.714965
-0.214061
-0.664046
0.919720
-0.651077
2.792822
0.546789
2.148698
0.463648
-1.183921
-1.871717
-2.137526
1.418147
0.426627
2.386488
-0.229232
0.076772
0.236849
1.929567
-0.367174
0.890275
-2.488746
-1.753907
-1.196463
-1.768192
-0.992894
-0.034469
-1.428899
-0.141897
2.191046
0.519146
-2.199593
-0.896055
-1.707863
0.152649
1.707863
-0.106736
-0.278300
-1.691420
-1.216091
-0.496423
-2.578276
-1.833791
-0.148890
-2.034444
-0.106736
-3.041924
-2.104505
-1.650626
-2.411693
2.403778
2.306236
-2.018316
1.833791
3.050933
1.997424
1.876675
0.992894
2.753274
-3.017238
0.158655
-0.278300
1.951303
-2.694073
-2.594804
-2.994514
-0.218669
-2.819842
-2.067219
-0.602287
-0.496423
2.645170
-1.730709
1.980924
2.034444
2.228685
1.993650
1.642104
1.532354
0.726642
-2.964884
2.111216
1.677532
2.819842
2.677945
-0.076772
2.607884
-1.387686
0.558599
-1.390943
0.244979
3.099950
1.343997
1.428899
-0.982794
-0.418224
2.831890
-1.902856
-3.105894
0.099669
-0.610726
2.999696
-2.843094
1.004067
-1.971037
-0.837981
0.429762
1.196463
3.034857
0.038443
-0.598419
2.356194
2.102520
1.176005
-1.794273
-0.197396
0.840897
-0.524796
-0.266252
1.496857
2.034444
-1.878849
2.768605
2.843094
0.165149
-2.067219
-2.516108
-2.050316
-1.287002
-0.429762
0.372988
-0.866302
0.785398
-2.356194
0.255182
1.170556
1.789465
-2.863293
0.295441
0.935770
-1.249046
-0.235545
1.225241
3.026716
-1.735945
3.104573
3.141593
0.972377
-2.835714
2.613518
-2.018316
-1.760785
1.071450
0.422854
0.189988
2.878598
2.459276
-2.461071
-2.380580
-0.566729
2.437099
-1.570796
-2.647651
2.731465
2.622447
2.279423
-3.103150
1.123276
0.992894
-1.916352
-1.869295
2.553590
-0.954499
-1.249046
0.588003
0.840897
1.661456
0.352990
-1.380808
0.685730
-1.824470
3.098142
-2.016902
-0.551655
0.712358
-2.572279
-1.428899
-2.455863
2.148698
0.635027
-1.916352
-1.203622
0.811034
1.212026
0.927295
-1.501940
-1.919567
2.147172
-2.731465
0.844154
-0.119429
2.169215
-0.037020
-1.520838
-0.588003
-0.811034
1.212026
0.643501
-1.480136
0.000000
1.975688
-0.837981
-0.106736
-1.496857
1.533776
0.372988
-2.768605
-0.380506
-1.262744
0.000000
0.891383
2.727086
-2.833540
1.236059
0.484478
-2.181522
-0.480887
-0.588003
-1.700499
2.647651
-2.073640
1.460139
-2.627141
2.574863
-0.205395
-1.815775
-1.712693
3.091634
1.750650
-0.244979
2.122451
0.996491
2.660705
0.563316
2.279423
-0.158655
-2.786887
1.262744
0.000000
1.804540
0.129703
1.607816
-1.639653
-1.570796
0.298499
1.030377
-2.994514
1.412141
2.461071
-3.030935
0.837981
-3.067654
0.235545
0.463648
0.835357
-0.404892
2.964884
0.189988
-1.074374
-2.677945
-3.024484
-2.677945
-2.158799
-0.345556
1.520838
2.594804
0.071307
0.756835
0.750929
-1.012197
-0.546789
2.441700
-1.352127
-1.673878
-2.432966
1.304544
-1.570796
1.670465
0.179853
0.141897
-1.455920
-3.061763
-0.358771
-1.292497
-0.158655
1.335251
-2.323948
-3.070285
-1.156289
-1.405648
-1.536327
2.286540
-3.070285
-1.609239
0.942000
-2.988943
2.498092
-1.147942
-0.566729
-0.429762
-2.125104
-0.037020
1.325818
-2.406153
2.782822
0.657889
0.661043
1.156289
1.275355
-0.514451
-0.870903
-1.570796
2.587285
1.639653
-1.833791
-2.587285
-2.049149
0.463648
-0.664046
-2.843094
0.588003
3.034857
0.576375
0.620249
0.962994
1.176005
-1.359703
0.043451
2.199593
0.124355
-0.636508
-1.123276
-0.551655
1.451367
-1.343997
0.035699
-1.170556
0.837981
-2.886410
-0.218669
-2.399645
1.451367
1.570796
2.085248
2.306236
-0.358771
-2.173084
2.727086
-1.677532
0.308053
0.309703
0.298499
1.352127
2.013171
1.423718
1.623379
0.954499
2.303611
1.535097
-0.643501
0.000000
2.117585
2.976444
3.026716
0.994421
-0.197396
2.746802
0.334737
2.015216
1.797595
2.461071
0.699893
-3.017238
-2.490516
1.858852
-2.125104
-0.345556
3.004526
-0.934288
-1.685673
-1.160669
-2.533791
2.976444
0.972377
0.657889
-0.444419
-1.030377
2.657115
1.016489
-1.971037
-2.178598
1.310194
2.786887
-0.602287
-2.692869
-1.703348
0.519146
0.598419
2.480549
-1.141034
-1.807645
1.156289
-1.160669
0.785398
1.742987
-2.466852
3.058451
0.844154
0.380506
0.197396
0.785398
-0.558599
0.493941
-0.183111
-2.411693
-2.498092
-2.293776
0.354706
2.053310
-0.429762
-2.723368
0.244979
-1.723446
-1.315614
1.236059
2.104505
-2.970857
0.628796
1.071450
-2.015216
-0.218669
0.176709
-0.588003
1.024007
-2.704965
1.570796
-1.152572
0.607802
2.356194
0.086738
-2.723368
-2.205823
-2.572279
1.904041
-1.012197
2.181522
-2.936197
1.190290
-1.190290
-1.604117
-0.273009
-1.904041
1.609239
-1.515298
2.994514
-0.546789
1.735945
0.628796
1.533776
1.024007
-2.408778
2.003204
-1.366778
1.499489
0.000000
-2.098871
1.343997
1.985303
-0.137066
-2.976444
2.300696
-0.912908
-2.731465
2.191046
-1.249046
2.331809
2.480549
-2.647651
-0.741947
-2.601173
0.835357
0.890275
3.050933
-2.432966
0.835357
-1.776192
-0.183111
0.870903
-1.825979
3.104573
-0.073939
-0.679414
-1.989021
2.622447
1.925502
-0.651077
-2.283154
0.813962
-0.038443
1.234122
1.616220
-0.628796
2.662073
2.356194
-2.886410
2.306236
-1.063698
1.107149
