-1.071450
2.051684
1.107149
1.653938
2.070143
0.000000
2.231839
0.463648
-2.601173
-2.525296
0.218669
1.058407
-2.677945
0.837981
-2.181522
3.141593
-0.141897
0.086738
2.490516
2.129396
-0.732815
2.746802
-2.050316
-0.309703
3.104573
2.158799
-1.141034
0.172191
0.345556
1.261093
-0.896055
-1.965587
-1.076855
-0.813962
2.053310
-2.117585
1.071450
1.685673
1.325818
1.929567
-1.570796
-1.141034
0.158655
-2.325901
-2.214297
0.704494
3.105894
-1.869295
-1.051650
-0.073939
-0.726642
2.483704
0.815692
1.905533
2.214297
-0.073939
2.089942
1.781890
-2.999696
2.117585
0.348771
2.782822
2.659079
-2.857799
1.480136
-1.776192
2.176341
-0.813962
-2.988943
0.674741
2.660705
-2.512796
0.038443
-2.741352
-0.273009
-0.114877
-0.463648
0.668289
-1.685673
1.365401
-1.225241
1.570796
1.533776
1.249046
0.380506
1.951303
1.934775
-0.811034
0.502843
-0.278300
1.533776
2.303611
-0.982794
0.094952
-1.980924
-2.498092
-1.800028
-0.726642
1.570796
0.756835
-1.366778
-3.105894
1.365401
3.030935
2.695487
-1.012197
1.160669
-0.499347
-1.685673
0.972377
0.945311
2.749253
2.530867
0.110657
2.660705
2.958482
1.959115
1.609239
-2.300696
-1.297788
-0.651077
-1.056345
-2.964884
2.774419
-1.742987
0.135528
-2.473303
-2.937575
2.846152
-0.992894
-0.358771
1.695151
2.490516
-0.759763
2.214297
-1.532354
2.627141
-1.747505
0.205395
-1.570796
2.914794
2.976444
0.235545
0.235545
2.808348
-0.759763
2.662073
-1.729452
2.073640
0.262995
-0.432408
-0.404892
1.315614
2.543174
2.098871
-0.620249
2.051684
-0.141897
2.498092
-2.432966
2.432966
-1.951303
-0.480887
2.098871
0.334737
-1.275355
2.782822
2.330559
0.463648
-0.183111
-1.570796
0.643501
0.758378
2.283154
-1.985303
0.785398
-1.190290
-1.016489
-2.034444
-2.906048
2.148698
-0.099669
-0.729900
0.756835
1.760785
0.211093
-3.070285
1.275355
1.570796
-0.110657
1.212026
-3.026716
0.499347
-1.206817
-0.847817
-2.831890
2.907849
-0.214061
-2.199593
1.487655
-2.574863
-1.004067
-1.570796
2.695487
-1.412141
-1.183921
3.104573
-1.639653
-2.279423
1.197809
0.847817
-2.289626
0.079830
1.412141
-0.962994
2.786887
-0.708626
-1.768192
-0.295441
-0.694738
-1.650626
1.236059
-2.543174
0.674741
0.546789
2.918116
2.134113
-1.951303
-1.237552
2.275290
-0.890275
2.384758
-1.373401
-1.089909
-2.441700
-1.325818
2.914794
-1.904041
2.411693
-2.857799
3.099950
2.383215
-1.789465
-0.847817
0.811034
1.614247
-1.614247
0.499347
-0.158655
2.613518
3.072736
-2.727086
1.690225
1.446441
-0.482513
-0.038443
-3.103150
2.843094
1.570796
1.677532
-2.094075
-1.412141
-1.016489
0.000000
-2.205823
-0.935770
1.776192
1.768192
-0.110657
2.982937
1.753907
1.176005
0.906750
-1.304544
0.444419
-1.677532
-2.104505
3.101614
-2.930499
1.380808
0.165149
1.768192
-2.922924
-2.125104
-2.878598
0.147078
-0.755104
-3.105894
0.844154
1.343997
-1.197809
2.994514
1.653938
2.111216
-2.167973
1.892547
3.011890
-1.380808
1.176005
0.255182
-1.107149
-0.158655
-1.637364
-2.064738
-1.815775
0.283794
-0.577902
3.141593
2.563691
2.330559
2.731465
-1.929567
0.152649
-1.781890
-0.554307
0.699893
-1.269876
1.735945
-2.533791
0.447520
0.283794
2.768605
-2.466852
-1.343997
2.221873
-2.922924
3.064821
2.914794
-0.729900
-0.528074
3.101614
-2.930499
-1.091277
-2.819842
-2.533791
1.190290
1.156289
-2.918116
-0.446106
1.858852
1.037088
1.428899
-2.607884
2.473303
2.753274
-1.382575
-1.605265
-1.297788
-0.288055
-2.846152
-0.546789
-2.455863
-2.808348
-2.857799
-2.498092
-2.774419
2.631104
0.298499
0.321751
-2.627141
-1.797595
-1.673878
1.325818
1.056345
-0.110657
-1.197809
0.273009
2.731465
-0.158655
3.141593
-2.178598
1.176005
-0.524796
2.613518
-2.049149
-0.086738
-1.869295
0.000000
-0.680521
2.466852
1.451367
2.300696
-0.295441
-0.448723
1.869295
-1.494024
-1.024007
2.853537
-2.761086
2.631104
2.380580
-3.104573
-2.563691
-1.536327
-1.203622
1.690225
1.141034
-2.999696
-2.727086
0.847817
0.680521
2.697173
-0.643501
-2.796037
0.643501
-0.479519
3.011890
3.099950
2.896614
2.221873
-1.467715
-0.253674
-1.858852
-2.408778
-0.354706
0.037020
-0.858439
-0.812419
-1.037088
-2.631104
-1.833791
-2.840672
-2.746802
-2.853537
-0.223477
0.960070
2.887919
-2.491722
-2.051684
-2.853537
0.380506
-2.774419
-1.212026
1.904041
2.543174
2.819842
0.179853
1.980924
-1.934775
-2.563691
-1.934775
-1.107149
-1.985303
-0.664046
2.231839
-2.563691
2.432966
0.927295
2.846152
-0.554307
-2.796037
-1.123276
0.607802
2.607884
2.587285
1.997424
-0.183111
1.843805
0.533708
1.570796
0.785398
1.570796
1.418147
2.887919
1.016489
2.988943
-1.496857
-1.609239
-1.107149
2.169215
1.249046
0.273009
-1.975688
0.950547
-1.297788
-2.000559
-1.352127
-2.982937
-1.653938
1.261093
0.295441
2.125104
-2.846152
-2.356194
-1.352127
-1.024007
-1.644735
-0.480887
1.570796
-1.012197
-0.866302
0.129703
0.205395
2.064738
-2.297439
3.104573
0.732815
0.262995
-2.582993
-2.543174
-0.960070
0.680521
0.607802
2.147172
0.680521
-0.566729
3.141593
1.653938
2.887919
-1.616220
2.533791
0.363979
1.455920
-0.616297
2.000559
2.868584
1.965587
-2.806856
2.147172
-2.809533
1.138389
0.902507
0.463648
0.628796
1.609239
2.660705
1.446441
-2.613518
-1.685673
-1.843805
-0.554307
1.532354
-0.866302
-2.937575
-2.951604
-0.426627
-3.103150
1.570796
-0.519146
-1.723446
2.988943
2.303611
-2.543174
-2.853537
2.505084
2.782822
-1.024007
1.854590
1.297788
0.038443
-1.536327
0.674741
2.067219
-2.533791
-1.971037
-1.261093
1.525373
-2.178598
2.034444
0.147078
0.045423
-2.677945
-2.970857
0.732815
2.383215
2.169215
-0.429762
-0.620249
1.480136
-0.463648
3.104573
1.387686
-2.741352
1.016489
0.499347
2.437099
-2.746802
2.796037
0.927295
2.498092
2.125104
-0.233743
1.776192
1.499489
-2.553590
2.477546
2.505084
-0.410127
-2.843094
2.565217
-0.844154
1.570796
0.321751
-2.231839
0.039979
-0.205395
1.661456
-2.976444
-2.251318
-3.054854
1.806341
2.533791
-2.000559
0.211093
-1.004067
2.270689
-0.942000
1.325818
-2.796037
0.484478
-1.176005
-0.785398
2.906048
-0.546789
1.190290
-0.651077
0.499347
1.225241
-0.348771
-0.135528
3.103150
-1.325818
-0.073939
-1.042722
3.141593
-2.034444
-1.677532
2.843094
-1.124691
-1.768192
2.951604
-0.668289
-0.480887
-1.690225
-1.373401
-2.490516
0.524796
-0.244979
2.329174
-1.610775
-1.249046
2.085248
-0.073939
0.902507
2.731465
-2.543174
-0.083141
2.988943
1.997424
0.334737
-1.533776
2.677945
2.148698
1.719686
2.607884
-1.570796
-1.937970
-2.356194
-0.566729
-2.137526
3.141593
1.412141
0.785398
3.026716
2.356194
2.613518
2.051684
-0.047583
0.099669
0.079830
-0.992894
-1.869295
-1.747505
-2.297439
-0.546789
1.690225
1.107149
1.172274
1.304544
-0.563316
0.620249
2.437099
-2.711830
-0.694738
0.896055
-1.532354
-0.309703
-0.811034
2.098871
-1.717875
