-0.982794
0.429762
-2.070143
1.647568
0.141897
-1.963136
-2.746802
-1.152572
0.068856
-0.680521
1.747505
2.187093
1.056345
2.976444
0.429762
-2.563691
2.158799
-3.105894
2.706922
2.441700
2.887919
1.380808
-1.494024
2.356194
0.866302
-2.930499
0.935770
0.576375
-1.499489
-2.951604
-2.117585
-2.723368
0.680521
-0.912908
2.408778
-1.076855
-0.628796
2.300696
-0.183111
-1.843805
-0.651077
-0.896055
0.106736
1.060308
-2.477546
-1.609239
3.026716
1.529154
-1.703348
2.034444
-0.345556
0.262995
2.490516
0.808650
-0.183111
-1.570796
1.297788
-1.460139
1.124691
-2.761086
2.622447
-0.862170
2.089942
2.754717
1.494024
-0.832981
-3.104573
1.570796
-2.533791
-0.954499
0.718830
-0.912908
-0.735440
1.123276
-1.965587
0.554307
3.070285
-2.137526
1.985303
-2.878598
-1.610775
2.111216
-2.379446
1.533776
0.546789
0.000000
1.824470
0.657889
-2.922924
0.189988
1.496857
0.890275
-1.012197
-1.753907
2.098871
-0.735440
2.607884
-1.989021
1.677532
2.483704
2.199593
1.717875
-1.971037
-2.796037
-0.309703
-0.444419
0.812419
0.124355
3.107124
-2.505084
2.406153
0.756835
-2.050316
0.992894
-2.627141
2.178598
2.306236
-1.535097
1.460139
0.972377
-2.148698
-1.653938
-2.878598
-1.607816
0.554307
-1.261093
0.037020
-2.437099
1.373401
-2.727086
-2.221873
-2.521343
-1.237552
-3.107124
-2.906048
0.183111
1.237552
-0.103082
-2.050316
0.902507
-1.212026
-0.942000
-2.432966
0.982794
0.253674
0.444419
0.726642
0.610726
-0.418224
-0.598419
-0.919720
2.731465
-3.105894
0.499347
0.546789
-0.699893
-1.124691
2.018316
0.068856
-2.137526
-1.951303
-2.245537
-0.372988
-2.543174
0.043451
-1.892547
3.034857
-0.651077
2.221873
2.067219
1.356736
1.729452
0.732815
1.530818
0.960070
3.034857
2.437099
-1.570796
0.704494
2.727086
1.797595
-2.786887
-2.098871
-0.262995
-2.964884
-1.352127
-0.463648
2.432966
1.287002
1.333948
-0.906750
-0.704494
2.731465
1.123276
1.717875
-0.446106
-1.869295
0.480887
-2.117585
2.329174
-0.400241
1.723446
1.343997
-0.214061
0.970746
1.530818
1.438245
1.690225
-2.234842
1.190290
2.853537
-2.070143
-2.303611
-0.189988
1.880499
1.880499
-1.373401
2.158799
-0.785398
-1.712693
0.919720
-0.712358
2.594804
-0.870903
3.064821
-1.212026
0.668289
-1.156289
-2.553590
-1.156289
2.381830
-2.642246
0.896055
-0.197396
3.104573
-1.647568
0.141897
-0.759763
-2.085248
-2.137526
1.605265
-1.717875
2.191046
-0.345556
0.283794
1.843805
2.251318
-2.970857
0.962994
2.207305
2.988943
1.176005
-1.088283
-2.906048
0.519146
-0.832981
2.782822
2.988943
0.994421
-0.283794
-0.982794
2.245537
2.563691
-1.533776
3.058451
0.262995
-2.930499
-2.251318
-0.083141
-2.645170
1.156289
-0.358771
-2.490516
2.381830
-0.885067
-1.858852
-1.892547
-0.992894
1.455920
1.529154
1.001483
1.647568
-1.412141
2.383215
-0.380506
2.383215
-1.916352
1.532354
0.367174
3.045119
0.600050
2.922924
1.729452
0.962994
-1.797595
-0.729900
-0.785398
-1.190290
-0.141897
-0.114877
-0.620249
1.418147
1.997424
0.068856
0.463648
-2.221873
-2.741352
2.958482
1.904041
-1.685673
0.519146
-2.329174
-2.169215
2.356194
0.896055
1.869295
2.003204
0.496423
-1.644735
-1.423718
0.000000
-2.533791
1.753907
-1.605265
1.310194
-2.477546
1.943784
-0.332059
3.038511
1.776192
1.681454
1.464061
-1.237552
1.225241
1.307802
1.071450
0.152649
-1.700499
1.729452
1.160669
-1.892547
-0.927295
2.768605
0.000000
-1.717875
-1.532354
0.870903
-2.483704
-2.117585
0.919720
3.141593
-1.455920
2.330559
-1.607816
1.315614
-0.114877
-2.000559
-2.067219
0.079830
-2.085248
1.074374
-1.203622
-1.042722
0.635027
-0.482513
2.406153
2.408778
2.251318
-1.212026
0.566729
3.061763
-1.781890
0.950547
-0.076772
-2.563691
0.960070
-2.521343
-1.056345
0.519146
0.394791
-2.951604
-1.203622
1.501940
-1.499489
2.383215
-1.753907
-1.504228
3.099950
2.677945
1.797595
0.950547
-2.270689
-2.582993
-0.204018
-2.695487
-0.832981
2.329174
0.756835
-0.866302
-0.566729
-1.373401
1.570796
-1.249046
0.129703
-1.107149
-0.400241
2.761086
1.107149
-3.038511
-2.796037
1.806341
-1.753907
2.951604
1.464061
1.570796
1.412141
0.183111
1.071450
0.674741
0.372988
-2.214297
-2.356194
2.512796
1.843805
1.428899
2.191046
1.236059
-0.114877
1.335251
-0.808650
2.964884
2.951604
-0.972377
1.530818
-1.892547
0.811034
2.982937
-2.331809
-0.973620
0.992894
-0.211093
0.598419
2.958482
-0.041643
-2.622447
-1.806341
-1.467715
-2.808348
-0.394791
-1.892547
2.563691
2.283154
0.429762
-2.709185
3.072736
-0.628796
-1.071450
0.960070
-2.330559
-1.467715
1.610775
0.103082
-0.704494
-0.835357
-2.613518
-2.383215
-2.727086
-2.618314
-0.704494
2.129396
1.807645
2.505084
-2.429235
2.181522
2.761086
0.514451
-0.942000
0.446106
1.695151
1.343997
-2.677945
0.348771
1.446441
-2.951604
1.878849
-1.774814
0.000000
-1.610775
-2.662073
-0.902507
-1.957672
0.972377
0.255182
1.971037
2.279423
2.819842
-0.114877
1.690225
1.405648
-2.727086
-0.809784
-1.387686
-1.647568
-2.228685
-1.797595
2.922924
1.249046
-2.125104
2.645170
0.000000
-2.178598
1.107149
1.236059
-1.607816
1.373401
-1.712693
-2.863293
-0.158655
1.165905
-3.067654
2.111216
1.753907
1.681454
0.927295
2.677945
1.904041
-2.782822
2.694073
0.664046
0.566729
0.076772
0.668289
0.463648
-2.727086
0.444419
3.104573
1.487655
-2.406153
-1.272297
0.165149
1.685673
-0.729900
1.904041
-1.881795
-0.588003
2.286540
2.432966
-0.919720
2.930499
-2.234842
2.384758
2.125104
-2.158799
0.253674
2.095592
-0.298499
2.383215
0.704494
-0.704494
-1.839964
0.000000
1.904041
0.480887
-1.985303
0.643501
-1.797595
-0.479519
-1.030377
-3.105894
0.235545
-2.137526
-2.067219
-0.345556
-1.060308
2.982937
0.935770
-3.103150
-1.768192
-2.853537
-2.199593
0.071307
0.444419
-0.394791
0.785398
-1.605265
-2.381830
-2.922924
-2.622447
2.329174
-1.394087
2.256526
-0.577902
-0.785398
-0.896055
-3.064821
0.158655
2.714965
-1.685673
-0.835357
-2.627141
2.543174
-1.971037
2.553590
-0.432408
2.117585
-0.759763
0.566729
-1.717875
2.868584
-0.183111
-1.359703
1.869295
-0.176709
-1.989021
-0.674741
-1.612439
2.530867
-1.537475
-2.964884
-0.278300
2.073640
-0.235545
1.768192
0.732815
1.606495
-2.607884
0.945311
2.505084
2.563691
2.711830
-2.356194
2.178598
-0.972377
2.300696
0.484478
-1.212026
0.124355
-1.965587
-1.042722
-2.381830
-1.160669
-3.103150
2.129396
1.071450
-0.546789
-0.288055
0.039979
0.129703
1.951303
2.089942
-0.321751
-0.785398
-2.455863
1.723446
1.365401
1.091277
-1.237552
-1.197809
2.994514
1.951303
-1.496857
2.662073
2.073640
-1.460139
-2.782822
0.309703
-1.380808
1.176005
3.141593
-0.038443
-1.249046
0.218669
2.490516
-2.034444
-2.694073
0.345556
2.461071
3.034857
0.785398
-1.989021
2.356194
-0.119429
2.104505
-0.942000
-0.840897
1.681454
2.731465
-0.533708
-0.106736
0.496423
