-1.047518
2.158799
1.146602
1.707863
2.134113
-0.119429
2.356194
0.493941
-2.544416
-2.483704
0.262995
1.170556
-2.541542
0.840897
-2.191046
3.141593
-0.093477
0.041643
2.442933
2.181522
-0.708626
2.792822
-2.122451
-0.369334
3.141593
2.205823
-1.197809
0.083141
0.426627
1.315614
-0.902507
-1.781890
-1.149377
-0.712358
2.064738
-2.070143
1.165905
1.667270
1.365401
1.989021
-1.600200
-1.141034
0.205395
-2.245537
-2.158799
0.668289
3.110353
-1.916352
-0.885067
0.041643
-0.661043
2.553590
0.851966
1.905533
2.297439
-0.037020
2.205823
1.735945
-2.994514
2.053310
0.340979
2.840672
2.677945
-2.859038
1.606495
-1.703348
2.245537
-0.785398
-2.994514
0.690446
2.714965
-2.429235
0.124355
-2.711830
-0.244979
-0.076772
-0.463648
0.674741
-1.612439
1.446441
-1.237552
1.653938
1.735945
1.222025
0.310998
2.007423
1.985303
-0.785398
0.375271
-0.141897
1.647568
2.329174
-0.902507
0.158655
-1.849096
-2.265535
-1.779819
-0.724250
1.653938
0.785398
-1.373401
-3.072736
1.480136
2.986596
2.714965
-1.037088
1.222025
-0.410127
-1.647568
0.982794
1.080839
2.809533
2.525296
0.103082
2.753274
2.922924
1.902856
1.633215
-2.333976
-1.379612
-0.704494
-1.035841
-3.009041
2.806856
-1.633215
0.278300
-2.312744
-2.958482
2.792822
-1.030377
-0.283794
1.794273
2.587285
-0.732815
2.191046
-1.570796
2.731465
-1.807645
0.205395
-1.501940
2.889038
2.867425
0.253674
0.209023
2.857799
-0.661043
2.677945
-1.735945
2.034444
0.273009
-0.410127
-0.404892
1.418147
2.591739
2.181522
-0.588003
2.034444
-0.088007
2.537843
-2.406153
2.553590
-1.892547
-0.426627
2.034444
0.321751
-1.310194
2.729182
2.308611
0.534955
-0.079830
-1.496857
0.690446
0.805803
2.220667
-1.929567
0.785398
-1.156289
-1.016489
-2.122451
-2.843094
2.221873
0.071307
-0.643501
0.732815
1.880499
0.141897
-3.022164
1.236059
1.570796
-0.071307
1.122073
-2.937575
0.514451
-1.122073
-0.708626
-2.808348
-3.107124
-0.343024
-2.245537
1.499489
-2.466852
-0.827041
-1.490966
2.677945
-1.279340
-1.239700
-3.101614
-1.570796
-2.228685
1.249046
0.891383
-2.292451
0.165149
1.496857
-0.965252
2.831890
-0.674741
-1.609239
-0.214061
-0.478352
-1.650626
1.275355
-2.504044
0.694738
0.540420
2.981680
2.245537
-1.916352
-1.212026
2.261243
-0.891383
2.480549
-1.335251
-1.107149
-2.425849
-1.332960
3.022164
-1.905533
2.356194
-2.896614
-3.111299
2.383215
-1.742987
-0.851966
0.851966
1.741532
-1.508378
0.533708
-0.165149
2.627141
3.141593
-2.692869
1.784857
1.487655
-0.510488
0.034469
-3.099950
2.988943
1.729452
1.753907
-2.050316
-1.341564
-1.066630
0.073939
-2.060754
-0.891383
1.873681
1.839964
-0.110657
3.017238
1.806341
1.183921
1.051650
-1.238737
0.631079
-1.650626
-1.892547
3.141593
-2.896614
1.532354
0.170735
1.750650
-2.857799
-2.070143
-2.819842
0.262995
-0.718830
-3.110353
0.880350
1.405648
-1.107149
2.988943
1.653938
1.963136
-2.135366
1.849096
3.077166
-1.451367
1.212026
0.176709
-1.004067
-0.165149
-1.609239
-1.989021
-1.808632
0.211093
-0.540420
-3.101614
2.587285
2.490516
2.711830
-1.929567
0.273009
-1.687905
-0.477345
0.739975
-1.317122
1.635223
-2.572279
0.576375
0.312042
2.863293
-2.437099
-1.275355
2.297439
-2.906048
-3.061763
2.896614
-0.610726
-0.613207
3.141593
-2.878598
-1.069192
-2.868584
-2.441700
1.173717
1.197809
-2.850136
-0.422854
1.943784
1.004067
1.412141
-2.510513
2.578276
2.847358
-1.333948
-1.570796
-1.225241
-0.222082
-2.634494
-0.577902
-2.536048
-2.831890
-2.840672
-2.473303
-2.727086
2.677945
0.410127
0.392340
-2.587285
-1.792878
-1.570796
1.318242
1.124691
0.000000
-1.074374
0.295441
2.717398
-0.244979
-3.067654
-2.289626
1.249046
-0.218669
2.642246
-1.916352
0.165149
-1.797595
-0.068856
-0.832981
2.607884
1.494024
2.425849
-0.309703
-0.358771
1.854590
-1.633215
-1.025141
2.922924
-2.736701
2.627141
2.314552
-3.077166
-2.521343
-1.460139
-1.160669
1.760785
1.203622
-2.896614
-2.695487
0.813962
0.607802
2.944197
-0.551655
-2.796037
0.528074
-0.414507
3.141593
-3.110353
2.906048
2.297439
-1.538549
-0.262995
-1.789465
-2.414950
-0.298499
0.170735
-0.855053
-0.655696
-0.962994
-2.587285
-1.776192
-2.853537
-2.819842
-2.896614
-0.071307
1.067953
3.004526
-2.408778
-2.018316
-2.704965
0.380506
-2.727086
-1.122073
1.971037
2.607884
2.906048
0.309703
2.070143
-1.801887
-2.553590
-1.901094
-1.107149
-1.853351
-0.643501
2.429235
-2.629203
2.473303
0.935770
2.912361
-0.482513
-2.808348
-1.227772
0.588003
2.664247
2.622447
2.047264
-0.235545
1.922241
0.554307
1.570796
0.761013
1.607816
1.412141
3.004526
1.035841
3.026716
-1.335251
-1.538549
-0.950547
2.208345
1.304544
0.321751
-1.902856
0.982794
-1.394087
-2.005467
-1.307802
-2.944197
-1.656302
1.249046
0.351445
2.094075
-2.809533
-2.310771
-1.343997
-1.016489
-1.650626
-0.410127
1.684588
-1.004067
-0.813962
0.135528
0.205395
2.117585
-2.214297
-3.022164
0.758378
0.235545
-2.512796
-2.634494
-0.906750
0.708626
0.620249
2.111216
0.758378
-0.463648
-3.103150
1.690225
2.838708
-1.570796
2.601173
0.372988
1.610775
-0.400241
2.089942
2.906048
2.104505
-2.761086
2.094075
-2.829551
1.146602
1.042722
0.514451
0.580003
1.657535
2.753274
1.540503
-2.627141
-1.536327
-1.760785
-0.432408
1.482789
-0.785398
-2.872425
-2.930499
-0.295441
-3.022164
1.532354
-0.477345
-1.723446
3.058451
2.356194
-2.553590
-2.800614
2.561590
2.753274
-1.024007
1.975688
1.359703
0.154997
-1.535097
0.674741
2.005467
-2.441700
-1.916352
-1.272297
1.605265
-2.208345
2.053310
0.252554
0.197396
-2.723368
-2.906048
0.785398
2.356194
2.208345
-0.394791
-0.548549
1.394087
-0.414507
-3.107124
1.487655
-2.761086
1.055247
0.668289
2.514850
-2.634494
2.809533
0.962994
2.642246
2.231839
-0.176709
1.768192
1.348714
-2.514850
2.461071
2.563691
-0.321751
-2.863293
2.601173
-0.807617
1.612439
0.229232
-2.270689
0.041643
-0.129703
1.609239
-2.850136
-2.279423
-3.013269
1.905533
2.574863
-1.929567
0.124355
-0.972377
2.226492
-0.902507
1.307802
-2.586099
0.493941
-1.136126
-0.837981
3.077166
-0.546789
1.216091
-0.554307
0.482513
1.236059
-0.137066
-0.062419
3.141593
-1.165905
-0.079830
-1.016489
3.141593
-2.111216
-1.644735
2.838708
-1.124691
-1.712693
2.951604
-0.637549
-0.426627
-1.815775
-1.343997
-2.383215
0.624023
-0.205395
2.446854
-1.609239
-1.197809
2.148698
-0.033321
0.920926
2.663240
-2.595938
-0.034469
2.896614
2.062606
0.404892
-1.496857
2.691833
2.214297
1.839964
2.553590
-1.487655
-1.929567
-2.396173
-0.410127
-2.148698
-2.994514
1.398606
1.047518
3.112189
2.334921
2.642246
2.101012
-0.068856
0.103082
0.117109
-0.982794
-1.913820
-1.717875
-2.270689
-0.491809
1.735945
0.999459
1.196463
1.318242
-0.463648
0.668289
2.446854
-2.809533
-0.610726
0.870903
-1.570796
-0.295441
-0.758378
2.129396
-1.712693
