-1.147942
0.334737
-2.119346
1.484058
0.000000
-2.137526
-2.770701
-1.287002
0.045423
-0.745419
1.657535
2.158799
1.107149
2.992703
0.499347
-2.607884
2.223643
-3.050933
2.711830
2.508844
2.642246
1.460139
-1.460139
2.414950
0.785398
-2.875341
0.817645
0.588003
-1.612439
-2.884269
-2.083186
-2.753274
0.665969
-0.896055
2.386488
-1.279340
-0.682317
2.214297
-0.094952
-1.687905
-0.708626
-0.996491
0.083141
0.968509
-2.506566
-1.570796
2.886410
1.484058
-1.760785
2.122451
-0.444419
0.174672
2.629203
0.726642
-0.321751
-1.653938
1.088283
-1.465919
1.130954
-2.567288
2.788602
-0.856706
2.057696
2.731465
1.446441
-0.856706
3.141593
1.520838
-2.541542
-1.037088
0.748378
-1.051650
-0.785398
0.968509
-1.910089
0.512389
3.050933
-2.083186
2.010639
-2.850136
-1.719686
2.214297
-2.567288
1.347320
0.463648
-0.197396
1.750650
0.722979
-3.050933
0.000000
1.428899
0.755104
-1.012197
-1.735945
2.142134
-0.785398
2.553590
-2.034444
1.657535
2.526930
2.145101
1.727398
-2.057696
-2.701750
-0.412410
-0.418224
0.598419
0.045423
3.141593
-2.622447
2.356194
0.665969
-2.185459
0.817645
-2.634494
2.223643
2.181522
-1.570796
1.363300
0.902507
-2.010639
-1.706324
-2.944197
-1.650626
0.482513
-1.325818
0.049958
-2.475623
1.234122
-2.677945
-2.077895
-2.508844
-1.299849
3.141593
-2.838708
0.135528
1.172274
-0.165149
-2.191046
0.862170
-1.231504
-1.071450
-2.601173
0.982794
0.172191
0.363979
0.741947
0.404892
-0.643501
-0.548549
-1.107149
2.761086
-3.050933
0.463648
0.422854
-0.632749
-1.086318
1.862253
-0.045423
-2.203545
-1.989021
-2.384758
-0.484478
-2.459276
0.058756
-1.969319
2.969402
-0.750929
2.158799
2.236766
1.512041
1.801887
0.563316
1.471128
0.917950
2.999696
2.418613
-1.675673
0.602287
2.677945
1.570796
-2.835714
-2.196281
-0.348771
-2.982937
-1.398606
-0.372988
2.418613
1.284745
1.304544
-0.982794
-0.714091
2.723368
1.107149
1.675673
-0.507099
-1.862253
0.444419
-2.205823
2.356194
-0.463648
1.661456
1.262744
-0.207496
0.965252
1.687905
1.249046
1.756144
-2.289626
1.147942
2.855541
-1.989021
-2.452668
-0.270947
1.735945
1.919567
-1.365401
2.125104
-0.909753
-1.837048
0.819867
-0.722979
2.582993
-0.896055
3.046641
-1.279340
0.463648
-1.083897
-2.601173
-1.107149
2.498092
-2.699218
0.856706
-0.295441
3.017238
-1.670465
0.278300
-0.856706
-2.223643
-2.236766
1.529154
-1.681454
2.236766
-0.363979
0.412410
1.828120
2.319174
-2.944197
0.968509
2.034444
3.036716
1.067953
-1.063698
-2.953371
0.571337
-1.067953
2.723368
2.936197
0.828849
-0.363979
-0.994421
2.158799
2.441700
-1.480136
-3.098142
0.197396
-3.061763
-2.284887
-0.129703
-2.677945
1.067953
-0.418224
-2.466852
2.297439
-0.896055
-2.070143
-1.703348
-1.130954
1.390943
1.620755
0.876058
1.620755
-1.325818
2.323948
-0.463648
2.432966
-1.866237
1.421906
0.352990
2.951604
0.531724
2.976444
1.480136
0.935770
-1.919567
-0.714091
-0.682317
-1.222025
-0.336675
0.058756
-0.643501
1.414194
2.158799
0.000000
0.439843
-2.293776
-2.777614
2.753274
1.706324
-1.841743
0.442374
-2.284887
-2.203545
2.279423
0.904827
2.034444
1.961403
0.348771
-1.742987
-1.363300
0.000000
-2.498092
1.794273
-1.729452
1.249046
-2.506566
2.010639
-0.404892
2.944197
1.778293
1.570796
1.365401
-1.107149
1.107149
1.180189
0.881872
-0.141897
-1.570796
1.712693
1.231504
-1.876675
-0.881872
2.870646
-0.129703
-1.768192
-1.620755
0.785398
-2.530867
-2.214297
0.904827
3.050933
-1.612439
2.393215
-1.665748
1.325818
-0.174672
-2.077895
-2.073640
0.055499
-2.129396
1.134169
-1.264917
-1.182478
0.558599
-0.519146
2.356194
2.356194
2.259721
-1.267911
0.507099
-3.086094
-1.862253
0.876058
0.000000
-2.622447
0.938047
-2.446854
-1.147942
0.463648
0.422854
-2.976444
-1.451367
1.490966
-1.657535
2.356194
-1.959115
-1.405648
-3.036716
2.516108
1.657535
0.888480
-2.223643
-2.677945
-0.266252
-2.701750
-0.960070
2.325901
0.785398
-0.888480
-0.661043
-1.352127
1.626295
-1.107149
0.117109
-1.262744
-0.531724
2.657115
1.022247
3.017238
-2.927532
1.789465
-1.825979
2.918116
1.523213
1.475845
1.398606
0.156602
0.982794
0.652847
0.295441
-2.134113
-2.245537
2.508844
1.907471
1.337053
1.951303
1.267911
-0.148890
1.325818
-0.982794
2.936197
2.976444
-1.126377
1.460139
-1.951303
0.745419
3.006065
-2.356194
-1.234122
0.785398
-0.348771
0.588003
2.863293
-0.179853
-2.695487
-1.907471
-1.570796
-2.714965
-0.588003
-1.993650
2.553590
2.223643
0.336675
-2.718739
3.098142
-0.755104
-1.165905
0.945311
-2.441700
-1.527345
1.623379
0.244979
-0.917950
-0.938047
-2.753274
-2.480549
-2.677945
-2.567288
-0.708626
2.073640
1.768192
2.466852
-2.553590
2.279423
2.736701
0.418224
-0.856706
0.463648
1.703348
1.234122
-2.699218
0.278300
1.570796
-2.936197
1.929567
-1.681454
-0.110657
-1.618379
-2.697173
-0.917950
-2.077895
0.856706
0.174672
1.776192
2.196281
2.659079
-0.244979
1.665748
1.304544
-2.777614
-0.785398
-1.471128
-1.665748
-2.191046
-1.841743
2.736701
1.267911
-1.907471
2.697173
0.141897
-2.196281
0.888480
1.212026
-1.616220
1.363300
-1.629552
-2.863293
-0.257324
1.373401
-3.091634
2.191046
1.789465
1.570796
1.030377
2.761086
1.892547
-2.701750
2.638749
0.600050
0.540420
0.000000
0.540420
0.390607
-2.875341
0.370891
3.089010
1.363300
-2.498092
-1.292497
0.045423
1.670465
-0.748378
2.057696
-2.119346
-0.620249
2.245537
2.427502
-0.927295
2.927532
-2.300696
2.319174
2.191046
-2.297439
0.076772
2.137526
-0.442374
2.432966
0.540420
-0.870903
-1.965587
-0.045423
1.794273
0.442374
-2.129396
0.540420
-1.929567
-0.600050
-0.956133
3.091634
0.231091
-2.170847
-2.095592
-0.363979
-1.063698
3.099950
0.956133
-3.036716
-1.719686
-2.927532
-2.196281
-0.045423
0.463648
-0.291457
0.600050
-1.700499
-2.390664
-3.017238
-2.638749
2.316216
-1.158386
2.279423
-0.524796
-0.896055
-0.745419
-3.098142
0.129703
2.999696
-1.675673
-0.785398
-2.677945
2.488746
-2.117585
2.498092
-0.446106
1.993650
-0.856706
0.463648
-1.804540
2.819842
-0.148890
-1.365401
1.784857
-0.278300
-2.053310
-0.748378
-1.570796
2.657115
-1.657535
-2.969402
-0.404892
2.129396
-0.278300
1.706324
0.708626
1.527345
-2.565217
1.083897
2.418613
2.567288
2.750986
-2.356194
2.236766
-1.107149
2.245537
0.404892
-1.347320
0.049958
-2.013171
-1.030377
-2.516108
-1.249046
-3.086094
2.203545
0.968509
-0.643501
-0.270947
-0.165149
0.000000
1.910089
2.034444
-0.463648
-0.785398
-2.530867
1.687905
1.504228
0.945311
-1.315614
-1.182478
3.094010
1.849096
-1.570796
2.697173
2.034444
-1.428899
-2.819842
0.305879
-1.325818
1.128422
3.141593
-0.205395
-1.264917
0.197396
2.356194
-2.134113
-2.770701
0.305879
2.452668
2.875341
0.643501
-2.089942
2.321725
-0.197396
2.034444
-1.451367
-1.016489
1.620755
2.804918
-0.574305
-0.172191
0.463648
