-1.141034
2.034444
0.954499
1.529154
2.057696
-0.197396
2.178598
0.345556
-2.582993
-2.657115
0.099669
1.051650
-2.654693
0.714091
-2.323948
2.999696
-0.321751
-0.058756
2.303611
2.102520
-0.762147
2.701750
-2.221873
-0.496423
3.094010
2.102520
-1.373401
-0.049958
0.305879
1.234122
-0.982794
-1.943784
-1.272297
-0.962994
1.929567
-2.119346
1.042722
1.533776
1.249046
1.929567
-1.703348
-1.217806
0.156602
-2.306236
-2.199593
0.632749
2.976444
-2.055274
-1.071450
-0.052583
-0.745419
2.393215
0.732815
1.735945
2.245537
-0.291457
2.083186
1.675673
-3.094010
1.989021
0.253674
2.727086
2.526930
-2.970857
1.487655
-1.916352
2.145101
-0.956133
-3.096169
0.566729
2.629203
-2.541542
0.055499
-2.804918
-0.370891
-0.197396
-0.588003
0.463648
-1.778293
1.313473
-1.382575
1.465919
1.626295
1.208252
0.110657
1.741532
1.880499
-0.927295
0.244979
-0.410127
1.520838
2.223643
-1.083897
0.094952
-1.965587
-2.429235
-1.892547
-0.946773
1.570796
0.668289
-1.525373
3.141593
1.460139
2.808348
2.654693
-1.130954
1.152572
-0.507099
-1.759018
0.938047
1.008875
2.753274
2.437099
-0.079830
2.629203
2.749253
1.797595
1.359703
-2.512796
-1.533776
-0.718830
-1.176005
-3.099950
2.723368
-1.904041
0.165149
-2.425849
-3.096169
2.631104
-1.182478
-0.352990
1.681454
2.629203
-0.851966
2.013171
-1.712693
2.567288
-1.975688
0.099669
-1.760785
2.887919
2.754717
0.086738
0.066568
2.804918
-0.761013
2.539305
-1.841743
1.943784
0.179853
-0.439843
-0.558599
1.325818
2.429235
2.129396
-0.688924
1.833791
-0.170735
2.425849
-2.553590
2.459276
-2.081285
-0.512389
1.910089
0.233743
-1.423718
2.536048
2.117585
0.380506
-0.218669
-1.618379
0.480887
0.664046
2.104505
-2.013171
0.607802
-1.304544
-1.180189
-2.275290
-2.961739
2.095592
-0.110657
-0.674741
0.614663
1.665748
0.086738
-3.094010
1.063698
1.515298
-0.223477
1.004067
-2.922924
0.418224
-1.335251
-0.815692
-2.953371
2.988943
-0.447520
-2.381830
1.356736
-2.567288
-1.012197
-1.570796
2.645170
-1.412141
-1.359703
3.141593
-1.665748
-2.388441
1.180189
0.712358
-2.408778
0.037020
1.382575
-1.060308
2.723368
-0.851966
-1.759018
-0.305879
-0.635027
-1.719686
1.107149
-2.631104
0.558599
0.439843
2.853537
2.203545
-2.055274
-1.373401
2.137526
-1.060308
2.399645
-1.414194
-1.269876
-2.490516
-1.438245
2.850136
-2.010639
2.203545
-3.004526
3.072736
2.289626
-1.849096
-0.962994
0.708626
1.530818
-1.606495
0.422854
-0.257324
2.488746
3.036716
-2.796037
1.675673
1.313473
-0.576375
-0.119429
3.046641
2.863293
1.570796
1.670465
-2.170847
-1.501940
-1.183921
-0.047583
-2.077895
-1.012197
1.800028
1.685673
-0.233743
2.878598
1.620755
1.004067
0.927295
-1.317122
0.345556
-1.759018
-2.010639
2.930499
-3.026716
1.347320
0.073939
1.626295
-3.050933
-2.185459
-2.870646
0.090660
-0.858439
3.004526
0.704494
1.264917
-1.279340
2.896614
1.570796
1.723446
-2.286540
1.735945
2.878598
-1.570796
1.039072
0.000000
-1.107149
-0.305879
-1.750650
-2.125104
-1.913820
0.129703
-0.665969
3.091634
2.526930
2.452668
2.677945
-2.055274
0.094952
-1.862253
-0.708626
0.588003
-1.428899
1.418147
-2.660705
0.439843
0.141897
2.768605
-2.526930
-1.363300
2.214297
-2.961739
3.094010
2.804918
-0.708626
-0.636508
3.022164
-2.953371
-1.249046
-2.896614
-2.508844
1.030377
1.128422
-2.964884
-0.540420
1.789465
0.927295
1.325818
-2.645170
2.521343
2.618314
-1.533776
-1.849096
-1.347320
-0.380506
-2.808348
-0.718830
-2.677945
-2.953371
-2.994514
-2.567288
-2.819842
2.567288
0.257324
0.262995
-2.657115
-1.951303
-1.667270
1.160669
0.996491
-0.030294
-1.147942
0.094952
2.613518
-0.305879
3.141593
-2.406153
1.199905
-0.358771
2.526930
-2.095592
-0.073939
-1.815775
-0.262995
-0.927295
2.567288
1.337053
2.228685
-0.519146
-0.531724
1.828120
-1.681454
-1.141034
2.767259
-2.790148
2.541542
2.303611
3.026716
-2.616797
-1.570796
-1.279340
1.670465
1.046001
3.141593
-2.788602
0.718830
0.426627
2.819842
-0.651077
-2.850136
0.348771
-0.484478
3.064821
3.075024
2.819842
2.129396
-1.712693
-0.336675
-1.934775
-2.553590
-0.363979
0.073939
-1.024007
-0.807617
-1.128422
-2.677945
-1.892547
-2.969402
-2.922924
-2.896614
-0.255182
0.938047
2.922924
-2.422763
-2.170847
-2.853537
0.336675
-2.833540
-1.261093
1.742987
2.422763
2.788602
0.286051
1.961403
-2.020556
-2.609869
-2.077895
-1.297788
-2.003204
-0.785398
2.297439
-2.706922
2.390664
0.785398
2.761086
-0.558599
-2.907849
-1.335251
0.418224
2.505084
2.651635
1.839964
-0.305879
1.843805
0.439843
1.475845
0.566729
1.451367
1.313473
2.868584
0.890275
2.907849
-1.428899
-1.753907
-1.154732
1.989021
1.249046
0.207496
-2.034444
0.917950
-1.609239
-2.169215
-1.390943
-3.017238
-1.800028
1.172274
0.253674
1.997424
-2.887919
-2.461071
-1.484058
-1.107149
-1.712693
-0.614663
1.446441
-1.128422
-0.996491
0.055499
0.104877
2.077895
-2.383215
3.141593
0.625485
0.104877
-2.616797
-2.645170
-1.124691
0.484478
0.524796
1.929567
0.614663
-0.674741
3.141593
1.570796
2.774419
-1.707863
2.473303
0.207496
1.465919
-0.519146
2.010639
2.804918
1.989021
-2.857799
1.971037
-2.922924
1.047518
0.870903
0.444419
0.463648
1.570796
2.609869
1.496857
-2.761086
-1.723446
-1.837048
-0.576375
1.359703
-0.885067
-3.064821
-3.026716
-0.390607
3.141593
1.428899
-0.657889
-1.804540
2.976444
2.214297
-2.634494
-2.896614
2.498092
2.582993
-1.086318
1.841743
1.261093
0.037020
-1.706324
0.614663
1.892547
-2.539305
-1.951303
-1.390943
1.455920
-2.379446
2.007423
0.037020
0.037020
-2.886410
-2.953371
0.643501
2.319174
2.064738
-0.531724
-0.632749
1.297788
-0.548549
3.046641
1.363300
-2.819842
1.001483
0.418224
2.408778
-2.796037
2.660705
0.847817
2.539305
2.081285
-0.244979
1.570796
1.216091
-2.491722
2.386488
2.388441
-0.463648
-2.969402
2.498092
-1.030377
1.570796
0.114877
-2.321725
-0.110657
-0.257324
1.484058
-3.026716
-2.452668
3.067654
1.789465
2.508844
-2.077895
-0.076772
-1.107149
2.111216
-0.996491
1.144169
-2.798569
0.333244
-1.359703
-0.917950
2.868584
-0.652847
1.056345
-0.748378
0.418224
1.107149
-0.321751
-0.253674
2.958482
-1.325818
-0.244979
-1.063698
2.988943
-2.207305
-1.750650
2.706922
-1.234122
-1.843805
2.761086
-0.866302
-0.588003
-1.925502
-1.475845
-2.578276
0.414507
-0.390607
2.279423
-1.759018
-1.382575
1.951303
-0.205395
0.844154
2.498092
-2.774419
-0.214061
2.768605
1.937970
0.257324
-1.614247
2.601173
2.173084
1.642104
2.498092
-1.570796
-2.015216
-2.505084
-0.574305
-2.289626
-3.050933
1.249046
0.960070
3.072736
2.286540
2.539305
2.003204
-0.283794
-0.119429
-0.106736
-1.172274
-1.980924
-1.892547
-2.422763
-0.735440
1.570796
0.858439
1.030377
1.170556
-0.685730
0.574305
2.393215
-2.944197
-0.718830
0.785398
-1.665748
-0.321751
-0.888480
2.034444
-1.804540
