-1.616220
2.984991
2.498092
1.446441
0.426627
-1.695151
3.141593
-2.422763
0.661043
1.004067
-2.312744
2.835714
-2.214297
-1.212026
0.055499
2.875341
0.218669
2.843094
1.158386
-2.906048
-0.996491
-1.272297
0.968509
0.343024
-2.480549
0.741947
-1.570796
-3.024484
-2.774419
-2.158799
-2.956245
-1.272297
1.272297
1.670465
-1.405648
2.480549
0.197396
1.681454
-0.463648
0.960070
-2.316216
-0.825377
-0.305879
2.231839
-1.570796
2.356194
-2.145101
2.142134
-2.265535
1.231504
-2.427502
0.635027
-0.152649
-2.265535
-2.399645
-0.563316
0.486899
-1.923787
-1.661456
-3.030935
-2.593043
3.058451
1.670465
-0.785398
1.687905
-2.158799
-2.642246
-2.601173
2.498092
-1.629552
0.244979
-2.988943
2.582993
-1.910089
1.227772
-2.601173
-2.284887
0.828849
-2.231839
-1.951303
0.862170
-1.690225
2.966920
0.124355
0.540420
-1.499489
-0.442374
0.000000
-2.574863
-1.804540
1.789465
0.785398
-1.190290
-2.530867
-2.297439
-1.756144
2.098871
-2.930499
-2.473303
-2.303611
-0.551655
2.199593
-1.405648
-2.303611
1.249046
-1.352127
-0.117109
0.632749
1.781890
1.373401
2.819842
1.508378
-1.849096
-1.951303
-1.719686
2.095592
-0.302885
-1.504228
2.850136
2.083186
1.759018
-3.082837
-2.709185
0.982794
-0.694738
-2.466852
-0.938047
0.000000
-0.540420
2.896614
-1.849096
-0.876058
-1.681454
1.801887
-1.343997
2.070143
1.937970
-2.007423
1.382575
-0.463648
3.141593
0.295441
-0.694738
-2.999696
-2.253113
-2.303611
-0.132552
-2.792822
-0.702257
-2.158799
-2.034444
-0.218669
0.737815
0.436627
-0.737815
-0.614663
0.868539
0.512389
-2.356194
0.231091
1.030377
-2.173084
0.398522
2.279423
-2.356194
0.231091
2.111216
2.396173
-2.746802
-1.993650
-1.797595
1.876675
-0.982794
2.158799
2.601173
-1.236059
1.633215
-2.976444
-2.567288
-0.244979
0.066568
1.222025
1.647568
-1.212026
2.077895
1.471128
1.965587
0.519146
-1.756144
-0.868539
2.147172
-0.825377
2.770701
-1.144169
2.214297
0.674741
0.055499
0.298499
-2.593043
0.524796
-0.205395
-2.003204
-0.398522
3.050933
2.601173
-2.914794
-0.702257
-1.030377
-1.284745
1.756144
-2.265535
-1.212026
2.485897
-0.851966
2.677945
0.218669
1.130954
-1.623379
-0.694738
2.498092
-0.540420
2.134113
2.642246
-2.321725
1.642104
-0.394791
2.601173
2.863293
1.975688
2.122451
0.982794
-0.058756
1.941688
0.614663
-0.463648
2.289626
3.141593
1.471128
-3.017238
2.526930
0.825377
0.524796
-0.298499
-1.310194
-0.785398
-0.540420
1.373401
2.356194
-1.107149
-0.756835
2.553590
2.231839
0.156602
-1.199905
-0.218669
1.620755
1.647568
-2.999696
-2.589938
0.380506
-0.124355
1.735945
0.718830
0.732815
0.321751
1.937970
3.082837
1.339706
0.257324
-2.158799
-0.942000
-2.613518
0.876058
-0.563316
-0.463648
-1.719686
-0.643501
0.000000
2.356194
-0.185348
3.091634
0.726642
-1.837048
-1.203622
1.071450
1.529154
2.158799
2.988943
2.574863
-2.466852
-1.339706
0.927295
2.642246
2.316216
-0.211093
2.746802
2.819842
-0.135528
0.748378
2.701750
2.414950
-0.110657
-0.832981
-2.553590
-2.414950
2.214297
2.226492
-2.303611
0.938047
-1.453688
-1.878849
1.107149
2.279423
-0.825377
-2.526930
-1.681454
2.422763
-2.446854
-2.976444
-0.165149
1.083897
-1.789465
1.570796
-2.521343
-3.036716
-0.726642
-0.045423
0.785398
2.297439
3.070285
1.396124
-1.203622
2.399645
-1.647568
2.176341
-2.654693
-2.111216
3.089010
1.487655
1.292497
-0.218669
-2.506566
-1.487655
-1.464061
-2.802300
0.062419
2.833540
0.507099
-1.620755
-2.536048
-0.394791
0.970746
2.393215
0.049958
1.983207
1.428899
2.273053
-2.969402
-1.570796
-2.642246
0.058756
1.856848
-3.009041
-1.508378
3.050933
2.226492
-2.988943
2.319174
-0.152649
-2.316216
-0.862170
-1.107149
-1.339706
1.508378
0.942000
0.426627
-1.080839
-2.654693
2.245537
2.530867
-2.875341
2.944197
0.507099
2.439336
0.558599
2.459276
-1.343997
-0.321751
2.289626
0.950547
0.519146
-1.712693
0.000000
-0.927295
0.571337
0.750929
-1.249046
-2.896614
1.138389
-2.256526
-2.181522
0.655696
-0.563316
-2.843094
1.190290
1.929567
-0.909753
0.244979
1.815775
2.582993
1.039072
-2.498092
1.222025
-2.922924
-1.343997
1.797595
-3.041924
2.265535
-2.788602
2.098871
-2.034444
-2.782822
0.956133
-0.888480
-1.675673
2.704965
-2.521343
1.190290
-0.367174
0.302885
0.394791
-1.453688
1.849096
0.726642
-1.480136
0.000000
0.244979
0.233743
1.849096
-3.030935
2.609869
-2.122451
0.950547
-0.298499
-1.653938
-1.460139
2.356194
-1.756144
-2.388441
2.582993
-3.011890
-0.588003
2.312744
-2.418613
2.485897
-1.570796
0.298499
-1.299849
-2.089942
2.736701
-1.951303
-1.363300
-0.083141
-1.969319
-0.588003
1.272297
-1.831399
2.984991
-0.291457
-2.863293
3.009041
1.499489
-1.134169
-1.523213
3.141593
1.385448
3.141593
-0.785398
2.083186
2.966920
-1.313473
-2.774419
1.919567
1.892547
-0.214061
2.142134
0.785398
2.203545
2.408778
-1.396124
1.373401
0.643501
-1.523213
0.117109
-1.665748
-0.558599
0.426627
1.494024
2.704965
1.165905
-2.446854
-3.050933
2.390664
2.589938
-2.356194
-0.915101
2.356194
2.432966
-0.896055
-1.279340
1.570796
2.750986
0.380506
2.158799
2.089942
2.070143
1.637364
1.570796
1.719686
0.090660
-2.788602
-1.022247
-1.042722
0.876058
2.414950
-2.553590
-2.034444
-0.571337
-0.418224
-2.914794
-1.781890
2.245537
-2.843094
-2.191046
-0.674741
-0.904827
-1.570796
0.909753
3.086094
-1.343997
-2.578276
-1.249046
-0.844154
1.727398
0.968509
-1.363300
-1.892547
-1.453688
1.695151
2.140110
3.009041
-0.152649
1.004067
2.016902
-1.071450
-1.063698
-0.358771
0.394791
2.498092
-1.022247
2.922924
-2.137526
2.922924
0.071307
-2.134113
0.463648
-1.525373
-2.914794
1.687905
0.825377
1.570796
-1.499489
2.966920
1.797595
-1.997424
-2.677945
1.428899
1.272297
1.012197
2.699218
1.980924
-0.110657
-3.075024
-2.388441
2.956245
2.574863
-2.736701
2.642246
2.284887
1.107149
1.107149
-2.875341
2.122451
-1.086318
-1.199905
-1.681454
-1.856848
-2.356194
0.436627
-1.965587
-2.553590
1.815775
-0.058756
-2.214297
2.356194
-2.868584
-0.231091
-2.819842
-1.405648
1.272297
2.356194
0.152649
-1.665748
1.418147
1.768192
3.141593
2.961739
-0.851966
-0.982794
-2.677945
-3.050933
1.004067
0.484478
1.892547
2.709185
-2.396173
0.571337
-1.428899
-2.750986
-0.083141
2.884269
1.892547
0.244979
2.060754
-0.856706
-2.176341
0.333244
-2.746802
-2.976444
0.398522
-2.034444
-0.071307
-0.960070
1.570796
-0.218669
-0.661043
-2.907849
-0.745419
1.004067
0.179853
-0.904827
2.396173
0.000000
0.620249
2.704965
0.489957
0.785398
1.453688
1.405648
2.214297
-1.794273
0.785398
2.582993
-0.110657
2.356194
-2.388441
3.058451
2.356194
0.960070
-2.214297
1.629552
0.566729
-0.426627
-0.132552
-0.493941
-2.446854
0.718830
2.455863
0.819867
-1.570796
-2.111216
-0.551655
-1.176005
-0.927295
2.782822
-1.919567
-2.452668
-1.880499
2.485897
2.792822
