0.647874
0.815833
0.978880
-0.279453
0.068770
-0.149705
-0.336532
-0.261681
1.171291
0.514923
0.761151
1.138786
0.182479
0.691499
0.706310
-0.125860
-0.665245
0.078626
0.010266
-2.114903
1.262796
0.184595
0.073184
-1.302936
0.997298
0.927297
-0.859771
-0.103689
0.648074
0.115903
-0.201921
0.921534
1.058296
-0.299063
-0.150075
0.273636
-0.056873
0.335252
0.894563
0.254862
0.574395
-0.847366
0.622880
-0.797033
0.883819
0.621356
0.337152
-0.494899
1.132521
0.843338
-0.214556
0.839926
2.273440
-0.639202
0.039674
0.230620
1.858678
-0.134611
0.846663
-0.908056
1.052128
0.073733
0.272089
-0.162153
-0.314511
0.571073
1.209782
-0.609509
0.053994
0.631081
0.212456
1.187725
1.973573
0.462149
-0.458878
-0.588692
0.134665
0.764158
-0.436094
0.325408
-0.119522
0.272944
0.282473
0.609066
-0.000103
0.993301
-0.402764
-0.250748
0.385317
1.119281
-0.408379
0.629178
-0.208008
-1.777943
0.032056
-0.155859
0.791457
-0.693754
-1.081128
1.104852
-0.039512
-0.185900
0.811166
0.335925
1.060389
-0.132034
3.005734
-0.706409
0.468024
1.086948
0.535768
-1.576143
-0.152690
0.986820
-0.352613
-0.052765
-0.188381
0.250042
0.182752
-0.658576
-0.600087
0.332485
0.214469
0.621213
1.103566
0.854083
-0.566781
0.153625
-0.314228
0.804499
1.191449
0.776282
0.699512
0.381047
1.560036
-0.271200
-0.456229
0.300810
0.438539
0.917983
-0.000246
-0.319760
-0.179513
1.072699
0.607083
0.570277
1.286493
0.742687
0.530782
-0.292060
-0.214772
-0.259373
0.039541
-2.127247
-0.447132
-0.071388
-0.127817
-0.004142
0.537106
-2.212724
0.297884
0.883221
0.214814
0.991011
-0.196600
-0.416330
-0.356539
0.248145
-0.140441
1.854796
0.009720
0.158493
0.666361
-0.486062
-0.008848
0.125328
-0.455350
0.479943
0.823166
0.668476
-0.250513
-0.681104
-0.575324
-0.520356
0.451883
0.155212
0.795621
-0.032315
-0.055889
0.422263
-0.403048
0.102949
0.476990
-0.114958
-0.216900
3.534781
1.965196
-0.105387
-0.516243
1.600039
0.002973
0.787595
-0.097697
-0.264490
-0.308520
-0.103863
-0.663265
0.570433
-0.469791
0.116896
-0.384957
-0.002503
0.174688
-0.135348
-0.681730
-0.392071
0.153801
-0.276505
0.867149
-0.244306
-0.227765
-0.463765
-0.094417
0.685070
-0.279336
1.330534
0.536674
0.671918
0.679677
0.616488
0.808834
1.437866
-1.474282
0.249068
1.037548
-0.140656
-0.016488
-0.056352
-0.722209
2.006931
-0.351749
0.065756
-0.141037
0.688245
1.397323
0.622420
-0.580405
0.579453
1.228761
0.586746
0.586122
-0.011059
-0.069385
0.568260
0.004385
0.825682
0.528952
0.317232
0.812456
-0.350954
0.162498
-0.207432
0.366818
0.009718
0.529177
0.721289
-0.304163
-0.660990
-2.070799
-0.580092
-2.176975
-0.223235
0.589372
0.719507
-0.122710
1.148304
-0.625929
-0.268374
0.598113
-0.253632
-2.097786
0.073052
-0.791933
0.736651
0.741578
1.127515
-0.195713
-0.417326
0.526238
0.033137
0.465398
0.362661
0.804990
-0.589507
0.535053
0.765409
-0.042646
-0.350413
-0.071532
-0.058853
-0.293395
-0.052326
0.539915
-0.143764
0.253311
-0.458318
0.467605
1.127077
1.150701
-0.292372
0.336782
0.988023
-0.173736
-0.212755
0.563491
0.813850
-0.467111
0.623116
-2.214631
1.000528
-0.271894
-2.088077
-0.447622
-0.518949
1.157380
0.740839
-0.010120
1.303202
0.882680
-0.232857
-0.109818
-0.778287
0.765994
-0.224032
-0.124991
0.787542
0.679595
-0.248519
0.697904
0.648161
0.333154
-0.045956
-0.275773
0.743487
-0.301972
-0.113409
0.047003
0.902224
0.737976
0.325090
-0.345025
0.766034
-0.603192
0.719739
-0.130999
-0.153983
-0.017268
-0.267734
-0.320565
-0.268781
0.695524
0.899326
-0.481362
-0.519882
0.525526
1.143371
0.395815
-0.525319
-0.191302
0.757284
-0.360111
0.135183
0.188305
0.868353
0.172640
1.118090
-0.159312
-0.230753
1.146790
0.784746
-0.133893
0.418612
0.786328
-0.428476
-1.134258
-0.396177
0.877367
0.048306
0.313598
0.104354
-0.750729
-0.360152
0.127241
0.978525
-0.137071
1.072729
0.563577
-0.262387
-0.660205
0.007441
-0.213886
0.750329
-0.550999
1.191091
-0.096435
0.332199
-1.238089
-0.077076
-0.198943
-2.195396
0.580243
0.062247
1.127114
0.431737
0.573561
1.077316
0.812858
0.356832
2.891583
1.007732
0.193868
0.524155
-0.372777
0.738966
-0.604161
-0.155232
-0.176850
0.762545
0.102025
1.085979
0.812430
-2.487846
0.658571
0.619617
-0.334379
0.234238
0.359284
1.071971
0.270078
-0.142112
-0.123532
-0.217824
1.649335
1.590226
-0.159720
-0.032304
0.261451
0.764255
0.034563
0.305836
-0.212065
-0.286188
-0.034106
0.836808
-0.532690
-1.029212
-0.095218
1.303284
-0.179355
1.545646
-1.569134
0.035062
-0.448546
0.186082
0.056320
-0.053093
-0.104030
0.808617
-0.308360
-1.856995
-0.945024
3.651575
-0.060546
0.697962
-1.789774
-0.356186
0.784157
0.123647
0.609475
-0.068888
-0.511614
-0.425986
-0.484884
0.153015
-0.367498
2.287716
0.864452
0.374424
0.837444
-0.728194
0.332126
0.022599
0.016950
-0.052489
-0.089755
-0.384456
-0.367355
-0.398667
-0.309631
0.143922
-0.274586
-0.291999
-0.337116
-2.195006
0.287909
0.573378
0.980086
1.022061
-0.795275
0.136020
0.805787
0.222172
-0.286017
-0.438120
-0.525185
0.965610
-0.365069
-0.321092
-0.010428
0.692522
-0.186836
0.191190
-0.518994
0.669993
0.452740
1.104657
0.363256
-0.401651
-0.101813
0.850118
-0.381027
-0.059475
0.620170
-0.098831
0.539064
0.526263
0.713450
0.949809
0.572659
-0.307406
1.097401
-0.022858
-0.525744
0.499174
0.725501
0.755630
-0.110256
-0.411670
0.830062
-0.446185
0.834041
0.730437
-0.112284
0.312863
-0.036539
0.170312
-0.005556
-0.299590
-0.447390
0.677763
-0.728924
-0.096627
-0.665472
-0.365768
0.756473
0.893377
0.073604
0.116475
-0.040371
0.761572
1.191904
-0.348257
-0.005793
0.511919
0.410062
0.118655
-0.268715
-0.024264
0.151922
0.779811
1.242475
-0.616966
-0.601957
0.828737
-0.088652
1.014257
0.650058
-0.270286
-2.042248
1.047471
-0.017564
0.016653
-0.444444
2.887123
0.848777
0.242083
-0.292296
-0.212986
-0.210642
0.522451
0.422807
-0.339352
-0.249247
-0.061041
-0.574774
-0.616597
0.545257
0.714487
-2.512860
0.442402
1.206013
-0.239880
0.208657
0.259191
-0.025697
0.826209
2.149318
0.719103
-0.087875
-0.299451
0.665297
0.065545
2.548135
-0.325178
3.474781
0.499347
-0.066373
0.788864
-0.452690
1.068985
-0.483480
-0.576196
0.022917
-0.155047
0.446153
1.746931
0.734512
-0.430421
1.091941
0.533223
-2.151297
-0.378802
-0.063765
0.332521
-0.360275
0.637251
0.156085
-0.345563
0.708398
1.000864
0.525263
0.172050
1.174702
-0.103046
-0.159104
0.834249
-0.071405
0.739844
0.619336
0.196598
-0.514370
-0.312306
0.916787
0.933108
0.039905
-0.113552
-0.020873
-0.550069
-0.153366
0.782049
-0.160178
0.658643
-0.234964
-0.160595
-0.451722
-1.467294
0.469253
0.055208
-0.817154
0.754555
0.160679
0.501867
0.552113
-0.018300
0.650795
0.976316
2.505312
0.528553
-0.579831
1.128262
