-0.186228
0.628667
-0.046100
-0.816638
-1.157285
0.014784
-0.020212
1.155340
2.151971
-0.076324
-2.208767
-0.716293
-0.010577
0.135490
0.035003
-0.198104
0.065141
-0.272004
-0.651121
0.108438
0.667602
-0.206702
-0.140649
-1.512385
-1.219340
-0.399230
1.391415
-0.638747
2.251159
-0.879960
0.220811
-0.213059
2.549350
-0.249147
0.556663
1.226488
-0.432817
-0.188954
0.642675
1.005290
0.494787
0.756931
0.169060
-0.894535
0.646420
-0.134016
0.112708
0.318597
0.042786
-3.056203
1.022740
-0.041339
-0.015999
-0.505037
0.846815
0.049261
0.030446
-0.732704
-0.196804
0.640214
-0.112084
1.023899
0.854996
-0.246527
0.419223
-1.258646
-0.603591
-0.005745
-0.118484
-0.596810
-0.289522
-0.029625
-0.155708
0.022985
0.412487
0.950960
1.176458
-0.268440
0.878804
-0.645116
0.339067
2.635513
0.650769
-0.421593
-0.130583
-0.084169
0.790588
-0.043335
0.710409
-2.243504
-0.888159
-0.140173
-0.468220
-1.516256
-0.035849
1.025424
2.345265
2.808726
-0.031305
2.311843
-0.652349
-0.327924
-0.392422
0.802726
0.893294
-0.057196
1.021052
0.777439
0.942163
-0.271186
1.028416
0.749139
0.557403
2.392867
2.071767
0.711564
0.479815
2.230015
-0.461816
0.691613
0.077387
-0.098698
0.271510
0.260045
0.398268
-0.646893
2.860732
0.583814
-0.841168
-0.318660
0.582027
0.063888
-0.919483
1.132226
1.164058
-0.606840
-0.015299
0.738569
0.866216
-0.165762
-1.163264
0.030409
0.040295
-0.099556
-0.233341
0.559306
0.244495
1.677890
0.264174
-1.876817
-0.538696
-0.206157
0.354386
0.259591
0.042615
0.186304
0.753460
0.005936
1.149984
-0.350874
0.186671
-0.270399
0.742714
-0.099799
-1.085621
0.203887
0.330609
1.630177
-0.093873
0.924725
-1.765029
-0.064770
-1.327419
0.027870
1.358280
-0.146337
-0.560304
0.341916
0.112930
-0.659236
-0.237137
0.000459
0.045729
0.740045
0.493947
0.214043
2.342070
1.226023
0.619807
-0.373029
0.834535
0.578302
-0.264568
-0.006558
-0.360136
0.777919
0.795525
-0.879632
-0.174761
-0.005028
2.046471
1.024808
-0.085060
2.482782
-2.188840
0.718231
-0.128452
1.052256
0.733324
-0.224768
0.123133
0.155993
0.245898
-0.260664
-0.055392
-0.249276
0.146189
-0.641762
-0.061905
1.253183
-0.194803
2.961484
0.711099
-0.279561
0.416518
-0.128976
1.198498
0.456774
-0.242526
0.106491
2.910422
0.144056
-0.335068
0.932957
0.909320
0.732220
-0.239595
0.737425
-0.033124
-2.296499
1.054805
-2.176028
1.122290
-0.456558
2.877171
-0.224574
1.156426
-0.112241
2.034129
0.773796
0.019519
0.836078
-0.085036
-0.158023
0.053714
-0.007037
0.312336
-0.033295
0.248288
1.132855
0.325476
-0.211879
1.207793
-0.169604
-0.320454
-0.638319
-0.148538
0.877793
0.367830
-0.215738
-0.358323
0.188536
-0.161670
0.931162
0.027715
0.742831
0.607312
-2.018426
-0.428759
-0.122110
-0.126804
0.606242
2.296589
-0.356234
-2.291414
-0.787543
-0.190611
0.196313
-0.168170
-0.289677
0.139003
0.528241
0.192105
0.588109
-0.309997
0.395735
0.249037
0.094295
-0.168951
0.211198
-0.652200
-0.179428
-0.317342
-0.279918
0.830157
0.477543
2.267961
0.446822
0.783351
1.394975
1.588762
-0.207893
0.867527
1.056900
0.577123
2.308571
1.230887
0.426133
-2.452992
-0.037067
-0.591702
0.137543
0.750100
0.272277
0.653724
0.281704
-0.312981
0.379331
-0.661213
0.754792
2.495410
0.310451
1.082003
-0.282908
-0.781155
-0.268215
0.238337
-0.735783
-0.273589
-0.252778
2.687105
2.545039
0.687012
0.745964
0.011466
0.716240
1.305402
0.613940
0.679245
0.986673
-0.217200
0.373708
-0.646611
-0.242784
0.890678
-0.396035
1.159797
-0.265261
0.017125
0.202541
2.677296
2.734559
-1.026625
-0.203542
-0.146549
-0.206612
-0.206726
0.934841
0.133619
0.499514
-0.441931
-0.195665
-0.556079
-2.174631
-0.018135
-0.362564
-0.090826
-0.194129
-0.526679
-0.110000
-0.560422
-0.189799
-0.114578
0.843932
2.996212
0.155938
0.336914
-0.208421
-0.374313
0.024900
2.762105
0.066455
-0.327620
3.346968
2.630984
1.301868
0.976664
-0.185371
-0.339697
0.869293
-0.250001
-0.651807
0.676876
3.391031
0.646228
-0.237131
0.825797
0.837745
0.075120
-0.209399
-0.349413
-0.658519
0.201164
0.823233
-0.706594
0.738479
0.134780
-0.286098
-0.239997
-0.735496
-0.598568
-0.289738
-0.071286
-0.140035
0.057502
1.141268
-0.070683
-0.148627
1.094336
0.351099
0.741932
0.283740
-0.284180
-0.709815
0.099459
1.836854
-0.153583
0.743522
0.372212
-2.532930
1.203005
0.483514
-0.020351
-0.405128
3.230886
0.569841
0.821533
0.566145
-0.238016
0.040498
-1.647162
0.072357
0.199735
0.320495
-0.294020
0.977648
-0.343137
0.070400
-0.244062
-0.549360
1.246049
-1.139343
-0.182236
-0.150357
0.442258
-2.039250
-2.162442
-0.454132
-0.223878
-0.001912
-2.292353
-0.844426
0.427112
-0.546220
0.185365
0.567065
0.857745
0.629576
0.192797
0.208543
0.255139
-0.280375
-2.650452
0.514200
-0.306383
-2.161413
-0.139807
-2.147540
-0.280356
-0.850620
-0.820675
0.133683
-0.054331
-2.106194
0.191074
-0.269548
0.635491
1.134340
0.097869
-0.200961
0.923053
-0.254398
-0.494914
-0.913603
1.061328
-0.279921
0.750182
-2.145254
-0.102788
1.138654
2.083771
0.249545
-0.234985
0.113767
-0.217167
-0.531899
0.988190
0.461416
-0.816409
-0.018255
0.853614
-0.182138
0.723067
-0.270433
-0.531711
0.089680
0.594411
-0.256158
-0.033150
-0.119179
0.149149
2.359195
-0.045898
0.108062
-0.099498
-0.684992
0.681319
0.385222
-0.848734
-0.248534
-0.006295
1.381982
2.113741
0.329105
-0.888133
-0.026012
-0.018940
0.410111
0.048565
-2.232604
-0.094896
-0.116590
0.867924
1.217286
0.080410
-0.125041
-0.391379
-0.078211
0.471136
0.459844
-0.265993
-0.832301
0.065477
0.100591
0.544487
0.034705
0.743586
2.872868
-0.639876
-0.136684
0.334922
0.816443
-0.268761
0.866750
-0.237327
0.322347
0.766620
0.759783
0.040889
0.785880
0.248192
0.169637
-0.150809
0.174382
0.292078
-0.420530
1.472477
-0.140621
-0.020396
0.083257
-0.294878
-0.427921
2.652998
0.317646
-0.076987
2.816819
-0.308946
1.144497
-0.096022
-0.010150
1.156862
-0.079183
2.946852
0.749291
-0.546090
0.657215
-2.278844
1.004213
-0.533907
-0.080372
0.826623
0.606119
0.834935
0.612207
0.264006
0.662067
0.146655
0.987327
-0.610472
0.269300
1.931318
-0.068521
1.247471
-0.312439
-0.562437
-0.321707
0.618646
0.938934
1.043615
-0.194482
-1.025284
0.971086
0.756673
2.343112
-0.048798
0.864038
-0.927168
3.337388
-0.727080
0.269595
-0.562010
-2.101014
-0.547280
0.002333
1.086524
-0.281298
0.105639
0.858034
-0.655563
1.103053
2.838734
0.458274
0.818051
0.824965
0.154180
-0.123483
-0.087367
-0.112298
0.568242
3.206596
-0.233437
2.078173
0.149901
0.726812
0.961693
0.061403
2.518160
-2.190117
0.480991
0.048295
0.358143
0.112969
0.037091
0.752180
-0.447843
0.018645
-0.055586
3.278700
0.769580
-1.450140
0.238157
1.126664
0.796889
-0.003816
2.738284
0.778592
0.184301
-0.102570
-0.163107
-0.435359
