-0.149558
1.217727
0.108525
-0.167925
-0.042615
0.765528
-0.078352
0.151933
0.469807
-0.119827
-0.180569
0.791665
-0.265036
-0.578828
0.836541
0.200653
0.669339
-0.322187
0.723313
1.126928
1.199659
-0.130868
-0.242632
0.768275
-0.193539
-0.294034
1.007457
0.801326
0.912978
0.701833
0.912641
-0.392604
0.959515
-0.199785
-0.108616
-0.246422
0.402390
0.529671
1.024859
0.896348
-0.269129
1.005915
0.921084
0.168454
0.856583
-0.467233
1.034263
-0.089606
0.590227
0.155690
-0.018418
0.406822
-0.599789
0.078808
-0.085875
0.442090
1.008192
-0.061451
0.798331
-0.187250
0.511245
1.183946
-0.035545
-0.175900
0.046000
-0.185046
0.469541
0.205965
-0.189596
0.721124
-0.224925
-2.163504
-0.147554
0.550940
-0.005023
0.646748
-0.733317
1.189352
0.524096
-0.418683
0.394684
0.711745
0.076381
-0.217897
0.214834
-0.492293
0.928162
-0.086824
0.018142
-0.056702
0.783723
-0.311737
-1.800552
0.834734
1.201579
-0.315637
0.926761
0.964100
0.868619
0.766346
-0.240455
1.015177
-0.171074
0.651627
-0.314867
-0.744359
-0.152252
1.208386
-0.655839
0.140813
0.299418
0.918354
-0.262687
0.526405
0.032120
0.196583
-0.242660
0.140646
0.757082
-0.201432
1.027523
-0.208470
0.239234
-0.660666
0.593767
0.833241
0.267060
0.416539
-0.159734
-1.764145
-0.402171
-0.077412
0.244934
-0.118959
0.288504
-0.122440
0.812603
0.194150
-0.229528
0.164564
0.490341
0.733982
-0.194230
-0.205334
0.639107
0.845270
1.081614
-0.463052
-0.301537
-0.069586
0.158855
0.251428
0.752597
-2.221328
0.586795
1.086868
-2.124645
0.366328
-0.669664
-0.006398
0.008432
1.073782
0.258108
-0.237065
0.532094
-0.292635
-0.059776
0.699516
1.360643
0.984360
-0.318492
-0.205502
0.974028
-0.033142
-0.146824
-0.224867
-0.097324
0.741214
0.850635
-0.454250
0.891517
0.518886
-0.058890
0.710652
-0.099914
0.896905
-0.306552
0.215887
-0.085406
0.285554
-0.328534
-0.170055
-0.202820
-1.914121
0.950943
-0.071038
0.484117
-0.062044
0.823273
-0.186106
0.271206
1.171930
0.976512
-0.198363
0.711039
-2.414167
0.681567
1.108293
-0.272031
1.298773
0.308275
-0.072531
0.863275
1.094296
-0.104604
0.892174
0.681600
0.958387
0.792731
1.018528
-0.257835
-0.218198
1.354006
-0.137795
-0.231683
0.689213
0.693656
-0.146315
-0.059676
0.009913
-0.145637
-0.098429
0.624801
0.326721
-0.251604
0.766453
-0.406718
1.274988
0.168823
-0.136285
-0.057809
0.820033
1.045285
-0.137028
1.039968
1.213747
0.549679
-0.037315
0.547568
0.426783
-2.134257
-0.158053
1.109861
-0.257089
-0.030060
0.860378
0.948603
0.254086
0.944551
0.986766
0.745410
0.868522
-0.237655
0.626157
0.711916
-0.019699
0.160875
0.706760
0.784763
-0.255650
1.172770
0.780936
0.226729
-0.070398
-0.200734
0.108992
-0.084485
0.123207
-0.090863
-0.456025
0.701016
-0.145225
0.779872
-0.739442
0.796395
0.022500
0.612887
0.313453
-2.083696
0.111490
0.786809
-0.121473
0.803721
0.729205
0.181463
-0.073791
-0.074773
0.100586
0.798930
-0.414113
-0.153407
0.290122
0.666087
0.788302
-0.025841
0.300923
0.806618
-1.973747
-0.389413
0.877482
1.181808
-0.683797
1.260882
0.233240
1.210293
0.335877
-0.077953
1.141100
0.716341
-0.491256
0.909583
1.223993
-0.149509
0.747019
-2.272604
1.083019
-0.173251
-0.032759
-1.691793
-0.169084
1.275404
-0.446369
0.409892
-0.566815
-0.152919
0.915058
0.997133
-0.391588
0.765092
0.149634
0.557577
-0.154904
0.690494
-0.659377
0.599479
-0.733904
0.623509
-0.083237
1.138205
0.979326
-0.587734
0.295044
0.822410
-0.023216
-0.159328
0.873252
-0.312218
0.450526
-0.067492
0.539935
-0.137204
-0.121007
0.282074
0.198518
0.794546
0.177219
-0.215749
-2.135751
0.797408
-0.179292
0.773883
0.052090
0.850633
0.042245
0.929367
0.213263
-0.145571
-0.012092
-0.322082
-2.265394
-0.250546
0.386902
0.434593
-0.055094
0.015029
1.009990
-0.182730
-0.215105
-0.244563
1.146141
-0.505373
-0.065649
0.673732
0.693810
0.907538
0.617698
0.450466
0.893888
-0.304619
-0.085869
-0.109999
0.084086
-0.442456
0.082127
0.476005
0.943101
-0.282756
-0.221656
0.114567
0.808490
-0.030152
-0.342171
-0.006490
0.380232
0.888471
-0.079167
0.739551
-0.211369
0.782450
1.079148
0.933572
-0.277698
0.169169
-0.591832
0.883518
-0.276468
1.125835
0.745691
0.886383
-0.173647
-0.098437
0.865933
-2.133509
1.019535
0.793432
0.109182
-0.225894
0.254642
0.770753
-0.324091
0.051829
-0.105024
1.094430
0.957432
-0.209292
0.238775
0.642688
0.521677
-0.263830
-0.230408
0.782633
-0.204307
-2.239757
0.432796
-0.250466
0.728184
0.597635
-0.096078
-0.304935
-0.179154
-0.071728
0.545889
-0.502342
0.807207
-0.316465
-0.280586
0.015892
0.669649
-0.209103
-0.136399
0.584198
-0.721908
0.286293
-0.295149
0.501757
-0.006555
-0.600095
0.110982
-0.425801
0.620814
0.866193
-0.263613
0.511334
0.838336
-0.274104
-0.120186
0.766188
0.315364
-0.190927
0.354474
-0.201434
-0.148651
0.962673
0.677453
0.928305
-0.122884
-1.695049
0.874647
0.141988
0.227302
0.546163
0.125457
0.027249
0.118261
0.374335
0.156725
0.856877
-0.165820
0.987999
1.025701
-0.105389
0.284305
0.348885
0.621341
0.403224
1.109342
-0.313208
-2.294916
-0.174763
-0.044180
-0.055562
1.298188
0.727235
0.943049
0.208963
0.590577
-0.206311
-0.057192
0.155364
0.775759
0.165275
-0.227732
0.101084
0.981140
-0.152335
-0.273093
1.034993
0.153507
-0.625463
1.028532
0.668890
0.459063
1.230435
0.438948
-0.281902
-0.270344
1.268589
0.519007
0.762521
0.098932
0.794486
0.636505
0.789518
-0.040485
1.128429
-2.078197
-0.316464
-0.693402
0.857299
1.263446
1.017486
0.294632
-0.153888
-0.118214
0.869619
0.716909
-0.192841
0.163574
0.982223
0.029391
-0.155969
0.168671
-0.163003
-1.653943
0.908985
-0.498203
0.969456
0.927482
-0.201220
0.745738
1.086695
0.004117
-0.082132
0.388998
0.461375
-0.039313
0.216551
-0.117533
0.751310
0.708575
1.112023
0.811911
-0.316013
-0.793474
0.710683
1.322337
-0.188186
0.995284
-2.296321
-0.377329
0.764474
-0.052101
0.671042
0.984227
-0.152074
0.752469
-0.275892
-0.186574
-0.200166
0.936518
0.433196
-0.203635
-1.886447
0.663553
0.716408
0.007157
0.074056
-0.134230
0.714062
1.111245
0.108384
0.592664
-0.056379
-0.159581
0.750254
0.470008
-0.356966
0.213172
-0.227388
-0.666770
-0.165462
0.667189
0.833110
0.211515
-1.776716
0.561378
0.188915
-0.094888
0.697271
0.169801
0.834397
0.059099
0.469826
0.760665
-0.335169
-0.565363
0.065363
-0.213201
-0.030767
0.735338
0.638938
0.623055
0.893503
0.265154
0.430665
0.750112
-0.145378
0.609836
-0.380517
0.036124
-2.260741
-0.016848
0.835694
-0.666205
0.988685
-2.048620
0.829743
-0.278996
0.159449
-0.255833
-0.105661
0.005579
0.715026
-0.614220
0.665767
0.523052
0.018342
1.160104
1.195178
0.819843
-0.246837
0.725641
0.531299
0.115453
-0.392369
0.168258
0.782863
-0.260783
0.879357
0.694122
