2.034444
2.274410
1.061725
-2.245537
-0.630401
-1.549966
-2.521343
3.121187
1.446441
1.668523
0.473851
1.877842
-3.097177
1.810028
2.425051
-2.647651
-2.356194
0.927295
0.561922
3.035608
1.116952
-0.540420
-1.080839
-1.477320
2.087828
1.249046
-1.692148
0.030294
2.218188
1.162647
-0.523278
0.724866
0.734594
-1.034361
-2.274410
-0.249979
-0.380506
2.855541
2.356194
2.094075
2.902361
-0.939717
0.740652
-2.001489
-2.228685
2.553590
-0.628796
-1.570796
0.483447
1.783735
-2.571552
0.244979
2.966920
-1.768192
0.972377
-0.593750
-2.158799
0.990040
0.358771
-1.533776
1.985303
0.361729
0.084902
-1.815775
-2.013171
3.056691
0.849825
-1.810539
-0.152649
0.638320
-0.770474
2.690140
-1.337053
2.803714
-2.720929
-0.726642
-0.388319
2.813039
-1.570796
2.265535
-0.145310
2.754069
1.387686
2.885441
-0.022219
1.592532
-2.739722
-2.303611
0.982794
0.922985
0.555494
1.924794
-1.051650
2.925508
-3.009041
-2.834547
2.746802
0.463648
0.000000
0.963809
-0.426627
-0.873406
2.356194
3.064821
0.982794
-0.876058
-1.525373
-1.941688
0.439843
1.789465
2.137526
1.467715
-2.706239
2.281706
-2.470449
-0.438337
-0.355636
-1.145964
-0.569313
-0.438337
-0.954499
0.026310
-0.972377
2.218608
2.023575
1.935998
-2.209116
-3.017238
-2.891614
2.070143
0.664774
2.834547
2.478390
-3.017238
-1.801887
1.352127
-2.739722
-0.172191
0.678119
0.862170
-0.669639
-2.414950
-1.190290
1.878849
2.226492
1.365401
1.777120
2.066348
-0.835357
-1.116952
-1.728565
-1.863983
-0.800322
2.798569
-2.601173
-0.479519
0.113792
0.000000
2.606638
2.971814
2.292451
1.096945
0.197396
0.684295
3.082837
-1.837048
-1.047518
0.729900
-1.079633
-2.843094
-0.657075
-2.976444
2.440738
-1.047518
-0.830144
0.688924
-0.769006
2.122451
0.483447
1.916352
0.186979
-1.364472
-1.772559
-2.498092
1.232918
0.244979
1.570796
-0.502843
-0.069655
0.426627
1.727398
-0.630401
0.620249
-3.033322
-2.045807
-1.051650
-2.279423
-1.145964
-0.197396
-1.789465
-0.396441
1.892547
0.031240
-2.320495
-1.203622
-1.846222
-0.431139
1.570796
-0.244979
-0.598419
-1.804540
-1.441094
-0.816638
-2.819842
-1.947287
-1.363300
-2.275290
-0.296546
2.944197
-2.341270
-1.717875
-2.944197
2.089942
2.107232
-2.231839
1.616220
2.625362
1.849096
1.605870
0.804264
2.341270
-2.843094
0.030294
-0.455774
1.679067
-2.819842
-2.657115
3.115957
-0.628796
3.092851
-2.214297
-0.878462
-0.528074
2.493781
-1.723446
1.388628
-0.803578
2.024135
1.630724
1.509648
1.373401
0.251690
2.582993
1.712693
1.249046
2.534605
2.295046
-0.090660
2.470449
-1.390943
0.450661
-2.170847
-0.084902
2.813854
1.107149
1.298650
-1.227772
-0.572966
2.594804
-2.319174
3.039904
-0.746956
-0.868539
2.642246
-2.936197
0.931882
-2.015216
-1.208252
0.216550
1.085174
2.918116
-0.141897
-0.885067
2.007423
1.549523
0.922985
-2.356194
-0.497343
0.801270
-0.923404
-0.244979
1.357858
1.883698
-2.176341
2.176341
2.660705
0.000000
-2.245537
-2.856862
-2.147172
-1.678486
-0.568525
0.160763
-1.096945
0.580003
-2.466852
-0.104877
0.956133
1.712693
-3.041924
0.161837
0.639386
-1.428899
-0.664046
1.030377
2.588298
-1.919567
2.879473
2.863293
0.630401
-3.122364
2.591739
-2.095592
-1.932526
0.836635
0.367174
0.000000
2.604682
2.404936
-2.687749
-2.459276
-0.855053
2.184004
-1.644735
-2.765102
-2.819842
2.414950
2.386488
2.798569
1.234122
1.022247
-2.082027
-2.327631
2.501823
-1.051650
-1.422947
1.080839
0.703614
1.650626
0.033321
-1.570796
0.396441
-1.885554
2.356194
-2.196281
-0.728855
0.588003
-2.953371
-1.525373
-2.585426
1.951303
0.472907
-2.380580
-1.419781
0.643501
0.872894
0.560687
-1.937970
-2.375800
1.825164
-2.982937
0.410127
-0.244979
1.960113
-0.433953
0.404892
-1.126377
-1.199905
0.957589
0.216550
-1.690905
0.352990
1.591627
-1.096945
-0.432408
-1.763497
1.462526
0.201762
-2.929161
-0.722191
-2.634494
-0.332059
1.016489
2.512796
-3.082837
1.025932
-0.240534
-2.576443
-1.147942
-0.832981
-1.874797
2.573068
-2.217844
1.343997
-2.928654
2.102520
-0.174672
-2.074423
-2.089942
2.649107
1.302430
-0.597758
1.859772
0.771700
2.356194
0.614663
2.158799
-0.288975
-2.932570
0.997830
-0.055499
1.352127
-1.249046
1.546991
-1.910089
-1.732171
0.165149
1.030377
2.966920
1.225241
2.208345
-3.089010
0.638914
2.517570
-0.114877
0.169778
0.412410
-0.447520
2.466852
-0.141897
-1.267911
-2.871743
-2.875341
2.819842
-2.307054
-0.475695
1.065935
2.245537
0.045423
0.888480
1.570796
-1.332187
-0.883672
2.342111
-1.359703
-1.570796
-2.566168
1.085174
-1.762844
1.570796
0.244979
-0.049958
-1.700499
2.677945
-0.648332
-1.588652
-0.448723
1.138389
-2.713329
3.077849
-1.504228
-1.387686
-1.549966
2.146221
3.117207
-1.832916
0.862170
2.996780
2.245537
-1.387686
-0.805003
-1.016489
-2.729182
-0.152649
0.244979
-2.657115
2.530867
0.411065
0.375271
0.891383
0.990040
-0.681298
-1.075245
-2.810497
2.034444
1.745469
-2.214297
-2.688814
-2.121182
0.287281
-0.947597
-2.953371
0.436627
2.930499
0.074860
0.088007
0.664774
1.026516
-1.570796
-0.232557
2.025098
-0.037020
-0.856706
-1.862253
-0.806672
1.333948
-1.382575
-0.150371
-1.214577
0.545655
3.033322
-0.407256
-2.466852
0.982794
0.851966
1.768192
1.831399
-0.652847
-2.622447
2.740364
-1.978945
-0.034469
0.090660
0.049958
1.165905
1.663126
1.320818
2.245537
0.916714
1.712693
1.386853
-0.724866
-1.452306
1.865031
2.761086
2.792822
0.919720
-0.476467
2.642246
-0.186979
1.892547
1.520838
2.870646
0.284730
2.789548
-2.578276
1.405648
-2.453448
-0.495552
2.871743
-1.387686
-1.866237
-1.465919
-2.699218
2.826835
0.847817
0.380506
-0.846546
-1.255582
2.327631
0.813169
-2.122451
-2.326791
1.325818
2.356194
-0.704494
-2.765632
-1.934775
0.331096
0.430693
2.437099
-1.570796
-1.955401
0.957589
-1.670465
0.543832
1.597106
-2.852617
2.896614
0.472907
-0.314232
0.055499
0.522403
-0.741947
0.420663
-0.337878
-2.540519
-2.706922
-2.553590
0.225277
1.197809
-0.654083
-2.880990
0.097253
-1.815775
-2.022249
1.030377
1.821799
3.094010
0.524796
0.864597
-2.263131
-0.472122
-0.052583
-0.816638
0.658806
1.892547
1.414194
-1.304544
0.369334
2.055274
-0.161375
-2.570255
-2.383965
-2.461071
1.523213
-1.202100
1.768192
2.947971
1.017502
-1.249046
-1.783735
-0.453339
-2.238102
1.178456
-3.091634
2.896614
-0.767218
1.484058
0.489957
1.530818
1.180189
-2.514284
1.373401
-1.502720
1.425984
-0.177596
-2.289626
1.275355
1.969319
-0.154319
3.113029
1.750650
-1.147942
-2.996780
1.934775
-1.532354
2.223643
2.105751
-2.939271
-1.823351
-3.066264
0.770474
0.625485
2.806856
-2.440738
0.535811
-2.125104
-0.401871
0.785398
-2.034444
2.901850
-0.121352
-0.643501
-2.075658
2.553590
1.815775
-0.972377
-2.319174
0.523919
-0.211093
0.651077
1.205049
-0.813169
2.340323
2.095592
2.297439
2.165556
-1.209067
0.982794
