2.462179
-1.088283
1.304544
0.224711
0.385883
0.449760
-8.639380
2.524401
-0.736257
-0.032247
0.313621
-1.241747
-0.370891
1.629552
2.111216
-0.694738
-1.781890
1.405648
-0.370891
0.785398
1.292497
-1.037952
-2.095592
2.055274
-0.947597
-7.739105
-1.919567
2.629203
1.292497
-0.868539
3.006065
0.643501
-2.077895
-7.459191
-0.148890
-1.428899
2.150799
-2.010639
3.096169
-1.616220
-3.113029
-0.859337
-8.961130
2.254506
-0.576375
-1.119343
1.965587
1.128422
-0.308053
1.940130
1.778293
-0.439843
-8.940300
-9.070072
-8.934821
2.462930
-0.367174
-1.071450
1.725115
-1.162647
-9.197979
1.231504
2.875341
-0.288975
-8.810115
1.331565
0.785398
0.216085
-8.382056
2.761086
-0.045423
-9.274407
-9.071788
-8.492301
1.620755
-0.099669
-8.528723
0.904827
-1.463106
2.105751
2.471071
0.837981
-9.026256
-0.385158
0.551655
-2.323948
0.257324
-8.980359
-9.088103
-1.264917
-7.656586
2.761086
-0.358771
2.256526
2.597312
1.878849
0.436627
2.699218
-1.951303
1.681454
-0.927295
1.597817
-2.073640
1.570796
2.804918
2.276365
-9.215755
3.141593
-0.114877
2.591739
0.430693
0.501604
0.102207
-9.222456
-0.561163
-9.217282
0.117109
1.446441
2.072400
1.299849
1.279340
2.165556
1.969319
-0.674741
-2.043703
-1.665748
0.386876
-8.156867
-8.961130
-0.124355
2.356194
2.976444
-9.010271
-1.107149
1.504228
2.226492
-1.159732
-7.853982
-9.029987
-8.619774
-7.909480
2.131960
-1.570796
-0.643501
-1.117458
1.267911
1.196463
-9.191035
-3.017238
2.546183
1.801887
-1.107149
0.862170
2.512796
2.723368
-0.764993
-2.996283
-8.894562
-7.912737
1.176005
2.034444
-0.502843
-0.556166
-0.278300
-1.759018
1.473543
0.165149
2.034444
-2.010639
-8.930837
-0.835357
-9.076007
1.570796
0.244979
1.352127
-1.158386
-1.295370
-1.518213
1.643837
-8.080780
1.405648
2.322873
-1.508378
-7.909480
3.141593
-2.287338
-3.224734
2.292451
0.099669
-8.617161
0.274910
1.892547
-0.463648
-0.086738
-8.639380
-0.685730
0.058756
1.969319
-8.337429
-0.099669
1.789465
-1.047518
0.407632
0.844154
2.896614
0.197396
-9.172224
-1.042722
-9.424778
-0.841942
-0.207496
-8.595929
2.245537
0.169778
-8.948311
-8.428286
0.903490
-2.356194
-1.107149
-1.342300
-7.240774
-7.853982
2.601173
3.141593
-0.418224
-9.424778
-0.643501
-8.983598
-9.193687
-9.004115
0.313621
1.421906
-1.756144
-1.712693
2.293776
0.113151
-9.350839
-9.209420
-0.358771
-0.661043
0.424194
2.572279
-8.828579
0.960070
0.000000
0.890275
2.743070
2.270689
2.330559
-0.936774
2.896614
-9.334118
2.412738
-8.660653
-2.324955
2.377468
-0.321751
-2.984991
-0.390607
-8.582836
-1.231504
-0.207496
0.244979
0.000000
1.853351
0.418224
1.946067
2.934096
2.093200
1.063698
2.116451
-9.093682
1.856848
-8.945259
-0.588003
-1.147942
1.465919
2.870646
2.902983
3.191551
-1.217806
1.515298
0.488334
3.024484
-8.998150
2.174546
-0.648332
-0.257324
0.855053
-9.201301
2.181522
-2.268699
-0.900275
1.212026
1.778293
-1.354711
-0.519146
-9.158526
-0.329624
-9.135803
-9.222456
-9.110546
-3.224734
-0.380506
1.249046
1.543776
1.972667
0.281772
2.158799
1.750650
3.141593
0.117109
0.516231
1.058407
-1.778293
-1.989021
3.433049
-0.062419
-0.463648
-8.258873
0.233743
-8.351804
-1.074374
2.007423
-9.036459
-2.013171
-8.781277
0.380506
-1.421906
2.788602
1.637364
0.763180
0.694738
-1.923787
-8.716152
0.038443
-1.778293
2.992703
0.477345
-0.851966
0.674741
-0.785398
-7.754313
0.339293
-1.570796
2.547379
1.570796
2.647651
1.373401
-9.206109
-0.919720
-1.363300
-0.141897
-8.568072
-0.649870
-0.363979
0.927295
2.314552
0.146012
-1.801887
-0.367174
-9.050444
-0.348771
-1.502720
-1.786881
-1.061204
3.098142
2.838708
-3.066733
0.205395
2.588298
0.207496
0.000000
1.004067
-1.875307
-0.700854
-9.110020
2.184004
2.307054
1.822486
-3.218365
1.929567
2.907849
0.177596
0.990040
-1.471128
5.984686
1.058407
-0.625485
-2.158799
2.457883
1.424784
-9.034171
1.292497
1.675673
0.724250
0.969723
-0.270947
-2.953371
-1.629552
2.609869
1.999574
2.639989
2.553590
-8.817790
-0.404892
2.934096
-1.768192
-0.942000
2.961739
-7.743324
2.553590
-1.039072
-7.465663
0.274167
2.677945
-0.932477
2.019520
2.498092
0.000000
1.428899
-8.042203
3.050933
-0.504166
-8.932969
-0.463648
-1.026516
1.687905
2.819842
-1.401695
0.258771
-1.815775
-1.107149
2.582993
-8.730040
-7.642888
-9.153831
1.727398
0.380506
-3.453635
-0.343024
-1.069192
0.390607
-1.712693
-0.260602
2.094075
2.750986
-1.396124
1.325818
-1.118018
-7.912737
2.019520
-0.412410
2.566168
-1.975688
2.446854
0.321751
-0.548549
-0.956133
0.138006
0.380506
-1.516795
-1.095101
0.679414
-9.009286
-1.428899
-2.944197
-7.697380
0.096474
-1.475845
2.013171
1.919567
-1.396124
2.373737
-2.013171
-0.819867
-2.336589
-3.530909
-0.174672
2.034444
2.007423
1.601090
2.214297
1.852568
-0.545655
-0.343024
3.246470
2.819842
-0.558599
0.438337
3.050933
-1.719686
1.475845
-1.219352
-0.766532
2.746802
2.795054
2.158799
1.172274
-0.990040
-0.489957
1.261093
-2.420621
-1.570796
-8.568072
2.961739
1.570796
1.222025
1.310194
-9.320986
1.396124
-8.464708
2.953371
-0.911990
0.104877
-8.676400
-1.723446
-8.961130
-1.183921
-0.974597
-9.036459
-1.907471
-0.832981
-1.004067
2.487510
0.062419
1.134169
1.546991
-2.001489
2.466852
-0.819867
1.518213
-0.348771
2.055274
1.379612
2.034444
-3.215532
1.158386
1.815775
-8.639380
1.681454
1.792878
-0.785398
-9.128232
1.712693
-1.856848
2.169215
-1.789465
2.181522
2.056418
1.873681
2.103640
1.661456
-0.436627
-3.014083
-9.071788
1.789465
2.224879
-9.338040
0.679414
0.000000
-1.546991
-0.785398
-1.849096
2.730528
0.904827
-9.146478
0.148890
1.337053
-0.080904
-0.805803
-9.044272
1.828120
1.299849
-1.172274
2.804918
-1.629552
1.465919
-8.994085
-1.700499
1.165905
-1.670465
1.107149
-2.152177
0.156602
-1.778293
-9.085485
-1.742987
-0.896055
-1.093451
-2.150799
1.264917
-8.863615
1.681454
2.063282
0.226799
0.463648
1.231504
-0.321751
1.414194
1.937970
-0.588003
3.066733
-1.124691
-0.047583
-2.733444
-1.082462
0.258771
0.846546
2.944197
-8.732857
-8.224873
-0.620249
-0.872137
0.321751
-0.202322
-8.639380
-9.193687
1.712693
1.325818
-1.465919
-3.070285
-2.629203
-7.983684
-7.596658
-0.588003
-9.248069
-1.044169
-8.836775
-0.321751
-8.792029
-9.038895
-2.284887
-0.083141
-8.492301
2.446854
2.910502
0.558599
-0.800782
2.284887
-0.244979
-1.343997
-1.716809
2.570255
-0.965252
3.141593
1.815775
-2.956245
0.805003
1.512041
2.295046
1.570796
-7.701332
-9.314121
2.792822
0.911990
-0.588003
1.352127
-2.236766
-1.570796
-8.776446
0.218669
-1.873681
2.984991
1.232918
1.078987
2.877629
-0.722979
1.570796
2.651635
-0.968509
0.000000
2.241940
-8.807587
3.306741
-0.821097
2.325901
1.034985
2.324955
-0.211093
1.859772
1.107149
-8.361080
-0.548549
1.238737
-0.625485
-1.177738
0.876058
2.723368
1.382575
