2.226492
2.475623
1.190290
-2.158799
-0.454302
-1.453688
-2.279423
-2.933127
1.471128
1.801887
0.627308
2.008588
-3.005190
1.990993
2.543174
-2.537287
-2.225367
1.177738
0.785398
9.407830
1.141034
-0.414507
-1.033210
-1.273732
2.105192
1.385448
-1.628425
0.225277
2.356194
1.271020
-0.420197
0.785398
0.844154
-0.785398
-2.158799
-0.128911
-0.073041
3.104573
2.437099
2.236766
3.041924
-0.771315
0.880996
-1.879727
-8.721547
2.792822
-0.473356
-1.356736
0.624635
1.912412
-2.475623
0.361204
-8.639380
-1.677532
1.197809
-0.400241
-8.298401
1.081944
0.455451
-1.061725
2.064738
0.489957
0.147078
-1.748889
-1.835285
3.107124
0.958259
-1.712693
0.059928
0.826471
-0.665969
2.957649
-7.580973
2.922924
-2.559240
-0.244979
-0.387524
2.814192
-1.535097
2.914794
-0.057628
2.831205
1.768192
2.991780
0.147849
1.735945
-2.686142
-2.245537
1.147127
1.004067
0.717012
2.138901
-0.720971
9.330717
-2.944197
-2.711830
2.906048
1.095786
0.730907
1.067170
-0.272146
-0.773053
2.446854
-3.141593
1.065506
-0.651077
-1.781890
-1.764418
0.845930
1.862253
2.716760
1.595182
-2.523837
2.383215
-2.299114
-0.179853
0.022723
-1.046877
-0.480175
-0.289504
-0.864597
0.274910
-0.919720
2.318238
2.085248
2.043293
-2.111216
-2.887225
-2.750986
2.153536
0.799890
2.936951
2.627141
-2.970214
-7.804023
7.627183
-2.677945
0.041643
0.866302
0.923749
0.214061
-2.279423
-1.077960
1.931633
2.396173
1.415201
1.869295
2.203545
-0.734161
-1.030377
-1.530818
-1.742175
-0.680521
9.208228
-2.548243
0.000000
0.442374
0.000000
2.833540
9.491346
2.726101
1.223735
0.315616
0.798056
-3.083964
-1.653938
-0.800782
1.226149
-0.977446
-8.902944
-0.588003
-2.873682
2.525973
-0.572966
-0.797743
0.729900
-0.604306
2.553590
0.577902
2.067219
0.275426
-1.220482
-1.744468
-2.371119
1.422947
0.388319
1.681454
-0.373727
-0.037718
6.592888
1.855527
-0.512389
0.825377
-2.826835
-1.797595
-1.116077
-8.266392
-1.090621
-0.043451
-7.765974
-0.293589
1.983207
0.492486
-2.206635
-1.097440
-1.768192
-0.239743
1.642104
-0.019997
-0.454302
-1.707863
-1.330262
-0.771700
-2.696292
-1.886767
-0.741947
-2.121182
-0.158655
3.224734
-2.239086
-1.712693
-2.649107
2.323948
2.257921
-2.163799
1.699707
2.854311
1.910089
1.732634
0.999459
2.525973
-2.988943
0.147078
-0.373727
1.704607
-2.716388
-2.653756
-3.101614
-0.321751
-9.269183
-2.137526
-0.755104
-0.436627
2.601173
-8.012637
1.686556
0.260602
2.195432
1.685673
1.553254
1.469107
0.521834
-2.934096
1.915444
1.428899
2.643770
2.565217
-0.037020
2.597760
-1.343997
0.643501
-1.596432
0.063743
2.844528
1.179096
1.402590
-1.046877
-0.497822
9.001109
-2.043703
9.332449
-0.258771
-0.772066
2.721396
-2.848406
1.014197
-1.937970
-0.864597
0.309703
1.197070
9.265426
0.000000
-0.620249
2.140837
1.845706
1.020410
-2.013171
-0.304992
0.785398
-0.755995
5.819538
1.492525
2.044152
-2.070143
2.546833
2.780756
0.066568
-2.169215
-2.756988
-2.034444
-1.449444
-0.463648
0.289504
-0.868539
0.771315
-2.411693
0.113151
1.123954
1.830128
-3.103150
0.197396
0.756835
-1.339706
-0.337878
1.123954
2.825977
-1.820383
3.041924
9.352179
0.857735
-3.039904
8.995016
-2.009656
-1.886412
0.942000
0.524796
0.281232
2.643770
2.410196
-2.587285
-2.369527
-0.463648
2.356194
-1.570796
-2.627141
9.217282
2.461071
8.569073
3.165398
1.216091
1.091277
-1.924794
-1.899349
2.582993
-0.931027
-1.355981
6.813959
0.826471
1.783228
0.079830
-1.508378
0.528074
-1.779262
2.856862
-2.121182
-0.582739
0.683191
-2.729182
-1.439481
-2.532429
2.016902
0.631691
-1.907471
-1.249046
0.799096
0.994421
0.739277
-1.657535
-2.188552
1.962496
-2.914794
0.767218
-0.200954
2.097424
-0.297064
-1.570796
-0.906022
-0.906022
1.136843
0.343024
-1.609239
6.345604
1.667270
-0.952652
-0.172191
-1.590794
1.534449
0.278300
-2.910502
-0.560687
-1.570796
0.044415
7.027511
2.547843
-2.979755
1.193887
-0.086738
-2.369892
-0.634023
-0.694738
-1.768192
2.622447
-2.143256
1.358364
-2.687291
2.418613
-0.068076
-2.018316
-1.870967
9.143546
1.464812
-0.432408
1.980924
0.876058
2.428532
0.755995
2.218188
-0.126973
-9.054872
1.136843
0.149812
1.509648
-0.211093
1.647568
-1.614247
-1.591627
0.193959
1.082960
3.118341
1.277609
2.327631
3.362421
0.678119
2.756988
0.281772
0.453844
0.729900
-6.771022
2.927532
0.201317
-1.180189
-2.771687
-2.999696
-9.179799
-2.195432
-0.269849
1.432790
2.402316
0.117109
7.098877
7.375629
-1.071450
-0.734161
2.463884
-1.373401
-1.621600
-2.424581
1.190290
-1.687905
1.681454
0.235545
0.144812
-1.709892
3.024484
-0.519146
-1.418147
-0.233743
1.243058
-2.565217
9.424778
-1.443824
-1.451367
-1.518213
2.199593
9.503049
-1.726391
0.864182
-3.160821
2.369892
-1.289959
-0.647392
-0.475011
-2.322873
-0.019605
0.999459
-8.639380
2.687291
0.609163
0.634023
1.079633
1.186192
-0.583077
-0.918927
-2.594804
2.553590
1.735945
-1.947287
-2.649107
-2.011547
0.407256
-0.731397
-2.819842
0.610726
9.328919
0.343024
0.384605
0.759763
1.107149
-1.387686
0.024385
2.127396
0.075329
-0.718830
-1.501142
-0.558599
1.446441
-1.261093
0.040794
-1.141034
0.635027
-3.185044
-0.343024
-2.442400
1.249046
1.249046
1.917858
2.177784
-0.479519
-2.449671
2.767866
-1.862253
0.314758
0.235545
0.212432
1.272297
1.752445
1.426355
1.881795
1.040023
2.131960
1.487655
-0.643501
-0.954499
2.063282
2.850136
2.993743
1.049362
-0.193211
2.754069
0.108271
1.951303
1.690225
8.724885
0.502843
2.990577
-2.422763
1.760785
-2.318238
-0.429762
2.947634
-0.995372
-1.811331
-1.306308
-2.620158
2.931953
0.955176
0.519146
-0.614663
-1.123276
2.532429
0.934958
-1.978052
-2.217844
1.203622
2.687749
-0.588003
-2.677945
-1.832510
0.433953
0.627308
2.537287
-1.408959
-1.887082
1.069783
-1.209067
0.631691
1.695151
-2.608749
9.269183
0.566729
0.074860
0.222661
0.704494
-0.886502
0.505290
-0.220829
-2.416727
-2.592218
-2.446854
0.316286
1.600200
-0.436627
-2.757775
0.249252
-1.791290
-1.620755
1.116077
1.934775
3.233922
0.643501
0.988057
-2.191046
-0.315970
0.101689
-0.729900
0.857735
-9.227382
1.423718
-1.147127
0.463648
2.221873
-0.042528
-2.730528
-2.214297
-2.631104
1.855527
-1.051650
2.044152
-3.215532
1.124691
-1.216799
-1.649067
-0.334737
-2.043293
1.419781
-7.971090
2.970214
-0.627308
1.606495
0.710909
1.533776
7.019443
-2.469629
1.923787
-1.396124
1.467715
-0.019997
-2.210566
1.335251
2.025897
-0.141897
-3.077849
2.034444
-1.004067
-2.871743
2.017639
-1.354246
2.368540
2.339803
-2.819842
-1.259798
-2.855541
0.797743
0.746457
2.846152
-2.408778
0.755995
-1.773118
-0.286051
0.855705
-1.927416
2.991780
-0.038443
-0.608325
-1.951303
2.553590
1.916352
-0.785398
-2.274027
0.603230
-0.059928
0.756835
1.321209
-0.735440
2.523448
2.186416
-3.197091
2.245537
-1.021422
1.046877
