1.757283
-2.043293
1.835285
2.710454
1.218752
-2.607197
0.231091
2.863293
-2.214297
-1.609239
0.391700
1.720609
-0.436627
9.535435
-2.620158
0.772412
0.519146
2.831890
2.579095
-2.963500
2.848406
0.479519
-0.431139
-1.307802
-2.444571
-2.461071
2.865787
1.448954
9.424778
-0.502090
-1.049362
3.030935
1.929567
-0.384169
-1.207649
-1.514253
1.849096
-1.020410
2.199593
-1.230414
-0.812419
2.601173
1.373401
-2.369892
-2.944197
3.123413
-1.107149
0.368696
-2.411693
2.131483
-0.710538
9.266123
2.446854
1.270625
2.034444
0.755995
-1.495467
3.321446
-1.830128
1.255181
0.095859
0.356620
2.634494
-1.133005
-2.501823
-2.508844
-1.904741
9.443644
-1.193887
-2.434978
-0.039979
-2.716388
3.300248
2.158799
2.001935
0.492486
2.487022
0.643501
-0.906022
1.063698
-2.117585
0.158655
0.599175
1.428899
-0.772066
2.686873
0.988057
-0.101689
-2.719588
3.141593
-1.631944
1.074374
2.516957
-1.082960
-2.873682
-3.141593
1.965587
-1.363300
-2.501823
0.785398
0.668289
-0.347062
-3.067654
-2.260596
9.368235
1.387686
1.431700
-2.819842
0.713061
1.768192
-2.537287
1.975688
-0.193959
-0.785398
-0.057628
1.649067
0.200954
-0.042528
1.473069
2.289626
1.168475
0.394791
-1.380808
-0.152649
2.329885
9.272129
-2.267818
-0.340382
-2.463884
0.112728
-2.797374
3.291405
2.873682
-1.570796
1.005647
2.537287
0.384169
-0.358771
-0.482513
0.240534
2.368540
1.776192
2.016097
1.193887
-1.898197
-2.658146
1.405648
-0.208465
-0.455101
0.269849
0.353997
0.946161
1.216799
0.851966
-0.857735
-1.165905
-2.588751
1.910089
2.313966
0.923404
-1.330625
1.668523
1.631944
-2.458401
-0.455774
-2.026247
-2.639502
1.943784
1.037088
2.853537
2.533791
2.191046
-2.701750
-2.242759
-0.250443
0.000000
-0.942000
9.353470
-1.046877
-1.504228
2.642246
-1.046877
2.564400
1.352127
2.487022
-2.757423
-0.785398
-2.501823
-1.133005
-2.490516
0.630401
-2.294544
-2.328424
-1.349968
0.071307
2.813854
2.485897
-1.869295
-0.936774
9.481321
1.455920
2.263131
0.369906
1.947706
0.482513
-1.179096
-0.837981
0.280838
2.369181
0.958644
-1.020410
-0.463648
-2.734337
2.624561
-1.958320
-1.869295
2.892341
-0.724866
-1.768192
-2.186416
-0.369906
-2.969402
0.280838
-0.887605
2.245537
-0.571337
-2.967921
1.399417
1.844456
-1.666655
-2.477546
-1.311465
0.231091
-2.434978
0.036348
-1.271020
0.155595
2.231839
2.914794
3.211653
-0.773351
-1.983207
-2.710454
-2.074423
0.613770
0.383818
2.050316
-2.396173
-0.135528
0.528074
-0.886502
0.234723
2.607197
-2.228685
-0.081452
-0.235545
3.224734
-0.391700
-2.991780
-0.121842
1.098674
-1.352127
1.735945
2.478863
0.550386
-0.772412
2.356194
9.262579
1.289564
-0.688924
2.789548
-2.079867
-1.681454
0.240534
-0.151375
2.303611
0.680521
-1.476735
2.745511
2.369892
3.047531
2.289626
0.286051
2.831890
1.590025
0.582739
-0.743170
1.588036
0.543832
-0.977446
-1.915015
0.236245
-2.201198
-0.384169
2.708011
0.304992
-2.597760
0.627308
-0.108271
-2.701750
1.644735
2.461071
-0.161837
0.770906
-2.413275
-1.007480
-1.325818
-0.377249
0.507099
3.161590
2.000559
-1.418147
2.739272
-2.428532
-1.609239
1.915015
1.458069
0.549374
2.826835
1.551931
1.866237
0.530773
1.436985
-1.924794
-1.994465
1.531601
-0.258252
-1.380808
2.955106
-2.214297
0.018180
-1.392703
2.245537
1.203622
-2.569133
1.158386
0.662730
-2.424581
-2.775845
-1.747505
-1.608514
-1.496857
2.315122
-1.535097
-2.475623
-1.494024
-1.354246
-2.193099
0.643501
2.107707
2.111216
-0.304001
-0.588003
-0.472497
2.410196
-2.356194
-0.412410
-2.133294
1.862253
1.961403
2.281706
1.009633
2.111216
1.590402
-2.001935
2.422763
0.162199
-0.428264
-1.702112
2.958482
-2.279423
1.787347
-0.446106
0.938047
2.092231
-2.231839
0.480887
1.235158
-2.458401
1.715238
-2.553590
0.369906
0.423669
-1.089133
0.333945
-2.964884
-0.380506
-2.449258
2.696292
0.570040
1.343997
-1.739003
-2.117585
2.016097
-1.317122
1.983207
-0.056543
0.554996
0.240171
-0.445301
0.982794
2.865787
-1.849096
-1.160669
-1.037088
-0.514451
9.246685
-2.251318
2.395136
-2.906048
-1.396124
1.644735
1.091883
-0.472122
-1.726391
2.669471
-1.533078
3.162423
2.521343
-1.396124
-1.279340
-1.099019
2.594804
-2.098871
0.889498
1.874797
0.728317
-2.407432
-0.615620
0.760403
-0.356620
1.420984
1.801887
-1.373401
-0.314758
-2.498092
0.396441
1.570796
2.060754
-1.570796
-1.107149
-0.948493
1.886767
-2.892006
1.297788
1.959115
2.164146
-0.582739
0.811034
-2.652740
-0.624635
-0.455101
-0.661043
0.092329
-2.147989
0.604306
-0.168207
-2.279423
-1.690225
-1.570796
1.292497
-1.570796
-1.272297
0.289504
-3.005190
2.121182
-1.519118
-1.745469
-0.982794
2.094716
2.009656
-2.746802
2.775845
2.825622
-2.131483
-0.828849
-0.122195
1.348135
1.099336
0.365747
1.398606
-1.843805
-0.994421
-1.097890
-1.849096
-1.269177
-2.158799
0.445301
2.591207
-2.268187
9.243129
-1.570796
2.764683
1.160669
-1.742175
2.669096
3.160458
2.179960
-2.302193
0.798384
-0.635838
2.102520
-1.536327
-2.267818
-1.961403
2.034444
-1.455920
1.944523
1.838707
2.059649
0.455101
1.300947
2.426501
1.168475
2.460294
2.786887
-1.752445
2.293776
-1.927416
-1.745469
0.333945
-1.139658
2.963500
-3.022164
-0.839400
3.160458
-2.050316
2.371578
-1.720609
-2.239839
-2.466852
0.684295
2.370278
-1.898535
-0.811034
1.732634
2.016902
1.297788
-0.823355
1.881184
0.038443
1.768192
-2.855541
0.588003
-0.487836
0.445301
-2.313966
-0.624635
1.133005
-2.068619
0.078271
-2.846152
2.121182
0.372988
1.849096
1.012197
-0.287281
2.087491
-2.537287
-2.034444
2.292988
-2.727086
0.037718
1.193887
-2.000559
-1.921111
-2.245537
-0.220829
2.993743
3.122364
-9.363630
0.404892
-0.270947
-2.910502
-1.107149
-2.553590
-0.870903
-2.651635
-2.727086
0.927295
1.570796
-0.799096
-1.049658
-2.843094
-2.764683
0.110657
3.195113
3.162423
1.026964
-2.530867
1.771751
1.942864
0.158655
-2.892006
2.617673
0.770474
-0.635838
-0.097727
-2.356194
-1.975688
-1.832510
-1.911178
-2.019520
-2.686142
1.715609
-2.489724
-2.489724
2.736701
-2.819842
-0.144442
-2.543834
-2.660705
0.528074
0.741947
-0.699893
-1.490966
-1.925502
1.880499
0.423669
-1.729452
2.754069
1.014197
2.831205
0.000000
2.850136
2.525973
2.372066
-2.413275
1.186979
1.380808
-0.037020
-3.012682
3.161198
9.424778
9.500107
2.369181
-1.098299
1.968424
-1.951303
-1.610775
-3.011890
-2.408778
-1.514253
-0.613770
-1.260409
-1.016489
2.383965
0.939106
2.384758
-2.473303
1.369479
0.957026
-0.665969
-0.117109
-0.899190
-2.422763
-0.904827
-1.699707
2.458401
2.750986
0.957026
2.430683
-1.768192
-0.446106
-2.947634
-0.607802
-0.235545
-0.197396
-2.901422
-1.835285
2.058633
1.910089
-3.141593
-2.771687
1.824470
-0.882651
0.715092
9.463221
2.257921
-2.601173
-0.582739
1.142532
0.353997
-0.755995
2.886410
-2.114629
-1.697388
1.570796
9.302583
-0.939106
