-0.165134
1.657068
-0.197129
-0.255837
0.190931
0.029564
0.138045
-0.159907
0.055203
-1.434692
0.281441
-0.270900
1.705534
-1.747214
0.037836
1.579843
0.238695
-0.230308
-0.241060
0.125584
-0.195109
1.567904
0.225198
0.193519
0.048175
0.034281
-0.224347
-0.222023
-0.046424
0.243193
0.215800
-0.223230
1.564156
0.198811
0.185639
0.239082
-0.243379
0.184512
-0.160892
1.726303
0.218818
-0.235449
-0.220194
0.008423
0.134855
0.153352
0.189769
1.585838
0.055720
-0.220100
0.198398
-1.714418
-0.258410
1.622664
-0.157931
1.684139
0.175074
-1.682481
-1.420531
1.608594
0.145570
0.188671
-0.179803
0.298967
0.091957
0.015561
0.218245
-0.019957
0.215362
-0.064943
0.181150
0.039188
-1.548882
-0.214734
-0.294045
1.566897
-0.214779
1.572564
0.324120
-0.260156
-1.447363
0.246151
0.201414
-0.124701
0.182154
-0.231049
1.565565
0.329093
0.051223
0.196147
0.040737
1.571863
-0.192822
-1.498613
0.054014
0.073374
-0.243738
0.220722
0.027519
1.569616
-0.231508
0.229603
1.837561
0.017352
0.010417
-0.179579
-0.189443
1.950397
1.623973
1.524063
0.060111
1.544021
0.224528
0.268017
0.238359
-0.165251
0.180251
0.230109
1.576582
-0.189391
-0.163698
1.539771
-1.491981
0.196739
-0.296777
-1.710096
0.055327
0.369766
0.001852
0.168497
1.882870
0.155022
-0.207999
-1.493790
1.626079
-0.192102
1.607512
0.200443
0.323950
0.152932
-0.213645
-0.143856
1.577041
1.594299
0.036279
0.056930
-0.180976
0.358056
0.261680
1.599173
0.278978
1.515916
-0.191494
1.614882
0.292811
0.189314
0.032393
1.545681
-0.290447
1.551386
0.149904
1.581025
-0.238600
0.000146
0.196261
0.088114
0.027194
1.575172
1.582826
-0.208087
-0.264046
-0.117615
0.045516
0.016094
0.219413
0.267619
0.254146
-1.661516
0.230113
-1.467261
-0.212339
1.736179
-0.207419
0.292702
-0.178660
0.066693
0.305031
0.066449
0.261325
0.028967
1.665354
0.027693
0.067415
0.216509
0.263337
-0.205201
-0.210371
0.048608
0.280315
0.005655
1.654966
-0.201601
1.542823
1.547466
0.189553
0.198186
0.241913
0.214259
-0.168065
1.652573
0.262224
0.320240
-0.031752
-0.209210
0.075163
0.014142
-0.265794
0.282912
0.018536
-0.028302
0.217760
1.781126
0.186131
0.279030
-0.081043
0.290381
-0.027592
-0.162388
1.569834
-1.525702
-0.019938
0.258524
0.153373
0.071719
0.205731
0.229294
1.562836
-0.177875
-0.194888
-0.218297
0.177502
0.003346
0.039333
0.033276
1.574948
0.196326
-0.271815
0.040757
1.632858
1.608946
0.298593
0.202164
-0.190968
0.000347
1.654868
1.752179
0.187853
0.235766
0.020558
0.170577
1.565713
0.235227
-1.490750
-0.213085
0.229609
0.202413
-0.243863
-1.795079
-0.242649
0.332188
-0.238340
0.084777
0.029919
1.569999
0.209728
-0.260945
0.224300
0.212067
-0.223084
-0.232360
1.589776
-0.212826
0.242249
-0.266895
-0.239544
1.596942
0.158233
-0.216673
0.207475
0.270241
-0.022489
0.241656
0.129437
0.226655
-0.231653
1.564298
0.045560
1.575325
0.234017
0.044891
-0.152160
-0.272688
0.236511
0.255328
0.008447
-1.435368
0.200016
0.247424
1.625811
1.505946
-0.230434
-1.383606
-0.242860
0.062204
0.042364
1.604334
-0.178632
1.554731
-0.150475
1.664815
-0.208292
1.615156
-1.486548
-1.477647
0.043605
-0.193808
1.593734
0.265363
-0.226734
-0.006722
1.671068
0.348604
-0.271432
1.536097
0.026069
-0.185465
0.280467
-0.036542
0.015214
0.125380
-1.499432
0.314733
-0.210987
-1.432991
-0.019526
-1.477057
-1.410873
-0.028018
1.603740
-0.214503
-0.244770
0.242839
0.219063
0.195966
-0.179064
0.004898
0.249139
0.059739
-0.152981
-0.223792
-0.178634
0.377106
-0.238976
-0.217755
0.019933
-0.159580
0.174657
0.251844
0.012232
-0.223200
0.048792
-0.189284
1.642595
-0.239887
-0.225891
0.056140
1.575421
1.613917
-0.026034
1.566433
-0.023824
1.573630
0.194835
0.189033
0.190867
1.774969
0.172772
0.077568
-0.225756
0.166366
-0.234308
0.065163
0.038952
-0.223991
0.187576
-0.285805
0.198608
1.552907
1.619444
0.181439
0.206866
-0.226533
-1.438468
0.194675
0.339432
0.251574
-1.713515
0.023228
-0.202348
0.005005
-1.478347
1.552103
1.586183
0.205152
0.300094
-0.161631
-1.478571
-1.514083
-0.233828
-1.443025
0.250204
0.230857
-0.175947
0.043511
0.297270
1.565262
0.181655
0.053609
0.318448
1.536294
0.198379
-0.233181
-0.175641
-1.489644
0.292038
0.031985
0.288126
-0.180237
-0.238525
-1.464845
0.251827
0.221436
1.573773
0.023174
1.602386
-0.226695
-0.158076
1.583705
1.616347
0.036943
0.287773
0.210623
0.212212
0.195071
0.083616
0.212955
0.201935
0.067870
0.083508
-1.361313
1.661343
-1.386888
-1.427059
0.147493
1.846802
-0.269516
-1.480223
-1.409886
0.191005
-0.225060
1.529270
0.020536
-0.230049
-0.176515
0.059055
0.222351
0.184516
-0.181005
1.655340
1.540592
-0.215251
0.074641
0.205410
0.168143
-1.453191
-1.499092
0.057051
1.566635
-0.161582
0.016341
-1.771971
0.187941
-0.260079
1.563645
0.282073
-0.212482
-1.571078
-0.235863
0.043223
1.621591
0.205521
-0.154696
-1.436115
0.055286
0.043902
-0.203723
0.251902
-0.264213
-0.241228
-0.207119
1.610673
-0.133620
-0.138215
1.622584
-0.220029
-0.164295
-1.403086
-0.139069
0.046310
0.059913
0.190308
0.239458
-0.180996
0.004645
0.246141
-0.197536
-1.440826
-0.140621
-1.459506
-0.049961
0.059387
1.597446
-0.109277
-1.436211
0.222238
-0.118875
1.597068
0.259289
0.266101
1.566764
0.200156
-0.248151
-0.002639
0.214001
0.232043
0.255715
0.036800
1.666351
0.282657
0.026873
0.231513
1.783279
-0.233001
0.258936
-0.160330
1.539790
0.314401
-0.242046
0.119423
0.039713
-0.234249
-0.027718
0.249221
1.593369
0.052255
0.066339
0.004512
0.291918
-0.161252
-0.256641
1.656654
0.194872
0.218006
1.883503
0.241452
-0.042568
0.187753
0.075869
0.035431
1.574927
1.549287
0.190786
0.190009
1.839516
0.015684
0.219130
0.182090
-1.549038
1.655851
0.001924
-0.256787
-0.194970
0.250861
0.001696
-0.173802
1.596539
0.268886
0.256190
0.021019
-1.461188
1.730060
-1.480566
-1.459704
0.054719
1.600740
0.000621
0.124410
-0.196091
0.126315
-1.541367
-0.035729
-0.020887
1.608971
1.608509
1.620690
0.284423
0.027793
-0.189258
1.547095
0.273365
-0.148116
1.565248
-0.226860
0.254469
-0.184190
-0.233229
-0.243492
-0.010116
1.612985
1.676279
0.236801
0.122151
-1.535493
-1.779144
-1.790157
-0.262588
0.280073
1.544403
0.066200
-1.405305
1.831767
0.010040
0.304337
1.643819
-1.453762
0.226231
-0.256414
1.622360
-0.175717
0.041995
-0.189747
-0.242414
0.229801
0.261467
0.305200
1.842944
0.235176
0.263201
-0.211251
-0.219083
-0.220145
-0.229819
-1.427236
0.260870
1.715139
1.631836
0.252177
0.154070
0.125080
-1.437054
-0.217765
-0.217383
0.174516
0.025742
1.549573
0.228988
1.601566
-1.744169
-0.174164
0.070276
0.226323
1.647193
0.252494
0.305166
-0.202266
0.032339
-1.436495
-0.199537
-1.753591
0.310163
