0.244778
-0.259807
0.030185
3.300774
-1.790134
0.149157
-0.165442
-0.257238
-0.492472
0.278864
-0.164259
1.794333
0.178250
1.532767
1.640991
1.670183
1.632047
0.106972
-0.010347
1.751981
-0.229009
0.271057
-0.109351
-1.416960
0.062177
1.586177
1.522738
1.664142
0.094876
0.117516
1.922787
1.645859
0.113890
-1.552041
0.224044
2.909215
-1.370269
0.038124
-0.196873
0.191068
0.657732
0.215242
0.255984
0.163345
1.638589
0.171222
1.679941
1.983368
0.099440
-0.153532
0.228876
-1.450518
1.464019
1.586495
-0.317608
-0.033083
0.083052
0.299401
-1.345783
1.859306
0.213481
-1.640079
0.377641
0.217031
0.037710
0.278581
-0.226143
1.870420
-3.172962
-0.124029
1.747791
0.295343
1.912191
-1.473387
-1.566479
-0.234992
-0.145531
-0.235352
-0.149908
-0.258773
0.289910
0.298609
1.735937
0.063910
0.245209
1.603926
-0.170252
1.635489
-0.090856
-1.648208
1.381295
-1.540462
0.268826
0.058152
1.418449
1.624947
-1.529475
0.252091
0.159421
0.306527
3.353220
-0.002577
0.173261
-0.157023
0.090244
0.205997
0.235571
1.825100
0.338885
-0.064831
1.243011
0.094347
-1.347917
0.052519
-0.177074
-1.623244
0.015855
0.053096
-1.762573
0.254670
0.309816
-0.165766
1.620182
-0.313512
1.734917
0.357997
-0.226325
0.228318
0.233569
1.259310
-0.274949
0.099594
0.326697
-0.222406
-2.329587
-2.595295
1.698845
0.266653
-0.205392
-0.148437
0.157391
0.227291
0.235926
-0.155913
-0.050262
-1.745109
-0.220752
-0.293330
-1.597414
-0.264809
0.399892
0.227174
-0.169342
1.631235
-0.195502
0.254629
0.289691
-0.161894
-0.047809
1.599950
0.328241
-0.172755
-1.811272
-0.223217
0.163047
-0.038343
1.598422
-0.236574
1.584069
0.042255
-0.033662
1.655123
-0.077669
0.064004
0.288084
0.092182
-1.321045
-0.112411
-0.147765
-0.094595
1.862846
0.255816
-0.031554
1.781811
-0.508552
-0.911733
1.589953
1.463955
-1.313490
1.548350
-0.182993
1.550538
1.571259
-0.371625
-0.186362
-1.547893
0.267248
-1.670479
-0.317988
0.318975
0.160655
0.145561
1.385881
0.184123
0.388853
-1.419693
-0.176666
2.460138
-0.254773
-0.146161
0.023463
1.555139
-0.274572
-0.325791
1.638396
1.212847
0.883474
-0.172159
0.266287
0.138606
-1.553103
0.307405
1.763645
0.259038
-1.550427
1.472569
0.136079
-0.426789
-0.245985
-1.793552
1.740295
-1.425793
1.588879
-1.622856
1.602825
0.258182
0.017475
0.345197
-1.381187
0.081513
0.274089
1.594360
0.123947
0.272000
1.588946
-0.188065
-0.201523
0.454662
1.903220
-0.201511
0.309682
0.011874
0.103556
-1.572967
-1.549497
-0.214530
-0.013736
0.093147
0.954519
0.413406
0.229007
0.236816
1.666926
0.247313
0.326697
0.278409
-0.081308
3.023779
1.114718
-0.252756
0.442935
0.330335
-0.411786
0.320701
-0.313498
-1.643737
0.024274
-0.194766
-0.200092
0.207344
0.190894
1.748927
0.023486
-1.535594
0.027354
1.557510
1.655140
-0.215797
0.270569
-0.183597
1.587932
0.011299
0.300735
-0.157280
-0.503244
0.288714
1.854134
1.600756
-0.248194
0.253787
-1.451479
-1.474182
0.214327
-0.238197
-0.200308
1.150931
0.262717
-1.476920
1.710424
-0.241592
0.079011
0.074384
1.682138
1.784074
-1.574737
0.422763
-0.330935
-0.179526
0.279678
0.257202
0.432713
1.588034
-0.054466
-0.168670
0.523987
-1.706070
0.287162
-0.061046
0.057393
1.748259
-0.099003
-0.286815
1.571573
-0.176144
1.815600
0.053667
0.219675
-0.264919
-0.050395
-1.540873
0.197176
1.499000
1.631469
1.625817
-0.115119
-0.160795
0.307866
0.400185
-0.198327
0.207619
0.268645
-0.223834
1.577835
0.307547
0.218294
0.039040
0.045118
-1.411295
1.621023
-0.260208
-0.261710
2.415717
3.145354
1.955382
0.197520
-0.197106
0.189433
-0.103226
1.939732
0.021298
-0.151259
0.262889
0.164087
-0.225831
-0.011802
1.826845
1.605632
-0.955626
-0.131973
0.012768
0.951521
1.567546
0.047949
0.259983
0.232578
-0.368067
1.598343
-0.035878
-0.232575
-1.964836
-2.053993
1.292333
0.307659
0.265138
-0.274886
0.013876
0.250636
0.045341
1.829520
-0.527934
0.264439
0.038302
-0.042978
-0.207261
0.289975
0.040367
-0.166247
1.107582
-1.458644
0.020772
-0.214300
-0.203967
1.724124
0.258501
0.003592
0.082535
0.050208
-0.140657
0.056937
1.625860
0.053540
1.925686
1.354519
0.250341
1.019546
1.483321
1.771279
0.120619
3.436151
0.224902
-1.488099
-1.425845
-0.191822
0.097749
-1.446987
0.460891
-0.750640
0.228202
1.728935
0.634219
-0.389115
-1.971125
-0.188210
0.289833
1.488494
0.440021
-0.213579
0.311440
-0.150359
0.240720
0.206144
-0.232961
0.038551
0.371272
1.690346
0.069158
-1.765301
0.093029
0.246541
0.048936
1.606083
-0.160338
0.379857
0.663475
-0.197471
0.051957
0.189861
1.629022
-0.147126
-0.152725
1.530493
0.308623
1.572844
-0.261008
1.698733
0.879913
0.679744
0.199409
0.413455
0.216431
1.540735
0.021120
0.211592
0.261609
-0.242107
1.599680
-0.252280
1.686420
-0.271339
-0.220683
1.620641
1.792315
1.598282
-1.410017
0.141307
-1.399891
-0.439974
-1.522801
-0.214230
1.660956
-1.146654
0.123821
0.248955
0.099017
2.728231
0.021003
0.254794
0.057705
-1.627320
1.608317
-0.091304
1.729637
1.600295
-1.372903
-0.279958
0.247253
-0.181089
-0.134570
-0.203485
-1.458173
0.001563
-1.297498
-1.917354
-0.212038
3.076603
-0.264596
0.217128
1.642512
1.682878
0.537168
-0.170464
0.333535
0.058209
-0.017678
1.893431
0.216130
3.194908
0.256406
1.539797
-1.422012
-0.275969
-1.447466
0.256738
-0.208596
0.286395
0.237187
-1.520396
0.106065
0.011811
1.385026
0.386518
-1.533441
0.180334
-1.351472
-0.043406
-0.062112
-2.404718
0.070591
1.792944
-0.197763
-0.196641
0.179419
1.681970
-1.435837
0.099153
1.640078
0.065110
0.382190
0.326740
0.102393
1.685280
-0.190478
1.732375
1.472344
3.392590
0.225747
0.120948
0.207814
1.851968
0.218975
1.421192
-0.164701
-0.013953
1.686853
1.311529
0.205626
0.316534
1.772978
1.784070
1.179887
-1.386350
-0.222741
0.223001
0.271410
0.145764
-2.982608
-0.250379
-0.029929
0.236653
-3.393920
0.247787
1.650643
-0.094746
-1.457285
0.247802
-0.341919
1.633053
3.367679
-0.062577
-0.126810
1.921094
-0.226942
-0.009018
1.550840
0.217681
0.313985
1.823775
0.348558
0.471821
-0.186585
0.397402
-1.546503
-0.189991
0.028971
0.288597
1.594650
0.229966
0.311864
-0.421281
-0.045244
-0.192257
-1.428973
0.284785
-0.159173
0.083197
-1.455024
0.253152
-0.174374
-0.333582
2.062341
0.244296
0.028202
0.207924
0.115893
0.416782
-0.208942
-0.191993
-2.243056
-1.305479
-0.231335
-0.228704
3.226102
0.145370
0.289827
-0.193782
0.040329
-0.180969
0.295732
-1.452746
1.541122
-0.361252
-0.176553
0.291776
1.608556
1.848641
-0.025939
0.212864
-0.162008
1.619228
0.270436
1.711014
1.708548
-0.245585
1.572259
0.315393
-0.802056
1.770674
1.705435
0.259732
-0.208858
-0.161440
1.809795
0.219238
1.733134
0.281578
-0.101613
0.367890
0.233326
0.055847
0.253166
