-1.030377
0.298499
-2.191046
1.494024
0.174672
-2.199593
-2.782822
-1.570796
-0.076772
-0.620249
1.681454
2.034444
0.876058
2.976444
0.432408
-2.714965
1.965587
3.200348
2.414950
2.439336
2.589938
1.570796
-1.512041
2.273053
0.885067
-2.999696
0.785398
0.571337
-1.642104
-2.870646
-2.142134
-2.761086
0.674741
-0.927295
2.316216
-1.203622
-0.876058
2.199593
-0.404892
-1.665748
-0.708626
-1.107149
-0.298499
1.180189
-2.498092
-1.735945
2.944197
1.107149
-2.034444
2.111216
-0.566729
0.486899
2.432966
0.655696
-0.278300
-1.723446
1.222025
-1.313473
1.158386
-2.774419
2.723368
-0.856706
1.831399
2.714965
1.518213
-0.785398
3.079174
1.647568
-2.642246
-1.405648
0.737815
-1.222025
-0.745419
1.190290
-1.923787
0.519146
3.191551
-2.142134
1.983207
-2.802300
-1.745469
2.191046
-2.356194
1.487655
0.432408
-0.540420
1.637364
0.551655
-3.079174
0.260602
1.190290
0.610726
-0.982794
-1.681454
2.203545
-0.828849
2.553590
-1.969319
1.633215
2.498092
2.214297
1.681454
-2.034444
-2.729182
-0.231091
-0.418224
0.266252
0.000000
3.017238
-2.553590
2.356194
0.876058
-2.060754
0.785398
-2.601173
2.403778
2.122451
-1.626295
1.515298
0.927295
-2.129396
-1.768192
-2.870646
-1.849096
0.540420
-1.339706
0.000000
-2.316216
1.272297
-2.838708
-2.245537
-2.498092
-1.299849
-3.326941
-2.966920
-0.286051
1.272297
0.000000
-2.439336
0.876058
-1.190290
-1.138389
-2.642246
1.107149
0.071307
0.298499
0.956133
0.266252
-0.844154
-0.726642
-1.134169
2.601173
3.258701
0.412410
0.463648
-0.571337
-1.310194
2.064738
0.000000
-2.191046
-1.929567
-2.455863
-0.674741
-2.593043
0.066568
-1.841743
2.761086
-0.694738
2.089942
2.129396
1.325818
1.745469
0.685730
1.396124
0.785398
3.086094
2.536048
-1.570796
0.785398
2.553590
1.837048
-2.819842
-2.057696
-0.197396
-3.075024
-1.504228
-0.358771
2.498092
1.203622
1.438245
-0.785398
-0.741947
2.651635
1.180189
1.626295
-0.531724
-1.815775
0.463648
-2.356194
2.316216
-0.519146
1.629552
1.107149
-0.231091
0.999459
1.681454
1.222025
1.687905
-2.203545
0.982794
2.966920
-2.077895
-2.356194
-0.197396
1.892547
1.781890
-1.508378
1.975688
-0.837981
-1.756144
0.909753
-0.694738
2.601173
-0.938047
3.024484
-1.339706
0.566729
-1.325818
-2.439336
-1.212026
2.399645
-2.729182
0.844154
-0.302885
2.863293
-1.570796
0.117109
-0.785398
-2.226492
-2.191046
1.499489
-1.727398
2.203545
-0.519146
0.439843
2.007423
2.393215
-2.992703
0.950547
1.797595
2.934096
1.107149
-1.325818
-3.030935
0.558599
-1.004067
2.838708
2.798569
1.042722
-0.432408
-1.304544
1.965587
2.356194
-1.781890
3.141593
0.076772
-3.294242
-2.319174
-0.226799
-2.704965
1.107149
-0.244979
-2.356194
1.837048
-0.904827
-1.975688
-1.951303
-0.915101
1.373401
1.570796
0.732815
1.438245
-1.405648
2.403778
-0.643501
2.308611
-2.223643
1.570796
0.463648
2.944197
0.566729
2.984991
1.642104
0.737815
-2.111216
-0.785398
-0.938047
-1.487655
-0.321751
-0.156602
-0.655696
1.339706
2.060754
-0.278300
0.185348
-2.399645
-2.704965
2.677945
1.570796
-1.756144
0.343024
-2.432966
-2.060754
2.399645
0.785398
1.983207
2.007423
0.278300
-1.695151
-1.512041
-0.066568
-2.521343
1.570796
-2.098871
0.844154
-2.485897
1.856848
-0.394791
2.850136
1.756144
1.512041
1.428899
-1.249046
1.165905
1.460139
0.674741
0.358771
-1.626295
1.653938
1.339706
-1.706324
-0.950547
2.855541
-0.321751
-1.781890
-1.626295
0.876058
-2.589938
-2.214297
1.080839
3.141593
-1.703348
2.393215
-1.570796
1.508378
-0.110657
-2.173084
-2.226492
0.174672
-2.236766
1.080839
-1.249046
-1.227772
0.655696
-0.436627
2.356194
2.137526
2.098871
-1.158386
0.321751
3.086094
-1.670465
0.528074
-0.110657
-2.761086
1.019141
-2.521343
-1.249046
0.620249
0.493941
-2.819842
-1.428899
1.359703
-1.570796
2.485897
-1.997424
-1.778293
2.956245
2.408778
1.570796
0.837981
-2.034444
-2.475623
-0.302885
-2.629203
-0.896055
2.312744
0.844154
-0.904827
-0.896055
-1.626295
1.570796
-1.222025
0.132552
-1.292497
-0.390607
2.553590
0.702257
-3.208161
-3.306741
1.910089
-1.876675
2.838708
1.508378
1.405648
1.359703
0.174672
1.107149
0.628796
0.132552
-2.083186
-2.214297
2.446854
1.642104
1.292497
2.111216
1.373401
-0.260602
1.310194
-1.042722
2.880990
3.200348
-1.176005
1.446441
-2.003204
1.030377
2.914794
-2.446854
-1.012197
0.982794
-0.909753
0.571337
2.914794
0.000000
-2.651635
-1.937970
-1.453688
-2.774419
-0.380506
-1.892547
2.570255
2.191046
0.000000
-2.677945
2.999696
-0.909753
-1.653938
0.785398
-2.279423
-1.499489
1.633215
0.218669
-1.030377
-0.868539
-2.647651
-2.214297
-2.654693
-2.567288
-0.665969
2.098871
1.325818
2.553590
-2.245537
2.245537
2.498092
0.404892
-0.896055
0.540420
1.735945
1.339706
-2.782822
0.343024
1.385448
-2.910502
1.941688
-2.034444
-0.124355
-1.768192
-2.642246
-1.165905
-1.983207
0.950547
0.302885
1.735945
2.312744
2.574863
-0.260602
1.633215
0.876058
-2.819842
-0.828849
-1.414194
-1.778293
-2.191046
-1.801887
2.601173
1.212026
-2.060754
2.553590
-0.540420
-2.273053
1.138389
1.231504
-1.570796
1.339706
-1.719686
-3.030935
-0.185348
1.299849
3.274144
2.158799
1.626295
1.471128
1.058407
2.303611
1.876675
-2.723368
2.553590
0.436627
0.493941
0.000000
0.244979
0.412410
-2.863293
0.302885
3.194176
1.428899
-2.570255
-1.396124
-0.117109
1.756144
-0.828849
1.983207
-1.937970
-0.851966
2.356194
2.570255
-1.030377
2.819842
-2.485897
2.485897
2.273053
-2.256526
0.152649
1.869295
-0.343024
2.396173
0.321751
-0.832981
-1.929567
0.062419
1.831399
0.566729
-1.873681
0.702257
-2.214297
-0.694738
-0.996491
3.141593
0.286051
-2.403778
-2.129396
-0.674741
-0.999459
2.966920
0.927295
3.290483
-1.675673
-2.819842
-2.010639
-0.165149
0.486899
-0.432408
0.685730
-1.687905
-2.356194
-2.976444
-2.819842
2.356194
-1.414194
2.265535
-0.745419
-1.107149
-0.785398
-3.274144
0.132552
2.647651
-1.789465
-0.982794
-2.863293
2.521343
-2.589938
2.446854
-0.566729
1.869295
-0.828849
0.588003
-1.913820
2.761086
-0.110657
-1.642104
1.735945
-0.132552
-2.226492
-0.694738
-1.633215
2.536048
-1.626295
-3.017238
-0.244979
2.226492
-0.499347
1.781890
0.708626
1.373401
-2.761086
0.915101
2.308611
2.553590
2.855541
-2.273053
2.236766
-1.144169
2.122451
0.278300
-1.390943
0.000000
-2.007423
-1.325818
-2.530867
-1.272297
3.298195
2.253113
1.042722
-0.785398
-0.370891
0.058756
0.062419
1.951303
1.735945
-0.343024
-0.915101
-2.798569
1.801887
1.471128
0.885067
-1.438245
-1.212026
3.036716
1.653938
-1.421906
2.677945
1.869295
-1.515298
-2.782822
0.260602
-1.337053
1.080839
3.197091
-0.226799
-1.299849
0.185348
2.181522
-2.316216
-2.609869
0.370891
2.414950
2.930499
0.741947
-2.034444
2.256526
-0.174672
1.831399
-1.418147
-1.203622
1.687905
2.838708
-0.655696
-0.493941
0.493941
