-0.183207
-0.148815
-2.519534
-0.248328
-0.100086
-0.193411
-0.424969
-0.613808
-2.424362
-0.189028
-2.655512
-2.550979
-2.640226
-0.085354
-0.139246
-0.215957
2.218937
-0.336421
-0.105765
0.437764
-2.530306
-2.620641
0.040772
2.120387
-2.745645
-2.554033
2.281859
-0.220544
-0.186043
0.051648
-2.741420
-2.588864
-2.555260
-0.184325
-0.272807
-0.062411
-0.302163
-0.524695
-0.196284
-0.266717
-0.067949
-0.208405
-0.132344
2.437523
-0.388877
-0.212946
-2.561286
-0.374410
-2.636315
-0.211304
-0.289774
-2.629425
-1.836465
2.430268
-0.246956
0.060235
-1.442273
2.432894
-2.630411
-0.649814
-0.114870
0.079077
0.031278
-0.199303
-0.337553
-0.013449
-2.468256
2.419088
-0.007457
-2.666279
-0.008204
-2.752735
-3.299146
-0.076436
-0.397683
-0.741158
-0.112607
0.009731
-0.054469
-0.562949
0.049301
-2.772146
-0.481500
-0.035287
-0.081081
-2.504482
-0.308003
-0.229113
-2.586879
-2.510249
-0.044190
-0.224452
-3.288621
-1.958186
-2.705094
-0.364554
-0.128317
-1.422747
-1.325799
-2.534494
-0.242937
-0.050769
-0.207652
-0.082903
-2.571027
-0.144120
-1.546051
2.261414
-0.038828
-2.566954
-0.605997
2.230992
-0.523336
-0.090696
-0.321381
-0.278000
-0.300187
-0.098233
-0.166712
-0.080680
-0.223365
-0.085301
-0.035548
-0.153201
-2.467387
-2.543627
-0.208880
-2.740105
-0.403010
-0.034999
-2.527471
-0.080584
-0.136702
-2.716923
-2.214079
0.189870
-0.357939
-0.160148
-0.244568
-2.621718
-3.472808
-0.646781
-0.062490
-0.105222
-0.182579
-0.168193
-2.454062
-0.388955
-2.702388
-0.041410
-0.206159
-0.346088
-0.096565
0.398475
-0.292851
-3.156984
-0.348474
-0.073822
-0.385159
0.237548
-0.498623
-0.143498
0.051535
-2.548597
-0.397045
-0.428122
-0.503136
-0.531400
-0.129606
1.392989
-0.061709
-2.731744
-0.104727
-0.451275
-0.047510
0.075061
-0.052146
-0.639271
-2.516718
-0.190664
0.018713
2.437701
-0.195618
-0.443936
-0.226617
0.054416
-0.208180
-0.060102
0.087705
-0.606919
-0.468538
-0.030273
0.137732
-0.595821
-0.426261
-1.905910
-1.689652
-0.065824
-0.278182
-3.023143
-0.180020
-0.167380
-0.251098
-0.248103
-0.091443
-0.105080
1.709488
-0.070197
-0.069091
-0.263212
-0.321727
-0.139565
-0.094594
-0.361208
2.341341
-0.562188
-2.832889
-0.051497
-2.676065
-0.307784
-0.145472
-0.538692
-0.651343
-0.107187
-0.254744
-2.558091
-2.969826
-0.144418
-0.454275
-2.667463
-0.242284
2.691162
2.103382
-0.219466
-2.570649
-0.262664
-0.213632
-0.417474
-0.575718
1.629184
-0.273874
-0.262386
-0.023009
-0.056147
-2.525456
-0.347003
-1.842428
-0.132777
-2.561400
-0.068285
-0.115281
-0.221167
-3.609054
-0.253257
-0.029415
-0.042232
-0.332463
0.090633
-0.113399
-0.072380
0.063407
-3.474069
-0.203159
-0.511286
-0.228884
-0.166041
-0.106635
-0.314791
0.405725
-0.342355
0.444152
-0.635044
-2.660308
-0.099808
-0.355951
-2.488012
2.412584
-0.454612
-0.007373
2.397268
0.428015
-0.027120
-0.430689
-0.328368
-0.467411
-2.573367
-0.697786
-0.143805
0.070421
-0.229326
-0.659247
-0.097323
-0.141116
2.248850
-0.360774
-0.047761
0.011574
-0.307212
-0.242522
-0.277899
-0.259588
0.087651
-0.068234
-0.190738
0.006515
-0.398590
-2.702812
-2.525421
-2.401936
-0.526559
0.074617
-2.639215
-0.010570
-0.394647
0.169136
-0.180838
2.350874
-0.056411
0.310012
-2.612595
-0.526755
2.980513
-0.270065
2.448858
-2.549689
-2.580409
-0.115585
-2.594191
0.021690
-0.222606
-0.233742
-0.368144
-0.139181
-0.030731
-0.258177
-4.528524
-0.186575
2.115407
-0.305208
-0.098147
0.184146
-0.182345
-0.716777
0.037019
-0.100345
-0.070435
0.342377
-2.504206
-0.181289
-0.307411
-0.094212
-2.595246
2.254846
-0.568000
-0.268527
-0.149371
0.050527
-0.185906
-0.027386
-0.188704
-0.154558
-2.588268
-0.598234
2.326526
0.037717
-2.591197
-0.503729
-0.732084
-0.485656
-0.217249
-0.388884
-0.237579
-0.040735
-0.098134
-0.114697
1.659661
-0.102232
-0.225979
-2.566222
-2.810797
-0.307750
-5.017531
-0.222892
0.031889
-0.265846
-0.136696
-0.033447
-0.223807
-2.655087
-0.259338
-1.205897
-0.274510
0.119583
-0.004205
-0.499219
-2.440648
-0.232107
-0.558778
-0.801492
-0.111351
-0.300560
-0.016379
2.114616
-2.587510
-0.342388
-0.611846
-2.046820
-0.346133
-0.355949
0.265571
-0.196211
-0.275675
-2.570955
-0.308817
-0.135082
-2.468761
-0.031937
-2.614199
-3.472456
-2.487304
-2.655378
-0.369128
-3.580094
-0.083518
-0.297248
-0.026362
0.113446
0.212330
-0.894368
-2.576106
-0.188729
0.298050
-2.617379
-0.127981
-0.466735
-0.162583
-2.974742
-2.553471
-0.673766
-0.271020
-0.051502
-0.349885
1.567533
-2.110767
-0.284845
-0.057597
-0.522482
-0.164095
0.038630
-0.492714
0.468697
-0.247529
-0.066570
-0.128095
2.376537
2.446671
-0.215473
-2.529303
-0.170643
-2.460493
-1.911426
0.019761
2.300594
-0.855079
-0.133366
-0.259273
-0.258102
-0.172890
-0.555976
-1.968180
2.335512
-0.081043
-0.073170
-0.174868
-1.904376
-0.218216
-2.605891
-2.798752
-0.249965
-0.252664
-0.127313
-0.628689
-0.647429
-0.058424
-0.991935
-1.556231
-0.232020
0.025889
-2.807849
2.211341
-0.073664
-0.118739
0.001353
-3.822869
-0.864284
-0.029676
-0.603632
-0.342314
-0.203482
0.028584
-0.158011
-0.372489
0.104543
0.482809
-0.165158
-2.771540
-2.628452
-2.465692
2.310342
-0.114769
-0.154419
-0.127851
-0.111669
-0.732456
-0.272503
-2.686550
-0.064195
-0.106749
0.031179
-2.796213
-0.488488
-0.008339
-0.464344
-0.192021
-0.605152
-2.608314
-0.536511
-0.067876
-0.444690
0.079507
-0.328492
-0.333297
-2.553175
-0.033073
-0.126244
-0.416036
-0.130907
0.310308
-2.622918
-1.008610
-2.506181
-0.027352
-0.999792
-0.418972
-0.135066
-0.175293
2.417554
-0.364097
-0.122872
-0.233664
-0.151632
-0.209505
2.808227
-0.031885
-0.496304
-2.542694
-0.494133
-0.554642
0.074461
-0.042628
-0.634458
-0.093401
2.304249
-0.352730
-0.080215
-2.524983
0.022723
-0.232856
-0.106991
-0.264776
-2.598325
-0.309254
-0.241608
0.095992
-0.387265
-0.211388
-0.303136
-0.194000
-0.081001
-2.646649
-2.559273
2.305460
-0.176345
-2.823273
-3.187708
-2.646922
-0.149184
-0.471829
0.478884
-2.663180
-0.331515
-0.159657
-0.027946
-0.697052
-2.515595
-2.495863
-0.264813
-0.388808
-0.362109
-2.586395
-3.167624
-0.084599
-0.273768
0.056782
2.282116
1.967947
-0.180199
-0.266832
0.403518
-2.557681
-2.541851
-0.345373
-0.048949
-0.002449
0.025181
-2.695530
-2.274266
-0.048974
-0.030469
-0.101113
-0.134562
0.039642
-0.491008
-0.287917
-1.622190
-0.616634
-0.118107
-2.909115
-0.544042
-2.565661
-0.079935
-0.396137
-0.017198
-0.347852
-0.056654
0.387005
-0.008099
-0.081133
-2.482456
-2.808472
-0.029339
2.337371
-0.222756
-0.588184
-0.078643
-0.111814
-0.038649
-0.302093
-0.074724
0.025132
-2.502914
-0.014718
-2.905576
-0.155264
-0.432860
-0.114344
-0.173480
-0.084066
-0.388431
-2.758224
-0.905187
-0.525843
-2.516975
-2.610311
-0.401378
-0.207456
-0.114627
-0.733010
-0.050646
-2.596375
-0.297089
-0.082448
0.087695
0.029588
-0.305170
-1.731968
-0.078840
-0.158142
-0.246869
-2.683465
0.028858
-0.492888
-0.373006
-0.016328
-0.053440
-0.101160
-1.558358
-0.071525
-0.032589
-2.590674
