0.043253
-0.098734
-0.412367
-3.707180
1.095496
-0.513130
-0.164352
-0.192738
1.359659
-0.226394
-0.566263
-3.403960
-0.643395
-1.599910
-2.658853
-3.126358
-2.568170
-0.433025
-1.971777
-2.905486
-0.126727
-0.103812
-1.034236
2.371549
-0.405868
-2.589906
-1.877981
-3.316698
-0.270228
-0.465605
-1.865853
-2.559090
-1.072076
1.927604
-0.161444
-3.719673
2.154227
-0.400453
-0.120134
0.034562
-1.666310
-0.256598
-0.437122
-0.567569
-2.632252
-0.431029
-2.622971
-2.579697
-0.534863
-0.515895
0.095961
2.388256
-1.435625
-2.571343
-0.481278
-0.425319
-1.912105
-0.152688
1.663019
-3.340544
-0.117369
2.439846
-0.801378
0.063260
-0.237924
-0.129012
-0.196367
-3.270374
1.742891
-0.095178
-3.343495
-0.668772
-3.711285
2.063419
2.273138
-0.075211
-0.801457
-0.882376
-0.713433
-0.279147
-0.108457
-0.096077
-2.546904
0.010433
-0.062480
-2.574906
-0.105173
-2.491943
-0.568877
1.248147
-2.718285
0.424166
-1.074071
-0.442173
-1.712331
-2.637395
0.322153
-0.074757
-0.285021
-0.198214
-4.205227
-0.295520
-0.639253
-0.163392
-0.107198
-0.011925
-0.943759
-2.698030
-0.066624
-1.937184
-1.191457
-0.836053
1.326802
-0.363394
-0.133193
1.311846
-0.553467
-0.534625
0.433229
-0.149709
-0.730466
-0.235216
-2.641670
-0.553245
-3.637919
-1.233865
-0.355477
-0.507347
-0.261782
-1.221714
-0.297232
-0.489475
-0.607731
-0.652128
1.931134
1.611183
-1.025833
-0.339688
-0.221969
-0.261053
-1.031519
-0.061045
-0.775960
-0.391441
-0.908929
0.372203
-0.044393
-0.685904
1.740049
-0.478657
-0.648361
-0.075492
-0.147833
-2.695644
-0.858640
-0.044940
-0.198085
-0.045644
-0.201187
-2.591994
-0.978438
-0.110151
0.485434
-0.234912
-0.535201
-0.542532
-2.586785
-0.136788
-2.793505
-0.347372
-0.284569
-3.189148
-0.906541
-0.388721
-0.035807
-0.329840
2.496395
-0.336562
-0.073977
0.074324
-3.280183
-0.144726
-0.348966
-3.525490
-0.531121
0.051392
-2.538281
-1.651652
2.336418
-2.563492
-0.121637
-1.942323
-2.599044
-0.525322
-0.327905
0.468541
-0.112160
2.022334
-0.735443
-0.091505
-0.687810
-0.302173
-3.534681
-0.446884
-1.195431
2.333499
-1.238729
-4.545790
-0.143475
-0.222762
-0.291664
-3.209951
-0.969232
-0.420402
-2.515426
-1.637695
-1.486173
-0.118670
-0.005197
-1.071543
1.883501
-0.199257
-2.002560
-0.015689
0.377449
-1.369399
-0.496134
-0.639951
-0.127536
0.453700
-3.490895
2.391557
-2.602740
2.650316
-2.550294
-0.230462
-0.256156
-0.230933
2.314819
-0.662381
-0.198127
-3.434983
-0.304096
0.012113
-2.622030
-0.128496
-0.105073
-1.000586
-2.904904
-0.254818
-0.094191
-0.328394
-0.401243
1.433832
0.349497
-0.108395
-0.549636
-0.766899
-2.993160
-0.322171
-0.131338
-0.620323
-3.619024
-1.020184
-0.733863
-0.058498
-0.382952
-4.282879
-2.289537
-0.141308
-0.355375
-0.109713
-0.858459
0.046595
-0.665154
1.567610
-0.317269
-0.157500
-0.239461
-0.111895
-0.958185
-1.966293
-0.396145
1.789775
-0.434931
-2.778866
-2.952595
-0.110455
-0.168398
-0.207187
-2.560655
-0.285810
-0.878047
-0.145014
-0.542117
-1.083395
-3.597134
-2.628360
-0.174018
-0.033065
1.413690
2.239569
-0.143752
-0.231321
-0.076237
-2.911714
-0.110393
2.226240
-1.537726
-0.001298
-0.349167
-0.385251
-2.751041
-2.636162
0.483490
-1.065518
-0.555027
-0.590786
-0.438963
-0.426158
-0.371175
-2.539918
-0.636291
-0.134395
-1.533672
2.129763
-0.562821
-1.168266
-0.277747
-2.820442
-0.682341
-0.050368
-2.512527
-0.115909
-2.556464
-0.348483
-0.648254
-0.566004
0.707112
1.396487
-0.549401
-2.643786
-2.600327
-2.790941
-0.801526
-0.230390
0.157405
-0.678336
-0.809175
-0.008632
-0.135703
-0.089737
-2.489593
-0.094851
-0.010631
-0.301415
-0.580786
2.004318
-2.751349
-0.186087
0.277092
-3.160562
-4.118526
-3.500022
-0.064742
-0.360433
-0.485771
-0.183103
-3.728634
-0.311047
-0.201056
-0.173770
-0.034218
-0.127955
-0.289074
-3.018078
-2.764661
0.261044
-0.765462
-0.748027
-1.083686
-2.635840
-0.450265
-0.124721
-0.142200
-0.556412
-2.674771
-0.279636
0.076888
1.818594
2.301589
-1.278524
-1.222519
-0.307567
-0.031539
-0.310663
-0.321280
-1.048727
-3.504805
-0.830422
-0.094973
-0.229326
-1.234708
-0.082356
-0.059753
-0.205075
-0.198432
-1.853563
2.075879
-0.285399
-0.140908
-0.145423
-2.616282
-0.064009
-0.435016
-0.957203
-0.348060
-0.254191
-0.312933
-2.567986
-0.149056
-3.571688
-2.679512
-0.133695
-2.269418
-3.102114
-3.856669
-0.453813
-4.501488
-0.165300
1.284349
2.411404
-0.249046
-0.651377
2.455441
-0.746692
-1.303624
-0.008603
-2.961275
-1.485709
-0.291729
1.111067
-0.487057
-1.816269
-1.497111
-0.410781
-0.196376
-0.937737
-0.116679
0.050515
-1.204153
0.009242
-0.387984
-0.674450
-3.231727
-0.086239
1.816367
0.029554
-0.182129
-0.274323
-2.624573
-0.687399
0.004733
-1.377386
-0.712854
-0.308721
-0.043855
-2.563665
-0.810837
-0.053601
-2.538503
-0.148172
-0.934639
-0.333031
-2.715651
-1.482389
-1.387132
-0.566001
-0.472646
-0.155122
-2.679004
-0.265146
-0.117396
-0.142535
-0.161312
-3.247554
-0.211493
-1.889679
-0.097618
-0.093670
-2.584369
-3.571949
-3.675972
0.798165
-0.166341
1.356010
-0.543075
0.434258
-0.754560
-2.497575
1.701700
-0.376781
-0.591574
-0.316175
-3.561606
-0.610987
-0.058592
-1.042449
1.394777
-2.744461
-0.997089
-2.537361
-2.599445
1.847980
-0.605675
-0.967927
-0.935021
-0.782773
-0.056937
2.347681
-0.419631
1.310998
1.967199
-0.063687
-3.391119
-0.626673
-0.288199
-3.143474
-3.136060
-0.643850
-0.778500
-0.708846
-0.380207
-0.472870
-3.015504
-0.029545
-4.312143
-0.152400
-3.010798
1.337132
-0.028282
2.285714
0.003543
-0.103200
0.024674
-0.095689
1.307918
-0.480156
-0.188575
-2.713421
-0.337029
2.366005
-0.113832
2.248815
-0.181448
-0.426358
1.982228
-0.222933
-3.173210
-0.259673
-0.295263
0.036262
-2.862819
2.319324
0.461480
-3.095637
-0.197151
-0.156971
-0.162544
-0.389281
-1.675144
-0.061500
-3.588839
-2.605109
-4.305486
-0.107620
-0.397613
-0.580689
-1.895122
-0.099240
-1.446779
0.039524
-0.304509
-2.615692
-1.396500
-0.900218
-0.075454
-2.776204
-2.643640
-1.597760
2.343061
-0.085136
-0.188788
-0.079066
-0.015653
3.389004
-0.330889
0.383701
-0.124236
0.688709
-0.053501
-2.624961
-0.513840
2.318346
-0.060232
-0.578214
-2.666714
-4.497678
-1.167382
-0.305541
-3.827489
-0.088583
-1.237206
-2.573410
-0.129659
-0.284340
-2.232974
-1.557777
-1.082606
-0.127572
-0.072684
0.992080
-0.094865
-0.426278
-0.629377
-2.773637
-0.026850
-0.610964
-0.270333
-0.913683
-0.286571
2.316261
0.008508
-0.119121
-0.339751
1.515980
-0.801445
0.852964
-0.274228
-3.639765
-1.072015
0.217873
-0.208780
-0.559182
-0.518358
-0.413400
-0.081510
2.304763
1.630325
-0.119491
-0.055077
-4.056985
-0.350777
-0.043225
-0.591975
-0.393542
-0.218055
0.000619
1.536185
-1.795772
-0.686383
-0.257465
-1.066007
-2.548514
-1.811374
-0.697616
-0.014640
-0.180707
-2.727061
0.045731
-3.061417
-3.199859
-0.139076
-2.503115
-0.055021
1.797205
-2.849327
-3.357292
-0.502791
-0.633883
0.608336
-3.759240
-0.282005
-1.343112
-0.867847
-0.239529
-0.488995
-0.582563
-0.677824
-0.060282
