-1.777943
-3.248967
-0.442441
-0.462880
-1.238809
-0.657470
-1.743679
1.662558
-0.510420
-3.832622
-1.007686
-3.052416
-4.213977
1.547591
1.604999
-3.399873
-3.661059
-0.598933
-0.621688
-1.355713
1.475342
-3.040965
-0.897959
-0.819594
-0.709017
-2.412734
-0.725078
1.291077
-0.925314
-0.883238
-3.033476
-0.762067
-0.846012
-4.855119
-0.868353
-3.533123
-0.718904
-0.888609
-0.386330
-1.181541
-0.588791
-0.819851
-3.796813
-1.005935
-0.436689
-3.476752
1.816975
-0.724709
-0.893508
-0.512079
-0.710410
-0.797219
-1.455638
-2.089068
0.263251
-1.210137
-4.209281
-3.947967
-2.964341
-0.871243
-3.818034
-1.168682
-0.610139
-0.469229
-1.440795
1.848698
-0.765701
-0.447735
-2.752370
-0.648218
-0.762040
-2.206690
-4.572266
-1.462857
-0.424004
-0.475025
-2.351809
-1.058067
-3.127833
1.071866
1.814628
-0.797496
-1.517987
-0.347894
-0.537306
-1.012568
-0.457798
-1.402872
-1.622108
-3.281878
-2.397653
0.714341
1.716784
1.771187
-0.749360
0.796228
-0.991607
-0.664604
-2.377532
-1.322073
-0.664053
-0.940728
-0.748477
1.220728
-0.543698
-1.138673
-1.240113
-0.323616
-4.177936
-0.818108
-0.555417
-0.935336
-0.531566
-1.844878
-0.524319
-3.902260
-1.102234
-0.715946
1.379890
1.896143
-0.694689
1.701501
-0.603009
-1.175095
-0.692023
-1.374265
-3.394500
-1.902888
-4.969204
-3.567276
1.434936
0.880898
-2.109307
-3.445712
1.460426
1.698694
-0.508512
-2.192528
-4.002521
-1.845062
-1.878167
-2.981800
-0.695797
-0.603861
-0.639560
-0.794083
1.506478
-1.391681
-1.372188
-0.516641
2.045733
-0.853492
-0.573635
1.804514
1.572056
-3.347265
-0.524322
-1.694759
-2.062779
0.866800
1.612416
-1.272896
-0.275150
-4.027718
-1.015011
-0.394173
-2.088054
-0.631125
-0.874518
-1.802057
-4.306690
-2.048876
1.228208
-1.230910
-1.195322
-4.041624
-0.431081
-3.308416
2.060174
-5.179322
-1.506877
-0.736687
1.454556
-1.711983
-0.407816
-0.683336
-2.201726
-1.018691
-1.132281
-1.889520
-0.599724
0.988584
-0.829938
-0.566980
-1.642467
-0.327730
-3.379503
-0.553219
-1.632068
-0.822902
1.317063
-3.605613
-0.255760
-1.276841
1.488981
-0.693385
-2.257934
-0.538342
-4.248059
-3.267413
-0.443291
-2.338365
1.831416
-0.638200
-1.613753
-1.846313
-0.433463
-0.813996
-0.806694
-3.211264
-4.800573
-2.098423
1.510806
-0.596521
-0.797305
-1.810259
-0.889135
-1.502358
-1.566741
-1.335411
-0.422871
1.364545
-0.466508
1.856519
-0.639854
-0.543325
-1.938745
-4.145167
-4.195157
-3.431920
-0.751447
1.050414
-4.068612
-0.885449
-0.535636
-1.306406
-1.092217
-0.339738
1.230888
-3.171788
-0.841661
-2.167239
-0.660925
-1.510221
-0.923619
-0.836213
-0.615901
-1.498765
-0.980478
-0.045884
-0.813219
-0.360744
-0.975137
-0.517936
1.481309
-0.670093
1.463056
-0.725431
1.607063
-0.705149
0.937046
-1.756317
1.123839
0.058657
-0.802371
-4.148170
1.785100
1.461819
-0.901938
-0.772516
-3.600251
-0.794614
-0.511341
-1.010885
-2.668765
-0.925228
-3.233087
-0.708879
-1.574449
-1.460699
-0.691162
-0.900876
-3.382949
1.425494
-0.878031
-3.231551
-1.363034
-1.505330
-0.965977
-4.135419
-1.218498
-1.177936
0.067536
-4.066019
-1.762443
1.817518
1.745908
-0.747608
1.651386
1.858205
-1.339364
-0.834539
-0.964174
-1.763889
-3.281636
-0.930502
-0.912226
-0.936514
-1.791540
-1.443074
-1.401323
-1.275649
-1.754039
1.247786
2.167735
-0.954730
-1.767711
-1.063628
-1.010703
-0.646333
2.003751
-0.573220
-1.639148
-0.894867
-2.451777
-3.869818
-0.866818
-0.521391
-3.332440
-3.835899
-0.700302
-3.675131
-4.298907
-1.103576
1.649528
-0.519244
-1.066744
-1.596984
2.361747
2.214086
-0.383733
-3.651976
-0.426884
1.109565
-1.085186
-0.545059
-3.428291
-1.844789
-0.957093
-1.264005
-3.494262
1.112729
-0.608820
-3.192933
-0.562191
-3.168539
-0.485453
1.233640
-3.075404
-1.341681
2.126107
-0.588265
-1.211458
-1.493479
-0.860730
-0.622815
-3.838748
1.167962
-0.523527
1.761502
-2.032762
-1.034190
-0.754961
-0.517581
-0.844798
-1.274106
-4.527751
-1.110528
-4.066490
-0.714910
-0.944835
1.948505
-1.649379
-1.614310
1.608633
-0.719339
-0.381833
-1.230846
-2.962471
-1.199204
-0.703089
1.735981
1.240918
-0.637282
-1.402067
-0.945689
1.822498
-0.630383
-3.155533
-0.427067
-4.516629
-0.872600
-0.373791
-2.498941
-0.954485
-1.071104
-0.535942
1.206844
-0.898068
-0.994494
-1.018048
-1.475119
-3.050522
-0.962202
0.155912
-3.115397
-1.069279
1.749987
-0.962249
-3.608391
-0.569418
-1.341284
-4.029547
-1.020455
0.261193
-2.211080
-2.314508
1.991253
-0.592290
-3.938858
-0.824995
-0.529288
-0.764905
-3.267122
-1.270079
-1.354987
-0.874314
-0.924482
1.105967
-0.544763
-1.850486
1.064626
-4.155358
-0.650886
-0.753999
1.101008
-0.980292
-0.772720
-3.141412
-0.796076
-0.540459
-3.234742
-3.557858
-0.800066
-1.303986
-3.173612
-1.647263
-4.240770
-1.275187
-1.580568
1.529540
-0.931241
-1.035677
-1.056881
-0.596819
-4.166378
-0.676305
-1.518948
-0.814680
1.898908
-1.108626
1.577051
1.326305
-0.580558
-1.039878
-3.933562
-0.937800
-1.022634
-1.078099
-0.765178
-0.417973
-1.073764
-0.571938
-3.532296
-0.774051
1.078222
-0.891199
1.857176
-0.457093
-3.462206
-3.170102
0.410718
-0.760076
-1.192549
-1.447820
-0.661414
-1.150155
-0.335922
-1.144131
-1.227751
1.801568
-1.856098
-0.581552
-0.725595
-0.832199
-1.500565
-0.734987
-1.282927
-1.741746
-1.035846
-3.749402
-0.725377
-1.739109
-3.205498
-0.991370
-1.059227
-1.385841
2.081149
-0.690240
1.480612
-0.513438
-0.764125
-2.049492
-0.922248
1.549727
-0.883236
0.139939
-0.785155
1.994204
-2.167288
-0.964372
1.358512
-4.034118
-3.893865
1.628050
1.752550
0.912000
-1.209914
-0.575620
-3.075393
-1.410018
-2.866735
0.855651
-0.904910
-3.035708
-1.776707
-1.696630
-0.544545
0.233593
-1.061779
-1.196056
-3.379841
-0.510357
-0.828106
-0.522563
-0.963120
-2.045108
-0.740430
-0.420148
-0.617229
-0.733124
-3.757969
-2.891326
-0.880078
-3.153850
-0.663117
-3.857084
1.543461
-1.364725
-3.060232
-0.865855
-0.617211
-0.515128
-0.747243
-1.059622
-1.200617
-2.415249
-0.776541
-3.928531
-3.688760
-0.749609
-0.612206
-2.035430
1.754802
-0.623434
-0.724765
-0.652288
-0.610205
-3.265125
-0.852191
2.737593
-3.645705
-0.577307
-1.827454
-0.759939
-2.996608
-3.618956
-1.292976
-3.311524
0.715054
-1.418674
-1.597732
-1.121147
-1.066592
-0.541348
-0.321909
-1.818830
-2.571227
-0.903529
-1.411334
-3.496032
-2.161205
-0.834185
-1.383985
-2.133372
-3.985723
-4.657098
-2.954101
-2.686585
-0.395779
-1.362729
-3.948262
-2.675523
-4.424166
-1.475088
-0.777904
-1.322492
1.301005
-3.192453
1.626831
-1.050492
-0.727994
-0.874777
1.545760
-3.360380
-3.365064
-0.923514
-0.854248
-0.738076
1.333131
-0.601210
-0.603537
-2.525309
-1.912055
1.963858
-0.594681
-0.854453
-0.493437
-0.838602
-0.986966
-3.531101
-0.638934
-0.847705
0.958431
-0.559307
1.635617
-0.759050
-4.136423
-3.654707
-1.819702
-3.613995
-0.852624
-0.934515
-1.405348
-0.647543
-0.614714
5.548247
-0.990000
-0.653989
-3.828720
1.785061
-0.815875
-1.504768
-0.528841
-1.271843
-0.455509
-3.166357
-1.960841
-0.870213
-0.222195
