-0.090342
-2.401728
-0.092531
-0.106855
-0.289597
-0.145844
2.335292
-0.110696
-2.572705
-0.302193
0.001206
-0.145928
-0.491208
2.260699
-0.043895
0.077893
-2.617220
-0.366846
-0.123712
-2.527928
-2.472580
-0.046791
-0.191046
-0.178399
2.345770
-0.383426
-2.805154
-2.656801
-2.773510
-0.396734
-0.082528
-0.383962
0.032849
-0.422297
-0.239986
-0.243414
-2.784381
-0.587429
-0.213210
-0.148234
-0.105586
-2.492196
-2.603569
-0.027321
-0.175679
-0.530698
-2.469559
-0.311602
-0.185637
-0.028391
-0.392521
-0.076064
2.355037
0.003970
-0.024380
-0.147222
-2.502429
-0.018580
-0.105977
-0.319903
-2.768529
-2.551562
0.039285
-0.196695
-0.368545
-0.396828
-2.665562
-0.089186
0.023415
-0.273269
-0.238123
0.375981
-0.529093
-0.205316
-0.052208
-2.520151
2.353941
-0.114407
-0.185473
-0.518784
-2.747578
-0.185231
-0.157383
0.025932
-0.094213
2.254085
-2.648834
-0.175796
-0.014466
-0.119214
-2.579258
2.393242
0.471371
-0.175045
-2.502659
-0.154139
-2.572869
-2.739928
-2.564173
-0.196035
-0.362171
-2.620397
-0.309910
-0.236458
-0.357706
2.244560
-0.001675
-2.484625
2.404297
-0.154593
-2.652970
-0.034978
-0.351667
-2.731217
-0.263013
0.081447
-0.351102
-0.286995
-0.196274
-0.129889
-2.760043
-0.461538
-2.610215
2.250024
-2.628368
-0.100141
-0.062096
-0.221069
0.053551
-1.870226
2.362521
-0.240685
-0.017869
-0.187873
-0.071130
-0.302103
-2.706173
-2.704364
-0.108470
-0.094993
-2.852316
-0.274001
-0.199428
-0.246155
-0.179092
-0.208278
-2.530214
-0.312742
-0.427224
-0.332646
-2.703124
-0.013589
-0.231861
0.430557
-0.189379
-2.657844
0.377077
-2.545433
2.326578
-0.128150
-0.082269
-2.657589
-2.716331
-0.295612
-2.326280
-0.462482
-0.183533
-0.043938
-2.387177
-2.564798
-0.225252
-0.135060
-2.553706
-0.237184
-0.235542
-0.277617
0.010302
-2.722615
-0.228143
2.340156
-2.554579
-0.059883
-0.260002
-0.057068
-0.001513
-0.230158
-0.042906
-2.730620
-0.208561
-0.057042
-0.163868
-0.275357
-0.296475
-1.963296
-2.509642
-0.232230
-0.164039
-0.245419
-2.509210
-0.337129
-2.757386
-2.687585
-2.717887
-0.502672
-0.159630
0.481435
-0.121623
-2.469055
-0.346999
-2.438492
-0.024880
-0.318936
-0.152804
-2.453992
-0.300558
-0.091336
-0.245019
-0.042589
-2.668166
-2.499436
-0.442947
-0.140267
-2.357265
-0.054541
-0.312580
-0.359052
-2.679295
-0.232673
2.388029
-0.012070
-0.141438
0.129892
-0.270978
-0.002856
-0.073601
-2.558948
-0.428175
-2.444799
0.089569
-0.404380
0.031388
-0.242208
-2.498397
-0.390804
-0.080661
-2.557239
0.042736
-0.359733
-0.266943
0.019482
0.376257
-0.346109
-2.522549
-0.325474
-0.151572
-2.586355
-0.046960
-0.214055
-2.539891
-2.570357
-0.184204
-0.252802
-0.299208
-2.731971
-0.114758
-0.248553
-0.097397
-0.203994
-0.209946
-0.331479
-2.503806
-0.216213
-2.784071
-0.234388
-0.092720
-0.008824
-0.234325
-0.088780
-0.099358
2.437941
-0.077761
-0.334808
-0.165745
2.437086
-2.526996
0.015953
-0.066680
-2.833689
-2.141540
-0.173654
-0.106722
-0.418173
-0.057302
0.006561
0.030099
0.039117
-0.025327
-0.094031
-0.141434
-0.064525
-0.260380
2.409462
-0.180934
-0.161107
-0.061720
-0.060438
-0.227566
-1.847282
-0.340467
-0.277262
-2.628279
2.118184
-2.509047
-0.135724
-2.527714
0.034032
-0.291870
-2.382933
-2.451672
2.385247
-2.590372
-2.387212
-0.405144
-2.636435
0.353235
-2.509038
-0.287091
-0.050860
-1.996679
-0.405250
-2.399104
2.406731
-0.059365
2.328164
-0.046380
-2.660012
-2.644891
-0.433980
-0.081455
-0.347141
-0.179409
-0.052359
-0.098334
2.258634
-0.071682
2.332486
-2.738545
-0.152774
-2.597641
-2.567625
2.334043
-0.040091
-2.455430
0.010017
-0.175872
-2.646582
-0.471118
-0.255086
-0.100802
-0.345196
-0.079566
-0.145572
-2.766369
-0.303389
-0.327445
0.147182
-0.419517
0.467400
-2.667885
0.108585
-2.527203
-0.056159
0.057761
-0.158162
0.064857
-2.706516
-0.058527
-0.340875
-0.228800
0.418197
-0.042995
-0.359000
-0.241027
-0.157135
-0.153867
-2.479700
-0.487842
-0.317186
-0.328644
-2.840177
2.241138
-0.016612
-0.071188
-0.134260
-0.155725
-2.446369
-0.159561
-0.199486
-0.066443
-0.156673
-0.424041
-0.178072
2.536074
0.065905
-2.617554
-0.176053
-0.380959
2.349512
-0.088118
-0.151888
-0.124090
-0.262756
-0.084907
0.179374
-2.633018
-0.165072
-0.203961
-0.367640
-0.127092
-2.566725
-0.061192
-0.322542
0.013855
2.464300
-0.185667
-0.195880
-2.745231
-0.080192
-2.727339
-0.160965
-0.065741
-0.237059
0.365593
-0.098682
-0.051315
-0.079472
-0.296934
0.050794
-2.578815
-0.247257
0.042753
-0.051465
-2.594609
0.002020
-0.286594
0.110862
-0.189228
-2.615442
-0.370192
-0.443897
-0.090177
-0.143363
0.525979
0.052149
-0.074379
-0.205181
-2.626720
0.003065
-0.191774
-0.226647
-0.011550
-0.178486
-0.850719
-0.340681
-0.408764
-0.488103
-0.072000
-0.239175
-0.230999
-0.049806
-2.553634
2.309800
-0.041636
0.016034
-0.059159
-0.128522
2.431629
-0.062481
-0.352072
-0.502774
-2.609348
-0.375512
-0.376697
-0.184757
-0.276467
-0.340246
-2.561571
-0.004584
2.390033
-2.574213
-0.249186
-0.426582
-2.671874
-0.064369
-0.000411
-0.230095
-1.879581
-0.106278
-0.136602
-0.121723
-2.713673
-0.168833
-0.053938
-0.062052
0.160031
-2.701434
-0.157153
-0.145659
-2.659570
-2.650892
-0.479425
0.000790
-2.676552
-0.061143
-0.136643
-2.535662
-0.239810
0.485047
-0.182822
0.063832
-0.120482
-2.565101
-2.767571
-2.747966
-2.785198
-0.269922
-0.194003
-0.329800
0.014064
-0.084255
-0.123769
-0.337075
-0.172946
-2.597857
-0.257260
-0.375773
-2.686937
0.112982
2.304162
-2.615432
-0.314597
-0.194563
-2.603290
-2.593217
-0.289480
-0.403686
-2.518758
-0.324413
-2.622069
-0.186175
-0.278853
-0.132083
-0.150212
-0.023624
-2.453582
0.449808
-0.321960
2.274492
-0.145038
-2.546113
-2.470385
0.045009
-0.158666
-0.201523
-2.497751
0.161847
-0.228457
-0.190990
-2.694727
0.037541
-0.320799
-0.075441
-0.299624
-1.885003
-2.586331
2.307252
-2.570671
-2.657381
2.473842
-0.128398
-2.617009
-0.300788
-0.222072
-0.194680
-0.131941
-0.234804
-2.792514
0.005638
-2.373802
-0.112818
-2.461565
-2.768858
-0.380253
2.378083
-0.163351
-2.423962
-0.338239
-2.455256
0.402650
-0.397219
-0.242803
-0.199584
-0.083219
-0.148368
-0.266818
-0.048704
-0.447052
-0.332306
-0.320983
-0.076413
0.109558
-0.004715
0.497557
-0.179018
-0.006743
-0.166129
-0.180726
-0.037432
-0.026786
-2.546416
-0.008110
-2.437986
-0.036012
-0.022609
-2.513392
-0.264734
-0.280557
-2.831989
-0.278914
2.238953
-0.047994
-0.277999
-2.677035
0.081008
-1.912792
-2.561711
-0.135114
-0.223927
-0.254874
-0.030201
-2.407755
-0.006399
-0.159879
-0.213761
-0.168840
2.313873
-0.239662
-0.206498
0.004626
-0.189976
-2.579474
-0.071791
-2.474345
-0.074203
-2.534613
-2.618954
-0.050661
-0.198314
-0.373367
-0.040146
0.493904
-0.353530
-2.725476
2.419236
-2.636493
0.448600
-2.804524
-0.302077
-0.275628
-0.566959
-0.216387
-0.303465
-0.057425
2.329513
-0.183755
-0.245676
-0.434094
-2.502228
-2.513955
-0.178684
-0.359010
-0.233278
-2.553152
-0.031472
-0.448610
-0.177440
-0.161351
-0.031166
-0.046699
-0.027569
