-0.246105
-0.271661
2.581080
-0.187021
0.001892
0.033099
-0.280954
-0.083967
2.506809
-0.008859
2.512163
2.440915
2.518756
-0.322419
-0.261059
-0.284197
-2.682379
0.105415
-0.091006
-0.821655
2.591833
2.416210
-0.059911
-2.779506
3.097023
2.474224
-2.822449
0.060009
-0.219913
-0.026017
2.589390
2.550552
2.394664
0.046127
-0.249201
0.025678
0.014727
-0.175847
-0.081456
-0.268433
-0.196282
0.142956
0.218768
-2.900470
0.698840
-0.263145
2.364860
-0.011161
2.568079
-0.301843
-0.202247
2.495115
0.604722
-2.840761
0.050894
0.000302
0.627554
-2.732144
2.533166
0.098820
-0.245076
-0.024526
-0.001999
-0.212598
-0.204039
-0.181951
2.399389
-2.805051
-0.090786
2.413214
0.022561
2.557800
3.597068
-0.286998
-0.198288
0.191243
0.240903
-0.258201
-0.028160
-0.202795
-0.119145
3.078672
-0.292366
-0.247938
-0.093154
2.462158
-0.101495
-0.252072
2.490308
2.436176
0.059711
-0.184018
2.805129
1.899505
2.587935
-0.206687
-0.274408
0.440952
0.541690
2.408752
0.097357
0.026146
-0.100619
-0.141808
2.546646
-0.080054
1.945118
-2.848000
-0.113960
2.424494
-0.322850
-2.528496
-0.060738
-0.204585
-0.253709
-0.057831
0.014333
-0.069153
0.372392
-0.004416
0.033650
-0.019939
0.175083
-0.245179
2.458053
2.495384
-0.150133
2.518836
-0.193307
-0.347220
2.529726
-0.268020
-0.337115
2.571659
0.628945
-2.397630
-0.227815
-0.038888
-0.206429
2.498784
2.926909
-0.068303
-0.045717
-0.302516
-0.224806
-0.209943
2.463494
-0.110359
2.723087
-0.072857
0.001308
0.294190
0.061591
-0.792059
-0.207734
2.539137
-0.040492
-0.000217
-0.228804
-0.835839
-0.134299
-0.325804
-0.001350
2.513566
-0.101173
-0.211760
0.043706
0.163248
0.049134
-2.139576
-0.011186
2.576838
-0.166410
0.010921
0.038584
-0.003805
0.008431
-0.148242
2.446344
-0.196733
-0.010363
-2.803358
-0.210425
-0.148885
-0.351577
-0.038866
-0.326746
0.013993
0.026242
1.212363
0.197085
0.050182
-0.077570
-0.049723
-0.206828
0.636023
0.677501
-0.044871
0.351154
1.132908
0.081398
-0.169709
-0.032224
-0.243993
-0.079283
-0.017968
-1.998108
-0.246714
-0.091016
0.222733
-0.185239
-0.022660
0.055452
-0.078939
-2.696756
0.270992
2.812785
-0.052060
2.508204
-0.109784
0.150055
-0.256791
-0.057928
-0.356274
-0.259499
2.559899
2.739467
-0.198328
0.322560
2.434498
-0.128796
-2.169146
-2.692190
0.252288
2.584650
-0.112376
-0.300871
-0.175334
0.100142
-2.171547
-0.249208
0.403464
-0.116833
-0.250366
0.854621
-0.245613
0.870288
-0.246754
2.567161
-0.381913
-0.276644
-0.054023
2.895065
-0.277316
0.018390
-0.269258
-0.373338
0.014508
-0.264023
-0.023141
-0.064292
2.699714
0.135997
0.079939
-0.286119
-0.202523
-0.095748
0.035447
-0.712771
-0.223294
-0.735264
0.118388
2.562077
-0.238018
-0.220389
2.466436
-2.787036
-0.000758
-0.008617
-2.721006
-0.877737
-0.065934
0.066822
0.121309
-0.055345
2.534524
-0.182442
-0.006046
-0.077908
0.180579
1.348828
-0.342705
-0.397935
-2.648658
-0.236457
-0.134506
-0.068140
-0.179117
-0.385782
-0.206363
0.018862
-0.078717
-0.054005
0.073343
-0.019441
-0.185399
2.487946
2.475553
2.424629
0.246369
0.002384
2.585422
-0.030122
0.096610
0.022007
-0.296528
-2.816180
-0.243592
-0.840769
2.507718
0.220099
-3.229278
-0.221900
-2.737073
2.508333
2.491674
-0.134256
2.608383
-0.382493
-0.295420
-0.274689
0.042100
-0.244558
-0.019565
-0.271087
2.836488
-0.133389
-1.237933
-0.226024
-0.375708
-0.143073
0.044056
-0.306757
-0.257564
-0.016337
-0.004901
1.387744
2.502738
-0.022051
0.570196
-0.059457
2.397726
-2.773016
-0.097030
-0.313475
0.015179
-0.001931
-0.358809
0.009547
-0.282234
-0.359048
2.609693
-0.200121
-2.755171
-0.009736
2.470416
0.075767
-0.118389
-0.118869
-0.126291
-0.172168
-0.012496
0.070905
-0.306970
0.060747
-0.382284
-0.008051
-0.105533
2.329232
2.783327
0.368443
2.601877
-0.275912
-0.093553
0.165316
0.026596
-0.298608
-0.242131
2.530658
0.177082
0.123373
0.006543
1.523873
-0.279478
-0.076450
2.411427
0.181550
-0.198185
0.231180
-0.146624
0.117798
-0.273664
-2.375990
2.515025
-0.205775
-0.139888
4.165963
-0.039512
0.061412
-0.725482
-0.152014
0.241030
2.503628
0.051438
-0.291689
2.452332
-0.371739
2.393282
3.147299
2.433458
2.495687
-0.099206
2.782378
-0.286256
-0.223375
-0.104569
-0.044950
-0.069683
0.027293
2.725398
-0.273881
-0.757094
2.451925
-0.297230
-0.043303
-0.061523
2.471385
2.601050
-0.157327
0.095973
-0.026109
-0.192870
-0.608926
0.794693
-0.198768
-0.024351
-0.119344
-0.256280
-0.010153
1.495825
1.270938
-0.066037
0.046405
-0.217505
-2.847284
-2.708490
-0.338730
2.440676
0.004578
2.520224
0.607089
-0.147406
-2.697904
-0.002813
0.067520
0.124705
0.001056
-0.257359
-0.107088
1.991272
-2.738161
0.358735
-0.006988
-0.395552
1.877220
-0.216637
2.483777
2.617965
-0.298476
0.283868
0.010702
0.083784
-0.217390
-0.032372
0.344953
0.555523
-0.221354
-0.121564
2.514025
-2.755570
0.069533
0.089773
-0.163861
3.311234
-0.018435
0.106088
-0.160148
-0.165489
-0.205262
-0.057019
-0.041333
-0.302980
-0.061339
-0.901295
-0.068151
2.674141
2.569599
2.445098
-2.739469
-0.081699
-0.309622
0.202636
-0.039313
-0.192233
-0.045774
2.301160
-0.106220
0.044650
-0.081942
2.519281
-0.204862
0.048039
-0.222458
0.001639
-0.084093
2.537042
-0.236499
0.076010
-0.061118
-0.302421
-0.185531
-0.052973
2.348412
-0.024051
-0.258288
0.197947
-0.164571
-0.122993
2.404863
-0.120209
2.451987
0.055546
0.360661
-0.361979
-0.081859
-0.303399
-2.684330
0.023194
-0.210612
-0.064118
-0.100815
-0.244415
-1.267521
0.074382
-0.177713
2.393125
0.099360
0.120417
0.035662
-0.204615
0.157559
0.011418
-2.835694
-0.199975
-0.294647
2.517425
-0.016178
-0.024645
-0.002283
-0.054200
2.597982
-0.202477
-0.240573
0.232989
-0.242999
0.280913
-0.302731
-0.376347
-0.062378
2.460790
2.748224
-2.688846
-0.181721
2.362200
2.644541
2.642628
-0.352733
-0.336530
-0.751852
2.538255
-0.007040
-0.152455
0.008706
2.096770
2.394353
2.364446
-0.237142
-0.161101
-0.169864
2.462659
2.723886
0.000504
-0.277628
-0.041894
-2.519172
-2.637828
-0.197381
-0.311385
-0.777933
2.457223
2.517019
-0.093638
0.041198
-0.112825
0.026098
2.488683
0.881798
-0.309260
-0.042477
0.038102
-0.304111
0.010071
1.640874
0.123171
1.690396
0.253499
0.067155
2.536315
0.184387
2.456904
-0.005634
-0.253824
-0.018510
-0.178042
0.008508
-1.697269
-0.290871
-0.051883
2.524425
2.351242
-0.800121
-1.191042
-0.158605
0.136435
-0.022788
-0.239065
-0.155126
-0.197305
-0.242420
-0.334322
2.442512
-0.146106
2.424358
0.015263
-0.260389
-0.215681
0.069780
-0.370861
-0.254533
2.530135
0.311795
-0.064617
2.438450
2.516679
-0.083416
-0.248320
0.037303
-0.173957
0.033015
2.505242
0.301567
-0.181190
-0.031898
-0.050143
-0.264058
0.397708
-0.302540
0.121470
-0.432198
2.711780
0.020428
0.095600
-0.092936
-0.009357
-0.259050
-0.253090
0.487899
-0.329333
-0.045192
2.541826
