-0.120199
-0.183768
-0.232601
3.524137
-1.144587
-0.153242
-0.264847
-0.093507
-1.439149
-0.016087
0.125807
3.234680
1.029145
0.983771
2.526171
3.043245
2.401580
-0.269397
1.924845
2.559004
-0.229025
0.036242
0.701420
-2.779732
-0.231230
2.409777
1.242603
3.296080
0.410212
0.718896
1.565689
2.466300
0.870815
-2.393967
0.007199
4.161417
-2.751343
-0.224394
-0.278002
-0.002490
1.755859
0.564577
0.259884
-0.207422
2.418947
0.618607
2.470080
1.934746
-0.059157
0.829770
-0.119184
-2.826554
0.818364
2.577572
0.130067
0.118897
1.973622
-0.020716
-2.437900
2.955399
0.090638
-2.729558
0.858552
-0.128093
-0.159364
0.016034
-0.266023
3.075448
-1.757148
-0.328326
3.333919
0.894972
3.738123
-2.443560
-2.686374
-0.266666
0.483587
0.538011
0.356777
-0.125818
0.050726
-0.050155
2.542747
0.280169
-0.039804
2.410913
-0.288395
2.384463
0.072813
-1.447002
2.620174
-0.769314
0.292837
-0.127029
1.180461
2.525645
-0.749038
-0.046604
-0.291378
0.028040
3.908817
-0.220095
0.605530
-0.293211
0.175352
-0.029178
0.793066
2.538705
-0.037280
2.004490
0.746676
1.008065
-2.211263
-0.213012
-0.205253
-1.367283
-0.210762
1.095887
-0.803201
-0.071555
-0.123840
-0.282561
2.483585
0.376620
3.675325
0.927092
0.063587
0.475292
0.119605
0.822940
0.089136
-0.180192
0.664330
0.254972
-1.483065
-0.124232
0.431062
0.137444
-0.344953
-0.243184
1.154463
-0.072031
0.666099
-0.057116
-0.087907
-0.780313
-0.341883
0.423798
-2.210607
0.206174
0.764171
-0.023543
-0.250582
2.518139
0.466226
-0.049855
0.019463
-0.300074
0.185085
2.468197
0.745816
-0.263122
-0.750710
-0.271907
0.753414
-0.167725
2.537059
-0.231079
2.544895
0.564029
0.647807
3.087354
0.617486
0.328522
-0.079179
-0.212842
-2.912208
-0.241646
-0.295789
-0.029115
2.982481
-0.085327
-0.235141
3.298460
0.403560
1.211502
2.461174
1.162716
-2.774501
2.443243
-0.276731
1.215686
2.507385
0.272509
-0.249888
-0.747666
-0.041482
-2.084537
0.884257
-0.070037
1.029970
-0.284481
3.409742
-0.198091
1.128871
-2.792639
1.335831
4.737514
-0.184437
-0.307285
-0.258553
3.262527
0.552394
0.218233
2.434410
2.283188
1.765260
-0.322428
-0.060160
-0.071008
-2.188695
-0.045091
0.974354
-0.126484
-0.744830
0.702508
0.377794
0.389209
-0.274202
-0.759005
3.191022
-2.773796
2.498420
-2.818921
2.443832
0.079511
-0.201866
0.011480
-2.770116
0.206102
0.097844
3.082999
-0.207632
-0.079674
2.467533
-0.308876
-0.274629
1.146973
2.557422
-0.198126
0.028886
-0.210805
-0.215476
-1.940817
-0.717086
-0.236933
0.532749
-0.198301
3.606598
0.011274
-0.044221
0.388762
3.432857
1.108362
0.307276
-0.077058
-0.244514
4.150476
2.581736
-0.222326
0.150360
-0.114974
1.587385
-0.078578
0.618859
-1.687699
-0.234646
-0.300968
-0.354669
-0.062387
0.717289
1.294845
-0.196164
-2.125832
-0.202763
2.976007
2.789424
-0.309763
-0.082026
-0.251647
2.484166
-0.220583
0.905282
-0.280895
0.677386
0.175702
3.074681
2.388663
-0.234020
-0.006708
-1.841327
-2.707519
-0.038689
-0.105285
-0.261570
3.500506
0.040683
-2.652118
0.601144
-0.242183
-0.197971
-0.169881
2.547833
2.042788
-0.763378
0.875240
0.413090
0.279318
0.354761
0.317682
0.085328
2.376069
0.077758
-0.401644
0.931622
-2.800102
0.443185
0.842892
-0.240820
2.539546
-0.112335
-0.346266
2.487572
-0.255978
2.063279
-0.282503
-0.128298
0.158050
-1.324671
-1.603843
0.474552
2.835645
2.477617
3.261683
0.087239
-0.343892
0.123609
0.120287
0.317913
-0.060126
0.084141
-0.316051
2.443886
-0.010768
-0.055282
-0.225928
0.892310
-2.328650
2.570493
-0.251619
0.288995
2.327035
4.035340
3.267951
-0.052826
-0.003234
0.442981
-0.198716
3.223104
-0.201338
-0.355681
-0.046853
-0.033625
-0.249631
-0.280633
2.703194
2.542968
-1.478601
0.080219
1.024767
2.492943
2.469815
-0.167390
0.013721
-0.013089
0.600164
2.544197
-0.233324
1.007770
-2.023537
-2.367762
1.279114
1.335860
0.188888
-0.323877
-0.207058
0.077732
0.495398
3.669967
3.126638
-0.008322
-0.244911
0.764881
-0.262939
-0.053908
0.481753
-0.223286
1.042756
-2.747901
-0.283163
-0.262253
-0.283189
2.367590
-0.100563
-0.232985
0.179692
-0.283264
-0.214864
-0.254001
2.458171
0.331453
3.258128
2.872010
-0.034135
2.471100
3.244122
3.750648
-0.197780
4.132111
-0.013946
-1.571267
-2.789541
-0.258672
0.828335
-3.379295
0.605262
2.575845
0.028737
3.176093
0.697408
0.019710
0.951804
0.017262
1.867029
1.032670
-0.077278
-0.326703
0.858444
-0.311139
-0.003116
1.594706
-0.284733
-0.250702
0.456131
3.043862
-0.166318
-1.915286
0.190064
0.040340
-0.247605
2.428468
0.419337
-1.034060
1.087117
0.397704
-0.222729
-0.067321
2.410026
0.249649
-0.350046
2.486867
-0.004268
0.274769
0.077183
2.456895
2.889648
0.842293
-0.134835
0.277965
0.047817
2.571603
-0.253930
-0.067538
-0.042679
-0.264239
3.125822
-0.185360
0.969947
-0.247872
-0.289849
2.684475
3.433577
3.519436
-1.833603
0.118275
-2.174031
0.327453
-0.715406
-0.025431
2.404124
-3.011724
-0.230730
0.560322
-0.377677
3.994162
0.233102
-0.036337
0.075209
-1.542861
2.475672
0.675106
2.275056
2.472791
-2.291407
0.443480
0.198065
0.465406
0.241328
-0.238654
-2.745815
-0.252927
-1.987969
-2.210141
-0.233432
3.545042
0.259216
0.345530
3.188720
2.799798
0.247731
0.462016
0.343140
-0.204651
0.088680
2.726387
-0.012593
4.078780
0.037012
2.995298
-1.475428
-0.359794
-2.765118
-0.019676
-0.270587
-0.015878
-0.029170
-2.010423
-0.257521
-0.205794
3.436686
0.040102
-2.667988
0.010688
-2.776957
-0.174456
-0.246434
-0.930395
-0.378940
2.919937
-0.292442
-0.218618
0.019845
2.604522
-2.734809
0.661620
2.909429
0.204762
-0.010206
0.032274
-0.212988
1.075920
-0.266543
3.526233
2.745849
3.709743
-0.008833
0.359818
0.797105
0.756770
-0.056106
0.906684
-0.113116
-0.238184
2.395355
1.006122
1.079684
-0.052509
2.459113
2.458344
1.311749
-2.735647
-0.341676
-0.051116
-0.008467
-0.059835
-2.992221
-0.059071
0.228249
0.077844
0.676658
0.015146
2.475676
0.173155
-2.790174
-0.045152
0.294767
2.473911
4.207749
0.618702
-0.292878
3.477135
-0.286993
0.788338
2.431858
-0.012773
-0.000119
2.276698
1.072960
0.462793
-0.330033
-0.163834
-0.996735
-0.272482
1.281519
0.543198
2.718946
-0.100269
0.456975
0.037739
0.543438
-0.182038
-2.771098
0.030181
-0.238440
-0.279231
-2.014554
0.914433
-1.415504
0.128500
3.471677
1.553404
0.064549
-0.025652
-0.064692
0.066542
-0.052664
-0.335984
-0.878202
-2.228898
-0.341136
-0.226890
3.864478
-0.253900
0.152955
0.215452
-0.133390
-0.317779
-0.106851
-1.714053
1.032466
1.707834
-0.246936
1.136782
2.398446
1.885949
0.220481
0.012489
-0.300262
2.562303
-0.054721
2.901834
3.076199
-0.182821
2.518213
-0.034286
-0.652944
2.563363
3.005002
0.509093
0.169424
-1.279289
3.676434
0.145250
0.561481
0.827806
-0.286443
0.065834
-0.207315
0.297706
-0.013988
