-1.184914
6.555331
-2.143762
1.546411
-0.080904
-2.165010
-2.744513
-7.681791
-0.238609
5.561530
1.518213
2.034444
7.135152
3.114572
0.443448
3.605240
2.124091
15.682328
2.601173
2.214297
2.718739
1.570796
-1.506369
2.289626
7.088189
3.272420
7.068583
6.818140
-7.948933
-2.966920
-2.116451
3.455825
6.981845
-0.999459
2.323948
-1.302430
-0.822418
1.783735
-0.160763
-8.058000
-0.785398
-1.094329
0.071307
7.233732
-2.474287
-7.916400
9.074050
1.349482
-8.029921
2.256526
-0.375961
6.561485
2.606638
6.917208
-0.202322
-1.642104
1.155304
-1.390943
7.532231
-2.819842
2.703256
-0.887087
8.304643
2.613518
7.787413
-0.846546
9.274407
7.796901
-2.644250
-1.138389
0.665969
-1.057190
-0.785398
7.198286
-8.331327
6.695596
9.206109
-2.176341
2.048142
3.393283
-1.570796
2.083186
-2.462179
7.562525
6.691334
-0.179853
1.668050
6.931517
3.089010
0.026310
1.332187
0.663203
-0.999459
-7.982305
2.094075
-0.785398
2.412738
-8.420711
1.595791
2.530867
2.111216
1.542233
-2.074962
3.386571
-0.519146
5.970284
0.558599
-0.160763
9.356702
-2.730528
2.405335
6.977924
-2.135366
0.802346
-2.704965
2.209116
2.139321
-7.944642
1.424784
0.907593
-2.034444
-8.010584
3.419892
-1.665748
6.844349
-1.352127
-0.027771
-2.401618
7.590018
3.470642
-2.335789
-2.649783
-1.325818
-3.234349
-2.850136
6.480581
7.281015
5.961435
-2.245537
0.637549
-1.258754
-1.057190
-2.601173
7.210481
0.173246
0.216085
0.785398
-5.953561
5.724586
-0.711459
-1.096396
2.795054
9.477361
6.862260
6.650359
-0.690446
-1.118642
1.910089
-0.027020
-2.265535
-1.940130
-2.521343
-0.475011
-2.475623
0.032247
-8.185078
2.948892
-0.765793
2.089942
2.292451
1.433730
1.823351
6.864565
1.405648
7.139891
2.938547
2.373737
-8.039330
0.530216
2.539305
1.545802
-2.828691
-8.441984
-0.420663
3.162866
4.807341
-0.522403
2.338652
7.562525
1.272297
-0.901157
-0.687671
2.704965
7.390334
1.629552
-0.515549
-1.951303
0.321751
-2.253113
2.356194
-0.515549
7.975334
1.085174
6.016933
0.982794
1.474323
1.107149
7.953650
-2.301703
1.039072
2.819842
-8.239864
-2.471071
-0.369334
1.801887
8.116101
-1.373401
2.158799
-0.907593
-2.001489
0.745419
-0.817645
2.553590
-0.967047
2.949545
-1.222025
0.519146
-1.219352
-2.634494
-1.208252
2.336589
-2.736701
6.966895
-0.367174
2.913096
-1.656302
0.197396
-0.806672
-8.456269
-2.240435
7.708672
-8.019130
2.214297
-0.398522
6.626209
8.085072
2.399645
3.311371
7.233732
1.951303
2.966920
7.259222
-1.071450
-2.870646
0.551655
-1.140104
2.664247
2.999696
0.785398
-0.418224
-1.107149
2.124091
2.403778
-1.673003
3.166587
0.021736
-3.141593
-2.316216
-0.099669
3.494583
7.182838
-0.438337
-2.586099
2.165010
-0.957589
-2.103640
-8.037092
-1.078987
1.414194
7.885221
0.785398
7.853982
-7.642888
2.373737
-0.516231
2.333976
-2.066348
7.853982
0.231091
2.792822
0.401229
9.092718
1.519559
7.068583
-2.003204
-0.724250
-0.766532
-1.270625
-0.339293
-0.066568
-0.724250
1.367751
2.129396
6.125417
0.463648
-2.446854
-2.896614
2.666582
1.594048
-1.823351
0.426627
-2.356194
-2.201876
2.220667
7.141624
1.929567
2.142134
0.211093
-1.716106
-1.378748
-0.037020
-2.485897
1.643837
-1.768192
-5.092895
-2.553590
8.202753
-0.398522
2.944197
8.033835
1.601090
1.325818
-1.149377
7.338433
1.288241
0.837981
6.486231
-7.853982
1.570796
1.136126
-8.122348
-0.996491
2.749253
-0.099669
-1.884417
-1.602036
7.088989
-2.667193
-2.305391
7.023160
9.319901
-1.665748
2.436024
-1.687905
7.565926
-0.204018
-2.072400
-2.214297
-0.000000
-2.086345
1.136126
-1.361773
-1.159732
6.879384
-0.496423
2.356194
2.227871
2.219128
-1.138389
0.439843
3.077166
-1.801887
0.881872
6.145179
-2.573068
0.846546
-2.601173
-1.107149
6.761538
0.361729
-3.041924
-7.761225
1.570796
-1.668050
2.283154
-1.975688
-1.761981
3.141593
2.466852
1.735945
6.994644
-2.166206
3.605240
-0.321751
-2.618314
-1.046001
2.199593
0.632749
-0.927295
-0.678662
-1.667270
7.918408
-1.047518
0.204018
-1.241747
5.742766
2.712815
0.989416
-3.306741
-3.048836
1.725793
-1.923787
2.884269
1.468590
1.516795
-4.939188
0.179853
7.248437
6.746833
0.244979
-8.448741
-2.201876
2.399645
1.999574
7.524357
2.115660
1.282741
-0.134321
1.394087
-1.019141
2.834547
9.202696
-1.118018
1.477320
-2.120650
7.068583
2.859821
-2.393215
5.252808
7.016000
-0.474400
6.818140
2.750986
-0.182168
-2.769525
-8.098960
-7.827672
-2.835714
-0.579074
-2.045807
2.504044
2.059130
0.207496
3.446104
2.944197
-0.854255
-1.232918
7.086126
-2.636731
-1.443287
7.939487
0.252554
-0.892134
-0.883125
-2.811968
-2.498092
-2.704965
-2.611377
-0.661043
8.221155
1.592532
2.417343
-2.521343
2.220667
2.677945
0.424194
-0.865228
6.688077
7.995879
7.483090
-2.740364
6.528164
7.816962
3.262945
1.913820
-1.849096
-0.064427
-1.453688
-2.743070
-1.095786
-2.219792
7.216433
0.229232
1.804540
2.158799
2.636731
-0.339293
1.543776
7.390334
3.423365
-0.785398
-1.367751
-1.649580
-2.234842
-8.098960
2.756435
7.473475
-2.059130
2.574863
-0.078784
-8.363574
0.865228
7.432562
-1.681454
7.638624
-1.681454
-2.909036
-0.302885
7.609003
9.424778
2.176341
1.725793
1.475845
7.237685
2.547379
1.792878
-2.829551
2.459276
6.926686
0.374334
-0.080904
0.485622
6.586070
-2.803714
6.549437
9.334118
7.629270
-2.647651
-7.661934
-0.182168
1.629552
-0.785398
2.020556
-2.001489
-0.664774
2.181522
2.442933
-0.982794
2.914794
-2.245537
2.245537
2.331809
-2.406998
-0.046478
1.991460
5.819538
2.480549
6.778737
-0.834539
-2.024135
6.204401
1.739898
6.612810
-2.048142
6.854523
-1.913820
-0.658806
-0.868539
9.424778
6.438182
-8.474231
-2.135366
-0.463648
-1.044730
9.282881
7.258572
9.456018
-2.126290
-2.907849
-8.541653
-0.160763
0.380506
-0.365201
0.697903
4.493720
-8.659785
-3.041924
-2.765632
2.356194
-1.216091
2.060754
-0.580756
-0.945311
-0.761013
3.039386
0.046478
2.922924
-8.004353
-1.006227
-2.677945
2.432966
-2.295662
2.419938
-0.372068
1.965587
-0.909753
0.497343
-8.098960
2.800614
-0.174672
-1.409421
1.665748
-0.394791
-2.152177
-0.637549
-7.982305
2.654693
-8.031578
-3.165978
-0.602287
2.021458
6.025862
7.853982
6.854523
7.667002
-2.688814
7.377514
2.249459
2.537843
2.677945
-2.310771
2.289626
-1.048393
8.303741
0.337878
-7.726472
0.027020
-8.389793
-1.063698
-2.425051
-1.264917
9.455072
2.240435
7.257782
-0.801790
-0.266252
-0.120624
0.078784
8.090830
8.248773
-0.497343
-0.936774
-2.625362
1.604117
1.464061
7.156079
-1.308676
-1.185639
9.307669
1.748392
-1.518213
2.636731
2.045807
-1.439969
3.370825
6.528164
-1.249046
7.377514
15.776820
-0.216085
-1.284745
0.165149
2.390664
-2.199593
-2.926235
0.312042
2.303611
2.765632
-5.806718
-2.119346
2.337329
-0.146012
1.915444
-1.616220
-1.107149
1.570796
2.690140
-0.610726
-0.298499
0.426627
