-0.637549
1.951303
-1.543776
14.366399
-4.227911
5.843343
-1.249046
7.473475
-1.152572
-1.120135
9.376036
-7.572210
0.708626
2.214297
-0.957589
-1.923787
0.463648
-0.753151
-8.304643
-0.159913
2.007423
-2.427502
-1.074374
15.174255
-3.785094
-0.785398
7.729627
2.819842
-8.996000
-4.641082
0.052583
-1.094329
-1.373401
-1.691420
1.318242
9.232730
-2.729182
-0.540420
2.837082
8.562608
1.946067
8.489008
1.975688
0.574305
6.154862
-0.632749
-0.068856
1.279340
-0.113792
-2.677945
6.688077
-1.599360
1.438245
-0.785398
2.779048
-0.694738
-0.745419
-5.231535
-1.735945
1.385448
-1.460139
8.065075
6.692093
-0.493941
7.390334
14.320278
-6.591238
-1.170556
-2.611377
-6.604936
13.456646
-2.907849
-2.616797
3.624106
1.195526
1.922241
8.058000
0.348771
9.217282
-3.729595
10.628400
-1.570796
0.418224
1.570796
-0.939717
-1.274251
1.815775
2.284887
2.579671
9.334118
-0.141897
-0.805803
-5.608444
-4.579837
-1.809406
7.914514
-0.726642
-2.601173
-1.856848
-0.950547
-8.415903
-2.166995
-2.374374
2.677945
6.595227
-0.730907
7.978337
2.289626
2.537843
-0.580003
9.103027
3.003587
2.422763
4.248741
-8.200520
3.338988
1.325818
-3.191551
-1.570796
2.613518
-0.211093
-2.179486
3.354531
2.988943
3.064821
-5.961435
-2.148698
2.240435
-7.712085
-2.083186
2.034444
-0.426627
-7.880291
7.729627
7.498346
0.071307
-0.244979
8.098960
6.885473
-0.974597
-3.729595
0.045423
-0.830821
-2.649783
-2.184004
2.736701
-4.218448
-0.588003
0.266252
15.974215
-5.961435
-2.578276
0.463648
1.892547
2.663240
0.229232
2.375800
-0.603749
8.212752
0.750929
0.274910
-1.107149
2.545394
-0.999459
-4.865038
4.712389
6.871188
6.712948
0.661043
6.932181
15.781004
-0.141897
-5.130613
3.669667
9.477361
-1.094329
-5.300392
0.124355
-0.235545
-7.192938
-1.249046
-1.544487
-0.000000
3.089010
2.530867
5.061160
-1.570796
6.790284
6.283185
-0.999459
6.879384
7.188012
-2.811295
4.124386
-0.588003
1.603043
6.773143
-3.087591
-2.096863
0.000000
-1.869295
7.438490
14.137167
-3.141593
10.012781
6.888730
1.644735
8.046030
2.570255
-1.319106
-0.027771
0.179853
-0.321751
-2.837082
-0.896055
-1.396124
-2.077895
-7.823688
-0.865228
9.250106
-2.269456
-2.231839
2.417343
-1.313473
5.748230
-0.540420
5.246097
7.743324
-1.241172
-0.655696
-1.869295
-0.362544
-2.034444
7.179241
7.319027
2.709185
-0.726642
2.236766
-0.534955
9.456018
7.047310
8.248773
7.322258
-2.442933
-2.729182
-2.356194
9.201301
-0.141897
-6.480581
2.774419
0.358771
2.553590
4.289535
-1.227772
5.310808
-2.101012
0.302885
0.165149
0.176709
8.158493
0.237836
-2.567288
7.417354
-1.520838
-0.463648
-7.644959
-2.064738
7.585615
11.106232
-2.480549
-2.717398
3.427644
-3.108272
7.236790
5.055413
3.024484
2.375060
10.210176
-1.471128
-0.165149
-2.537843
8.853440
-2.265535
-2.596729
9.325109
0.815692
-0.823841
-0.000000
5.819538
-1.040581
-0.244979
6.798734
0.146012
3.141593
-8.666400
2.129396
1.249046
-0.915101
-1.357858
0.215358
-7.923636
-1.015303
-2.253113
-2.150799
7.204111
1.352127
-0.982794
1.165905
6.761538
-8.848403
0.119429
-0.755104
1.631328
6.920734
3.141593
0.218669
7.688833
1.570796
3.141593
-0.404892
-0.165149
0.117109
3.024484
3.141593
1.919567
0.229232
-1.094329
1.401018
-7.961672
2.081285
-2.356194
1.570796
7.707969
-2.410686
-5.916011
0.000000
-2.761086
-8.068042
-2.072400
-1.296629
-2.944197
-0.117109
1.428899
3.283490
0.096474
7.217473
9.424778
1.815775
2.761086
2.378413
-5.695183
-0.083141
-8.175732
-0.197396
2.451146
-7.495211
7.273979
-1.266285
1.849096
2.245537
-2.111216
-3.141593
-5.856558
-2.537843
-1.249046
-2.691833
-0.885067
2.381830
-0.990794
6.709813
-4.248741
-0.099669
-7.796901
9.274407
-0.982794
0.982794
0.463648
-2.062606
-8.004353
-0.507099
-7.853982
-2.432966
-0.655696
2.855541
4.836744
4.621729
0.034469
-1.510264
-2.201876
-0.655696
-3.252250
-0.785398
-1.932526
3.836331
-3.419892
8.292318
6.998929
-2.023575
-2.827972
2.477546
0.088007
3.050933
6.581684
3.926991
1.570796
-1.152572
6.663692
2.568627
5.117281
-2.236766
-1.844964
-7.532231
0.154997
1.597106
-8.072651
7.360040
4.101663
-0.648996
-2.375060
-6.663692
-8.274645
-2.070143
-1.424784
-1.892547
-1.284745
8.528723
-0.404892
-2.889038
8.098960
0.449760
1.967876
0.510488
-1.935998
-7.934886
0.031240
-6.283185
-2.451146
2.158799
1.460139
2.654693
9.259629
1.684588
-0.866302
-2.580429
4.537717
1.405648
6.985442
6.150634
1.570796
-1.107149
7.729627
5.564355
-0.288055
3.463343
-4.106844
7.174568
-1.080839
0.258771
-2.356194
-1.165905
6.957926
-8.028654
-2.565217
-2.664247
-0.000000
2.944197
9.307669
-7.002015
-2.396173
2.010639
9.515438
-7.656586
6.574642
0.463648
2.875341
1.542233
2.414950
3.522099
-0.215358
-3.500363
2.279423
-2.208345
3.141593
0.636508
-1.536327
9.507919
-0.903490
9.138727
-1.249046
-5.864961
-8.166883
-0.806672
5.139016
9.209420
-8.589421
-1.901094
7.517307
-0.519146
5.454336
-0.846546
2.677945
-0.974597
-2.077895
1.231504
9.510283
-2.115077
1.664273
1.712693
4.171969
8.058000
-7.853982
4.712389
-2.882822
4.712389
-2.279423
-7.988303
7.635313
2.622447
0.588003
-0.436627
2.732685
-1.961403
7.432562
-2.944197
0.165149
5.117281
3.079174
-1.249046
7.609003
5.783839
0.222082
-1.789465
-0.746956
-1.051650
0.876058
-8.104984
6.926686
2.677945
0.540420
-1.121037
-1.761981
7.179241
0.141897
4.931058
-0.244979
7.025133
-0.655696
5.840811
-0.197396
9.314121
-0.263964
-0.392340
2.070143
6.363015
-0.266252
-0.090660
-9.424778
-1.366778
2.034444
1.015303
-1.542233
-0.321751
-0.424194
-0.321751
2.034444
-0.551655
2.356194
-3.141593
-8.185078
0.380506
0.174672
2.528385
-1.839964
2.750986
-2.282255
2.221873
7.853982
7.112034
5.083280
6.944228
-0.374334
-0.823841
-2.457883
0.252554
-6.624164
-2.305391
7.899405
-4.877538
-0.000000
-0.915101
-2.174546
-0.355636
-1.873681
6.498543
3.204011
-2.414950
-2.336589
7.725658
-1.129617
5.368085
4.189111
-1.095101
-2.574863
2.855541
-8.295161
2.401618
9.395375
7.155322
-6.767663
-1.055247
2.976444
2.850136
7.313562
5.317934
3.472689
2.903757
0.000000
2.749253
-1.828120
5.083280
-10.531927
5.608444
8.750037
-2.840672
-7.688833
-2.653259
1.169568
8.361080
7.068583
-1.862253
-6.663692
2.714965
2.401618
-2.976444
-0.900275
7.240774
-5.497787
3.729595
-7.801399
0.832981
-8.045166
9.206109
-5.878294
-0.932477
1.197809
-2.553590
1.438245
7.198286
-7.853982
-13.995270
-2.176341
2.418613
2.570255
2.690931
4.485590
-1.436475
-1.040581
-1.390943
1.629552
3.338988
-2.432966
11.206668
-0.113792
8.019130
7.047310
-0.588003
-2.819842
9.515438
2.356194
-1.304544
0.103082
4.390638
-0.806672
1.414194
1.778293
5.534807
-1.015303
3.605240
7.402529
7.417354
-0.294235
9.501550
2.142134
2.884269
-1.929567
2.167973
-0.394791
-0.741947
-1.975688
-1.216091
