0.540768
0.740268
-0.166396
0.293984
-0.826303
0.403723
0.030183
-0.771933
0.197770
0.354375
-0.151554
0.304605
0.013836
-0.036234
-0.680613
0.474771
-0.159248
0.411163
0.292455
0.957943
0.062431
0.133700
-0.680833
0.425843
-0.271023
-0.822957
-0.826509
0.704738
0.160244
0.178455
-0.603084
-0.141959
-0.863460
0.078803
0.236105
-0.711104
0.238033
0.183323
0.405469
-0.719274
0.131364
-0.752839
1.010966
-0.914317
0.064919
0.238509
2.353183
-0.215605
0.747224
-0.030932
-0.056162
0.850342
0.822629
-0.620971
-0.212926
-0.351216
0.155806
1.034330
-0.082727
0.360440
-1.023572
-0.668749
0.167390
-0.665370
-0.126896
0.131457
-0.221631
-0.781950
-0.157915
0.825137
-1.035434
0.022867
-0.047003
0.368421
-0.014189
0.422097
-0.842933
0.140257
0.294606
0.575222
0.935293
0.331171
-0.016820
-0.042025
0.307778
0.331645
1.019163
0.415463
-0.282606
-0.959645
0.023616
-0.700379
1.298417
-0.829204
0.151797
0.208041
0.021491
-0.925615
-0.090573
0.796635
0.342839
0.072298
0.320383
-0.913669
-0.828580
0.258270
-1.078015
0.167246
-0.203238
0.368808
-0.702063
-1.066926
0.793994
-0.428453
1.080636
0.775035
0.281774
-0.625012
-0.739928
0.212136
0.136682
0.410518
0.452952
-0.029717
0.462372
0.925815
-0.019822
-0.012168
-0.855338
2.194963
0.240370
0.180756
0.117865
0.306847
0.308726
-0.305618
-0.240972
-1.129311
-0.583842
-0.123214
-0.213583
-0.114745
0.442478
-0.180759
0.359363
-0.386423
-0.176416
-0.886123
1.298085
0.045736
0.026820
0.202916
0.217685
0.219627
0.070653
-0.054096
0.031074
0.136113
0.293546
0.346654
-0.734404
-0.604074
-0.018512
0.054567
-0.276946
0.103114
0.256255
0.183964
0.214362
0.826668
-0.653951
0.156175
0.047016
0.445861
-0.088047
0.145210
0.134526
-0.685808
-0.738019
-0.041433
-0.806403
-0.675832
-0.133664
-0.001220
0.302804
0.201805
0.826133
-0.577673
-0.916331
-0.285005
0.911315
0.188904
0.811029
0.819566
1.481205
-0.178618
-0.818581
-0.421781
1.165811
2.175622
0.258432
0.183062
0.503001
-1.228993
-0.058793
-0.725320
-0.642853
0.190239
0.734117
-0.262002
0.404862
0.048034
-0.656384
0.127962
-0.081586
-0.711174
-0.308084
-0.227370
-0.100637
0.094320
-0.096635
0.291831
-0.198984
0.363871
0.049149
-0.146513
-0.546837
-0.710606
-0.071842
0.158298
-0.410926
0.675649
-0.620478
0.016813
0.317695
-0.438482
-0.089912
0.935534
-0.358129
0.284545
-0.380348
0.864391
1.023473
-0.266708
0.300334
-1.184225
-0.224881
-0.827822
0.228374
0.401781
-0.708920
0.208035
-1.003760
-0.969872
-0.201771
0.164050
0.611843
-0.316559
-1.281408
-0.052027
1.382287
-0.263810
0.140256
0.080549
-0.301546
-0.841645
-0.165062
-0.134600
0.276119
0.231101
-0.808784
-0.026667
0.214972
-0.296763
0.797251
0.273623
-0.254792
-0.892827
0.195093
0.270909
-0.035533
0.424273
-0.580842
-0.648321
0.334466
0.028169
0.135607
0.334456
2.198267
0.266154
0.017582
0.930135
0.828482
-0.764032
0.211076
1.122168
-0.171380
0.445025
0.264891
-0.149566
-0.688102
-0.971175
-0.306214
0.379499
0.196551
0.459029
-0.019632
0.973351
0.101451
-0.709053
0.927688
-0.141821
0.256197
0.291274
0.178537
-0.397874
-0.147760
0.996145
0.902360
0.400032
0.233126
-0.840389
0.009383
-0.305066
0.409443
0.255207
-0.227382
-0.836911
0.329891
-0.639365
-0.728772
-0.011006
0.161099
0.102402
0.348517
2.233381
-0.504976
-0.793611
0.242923
-0.750693
0.198768
-0.546072
-0.154911
1.164622
0.069940
-0.019382
0.064218
0.289273
0.344656
-0.250053
-1.243887
-0.370037
0.006912
-0.090738
-0.779143
0.958593
0.363441
-0.730847
-1.131144
-0.048680
-1.173508
-0.747105
-0.373346
-0.105537
-0.095256
-0.740864
0.949093
0.163193
0.078761
-0.071950
0.273347
1.331197
-0.140168
-0.902922
0.286978
0.169308
-0.049833
-0.106617
-1.040442
-0.217333
-0.729708
0.297412
0.084372
-0.662213
0.356782
-0.058991
0.503421
0.141013
0.193873
-0.187784
-0.863834
-0.221503
0.438644
0.094081
-0.320679
0.407370
0.500409
0.520980
0.273038
0.243712
0.340643
0.345508
0.469942
0.471533
0.192030
0.085894
0.418079
-0.114860
-0.051583
0.576134
-1.056420
0.076812
-0.923986
-0.815006
2.228926
1.040456
0.286286
0.210303
-0.127902
-0.798904
-0.001494
-0.062335
0.120795
-0.622012
-1.209469
-0.778066
-0.260459
0.267215
0.299697
0.008690
-0.204440
0.456532
0.269811
0.499034
0.008179
-0.862859
0.164939
0.091385
0.215903
-0.309559
0.266769
-0.694480
0.832279
-0.217105
0.979658
-0.644123
-0.649346
0.307204
-1.159130
-0.386249
0.158848
-0.307639
0.273646
0.205014
0.150970
-0.779662
0.044949
-0.063956
-0.869246
-0.116972
0.383303
0.087738
0.873560
0.056333
-0.698006
0.919982
0.320650
0.060861
-0.113152
-0.200855
0.097417
-0.292294
-0.595222
-0.749886
0.284574
0.030913
0.046925
-0.067490
-0.331068
0.095903
0.123974
-0.739466
0.023162
0.406640
0.403543
-0.670988
0.265781
0.350887
0.852116
2.368953
0.446929
-1.004442
-0.258466
-0.140256
-0.196269
-0.097256
-0.234988
0.543775
-0.850642
0.253401
-0.243015
-3.090743
-0.236799
-0.227257
0.236527
0.157885
0.238932
-0.729405
0.503919
0.369197
0.231061
-0.558809
-0.308363
0.268893
0.398007
-0.392470
0.392065
-0.333510
0.798228
0.053698
0.032112
-0.023306
0.414253
-0.252356
1.043767
0.237523
-1.112287
-0.568980
-0.241166
2.482062
0.177298
0.912153
0.383198
-0.793658
-0.065265
0.484160
-0.301806
-0.202047
-0.118826
-0.068252
0.857579
0.244880
-0.839672
-0.581872
-0.739473
0.129258
0.110455
0.282756
-0.282022
1.008079
0.146473
-0.280171
0.186591
0.044587
1.404036
0.514653
0.260825
0.349823
0.078077
-0.035639
0.196038
0.261799
-0.282128
0.006674
0.751024
0.202027
-0.964061
0.513544
0.073598
-0.517124
0.933307
1.045621
-0.066626
-0.069490
0.224179
0.153640
0.267863
0.196689
0.193051
-0.310118
2.170372
0.263715
0.164110
-0.397789
0.113332
-0.006866
0.085030
0.293080
0.364822
0.394741
-0.784124
2.399536
0.071232
-0.544043
0.234578
-0.122192
-0.725956
-0.086035
0.376847
0.456387
-0.724767
-0.285490
-0.102523
0.171863
-0.001040
0.187222
0.124898
0.262449
-1.220682
0.983249
0.351458
0.141824
0.405324
-0.007400
-0.085725
-0.255528
0.113348
0.889274
-0.690633
0.343832
-0.755922
2.192109
-0.131475
-0.644056
0.271839
-0.193125
0.052154
0.214779
-0.755383
0.293223
0.218016
-0.381725
0.054101
0.047308
0.974195
-0.698787
0.094097
0.144952
0.224894
0.398893
0.247486
0.242974
-0.098217
1.467335
-0.325484
0.340955
-0.526593
0.157668
-0.074500
-0.753546
0.207863
-0.488365
0.996641
-0.297028
-0.094087
-0.713494
-0.144792
0.037976
-0.110630
0.054132
-0.563540
0.043910
0.909031
0.240894
-0.705872
0.309965
-0.335620
0.922453
0.993612
-0.813081
0.360028
0.339120
-0.717573
-0.138091
-0.316291
-0.244377
-0.730361
0.338859
-0.771610
0.276834
0.982511
-0.574410
-0.301936
-0.081006
0.450464
0.167933
-0.758826
0.947651
0.432437
-0.034907
