0.290157
2.028384
0.063253
-0.133925
0.222421
0.098141
0.032812
-1.666000
0.286296
2.009839
-0.123457
-0.133929
2.022652
-0.098600
0.251050
2.118529
-0.110152
0.735497
-0.031729
-0.049694
-0.066120
-0.122030
0.288904
-0.077306
1.981318
2.154537
2.035237
1.973001
-1.709415
0.107909
0.080655
2.101838
2.005662
0.240072
-0.055697
0.288465
0.316621
0.004442
0.317528
-1.690834
0.292620
0.305972
0.253754
1.936915
0.049001
-1.761620
-1.312917
-0.002720
-1.701158
-0.145700
0.251340
1.960623
-0.119404
1.988029
0.181427
0.285320
-0.085644
0.221342
1.993775
0.120635
-0.053845
0.303446
1.962032
-0.124942
2.003194
0.202889
-1.283136
1.921504
0.047238
0.388469
0.289400
0.299521
0.307042
2.001728
-1.744073
1.996561
-1.297690
0.066093
-0.213780
2.085708
0.149618
-0.113018
-0.015864
2.057485
2.029100
0.332151
-0.026933
2.004979
-1.133360
0.202669
0.286652
0.315590
0.214863
-1.744523
-0.176806
0.253846
-0.126415
-1.727389
-0.050776
-0.141434
-0.131114
-0.057859
0.050897
2.169392
0.293191
2.022059
0.351107
0.323262
-1.339332
0.068054
-0.150749
1.959045
0.031896
0.343481
0.041714
-0.104739
-0.122355
-1.752462
-0.081375
0.335952
0.072055
-1.710738
2.145235
0.138613
2.007264
0.344704
0.269502
0.032796
2.021266
2.189421
0.055156
0.033400
0.191040
0.105358
0.042190
2.065220
1.998840
2.027268
0.180846
0.297335
0.226675
0.349647
0.077281
2.019958
0.286118
0.385205
-0.124787
-1.790231
2.057704
0.324338
0.313249
-0.089007
-1.423034
1.974006
1.987361
0.292980
0.246011
-0.178975
0.316779
0.085247
0.025838
0.082110
0.299117
0.084477
0.225453
-1.800187
-0.048544
0.304909
-0.125374
-0.125848
-0.139112
-0.151077
1.943052
-0.094841
2.051324
-0.119638
-0.085654
-1.788695
0.261231
-0.073000
-0.121153
0.083245
-1.814797
0.329859
-1.107310
2.103756
0.296510
-0.096947
2.019750
-0.148982
0.291099
0.307311
-0.099995
1.921655
-0.138137
0.232595
0.039588
0.293571
0.082396
-0.107319
0.289129
2.004454
0.339130
2.064533
-0.083057
-0.123089
0.311158
2.025498
0.057162
0.341264
-0.127186
-1.804748
0.051847
0.255532
-0.085541
2.030041
0.277739
-0.112720
0.160416
0.136858
0.330348
0.255832
-0.118933
0.214187
-0.086325
0.238328
0.199944
0.313005
0.013571
0.242456
-0.058491
0.119904
2.015482
0.341530
-0.080396
0.062870
0.275544
0.221044
-1.796299
-0.006579
1.989706
-1.692913
-0.171404
0.311014
1.939096
1.973640
-0.186730
2.158628
1.982336
-0.107071
-0.134148
2.047432
0.370125
0.095119
-0.050527
0.290463
-0.130055
-0.092261
0.250971
0.376747
0.296430
-0.045316
-0.062659
0.106575
-3.023512
0.274056
0.101220
0.082525
0.252866
2.191846
1.992964
0.213307
0.000508
-0.030036
0.245325
0.070206
-1.734838
0.258328
-0.096701
2.011219
0.275150
1.962754
-1.694389
-0.108654
0.334965
-0.153589
0.153081
1.931046
0.239562
-0.032636
0.305738
-1.281460
-0.152445
2.025899
0.160853
0.331893
0.301699
0.350122
0.287678
0.311824
0.279783
-0.098102
-0.112305
2.040883
0.354463
0.131584
0.102386
-0.125780
-0.104121
0.098222
0.236977
0.091301
0.010859
-0.140038
1.981799
-0.139622
-0.137427
0.347626
0.111571
0.249546
0.236124
0.038771
-0.049759
0.099039
-1.799378
0.090175
2.023688
0.302134
-0.107541
1.971626
-0.093504
-0.087298
0.276200
1.937914
-0.151122
0.311743
1.956415
-1.730585
-0.050589
-0.161237
-1.814486
0.284563
-0.073777
0.275326
0.041680
0.246370
1.954378
0.081156
0.075357
1.987751
-1.307393
0.103241
-0.158972
0.270827
1.939194
0.247053
0.100751
0.105685
0.203892
0.083508
-0.123261
0.300015
0.264709
1.982877
0.275663
-0.163308
-0.067124
-0.144087
0.221302
0.288612
-0.055695
0.272226
0.283440
2.116489
0.049362
0.273848
0.079515
0.293528
1.948063
0.264151
0.085832
-1.727930
-0.064206
0.340127
-0.166776
0.089621
0.215080
-0.043476
-0.102864
-0.073118
2.060528
0.018442
2.135710
0.323607
0.025853
0.260924
-0.069625
0.298216
0.264111
0.295638
0.099843
1.954627
0.278049
0.240397
0.320937
2.040136
-0.095560
0.288854
0.010513
0.125080
-0.108273
0.248485
-0.116475
-0.179036
-0.141388
-1.757751
0.232516
2.001936
2.024179
0.298088
-1.733922
0.046808
-0.146828
-0.115475
2.054770
-0.137216
-0.109272
0.328254
-0.093472
0.294381
-0.050583
-1.326991
0.292482
-0.135577
0.082367
1.973809
-0.046155
0.053866
1.869231
2.016295
0.349818
1.960622
-0.130492
0.186486
0.095882
-1.743535
-1.757079
0.116530
0.250559
0.098936
-0.134390
-0.083735
0.267577
2.139913
-0.097065
0.324007
0.329126
2.029222
0.099116
0.251915
1.925390
0.216787
0.317051
0.254951
0.068824
0.084489
-0.000807
0.037911
0.237043
2.030981
-0.047871
-0.133271
0.093116
-0.072438
-0.021435
0.261958
0.252357
2.008733
1.978419
2.031675
0.029629
2.052382
1.989790
2.198614
-0.073298
0.078018
0.288174
0.008584
0.044589
0.328771
0.057255
1.957335
0.212007
-0.088316
-0.160935
-0.031968
0.273713
-0.056175
2.096989
2.185435
0.252386
0.223288
0.282097
0.082924
-1.777033
-0.104731
2.001195
0.115678
-0.089685
0.389851
-1.745575
0.269765
2.036975
0.290232
1.951000
0.032318
0.080653
0.258029
1.979475
-1.357110
-0.146882
-0.122067
-0.050993
1.991041
0.010328
-0.132746
0.120314
-0.066218
2.027096
0.229871
0.274102
0.314094
1.985526
-0.007212
2.066419
-1.315094
2.060345
0.139623
-1.706989
0.351686
-0.086410
0.272851
-0.140263
0.255709
0.315914
-0.136624
-0.130173
0.275278
-0.110412
0.087317
-0.139692
-0.205317
0.026654
0.328754
-0.079764
2.014574
-0.106076
2.051384
0.321832
0.061131
2.028484
-0.134087
1.995056
0.043620
1.977510
0.169870
0.287893
0.240712
-1.283755
2.006152
-1.717224
0.071258
0.351606
0.205682
-1.359513
1.979297
2.010790
0.123981
0.044857
-1.747759
0.239941
0.362703
0.240777
0.243704
2.120878
-1.832181
0.066804
0.149949
-0.169000
0.264802
-0.118381
0.282986
0.343794
0.214785
-1.169849
0.346887
0.056056
-1.716691
0.297162
0.131377
-0.125874
0.204361
-0.076237
0.280430
-0.132814
0.244041
0.267008
-1.713901
-0.142216
0.269032
0.349323
-0.119986
0.223277
0.120703
0.252363
-1.735218
-0.073716
-1.714925
0.147892
0.268568
-0.085891
2.069341
1.980024
1.966422
2.041683
0.106768
2.013236
-0.062785
-0.124045
-0.135258
0.048467
-0.128906
0.281512
2.008417
0.344002
-1.690892
0.274317
-1.774799
0.318396
0.026148
0.324320
-1.339229
-0.166257
2.006896
0.307540
0.272114
0.262203
0.250586
1.921893
2.000640
0.329769
0.319218
0.108260
-0.121879
-0.137061
1.972601
0.256717
0.324682
-1.325206
-0.059137
0.278440
-0.095157
-0.102355
0.359936
2.140354
1.968213
0.160499
2.011380
0.730139
0.341720
0.232273
0.216962
-0.138612
0.116073
0.047972
0.316965
-0.074774
-0.064976
-1.741210
0.088466
-0.091684
0.284533
-0.066693
0.394820
0.384334
-0.088209
-0.090830
0.299907
0.343492
0.251245
