-0.043971
2.167151
-0.119655
-0.127903
0.211630
0.008997
0.230665
-0.088767
0.008635
-1.781348
0.282245
-0.128144
2.096533
-1.421161
0.077810
1.951519
0.262252
-0.110671
-0.099392
0.132667
-0.043310
2.033503
0.248849
0.277570
0.101966
0.079662
-0.110595
-0.122673
0.689537
0.253168
0.265999
-0.099337
2.020794
0.341632
0.257538
0.239973
-0.098943
0.249145
-0.164593
2.177383
0.240168
-0.151432
-0.126741
-0.011146
0.106653
0.882620
0.244936
1.983575
0.148686
-0.179011
0.205551
-1.300519
-0.114219
2.043849
-0.125371
2.059298
0.179060
-1.345434
-1.744410
1.962276
0.214846
0.196525
-0.115197
0.290527
0.168050
0.022184
0.280092
0.721526
0.228518
-0.013468
0.241099
0.037102
-1.167665
-0.104735
-0.160192
1.985886
-0.115338
1.946695
0.299784
-0.132250
-1.751429
0.242586
0.259225
-0.068866
0.235411
-0.182089
1.940026
0.340248
0.023938
0.837606
0.065893
1.997979
-0.067031
-1.786071
0.084903
0.102051
-0.140590
0.238280
0.047015
1.951215
-0.193765
0.283671
2.113958
0.061468
0.767922
-0.090301
-0.144011
2.239886
2.011523
1.928745
0.070093
1.881599
0.295163
0.268040
0.269096
-0.128448
0.217088
0.243946
1.947521
-0.077712
-0.044967
1.970893
-1.764221
0.275285
-0.172848
-1.332039
0.116096
0.342303
0.058216
0.234049
2.229163
0.831157
-0.128684
-1.797851
1.974911
-0.072272
2.018402
0.200280
0.298723
0.217396
-0.153955
-0.116877
1.952436
1.969706
0.063588
0.147251
-0.115118
0.353191
0.265668
1.914210
0.291203
1.935058
-0.119851
2.006904
0.400934
0.216004
0.102527
1.971760
-0.179648
1.941083
0.253022
1.955581
-0.146199
0.032722
0.183685
0.084915
0.006167
1.978085
1.971103
-0.118793
-0.133117
-0.092330
0.045184
0.080637
0.258541
0.248277
0.245236
-1.217818
0.287770
-1.729375
-0.096133
2.147091
-0.129014
0.332367
-0.171840
0.045395
0.272563
0.108514
0.278426
0.067592
2.002910
0.076306
0.068386
0.271892
0.220081
-0.111555
-0.119865
0.095962
0.297522
0.718804
2.023645
-0.144821
1.922090
1.922729
0.275279
0.246901
0.283008
0.250320
-0.072891
1.984222
0.255107
0.365651
0.014584
-0.139488
0.033316
0.056276
-0.118217
0.307199
0.063294
0.052950
0.246776
2.096961
0.225212
0.307386
-0.007213
0.309003
0.058877
-0.073212
1.993880
-1.804411
-0.002308
0.256110
0.211412
0.046510
0.259737
0.225442
1.962285
-0.048853
-0.108239
-0.068016
0.217581
0.043165
0.060921
0.094879
1.973847
0.229944
-0.150554
0.032272
2.052514
1.957252
0.357998
0.264969
-0.083770
0.071583
2.030229
2.145630
0.829423
0.243770
0.037789
0.303114
1.985385
0.255495
-1.794062
-0.141690
0.288445
0.198706
-0.162691
-1.398547
-0.141193
0.263628
-0.167350
0.139581
0.087884
1.984308
0.239676
-0.141094
0.242518
0.217622
-0.159410
-0.108132
1.998280
-0.154133
0.279490
-0.199456
-0.157234
1.983933
0.178448
-0.125551
0.299034
0.353557
0.055361
0.248927
0.212786
0.215583
-0.098046
1.949651
0.025674
1.919070
0.325894
0.025053
-0.109667
-0.132821
0.250562
0.250315
0.039673
-1.847664
0.270810
0.266982
2.003517
1.973217
-0.190504
-1.738197
-0.112336
0.052872
0.088778
1.976861
-0.069494
1.986658
-0.056613
2.011156
-0.172474
1.977105
-1.808134
-1.765542
0.073458
-0.101151
2.012967
0.296629
-0.196875
0.021227
1.926079
0.392971
-0.113515
1.923905
0.064205
-0.087618
0.283436
-0.008360
0.039030
0.110095
-1.737371
0.322076
-0.172747
-1.752782
-0.001876
-1.783129
-1.768128
0.031150
1.999188
-0.136413
-0.192819
0.263832
0.245419
0.205324
-0.104598
0.030840
0.292978
0.093657
-0.152399
-0.121767
-0.082140
0.510651
-0.141373
-0.079493
0.048791
-0.151304
0.225311
0.282123
0.061574
-0.087065
0.122934
-0.105142
2.017252
-0.161132
-0.153195
0.113819
1.962515
2.001089
0.060248
1.942368
0.042526
1.981916
0.225817
0.280166
0.249635
2.114295
0.229769
0.045923
-0.103783
0.229616
-0.116432
0.054683
0.057287
-0.104657
0.222426
-0.140714
0.286510
1.960032
1.984684
0.227858
0.272872
-0.134495
-1.685931
0.263772
0.348727
0.289459
-1.333757
0.040177
-0.117442
0.034118
-1.784422
1.970074
1.961431
0.274958
0.292459
-0.182114
-1.775162
-1.139826
-0.157725
-1.778391
0.223280
0.245846
-0.095077
0.080032
0.272203
2.047982
0.232598
0.092816
0.298650
1.942303
0.266645
-0.117703
-0.082898
-1.739251
0.341231
0.056404
0.358129
-0.096996
-0.146175
-1.802450
0.293752
0.307497
1.913427
0.104918
1.929535
-0.144415
-0.103669
1.978725
1.956236
0.045905
0.302499
0.264077
0.291218
0.225860
0.068167
0.274925
0.244109
0.090688
0.090104
-1.712315
2.051642
-1.696990
-1.745127
0.224232
2.235063
-0.158948
-1.775422
-1.758725
0.255227
-0.134204
1.999816
0.040286
-0.141866
-0.161441
0.090975
0.235968
0.220009
-0.115075
1.996719
1.915831
-0.196541
0.135805
0.247039
0.292622
-1.776648
-1.838736
0.283009
1.922752
-0.008117
0.028111
-1.337953
0.237436
-0.153104
1.967005
0.279920
-0.130230
-1.209635
-0.078771
0.059179
1.944734
0.250077
-0.116891
-1.720679
0.053380
0.078201
-0.124045
0.258435
-0.119172
-0.151487
-0.173442
1.994726
-0.052085
-0.086044
1.969727
-0.111936
-0.111690
-1.735069
-0.063008
0.075624
0.128411
0.355510
0.284332
-0.106221
0.064792
0.229809
-0.117330
-1.800278
-0.055141
-1.765652
0.010763
0.110439
1.959143
-0.000565
-1.733976
0.290063
-0.089366
2.002737
0.286703
0.281245
1.947930
0.238046
-0.145951
0.060589
0.267683
0.304122
0.327896
0.103843
2.038283
0.369335
0.041260
0.227751
2.107337
-0.138059
0.315366
-0.084660
1.950862
0.323929
-0.134002
0.042392
0.011830
-0.142216
0.077764
0.282239
1.985727
0.088553
0.090285
0.083534
0.331227
-0.076755
-0.140843
1.329664
0.230937
0.219503
2.179774
0.240528
0.003090
0.219652
0.054804
-0.009281
1.934986
1.937862
0.224657
0.187739
2.195388
0.030816
0.272244
0.797969
-1.200008
1.992567
0.023707
-0.138308
-0.125617
0.275740
0.029719
-0.110010
1.977548
0.300793
0.274988
0.063000
-1.795778
2.106280
-1.796571
-1.756661
0.064350
1.983920
0.048429
0.115246
-0.121877
0.126937
-1.860476
-0.011903
0.037735
1.974372
2.002614
1.995496
0.392983
0.081692
-0.061773
1.959702
0.275760
-0.044484
2.009139
-0.114186
0.286277
-0.056668
-0.090913
-0.094473
0.048809
1.951763
2.010493
0.335732
0.083740
-1.226797
-1.307049
-1.375631
-0.163134
0.240349
1.972453
0.131378
-1.717327
2.170206
0.080282
0.289291
2.012535
-1.807759
0.267946
-0.102226
1.996570
-0.112853
0.082776
-0.082482
-0.167767
0.254097
0.262396
0.251868
2.169643
0.253364
0.307966
-0.110059
-0.096323
-0.138095
-0.121726
-1.736491
0.270469
2.083078
2.021624
0.316299
0.239084
0.109417
-1.759042
-0.136109
-0.162009
0.200316
0.101410
2.024158
0.251052
2.017433
-1.337907
-0.099292
0.051107
0.294142
2.007181
0.340484
0.283154
-0.144304
0.026732
-1.770365
-0.105607
-1.346043
0.292691
