0.256151
2.761086
-2.370278
-2.963996
2.356194
-2.808348
2.951604
1.885028
-3.061763
-0.892677
2.420621
-1.267911
0.380506
-2.453921
1.061725
1.299849
0.511231
-2.685819
-2.952394
0.431139
2.988943
1.079633
2.397837
-1.398606
-2.303611
0.274910
-2.589938
-1.134169
0.312042
1.007480
-1.637364
1.257176
-0.900275
-0.519146
-0.955176
2.714965
-1.591202
-2.487022
1.453688
-0.071307
0.257324
-0.226799
-0.708626
-2.214297
0.931410
0.904827
0.873406
2.034444
-2.165010
-1.071450
0.287281
-1.033886
-2.948892
1.975688
3.030935
-1.910089
-2.761086
-0.347062
0.655696
-2.134113
-0.043451
2.966920
-0.522403
0.785398
-2.837592
-0.755995
2.163799
-1.523213
0.711459
2.184566
-1.335251
1.516795
-0.555494
0.351445
1.514253
2.537287
2.174546
1.453688
1.841743
1.302430
-1.255582
-0.977047
1.657535
-0.226799
-0.273009
0.873406
2.579095
0.908067
3.036716
1.653938
0.463648
-2.825977
-1.401695
-2.299114
-2.863293
0.832981
-2.969402
-0.993604
-2.756988
-1.373401
2.595938
-2.275290
-0.066568
1.471128
0.408149
-0.814801
-0.231091
-2.805954
0.978369
-3.039904
-3.030935
1.339706
2.908613
-2.558853
2.746802
1.051650
2.884269
1.570796
-3.061763
-0.743170
-1.815775
1.289564
0.982794
2.508844
-0.844154
1.495936
1.997424
0.179853
-1.059566
-3.027801
1.130954
-2.746802
1.215160
2.457883
2.102520
2.050316
-2.598115
-1.269876
2.107707
2.255091
-0.137066
-0.972377
-0.055499
2.342111
1.963854
3.120762
2.444202
1.943784
-0.321751
3.017238
0.474400
-0.174672
2.931953
-0.463648
1.883698
0.353997
-0.635027
2.598115
-1.272297
0.976583
-0.540420
2.395136
-3.039904
2.370278
0.785398
-3.124353
0.862170
2.205823
0.940395
0.858439
-0.086738
0.412410
3.024484
-1.042722
-0.509071
-2.009656
-1.742987
2.523448
2.940638
0.058756
-1.986288
-1.107149
-2.426501
-2.094075
2.958482
1.799293
1.214577
-2.115660
-1.405648
1.854590
1.570796
-2.338652
1.970312
2.046492
2.245537
-2.906048
-0.851966
2.094075
-0.148890
-0.902507
-0.643501
-2.330559
2.034444
-2.661418
-0.083141
-1.683524
-0.352990
-2.999696
2.677945
2.775845
-2.148698
-1.943784
1.684588
1.735945
0.867183
-2.446854
2.553590
2.925042
-0.455101
1.841743
0.385158
-1.471128
-2.831890
-0.321751
-2.948381
-2.779863
-1.107149
1.388628
2.235571
-2.999696
-1.405648
-1.590025
1.197809
-1.170556
1.281293
-0.472907
-2.015216
-1.000756
-1.365401
-1.815775
0.126973
-2.034444
-2.042574
0.348771
0.736257
1.570796
2.979755
2.383215
-2.622447
2.564400
-0.550386
-1.963854
-1.947706
-1.091277
-2.959944
2.245537
-2.645170
-2.490516
-1.969319
-0.264817
-0.076772
-0.785398
-1.570796
-0.426627
-0.634023
-0.291457
2.316216
-2.441700
0.475695
2.948381
0.253674
-0.429762
0.321751
0.655696
0.785398
1.487655
-2.506566
2.265535
3.013269
-1.165905
-0.237836
2.618314
-2.657115
0.000000
-2.511191
1.169568
0.511231
2.640579
-1.267911
2.285888
1.787347
-2.252095
0.636508
2.527823
2.740364
-1.913820
-1.901892
0.536911
2.451793
-0.552841
1.687905
-1.126377
0.197396
3.076467
2.276995
2.303611
-0.340382
-1.392703
-2.485897
2.739722
-1.704607
-1.697769
-0.223477
-1.529154
-2.983824
-0.159913
2.732685
2.102520
-0.638320
-0.051237
0.573441
0.684295
-2.872425
1.420984
0.404892
-0.737815
-0.221314
1.267911
-1.951303
1.999060
-2.875341
2.312744
0.977446
3.052543
-0.113792
-2.537287
-2.510513
2.619189
-2.089942
1.913820
-0.715744
0.694738
0.982794
-2.498092
-2.417343
1.690225
-1.091277
0.186487
2.609869
-0.165149
0.262995
2.060754
2.071810
1.439481
0.532844
-2.164146
-1.348714
-1.383817
1.071450
1.904741
-2.120650
-2.808348
-2.300696
-0.603749
-1.098299
1.397551
0.110657
3.105894
-0.251690
-2.746802
1.592532
-0.915101
0.388319
2.559688
-2.368852
-0.475695
1.798899
1.307802
1.997424
0.321751
-1.678486
0.484478
-2.369892
-0.315215
0.680521
1.951303
0.582739
-2.688814
0.124355
1.138389
1.535097
3.038511
-0.321751
-1.373401
2.736701
-2.426501
0.260602
-1.367751
-1.804540
-1.642104
-0.437791
-1.863983
1.916352
2.257921
0.023252
0.331096
3.061763
-3.070285
0.372068
-2.553590
1.471128
2.235571
-0.081452
-0.040794
1.948045
-2.087027
-2.225367
2.327631
-2.153536
0.499347
0.107690
-1.745469
2.184004
-1.116494
-0.380506
2.956245
-0.598419
-1.642104
-2.790148
-1.115696
2.094075
-1.530003
2.570255
-0.643501
0.685730
-0.785398
-1.325818
-0.040794
-1.346085
-0.828849
2.850136
-1.292497
-2.845047
-2.265535
2.903757
-0.593350
2.285888
0.156602
1.518213
-0.453339
-1.712693
-3.121187
-2.179960
-0.963809
-2.070143
-0.372988
1.504228
-0.426627
-0.919720
-2.125104
0.558599
3.030935
0.188222
0.269167
2.299651
-1.726391
-1.173168
0.678119
-2.504044
2.746802
1.852029
-0.139096
-2.629203
2.502679
-0.099669
0.463648
-1.264917
-1.538549
-0.071307
-0.605545
0.785398
-2.525973
-1.212026
-0.971621
2.428532
2.922924
2.454468
-2.540519
2.704965
2.650429
2.285888
-0.868539
-1.310194
1.703348
-0.610726
1.546411
2.000559
-2.988943
0.957589
1.298650
2.356194
-2.807648
-1.276562
-2.291350
-3.054854
-2.048142
-0.020830
2.381830
0.896055
0.472497
2.446854
-0.168207
0.722979
-1.173717
1.902856
-2.493261
2.111216
2.453921
2.873682
-1.647568
-2.727903
-0.106736
-0.896055
2.819842
2.934096
2.644250
-0.488334
-2.265535
-1.518213
-0.068856
2.462179
-0.159913
-2.813473
-2.034444
-1.910089
-0.946161
-2.187093
-1.422947
1.066630
0.394791
2.158799
-1.695151
-0.438859
2.570255
-0.491164
-0.281232
1.849096
-2.342497
-1.892547
2.231839
0.934958
-1.629552
0.103792
-1.683524
-2.901058
1.791625
1.600200
-2.122451
-1.414194
2.228685
2.382504
-0.643501
-2.906870
-1.550391
0.765793
1.158386
-0.051237
-1.266795
0.418224
-1.644735
-2.754717
2.413275
-0.832981
1.048393
-1.821239
1.030377
0.278300
1.066630
-2.478863
-1.287002
2.995580
-2.666582
-2.612003
-0.259332
-3.006065
-0.625485
-1.284745
0.053520
1.611590
2.723368
-1.439481
2.704965
-1.069783
-0.454719
-0.902507
1.570796
1.338239
-0.232557
-0.278300
-1.570796
-0.388319
2.034444
1.570796
-1.000756
-1.131937
2.916881
0.844154
-2.485897
1.947287
2.610819
-0.408149
2.205823
2.838708
1.144169
-0.225277
-0.893088
2.480549
-0.531724
-0.839400
2.677945
-0.302885
1.570796
2.964884
0.785398
-0.513606
0.174672
0.000000
-1.152572
1.849096
2.397837
2.704965
-1.911178
-0.211093
2.837592
-2.067219
0.827041
0.855053
-2.214297
2.726101
-2.462179
0.165149
0.548549
-1.096945
-2.276995
-0.315215
-2.956245
1.570796
-0.141897
0.239232
2.222665
3.011890
-2.984991
-1.590025
-0.705568
2.634494
-2.137526
2.214297
-0.310387
1.042722
-2.944197
-1.620755
2.469986
0.726642
1.079633
-0.218669
-2.289626
0.145310
1.690225
0.532844
0.124355
-1.934775
-1.624798
2.291768
1.862253
0.654571
-0.718830
0.053520
-1.432790
0.938047
2.654693
-2.582993
-0.035699
-1.042722
-2.317253
-0.825377
-3.121595
-0.628796
-2.624561
-2.191046
-0.347062
