-0.939106
0.496423
-1.970312
1.815775
0.178093
-1.935531
-2.565217
-1.138389
0.039196
-0.499347
1.739003
2.164146
1.107149
-3.121187
0.654571
-2.434978
2.327631
-3.041924
2.743965
2.403778
2.984991
1.613324
-1.369034
2.478863
0.966491
-2.819842
1.059566
0.708626
-1.460139
-2.839974
-1.986861
-2.717924
0.889498
-0.857735
2.494201
-1.024007
-0.615620
2.024640
-0.019228
-1.700499
-0.647811
-0.857735
0.298499
1.186627
-2.328424
-1.462526
3.045734
1.549966
-1.535097
2.307054
-0.174672
0.396441
2.659079
0.909753
0.037020
-1.444204
1.365401
-1.179096
1.356736
-2.745151
2.798569
-0.729900
2.193467
2.778446
1.659452
-0.692334
-3.121595
1.670465
-2.466852
-0.860258
0.849825
-0.851966
-0.631691
1.125495
-1.995628
0.605545
3.141593
-2.092631
2.198105
-2.771687
-1.373401
2.233526
-2.316216
1.570796
0.659310
0.035699
1.944523
0.758378
-3.010277
0.220829
1.492525
0.911486
-0.813169
-1.570796
2.201198
-0.598419
2.622447
-1.921111
1.801887
2.677945
2.342111
1.695151
-1.860300
-2.761086
-0.301619
-0.179853
0.823355
0.019997
-3.068993
-2.527823
2.584993
0.909753
-1.929567
1.080839
-2.518922
2.299114
2.356194
-1.513168
1.609239
1.142532
-1.962496
-1.530003
-2.669096
-1.434394
0.799890
-1.160669
0.161837
-2.340811
1.551191
-2.660705
-2.248916
-2.536048
-1.190290
-3.028865
-2.785373
0.369906
1.230414
-0.165149
-2.018316
0.847817
-1.088283
-0.814801
-2.381189
1.067953
0.373727
0.482513
0.917950
0.620249
-0.338324
-0.610726
-0.855705
2.916316
-2.956245
0.694738
0.599175
-0.558599
-0.988443
2.127396
0.193622
-2.140837
-1.756144
-2.233526
-0.216550
-2.300696
0.233743
-1.670465
3.123076
-0.526627
2.313966
2.402316
1.548578
1.995628
0.851966
1.650626
1.012197
3.141593
2.632522
-1.570796
0.785398
2.807648
1.830128
-2.652740
-1.973117
-0.101689
-2.930499
-1.297788
-0.380506
2.509902
1.394857
1.478467
-0.726642
-0.543832
2.860360
1.267911
1.780436
-0.353997
-1.835285
0.507099
-2.076087
2.525973
-0.352044
1.917858
1.321209
-0.088656
1.022247
1.524318
1.373401
1.842942
-2.143256
1.273732
2.976444
-1.927016
-2.275290
-0.189199
2.043703
2.068619
-1.180189
2.318238
-0.706199
-1.748889
0.892677
-0.613770
2.677945
-0.844154
3.102397
-1.033886
0.754158
-1.107149
-2.493781
-1.019141
2.449671
-2.518922
0.915101
-0.058756
3.103875
-1.489344
0.232557
-0.620249
-2.016097
-2.134113
1.650626
-1.613324
2.248916
-0.216550
0.413689
2.014245
2.530867
-2.855541
1.116077
2.158799
2.996780
1.236851
-0.906022
-2.729182
0.681298
-0.919720
2.906870
-3.088072
0.963809
-0.220829
-0.904827
2.327631
2.620158
-1.490966
-3.014620
0.280838
-2.858497
-2.125104
0.000000
-2.617673
1.186627
-0.254368
-2.426501
2.343537
-0.799096
-1.853892
-1.689286
-0.873406
1.570796
1.810539
1.082960
1.752445
-1.286066
2.580906
-0.309703
2.493781
-1.880499
1.692639
0.365747
3.013269
0.684295
2.969402
1.764418
0.998337
-1.723446
-0.576375
-0.615620
-1.107149
-0.136403
-0.042528
-0.554307
1.510868
2.262718
0.017855
0.554307
-2.260596
-2.642246
2.925042
1.791625
-1.570796
0.635027
-2.265535
-2.034444
2.413275
0.994421
2.052460
2.257921
0.562498
-1.471128
-1.300947
0.118490
-2.399645
1.947706
-1.553557
1.394087
-2.395136
2.063282
-0.244979
-3.089915
1.912412
1.729452
1.644735
-1.048962
1.255582
1.469107
1.069783
0.453339
-1.548073
1.756144
1.304544
-1.626295
-0.902507
2.846152
0.139096
-1.670465
-1.425984
0.988891
-2.478863
-2.059649
0.982794
-3.063322
-1.402590
2.537287
-1.434394
1.359703
-0.062419
-1.904741
-2.061960
0.209640
-1.936544
1.236059
-1.152572
-0.934958
0.755104
-0.367174
2.527823
2.407432
2.369181
-1.019141
0.604306
3.141593
-1.609239
1.063698
-0.019605
-2.421039
1.057190
-2.413275
-0.911486
0.606988
0.492486
-2.880990
-1.165905
1.730148
-1.434394
2.476818
-1.720609
-1.692639
-3.033322
2.695487
1.992801
0.971621
-1.955401
-2.548590
-0.114877
-2.529055
-0.809784
2.383965
0.892677
-0.728317
-0.523919
-1.570796
1.772559
-0.950547
0.352990
-0.998337
-0.291457
2.910502
1.154358
-3.052543
-2.819842
1.947287
-1.630724
3.043866
1.634540
1.674589
1.570796
0.361204
1.182478
0.651869
0.472497
-2.015216
-2.082027
2.485897
2.094716
1.473069
2.370278
1.364472
0.084902
1.527345
-0.811034
3.070285
3.120319
-0.955176
1.633215
-1.939492
1.012197
3.024484
-2.164146
-0.744325
0.966491
-0.275806
0.755995
2.940276
0.105984
-2.613518
-1.633215
-1.377174
-2.677945
-0.353997
-1.879727
2.659929
2.277411
0.376909
-2.686492
3.106519
-0.577192
-1.014197
1.016489
-2.287808
-1.321209
1.825164
0.328553
-0.615620
-0.702257
-2.617673
-2.285888
-2.604682
-2.454468
-0.519146
2.164146
1.781890
2.634494
-2.356194
2.449671
2.831890
0.593350
-0.713061
0.540420
1.732171
1.492525
-2.624898
0.481664
1.642104
-2.782822
2.024135
-1.670465
0.062419
-1.336074
-2.538363
-0.812419
-2.000559
1.107149
0.443448
2.083186
2.356194
2.896614
-0.119429
1.772113
1.339706
-2.659929
-0.659310
-1.205049
-1.453688
-2.222665
-1.715609
2.963500
1.289564
-1.963854
2.701750
0.103792
-1.924794
1.134169
1.337053
-1.492525
1.570796
-1.635921
-2.736701
-0.040794
1.359703
-2.976444
2.307054
1.866237
1.726391
1.026516
2.838708
1.970312
-2.714965
2.652740
0.866302
0.605545
0.165149
0.715092
0.501013
-2.620158
0.493941
-3.099065
1.482140
-2.356194
-1.218752
0.065125
1.815775
-0.547562
2.147172
-1.753907
-0.455774
2.287808
2.580906
-0.771315
3.067654
-2.034444
2.432966
2.372586
-2.225367
0.310387
2.131483
-0.225277
2.559240
0.745419
-0.593350
-1.732995
0.083141
1.954966
0.554307
-1.924794
0.770015
-1.732995
-0.356620
-0.785398
-2.970214
0.388319
-1.968424
-1.947706
-0.286051
-0.840897
-3.121595
1.165905
-3.054854
-1.886011
-2.754069
-2.051684
0.036348
0.352990
-0.218669
0.960070
-1.609239
-2.218188
-2.813854
-2.632522
2.518922
-1.206817
2.181522
-0.446842
-0.732815
-0.703614
-3.080444
0.273009
3.076467
-1.611590
-0.840897
-2.490516
2.610819
-2.026868
2.565217
-0.179853
2.169215
-0.702257
0.744325
-1.570796
2.944197
-0.021273
-1.186979
1.869295
-0.193622
-1.961403
-0.472497
-1.592070
2.775845
-1.460139
-2.922924
-0.350314
2.245537
-0.101689
1.752445
0.800322
1.570796
-2.509902
1.138389
2.463884
2.601173
2.799977
-2.140837
2.341703
-0.911486
2.214297
0.554307
-1.236851
0.209640
-1.879727
-0.904827
-2.263131
-1.023234
-2.999696
2.297439
1.209593
-0.562498
-0.158655
0.105984
0.287281
1.989021
2.147989
-0.181649
-0.713061
-2.461071
1.759995
1.455037
1.098674
-1.098299
-1.033886
3.121987
1.940702
-1.321209
2.808348
2.299114
-1.315614
-2.780389
0.435353
-1.249046
1.255181
-3.035608
0.056543
-1.107149
0.376909
2.620158
-2.016902
-2.725528
0.463648
2.498092
2.988943
0.601074
-1.880499
2.547843
0.040794
2.147989
-1.193547
-0.837981
1.787347
2.848004
-0.426627
-0.112728
0.588003
