-1.610775
3.100799
2.564400
1.502720
0.594214
-1.695151
-3.054854
-2.171870
0.728317
1.249046
-2.231839
2.925042
-2.158799
-1.182478
0.289504
2.936197
0.172191
-3.123413
1.019141
-2.713329
-0.785398
-1.256039
1.125495
0.536911
-2.279423
0.717012
-1.593520
-2.969402
-2.850136
-1.990993
-2.906048
-1.215160
1.490966
1.382575
-1.107149
2.547379
0.300920
1.794273
-0.455451
0.995372
-2.142134
-0.710909
-0.189199
2.356194
-1.464812
2.273053
-2.176341
1.991460
-2.142134
1.300947
-2.210566
0.862170
-0.135528
-2.153149
-2.111216
-0.365747
0.610726
-1.825164
-1.298650
-2.966920
-2.449258
2.922924
1.866237
-0.715092
1.721812
-1.932000
-2.175102
-2.713329
2.518393
-1.533776
0.165149
3.101614
2.852089
-1.886011
1.297788
-2.536048
-2.222665
0.982794
-2.276995
-1.784857
0.678119
-1.775438
2.952394
0.278300
0.724866
-1.653938
-0.278300
0.214061
-2.688814
-1.551568
1.917858
0.752077
-1.116494
-2.609869
-2.263131
-1.804540
2.025098
-2.813473
-2.501823
-2.210182
-0.411065
2.137526
-1.448601
-2.252095
1.359703
-1.163165
0.000000
0.940395
1.866237
1.373401
2.963500
1.700499
-1.858078
-1.570796
-1.530003
2.289626
-0.101689
-1.425984
2.667193
2.186416
1.760785
-3.099065
-2.643770
1.009633
-0.830144
-2.416727
-0.859887
0.086738
-0.295441
2.819842
-1.650626
-0.799890
-1.593520
1.835285
-1.185639
2.326791
2.027145
-1.970312
1.570796
-0.453339
-3.075024
0.659310
-0.437791
-2.944197
-2.316216
-2.410196
0.021736
-2.819842
-0.661043
-1.922841
-2.080389
-0.155595
0.904827
0.581905
-0.655696
-0.446842
1.067953
0.581905
-2.191046
0.397628
1.177738
-2.061960
0.605545
2.341270
-2.202487
0.308053
2.100386
2.466852
-2.723368
-1.970312
-1.638873
2.061960
-0.916226
2.283857
2.911688
-1.042722
1.663553
-2.819842
-2.457298
-0.266252
0.268366
1.206817
1.825979
-1.019141
2.089942
1.620755
2.115077
0.657075
-1.756144
-0.594214
2.498092
-0.722979
2.920764
-0.989416
2.291768
0.678119
0.197396
0.463648
-2.571552
0.726642
-0.151015
-1.870572
-0.272146
-3.024484
2.476818
-2.753274
-0.691921
-1.009633
-1.124691
1.833791
-2.198105
-1.099019
2.716760
-0.657075
2.719588
0.262120
1.385448
-1.480136
-0.620249
2.566168
-0.293589
2.273053
2.489724
-2.251318
1.820775
-0.193211
2.632000
2.948381
2.100386
2.075658
1.142532
0.223477
2.016097
0.770474
-0.113151
2.381830
-3.108272
1.614247
-2.866167
2.677945
1.182478
0.328553
-0.206324
-1.088283
-0.737815
-0.384605
1.364472
2.582993
-0.885067
-0.609163
2.761086
2.111216
0.193622
-1.023234
0.041643
1.886011
1.866237
-2.854311
-2.624898
0.511231
0.000000
2.043703
0.847817
0.892134
0.363979
2.122451
-3.120319
1.405648
0.418224
-2.052460
-0.750929
-2.498092
0.799890
-0.240171
-0.220829
-1.606495
-0.802346
0.161837
2.432966
0.019228
-2.963500
0.927295
-1.796073
-0.999459
1.080839
1.673878
2.118359
2.902361
2.659079
-2.356194
-1.023234
0.839400
2.782822
2.498092
-0.244979
2.571552
2.885441
-0.110657
0.828849
2.839974
2.618314
-0.129703
-1.042722
-2.505754
-2.299114
2.340323
2.044648
-2.356194
1.136843
-1.234122
-1.771751
0.947597
2.263131
-0.799890
-2.356194
-1.611590
2.274410
-2.399645
-2.901850
0.129703
1.261866
-1.570796
1.631944
-2.381189
-2.948381
-0.651869
0.193622
0.831519
2.235571
3.061763
1.592532
-1.135443
2.523448
-1.433730
2.275290
-2.589938
-2.003204
-3.043866
1.643837
1.154732
0.025635
-2.398423
-1.315614
-1.411445
-2.685819
0.157769
3.032931
0.519146
-1.402199
-2.408778
-0.424832
1.230414
2.521343
0.063743
2.060754
1.386853
2.484518
-2.936197
-1.441094
-2.687749
0.108271
2.007423
3.141593
-1.451367
3.071938
2.291768
3.099950
2.482283
0.022219
-2.341270
-0.566729
-0.902507
-0.876058
1.570796
1.098299
0.376490
-1.056345
-2.659079
2.231839
2.341270
3.141593
3.037800
0.671144
2.413275
0.864597
2.527823
-1.235158
-0.278300
2.498092
0.878875
0.370891
-1.457645
0.132552
-0.785398
0.630401
0.741947
-1.232918
-2.948381
1.273732
-2.340811
-1.983207
0.544864
-0.363979
-2.848004
1.292497
1.859772
-0.913721
0.722979
1.832916
2.553590
1.300947
-2.325901
1.262744
-2.852089
-1.216799
1.784857
-2.993743
2.372586
-2.733961
2.235571
-2.001935
-2.636302
1.209593
-0.771315
-1.509648
2.754717
-2.601173
1.377585
-0.218669
0.328553
0.576375
-1.369479
1.878849
0.801270
-1.347320
0.108271
0.422854
0.231091
1.858078
2.835714
2.541542
-2.107707
1.059566
-0.068856
-1.394857
-1.295370
2.444202
-1.965587
-2.143256
2.573068
-3.083964
-0.571337
2.474287
-2.153536
2.398423
-1.349968
0.110657
-1.107149
-1.970312
2.785373
-1.856848
-1.331053
0.000000
-1.879727
-0.267910
1.354246
-1.905533
-3.035608
-0.175940
-2.695487
3.026716
1.356736
-0.958259
-1.510868
-3.033322
1.267911
3.067654
-0.770015
2.051684
3.030935
-1.160669
-2.518922
1.906435
2.094716
-0.114877
2.255091
0.885067
2.245537
2.416727
-1.229181
1.432157
0.720971
-1.473069
0.234723
-1.415201
-0.321751
0.442374
1.570796
3.047531
1.118642
-2.395136
-2.953371
2.580906
2.604682
-2.177401
-1.054101
1.915444
2.356194
-1.016489
-1.236851
1.619538
2.940276
0.491164
2.256526
2.308611
2.158799
1.776192
1.532354
1.910089
0.228497
-2.614965
-0.934958
-1.054101
1.019141
2.245537
-2.262133
-2.265535
-0.575425
0.049958
3.141593
-1.860300
2.424581
-2.736701
-2.045196
-0.489957
-0.902507
-1.460139
1.037952
3.071938
-1.499489
-2.424581
-0.896055
-0.958259
1.860300
1.186627
-1.197809
-1.832916
-1.283515
1.869295
2.292988
3.141593
-0.228497
1.256039
2.034444
-1.088283
-0.859887
-0.189988
0.572460
2.718739
-0.837981
-3.099065
-2.227871
2.677945
0.295441
-1.944523
0.599175
-1.362331
-2.939830
1.815775
0.801790
1.653938
-1.096945
-3.121595
2.063282
-1.811331
-2.279423
1.484058
1.448601
1.037952
2.772897
2.098871
-0.049958
-3.101614
-2.304957
3.066264
2.642246
-2.669096
2.516108
2.356194
1.087349
1.345520
-2.833540
2.013171
-1.030377
-1.005647
-1.549966
-1.747505
-2.372066
0.400241
-1.955401
-2.530867
1.997424
0.043451
-2.131483
2.214297
-2.841817
0.000000
-2.576443
-1.275355
1.462526
2.420621
0.588003
-1.494024
1.570796
1.916352
-3.075024
3.068993
-0.703614
-0.800782
-2.677945
-3.043866
1.096945
0.722979
1.965587
2.875341
-2.236766
0.683191
-1.373401
-2.617673
0.266252
3.043866
1.919567
0.223477
2.230106
-0.622671
-1.885554
0.302885
-2.601173
-3.028442
0.453844
-1.849096
0.039979
-0.823355
1.754740
0.000000
-0.714091
-2.846152
-0.481664
1.078311
0.398522
-0.726642
2.493781
0.110657
0.688924
2.622447
0.988057
0.724866
1.570796
1.463106
2.146221
-1.609239
0.798731
2.601173
-0.020405
2.457298
-2.283857
-3.004526
2.340811
1.315614
-2.114629
1.732634
0.694738
-0.341615
0.039979
-0.550386
-2.202487
0.922985
2.140837
1.010109
-1.297788
-1.933943
-0.436627
-1.067953
-0.752077
2.904744
-2.196281
-2.394151
-1.843805
2.498092
3.052937
