1.919567
-1.878849
2.007423
2.927532
1.362331
-2.469629
0.463648
2.955106
-2.191046
-1.532354
0.514451
1.995628
-0.262995
-2.958482
-2.449258
0.853785
0.671144
2.976444
2.839974
-2.825977
3.002497
0.661043
-0.308931
-1.134169
-2.382504
-2.306236
3.035608
1.650626
-2.916316
-0.448145
-0.847817
3.141593
2.034444
-0.147849
-0.970746
-1.331053
1.983207
-0.800322
2.292988
-0.908067
-0.651869
2.796037
1.570796
-2.299114
-2.806856
-2.891614
-0.988443
0.558599
-2.203545
2.325901
-0.615620
-3.054854
2.686873
1.457645
2.289626
0.853785
-1.315614
-2.838708
-1.757283
1.352127
0.293589
0.491164
2.750986
-1.002692
-2.356194
-2.370278
-1.655698
-2.947971
-1.012197
-2.252095
0.201762
-2.610819
-2.837592
2.318238
2.135946
0.752077
2.643770
0.814801
-0.785398
1.269177
-1.886011
0.235545
0.785398
1.550391
-0.627308
2.891614
1.177738
0.043451
-2.538363
-3.039904
-1.533776
1.209593
2.686142
-0.938047
-2.754069
-2.914794
2.196281
-1.144169
-2.327631
0.839400
0.881872
-0.126973
-2.918116
-2.107707
-2.982937
1.590025
1.489344
-2.645170
0.876058
1.989021
-2.291350
1.954966
-0.073939
-0.627308
0.114877
1.800701
0.376909
0.068076
1.653938
2.444202
1.310194
0.550386
-1.212026
0.043451
2.460294
-3.079174
-2.148698
-0.269849
-2.297439
0.234723
-2.695487
-2.925042
2.973386
-1.399417
1.150600
2.782822
0.657075
-0.175940
-0.301619
0.358771
2.451793
1.866237
2.293776
1.316428
-1.690225
-2.341270
1.570796
-0.224235
-0.356620
0.365747
0.491164
1.171281
1.435269
0.864182
-0.552841
-1.033886
-2.421039
2.017639
2.529055
1.051650
-1.076855
1.820775
1.799293
-2.398423
-0.380506
-1.841743
-2.521343
2.043293
1.160669
3.067654
2.677945
2.267818
-2.564400
-2.034444
-0.135528
0.178093
-0.842479
-3.041924
-0.899190
-1.387686
2.764683
-0.934958
2.775845
1.460139
2.558516
-2.627141
-0.743170
-2.316216
-0.939106
-2.422763
0.681298
-2.200830
-2.191046
-1.209593
0.112728
3.014620
2.731465
-1.723446
-0.799890
-3.043866
1.495467
2.426501
0.445301
2.070143
0.657075
-0.969723
-0.551655
0.391700
2.532429
1.098674
-0.847817
-0.264488
-2.543174
2.662073
-1.867861
-1.672485
3.122727
-0.511231
-1.629552
-1.959115
-0.244979
-2.860755
0.402321
-0.772412
2.431054
-0.394791
-2.775845
1.513168
1.971037
-1.431700
-2.437099
-1.174355
0.358771
-2.407432
0.201317
-1.160669
0.214061
2.449258
3.061763
-2.866167
-0.604306
-1.799293
-2.494201
-1.943784
0.770474
0.572460
2.277411
-2.210182
0.079830
0.713061
-0.665969
0.424832
2.782822
-1.973117
0.041643
-0.106736
-2.929161
-0.275426
-2.825977
0.046478
1.249046
-1.190290
1.886767
2.668237
0.713061
-0.697391
2.329174
3.121595
1.460139
-0.548549
2.969402
-1.932000
-1.605870
0.463648
-0.018866
2.498092
0.704494
-1.295370
2.896614
2.506566
-3.030935
2.356194
0.455101
2.916316
1.772559
0.755995
-0.544280
1.683524
0.800782
-0.883672
-1.745469
0.297064
-1.940702
-0.250443
2.944197
0.463648
-2.439336
0.724866
-0.041643
-2.613518
1.730148
2.668686
0.000000
0.899190
-2.226492
-0.938047
-1.012197
-0.249587
0.635838
-2.951604
2.082027
-1.306308
2.920764
-2.328424
-1.467004
1.973117
1.609992
0.724866
3.014620
1.590794
2.024640
0.664774
1.534449
-1.750650
-1.873681
1.772559
0.000000
-1.249046
2.999696
-2.043703
0.128911
-1.150600
2.341703
1.307802
-2.441700
1.425984
0.761013
-2.283857
-2.597312
-1.774814
-1.448954
-1.349968
2.386488
-1.399417
-2.327631
-1.349968
-1.214176
-2.007423
0.813962
2.230106
2.188941
-0.117109
-0.445301
-0.315616
2.642246
-2.188552
-0.175940
-1.905533
1.860300
2.158799
2.408778
1.399417
2.255091
1.842942
-1.922841
2.369527
0.281232
-0.244979
-1.610775
-3.082837
-2.107707
2.016902
-0.239743
1.069783
2.226492
-2.076087
0.588003
1.390943
-2.257921
1.838707
-2.371119
0.540420
0.507099
-0.876058
0.509071
-2.767866
-0.259332
-2.329174
2.929161
0.754158
1.548073
-1.533776
-1.899349
2.295662
-1.236851
2.104505
0.139096
0.745419
0.418224
-0.278300
1.107149
3.024484
-1.663126
-1.019141
-0.916226
-0.422005
3.141593
-2.158799
2.537287
-2.608749
-1.242676
1.872415
1.176005
-0.369906
-1.588652
2.768605
-1.446441
-2.906048
2.798569
-1.193887
-1.142532
-0.908067
2.797374
-1.944523
0.934958
2.074423
0.832981
-2.251318
-0.487836
1.030377
-0.174672
1.631944
2.001935
-1.134169
-0.147849
-2.369527
0.680521
1.732634
2.205823
-1.396124
-0.873406
-0.741947
1.958320
-2.582993
1.402199
2.165010
2.313966
-0.472907
0.923404
-2.498092
-0.416439
-0.214061
-0.437791
0.260602
-2.081285
0.687124
-0.094061
-2.164146
-1.608514
-1.535097
1.392703
-1.380808
-1.173168
0.472907
-2.794531
2.340323
-1.436985
-1.549523
-0.799482
2.221873
2.153873
-2.514284
2.860360
2.909489
-1.860300
-0.630401
-0.037020
1.484058
1.130954
0.473356
1.527345
-1.606495
-0.845930
-0.857735
-1.687905
-1.116952
-1.695151
0.622671
2.871743
-2.181522
3.120319
-1.381597
2.956245
1.261866
-1.492525
2.886410
-2.966920
2.432966
-2.158799
0.931410
-0.550386
2.356194
-1.292497
-2.138901
-1.829049
2.253988
-1.279340
2.089942
2.043703
2.206635
0.588003
1.504228
2.543834
1.315614
2.642246
2.883340
-1.550391
2.473303
-1.729452
-1.570796
0.536911
-1.046877
-3.101614
-2.785373
-0.643501
-3.045734
-1.929567
2.580906
-1.626295
-2.129396
-2.303611
0.845930
2.533791
-1.674589
-0.674741
1.704607
2.176341
1.436985
-0.671606
2.059649
0.101689
1.989021
-2.630362
0.755995
-0.273009
0.724866
-2.174026
-0.445301
1.359703
-1.970312
0.117109
-2.733961
2.341270
0.481664
2.008588
1.116494
-0.225277
2.252095
-2.396173
-1.851634
2.509902
-2.493781
0.136403
1.236059
-1.898916
-1.707199
-2.058633
-0.155595
3.141593
-3.043866
-3.064821
0.533708
-0.154319
-2.819842
-1.005647
-2.439336
-0.708626
-2.505754
-2.537287
1.023234
1.750650
-0.615620
-0.853785
-2.686492
-2.640579
0.144812
-2.979394
-3.022164
1.202100
-2.400941
1.978428
2.054243
0.264488
-2.698144
2.736701
0.988891
-0.523919
0.065125
-2.198105
-1.980924
-1.649067
-1.776192
-1.904741
-2.490516
1.776192
-2.287338
-2.340323
2.882261
-2.721396
-0.054491
-2.384758
-2.385598
0.687124
0.960070
-0.463648
-1.271020
-1.779262
2.025897
0.524796
-1.530818
2.789548
1.267911
3.039904
0.075329
3.068993
2.785373
2.612003
-2.239086
1.339706
1.551191
0.185348
-2.819842
-2.993743
-2.982937
-2.901422
2.514284
-1.063698
2.131483
-1.764418
-1.490966
-2.886410
-2.225367
-1.384309
-0.463648
-1.225241
-0.814801
2.651635
1.172274
2.536048
-2.316216
1.661456
1.078311
-0.547562
0.055499
-0.853785
-2.369892
-0.755995
-1.452306
2.636302
2.916316
1.171281
2.697173
-1.591627
-0.361204
-2.813473
-0.365747
-0.105984
0.000000
-2.806856
-1.633215
2.313966
2.111216
-2.813473
-2.559240
1.936544
-0.671606
0.931410
-2.916316
2.407432
-2.411693
-0.368696
1.218752
0.583077
-0.702257
3.100799
-2.006150
-1.589313
1.742987
-2.999696
-0.799482
