-0.785398
1.955401
-0.441179
0.148890
-1.000756
1.705118
0.169101
0.078271
-2.879473
-2.582993
-1.263751
3.141593
-2.025516
-2.297439
2.414950
-0.172191
0.805003
-2.536048
2.485897
1.919567
1.368475
-1.241747
-1.116494
2.634494
0.197396
-2.176341
0.867183
1.307802
0.862170
2.135946
2.856862
-2.202487
1.943784
-2.015216
-1.756144
-2.383965
-0.201762
1.750650
2.256526
1.674589
-0.963809
1.419781
1.078311
0.491164
2.846152
-2.279423
1.279340
-1.999060
1.451367
-0.172191
-2.064738
0.657075
-1.386853
-1.502720
-0.958259
1.455920
0.864597
-1.176005
1.799293
-2.135946
-1.907471
0.936774
-0.849825
-2.687749
-2.092631
-2.089942
0.582353
-0.197396
-0.785398
2.446854
-0.994421
-2.852089
-2.553590
1.860300
-1.441094
0.800782
-1.768192
2.311448
2.053310
-2.661418
-3.052937
2.034444
-0.691921
-1.107149
0.550386
-1.663553
0.931882
-1.739393
-0.922985
-0.977047
1.127348
-0.124355
2.826835
2.356194
1.725115
-2.181522
1.791625
0.515549
0.688924
3.077849
-1.831399
1.422947
-2.082027
2.342862
-1.833791
-1.310194
-1.069783
1.421906
-1.242676
-0.178093
-0.363979
1.776192
-2.402316
-0.084902
-2.214297
-0.855705
-2.777614
0.598419
2.617673
0.169101
1.206817
-2.559240
-0.495552
-1.726391
0.953041
2.297439
0.927295
1.214577
-1.298650
3.119857
-1.739393
-1.716106
-0.108271
-0.969723
-0.107690
-2.541542
2.067219
-2.668237
-0.684295
0.126973
1.336074
2.775845
-2.071810
-2.044152
1.425984
1.431700
1.772559
-2.489724
-2.076087
-1.898916
-2.748535
0.260602
1.728565
3.141593
1.336074
1.631944
2.992703
-0.328120
-1.742987
-0.817645
0.023252
1.590402
-2.697173
-2.677945
-0.281772
-2.718739
-2.044152
3.119857
1.706324
0.927295
-2.565217
-1.107149
0.588003
-1.810539
-2.196281
-2.493781
-1.325818
0.785398
2.245537
-1.805519
0.685730
1.304544
-2.140837
2.265535
-0.353997
3.009041
-0.328120
-2.794531
-0.308053
-0.115759
-0.037020
-2.806856
-2.622447
-3.064821
0.876058
-2.402316
0.553294
-1.951303
0.970746
-3.098142
-2.746802
2.092631
2.016097
-1.911178
1.490966
-2.498092
1.780436
0.969723
-0.812419
1.729452
2.608749
-1.786881
2.139321
0.753151
-2.827361
2.764683
2.018316
2.614965
0.740652
1.686556
-2.270689
-1.088283
1.912412
-1.408959
-1.852029
2.580906
0.536911
-2.627141
0.135528
-1.065935
-0.250443
0.307046
2.607884
0.151015
-0.909753
0.844154
-1.849096
1.165905
-0.069655
-2.369892
-0.543832
2.612003
1.249046
-2.502679
2.158799
2.095592
0.446106
-1.981861
1.995628
0.147849
2.922924
-2.276995
1.592070
-2.677945
-0.593350
0.372068
1.256039
-0.250443
0.832981
1.042722
3.141593
2.340811
-2.386488
0.561163
2.265535
3.120762
0.475695
2.452668
2.507570
-1.997424
1.570796
2.044152
-2.936197
-2.191046
-1.405648
0.039979
-1.046001
-0.492486
-1.212026
-1.825979
2.170847
-2.026247
2.716760
-1.532354
0.250443
-0.638914
2.129396
-0.110657
-2.819842
-0.699893
2.559688
-2.723368
2.761086
2.449671
0.045423
-0.509071
-0.935770
-0.024995
2.371119
-0.753151
-2.677945
1.368475
2.955106
2.612003
-0.482513
0.321751
2.709185
-3.098142
-2.553590
2.276995
1.829049
-1.699707
2.929161
0.066568
1.482140
0.065125
-1.924794
0.995372
0.638914
-1.480136
1.754740
1.984486
-2.591207
0.229904
-3.019750
2.356194
-2.000559
-0.372988
-3.083964
-2.782822
2.896614
-0.206324
0.372988
-1.728565
-1.335251
0.918927
1.394857
-2.482283
2.957649
-2.871743
1.377585
-1.615212
2.297439
-1.750650
3.017238
-1.462526
0.815692
-0.519146
2.025516
1.962496
-1.860300
0.212432
1.115696
-1.527345
-2.356194
0.647811
-2.198105
1.273732
-0.753151
1.793457
0.412410
-0.870903
-2.233999
1.142532
2.616797
-0.172191
-1.939492
3.017238
1.127348
-1.000756
0.575425
-0.551655
2.848004
-1.386853
2.559240
-2.006150
-1.643837
-3.096169
-0.463648
-3.063322
-1.054101
0.938047
1.220068
0.455451
-1.234122
1.951303
-2.518922
-2.658146
-2.425051
1.969319
-1.797595
-0.225277
2.256526
2.222665
2.198105
0.643501
1.331053
2.961739
-1.449444
-1.004067
-1.862253
-0.976583
-1.525373
-0.321751
-0.341615
2.073640
-2.474287
0.334737
0.083141
2.134113
-2.173084
-3.099950
-0.668289
0.321751
0.716542
-0.671606
-3.054854
-2.034444
2.489724
1.570796
2.259721
-2.860360
0.511231
-1.302886
2.813039
-2.619758
3.010765
2.640579
1.030377
-2.164546
-0.139096
2.013171
-3.098142
2.718739
2.630362
0.069655
-2.650429
0.206324
0.278300
-2.313966
0.000000
-1.356736
1.315614
2.669096
-2.025098
0.307046
2.125104
-0.617191
-2.094716
-2.324955
2.502679
-1.063698
3.058451
1.499489
-1.412141
1.997424
0.554307
-1.612439
-1.532354
-1.840645
-0.341615
2.714965
-2.601173
-3.064821
-2.067219
-2.564400
0.141897
2.252095
-2.727903
-0.321751
0.600050
-1.796073
-0.209640
-0.638914
1.618379
-0.443448
-1.614247
-0.785398
-2.168555
1.815775
0.913721
-2.567288
2.114629
2.736701
-2.922924
-1.825979
1.022247
0.090660
0.135528
-2.120650
-2.446854
-2.518922
1.369479
1.289564
2.677945
-1.825979
3.141593
3.024484
0.025635
0.463648
0.919720
0.424832
-1.435269
0.463648
0.594759
-2.400941
2.614965
-0.708626
1.076855
2.034444
-1.929567
-0.418224
-2.972996
2.739272
0.741947
0.482513
-2.164546
-3.099950
-0.697391
-0.976583
-0.939106
1.706324
1.002272
1.295370
-2.339803
2.158799
-2.323948
-2.714965
-0.129703
2.697173
0.118490
-2.015216
0.293589
0.940395
-2.385598
-2.553590
2.043703
-0.074860
-1.780436
1.023234
1.570796
1.530818
1.728565
-0.121352
-2.613518
-2.733961
2.979755
1.637364
0.635027
-0.079830
1.752445
1.548073
1.528269
-0.239743
1.752965
2.918116
-2.370686
-1.646125
2.473303
2.638749
0.881872
-0.291457
-1.345520
-2.089942
1.157107
0.927295
-0.734161
-0.110657
1.342300
-0.556166
-1.725115
-0.536911
-3.014620
2.886410
1.165905
-1.821239
0.892677
1.097440
0.372068
2.326791
1.235158
-2.616797
-0.554307
1.359703
1.849096
-0.662730
-2.854311
-1.300947
0.570040
2.627987
1.570796
1.369034
-2.070143
-1.695151
2.570255
2.761086
-2.787595
0.815692
3.141593
-2.473303
2.181522
-1.532354
2.174026
1.719686
-2.473303
2.605157
-2.729182
-2.506566
-2.706239
2.252095
1.042722
-0.684295
2.831890
2.406998
2.687749
-0.687124
0.161375
-0.931882
2.324955
1.663126
0.000000
1.325818
-0.179853
-0.745419
0.044415
1.160669
-2.222665
-2.936197
-2.901850
-1.339706
-0.533708
2.341703
1.652248
-1.136843
-2.972996
0.084902
-0.505290
-1.325818
2.466852
-0.604306
0.960070
-0.348771
1.116952
1.955401
-2.299114
-2.056418
-2.463473
-0.572460
0.233743
2.311448
0.849825
2.871743
0.945311
0.353997
-0.281232
1.026964
-1.275355
1.703348
-1.843805
-0.536911
-3.035608
-1.934775
1.380808
-1.549523
1.138389
2.856862
1.451367
-2.594030
-0.483447
-2.158799
-1.364472
-2.765102
2.999696
-1.610775
2.371578
1.801887
-0.473851
2.055274
1.742987
2.666582
-1.921111
2.857799
0.551655
0.185348
-2.501823
0.019228
3.066264
-1.826948
2.780389
2.582993
