2.661418
-0.881872
1.537475
0.404892
0.616297
0.785398
-2.199593
2.745511
-0.455774
0.214815
0.463648
-0.946161
-0.252554
1.774814
2.302193
-0.682317
-1.410883
1.760785
-0.110657
0.519146
1.446441
-0.952652
-1.882838
2.180255
-0.583077
-1.232473
-1.774814
2.800614
1.500736
-0.856706
-3.045119
0.914095
-1.902856
-0.845566
0.103082
-1.265804
2.292988
-1.730709
-3.004526
-1.325818
-2.873682
-0.630034
-2.356194
2.487957
-0.374334
-0.876058
2.236766
1.279340
-0.096474
1.810967
1.933341
-0.103082
-2.403778
-2.368242
-2.536048
2.700000
-0.300920
-0.903888
1.931633
-0.987161
-2.732155
1.269876
2.937575
0.039196
-2.267818
1.503103
0.873775
0.370891
-1.902856
3.075024
0.165149
-2.723368
-2.664247
-1.837048
1.881184
0.103082
-1.933341
1.042722
-1.209960
2.294544
2.629203
0.987161
-2.456975
-0.365747
0.633633
-2.141180
0.582739
-2.637427
-2.549622
-1.107149
-0.917160
2.981680
0.288055
2.400610
2.804137
1.985303
0.569313
3.075024
-1.800028
1.902856
-0.620249
1.815775
-1.919567
1.735945
2.976444
2.484891
-2.598115
-2.912361
-0.075329
2.836600
0.759088
0.738920
0.358771
-2.642246
-0.347386
-2.776858
0.260602
1.685673
2.284887
1.712693
1.510264
2.286540
2.253988
-0.380506
-1.828120
-1.474323
0.876058
-1.673878
-2.692869
0.236245
2.533268
3.112189
-2.164146
-0.920375
1.913820
2.440333
-0.962994
-1.152572
-2.618314
-2.145101
-1.438245
2.356194
-1.394087
-0.373727
-0.809203
1.504228
1.439481
-2.859038
-3.009041
2.661418
1.945130
-0.898549
0.944535
2.534988
3.004526
-0.573441
-2.825307
-2.425849
-1.506369
1.477320
2.210884
-0.094061
-0.370891
0.000000
-1.570796
1.679458
0.252554
2.410196
-1.846602
-2.469629
-0.761593
-2.539305
1.707863
0.531724
1.537475
-0.958894
-0.904827
-1.269876
1.768192
-1.667270
1.423718
2.529440
-1.236851
-1.318242
3.112189
-2.153873
-2.830594
2.789548
0.197396
-2.129396
0.411456
2.269989
-0.183111
0.204018
-2.020556
-0.540420
0.211093
2.214297
-1.985871
0.064427
1.975688
-0.677708
0.583077
1.174715
3.009041
0.411456
-2.670426
-0.810393
-2.774419
-0.701260
0.106736
-2.250705
2.332943
0.635838
-2.464206
-2.088084
1.082960
-2.237705
-0.964191
-1.139658
-0.862170
-1.442473
2.950408
3.075024
-0.193959
-2.926235
-0.392340
-2.400610
-2.732685
-2.504522
0.455774
1.747505
-1.675673
-1.516305
2.481964
0.315970
-2.929161
-2.694073
-0.269167
-0.377249
0.685730
2.773244
-2.367959
1.065506
0.278300
1.230414
2.896614
2.592218
2.421039
-0.797162
3.124051
-2.841817
2.598115
-2.217844
-2.140110
2.620158
0.000000
-2.553590
-0.170735
-2.111216
-0.923749
-0.035699
0.404892
0.147078
2.203545
0.418224
2.343849
3.141593
2.200830
1.208252
2.237705
-2.498092
1.951303
-2.548895
-0.418224
-0.773634
1.570796
3.081061
-3.036716
-2.819842
-1.027607
1.807645
0.756835
-3.038511
-2.477546
2.406153
-0.400241
-0.106736
1.006713
-2.579671
2.356194
-2.081285
-0.592427
1.570796
1.789465
-1.115345
-0.366057
-2.480549
-0.288055
-2.544932
-2.594804
-2.637966
-2.889038
-0.165149
1.455920
1.742175
2.131156
0.551655
2.508844
1.963136
-2.999696
0.390607
0.536911
1.359703
-1.394087
-1.839964
-2.767259
0.128323
-0.274167
-1.716809
0.772741
-1.987499
-0.816967
2.207305
-2.521343
-1.712693
-2.425849
0.569313
-1.269876
2.919511
2.043293
0.931027
0.880350
-1.570796
-2.334921
0.327098
-1.703348
3.141593
0.797162
-0.659629
0.785398
-0.463648
-1.325818
0.515073
-1.379612
2.685521
1.944523
2.944197
1.474323
-2.904744
-0.630034
-1.122073
0.147078
-2.120171
-0.418224
-0.176709
1.138389
2.323948
0.370891
-1.540503
-0.035699
-2.306236
-0.236849
-1.152572
-1.626295
-0.864182
-3.038511
2.904744
-2.905347
0.534395
2.797374
0.455774
0.170735
1.165905
-1.626295
-0.439843
-2.685244
2.369181
2.390664
2.207305
-2.786887
2.016902
3.045119
0.387524
1.147127
-1.229817
-0.159913
1.121037
-0.315616
-1.687905
2.646459
1.797595
-2.451146
1.533776
1.902856
0.973038
1.231504
0.064427
-2.706922
-1.196463
2.725154
2.286540
2.795457
2.709185
-2.454775
-0.200954
-3.038511
-1.695151
-0.798384
-3.050933
-1.301629
2.889038
-0.898833
-0.869536
0.517032
2.976444
-0.384605
2.334459
2.797374
0.165149
1.537475
-1.664273
-2.838708
-0.304001
-2.513963
-0.282555
-0.705111
1.703348
3.079174
-1.136126
0.654571
-1.540503
-0.880350
2.790148
-2.393215
-1.219352
-2.744513
1.975688
0.525584
-2.870646
0.073939
-0.848605
0.433581
-1.570796
-0.110657
2.379446
2.933127
-1.203622
1.673878
-0.685730
-1.538549
2.284887
-0.305879
2.863293
-1.699120
2.720173
0.495133
-0.236849
-0.856706
0.327400
0.618144
-1.183273
-0.987423
0.868539
-2.498092
-1.183921
-2.797374
-1.301629
0.400241
-1.379612
2.201876
2.019520
-1.019141
2.494545
-1.795031
-0.510488
-2.158799
3.141593
0.036348
2.148698
2.125792
1.948045
2.414950
2.105192
-0.262995
0.037020
-2.863293
3.077166
-0.278300
0.722191
-3.109346
-1.539556
1.695151
-0.993604
-0.560360
2.987648
2.967921
2.494545
1.387686
-0.646758
-0.071307
1.642104
-2.297439
-1.355981
-2.237705
-3.049263
1.973451
1.333948
1.717875
-2.851746
1.677532
-1.989021
3.109346
-0.588003
0.448723
-2.194819
-1.494024
-2.480549
-0.923749
-0.873775
-2.624561
-1.667270
-0.601455
-0.796892
2.581233
0.343024
1.438245
1.815775
-1.851634
2.779048
-0.726642
1.635223
0.000000
2.286540
1.625288
2.231839
-2.900746
1.352127
2.010639
-2.100043
1.957672
2.079526
-0.500668
-2.646459
1.922241
-1.423718
2.558220
-1.664273
2.059649
2.242759
2.084049
2.269989
1.963136
-0.354706
-2.792822
-2.570255
2.003204
2.455863
-2.956245
0.798056
0.298499
-1.414194
-0.583373
-1.667270
2.944197
1.249046
-2.393215
0.197396
1.533776
0.078271
-0.463648
-2.614649
2.195432
1.310194
-0.845566
3.075024
-1.259798
1.717875
-2.494834
-1.325818
1.399417
-1.462135
1.412141
-1.904041
0.269167
-1.518213
-2.562518
-1.508378
-0.708626
-0.669043
-1.990993
1.533776
-2.388441
1.712693
2.258941
0.447520
0.750119
1.405648
-0.141897
1.504228
2.094075
-0.463648
-2.979394
-0.901157
0.137066
-2.512796
-0.785398
0.597177
1.062067
3.111299
-2.277704
-1.774814
-0.374334
-0.643501
0.552841
0.078271
-2.149871
-2.749253
1.862253
1.605265
-1.341564
-2.475623
-2.461071
-1.683947
-1.196463
-0.404892
-2.770701
-0.896055
-2.442933
-0.197396
-2.281335
-2.505084
-2.101012
0.132552
-1.921111
2.764344
3.141593
0.785398
-0.521138
2.557722
-0.037020
-1.330625
-1.355981
2.850136
-0.699193
-3.004526
2.081285
-2.754717
1.141034
1.673878
2.990577
1.892547
-1.333948
-2.723368
2.995580
1.084764
-0.406971
1.570796
-1.917858
-1.338692
-2.429235
0.404892
-1.703348
3.041924
1.428899
1.284745
3.034857
-0.528074
1.604117
2.919511
-0.583373
0.211093
2.525296
-2.320915
-2.840672
-0.572460
2.709185
1.190290
2.540138
0.110657
1.968424
1.237552
-1.786154
-0.300920
1.419421
-0.211093
-0.987161
0.829813
2.723368
1.415201
