-0.453844
2.265535
-1.295370
1.281821
1.373401
-0.569313
-1.468590
1.451367
-1.892547
-0.844154
-2.997151
-0.988443
-0.132552
1.815775
-0.799890
-1.732171
0.235545
-0.805803
-1.867861
-0.058756
1.339706
-2.289626
-1.096396
1.729452
1.862253
-1.060308
0.785398
0.197396
-2.677945
0.571337
0.394791
-1.002272
-2.356194
-1.759995
1.398606
-3.122727
-2.694750
-0.372988
2.956245
2.677945
2.107707
2.886410
1.667270
0.244979
0.121352
-0.657075
0.061148
1.165905
0.058756
-2.642246
2.089942
-1.458069
1.030377
-2.034444
2.944197
-0.570040
-0.554307
0.124355
-2.034444
1.550391
-1.292497
1.757776
0.511231
-0.579074
0.244979
0.991722
-0.463648
-1.116077
-2.505754
-0.345556
0.426627
2.950954
-2.389515
-2.811295
1.402199
2.034444
1.906435
0.083141
2.761086
0.737815
-2.089942
-2.819842
0.523278
1.605265
-0.834539
-1.071450
1.973117
1.967876
2.807648
-3.100799
-0.394791
-0.631691
0.348771
0.815692
-1.610775
1.825979
-1.275355
-2.958482
-1.652248
-2.265535
-1.905533
-2.016097
-2.179960
2.742077
0.480887
-0.517032
1.604117
2.428532
2.739272
-0.393058
2.356194
3.141593
2.792822
3.064821
-1.943784
-2.792822
1.469107
2.731465
-1.570796
2.417343
-0.229232
-1.983207
-2.702733
2.223643
3.089010
-0.321751
-2.356194
2.257921
-1.616220
-1.880499
2.165010
-0.249587
-1.408959
1.611590
1.494024
0.438337
0.000000
0.982794
-0.348771
-0.741947
0.620249
0.000000
-0.720971
-2.571552
-2.061960
2.627141
2.356194
-2.792822
0.396441
-2.772897
0.119429
-2.459276
0.635027
1.795507
2.739272
0.372068
2.588751
-0.472907
2.034444
0.226799
0.505290
-0.873775
2.768605
-0.799890
0.896055
-1.570796
0.333244
-0.041643
0.052583
0.839400
-2.863293
-0.438337
0.463648
-2.586099
3.141593
-0.994421
0.927295
0.193211
-0.192701
-0.785398
-0.998337
-1.348135
0.062419
-3.017238
1.490966
-1.415800
-2.214297
0.218669
-2.896614
-0.563316
0.799482
0.966491
-2.694750
-2.081285
-0.832981
1.611590
0.699893
2.996780
-2.044152
0.113792
-2.199593
1.492525
1.201463
2.356194
-2.279423
0.800322
1.607816
2.007423
2.622447
-1.080839
0.152649
0.328120
0.226799
-2.661418
-0.885067
-1.295370
-2.582993
-1.381597
-0.647811
-3.120762
-2.222665
-2.677945
2.570255
-1.065506
-0.472907
-0.726642
-1.690225
1.390943
-0.982794
-0.154997
-2.488746
-0.256151
-2.060754
1.152572
1.194306
2.699218
-0.885067
2.410196
-0.529590
-3.007782
0.906022
-2.647651
1.289959
-2.287808
2.963996
-2.238102
2.916881
-0.229232
-1.325818
2.925508
0.390607
2.750986
-2.020556
-1.019141
-0.922464
-1.989021
0.361204
0.472907
0.393058
2.143256
0.454719
-2.343849
1.415201
-1.644735
-0.328120
-1.160669
-2.034444
1.570796
-1.951303
-2.356194
-2.591207
-2.729182
-3.075024
1.176005
-1.209067
2.792822
2.569133
-1.390943
-1.929567
0.029403
-2.315122
2.239086
-2.709185
-2.442400
-3.045734
0.351445
-0.558599
0.234723
-1.071450
-0.955176
-0.022723
0.785398
0.315616
2.736701
-3.107124
2.049149
1.190290
-0.739277
-1.133005
0.287281
-1.280950
-0.855705
-2.017639
-2.034444
1.107149
1.496857
-1.951303
0.855053
0.588003
-3.104573
-0.215358
-0.933248
1.801887
0.728317
2.746802
-1.735945
1.438245
1.626295
-2.843094
-0.694738
-0.496423
0.244979
-3.022164
2.553590
2.111216
0.353997
-0.853785
1.589662
-1.455920
2.268187
-2.536048
1.317122
1.614247
-2.251318
0.726642
-0.785398
2.790148
-1.510264
-1.970312
-1.079633
2.601173
-1.165905
1.551191
2.483704
0.183943
1.037952
3.141593
1.925502
2.826378
2.532429
0.610726
0.124355
-1.325818
-0.463648
2.506566
-0.867183
1.255582
-1.116494
0.418224
1.742987
-2.896614
2.308611
0.614663
-2.428532
-1.174355
-2.553590
-0.659629
2.498092
-0.813169
0.582739
1.063698
-0.258771
-1.325818
-3.122364
-0.942000
-0.165149
0.526066
-1.919567
-1.529154
-0.356220
-1.249046
-2.257921
-0.480887
2.979755
-1.544487
-1.871717
0.086738
-1.381597
-2.060754
-0.529590
2.767259
-0.588003
-1.717875
3.079174
2.129396
2.097424
0.785398
-1.785612
-2.629203
2.498092
0.234723
2.422763
0.389317
-2.916881
1.764008
-0.702257
0.380506
2.686873
-1.797595
-2.026247
-1.550799
-1.083897
0.334737
1.801887
-1.650626
0.354706
-2.429235
-0.365747
-2.248505
-0.851966
-1.757283
-1.869295
-1.216799
-1.718646
-1.152572
2.050316
-0.496423
-2.704965
1.936544
0.588003
2.111216
0.671144
-1.742175
-1.420984
0.147849
-1.325818
-2.300696
2.330559
1.628425
1.742987
2.802300
1.886412
-0.766532
-2.419401
-2.098871
1.610775
0.728855
-0.024385
0.321751
-0.961633
0.674741
-1.203622
-0.157769
-2.677945
1.650626
1.079633
-0.955176
0.438859
-2.230106
-1.750650
0.244979
0.321751
-2.443690
-2.667741
1.892547
2.085248
3.141593
-0.129703
-2.299114
1.815775
-2.944197
-2.034444
0.086738
-0.620249
2.613518
1.742175
2.642246
-2.934096
-0.097727
2.994514
2.209116
-2.104505
-2.422763
0.667306
-1.414194
-2.963500
-0.650421
3.019750
-1.082960
-0.680521
-1.690225
-0.615620
-1.570796
2.990577
-2.914794
-1.723446
1.080839
-1.196463
-1.570796
-0.717012
2.855541
-0.770906
-2.245537
0.945311
-3.050933
-1.996001
1.780436
0.785398
-2.339247
1.878849
-1.735945
-1.880499
-2.754069
-1.951303
-2.100386
-1.513168
1.405648
2.884269
-1.190290
-0.449760
2.806856
-1.787347
1.283515
-2.866167
-0.528074
-1.418147
3.113029
-1.176005
1.983207
-0.915101
0.372988
-2.850136
-0.519146
-0.883125
0.499347
-1.663126
0.881872
2.521343
-0.463648
-0.977047
-1.709892
1.176005
-0.519146
-1.396124
-0.785398
0.655696
-0.463648
-0.344647
0.040794
-3.103875
0.018516
-0.346539
2.270689
-0.729900
-0.083141
-0.137066
2.446854
-1.256039
1.975688
1.194306
-1.416478
-1.712693
-0.249979
-0.197396
2.231839
-0.491164
2.530867
3.038511
-1.787347
0.076772
0.274910
2.659079
-1.721812
2.873682
-2.050971
2.072400
1.532354
0.962107
-1.184914
1.197809
-0.205395
-0.687124
-2.313966
0.435353
-1.373401
-2.221218
0.588003
1.292497
0.220829
-0.755995
-1.929567
-0.075329
-2.582993
0.358771
2.399645
-3.026716
-2.186416
1.504228
-0.934288
-1.570796
-2.896614
-0.965252
2.976444
3.010277
-1.820048
2.484518
-3.083964
1.033886
-0.415492
-0.904827
3.141593
2.695487
1.273732
-1.570796
-2.668686
3.141593
-0.205395
2.792822
-1.623379
-1.642104
1.975688
-0.946773
3.141593
-2.548243
-1.270625
-2.537287
1.405648
1.530818
0.918927
-1.975688
-0.982794
2.892006
2.619758
2.850136
-0.702257
1.026516
-0.404892
-2.863293
-1.311465
1.097890
-1.661456
3.058451
0.493941
-0.665969
0.643501
-2.437979
1.549061
1.197809
-1.107149
-2.922924
-2.819842
2.526930
2.704965
2.892006
-2.422763
-1.249046
-0.840897
-1.163165
1.843805
2.809533
-2.427502
-2.289626
0.097727
1.319106
0.902507
-0.472907
2.567288
-2.871743
2.283154
-0.724250
0.192048
-1.980924
-0.599175
1.590402
1.165905
-1.201463
-0.868539
-2.886410
1.345520
0.442374
-0.079830
3.117207
2.310073
2.356194
-2.516108
2.252095
0.000000
-0.594214
-1.922241
-1.355439
