-0.080287
0.452020
-0.640294
2.926673
-1.575910
-0.817875
0.377835
0.161934
0.570906
-0.432147
0.138617
0.331504
-0.547317
1.515698
1.191298
1.012369
1.215801
-0.713456
-0.655826
0.915293
0.474867
-0.140867
-0.247546
-1.644270
-0.612750
1.179926
1.449170
0.542654
-0.221191
-0.210712
1.638787
1.359873
-0.991600
-1.666817
-0.399438
2.580502
-1.802431
-0.670217
0.203846
-0.079455
-0.976244
-0.344919
-0.611595
-0.808727
1.178549
-0.294764
1.190536
1.556661
-0.812652
-0.521140
0.018057
-1.589945
1.634220
1.376607
0.356593
-0.564794
-0.862691
-0.278693
-1.797011
0.295290
-0.285201
-0.810480
-0.877249
0.053664
0.149546
-0.382251
0.298589
0.505930
-3.186613
0.370914
0.514499
-0.357351
0.257665
-1.543451
-1.116243
0.419380
-0.113299
-0.361128
-0.166632
0.110429
-0.398120
-0.436125
1.382017
-0.122828
-0.228075
1.358055
0.403452
1.244873
0.167728
-1.623851
1.135857
-2.054927
-1.007846
-0.654279
1.386856
1.260515
-2.171004
-0.414906
-0.581136
-0.471300
2.166441
-0.553775
-0.447502
0.060247
-0.153640
-0.280308
-0.791522
0.502340
-0.035660
-0.660584
1.677561
-0.494552
-1.360773
-0.643418
0.495538
-1.714988
0.380858
-0.247496
-1.770989
-0.308232
-0.744400
0.100898
1.191291
0.154004
0.373800
-0.818983
0.090185
-0.419052
-0.499485
1.615928
0.090495
-0.754764
-0.264138
-0.040853
-1.115899
-1.393658
1.723543
-0.550901
0.210732
0.231209
-0.849454
-0.349411
-0.570197
0.181020
-0.287083
-1.940163
0.404257
-0.134029
-1.820068
0.169474
-0.488589
-0.255883
0.389482
0.960911
-0.329978
-0.074449
-0.265444
0.462620
-0.417801
1.190408
-0.899693
0.344538
-1.794749
0.309850
-0.348940
0.410285
1.265214
0.309911
1.132604
-0.203372
-0.350239
0.881839
0.032160
-0.595605
-0.256239
-0.632193
-1.694843
0.322849
0.513490
-0.264284
0.344506
-0.497549
-0.682427
0.252601
0.151152
-0.230486
1.325702
1.495387
-1.684433
1.502847
0.118835
1.356437
1.497078
0.133531
0.266274
-2.049772
-0.333104
-1.047385
-0.629325
-0.314620
-0.595924
-0.621790
0.754016
-0.715202
-0.676402
-1.728105
-0.863701
2.373140
0.341322
0.397201
-0.673086
0.397326
-0.267294
0.005259
1.336875
1.640795
1.526271
0.516646
-0.170920
-0.316037
-1.652050
-0.589410
0.985569
-0.184371
-2.197849
1.699826
-0.580808
-0.119169
0.283834
-1.828713
0.246536
-1.729992
1.248051
-1.547298
1.313545
-0.365858
-0.543590
-0.428582
-1.618699
-0.757372
-0.194533
0.491410
-0.558756
-0.040494
1.167739
0.192494
0.511221
-0.226291
0.480288
0.198340
-0.266318
-0.556376
-0.703260
-2.087111
-2.133958
0.354918
-0.624612
-0.983289
0.531020
-0.410969
-0.263669
-0.755292
0.086588
-0.723225
-0.805688
-0.207686
0.148402
2.619530
1.142514
0.468636
-0.275644
-0.260144
-0.571314
0.058872
-0.263551
-1.540725
-0.607491
0.362981
0.380645
-0.403836
-0.761321
1.185035
-0.774103
-1.676247
-0.680063
1.188879
0.957653
0.397170
-0.432806
0.477837
1.441649
-0.595759
-0.558009
0.304345
0.068797
-0.985266
0.282075
1.124550
0.350689
-0.280898
-1.584131
-1.565221
-0.109581
0.435120
0.351357
1.319976
-0.185525
-1.755709
1.141348
0.442891
-0.521960
-0.536398
0.938987
0.647365
-2.152494
-0.844742
0.133101
0.083945
-0.543074
-0.501360
-0.167397
1.205130
0.141779
0.179590
-0.868138
-1.576461
-0.558602
-0.419483
-0.491788
1.430433
-0.671177
0.389585
1.237863
0.472111
1.171335
-0.605239
-0.635383
0.103319
0.438984
-1.583612
-0.641353
1.184161
1.260280
0.416766
-0.584722
0.224484
-0.192606
-0.365047
-0.191597
-0.176881
-0.175357
0.338999
1.451817
0.126621
-0.074010
-0.672653
-0.661982
-1.806688
1.221343
0.225447
-0.820418
0.150989
2.812501
0.517636
-0.431314
0.122734
-0.437001
0.483201
0.293383
-0.745257
0.183594
-0.409075
-0.093530
0.451061
-0.606976
1.048337
1.417103
-2.118313
-0.072065
-0.474633
1.947844
1.066014
-0.698876
-0.350918
-0.162174
0.030487
1.130905
-0.646648
0.051718
-1.303647
-1.098885
1.683644
-0.895816
-0.517053
0.428967
-0.665875
-0.301052
-0.910075
0.360358
-0.765500
-0.212687
-0.467660
-0.300785
0.301035
-0.188479
-0.234533
0.335128
1.434927
-1.569187
-0.644624
0.187130
0.266934
1.100302
-0.127920
0.197022
-0.993577
-0.578918
0.152593
-0.611965
1.193085
-0.181210
0.193583
1.412106
-0.409058
1.423753
1.271793
0.331203
-0.659251
2.623720
-0.372646
-1.572349
-1.656668
0.530650
-0.666453
-1.190980
-0.691749
-1.210275
-0.174513
0.646949
-1.225426
0.293679
-0.793921
-0.554108
-0.728537
1.269656
-0.442000
0.358688
-0.694702
0.138494
-0.193164
-1.008123
0.552367
-0.582043
-0.590282
0.341153
-0.319676
-1.334659
-0.243618
-0.393650
-0.515671
1.174602
0.054392
-0.108635
-0.983918
-0.132762
-0.577238
-0.413075
1.153132
-0.622345
0.441264
1.486840
-0.243702
1.688115
0.206367
0.928473
1.413266
-0.307859
-0.600632
-0.005542
-0.337107
1.149838
-0.695774
-0.470099
-0.348289
0.332376
1.201365
0.267958
1.028710
0.403046
0.396005
1.465835
0.402361
0.543249
-2.003576
-0.376809
-1.641516
0.046866
-2.149251
-0.239342
1.288998
-1.562371
-0.661913
-0.790413
-0.568135
2.905798
-0.681904
-0.146734
-0.172190
-1.721021
1.191272
-0.179964
1.164151
1.226535
-1.855786
-0.037046
-0.923400
-0.201528
0.049141
0.472722
-1.708598
-0.750036
-2.036486
-1.589898
0.437423
3.014627
0.062491
-0.400595
0.428107
0.507359
-0.342854
-0.085591
-0.749020
-0.726352
-0.585112
0.446316
-0.321980
2.559334
-0.487924
1.066465
-1.810564
0.371278
-1.739705
-0.148855
0.383112
-0.259251
-0.278393
-1.660483
-0.613562
-0.522569
1.299534
-0.093990
-1.523509
-0.322195
-1.727963
0.224192
0.137439
-0.477077
-0.527164
0.447209
0.302995
0.250261
-0.299743
0.671356
-1.683398
0.479484
0.966567
-0.244455
-0.487039
-0.182846
-0.516508
1.355906
0.340450
0.386370
1.201493
2.834390
0.048885
-0.417059
-0.483652
0.926869
-0.378985
1.624350
-0.667498
-0.625395
0.995851
1.526238
-0.713357
-0.352045
1.039244
1.365872
1.558100
-1.672010
0.428539
-0.417613
-0.304212
-0.315501
-3.195487
0.026378
-0.112989
-0.340985
-2.485529
-0.260825
1.534705
0.019723
-1.565675
-0.350862
0.100659
1.217921
2.331148
-0.392792
0.382267
0.307717
0.289061
-0.294106
1.343801
-0.253590
-0.433697
1.731622
-1.069591
-0.797462
0.414180
-0.153537
-1.994443
0.568006
-0.242780
-0.604723
1.068342
-0.110037
-0.662755
0.166178
-0.075358
0.287417
-1.873783
-0.178615
0.381269
-0.572729
-1.772192
-0.505379
0.365490
0.291831
0.191314
-0.736049
0.025177
-0.310019
-0.845716
-0.583073
-0.436065
0.173638
-1.235428
-1.884010
0.349827
0.442988
2.498127
-0.516852
-0.368876
0.062498
-0.600763
0.246369
-0.176167
-1.444102
1.319964
-0.661242
0.214480
-0.477494
1.278215
1.666555
-0.776174
-0.156869
0.194979
1.043392
-0.123483
0.385518
0.438374
0.333874
1.501778
-0.045639
1.352149
0.962772
0.306416
-0.262020
0.155576
0.246600
0.412786
-0.390536
1.532530
-0.797650
0.469371
-0.700123
-0.793303
-0.868210
-0.150554
