0.305168
0.553407
0.325904
0.468429
0.192235
-0.657617
-0.138856
0.465395
-0.486116
-1.708843
-0.102520
0.206939
1.006961
-1.823322
-0.641181
1.309404
-0.081961
0.437758
0.405434
-0.620004
0.513469
1.157197
-0.214941
-0.399506
-0.624466
-0.587503
0.490537
0.172006
-0.660912
-0.203131
-0.336709
0.523032
1.514084
-0.258904
-0.438363
-0.396326
0.198792
-0.351969
0.479331
0.692720
-0.300200
0.437981
0.130462
-0.556601
-0.612507
-0.935872
-0.298399
1.143679
-0.585455
0.334166
-0.226029
-1.875345
0.443710
1.335094
0.249807
1.208645
-0.358089
-2.073308
-1.783456
1.359999
-0.011507
0.015834
0.502686
-0.377971
-0.675835
-0.653696
-0.537639
-0.675875
-0.475878
-0.616071
-0.109753
-0.636178
-2.191673
0.308178
0.341054
1.174397
0.319314
1.244958
-0.414857
0.060884
-1.774214
-0.053562
-0.032423
0.141439
-0.374966
0.476571
1.350645
-0.043767
-0.687739
-0.907102
-0.565881
1.355991
0.419165
-1.588937
-0.742269
-0.750535
0.264893
-0.403229
-0.686233
1.339107
-0.033099
-0.208041
0.489997
-0.555655
-0.658875
0.144667
0.155031
0.484104
1.181139
1.442492
-0.620897
1.506861
-0.237821
-0.327553
-0.129435
0.176252
-0.065169
-0.004055
1.379059
0.352656
0.153527
1.200466
-1.563744
-0.117446
0.344094
-1.807573
-0.607287
-0.094121
-0.567969
-0.016459
0.494470
-0.832690
0.535377
-1.711360
1.323863
0.456777
1.117280
-0.179064
-0.223200
0.021054
0.438647
0.316502
1.469908
1.323904
-0.460408
-0.770614
0.180793
-0.174515
-0.115367
1.100904
-0.115476
1.323834
0.130011
1.252980
-0.492454
-0.400561
-0.720494
1.410406
0.363357
1.288900
-0.393917
1.387850
0.247463
-0.566341
-0.176448
-0.469449
-0.613014
1.355888
1.265944
0.515959
0.372011
0.340583
-0.656687
-0.612783
-0.193727
-0.263153
-0.339480
-1.879377
-0.392471
-1.637116
0.498163
0.863175
0.444888
0.045366
0.332067
-0.626366
-0.280566
-0.570379
-0.368213
-0.635768
1.142378
-0.648642
-0.593733
-0.532793
-0.090176
0.464655
0.452035
-0.431963
-0.424252
-0.608298
1.253385
0.410832
1.129923
1.410932
-0.103595
-0.303109
-0.300805
-0.093303
0.325733
1.310940
-0.284318
-0.374109
-0.698815
0.378134
-0.523666
-0.476023
0.494611
-0.319999
-0.491997
-0.648724
-0.130227
1.447255
-0.081910
-0.343265
0.032408
-0.268226
-0.675200
0.113218
1.553597
-1.698284
-0.547882
-0.410216
-0.119572
-0.488476
-0.154696
-0.392521
1.073662
0.210487
0.529698
-0.454050
-0.261159
-0.475476
-0.673766
-0.460427
1.228291
0.002850
0.344407
-0.479680
0.889046
1.214782
-0.356800
-0.132450
0.380149
-0.588096
1.147519
0.993492
-0.943808
-0.171888
-0.662919
-0.260938
1.246365
-0.334075
-0.991165
0.401357
-0.098387
-0.357916
0.447574
-1.821528
0.186925
-0.288120
0.467476
-0.594124
-0.463496
1.098872
-0.161796
0.372862
0.047703
-0.467315
0.427010
0.350846
1.692654
0.350952
-0.060751
0.475282
0.290372
1.172967
-0.241712
0.302169
0.040962
-0.317068
-0.371246
-0.075051
-0.688275
-0.172659
0.433002
1.127063
-0.648309
1.294218
-0.173861
-0.601045
0.228516
0.478917
-0.105957
-0.056214
-0.533091
-1.503543
-0.431245
-0.213358
1.153415
1.721253
0.287280
-1.682611
0.524047
-0.666993
-0.447739
1.470539
0.082221
1.282633
0.378386
1.434945
0.190286
1.262562
-1.041154
-1.727786
-0.531481
0.110765
1.006035
-0.395502
0.568506
-0.579302
1.129555
-0.389490
0.345132
1.364075
-0.582378
0.178072
-0.077482
-0.593950
-0.683127
-0.436913
-1.748534
-0.485578
0.414874
-1.610210
-0.628381
-1.662396
-1.616038
-0.541179
1.238299
0.306739
0.404501
-0.188790
-0.203975
-0.155681
0.370324
-0.584360
-0.134762
-0.580709
0.327274
0.283818
0.316311
-0.133230
0.291193
0.188823
-0.458644
0.403033
-0.053727
-0.222134
-0.531568
0.480886
-0.637032
0.177429
0.988667
0.053984
0.332685
-0.560836
1.191200
1.313659
-0.634308
1.399989
-0.649650
1.110264
-0.062127
-0.371998
-0.169426
0.510776
-0.247418
-0.533122
0.445353
-0.054613
0.146654
-0.541704
-0.582455
0.249552
-0.331497
0.400282
-0.105060
1.224497
1.192304
-0.165884
0.020263
0.438308
-1.767899
-0.375929
-0.421609
-0.281876
-1.839287
-0.488946
0.402285
-0.754039
-1.628440
1.353177
1.371811
-0.156665
-0.458638
0.567339
-1.661307
-2.061480
0.426953
-1.600813
-0.377201
-0.302578
0.489940
-0.556450
-0.001179
1.573871
0.017344
-0.620486
-0.392944
1.332858
-0.165036
0.167873
0.196187
-1.658628
-0.161702
-0.652284
-0.064156
0.202301
0.376879
-1.627570
-0.366719
-0.287358
1.510547
-0.649854
1.271703
0.451655
0.252114
1.002595
1.290837
-0.698282
-0.257713
-0.202681
-0.236452
-0.096431
-0.617308
0.027535
-0.124898
-0.583277
-0.527693
-1.930915
1.335990
-1.692881
-1.617534
0.041882
0.548142
0.369020
-1.721056
-1.742475
-0.381997
0.369787
1.499835
-0.708948
0.417728
0.527551
-0.589299
-0.315826
-0.128766
0.205765
1.292193
1.253918
0.078357
-0.480172
-0.283155
-0.438636
-1.703390
-1.631580
-0.565451
1.189959
0.402648
-0.566198
-1.890638
-0.508814
0.539788
1.346256
-0.520253
0.432582
-2.169399
0.298987
-0.593468
1.239795
-0.296770
0.316967
-1.665263
-0.504773
-0.488057
0.293592
-0.368979
0.265502
0.259495
0.269967
1.192349
0.171399
0.383819
1.330307
0.393849
0.485693
-1.750634
0.296453
-0.590646
-0.552095
-0.102793
-0.381428
0.571268
-0.740437
-0.313199
0.560371
-1.719808
0.331266
-1.721212
-0.618520
-0.649607
1.227580
0.320458
-1.650987
-0.285455
0.203715
1.572338
0.087013
-0.164462
1.514136
-0.091035
0.252944
-0.726844
-0.011353
-0.217956
-0.036626
-0.609780
0.972868
-0.044453
-0.498264
-0.038815
0.527786
0.302123
-0.019948
0.380794
1.378800
-0.188781
0.342935
-0.603693
-0.506944
0.434535
-0.677856
-0.136010
1.215681
-0.539368
-0.474123
-0.558687
-0.074771
0.463197
0.641693
1.719018
0.006164
-0.173156
0.525694
-0.380963
-0.623536
-0.340246
-0.649998
-0.666264
1.281248
1.380249
-0.326534
-0.343302
0.476710
-0.657798
-0.031127
-0.911582
-2.231780
1.276770
-0.641023
0.228997
0.391585
-0.061040
-0.600779
0.386924
1.232596
-0.168493
-0.140435
-0.586010
-1.835007
0.655055
-1.761803
-1.633256
-0.664937
1.456264
-0.600829
-0.571517
0.438639
-0.581512
-1.393724
-0.577029
-0.628452
1.168533
1.289010
0.929647
-0.622970
-0.559670
0.236200
1.172194
-0.500662
0.364521
1.321392
0.433830
-0.061825
0.536578
0.449049
0.372649
-0.608553
1.408376
1.303985
-0.156012
-0.710798
-2.180832
-1.827950
-1.785291
0.449368
-0.371031
1.417077
-0.493393
-1.699724
0.447993
-0.569501
-0.439112
1.008927
-1.620400
-0.352122
0.379159
1.251223
0.334094
-0.787069
0.157658
0.121855
-0.316020
-0.131717
-0.412119
0.683333
-0.315525
-0.488653
0.386420
0.469563
0.102400
0.370465
-1.707480
-0.115358
0.540082
0.955314
-0.173797
-0.160901
-0.636996
-1.821973
0.297892
0.246810
-0.905709
-0.659647
1.439666
-0.258004
1.252911
-1.838194
0.128960
-0.712252
-0.258392
1.325064
-0.149908
-0.338029
0.462729
-0.587751
-1.721215
0.224114
-1.844122
-0.297517
