-0.369576
1.564490
-0.322167
-0.016241
-0.432021
0.189736
-1.202295
-0.198325
0.511618
-0.612941
-0.343876
0.440971
-0.602695
-1.797757
0.404784
-0.072663
1.217199
-0.689339
0.334189
1.453832
1.395091
-0.414490
-0.408297
0.342044
-1.335551
-0.700320
1.046860
1.241492
1.109120
0.219763
0.394511
-0.562808
0.332042
-0.693537
-0.553717
-0.476277
0.967467
-0.037389
0.313336
0.199986
-0.457720
1.257156
1.265158
-0.105384
0.426420
-0.654591
1.466577
-0.595195
0.126928
-0.217626
-0.619945
-0.132724
-1.574656
-0.499694
-0.330954
0.246330
1.275744
-0.306871
0.220969
-0.503664
0.797957
1.330300
-0.290473
-0.632014
-0.532611
-0.580294
1.039479
-0.275796
-0.404765
0.246781
-0.461100
-1.770325
-0.733878
0.153873
-0.406423
1.320757
-1.672032
0.330957
0.320429
-0.749207
0.835525
0.300435
-0.269742
-0.280350
-0.083817
-1.714157
1.115894
-0.447279
-0.321967
-0.419244
1.238633
-1.375039
-1.963999
0.221069
1.421489
-0.534699
1.378004
1.088632
1.189517
0.405473
-0.580053
1.260277
-0.498050
0.323581
-0.663115
-1.749276
-0.338809
1.422143
-1.624917
-0.242969
1.043845
0.313430
-0.647458
0.963781
-0.499370
-0.273763
-0.777480
-0.129533
0.318567
-0.171108
1.244619
-0.738344
1.084008
-1.740502
1.182678
0.321001
-0.051094
0.126147
-0.339239
-0.558574
-1.754556
-0.375823
-0.127887
-0.505535
-0.186095
-0.732400
1.424588
0.464565
-0.343696
-0.153407
1.107732
0.248611
-0.477028
-0.500303
0.106578
0.120338
1.337602
-0.634967
-0.650998
-0.518313
0.598610
-0.126674
0.098772
-1.830555
0.182662
1.272259
-1.794882
1.094519
-1.698086
-0.367597
-0.128384
1.162741
0.631097
-0.581434
0.872924
-0.763638
-0.485297
0.540369
1.525777
1.315927
-0.551989
-0.353002
1.263929
-0.441781
-0.655213
-0.651939
-0.344941
1.170772
0.295785
-1.750985
1.222337
0.127901
-0.464043
0.327386
-0.195776
0.446907
-0.305876
0.505613
-0.235481
-0.210614
-0.166941
-0.674715
-0.645770
-0.941455
1.348821
-0.576621
-0.166894
-0.608046
1.333499
-0.706370
0.535508
1.392845
1.404371
-0.674859
0.154649
-2.045949
0.149600
1.273544
-0.477724
1.447416
0.489887
-0.625266
0.274349
1.344865
-0.618487
0.387538
0.286612
0.456279
1.127703
1.445596
-0.658621
-0.356160
1.487632
-0.517609
-0.531889
0.240267
1.180391
-0.592500
-1.319762
-0.353972
-0.303273
0.028771
0.249794
-0.045032
-0.300792
1.300226
-0.638931
1.405609
-0.098425
-0.651589
-0.265580
0.326976
1.312088
-0.723917
0.390066
1.537381
-0.051340
-0.543395
0.218843
-0.106257
-1.940462
-0.670334
1.420535
-0.574639
-0.312053
1.145855
0.239247
-0.163694
1.357655
1.229941
0.469424
0.222042
-0.595569
1.124708
0.278083
-0.385358
-0.048072
0.298397
0.327959
-0.561869
1.477509
0.182325
0.461896
-0.504276
-0.413881
-0.134807
-0.459987
-0.366593
-0.420736
-1.628135
0.281867
-0.656441
0.450717
-1.682415
1.171409
-0.277139
0.311362
0.839282
-1.056717
-0.412961
0.364957
-0.762182
0.433409
0.485160
-0.111352
-0.226610
-0.346112
-0.212617
0.299087
-0.316949
-0.595505
-1.148648
0.414495
0.377068
-0.291011
-0.088581
0.318707
-0.898946
-0.610951
0.263680
1.454553
-1.785649
1.667950
-0.261231
1.381374
-0.086225
-0.572700
1.300312
1.273157
-1.590931
1.447587
1.576736
-0.645526
1.077193
-1.808851
1.549395
-0.453089
-0.277310
-0.621743
-0.679372
1.743861
-1.312600
-0.103267
-1.812487
-0.391589
1.236034
1.273119
-0.809158
0.385508
-0.528878
0.134143
-0.455804
0.409908
-1.812258
0.424690
-1.584169
1.182456
-0.244269
1.445770
1.390323
-1.708625
-0.224742
1.372072
-0.467376
-0.583175
1.160505
-0.629615
0.113862
-0.314314
0.108666
-0.043195
-0.371574
0.506654
0.071133
0.248171
-0.148629
-0.690346
-1.844155
1.123641
-0.315413
1.221177
-0.283063
0.526315
-0.471089
0.454745
0.650927
-0.422414
-0.380090
-0.141857
-1.886529
-0.348077
-0.102999
0.123726
-0.230144
-0.451740
1.528139
-0.742422
-0.722317
-0.680934
1.258970
-1.719693
-0.189298
0.358088
0.245197
0.332257
1.374884
0.123729
0.399425
-0.439877
-0.398214
-0.615985
-0.380708
-1.607499
-0.148774
0.975941
0.228795
-0.736497
-1.281086
-0.198504
0.440837
-0.516238
-0.721471
-0.368915
0.000575
1.116746
-0.274943
0.500338
-0.671075
0.422503
1.528767
0.396286
-0.648751
-0.014809
-1.569453
0.462927
-0.615768
1.521209
0.389128
1.098779
-0.481732
-0.134578
0.225506
-1.858255
0.463428
0.459789
-0.104960
-0.606548
-0.025314
1.118925
-0.552909
-0.149568
-0.309123
1.264792
0.519226
-0.569082
-0.065456
0.165611
0.914703
-0.620821
-0.694284
0.449613
-0.435947
-1.754595
0.091195
-0.415547
0.209312
1.199199
-0.369103
-0.401442
-0.467324
-0.180507
0.413810
-0.830490
0.492613
-0.702927
-0.786590
-0.094875
0.151627
-0.613579
-0.221201
1.289497
-1.656048
-0.220831
-0.223799
0.210898
-0.294324
-1.703518
-0.248091
-0.625904
-0.035168
1.352949
-0.630263
0.059170
0.305945
-0.688073
-0.530424
1.294863
-0.196842
-1.265232
0.802703
-0.561981
-0.794642
1.336119
0.198614
0.401044
-0.492731
-0.679937
0.530897
-0.251126
-0.115841
1.095601
0.015798
-0.435735
-0.156302
0.054894
0.581575
0.420960
-0.295546
1.194381
1.366086
-0.664066
-0.213335
0.554838
0.438415
-0.046691
1.226466
-0.507023
-1.833546
-0.371747
-0.271671
-0.350303
1.492477
1.228129
1.198917
0.668141
0.168466
-0.563414
-0.610518
0.003540
0.444495
-0.163281
-0.622508
-0.162331
1.245499
-0.567662
-0.646536
1.283786
-0.099024
-1.777013
1.225959
0.103124
0.249664
1.415848
1.125484
-0.682159
-0.701047
1.616380
0.153819
1.201082
-0.270496
0.188195
0.196699
0.088773
-0.119929
1.298675
-1.865894
-0.593138
-1.754679
0.376379
1.682812
1.290496
-0.095243
-0.478102
-0.647766
1.348629
0.049227
-0.416355
-0.272485
1.215135
-0.193621
-0.610008
-0.415388
-0.659553
-0.580013
1.288345
-1.694616
1.299426
1.194971
-1.186696
0.318626
1.219819
-0.673534
-0.382950
0.092066
0.245974
-0.486406
0.377355
-0.365311
1.132247
0.408738
1.428910
1.089646
-0.632269
-1.663184
0.312404
1.720891
-0.679327
1.276941
-1.846178
-0.751805
0.273620
-0.520135
0.300004
0.247906
-0.575997
0.354210
-0.815370
-0.646172
-0.591652
0.346079
0.100128
-0.220733
-1.823784
0.390501
0.475756
-0.387850
-0.221489
-0.351308
0.482479
1.328985
-0.106899
1.345928
-0.209972
-0.247723
1.203854
0.059091
-0.546317
0.458696
-0.682327
-1.669422
-0.257772
0.246722
1.267742
-0.345090
-0.617005
1.049128
-0.348868
-0.459063
0.313636
-0.220586
1.300900
-0.216662
0.107577
0.186130
-0.613631
-1.775846
-0.525084
-0.390316
-0.026991
0.349912
1.263133
0.435333
1.258006
-0.044409
1.126937
1.293774
-0.466648
0.174790
-0.659678
-0.242561
-1.784129
-0.556448
1.251160
-1.614324
1.215945
-1.891124
1.216433
-0.559211
-0.352260
-0.773556
-0.487523
-0.541163
0.521448
-1.625336
0.222824
0.222701
-0.494690
1.461069
1.511835
0.332369
-0.564949
0.374626
1.288436
-0.101173
-0.702754
-0.210284
0.422977
-0.433973
0.499894
0.452538
