-0.761070
0.618750
-0.177658
-0.309822
-0.817676
-0.276679
1.343413
-1.241559
-0.420856
0.277670
-0.074390
0.660281
-0.407442
-1.483725
-1.182764
0.597094
0.307032
-0.049447
-0.442692
-0.770390
-1.352108
0.721824
-0.821236
0.221478
-0.652346
0.810062
-0.783626
-1.271409
-0.209467
-0.871630
1.375413
-0.258099
-0.832293
1.956764
-0.517963
0.281071
-0.187913
-0.822167
0.238488
-0.804104
0.143099
-0.712462
2.825126
0.369306
-0.530326
0.405919
-1.335689
-0.463587
-0.371597
0.066505
-0.143778
-0.643861
1.370046
1.057576
-0.810292
0.017709
-0.099865
0.051679
1.239591
-0.734311
2.730138
-0.809652
0.348265
-0.464998
1.450371
-1.332046
-0.225874
-0.346302
0.506430
0.067336
-0.524926
1.062088
2.233847
1.294684
-0.125613
-0.513497
0.719155
-0.419248
0.384605
-1.709333
-1.083749
-0.313009
1.333932
-0.434616
-0.311111
-0.956561
-0.215777
1.784895
1.344506
0.580608
0.614227
-2.182638
-1.677102
-1.195707
0.157631
-2.071705
-0.802281
0.101084
2.845537
-0.143035
-0.632601
-0.164678
-0.809614
-1.568139
0.135384
-0.085916
1.332232
0.436507
-0.119864
0.035046
-0.457156
-0.515630
-0.303689
1.347896
-0.451477
2.581624
-0.864964
-0.249242
-1.358084
-1.321202
-0.044088
-1.105439
0.061432
-0.883471
-0.788030
-1.119786
0.781989
1.178953
1.585598
0.435481
0.155009
-0.922257
0.948655
0.475636
-1.750349
-1.142669
-0.494772
0.989904
2.513812
1.365698
1.337892
1.214033
-0.662231
-0.554514
-0.522105
-0.452211
-1.589115
1.374312
-0.571446
0.232225
-1.426857
-0.624299
-0.390615
-1.083048
-1.185765
0.348888
0.072162
1.349000
1.295156
-2.139346
-1.511089
-1.016797
-0.353531
0.193945
-0.928818
-0.123861
-1.454929
0.004491
-0.757317
0.996615
-0.275957
1.334797
-1.971745
-0.767411
-0.232705
-0.091794
-0.604663
0.425174
-1.216435
1.608656
-1.005138
0.150168
-2.234178
1.159656
0.314807
-0.727992
0.793690
-0.052800
-0.236847
1.522553
-0.415806
-1.977647
-0.672185
-0.473564
1.394521
-0.334287
0.759818
0.018959
1.572758
-0.615725
-1.712836
0.414814
-0.196978
-0.503408
-1.495876
-0.471498
0.987171
-0.725365
2.400292
0.483466
-0.434495
0.518432
-1.077312
-0.339089
1.083979
1.443370
-0.156302
-0.665688
-1.054615
0.557025
2.976906
0.782874
-1.322390
0.317633
-0.490157
1.034787
-0.421611
1.394830
1.400746
1.357457
-0.247113
-1.429819
-0.560290
-2.075055
0.097056
-0.143948
0.590539
2.409642
-0.038199
0.612493
-0.578226
-1.921211
2.416115
-0.421089
-0.544951
-0.636925
-0.021498
0.349558
-1.707369
0.633291
0.178852
0.794382
0.124246
1.417910
-0.827778
-0.174262
-0.703134
1.588236
-0.808683
-0.539715
-0.889407
-0.431172
-0.551326
-0.250328
-1.346462
-0.461771
-1.548934
0.160628
-1.301135
-0.216497
-2.059597
1.273539
-1.975872
-0.588369
-0.444385
0.054218
-1.344638
-1.652089
0.042258
0.472000
0.312257
-0.293548
-0.179965
-0.137501
0.548052
-0.072469
0.614026
-0.551300
-1.000730
1.467475
-0.071517
-0.837666
0.599142
-1.627219
-0.478904
0.625239
-0.707325
1.398025
-0.964227
2.742873
1.580585
1.478738
-0.468774
-0.036496
-1.197492
-1.234862
-1.389465
-0.456762
-1.225948
-1.149105
-0.521319
-0.511339
-0.562970
-0.800090
0.253048
-0.889780
0.479636
-0.630444
-1.876574
1.532475
-0.884519
1.857185
-1.438856
-1.773345
-0.360434
-0.828175
1.440167
-0.530275
-0.554798
0.299092
-1.161451
-0.357042
-0.662201
-0.705192
0.627946
0.301990
-0.873707
0.355567
0.931137
0.254940
-0.252362
0.310989
2.507820
-0.699139
-1.973602
0.103060
-0.350493
-0.587445
-1.761304
0.039798
3.073821
0.137071
-0.336613
0.294031
-0.818927
-0.489796
0.905477
-0.926208
-0.452659
-1.212745
0.557224
0.161896
-0.396660
0.454367
-0.693827
0.680282
0.235446
-1.237818
1.248665
-0.828370
-0.943500
-0.410128
-0.792717
-1.101192
-0.982345
-0.520775
2.700186
-1.426147
0.148655
-1.349199
1.212852
-0.743005
0.130312
-0.413258
-0.351336
-1.082203
0.825608
-0.594106
-0.069026
-0.804198
-0.002095
-1.515383
1.343433
-1.357694
-1.308757
-0.498162
-0.147239
-0.293552
1.105300
-1.013374
0.076287
-1.144517
-1.591520
0.187330
1.499624
-0.616662
-1.362640
-0.559859
0.661295
0.330357
2.153463
0.260957
2.562145
0.679569
-0.683079
-0.208780
-0.506104
-1.949458
-0.073891
-0.152345
-0.826228
1.676256
1.447353
-0.638148
-0.906035
0.514229
-0.870345
-1.510018
0.112893
0.507506
-0.342757
-1.256173
0.084605
0.025878
-0.854895
0.724243
1.039619
-1.243557
-0.363281
2.703610
-0.606378
-0.485221
-0.718821
0.343965
-0.920529
-0.473624
0.293870
-0.971049
-1.844547
-0.541281
1.333473
-1.635871
-0.007522
0.229801
-0.825891
-1.923806
-0.593717
-0.522532
0.603351
-0.304859
-0.175533
0.604282
0.470083
-0.456209
1.577931
0.527435
1.766623
2.858410
-1.038284
-0.993604
-1.684768
-0.395182
-1.071980
0.318130
-0.690832
-0.042037
-0.730396
1.656543
-0.546043
-1.334498
-0.276485
-1.700663
-1.588541
0.098040
-0.516359
0.175906
0.498295
-0.083334
-0.531242
-0.457308
0.494494
-0.863613
-0.060994
0.382278
-0.676779
-1.872297
0.299348
-0.969811
-0.203220
0.464963
0.893050
-2.412848
-0.741371
-0.920576
1.708560
0.122343
-0.619178
-0.085387
-0.421685
1.546421
-1.373530
1.245797
0.487645
-0.512377
-0.594683
1.645641
-0.787963
1.534588
-1.409992
-0.725345
2.920604
-0.828157
-1.422388
0.652227
0.204871
-0.797438
-0.729242
-1.186319
-0.868916
-1.451688
-0.614744
-0.290012
-1.691390
0.012489
-1.486145
0.030565
-0.453508
-0.252137
-1.161192
0.889714
-0.378016
-1.714368
-0.154791
2.502115
-1.354271
-1.962705
-2.006428
-1.064502
0.116495
1.259447
-0.862923
1.341111
-2.191860
-0.695040
1.116917
1.200373
-0.996778
0.103670
0.715170
-0.852155
-0.827265
0.531801
-0.428068
-0.662494
0.278119
-0.335022
0.883387
-0.333151
-0.261767
-0.353484
-0.507699
2.543243
1.269184
-0.266520
0.592158
0.354662
0.276406
-1.509455
1.454783
0.370335
-0.401923
-0.705611
-0.127989
-0.783563
-0.484876
-0.703563
0.611358
-0.763698
0.231446
0.199491
-0.903334
-0.165525
1.477167
-1.346447
-0.008758
-0.341752
-0.320517
-0.277905
0.778069
-0.203218
-1.575605
0.495827
0.285557
-1.591907
-0.307674
0.456066
0.542254
-0.890474
0.740067
-1.909955
1.496215
1.360716
-0.841795
-0.648507
-0.344192
-0.351712
1.424914
0.326414
-0.262014
-0.822674
0.262887
1.256841
-0.936922
1.407093
1.441250
0.085609
1.985905
0.750687
0.425599
-0.332193
1.493087
2.499238
1.906353
-0.338377
1.450465
0.080681
-0.226891
-1.761681
0.754450
-1.342752
-0.730602
-0.635586
-0.774935
-1.309876
0.417423
1.159214
-0.362390
-0.137853
-0.371604
-1.537623
0.081364
-0.137884
0.531047
1.375985
-0.881690
-0.221291
-0.540043
-0.041976
-0.822900
-0.784714
2.951794
-0.130721
-1.031786
-1.541949
-0.258557
-1.636004
0.211909
-0.281057
0.482190
-1.156382
0.338343
-0.803757
-0.042575
1.396470
0.353089
-0.424292
-4.476250
-0.523202
0.263740
0.580613
-1.165921
-0.166000
1.545176
-0.590423
-0.670310
-0.501400
0.686411
-1.396308
0.165558
-0.015679
