-1.423718
1.570796
0.732815
0.994421
1.955401
-0.228497
1.618379
-0.496423
-3.463343
-2.806856
0.108271
0.253674
-2.785373
0.651869
-2.443690
2.521343
-0.950547
-0.124355
2.201876
2.004750
-1.249046
2.567288
-2.289626
-0.551655
2.869447
1.981861
-1.217806
-0.104877
0.045423
0.922464
-1.416478
-2.265535
-1.513716
-1.499489
1.667270
-2.341270
0.637549
0.990794
0.990040
1.197809
-2.761086
-1.242243
0.141897
-9.053887
-9.158526
0.625485
2.663240
-1.951303
-1.508378
-0.188222
-0.927295
2.414950
0.348771
1.809406
2.013171
-0.300171
1.739898
1.549061
3.096169
1.870967
-0.321751
2.505084
2.229602
-9.869197
1.016489
-2.466852
2.097424
-0.968509
3.017238
0.493941
2.389515
-2.798569
-0.183943
-2.961739
-0.407632
-0.368696
-1.279340
0.298499
-1.899846
1.051650
-1.449444
1.249046
1.249046
-0.141897
-0.244979
1.366778
1.287002
-1.455920
-0.367174
-0.702257
1.331053
2.066348
-1.086318
0.000000
-2.477546
-10.210176
-2.034444
-1.487655
1.413028
0.076772
-1.526381
9.152632
1.136843
2.380580
2.435394
-1.242676
0.940395
-0.750929
-2.055274
0.722979
0.055499
2.387434
2.034444
-0.302885
2.356194
2.356194
0.904827
1.165905
-9.024537
-1.925502
-0.785398
-1.457004
-3.115283
2.585426
-2.563691
-0.572966
-9.307669
3.247577
2.111216
-1.414194
-0.620249
1.401695
2.245537
-0.889498
1.989021
-1.773118
2.391894
-2.098871
0.049958
-1.901892
2.408778
2.774419
-0.074860
-0.558599
2.582993
-1.279340
2.608749
-1.892547
1.681454
0.047583
-0.610726
-0.663203
0.620249
2.181522
1.860300
-0.962107
1.681454
-0.507099
1.647568
-2.804918
2.324955
-2.544416
-0.694738
1.937970
0.097253
-1.839964
1.997424
1.768192
0.034469
-0.293589
-1.735945
0.260602
0.418224
2.018316
-2.265535
0.152649
-1.319106
-1.140104
-2.589938
-3.141593
1.934775
-0.715744
-1.030377
0.580756
1.570796
-0.022723
3.006065
1.039072
1.449444
-0.268366
0.652847
2.727086
0.233743
-2.297439
-1.366778
-3.116598
2.485897
-0.785398
-2.645170
1.066630
-2.859821
-1.176005
-1.794273
2.170847
-2.240435
-1.484058
2.834547
-1.866237
-2.529055
1.037952
0.083141
-9.206109
-0.588003
1.065935
-1.538549
2.576443
-0.958259
-2.098871
-0.497343
-1.238737
-1.870967
0.878875
-9.344948
0.408149
0.343024
2.498092
1.768192
-2.095592
-1.495936
1.975688
-1.356736
2.111216
-1.657535
-1.570796
-2.626044
-2.480549
2.819842
-2.191046
2.193996
-9.685380
2.512796
2.152177
-2.013171
-1.869295
0.090660
0.919720
-2.070143
0.023805
-0.337878
2.452668
9.143546
-9.277700
1.502720
1.270625
-0.785398
-0.424194
9.117732
2.688254
1.422947
1.256039
-2.370686
-2.104505
-1.892547
-0.228497
-10.053574
-1.759018
1.292497
1.149377
-0.358771
2.622447
1.482140
0.920926
0.755995
-1.768192
-0.332059
-1.899846
-2.310073
2.819842
-3.244674
1.127348
-0.636508
1.494024
3.283490
-2.503273
-3.099065
-0.173246
-1.650626
2.480549
0.257324
1.034361
-1.364472
2.730528
1.397551
1.063698
-9.071788
1.310194
2.191046
-1.545161
0.950547
0.034469
-1.275355
-0.352990
-1.879727
-2.291768
-8.750037
0.066568
-0.630401
9.137497
2.371119
2.054243
2.373737
-2.284887
-0.188222
-2.356194
-1.152572
-0.308053
-1.460139
1.236059
-9.115075
0.341615
-0.214061
2.562518
-2.819842
-1.485895
2.073640
3.046641
2.710900
2.559688
-0.800782
-0.668289
2.796037
-3.186008
-1.747505
-3.068552
-2.706239
0.694738
0.873406
-3.874408
-0.737815
1.649067
0.736257
1.413028
-9.799112
2.293776
1.965587
-2.000559
-1.869295
-1.501142
-0.927295
-9.703078
-0.785398
-9.103027
-2.891150
2.530867
-2.622447
-3.025833
2.340323
0.022723
-0.519146
-2.804918
-2.356194
-2.303611
0.755104
0.816638
-0.674741
-1.599360
-0.047583
2.265535
-0.389317
2.902361
-2.694073
0.970746
-1.239700
2.265535
-2.287808
-0.785398
-2.111216
-0.588003
-1.008875
2.068139
1.241747
1.945130
-0.694738
-0.769526
1.620755
-1.825979
-1.496857
2.521343
-9.535435
2.289626
2.021458
2.829551
-2.792822
-1.842942
-1.448954
1.272297
0.785398
-3.306741
-2.916316
0.475695
0.380506
2.226492
-1.024007
-3.094010
0.345556
-0.684295
2.251318
2.111216
2.730528
1.929567
-1.685673
-0.463648
-2.044152
-9.334118
-0.647811
-0.528074
-1.107149
-1.687905
-1.186192
-2.886410
-2.043703
3.202741
-9.732831
-3.141593
-0.694738
0.801790
2.553590
-2.819842
-2.406998
-3.345611
0.161375
-3.070285
-1.520838
1.640451
2.307054
2.647651
-0.027020
1.772559
-2.798569
-2.638749
-9.282881
-1.642104
-2.236766
-0.767856
1.570796
-9.515438
2.095592
0.574305
2.308611
-0.831519
-3.189176
-1.490966
0.384605
2.251318
2.422763
1.058407
-0.495552
1.538549
0.329050
1.325818
0.351445
1.138389
1.107149
2.356194
0.694738
2.843094
-1.633215
-2.292451
-1.320818
1.647568
1.042722
0.044415
-2.383215
0.638320
-1.773842
-2.422763
-1.501142
2.819842
-1.919567
0.922464
-0.244979
1.603043
-9.746529
-2.930499
-1.471128
-1.249046
-2.034444
-0.750929
0.507099
-1.202100
-1.157107
-0.169101
-0.092756
1.759995
-2.634494
9.158526
0.493941
0.062419
-2.901850
-9.477361
-1.418147
0.453339
0.422854
1.665748
0.375961
-0.718830
9.173775
1.249046
2.303611
-2.961739
2.305391
0.134321
1.270625
-0.969723
1.810539
2.697173
1.593520
3.104573
1.612439
-9.424778
0.574305
0.540420
0.022723
-0.244979
1.438245
2.420621
0.982794
-2.863293
-2.199593
-2.152177
-1.215160
0.661043
-1.451367
-3.291964
-3.326941
-0.606988
2.901850
1.475845
-1.570796
-2.034444
2.777614
2.055274
-2.677945
-3.378441
1.929567
2.427502
-1.198729
1.642104
0.909753
-0.702257
-1.842942
0.432408
1.735945
-2.697173
-2.177784
-1.570796
0.714091
-8.961130
1.849096
-0.334737
-0.830821
-2.834547
-3.202741
0.524796
2.158799
1.642104
-0.678662
-0.903490
0.942000
-0.720971
2.790865
1.116952
-2.983824
0.463648
0.141897
1.471128
-3.027801
2.677945
0.566729
2.388441
1.484058
-0.764125
1.107149
1.071450
-9.723277
2.188552
2.100386
-0.601074
-3.117207
2.340811
-1.398606
1.413028
-0.588003
-2.356194
-0.329624
-0.493941
0.972377
2.867425
-2.613518
2.642246
1.614247
2.406998
-2.262718
-0.066568
-1.226149
1.670465
-1.220068
0.715744
-9.805284
-0.231091
-1.892547
-1.023234
2.525296
-0.667306
0.291457
-0.785398
0.278300
0.849825
-1.025932
-0.927295
2.880990
-2.321725
-0.385158
-1.194306
2.926235
-9.507919
-2.044152
2.601173
-1.465919
-2.034444
2.765632
-1.539556
-0.551655
-2.147172
-1.443824
-2.720929
-0.305879
-0.463648
2.140837
-1.986288
-1.570796
1.763497
-0.424194
0.191184
2.149871
-2.809533
-0.623199
2.483704
1.279340
0.118490
-1.768192
2.239086
1.913820
1.126377
2.271651
-1.786881
-2.222665
-9.060799
-0.859887
-2.524401
9.164176
1.292497
0.117109
2.422763
1.828120
2.372586
1.570796
-0.862170
-0.502843
-0.540420
-1.177738
-2.466852
-1.899349
-2.547379
-0.982794
1.468590
0.502843
0.336675
-0.148890
-1.373401
0.344647
2.139321
-9.461798
-1.055247
0.575425
-1.739898
-0.511231
-1.107149
1.799293
-1.899349
