0.025635
2.548243
-2.777614
-3.911119
-0.022723
-3.165978
2.573068
1.392703
-3.705676
-1.313473
1.570796
-2.512796
-0.710909
-3.911119
0.710909
0.328120
0.328553
-3.017238
9.382250
-0.113792
2.753274
0.566729
0.802346
-1.617274
-2.559688
0.175940
-4.402686
-2.198105
-0.244979
0.020405
-3.605240
1.065935
-2.408778
-1.394857
-1.315614
-4.792219
-2.024640
-2.752276
1.186192
-0.229904
-2.516108
-0.740652
-1.698306
-2.717398
0.623199
-0.114877
0.540420
1.935998
-2.752276
-1.800028
0.197396
-1.171281
-4.118175
1.712693
2.209710
-2.328424
3.352686
-0.697903
-1.277207
-3.265948
-0.454302
2.518393
-2.140837
0.484478
-3.194176
-1.030377
1.839163
-2.476818
4.950225
2.024640
-2.310073
0.110657
-2.408778
-0.477831
1.044730
2.245537
0.982794
0.000000
0.831519
0.842479
-1.509648
-1.220068
1.435269
-0.429762
-0.570040
0.755104
2.311448
0.740652
1.905533
-0.278300
0.178093
3.208161
-2.950408
-2.785373
-4.289535
0.463648
2.976444
-1.236059
-2.859821
-1.777120
-5.480245
-2.512796
-1.089909
1.212026
0.000000
-1.089133
-1.759018
-2.969402
0.785398
9.274966
-3.883540
-0.334737
2.541542
-2.745151
2.373737
-0.755995
2.466852
0.463648
9.259629
-0.988891
-2.425849
0.995372
0.711459
1.647568
-2.441700
0.463648
1.315614
-0.785398
-1.570796
-3.914333
0.702257
-3.163328
0.000000
1.435269
1.625288
9.103027
-9.112736
-1.249046
1.783735
1.810028
-1.951303
-1.144169
-1.405648
1.828120
0.616297
9.096658
2.279423
0.853785
-1.443824
2.066348
-0.825377
-0.444419
2.574863
-0.703614
0.524796
0.000000
-1.046001
2.402316
-1.570796
0.700854
-1.607816
2.153149
9.300423
1.927016
-0.388319
2.663240
0.576375
1.978428
0.463648
0.020405
-0.785398
-0.614663
1.446441
-1.807645
-0.754158
-2.339803
-1.732171
2.184004
2.718739
-0.412410
-3.118341
-1.439969
-2.799977
-3.082837
2.059649
8.769082
1.034361
-3.625040
-1.681454
1.638873
1.337053
-4.323072
1.689286
1.549523
1.869295
3.183235
-1.107149
1.249046
-1.869295
-1.097890
-1.490966
-2.518393
0.674741
-2.913096
-2.089942
-1.934775
-2.297439
-5.726586
2.384758
2.373737
-2.498092
-3.060141
0.361729
1.020410
0.700854
0.485622
-4.609307
2.739722
-0.668289
0.844154
-0.685730
-1.864385
-10.815721
-0.568525
3.046641
-3.882245
-1.879727
0.708626
1.947287
9.246685
-2.846152
-1.815775
0.845930
-1.230414
1.073454
-0.950547
-2.239086
-1.383817
-1.570796
-2.584993
-0.335639
2.907849
-2.227871
0.094952
0.453339
1.373401
2.725528
0.422854
-3.089010
2.054243
-0.851966
-2.206635
-2.356194
-2.511191
3.028442
2.044648
2.677945
-3.050933
-2.493261
-0.597177
-0.568525
-2.169215
-3.141593
-2.067219
-1.708802
-0.593750
1.901892
-4.164827
0.463648
2.546833
-0.152649
-0.600050
-1.219352
0.548549
0.197396
-0.295441
-2.788602
2.107232
2.838708
-1.385448
-1.842942
-5.689436
-2.976444
-0.821097
-2.879473
0.609163
-0.181649
2.305391
-1.570796
2.024135
1.455037
-2.430683
-0.872894
2.218608
1.992801
-3.392595
-3.433049
0.221314
2.125104
-0.713061
-0.188222
-1.425984
-0.107690
2.597312
2.125104
1.538549
-0.601074
-1.764008
-9.746529
2.507570
-2.011976
-2.095592
-0.581905
-1.806341
3.118341
-1.821799
1.764418
1.418147
-1.373401
-0.989416
0.226799
0.532844
2.226492
1.209067
-2.000559
-1.348135
-1.209593
-0.346539
-2.176341
1.410034
2.700413
2.118359
0.785398
2.833540
-0.139096
-2.748535
-2.782822
1.707199
-3.976132
0.052583
-1.649067
0.436627
0.706199
-2.800614
2.846152
1.286066
-1.007480
-0.699893
1.190290
-0.482513
0.000000
1.886011
1.757776
1.146602
0.314758
-2.413275
-2.127396
-2.133294
0.678119
1.611590
-2.378413
-12.777464
-3.874408
-2.324955
-1.295370
0.956133
-1.057190
2.810497
-2.034444
-2.944197
1.325818
-1.241172
0.161837
2.325901
-2.604682
-1.171281
1.363300
-2.174546
0.683709
-0.772066
0.702257
0.047583
-2.739722
-0.769006
0.436627
1.107149
0.255182
-2.875341
-0.576375
0.178093
1.063698
-4.011129
-2.414950
-1.898916
2.534605
-2.709185
-0.729900
-2.843094
-3.195594
-2.332389
-0.713061
-2.067219
0.023252
2.025897
-0.321751
-0.186487
2.567288
-4.795530
-0.110657
-2.720929
1.236059
1.849096
-0.307046
-0.398522
1.607816
-3.326941
-2.536048
1.783735
-2.371119
0.328553
-0.390607
-3.141593
1.674589
-1.422947
-3.228331
1.695151
-2.617673
-2.115660
-4.950998
-1.422947
0.268366
-1.590402
2.145101
-1.717875
0.282555
-1.183921
-3.009041
-0.295441
-2.143256
-2.802300
2.268187
6.038207
2.914794
3.753745
-4.088366
-0.805003
1.991460
-1.365401
1.272297
-0.634023
-3.096169
2.990577
-2.507570
-1.936544
-2.982937
-0.773053
0.501013
-0.731397
-1.234122
-2.326791
0.262120
1.712693
-0.339293
-2.518922
1.125495
-2.064738
-1.402590
0.375961
2.677945
2.649107
1.570796
-0.511231
-9.186942
1.869295
-0.528074
0.336675
5.272749
-1.913820
0.000000
-0.940395
0.380506
-2.739722
-1.528269
-1.241747
2.095592
1.490966
2.051684
-9.937167
2.384758
2.371578
2.054243
-2.405335
2.976444
-0.390607
-1.155304
-0.179853
1.091883
3.103150
-0.094952
1.135443
-7.427354
-3.141593
-2.227871
-2.478390
-3.636726
-2.831890
-0.307046
1.272297
-0.892677
0.207496
0.851966
-0.229904
0.422854
-1.975688
0.845930
-3.504137
0.703614
1.418147
2.625362
-1.873681
-3.070285
-1.707863
-1.363300
2.612003
-3.827322
1.647568
-1.033512
-3.022164
-2.356194
-0.718830
1.107149
-0.188222
-3.163811
-2.629203
-2.667193
-1.138389
-4.195694
-1.825979
0.197396
-1.152572
2.024135
-1.995628
-0.655696
2.281706
-0.671144
-0.643501
-0.186979
-2.688814
-2.054243
1.538549
0.386876
-1.639653
-0.268366
-1.935998
-3.216453
1.269876
8.474231
-2.231839
-2.553590
1.884417
1.832916
-0.815692
2.871743
-1.791625
0.938047
0.115759
-0.489957
-1.570796
0.025635
-1.865031
-4.083593
2.179486
-2.542417
0.689800
-3.910043
0.637549
-0.674741
-0.327739
-9.589927
-1.546991
-4.444479
-2.890590
-2.787595
-0.540420
-4.079640
-2.202487
-1.434394
-0.375961
1.331565
-4.757812
-1.674589
2.489724
-1.497756
-0.743170
-1.154732
-0.912908
0.770474
-0.350728
-0.664774
-2.825977
-0.610726
1.772559
0.892677
-1.163165
-1.340892
2.011976
0.556166
-4.353618
0.927295
2.220667
-2.576443
1.993650
0.836202
0.847817
-0.620249
-1.295886
2.627141
-2.704965
-1.727398
2.373142
-0.321751
-1.008298
2.761086
-0.218669
-1.550391
-0.250443
-0.197396
-2.071810
1.451367
1.002272
2.317752
-2.214297
-0.375961
2.523837
-2.289626
-0.730907
-0.694738
-3.838983
2.153873
-3.349089
-1.768192
0.333244
-1.359703
-2.720929
-0.463648
2.963500
1.270625
0.708626
-1.165905
2.034444
2.777614
-4.673946
-1.951303
-1.142532
1.635921
-2.402316
1.937970
-0.521834
-0.533708
-4.759972
-2.187598
1.969319
-0.762147
0.851966
0.662730
-3.160109
-0.224711
1.378096
0.179853
-0.169778
-2.819842
-2.426501
2.082027
1.652248
0.412410
1.681454
-0.415492
-2.625362
-0.108271
1.661456
-4.324865
-1.876675
-1.615212
-9.559099
-2.201198
2.875341
-1.030377
-3.095115
-3.105894
-0.532844
