1.692148
-2.183334
1.725115
2.624898
1.118642
-2.727903
0.192701
2.720929
-2.223643
-1.735945
0.313621
1.650626
-0.497343
9.403042
-2.601173
0.703614
0.452778
2.733444
2.469986
-2.934096
2.769525
0.426627
-0.593750
-1.467004
-2.585426
-2.560212
2.819842
1.292497
9.276929
-0.551655
-1.144169
2.957649
1.821799
-0.453339
-1.298650
-1.592532
1.698306
-1.126377
2.131960
-1.432157
-0.909753
2.482283
1.256039
-2.437979
-2.999696
3.119374
-1.181480
0.239232
-2.546833
2.034444
-0.754158
9.179799
2.340811
1.082462
1.989021
0.610726
-1.529154
3.245385
-2.021458
1.126377
0.110657
0.250443
2.560836
-1.249046
-2.627987
-2.612003
-2.044152
9.400973
-1.234122
-2.530867
-0.065125
-2.765102
3.220377
2.003204
1.913820
0.380506
2.408778
0.544280
-0.991722
0.958259
-2.181522
0.047583
0.502843
1.319106
-0.847817
2.571552
0.948126
-0.165149
-2.854311
3.117207
-1.757776
0.976583
2.372586
-1.197809
-2.939271
-3.239320
1.849096
-1.451367
-2.619758
0.708626
0.513606
-0.433953
-3.080444
-2.356194
9.292226
1.325818
1.270625
-2.961739
0.548549
1.676781
-2.658146
1.810028
-0.216085
-0.886502
-0.071307
1.528269
0.044415
-0.135528
1.386853
2.185459
1.000756
0.244979
-1.527345
-0.287281
2.165010
9.210717
-2.389515
-0.428778
-2.594030
0.069655
-2.930499
3.187016
2.727903
-1.700499
0.872894
2.503273
0.308053
-0.433953
-0.602287
0.218669
2.226492
1.695151
1.963854
1.087349
-1.922841
-2.837082
1.295370
-0.270947
-0.548549
0.115759
0.244979
0.855705
1.117458
0.703614
-0.968509
-1.287002
-2.688254
1.832916
2.196281
0.818719
-1.441094
1.597106
1.504228
-2.540519
-0.560687
-2.142134
-2.723368
1.849096
0.896055
2.799977
2.428532
2.046492
-2.768605
-2.397267
-0.452154
-0.321751
-1.041207
9.268176
-1.194835
-1.570796
2.546833
-1.215160
2.493781
1.264917
2.356194
-2.804918
-0.879459
-2.560212
-1.264917
-2.582993
0.463648
-2.389515
-2.394637
-1.524318
-0.047583
2.748535
2.387434
-1.870967
-1.205595
9.334118
1.306833
2.164546
0.234723
1.892547
0.288975
-1.235158
-0.909753
0.151015
2.256526
0.880996
-1.076855
-0.580003
-2.838708
2.418613
-2.165556
-1.951303
2.813473
-0.834539
-1.906435
-2.372066
-0.452778
-3.086094
0.256151
-0.950547
2.018316
-0.785398
-3.024484
1.338239
1.777120
-1.805519
-2.565217
-1.393200
0.135528
-2.532903
-0.101689
-1.377585
0.000000
2.214297
2.909036
3.100799
-0.902507
-2.089942
-2.801211
-2.089942
0.481664
0.315616
1.973117
-2.432966
-0.191184
0.426627
-0.990040
0.157769
2.573068
-2.315122
-0.127510
-0.348771
3.141593
-0.432408
-3.120319
-0.233743
0.996491
-1.441094
1.544487
2.449671
0.393058
-0.870903
2.214297
9.185035
1.159732
-0.839890
2.720929
-2.165556
-1.754740
0.165149
-0.220829
2.209710
0.614663
-1.526381
2.677945
2.262718
2.999696
2.253113
0.262120
2.739722
1.480136
0.511231
-0.945311
1.570796
0.484478
-1.107149
-1.927016
0.138640
-2.436024
-0.396441
2.604682
0.244979
-2.720929
0.536435
-0.207496
-2.782822
1.544487
2.311448
-0.278300
0.748378
-2.473303
-1.039072
-1.408959
-0.463648
0.396441
3.017238
1.906435
-1.548578
2.657115
-2.574863
-1.679067
1.739393
1.378096
0.499347
2.714965
1.414194
1.754740
0.404892
1.296629
-2.014245
-2.054243
1.441094
-0.408149
-1.485895
2.885441
-2.265535
-0.066568
-1.438245
2.119346
1.005647
-2.622447
1.033886
0.476467
-2.559688
-2.819842
-1.849096
-1.768192
-1.634540
2.259721
-1.681454
-2.630362
-1.593520
-1.443287
-2.285888
0.563316
2.034444
2.103640
-0.372068
-0.684295
-0.548549
2.406998
-2.400941
-0.445301
-2.164546
1.828120
1.885554
2.135366
0.616297
1.984486
1.508378
-2.006150
2.374374
0.083141
-0.540420
-1.815775
2.871743
-2.514850
1.663553
-0.612538
0.857735
1.963854
-2.297439
0.343024
1.063698
-2.532429
1.634540
-2.614965
0.272146
0.350728
-1.198729
0.188222
-2.993743
-0.492486
-2.530867
2.596729
0.411065
1.269177
-1.786881
-2.226492
1.877842
-1.435269
1.885028
-0.108271
0.438859
0.197396
-0.502843
0.938047
2.745151
-1.951303
-1.325818
-1.159732
-0.561163
9.095728
-2.311448
2.279423
-3.041924
-1.526381
1.570796
1.107149
-0.485622
-1.799293
2.646041
-1.676781
3.064821
2.435394
-1.570796
-1.394857
-1.197809
2.526930
-2.170847
0.698660
1.723446
0.608689
-2.489724
-0.746956
0.689800
-0.428778
1.315614
1.716106
-1.480136
-0.365201
-2.629203
0.344647
1.449444
1.906435
-1.676781
-1.163165
-1.071450
1.744042
-2.902361
1.168926
1.892547
2.014245
-0.638914
0.722979
-2.819842
-0.667306
-0.570040
-0.702257
0.000000
-2.233999
0.507099
-0.329624
-2.405335
-1.856848
-1.803353
1.224257
-1.665748
-1.310194
0.268366
-3.115283
2.044648
-1.706324
-1.849096
-1.089909
1.965587
1.839163
-2.841421
2.647651
2.718739
-2.241318
-0.982794
-0.216085
1.256039
0.982794
0.278300
1.325818
-1.972667
-1.095786
-1.194306
-1.947287
-1.401695
-2.292988
0.432408
2.567288
-2.373142
9.143546
-1.695151
2.647651
1.012197
-1.858078
2.616797
3.052937
2.011976
-2.356194
0.688924
-0.767218
2.043703
-1.676781
-2.339803
-2.004750
1.917858
-1.520838
1.892547
1.739393
2.011976
0.363979
1.232918
2.320495
1.107149
2.321725
2.667741
-1.877842
2.184004
-1.995628
-1.862253
0.274910
-1.159732
2.869447
-3.097177
-0.931882
3.070285
-2.175102
2.208345
-1.786881
-2.387434
-2.566168
0.601074
2.219792
-2.024640
-0.834539
1.597106
1.969319
1.217806
-0.851966
1.794273
-0.048742
1.712693
-2.939830
0.443448
-0.548549
0.367174
-2.338652
-0.739277
1.039072
-2.176341
-0.104877
-2.957649
2.024640
0.314758
1.763497
0.989416
-0.401229
2.023575
-2.632000
-2.125104
2.222665
-2.787595
-0.148890
1.014630
-2.068139
-2.034444
-2.369892
-0.288975
2.785957
3.041924
-9.424778
0.278300
-0.368696
-3.028442
-1.242243
-2.640579
-0.944053
-2.843094
-2.806856
0.801270
1.432157
-0.909753
-1.115696
-2.968347
-2.880990
0.068076
3.077849
3.060689
0.867183
-2.677945
1.661456
1.809406
0.052583
-2.927532
2.518393
0.736257
-0.685730
-0.216085
-2.457298
-2.066348
-1.943784
-2.003204
-2.092231
-2.772897
1.624798
-2.534605
-2.605157
2.627987
-2.916881
-0.314232
-2.624898
-2.745151
0.404892
0.504861
-0.785398
-1.670465
-2.024640
1.675673
0.321751
-1.870967
2.582993
0.902507
2.725528
-0.154319
2.707639
2.405335
2.258468
-2.488746
1.089133
1.264917
-0.099669
-3.075024
3.033322
9.318794
9.380363
2.265535
-1.286066
1.932526
-1.963854
-1.735945
-3.114572
-2.435394
-1.686556
-0.643501
-1.279340
-1.174355
2.308611
0.831519
2.223643
-2.665897
1.292497
0.828849
-0.785398
-0.268366
-1.034985
-2.518393
-1.012197
-1.703348
2.387434
2.622447
0.876058
2.291768
-1.828120
-0.519146
-3.002497
-0.689800
-0.343024
-0.308053
-3.052937
-1.955401
1.997424
1.784857
-3.280232
-2.835714
1.732171
-0.960070
0.657075
9.400973
2.011976
-2.688254
-0.699893
1.054566
0.118490
-0.938047
2.765632
-2.191046
-1.815775
1.484058
9.250106
-1.048393
