-8.019130
9.290457
2.544416
-4.805866
6.797637
-1.829567
9.452549
-8.515025
6.926686
7.443854
-2.312744
2.756435
-2.158799
-1.249046
0.138006
2.819842
0.085505
3.007782
7.257782
-9.154929
-0.947597
-1.307802
7.251694
6.650359
-2.403778
0.679414
-7.950455
3.229600
-2.904744
-8.358148
-9.239430
-1.282741
1.428899
7.532231
-1.222025
2.356194
0.171379
1.681454
-0.588003
7.210481
-2.276365
-0.825377
-0.361729
2.306236
-1.518213
2.174546
-2.241318
2.048142
-8.470279
7.478711
-2.375060
6.944228
-0.152649
-2.308611
4.017651
5.780342
6.770085
-1.955954
-1.480136
-9.397007
-2.540519
2.944197
1.739898
-0.819867
1.651700
-8.292318
-8.666400
-2.664247
2.578276
-7.853982
6.549437
-3.064821
2.689439
-1.935998
-5.034140
-2.601173
-2.282255
7.068583
3.959238
-8.132281
0.688924
-1.784857
9.121893
0.120624
0.603749
-1.570796
5.862522
0.066568
-2.731465
-7.951235
8.124928
6.988753
-1.178456
-2.498092
-2.341270
-1.786154
2.018316
-3.004526
-2.514284
-2.303611
-0.534955
2.122451
-1.588652
-2.356194
1.249046
-1.306833
-0.237836
7.028605
1.869295
1.165905
2.803714
1.635223
-1.833791
-7.999292
-7.951235
2.139321
-0.286051
-1.506369
2.622447
2.022950
1.716106
3.081061
-2.808348
7.329186
-0.991722
-2.457883
-1.048393
-6.216617
5.793228
2.732685
-8.065075
-0.785398
-7.991988
1.844964
-1.176005
2.251318
8.169952
-8.292318
1.452306
-0.548549
9.386335
0.483447
-0.588003
-2.994514
-2.375800
-2.356194
-0.099669
-2.857799
-0.679414
-8.301502
-8.226969
-0.202322
7.045332
6.802331
-0.624023
5.722022
0.927295
0.451453
-2.262133
0.266252
7.346883
-8.420711
0.452154
2.241318
-8.666400
0.138006
2.034444
2.317752
-2.819842
-8.378777
-7.995879
1.917335
-7.274907
2.207305
2.782822
-1.186192
7.793450
-2.914794
-2.487510
-6.677976
0.170735
-5.211736
1.723446
-1.107149
2.111216
1.527345
1.937970
6.871188
-8.098960
-0.698660
2.248916
-0.805003
2.770701
-1.051650
2.289626
7.016000
0.029403
0.354706
-2.574863
0.608689
-0.275426
-2.000559
-0.358771
15.707963
2.565217
-2.863293
-0.724250
-1.067953
-1.266285
8.028654
-8.441984
-1.255181
2.528385
-0.815692
2.579671
0.270947
1.299849
4.738699
-0.739975
2.517570
-0.480887
2.209710
2.521343
-2.453921
1.605265
5.972187
2.626044
15.471115
2.049149
8.303741
7.349816
6.403809
2.034444
0.643501
-0.333244
2.204819
3.105894
1.390943
3.229600
2.553590
7.298488
0.314232
-0.253674
-1.190290
5.439031
-6.746833
1.262744
2.453921
-1.019141
-0.857735
2.629203
2.070143
0.104877
-1.119343
-0.090660
1.845706
8.080780
-2.951604
-2.706922
0.463648
-0.191184
1.901094
7.068583
7.042948
0.367174
1.849096
9.364246
1.276562
0.298499
-2.116451
-0.837981
-2.694073
0.762147
5.862522
-0.244979
-8.002872
-0.750929
6.304016
2.483704
-0.150371
9.526985
7.139891
-8.098960
-1.152572
7.343493
7.893960
2.034444
2.976444
2.618314
-2.384758
-1.212026
-5.336412
8.930837
2.356194
-0.073939
8.910327
9.161783
6.067100
6.974522
2.726101
2.466852
6.080140
-7.459191
-2.605157
-2.270689
2.245537
2.089942
-2.329174
7.265979
-1.348714
-8.202753
7.221233
2.129396
-0.883125
-2.459276
-7.967774
2.289626
-2.491722
-3.061763
0.037020
7.401828
-1.708802
1.604117
-2.587285
9.529655
5.662936
0.022219
6.903435
2.034444
9.220760
1.450173
-1.183921
2.377468
4.750832
-4.150467
-2.690140
-2.104505
9.345994
8.012637
1.183921
-0.257324
-2.502207
-1.418147
-1.514253
-2.717398
0.030294
2.869447
0.404892
-7.802744
-8.750037
-0.480887
7.360040
2.410686
-0.080904
1.972025
7.609003
2.356194
9.554480
-1.513716
-2.768605
0.058756
1.849096
3.141593
-1.446441
3.096169
2.226492
3.141593
2.374374
0.000000
-2.417343
-0.439843
-1.095101
-1.078987
7.885221
-5.259178
0.334737
-1.161888
3.557085
2.125104
2.251318
-3.181571
2.981680
6.831735
2.335789
7.026941
2.406998
-1.343997
-0.428778
2.373737
0.764125
0.244979
-7.893960
6.251945
-0.982794
6.920734
6.961848
-1.337053
3.321446
7.390334
-2.356194
-8.435887
6.852498
-0.522403
-3.030935
1.249046
1.789465
-0.972377
0.534955
1.866237
2.487510
7.356639
-2.553590
7.532231
-2.889903
-1.325818
1.723446
15.829315
2.356194
-2.884269
2.167973
-2.115077
-2.932570
7.331578
-0.892134
-1.645656
2.723368
-2.639989
1.331565
5.834462
0.274167
-5.908852
-7.760505
1.913820
6.918212
-1.390943
-0.000000
0.294235
6.398945
8.065075
2.819842
2.492597
-8.332334
7.305432
-0.288055
-1.532354
-1.378748
2.375800
-1.929567
-2.339247
2.539305
3.098142
-0.597177
2.356194
-2.371578
2.401618
-7.729627
0.110657
-1.292497
-2.034444
2.749253
-8.286389
-1.332187
-0.152649
-1.941688
-0.485622
7.502537
4.357683
9.398468
6.049442
-2.819842
2.944197
1.282741
-1.134169
-1.620755
9.461798
7.505211
2.976444
-0.846546
1.997424
2.855541
-1.272297
-2.645170
1.878849
2.004750
-0.197396
2.150799
0.851966
2.093200
2.381830
-1.304544
1.373401
6.972110
-7.878976
0.113792
-1.523213
5.783839
0.321751
7.853982
9.195546
1.134169
3.816334
-2.953371
2.446854
2.618314
-2.315122
-1.066630
1.919567
2.270689
-1.076855
-1.331565
1.604117
2.828691
0.380506
2.166995
2.116451
2.070143
1.633215
7.782674
1.698306
0.041643
-2.756435
-1.042722
-1.030377
7.170272
2.205823
-2.485897
-2.228685
-0.620249
-6.574642
3.218365
4.345215
2.282255
-2.868584
-2.102520
-0.602287
-1.006227
-7.743324
7.307193
2.855541
-7.770840
-2.553590
-1.249046
-0.950547
1.783735
7.344389
-1.357858
-8.258873
-1.415800
1.815775
2.234842
-3.141593
-0.152649
7.424219
1.943784
-1.138389
-0.982794
-0.231091
0.420197
2.654693
-0.995372
15.624822
-2.256526
-3.628492
0.165149
-2.103640
6.806464
-7.806399
3.294242
1.629552
6.920734
7.853982
-1.237552
15.647431
1.854590
-8.234488
-2.453921
7.627183
1.348135
7.243256
2.688814
8.175732
-0.141897
3.075024
-2.420621
9.282881
2.563691
3.484617
2.441700
2.233999
1.069192
7.510958
-2.634494
2.049149
-1.075245
-1.118642
-1.653938
-1.801887
-2.521343
0.286051
-8.248773
-2.634494
1.937970
-0.057081
-2.209116
2.270689
-2.931953
-0.197396
-2.726101
-1.373401
1.471128
2.432966
0.414507
-7.951235
7.853982
8.028654
3.104573
2.965653
5.439031
-1.060308
3.587698
9.378300
7.225185
0.566729
2.013171
9.171104
-2.375800
0.655696
-7.887303
-2.755710
0.000000
2.920278
1.911775
0.090660
2.135366
-0.728855
-2.034444
0.212432
-2.660705
3.265948
0.389317
-8.183606
-0.141897
-0.977047
1.570796
-0.102207
-0.753151
3.386571
5.656442
7.373094
0.348771
-0.862170
2.450256
-0.113792
6.798734
2.601173
7.089857
6.957926
1.396124
7.777210
2.116451
-1.712693
7.042948
2.568627
-0.054002
2.279423
-2.390664
9.445183
2.331809
1.249046
-2.140110
7.995879
0.607802
-0.499347
-0.132552
-0.588003
-2.291768
7.068583
2.129396
7.159243
-7.801399
-2.004750
-0.579074
-1.042722
-0.815692
15.317356
-2.170847
-2.470449
-1.951303
2.586099
2.868584
