-1.892547
1.750650
0.179853
0.563316
2.101012
-0.191184
0.888480
-0.872137
2.466852
-2.615526
0.286051
0.104877
-2.611377
0.887087
-2.333976
2.140110
-1.508378
-0.064427
1.794273
2.101012
-2.316216
2.634494
-2.466852
-1.004067
2.999696
2.158799
-1.107149
-0.071307
0.093477
1.092444
-1.257895
-2.512796
-1.794273
-1.815775
1.664273
-2.150799
0.414507
0.865228
1.019141
0.965252
3.070285
-1.161888
0.165149
2.432966
2.774419
0.785398
2.256526
-1.853351
-1.721168
-0.128323
-0.739975
2.545394
-0.507099
1.945130
2.132718
-0.165149
1.940130
1.750650
-3.113029
1.994991
-1.405648
2.137526
2.231839
2.279423
0.661043
-2.922924
2.276365
-0.901157
3.079174
-0.094952
2.562518
-2.717398
-0.120624
-2.776391
-0.237836
-0.224711
-1.892547
0.215358
-1.761981
1.122073
-1.405648
1.355439
1.346085
-0.694738
-0.945311
1.196463
1.004067
-1.829567
-0.694738
-0.715744
1.453688
2.132718
-0.960070
0.103082
-2.665897
2.236766
-2.677945
-1.862253
1.602036
-0.176709
-1.420425
2.999696
1.304544
2.101012
2.611377
-1.006227
1.051650
-0.737815
-1.873681
0.846546
-0.699893
2.475623
1.382575
-0.446106
2.553590
1.997424
0.479519
0.837981
3.141593
-2.062606
-0.832981
-1.691420
2.994514
2.717398
-3.026716
-0.623199
2.490516
-2.966920
1.030377
-1.480136
-0.631079
1.570796
2.399645
-0.805803
2.220667
-1.756144
2.485897
-1.963136
0.137066
-2.158799
1.797595
2.231839
0.000000
-1.076855
2.653259
-2.526930
2.732685
-1.725793
1.464061
0.128323
-0.544864
-0.504166
0.561922
0.652847
2.068139
-0.973620
0.418224
-1.570796
1.367751
-2.795054
2.439336
-2.838708
-0.564569
1.989021
0.204018
-1.933341
1.642104
1.601090
-0.446106
-0.117109
-1.596432
-0.034469
-0.507099
1.647568
-2.174546
-0.205395
-1.400061
-1.066630
-2.729182
3.111299
2.062606
-0.896055
-0.916714
0.597177
1.703348
0.000000
3.114572
1.269876
1.637364
-0.154997
0.000000
2.297439
0.321751
-2.356194
-1.533776
-3.050933
2.439336
-1.275355
-2.964884
0.896055
-2.830594
-1.750650
-1.597817
1.685673
-2.396173
-2.356194
3.053585
-1.829567
-2.377468
1.161888
-0.404892
2.969402
-0.822418
1.173717
-1.961403
2.740364
-0.900275
-1.975688
-0.374334
-1.539556
-1.684588
1.030377
2.284887
0.528074
0.519146
1.934775
1.808632
-1.940130
-1.467715
1.618379
-1.965587
2.306236
-1.570796
-2.761086
-2.914794
-2.761086
2.981680
-2.060754
2.265535
1.828120
1.815775
2.265535
-1.831399
-2.483704
-0.480887
0.664046
-2.530867
0.120624
-0.260602
2.561590
3.056087
2.796037
1.639653
1.450173
-1.046001
-0.809784
3.030935
2.810497
1.626295
1.373401
-2.250210
-2.553590
-2.884269
-0.113792
1.951303
-2.050316
0.099669
0.982794
-0.312042
1.878849
1.570796
0.610726
0.938047
-2.105751
-0.620249
-1.844964
-2.231839
1.934775
2.319174
1.313473
-0.933248
1.670465
-2.926235
-2.333976
-2.944197
-0.064427
-2.111216
1.937970
-0.129703
1.215160
-1.222025
2.732685
1.605265
0.735440
2.446854
0.414507
1.570796
-1.467715
1.078987
-0.183111
-1.158386
-0.209023
-1.698306
-2.201876
2.498092
-0.159913
-0.504166
3.056087
2.514850
2.142134
2.397837
-2.265535
-0.159913
-2.819842
-1.570796
-0.759763
-1.450173
0.866302
3.026716
0.488334
-0.876058
2.356194
-2.772259
-1.428899
2.299651
-3.111299
2.776391
2.677945
-0.661043
-1.499489
2.356194
-3.113029
-2.081285
-2.976444
-2.553590
0.099669
1.055247
1.609239
-0.507099
1.867342
0.872137
1.482789
2.736701
2.399645
1.494024
-2.074962
-2.530867
-1.390943
-1.310194
2.524401
-0.694738
2.567288
-2.664247
2.081285
-2.498092
-2.896614
2.375060
0.107690
-0.631079
-2.664247
-2.944197
-2.914794
0.507099
1.015303
-2.111216
-1.778293
0.057081
1.405648
-0.274167
2.919511
3.098142
1.066630
-1.190290
2.457883
-2.135366
-1.063698
-1.999574
-0.880350
-1.525373
2.273053
1.390943
1.570796
-0.902507
-0.687671
1.603043
-2.651635
-2.214297
0.876058
1.837048
2.485897
1.725793
2.446854
-2.651635
-1.792878
-1.281821
1.415800
0.901157
3.141593
-2.785957
0.534955
-0.049958
2.295046
-1.504228
-3.027801
-0.076772
-0.555494
2.059130
1.499489
2.950408
2.101012
-2.293776
-0.404892
-1.856848
2.223643
-0.571337
-0.811034
-1.501940
-2.488746
-0.990794
-2.755710
-1.901094
-2.916881
2.441700
-2.910502
-0.832981
1.063698
2.462179
-2.782822
-2.286540
2.595938
0.209023
-2.981680
-1.492012
1.725793
2.397837
2.744513
0.093477
1.892547
3.075024
-2.485897
2.414950
-1.902856
-2.442933
-0.809784
1.249046
2.221873
2.208345
0.737815
1.933341
-0.698660
3.141593
-1.959115
0.449760
1.892547
2.591739
0.496423
-0.380506
0.856706
0.530216
1.450173
0.132552
1.051650
1.229817
2.301703
0.214061
2.919511
-1.516795
-2.553590
-1.281821
1.086318
1.178456
0.229232
-2.833540
0.721655
-1.913820
-2.627141
-1.424784
2.837082
-2.761086
1.051650
-1.037088
1.508378
2.483704
3.141593
-1.348714
-1.132460
-1.919567
-0.698660
0.000000
-1.080839
-0.974597
0.088007
0.080904
1.956679
-2.853537
2.992703
0.718830
0.185348
-2.855541
2.170847
-1.843805
0.504166
0.561922
0.785398
0.408908
-0.596199
2.981680
1.361773
1.892547
2.930499
2.377468
0.310998
1.348714
-0.957589
1.997424
2.863293
1.712693
2.356194
1.074374
2.657115
-0.205395
0.343024
0.179853
-0.876058
1.597817
2.455863
-0.558599
-2.703256
-2.196281
-2.046492
-1.209067
0.343024
-1.916352
2.587285
2.746802
-0.463648
3.058451
1.570796
-1.844964
-1.963136
2.916881
2.201876
-2.562518
2.664247
0.917950
2.572279
-1.121037
1.823351
0.694738
-0.915101
-1.762844
0.545655
1.337053
-2.611377
-2.086345
-1.446441
0.165149
2.951604
1.979704
-1.313473
-0.976037
-2.847358
3.141593
0.580003
2.265535
0.352990
-0.571337
-0.741947
0.762147
-0.674741
2.903757
1.304544
-2.800614
-0.336675
0.294235
1.037088
3.048116
2.356194
0.702257
2.510513
0.862170
-0.785398
0.729900
0.418224
1.729452
2.245537
2.166995
-0.501604
-3.050933
2.524401
-2.158799
1.637364
-1.494024
-2.292451
-0.170735
-0.340979
0.708626
2.910502
-2.537843
2.176341
1.831399
2.544416
-2.166995
-0.694738
-1.149377
1.325818
-1.132460
0.579074
2.125104
-0.785398
-2.384758
-0.805803
1.959115
-0.631079
-0.041643
-0.698660
0.374334
0.974597
-1.014630
-1.642104
2.265535
-2.649783
-0.300920
-1.094329
2.677945
2.867425
-1.875307
1.352127
-1.467715
-2.194819
2.889038
-1.627877
-0.397079
-3.024484
-1.284745
-2.736701
-0.912908
-0.269167
2.334921
-1.933341
-1.471128
1.815775
-0.596199
-0.033321
1.989021
-3.004526
-0.608689
2.003204
0.718830
0.191184
-1.656302
1.614247
2.101012
0.694738
2.419938
-1.750650
-2.120650
2.439336
-0.785398
-2.536048
3.053585
1.508378
-0.636508
1.831399
0.785398
2.399645
0.442374
-1.446441
-0.737815
-1.138389
-1.035841
-2.704965
-1.773842
-2.356194
-1.451367
1.639653
0.086738
-0.071307
-0.515549
-1.421906
0.418224
2.335789
2.914794
-1.040581
0.721655
-1.603043
-0.304511
-0.927295
1.922241
-1.808632
