0.426627
-1.919567
0.610726
-0.588003
-1.373401
-0.380506
-3.926991
1.107149
-1.279340
-1.892547
-0.909753
-1.869295
-2.642246
0.291457
0.896055
-2.191046
-3.141593
0.896055
-0.960070
-1.249046
0.000000
-1.570796
-3.265948
0.950547
-1.703348
-3.860423
-2.642246
1.012197
-0.124355
-2.279423
1.712693
-0.620249
-2.642246
-3.440092
-1.373401
-2.498092
0.718830
-2.746802
2.403778
-2.634494
-3.682012
-1.892547
-3.075024
1.152572
-1.267911
-2.297439
1.494024
-0.152649
-1.460139
0.519146
0.519146
-1.217806
-3.386571
-4.248741
-5.176037
0.909753
-2.574863
-2.850136
0.982794
-2.214297
-3.770389
-0.558599
2.089942
-1.272297
-3.241261
0.507099
-0.404892
-0.566729
-4.795530
1.750650
-1.152572
-4.641082
-4.823046
-3.360262
0.785398
-1.004067
-4.279981
-0.463648
-2.356194
0.244979
1.446441
-0.463648
-3.770389
-1.042722
-0.152649
-3.433049
-0.540420
-3.785094
-3.802636
-2.034444
-3.966970
0.343024
-1.080839
0.950547
1.570796
-0.489957
-0.982794
1.965587
1.712693
0.000000
-1.815775
0.463648
-2.843094
-0.244979
2.245537
0.785398
-3.802636
2.647651
-2.582993
1.570796
0.000000
-0.927295
-1.004067
-4.353618
-1.499489
-4.003763
-1.325818
0.404892
0.404892
0.367174
-0.165149
0.785398
1.249046
-1.989021
-2.601173
-3.050933
-0.439843
-3.605240
-4.909785
-1.249046
-0.321751
0.862170
-4.153790
-2.191046
0.000000
1.249046
-1.647568
-3.628492
-4.092139
-3.836331
-3.546484
1.487655
-2.245537
-1.292497
-1.831399
0.071307
0.152649
-4.092139
-4.892242
1.997424
0.610726
-2.356194
-0.218669
1.292497
1.570796
-2.098871
-3.463343
-4.037648
-3.321446
-0.896055
0.896055
-2.034444
-0.982794
-2.191046
-2.896614
0.785398
-2.485897
1.494024
-2.792822
-4.193243
-3.141593
-4.331883
-0.226799
-1.212026
-0.165149
-3.070285
-1.633215
-2.723368
1.144169
-4.641082
-0.463648
1.304544
-2.521343
-2.922924
1.892547
-2.944197
1.107149
1.325818
-1.951303
-3.605240
-0.694738
-0.380506
-1.570796
-0.885067
-3.508766
-1.071450
-1.272297
1.222025
-3.463343
-1.405648
0.000000
-2.034444
0.000000
-0.685730
1.107149
-0.610726
-5.034140
-1.937970
-4.248741
-1.989021
-0.982794
-4.390638
1.107149
-0.436627
-3.761842
-3.836331
0.291457
-3.064821
-2.530867
-1.997424
-3.729595
-3.850219
1.107149
1.789465
-1.570796
-5.117281
-1.862253
-3.559817
-4.248741
-3.568220
-0.266252
0.244979
-2.111216
-2.356194
1.647568
-0.610726
-4.712389
-4.213042
-2.303611
-1.989021
-0.885067
0.358771
-3.785094
-0.588003
-0.674741
-0.785398
1.570796
2.098871
0.141897
-1.862253
1.965587
-4.795530
1.570796
-3.522099
-3.041924
1.144169
-1.325818
2.181522
-1.837048
-4.990689
-2.003204
-0.950547
-1.176005
-1.107149
0.708626
-0.927295
0.844154
1.815775
0.876058
-0.358771
-0.218669
-3.985747
-0.099669
-5.252808
-1.405648
-2.910502
0.244979
1.373401
2.034444
2.129396
-2.356194
0.404892
-0.286051
1.570796
-5.279118
0.950547
-1.418147
-1.471128
-1.325818
-3.926991
0.785398
-3.306741
-1.919567
0.090660
0.507099
-2.111216
-2.356194
-3.708322
-1.670465
-4.092139
-3.352686
-3.352686
0.741947
-2.498092
-1.227772
0.558599
0.927295
-0.708626
1.063698
0.982794
0.885067
-1.249046
-1.190290
-1.165905
-2.399645
-3.241261
1.712693
-1.642104
-2.910502
-3.241261
-1.414194
-3.030935
-3.141593
0.000000
-5.545370
-2.914794
-3.605240
-1.222025
-2.677945
1.997424
1.107149
-0.588003
-1.695151
-2.512796
-4.712389
-1.653938
-2.999696
2.356194
-0.785398
-2.356194
-0.418224
-2.111216
-3.265948
-1.359703
-2.256526
1.892547
0.298499
0.909753
-1.892547
-6.004886
2.530867
-2.944197
-0.837981
-3.386571
-1.997424
-1.144169
-0.083141
0.000000
-0.909753
-3.141593
-1.670465
-3.141593
-1.279340
-2.158799
-2.303611
-1.637364
2.446854
1.051650
-3.648691
-1.570796
2.034444
-0.628796
-1.570796
-1.292497
-2.642246
-1.405648
-3.802636
0.785398
1.487655
1.144169
1.414194
0.049958
1.951303
-0.718830
-0.519146
-3.141593
3.141593
-0.620249
-2.455863
-2.553590
1.152572
0.960070
-3.747137
-1.176005
0.463648
-0.367174
0.566729
-1.695151
-3.850219
-2.944197
1.471128
0.862170
0.785398
1.723446
-3.463343
-1.446441
1.373401
-2.256526
-1.781890
1.712693
-3.568220
1.712693
2.574863
-3.752319
-1.212026
1.272297
-1.373401
0.278300
1.570796
-1.446441
-0.321751
-3.141593
2.356194
-1.862253
-5.421015
-1.480136
-2.422763
0.321751
1.190290
-2.677945
-0.588003
-3.605240
-3.141593
1.279340
-4.712389
-3.874408
-5.176037
1.190290
-0.179853
2.083186
-1.190290
-1.892547
-1.107149
-2.736701
-1.929567
0.394791
1.989021
-2.601173
-0.566729
-1.629552
-3.141593
-0.071307
-2.761086
1.837048
-2.677945
0.394791
-1.352127
-1.373401
-1.735945
-1.212026
-0.244979
-2.003204
-2.480549
-0.266252
-3.490364
-1.892547
2.158799
-2.922924
-1.373401
-2.999696
0.358771
0.358771
-2.455863
1.107149
-2.714965
-2.896614
-2.863293
1.929567
-1.212026
0.726642
0.927295
0.141897
0.825377
1.107149
-1.837048
-1.695151
1.849096
1.499489
-1.789465
-0.732815
2.356194
-2.961739
0.927295
-2.214297
-1.892547
0.588003
1.570796
1.325818
0.321751
-2.245537
-1.304544
-1.227772
-2.875341
-2.723368
-3.386571
2.137526
0.141897
0.643501
-0.071307
-3.648691
0.661043
-3.860423
1.789465
-1.712693
-1.390943
-3.463343
-2.601173
-3.433049
-3.141593
-2.279423
-3.463343
-2.403778
-2.792822
-1.869295
1.107149
-1.325818
-0.785398
0.960070
-2.761086
0.862170
-1.892547
0.620249
-3.141593
0.942000
0.141897
1.212026
1.107149
-0.124355
1.107149
-4.248741
0.737815
0.218669
-2.709185
-3.850219
0.358771
-2.408778
0.298499
-3.224734
1.249046
1.325818
-0.090660
1.570796
-0.605545
-1.951303
-3.926991
-4.213042
-0.702257
1.797595
-5.092895
-0.785398
-1.570796
-2.446854
-1.249046
-2.498092
2.245537
-0.321751
-4.547240
-1.570796
0.643501
-0.950547
-1.653938
-3.785094
1.339706
-0.141897
-2.122451
2.111216
-3.030935
0.463648
-3.700192
-2.265535
0.000000
-2.414950
0.291457
-3.041924
-1.570796
-2.999696
-5.264044
-2.601173
-2.589938
-2.077895
-2.961739
0.507099
-4.248741
0.463648
1.418147
-0.643501
-0.076772
0.197396
-1.570796
0.278300
-1.144169
-1.989021
2.356194
-3.326941
-1.471128
-3.218365
-2.070143
-1.508378
-0.394791
0.394791
-3.212900
-3.141593
-2.231839
-2.308611
-0.982794
-0.785398
-3.433049
-5.176037
0.558599
-0.785398
-2.896614
1.712693
-3.141593
-3.433049
-3.306741
-2.498092
-4.712389
-1.815775
-5.387130
-1.063698
-3.440092
-3.785094
1.212026
-2.536048
-3.224734
1.653938
1.222025
-0.418224
-1.570796
1.152572
-1.570796
-1.989021
-2.601173
1.304544
-1.837048
1.480136
0.507099
-4.353618
-0.685730
-0.124355
2.034444
0.244979
-4.279981
-4.420932
1.570796
-0.124355
-1.768192
0.785398
-3.141593
-2.466852
-3.141593
-0.785398
-3.017238
0.785398
0.141897
-0.179853
1.653938
-2.819842
-0.418224
0.507099
-2.279423
-1.107149
1.030377
-3.660739
2.181522
-1.438245
-0.957589
-0.785398
1.849096
-1.735945
0.785398
-0.321751
-3.283490
-1.418147
-0.785398
-1.190290
-1.768192
-2.089942
1.460139
0.982794
