0.062419
2.634494
-2.654693
2.543174
0.000000
-3.265948
2.567288
1.616220
2.677945
-1.199905
1.735945
-2.265535
-0.694738
2.425849
0.785398
0.540420
0.418224
-2.956245
3.141593
-0.226799
2.723368
0.741947
1.030377
-1.570796
-2.432966
0.099669
1.823351
-2.048142
0.039979
0.262995
2.809533
1.058407
-2.517570
-1.152572
-1.147942
1.717875
-1.969319
-2.896614
1.396124
0.000000
-2.677945
-0.563316
-1.681454
-2.774419
0.665969
0.000000
0.785398
1.729452
-2.782822
-1.605265
0.260602
-1.206817
2.408778
1.862253
2.070143
-1.980924
-2.999696
-0.540420
-1.423718
-3.141593
-0.336675
2.570255
-2.149871
0.655696
-3.265948
-1.012197
2.142134
-2.331809
-2.201876
2.245537
-1.753907
0.298499
-2.187093
-0.273009
1.042722
2.356194
1.325818
0.062419
1.060308
1.086318
-1.414194
-1.130954
1.727398
-0.380506
-0.439843
0.665969
2.539305
0.745419
1.971037
-0.236849
0.066568
-3.086094
-2.833540
-2.634494
1.833791
0.643501
-3.228331
-1.152572
-2.570255
-1.681454
0.708626
-2.418613
-0.743756
1.212026
0.090660
-0.785398
-1.471128
-2.788602
0.380506
3.050933
2.356194
-0.266252
1.063698
-2.701750
2.622447
-0.735440
2.181522
0.588003
3.089010
-1.083897
-2.736701
1.107149
0.685730
1.639653
-2.498092
-0.682317
1.487655
-0.785398
-1.373401
2.485897
0.876058
-3.036716
0.278300
1.455920
1.653938
4.248741
-3.141593
-2.279423
1.929567
1.841743
-2.083186
-1.107149
-1.325818
1.661456
0.540420
3.050933
2.432966
0.811034
-1.325818
2.178598
-0.603749
-0.512389
2.677945
-0.665969
0.616297
0.117109
-0.927295
2.475623
-1.418147
0.655696
-1.951303
2.356194
3.036716
2.145101
-0.137066
2.308611
0.819867
2.083186
0.551655
0.141897
-0.896055
-0.394791
1.599360
-1.707863
-0.708626
-2.191046
-1.687905
1.937970
2.819842
0.418224
-2.843094
-1.570796
-2.804918
-3.212900
2.094075
4.712389
1.180189
2.732685
-1.570796
1.695151
1.460139
1.881795
1.815775
1.644735
1.989021
-3.036716
-1.039072
1.570796
-2.297439
-0.968509
-1.258754
-2.408778
0.484478
-2.835714
-1.667270
-1.910089
-2.269456
0.870903
2.526930
2.432966
-2.446854
-2.831890
0.288055
1.160669
0.927295
0.165149
1.858852
2.609869
-0.588003
0.309703
-0.540420
-1.804540
-4.439380
-0.489957
-3.089010
2.533791
-1.781890
0.812419
1.969319
3.094010
-2.782822
-1.828120
0.851966
-1.030377
1.107149
-0.856706
-2.102520
-1.267911
-1.570796
-2.553590
-0.278300
2.961739
-2.034444
0.218669
0.748378
1.310194
2.934096
0.669639
-3.024484
2.119346
-0.785398
-2.181522
-2.316216
-2.517570
-3.041924
2.191046
2.886410
-3.194176
-2.265535
-0.844154
-0.512389
-2.085248
-3.174914
-1.975688
-1.685673
-0.398522
1.815775
2.228685
0.694738
2.651635
-0.558599
-0.614663
-1.238737
0.432408
0.000000
0.000000
-2.582993
2.111216
2.414950
-1.471128
-1.823351
0.885067
-2.875341
-0.704494
-2.657115
0.919720
-0.137066
2.589938
-1.465919
2.083186
1.629552
-2.508844
-0.447520
2.321725
1.957672
-3.180035
-3.141593
0.174672
2.223643
-0.785398
-0.060532
-1.325818
-0.165149
2.743070
2.034444
1.774814
-0.540420
-1.876675
-3.653982
2.485897
-1.873681
-1.892547
-0.463648
-1.806341
-2.956245
-1.673878
1.869295
1.647568
-1.212026
-0.756835
-0.380506
0.620249
2.240435
1.107149
-1.742987
-1.156289
-1.047518
-0.447520
-2.083186
1.525373
2.833540
2.173084
0.825377
2.870646
-0.266252
-2.629203
-3.050933
1.667270
2.618314
0.191184
-1.607816
0.688924
0.745419
-2.741352
2.970857
1.623379
-1.405648
-0.965252
1.183921
-0.305879
-0.179853
2.034444
2.034444
1.071450
0.390607
-2.356194
-1.971037
-1.839964
0.896055
1.618379
-1.107149
-6.328609
2.510513
-1.957672
-1.363300
1.107149
-1.076855
2.819842
-1.843805
-2.953371
1.446441
-1.212026
0.043451
2.356194
-2.508844
-0.896055
1.504228
-2.181522
0.870903
-0.655696
0.531724
0.000000
-2.750986
-0.602287
0.179853
1.373401
0.156602
-2.944197
0.643501
0.253674
1.347320
2.544416
-2.356194
-1.609239
2.427502
-2.736701
-0.600050
-2.631104
-2.907849
-2.187093
-0.718830
-1.969319
0.540420
2.170847
-0.321751
0.114877
2.553590
1.673878
-0.043451
-2.553590
1.373401
1.961403
-0.339293
-0.286051
1.570796
-3.288671
-2.567288
1.929567
-2.356194
0.412410
-0.333244
-3.265948
1.892547
-1.373401
2.964884
1.633215
-2.417343
-2.176341
1.609239
-1.471128
0.493941
-1.665748
2.064738
-1.656302
0.426627
-1.530818
-3.082837
-0.291457
-1.806341
-2.356194
2.414950
-0.129703
3.026716
-2.297439
1.784857
-0.909753
2.034444
-1.325818
1.310194
-0.605545
-3.013269
2.966920
-2.356194
-2.003204
-2.840672
-0.524796
0.699893
-0.625485
-1.083897
-2.279423
0.418224
2.005467
-0.372988
-2.408778
1.060308
-2.145101
-1.363300
0.390607
2.872425
2.459276
1.570796
-0.463648
-3.294242
2.081285
-0.531724
2.896614
-1.287002
-2.231839
-1.279340
-0.851966
0.270947
-2.677945
-1.570796
-1.249046
2.083186
1.604117
2.231839
-4.248741
2.488746
2.508844
2.221873
-2.261243
2.838708
-0.785398
-0.885067
-0.079830
1.325818
-3.096169
0.071307
1.022247
-1.348714
-2.999696
-2.228685
-2.485897
2.677945
-2.808348
-0.174672
1.067953
-0.785398
0.197396
1.060308
-0.321751
0.674741
-1.644735
1.042722
-3.265948
0.808650
1.880499
2.677945
-1.768192
-3.036716
-1.690225
-1.216091
2.677945
2.774419
1.815775
-0.704494
-2.850136
-2.148698
-1.373401
1.352127
-1.158386
-3.041924
-2.221873
-2.521343
-1.030377
2.254506
-1.849096
0.273009
-1.055247
2.158799
-1.969319
-0.531724
2.289626
-0.571337
-0.643501
-0.291457
-2.629203
-2.007423
1.496857
0.380506
-1.363300
-0.165149
-1.951303
-3.326941
1.227772
4.514993
-2.253113
-2.239086
1.815775
2.010639
-0.745419
3.006065
-1.727398
0.588003
0.283794
-0.426627
-1.405648
0.099669
-2.034444
2.214297
2.158799
-2.330559
0.813962
2.517570
0.499347
-0.546789
-0.404892
-4.003763
-1.515298
2.005467
-2.574863
-2.723368
-0.398522
2.338652
-2.062606
-1.421906
-0.370891
1.292497
1.904041
-1.623379
2.567288
-1.299849
-0.688924
-1.339706
-1.435269
0.994421
0.179853
-0.718830
-2.922924
-0.548549
1.961403
1.091277
-1.107149
-1.313473
1.925502
0.620249
1.570796
0.444419
2.098871
-2.570255
2.111216
0.934288
0.938047
-0.512389
-1.339706
2.446854
-2.677945
-2.553590
2.539305
-0.390607
-0.999459
2.746802
0.132552
-1.366778
0.000000
-0.270947
-1.880499
1.657535
1.149377
2.308611
-2.129396
-0.321751
2.466852
-2.356194
-0.628796
-0.493941
2.613518
2.383215
-3.313783
-1.570796
0.732815
-1.107149
-2.999696
-1.172274
3.098142
1.623379
0.785398
-1.261093
2.129396
2.743070
1.656302
-1.837048
-1.007480
1.768192
-2.356194
2.007423
-0.412410
-0.253674
1.603043
-1.925502
2.010639
-0.348771
0.965252
0.694738
-3.105894
-0.278300
1.570796
0.270947
-0.066568
-2.767259
-2.446854
2.129396
1.778293
0.266252
2.709185
-0.404892
-2.754717
-0.141897
1.843805
2.158799
-1.833791
-1.365401
-3.331581
-2.208345
2.999696
-1.398606
-3.141593
-3.013269
-0.558599
