-1.789465
2.956245
2.593043
1.373401
0.540420
-1.801887
9.307669
-2.203545
0.499347
1.180189
-2.312744
2.910502
-2.356194
-1.405648
0.141897
2.850136
0.000000
3.064821
0.785398
-9.164176
-1.019141
-1.299849
0.927295
0.519146
-2.475623
0.665969
-1.745469
3.141593
-2.819842
-1.941688
-3.030935
-1.570796
1.471128
1.352127
-1.249046
2.485897
0.062419
1.499489
-0.463648
0.927295
-2.245537
-0.832981
-0.493941
2.312744
-1.637364
2.312744
-2.485897
1.892547
-2.253113
1.310194
-2.396173
0.380506
-0.218669
-2.245537
-2.185459
-0.493941
0.519146
-1.910089
-1.352127
-9.239430
-2.601173
2.855541
1.499489
-0.741947
1.570796
-2.010639
-2.055274
-2.654693
2.536048
-1.670465
-0.278300
-3.141593
2.647651
-2.010639
1.249046
-2.601173
-2.475623
0.885067
-2.319174
-1.768192
0.688924
-2.003204
9.121893
0.211093
0.605545
-1.862253
-0.463648
0.124355
-2.802300
-1.695151
1.815775
0.610726
-1.190290
-2.750986
-2.521343
-1.961403
1.941688
-2.770701
-2.651635
-2.253113
-0.726642
2.057696
-1.712693
-2.245537
1.138389
-1.310194
-0.197396
0.885067
1.892547
1.352127
2.896614
1.695151
-2.145101
-1.849096
-1.637364
2.122451
-0.260602
-1.570796
2.539305
2.089942
1.815775
3.141593
-2.609869
0.876058
-0.732815
-2.589938
-1.138389
0.000000
-0.519146
2.729182
-1.768192
-0.785398
-1.892547
1.849096
-1.212026
2.214297
1.712693
-2.007423
1.359703
-0.665969
9.424778
0.426627
-0.571337
-2.976444
-2.396173
-2.553590
-0.058756
-2.870646
-0.832981
-1.876675
-2.060754
-0.380506
0.927295
0.432408
-0.748378
-0.571337
0.876058
0.321751
-2.396173
0.436627
1.051650
-2.236766
0.528074
2.142134
-2.214297
0.066568
2.010639
2.273053
-2.750986
-2.176341
-1.681454
1.913820
-1.107149
2.111216
2.966920
-1.267911
1.428899
-2.855541
-2.601173
-0.463648
0.132552
1.051650
1.681454
-1.249046
1.989021
1.508378
2.158799
0.519146
-1.727398
-0.832981
2.432966
-0.999459
2.896614
-1.080839
2.236766
0.632749
0.197396
0.260602
-2.819842
0.566729
-0.298499
-1.983207
-0.436627
9.424778
2.245537
-2.770701
-0.915101
-1.231504
-1.231504
1.892547
-2.158799
-1.325818
2.521343
-0.745419
2.743070
0.231091
1.165905
-1.623379
-0.965252
2.399645
-0.412410
2.060754
2.432966
-2.214297
1.789465
-0.286051
2.446854
9.217282
1.983207
1.892547
1.284745
0.066568
1.815775
0.588003
-0.231091
2.273053
3.017238
1.570796
3.265948
2.485897
1.076855
-0.165149
-0.358771
-1.158386
-0.714091
-0.540420
1.249046
2.256526
-0.982794
-0.610726
2.622447
2.111216
0.058756
-1.212026
0.099669
1.642104
1.892547
-2.870646
-2.582993
0.412410
-0.066568
1.892547
0.655696
0.732815
0.218669
2.007423
9.369279
1.325818
0.278300
-2.145101
-0.927295
-2.654693
0.741947
-0.367174
-0.370891
-1.681454
-0.825377
0.000000
2.508844
-0.124355
9.549133
0.915101
-1.876675
-1.039072
1.012197
1.428899
2.010639
2.802300
2.629203
-2.396173
-0.999459
0.785398
9.133321
2.403778
-0.358771
2.475623
9.206109
-0.278300
0.785398
2.622447
2.570255
-0.463648
-1.030377
-2.761086
-2.214297
2.214297
1.929567
-2.475623
0.885067
-1.508378
-1.873681
0.828849
2.226492
-0.868539
-2.553590
-1.681454
2.158799
-2.508844
-2.922924
0.000000
1.076855
-1.745469
1.570796
-2.622447
3.082837
-0.643501
0.076772
0.655696
2.060754
9.424778
1.570796
-1.107149
2.526930
-1.570796
2.356194
-2.863293
-1.961403
9.424778
1.504228
1.158386
-0.156602
-2.601173
-1.373401
-1.703348
-2.743070
0.066568
2.966920
0.519146
-1.570796
-2.432966
-0.463648
1.107149
2.439336
-0.071307
1.983207
1.227772
2.308611
3.079174
-1.756144
-2.802300
-0.132552
2.034444
-3.141593
-1.570796
2.992703
2.034444
3.041924
2.439336
0.000000
-2.601173
-0.665969
-1.107149
-0.904827
1.570796
0.956133
0.185348
-1.058407
-2.910502
2.203545
2.316216
-3.306741
2.992703
0.655696
2.475623
0.876058
2.439336
-1.284745
-0.432408
2.356194
0.737815
0.218669
-1.518213
0.000000
-0.965252
0.404892
0.571337
-1.284745
-3.024484
1.313473
-2.553590
-2.111216
0.211093
-1.004067
-2.966920
1.249046
1.695151
-1.080839
0.610726
1.735945
2.399645
1.373401
-2.422763
1.325818
-2.966920
-1.352127
1.789465
9.366022
2.321725
-2.930499
2.236766
-2.034444
-2.718739
1.165905
-0.904827
-1.703348
2.699218
-2.788602
1.249046
-0.412410
0.174672
0.463648
-1.460139
1.789465
0.785398
-1.471128
-0.174672
0.197396
0.185348
1.856848
2.819842
2.356194
-2.319174
1.080839
-0.321751
-1.460139
-1.453688
2.399645
-2.129396
-2.236766
2.432966
3.024484
-0.702257
2.303611
-2.308611
2.356194
-1.520838
0.052583
-1.373401
-2.057696
2.677945
-1.929567
-1.570796
0.000000
-2.142134
-0.343024
1.284745
-2.013171
9.424778
-0.270947
-2.761086
3.041924
1.339706
-1.158386
-1.687905
3.194176
1.019141
2.863293
-0.915101
1.983207
2.896614
-1.325818
-2.582993
2.057696
2.003204
-0.211093
2.273053
0.655696
2.191046
2.396173
-1.385448
1.292497
0.602287
-1.626295
0.066568
-1.512041
-0.463648
0.489957
1.570796
9.372195
1.152572
-2.516108
-2.910502
2.475623
2.567288
-2.396173
-1.083897
1.892547
2.245537
-1.217806
-1.396124
1.504228
2.677945
0.321751
2.158799
2.142134
1.983207
1.815775
1.428899
1.745469
0.000000
-2.729182
-1.134169
-1.128422
0.876058
2.083186
-2.319174
-2.319174
-0.694738
0.000000
3.041924
-2.013171
2.312744
-2.750986
-2.010639
-0.785398
-1.107149
-1.670465
1.080839
2.677945
-1.508378
-2.536048
-1.051650
-1.030377
1.712693
1.190290
-1.284745
-1.815775
-1.396124
1.789465
2.256526
-3.252250
-0.358771
1.190290
1.929567
-1.249046
-0.927295
-0.110657
0.367174
2.536048
-0.999459
9.300423
-2.508844
-3.682012
0.218669
-2.142134
0.588003
-1.570796
3.246470
1.745469
0.528074
1.789465
-1.180189
9.424778
2.142134
-1.913820
-2.403778
1.446441
1.272297
1.039072
2.589938
2.098871
-0.231091
-3.141593
-2.508844
9.268176
2.539305
-2.819842
2.396173
2.226492
0.885067
1.339706
-2.723368
1.703348
-1.190290
-1.190290
-1.756144
-1.862253
-2.432966
0.218669
-2.111216
-2.677945
2.034444
-0.071307
-2.279423
2.245537
-2.966920
-0.058756
-2.704965
-1.385448
1.325818
2.393215
0.540420
-1.570796
1.570796
1.929567
3.194176
3.030935
-0.745419
-0.785398
-2.835714
9.292226
1.030377
0.566729
1.815775
2.976444
-2.356194
0.588003
-1.414194
-2.701750
0.218669
2.896614
1.756144
0.218669
2.089942
-0.655696
-2.142134
-0.291457
-2.629203
3.141593
0.197396
-1.961403
0.000000
-1.051650
1.735945
-0.124355
-0.950547
-3.079174
-0.571337
1.039072
0.260602
-0.915101
2.214297
-0.278300
0.432408
2.521343
0.965252
0.512389
1.438245
1.272297
2.034444
-1.735945
0.602287
2.316216
-0.174672
2.308611
-2.439336
3.141593
2.521343
1.352127
-2.119346
1.626295
0.702257
-0.512389
-0.110657
-0.643501
-2.356194
0.862170
2.060754
0.927295
-1.446441
-2.083186
-0.571337
-1.130954
-0.876058
9.133321
-2.319174
-2.475623
-2.003204
2.393215
3.036716
