2.601173
-1.076855
1.428899
0.197396
0.380506
0.463648
-8.639380
2.642246
-0.837981
-0.099669
0.348771
-1.272297
-0.321751
1.768192
2.089942
-0.726642
-1.768192
1.494024
-0.380506
0.785398
1.405648
-1.042722
-2.158799
2.137526
-0.960070
-7.743324
-1.929567
2.819842
1.279340
-0.851966
3.141593
0.628796
-2.158799
-7.635313
-0.165149
-1.480136
2.289626
-2.034444
3.141593
-1.712693
-3.050933
-0.960070
-8.930837
2.289626
-0.588003
-1.107149
1.997424
1.249046
-0.278300
2.034444
1.951303
-0.540420
-8.992370
-9.006554
-8.884358
2.512796
-0.463648
-1.051650
1.723446
-1.176005
-9.197979
1.373401
2.863293
-0.266252
-8.795982
1.405648
0.785398
0.152649
-8.317629
2.863293
-0.141897
-9.259629
-8.961130
-8.586797
1.647568
-0.165149
-8.497483
0.927295
-1.487655
2.214297
2.530867
0.844154
-9.029987
-0.321751
0.528074
-2.356194
0.266252
-8.905632
-9.057604
-1.325818
-7.712085
2.896614
-0.380506
2.408778
2.647651
2.089942
0.463648
2.677945
-1.951303
1.768192
-0.960070
1.661456
-2.122451
1.570796
2.819842
2.422763
-9.244924
3.141593
-0.244979
2.677945
0.394791
0.507099
0.165149
-9.197979
-0.499347
-9.197979
0.000000
1.460139
2.158799
1.390943
1.405648
2.245537
1.997424
-0.785398
-2.089942
-1.712693
0.358771
-8.175732
-8.961130
-0.110657
2.356194
2.976444
-8.866179
-1.176005
1.570796
2.289626
-1.249046
-7.853982
-9.029987
-8.580624
-8.019130
2.245537
-1.570796
-0.718830
-1.176005
1.373401
1.212026
-9.146478
-2.944197
2.601173
1.951303
-1.203622
0.909753
2.574863
2.819842
-0.785398
-2.988943
-8.836775
-8.019130
1.249046
2.129396
-0.588003
-0.628796
-0.463648
-1.849096
1.487655
0.000000
2.077895
-2.070143
-8.917679
-0.862170
-9.076007
1.815775
0.124355
1.373401
-1.222025
-1.292497
-1.570796
1.735945
-8.098960
1.570796
2.356194
-1.570796
-8.019130
3.283490
-2.303611
-3.141593
2.356194
0.000000
-8.705948
0.244979
1.937970
-0.540420
-0.141897
-8.639380
-0.785398
0.000000
1.997424
-8.317629
-0.165149
1.951303
-1.107149
0.367174
0.896055
2.976444
0.165149
-9.133321
-1.004067
-9.424778
-0.844154
-0.165149
-8.639380
2.297439
0.099669
-8.961130
-8.441984
0.896055
-2.356194
-1.071450
-1.359703
-7.210481
-7.853982
2.761086
3.306741
-0.426627
-9.424778
-0.674741
-8.961130
-9.044272
-9.029987
0.291457
1.405648
-1.815775
-1.723446
2.356194
0.076772
-9.314121
-9.133321
-0.463648
-0.643501
0.418224
2.634494
-8.763735
0.982794
0.000000
0.876058
2.843094
2.308611
2.356194
-1.004067
2.944197
-9.341637
2.530867
-8.705948
-2.308611
2.498092
-0.380506
-2.896614
-0.380506
-8.639380
-1.304544
-0.380506
0.197396
0.000000
1.892547
0.380506
2.034444
2.976444
2.181522
1.030377
2.214297
-9.076007
1.951303
-8.866179
-0.588003
-1.292497
1.373401
2.976444
2.896614
3.283490
-1.249046
1.570796
0.507099
3.141593
-9.019886
2.289626
-0.674741
-0.321751
0.862170
-9.146478
2.231839
-2.245537
-1.030377
1.190290
1.951303
-1.418147
-0.499347
-9.158526
-0.321751
-9.103027
-9.197979
-9.057604
-3.141593
-0.463648
1.249046
1.570796
2.034444
0.266252
2.214297
1.892547
3.141593
0.099669
0.463648
0.927295
-1.892547
-2.034444
3.546484
0.000000
-0.588003
-8.258873
0.165149
-8.343939
-1.107149
2.214297
-9.066007
-2.034444
-8.750037
0.244979
-1.570796
2.819842
1.695151
0.785398
0.708626
-1.975688
-8.698136
-0.124355
-1.892547
2.976444
0.558599
-0.927295
0.661043
-0.862170
-7.853982
0.291457
-1.570796
2.613518
1.570796
2.677945
1.249046
-9.103027
-0.950547
-1.428899
-0.165149
-8.528723
-0.708626
-0.463648
1.030377
2.422763
0.099669
-1.892547
-0.463648
-9.044272
-0.404892
-1.570796
-1.797595
-1.144169
3.141593
2.944197
-3.141593
0.141897
2.642246
0.179853
0.000000
1.249046
-1.919567
-0.726642
-9.081754
2.214297
2.408778
1.862253
-3.141593
2.111216
2.999696
0.165149
0.982794
-1.570796
5.819538
1.190290
-0.694738
-2.181522
2.553590
1.373401
-8.998150
1.570796
1.768192
0.718830
1.004067
-0.380506
-2.863293
-1.735945
2.642246
1.997424
2.761086
2.613518
-8.836775
-0.463648
2.999696
-1.797595
-0.896055
2.999696
-7.688833
2.677945
-1.107149
-7.575682
0.218669
2.761086
-0.960070
2.129396
2.582993
-0.197396
1.570796
-7.995879
3.050933
-0.588003
-8.836775
-0.540420
-1.138389
1.768192
2.944197
-1.418147
0.197396
-1.951303
-1.190290
2.601173
-8.730040
-7.656586
-9.103027
1.750650
0.380506
-3.338988
-0.358771
-1.107149
0.380506
-1.712693
-0.463648
2.129396
2.792822
-1.405648
1.570796
-1.176005
-8.019130
2.077895
-0.463648
2.613518
-1.975688
2.498092
0.291457
-0.674741
-1.004067
0.099669
0.367174
-1.570796
-1.144169
0.643501
-8.998150
-1.499489
-2.875341
-7.688833
0.099669
-1.570796
2.158799
2.034444
-1.405648
2.414950
-2.034444
-0.896055
-2.356194
-3.536384
-0.291457
2.111216
2.077895
1.670465
2.279423
1.919567
-0.558599
-0.463648
3.306741
2.819842
-0.785398
0.507099
3.141593
-1.712693
1.487655
-1.279340
-0.844154
2.896614
2.896614
2.158799
1.190290
-1.071450
-0.643501
1.292497
-2.408778
-1.570796
-8.639380
3.041924
1.570796
1.249046
1.325818
-9.300423
1.373401
-8.394401
2.999696
-0.960070
0.000000
-8.698136
-1.723446
-8.930837
-1.249046
-1.063698
-9.019886
-1.975688
-0.862170
-1.071450
2.530867
0.000000
1.107149
1.570796
-2.034444
2.601173
-0.785398
1.570796
-0.588003
2.034444
1.352127
2.070143
-3.252250
1.190290
1.892547
-8.639380
1.661456
1.892547
-0.876058
-9.103027
1.735945
-1.892547
2.191046
-1.735945
2.297439
2.111216
1.989021
2.158799
1.892547
-0.643501
-2.988943
-9.103027
2.034444
2.231839
-9.300423
0.718830
0.000000
-1.570796
-0.837981
-1.849096
2.746802
0.927295
-9.103027
0.165149
1.405648
-0.090660
-0.851966
-8.992370
1.892547
1.373401
-1.176005
2.819842
-1.735945
1.570796
-8.961130
-1.695151
1.107149
-1.647568
1.107149
-2.199593
0.165149
-1.892547
-8.961130
-1.849096
-0.851966
-1.190290
-2.158799
1.325818
-8.858049
1.768192
2.158799
0.165149
0.394791
1.373401
-0.380506
1.405648
2.034444
-0.785398
3.064821
-1.107149
-0.165149
-2.677945
-1.144169
0.291457
0.851966
2.944197
-8.686963
-8.175732
-0.643501
-0.927295
0.266252
-0.179853
-8.639380
-9.103027
1.735945
1.373401
-1.570796
-3.030935
-2.642246
-7.853982
-7.688833
-0.643501
-9.206109
-1.107149
-8.804528
-0.321751
-8.763735
-9.076007
-2.356194
-0.321751
-8.464708
2.480549
2.976444
0.519146
-0.837981
2.356194
-0.380506
-1.343997
-1.750650
2.761086
-1.012197
3.306741
2.034444
-2.850136
0.909753
1.570796
2.356194
1.570796
-7.656586
-9.259629
2.863293
0.909753
-0.588003
1.390943
-2.231839
-1.653938
-8.795982
0.179853
-1.951303
2.976444
1.222025
1.107149
2.976444
-0.785398
1.570796
2.761086
-0.960070
0.000000
2.303611
-8.814052
3.306741
-0.896055
0.027020
1.030377
2.356194
-0.244979
1.919567
1.107149
-8.317629
-0.674741
1.212026
-0.674741
-1.203622
0.896055
2.819842
1.418147
