-0.180764
-0.150294
2.480698
-0.092355
0.153181
0.160414
-0.112339
0.028879
2.431257
-0.017238
2.413183
2.356411
2.478994
-0.290914
-0.150178
-0.126899
-2.386145
0.248548
0.079289
-0.945361
2.413235
2.347726
0.032063
-2.401764
2.853910
2.391433
-2.422159
0.140589
-0.192843
0.120120
2.484438
2.373460
2.298317
0.189519
-0.113792
0.079660
0.219111
-0.100776
0.031090
-0.178192
-0.131093
0.257790
0.268346
-2.491923
0.986848
-0.156174
2.336728
0.134351
2.338753
-0.231900
-0.072623
2.384139
0.926932
-2.495634
0.201506
0.134399
0.869189
-2.467713
2.376011
0.271507
-0.128024
0.121568
0.177918
-0.082716
-0.080054
-0.167857
2.226932
-2.390700
0.123035
2.367200
0.107173
2.459773
3.636670
-0.196630
-0.069316
0.314070
0.311324
-0.139779
0.037969
-0.033864
0.054641
2.942276
-0.183742
-0.157504
0.178991
2.340962
0.050897
-0.136420
2.361714
2.335634
0.179519
-0.055641
2.612646
1.582434
2.509524
-0.083432
-0.223023
0.519335
0.642374
2.288267
0.266394
0.184533
0.009812
-0.034093
2.371718
0.028410
1.786902
-2.424192
0.063821
2.359544
-0.230612
-2.184459
0.041913
-0.311878
-0.051039
0.169308
0.148688
0.016100
0.367097
0.121238
0.153670
0.100171
0.176206
-0.155370
2.293516
2.332084
-0.074893
2.461569
-0.089691
-0.273391
2.443020
-0.186938
-0.145592
2.473907
0.933785
-2.298574
0.008481
0.223795
-0.159402
2.382538
2.851962
0.070738
0.034379
-0.198346
-0.139597
-0.091110
2.321934
-0.014821
2.526968
0.167982
0.172592
0.414991
0.155287
-0.946383
-0.072500
2.467405
0.159480
0.204955
-0.117240
-0.936535
-0.012481
-0.228053
0.083732
2.354919
0.029576
-0.065687
0.170877
0.345188
0.189661
-1.595912
0.147500
2.491813
-0.077487
0.169521
0.142301
0.163223
0.107753
-0.036678
2.325897
-0.101161
0.093367
-2.421168
-0.094884
0.021359
-0.184367
0.101301
-0.176294
0.129352
0.158886
0.952792
0.325878
0.117354
0.041346
0.002951
-0.070671
0.715972
0.995854
0.014684
0.455543
1.451123
0.160523
-0.099628
0.101968
-0.122228
0.110940
0.103839
-1.716266
-0.175939
0.056174
0.372561
-0.056937
0.077368
0.157893
-0.018316
-2.370644
0.306619
2.664513
0.101808
2.411472
-0.047836
0.224773
-0.111076
0.001798
-0.168253
-0.107939
2.409169
2.579598
-0.080503
0.397414
2.313480
-0.083702
-1.764731
-2.304853
0.339017
2.406110
-0.120819
-0.155873
-0.053034
0.282203
-1.607804
-0.117137
0.525799
0.090469
-0.152862
1.058710
-0.178081
0.685490
-0.146012
2.363659
-0.214191
-0.182625
0.166889
2.831421
-0.187368
0.150343
-0.165510
-0.194219
0.095353
-0.205650
0.102444
0.004478
2.598392
0.293270
0.073711
-0.151149
-0.188999
0.054668
0.172838
-0.907865
-0.103379
-0.808034
0.310643
2.444859
-0.190720
-0.109511
2.325154
-2.467037
0.108785
0.191396
-2.415453
-1.009751
0.060421
0.202070
0.153613
0.022039
2.372986
0.001376
0.192282
0.134579
0.345180
1.011155
-0.196676
-0.278078
-2.320883
-0.099251
-0.077107
0.054183
-0.084704
-0.160133
-0.116187
0.186027
0.046855
0.093970
0.155862
0.120975
-0.063565
2.407546
2.381400
2.291036
0.375863
0.049067
2.428648
0.100287
0.206533
0.077019
-0.110478
-2.489039
-0.180109
-0.925083
2.357458
0.248430
-3.125466
-0.095214
-2.382308
2.385627
2.362619
-0.008120
2.411321
-0.409050
-0.193397
-0.183490
0.170569
-0.153824
0.122327
-0.137866
2.604904
-0.024672
-1.342334
-0.164353
-0.218421
0.025941
0.083587
-0.152384
-0.137419
0.110177
0.063004
1.069922
2.392374
0.014422
0.641328
0.095584
2.289508
-2.406004
-0.011474
-0.072743
0.146015
0.142072
-0.230099
0.103925
-0.147534
-0.244233
2.458048
-0.067808
-2.435629
0.079410
2.405307
0.188893
0.034155
0.001079
-0.016383
-0.049097
0.139038
0.165669
-0.252653
0.184968
-0.349531
0.173973
0.074482
2.209325
2.596185
0.397580
2.379378
-0.150860
0.089738
0.295650
0.113064
-0.249158
-0.137260
2.412011
0.369276
0.224311
0.134640
1.100562
-0.227841
0.111289
2.346226
0.279954
0.022780
0.341650
0.070671
0.222202
-0.323186
-2.161620
2.364361
-0.083976
-0.041694
3.815995
0.106868
0.193575
-0.792296
-0.119555
0.367032
2.344249
0.057567
-0.157988
2.320324
-0.216530
2.319758
3.311968
2.260076
2.367091
-0.042747
2.696417
-0.244703
-0.114892
0.033300
0.105199
0.037963
0.076915
2.649451
-0.165193
-0.863163
2.381401
-0.204237
0.141346
0.121226
2.400233
2.616317
-0.041944
0.201303
0.036909
-0.049395
-0.553126
1.087735
-0.085912
0.127229
-0.023446
-0.186312
0.065213
1.200247
1.015247
0.088203
0.130903
-0.152617
-2.474836
-2.331949
-0.200082
2.347744
0.121382
2.370052
0.655986
0.013841
-2.388835
0.049828
0.150536
0.283536
0.174675
-0.180711
0.037449
1.630032
-2.361587
0.530324
0.106021
-0.270533
1.552912
-0.112838
2.403755
2.492879
-0.145035
0.417756
0.188896
0.208027
-0.042293
0.123611
0.471647
0.894796
-0.147771
0.086217
2.349246
-2.360622
0.193708
0.187208
0.021609
3.221838
0.065380
0.277590
-0.039930
-0.066314
-0.114421
0.127518
0.051299
-0.094580
0.101831
-1.002815
0.143178
2.450136
2.411029
2.329076
-2.373683
0.104451
-0.152152
0.356658
0.123693
-0.012408
0.091214
2.216946
0.017903
0.199957
0.122487
2.389137
0.070049
0.195771
0.010695
0.168234
0.083072
2.413963
-0.144801
0.183434
0.045948
-0.248666
-0.065362
0.169327
2.287551
0.090948
-0.215008
0.129350
-0.132501
-0.221824
2.321189
0.001550
2.355913
0.072386
0.580215
-0.192761
-0.011500
-0.206968
-2.348477
0.254895
-0.141766
0.116738
-0.010304
-0.219118
-1.404141
0.160656
-0.086198
2.361919
0.238731
0.280795
0.153213
-0.122625
0.232539
0.082034
-2.413893
-0.111083
-0.269371
2.365029
0.060946
0.138832
0.060975
0.047717
2.429166
-0.121566
-0.184293
0.229068
-0.118394
0.428504
-0.146071
-0.144237
0.056287
2.341365
2.588593
-2.368325
-0.085934
2.379769
2.529440
2.534806
-0.187442
-0.216202
-0.945817
2.446166
0.164248
0.050537
0.163970
1.960034
2.292059
2.283392
-0.119012
-0.060700
-0.060258
2.342307
2.586294
0.178743
-0.182451
0.087684
-2.306493
-2.334449
-0.123807
-0.236846
-0.834905
2.305788
2.373329
-0.034955
0.149096
0.030433
0.134340
2.383980
1.229165
-0.163604
0.111440
0.153995
-0.160680
0.102608
1.532917
0.305661
1.635973
0.309749
0.149430
2.450983
0.164528
2.359526
0.160828
-0.088416
0.103861
-0.055428
0.122056
-1.280703
-0.223058
0.142072
2.360568
2.320369
-0.800900
-1.346190
-0.039901
0.245647
0.105996
-0.184777
0.014537
-0.102240
-0.226038
-0.217692
2.362080
-0.051226
2.451318
0.095222
-0.074825
-0.195580
0.123105
-0.234965
-0.177456
2.472922
0.395217
0.060358
2.311149
2.484484
-0.063884
-0.112549
0.121617
-0.029161
0.153043
2.437588
0.300660
-0.197429
0.091165
0.063026
-0.147248
0.429503
-0.258265
0.190741
-0.148124
2.540318
0.095973
0.066068
0.003439
0.121077
-0.195395
-0.218315
0.894209
-0.241572
0.069661
2.404258
