-0.075927
-1.332102
-0.152958
0.075246
-0.006980
-0.103364
1.554093
0.117315
-1.951463
-0.345468
-0.037492
0.203026
-0.045071
1.293031
0.119715
-0.053640
-1.436583
-0.281574
0.162795
-1.413941
-1.533444
-0.174651
-0.024794
-0.032129
1.380340
-0.299785
-1.608984
-1.322826
-1.423026
0.149746
0.097597
-0.197933
-0.100923
-0.213666
-0.220298
-0.420277
-1.599307
0.158709
0.050367
0.043694
-0.163056
-1.509116
-1.388471
0.170421
0.239823
-0.154900
-1.462070
-0.220212
-0.091314
-0.080314
-0.315324
0.152887
1.431839
-0.265640
-0.050047
0.020824
-1.559812
-0.142017
0.004875
-0.105385
-1.632037
-1.471133
-0.208850
-0.344507
-0.196397
-0.184639
-1.489674
-0.208180
-0.439918
0.269619
0.008911
1.561125
-0.295766
0.108848
-0.228795
-1.501140
1.244890
0.064695
0.070051
-0.206911
-1.664068
0.075336
0.051860
-0.090330
0.263309
1.368230
-1.547467
-0.185550
-0.069651
-0.110086
-1.435456
1.555233
1.630948
0.126901
-1.298765
-0.282181
-1.350264
-1.620287
-1.608694
0.258519
-0.272347
-1.413615
-0.208541
0.185055
-0.137790
1.385494
-0.046808
-1.483137
1.482694
0.138247
-1.562598
-0.058575
-0.287613
-1.570097
-0.198320
-0.090569
-0.435378
0.219640
0.182411
0.145694
-1.360696
-0.325110
-1.645027
1.475916
-1.407889
0.051743
0.152869
0.007144
-0.097017
0.066239
1.376037
-0.182853
0.077258
-0.218625
-0.088230
-0.442525
-1.245707
-1.893206
0.053404
0.075015
-1.235153
0.122903
-0.218063
-0.205564
-0.103976
0.060797
-1.593812
-0.383330
-0.161460
-0.155125
-1.594045
0.082376
0.041485
1.525606
0.030541
-1.378749
1.475350
-1.564721
1.314511
-0.098555
0.053144
-1.469656
-1.889311
-0.324673
-1.473204
-0.423159
-0.382303
0.064059
-1.441685
-1.509460
-0.372041
0.046848
-1.598600
-0.248268
-0.334046
-0.357916
-0.133045
-1.477338
0.128480
1.221842
-1.425568
-0.082467
-0.145961
0.103262
-0.040103
0.137144
0.004866
-1.680422
0.203320
0.015733
0.196197
-0.462365
-0.335832
0.051312
-1.502298
-0.215460
0.077813
-0.170921
-1.433573
-0.349951
-1.814430
-1.367972
-1.207752
-0.159151
0.057207
1.503379
-0.056688
-1.490638
0.082229
-1.295261
0.071431
-0.389842
-0.002355
-1.580098
-0.291103
0.214479
0.093323
0.187390
-1.395184
-1.362724
-0.132476
-0.116854
-1.360181
-0.141742
-0.199132
0.290972
-1.436182
-0.273181
1.450899
-0.177199
0.118225
0.130088
0.175308
0.018645
-0.001126
-1.584365
-0.123976
-1.543347
-0.052214
-0.277286
-0.045938
0.215022
-1.471719
-0.412774
0.023044
-1.244175
0.092488
-0.333823
0.134328
-0.005176
1.628006
-0.316791
-1.421791
-0.264457
-0.002076
-1.526653
-0.042642
0.374656
-1.526999
-1.474209
0.195271
0.132992
-0.234001
-1.552310
-0.002611
-0.116174
0.027162
0.113836
0.038452
-0.191343
-1.312448
-0.067895
-1.765242
-0.262717
-0.095419
0.019973
-0.105998
-0.107616
-0.087556
1.298589
0.042444
-0.296032
0.180118
1.378243
-1.565001
0.103815
0.045424
-1.463377
0.146429
0.094964
0.180083
-0.338401
0.145490
0.136664
0.019806
0.027168
-0.101861
-0.006901
0.138602
-0.020412
-0.303316
1.571856
0.246328
0.173394
-0.009749
-0.079729
0.246053
-0.114153
-0.271056
0.211167
-1.254140
1.391413
-1.315532
0.014319
-1.252507
0.058383
-0.308448
-1.492991
-1.532007
1.344753
-1.505380
-1.459068
-0.127682
-1.530754
1.610630
-1.329028
-0.071899
0.010601
0.078547
-0.329688
-1.321794
1.455338
0.078773
1.206038
-0.049320
-1.470910
-1.395264
-0.379425
0.194135
-0.209832
0.031631
-0.114188
0.042186
1.434997
0.301601
1.377658
-1.465039
-0.030188
-1.351213
-1.348026
1.314729
0.075300
-1.488574
-0.106984
-0.287322
-1.486398
-0.152927
-0.019925
-0.116453
0.154040
0.232395
-0.026512
-1.847216
0.096004
0.173598
-0.074204
-0.272412
1.454206
-1.453687
-0.112266
-1.510430
-0.075619
0.093078
-0.159637
0.045600
-1.736856
-0.238967
-0.401565
-0.158519
1.624035
0.015308
-0.211980
-0.010625
0.146582
-0.213746
-1.385025
-0.313431
-0.544052
-0.384206
-1.397785
1.272193
0.058545
0.081542
0.011060
0.089963
-1.538327
-0.107645
0.072495
-0.130852
0.059869
-0.218242
-0.095518
1.373019
-0.043018
-1.534883
0.052213
-0.394016
1.536595
0.130166
0.190556
-0.401353
-0.340605
-0.095896
-0.094732
-1.585800
0.038688
0.149426
-0.204005
0.183395
-1.397630
0.078351
-0.290054
0.069170
1.471778
0.145624
-0.399140
-1.365325
0.092189
-1.599917
-0.284668
0.174790
0.073458
1.652861
0.037583
0.148869
0.020752
-0.236421
0.060823
-1.571426
-0.413901
0.248120
-0.071551
-1.371348
0.086798
-0.214559
0.026719
0.067946
-1.833101
-0.300674
-0.255556
0.100699
-0.055785
1.607485
0.261709
0.017297
-0.009184
-1.389261
-0.221782
-0.095150
-0.178350
-0.010213
0.184153
0.393839
0.209865
-0.150882
-0.189212
0.133329
0.025237
-0.427073
-0.133378
-1.519605
1.289193
0.038578
0.057234
0.095577
-0.018382
1.357151
-0.045878
-0.202969
0.058599
-1.489173
-0.341753
0.129496
0.086791
-0.374990
-0.198731
-1.608777
0.057234
1.484882
-1.915853
-0.325148
-0.373244
-1.357654
0.054774
0.097828
-0.239498
0.014964
0.160994
0.013887
-0.059101
-1.458807
-0.056071
-0.140420
0.169157
0.111073
-1.881278
0.126429
0.046369
-1.436875
-1.436071
-0.305430
-0.060622
-1.823881
0.227863
0.160416
-1.535161
-0.122477
1.631568
0.037089
-0.076730
-0.021445
-1.442973
-1.443634
-1.357549
-1.587803
0.185350
-0.413097
-0.328196
0.088294
-0.007029
-0.105236
-0.168652
0.125167
-1.459530
-0.311197
-0.272899
-1.344496
-0.127994
1.311706
-1.469605
0.150339
-0.007166
-1.343204
-1.516972
-0.277424
-0.250844
-1.319447
-0.197822
-1.434248
0.007818
0.068911
-0.078288
-0.108685
0.093197
-1.553202
1.678232
-0.302834
1.372515
0.081771
-1.336900
-1.593794
-0.042451
-0.153840
-0.404734
-1.528646
0.271990
0.100071
0.218453
-1.431887
0.086090
-0.325901
-0.186408
-0.383677
0.081205
-1.549544
1.317289
-1.405219
-1.456077
1.625963
0.143877
-1.403845
-0.516758
0.092882
-0.049616
-0.067277
0.067947
-1.787721
-0.095652
-1.649896
0.086585
-1.405373
-1.354637
-0.177362
1.396906
0.156694
-1.299646
-0.339351
-1.458714
1.740802
-0.301783
0.110567
-0.083001
0.012523
-0.015257
-0.331235
0.112612
-0.222797
-0.347562
-0.343880
0.119521
0.012690
-0.086627
1.449764
0.079218
0.008636
-0.026476
0.111343
-0.105996
0.160452
-1.453963
0.144025
-1.442785
0.043971
-0.067168
-1.629682
-0.038028
-0.302157
-1.840279
-0.312762
1.371293
0.078326
0.208368
-1.309289
-0.112322
0.045471
-1.629252
-0.059958
0.018625
0.238230
0.009729
-1.592187
0.054274
0.052632
0.046890
-0.329114
1.185076
-0.414871
-0.010670
0.023950
0.277395
-1.462875
0.126307
-1.563689
0.117459
-1.643842
-1.358886
-0.189705
0.056973
-0.239497
0.037565
1.455873
-0.357230
-1.352753
1.373867
-1.571351
1.495068
-1.317214
-0.239132
0.012153
-0.243190
-0.008426
-0.342342
0.267599
1.406593
0.128733
0.193553
-0.067707
-1.382110
-1.408826
0.087764
-0.167559
0.256813
-1.553048
0.035740
-0.207511
0.063810
0.199491
-0.140083
0.178744
0.156499
