0.169225
-1.208526
0.524483
2.099774
0.034725
0.052515
-0.895586
0.467395
-1.325727
-0.219336
0.005387
0.195323
-0.351290
-1.517543
-0.169739
0.355464
0.617148
0.165405
0.267772
0.053554
-1.178878
0.174511
-0.071669
0.211206
0.295746
0.057603
-0.140633
0.110831
0.160720
-1.326049
1.586692
0.126414
0.137032
-1.169965
0.244175
-0.241373
0.413978
0.219204
-1.270546
-1.016459
0.280059
-0.081321
-0.022266
-1.197311
-1.304428
-1.510905
0.476787
1.298214
0.152210
0.124574
0.028625
0.078488
0.583095
0.134098
0.105340
0.126844
-1.280361
0.052967
1.568069
0.081331
0.629704
0.407800
0.198068
-2.867411
-1.121709
0.167208
0.003312
-0.065224
1.592668
0.365114
0.166474
-0.196618
-1.481505
-1.728769
-1.569221
0.068268
0.603423
0.184966
-0.131460
0.095083
-0.074686
-1.346394
-1.300430
0.880388
0.492178
0.317131
1.950709
0.379187
0.505347
-1.466543
0.036040
0.184766
-0.117111
-0.035482
0.096634
-1.299037
0.085436
-1.218108
-1.361267
0.415320
1.398833
1.727782
0.084297
0.462472
0.215529
-0.073882
-1.418064
0.081008
-0.101158
-1.436709
0.738185
0.241361
0.505155
0.340188
0.235849
0.450988
0.606701
0.450361
-1.399178
0.043232
0.107146
0.232100
0.187056
0.181349
0.173144
0.163768
-1.256892
1.455679
0.803592
0.147170
0.140917
0.064225
0.114493
-0.021658
0.078387
-0.058370
0.161333
-0.139306
0.074884
0.021841
0.525827
0.253809
1.652521
0.482027
0.191442
0.479369
0.103617
1.304249
-1.265606
0.144888
-1.584440
-0.023527
-1.118508
0.534972
0.164146
0.065468
2.063346
0.405344
0.454111
-0.163407
0.099025
0.137620
-0.010638
-1.388191
-1.511802
0.057536
0.482405
0.334267
0.358706
-0.006563
-0.134824
0.314012
0.515905
0.255564
-0.175312
0.362010
0.037437
-0.058640
0.025174
-0.156489
0.159397
0.215478
0.046847
0.151660
-1.347938
0.120465
1.526254
-1.448703
0.071521
0.079078
0.497939
0.513907
-1.449265
-1.354385
0.158380
-0.250912
0.213620
0.327787
-0.033576
0.199238
-0.255138
0.211376
1.326778
0.343545
0.090320
0.260094
0.257862
-1.674161
-0.220615
-0.037162
0.463884
-1.231620
0.408365
-1.322929
-1.188769
0.191189
0.000230
1.432400
0.063274
0.303040
-0.113669
-1.363088
-1.333810
-1.409387
-1.516122
0.457737
0.242178
-0.271514
0.032330
0.295276
-1.265168
0.182028
0.026157
0.451281
-0.132362
-1.262961
0.114551
-0.187779
0.158453
-1.302620
0.564361
0.087829
1.359867
-1.072935
0.620370
0.289131
0.152452
0.247501
0.029600
0.107559
1.563475
-1.429841
-1.381057
0.095143
0.254635
0.325943
1.618088
0.215607
0.011468
0.236982
-0.174797
-1.243578
0.540006
0.092380
-0.931616
-1.408806
0.701760
0.288908
0.061808
0.459099
-1.359771
0.402572
-1.461264
-1.427476
0.450429
-0.031578
-0.159528
0.326774
-1.051976
-1.373329
0.484246
0.067244
1.467421
-0.174033
-1.779375
0.223121
0.337658
0.571161
0.402170
-1.421153
-0.079572
0.171050
0.004635
-0.890322
-1.215843
2.146274
0.740259
1.423071
-1.413266
0.057999
-0.023038
0.088423
-0.159638
-0.168494
-1.079583
0.166687
-1.650664
1.612890
0.094028
0.200705
0.267147
-0.098353
0.278540
0.063982
0.392452
0.551268
0.006760
1.920269
-1.428419
-1.575658
0.487229
0.317803
-1.634004
-0.078032
-0.011142
1.570229
0.325068
0.270636
-0.067429
-1.304820
0.372490
-0.267465
-1.322907
-0.354224
-1.719995
0.437123
-1.389739
-2.470515
0.082784
0.077390
-1.465824
0.033262
-1.334702
0.183880
0.509454
-1.445144
0.145557
-1.566018
0.412323
-1.488763
0.089801
-1.301329
-1.813662
0.614199
-0.313754
-1.667969
0.225074
0.135742
0.392170
-0.306770
0.160962
0.340544
0.343161
-1.457341
-0.966624
1.553774
0.110535
0.425158
0.051077
0.325402
-0.041269
0.091404
0.124693
0.185722
-0.167490
0.370437
-0.166267
0.398237
0.171086
0.234203
-1.375344
0.274111
0.169982
0.127987
0.230677
0.113852
-1.246200
2.274954
-1.203292
0.147068
0.313899
0.509810
-0.303918
-0.076614
-0.058080
-1.244694
-1.248954
-0.297384
-0.388112
-1.407445
0.371852
0.356181
0.263587
-1.632834
0.402428
0.011316
0.421078
-0.823468
0.090687
0.105544
-1.430732
-1.496082
1.314836
-1.162540
0.103516
0.452727
0.138108
-1.044148
-0.042734
-0.245762
1.395368
1.519980
-1.340973
-1.765235
0.271812
-1.443936
0.325225
-0.177306
-0.071086
0.270232
0.121755
-1.649870
0.052127
0.176275
0.158074
0.132020
0.217768
0.041009
0.076847
-0.331771
-1.107433
1.662886
-0.143364
0.050033
0.615779
-2.704102
0.138850
0.230964
0.449307
0.047952
-0.152918
-1.366640
0.122488
0.406143
0.073556
-0.908846
-0.005931
2.044737
-1.578056
0.086763
0.248284
0.101300
0.090183
0.350869
0.384341
0.254440
-0.164191
0.035912
0.030257
0.629463
-0.031956
0.163915
-0.065489
-1.357737
1.468145
0.045109
-0.062853
0.373286
0.100485
-1.389293
0.412823
-1.078046
-1.411508
-0.119915
-0.070151
-0.015546
-0.084164
0.077903
-0.898372
-0.097701
0.057653
-0.034243
0.006793
0.110104
-0.077845
1.627122
-1.531638
0.073103
-1.632686
-1.247029
0.131799
0.171547
0.193066
0.603265
0.203319
0.043373
1.647541
0.044183
0.508780
0.438168
0.181872
0.094052
0.075114
0.193535
0.035282
0.182584
0.214362
0.305280
0.238447
-1.404041
0.612469
-1.273552
0.170442
0.601148
0.014194
0.278231
-0.723207
-0.279188
-0.126256
-0.123977
0.277726
0.490167
0.339781
0.375042
-1.124957
-0.004194
0.269917
-1.469567
0.465312
-0.171825
0.182033
0.192948
-0.398693
-1.154878
2.229328
0.190561
-0.021443
0.100330
-1.219330
0.355490
1.489124
-1.428300
-1.190494
-0.274088
1.403246
1.474865
0.582339
-1.434001
0.074304
0.489023
0.424003
-0.283027
-0.274747
-1.452230
0.153942
0.661577
0.045457
0.088669
0.229086
0.106026
0.334334
-1.325670
-1.741598
-0.991920
0.236828
0.823796
-1.520258
0.195684
-1.399332
0.094365
0.366842
0.072333
-1.131259
1.846179
-1.165643
0.177358
0.175936
-1.588801
-1.681897
0.046826
-1.231423
-0.006805
0.554311
-0.285024
-1.424008
-0.079508
-1.194023
1.667473
-0.122158
0.385568
0.002605
0.169595
1.329546
0.330885
-0.013232
0.447635
0.004328
0.439129
-1.199229
0.520601
0.175757
-0.120668
0.564032
0.036102
0.616853
-0.022505
0.152004
-1.326230
0.098521
0.401171
0.427174
-1.305390
-1.496715
-0.028832
-1.103772
-1.107362
-0.109071
0.597894
-1.521394
-0.021826
0.156888
0.304530
-1.687855
0.088768
-0.097284
-0.162781
0.507121
-1.525064
0.122615
-0.090809
0.112112
-1.263371
-1.356474
0.617928
0.413253
-0.126661
-1.526178
0.521578
0.408957
0.115575
1.430092
0.376685
0.097426
-0.936523
0.141699
1.476736
-0.070300
-1.285257
0.039288
-0.089081
0.170394
-0.039857
0.681789
0.591413
2.281040
0.228813
2.227307
-1.276655
0.335440
0.351272
-0.038802
0.025050
-0.212937
-0.231646
0.236535
0.099885
0.500761
0.465116
0.841317
0.186941
0.172945
0.130329
-1.466152
0.141924
-1.392404
1.380390
-1.588567
-0.015958
0.149273
1.406216
