-1.056345
2.104505
1.201463
1.717875
2.191046
0.000000
2.441700
0.499347
-2.541542
-2.505084
0.288055
1.147942
-2.594804
0.919720
-2.137526
-3.101614
0.000000
0.041643
2.553590
2.191046
-0.669639
2.782822
-1.971037
-0.229232
3.141593
2.214297
-1.107149
0.152649
0.463648
1.373401
-0.927295
-1.843805
-1.076855
-0.785398
2.158799
-2.051684
1.190290
1.760785
1.365401
2.000559
-1.570796
-1.071450
0.235545
-2.251318
-2.191046
0.758378
-3.067654
-1.869295
-0.950547
0.079830
-0.635027
2.563691
0.890275
1.929567
2.270689
-0.037020
2.205823
1.824470
-2.958482
2.158799
0.367174
2.906048
2.627141
-2.796037
1.616220
-1.729452
2.228685
-0.785398
-2.914794
0.758378
2.714965
-2.461071
0.119429
-2.613518
-0.235545
0.000000
-0.447520
0.674741
-1.647568
1.487655
-1.176005
1.650626
1.690225
1.249046
0.358771
2.050316
1.934775
-0.712358
0.204018
-0.205395
1.642104
2.356194
-0.927295
0.295441
-1.824470
-2.356194
-1.699120
-0.729900
1.610775
0.785398
-1.394087
-3.034857
1.441094
3.041924
2.731465
-1.024007
1.275355
-0.426627
-1.644735
1.037088
1.123276
2.853537
2.607884
0.071307
2.731465
3.004526
2.104505
1.723446
-2.306236
-1.292497
-0.588003
-0.972377
-2.853537
2.868584
-1.695151
0.244979
-2.279423
-2.912361
2.831890
-0.962994
-0.321751
1.742987
2.587285
-0.732815
2.275290
-1.530818
2.695487
-1.747505
0.309703
-1.494024
2.999696
2.937575
0.354706
0.298499
2.868584
-0.690446
2.727086
-1.729452
2.104505
0.345556
-0.380506
-0.372988
1.365401
2.589938
2.221873
-0.598419
2.098871
0.000000
2.607884
-2.406153
2.533791
-1.881795
-0.426627
2.158799
0.426627
-1.225241
2.709185
2.381830
0.651077
-0.039979
-1.460139
0.729900
0.835357
2.300696
-1.951303
0.759763
-1.144169
-0.919720
-1.951303
-2.887919
2.191046
0.041643
-0.643501
0.840897
1.833791
0.211093
-3.038511
1.315614
1.612439
0.000000
1.225241
-2.988943
0.546789
-1.126377
-0.600050
-2.741352
3.064821
-0.244979
-2.256526
1.533776
-2.553590
-0.812419
-1.494024
2.746802
-1.287002
-1.152572
-3.103150
-1.607816
-2.207305
1.197809
0.950547
-2.178598
0.197396
1.460139
-0.946773
2.808348
-0.732815
-1.647568
-0.172191
-0.566729
-1.610775
1.287002
-2.446854
0.729900
0.598419
3.026716
2.214297
-1.916352
-1.212026
2.331809
-0.809784
2.418613
-1.261093
-1.030377
-2.330559
-1.387686
2.994514
-1.916352
2.411693
-2.819842
-3.017238
2.411693
-1.729452
-0.837981
0.906750
1.723446
-1.412141
0.566729
-0.079830
2.677945
3.104573
-2.627141
1.650626
1.494024
-0.410127
0.068856
3.141593
2.951604
1.685673
1.717875
-2.034444
-1.380808
-1.024007
0.110657
-1.951303
-0.812419
1.849096
1.892547
-0.071307
3.034857
1.723446
1.225241
1.012197
-1.197809
0.610726
-1.644735
-1.959115
-3.105894
-2.922924
1.570796
0.038443
1.776192
-2.868584
-2.034444
-2.843094
0.273009
-0.758378
-3.104573
0.950547
1.451367
-1.141034
2.994514
1.735945
2.070143
-2.142134
1.943784
3.054854
-1.405648
1.225241
0.266252
-0.982794
-0.114877
-1.570796
-1.971037
-1.807645
0.283794
-0.533708
-3.067654
2.627141
2.383215
2.796037
-1.869295
0.334737
-1.699120
-0.479519
0.735440
-1.259798
1.753907
-2.432966
0.566729
0.278300
2.878598
-2.437099
-1.261093
2.270689
-2.887919
-3.101614
2.914794
-0.643501
-0.540420
3.141593
-2.853537
-1.076855
-2.819842
-2.483704
1.237552
1.190290
-2.868584
-0.348771
1.869295
1.074374
1.496857
-2.441700
2.506566
2.831890
-1.325818
-1.510264
-1.203622
-0.189988
-2.607884
-0.447520
-2.437099
-2.774419
-2.806856
-2.356194
-2.677945
2.761086
0.426627
0.446106
-2.565217
-1.781890
-1.604117
1.307802
1.141034
0.030294
-1.067953
0.309703
2.819842
-0.189988
-3.064821
-2.158799
1.261093
-0.308053
2.613518
-2.019520
0.041643
-1.833791
0.034469
-0.708626
2.541542
1.494024
2.437099
-0.152649
-0.358771
1.929567
-1.536327
-1.060308
2.919511
-2.692869
2.677945
2.505084
-3.107124
-2.490516
-1.501940
-1.212026
1.690225
1.225241
-2.922924
-2.727086
0.870903
0.704494
2.875341
-0.577902
-2.761086
0.540420
-0.463648
3.141593
-3.104573
2.914794
2.270689
-1.474323
-0.218669
-1.824470
-2.401618
-0.278300
0.147078
-0.759763
-0.785398
-0.942000
-2.563691
-1.760785
-2.853537
-2.677945
-2.819842
-0.124355
1.107149
2.999696
-2.406153
-2.034444
-2.709185
0.429762
-2.694073
-1.160669
2.003204
2.607884
2.906048
0.345556
2.070143
-1.824470
-2.483704
-1.985303
-1.024007
-1.902856
-0.558599
2.414950
-2.491722
2.466852
0.935770
2.853537
-0.444419
-2.774419
-1.138389
0.607802
2.741352
2.638749
2.067219
-0.158655
1.937970
0.610726
1.606495
0.811034
1.609239
1.496857
3.103150
1.107149
3.103150
-1.394087
-1.570796
-0.930708
2.214297
1.275355
0.333244
-1.843805
0.982794
-1.380808
-1.965587
-1.237552
-2.922924
-1.499489
1.261093
0.400241
2.199593
-2.786887
-2.275290
-1.307802
-0.919720
-1.644735
-0.394791
1.532354
-0.992894
-0.812419
0.179853
0.295441
2.117585
-2.070143
-3.026716
0.812419
0.309703
-2.572279
-2.533791
-0.896055
0.758378
0.704494
2.169215
0.758378
-0.463648
-3.067654
1.735945
2.944197
-1.530818
2.582993
0.426627
1.490966
-0.463648
2.070143
2.951604
2.085248
-2.530867
2.221873
-2.790148
1.238737
1.016489
0.496423
0.657889
1.723446
2.768605
1.506369
-2.594804
-1.570796
-1.797595
-0.410127
1.607816
-0.840897
-2.922924
-2.831890
-0.321751
-3.030935
1.610775
-0.414507
-1.723446
3.017238
2.383215
-2.543174
-2.767259
2.572279
2.806856
-0.972377
1.919567
1.405648
0.152649
-1.536327
0.699893
2.050316
-2.461071
-1.937970
-1.190290
1.529154
-2.122451
2.053310
0.176709
0.129703
-2.601173
-2.930499
0.811034
2.411693
2.158799
-0.394791
-0.484478
1.460139
-0.380506
-3.104573
1.460139
-2.709185
1.091277
0.643501
2.490516
-2.631104
2.878598
0.962994
2.607884
2.158799
-0.083141
1.797595
1.499489
-2.471954
2.553590
2.563691
-0.283794
-2.831890
2.587285
-0.890275
1.685673
0.244979
-2.275290
0.079830
-0.223477
1.616220
-2.868584
-2.178598
-2.944197
1.825979
2.627141
-1.916352
0.204018
-0.896055
2.356194
-0.919720
1.365401
-2.631104
0.554307
-1.107149
-0.732815
3.030935
-0.429762
1.261093
-0.566729
0.576375
1.261093
-0.041643
0.000000
3.141593
-1.176005
-0.079830
-0.972377
-3.105894
-2.111216
-1.681454
2.819842
-1.089909
-1.570796
3.030935
-0.704494
-0.388319
-1.781890
-1.335251
-2.461071
0.519146
-0.172191
2.356194
-1.570796
-1.197809
2.169215
0.035699
0.942000
2.711830
-2.525296
-0.083141
2.904744
2.018316
0.426627
-1.496857
2.808348
2.245537
1.943784
2.622447
-1.451367
-1.937970
-2.286540
-0.463648
-2.169215
-3.067654
1.490966
0.982794
3.141593
2.406153
2.711830
2.140110
-0.172191
0.124355
0.183111
-0.972377
-1.858852
-1.673878
-2.191046
-0.510488
1.776192
1.024007
1.222025
1.423718
-0.348771
0.643501
2.414950
-2.660705
-0.643501
0.896055
-1.499489
-0.244979
-0.732815
2.129396
-1.605265
