-0.813962
1.980924
-0.635027
0.278300
-0.994421
1.712693
0.214061
0.073939
-2.850136
-2.607884
-1.315614
2.999696
-2.000559
-2.300696
2.408778
-0.218669
0.819867
-2.553590
2.512796
1.943784
1.304544
-1.325818
-1.160669
2.567288
0.090660
-2.327631
0.785398
1.272297
0.844154
2.137526
2.819842
-2.148698
1.824470
-1.997424
-1.892547
-2.461071
-0.278300
1.670465
2.070143
1.647568
-1.126377
1.343997
1.089909
0.496423
2.976444
-2.356194
1.287002
-1.985303
1.373401
-0.447520
-2.125104
0.661043
-1.365401
-1.723446
-1.056345
1.352127
0.840897
-1.249046
1.768192
-2.117585
-1.923787
1.051650
-1.088283
-2.677945
-2.034444
-2.067219
0.480887
-0.336675
-1.272297
2.553590
-1.007480
-2.914794
-2.477546
1.866237
-1.607816
0.680521
-1.869295
2.408778
2.034444
-2.819842
-2.988943
2.050316
-0.668289
-1.225241
0.598419
-1.657535
0.844154
-1.723446
-0.840897
-1.107149
1.107149
-0.034469
2.853537
2.418613
1.776192
-2.214297
1.797595
0.524796
0.628796
3.099950
-1.904041
1.373401
-2.104505
2.381830
-1.858852
-1.373401
-1.225241
1.398606
-1.190290
-0.205395
-0.446106
1.677532
-2.411693
-0.165149
-2.129396
-0.934288
-2.951604
0.674741
2.582993
0.039979
1.190290
-2.660705
-0.610726
-1.717875
0.902507
2.214297
0.844154
1.144169
-1.405648
3.022164
-1.789465
-1.804540
-0.124355
-1.304544
-0.244979
-2.677945
2.081285
-2.806856
-0.729900
0.043451
1.262744
2.677945
-2.000559
-1.971037
1.343997
1.373401
1.570796
-2.601173
-2.034444
-1.971037
-2.563691
0.244979
1.650626
3.103150
1.297788
1.690225
2.914794
-0.386876
-1.806341
-0.902507
-0.039979
1.352127
-2.796037
-2.768605
-0.444419
-2.792822
-2.178598
2.958482
1.610775
0.813962
-2.645170
-1.088283
0.499347
-1.789465
-2.297439
-2.594804
-1.441094
0.785398
2.265535
-1.916352
0.668289
1.212026
-2.067219
2.251318
-0.463648
2.969402
-0.674741
-2.761086
-0.255182
-0.106736
-0.032247
-2.741352
-2.613518
3.141593
0.758378
-2.330559
0.563316
-1.951303
0.919720
-2.988943
-2.843094
2.015216
2.016902
-1.854590
1.352127
-2.601173
1.610775
1.004067
-0.942000
1.707863
2.490516
-2.015216
2.117585
0.657889
-2.768605
2.840672
1.985303
2.677945
0.694738
1.647568
-2.228685
-1.212026
1.929567
-1.607816
-1.833791
2.622447
0.514451
-2.649783
0.170735
-1.141034
-0.308053
0.226799
2.607884
0.189988
-1.060308
0.729900
-1.869295
1.156289
-0.165149
-2.437099
-0.598419
2.587285
1.287002
-2.699218
2.148698
2.085248
0.432408
-2.221873
1.959115
0.038443
3.017238
-2.414950
1.570796
-2.711830
-0.680521
0.429762
1.297788
0.083141
0.785398
0.945311
3.064821
2.327631
-2.381830
0.563316
2.104505
-2.951604
0.418224
2.441700
2.452668
-1.965587
1.639653
1.815775
-2.896614
-2.125104
-1.418147
0.000000
-1.165905
-0.694738
-1.307802
-1.959115
2.000559
-2.187093
2.782822
-1.501940
0.214061
-0.446106
2.098871
-0.223477
-2.819842
-0.674741
2.607884
-2.843094
2.768605
2.466852
-0.114877
-0.588003
-1.056345
0.000000
2.383215
-0.844154
-2.627141
1.398606
2.904744
2.613518
-0.499347
0.205395
2.657115
-3.064821
-2.512796
2.384758
1.904041
-1.747505
2.914794
-0.041643
1.609239
0.039979
-1.937970
1.016489
0.643501
-1.530818
1.412141
1.833791
-2.533791
0.197396
-2.976444
2.300696
-1.945130
-0.502843
3.108272
-2.868584
2.819842
-0.283794
0.394791
-1.975688
-1.366778
0.813962
1.365401
-2.506566
3.017238
-2.936197
1.373401
-1.527345
2.275290
-1.784857
2.831890
-1.494024
0.813962
-0.651077
1.929567
1.929567
-1.951303
0.197396
0.991722
-1.442473
-2.432966
0.588003
-2.191046
1.124691
-0.722979
1.776192
0.429762
-0.840897
-2.297439
1.107149
2.516108
-0.253674
-2.125104
3.030935
1.086318
-1.160669
0.628796
-0.554307
2.819842
-1.570796
2.627141
-2.129396
-1.735945
3.067654
-0.447520
-2.988943
-1.123276
0.819867
1.089909
0.321751
-1.337053
1.965587
-2.506566
-2.857799
-2.516108
1.907471
-1.849096
-0.278300
2.231839
2.018316
2.158799
0.680521
1.088283
2.961739
-1.487655
-0.950547
-1.837048
-1.016489
-1.533776
-0.410127
-0.358771
1.985303
-2.565217
0.309703
0.079830
2.221873
-2.270689
3.141593
-0.785398
0.211093
0.563316
-0.628796
3.099950
-2.051684
2.563691
1.570796
2.327631
-2.782822
0.394791
-1.272297
2.896614
-2.694073
2.944197
2.622447
0.876058
-2.228685
-0.038443
2.034444
-3.058451
2.587285
2.808348
-0.038443
-2.618314
0.152649
0.358771
-2.446854
0.137066
-1.394087
1.287002
2.711830
-2.070143
0.273009
1.943784
-0.729900
-2.104505
-2.356194
2.530867
-1.170556
3.030935
1.527345
-1.394087
1.919567
0.554307
-1.717875
-1.400061
-1.925502
-0.358771
2.677945
-2.270689
-3.101614
-2.034444
-2.574863
0.226799
2.089942
-2.660705
-0.514451
0.429762
-2.070143
-0.235545
-0.540420
1.729452
-0.482513
-1.644735
-0.902507
-2.167973
1.719686
0.927295
-2.627141
2.016902
2.659079
-2.868584
-1.681454
0.909753
0.152649
0.119429
-2.134113
-2.594804
-2.642246
1.451367
1.423718
2.677945
-1.880499
2.958482
2.914794
0.000000
0.321751
0.835357
0.480887
-1.418147
0.533708
0.519146
-2.498092
2.553590
-0.756835
1.107149
1.892547
-1.980924
-0.358771
-2.914794
2.677945
0.704494
0.463648
-2.016902
-3.030935
-0.726642
-0.927295
-0.950547
1.723446
0.935770
1.126377
-2.147172
2.104505
-2.297439
-2.746802
0.000000
2.455863
-0.043451
-1.965587
0.214061
0.927295
-2.429235
-2.601173
2.034444
-0.255182
-1.843805
1.016489
1.570796
1.455920
1.735945
-0.124355
-2.498092
-2.677945
2.988943
1.620755
0.620249
-0.197396
1.760785
1.446441
1.365401
-0.226799
1.527345
3.017238
-2.406153
-1.717875
2.303611
2.627141
0.812419
-0.345556
-1.532354
-2.221873
1.037088
0.992894
-0.761013
0.129703
1.236059
-0.620249
-1.776192
-0.729900
-2.964884
2.951604
1.024007
-1.880499
0.962994
1.067953
0.426627
2.356194
1.262744
-2.878598
-0.610726
1.279340
1.494024
-0.812419
-2.753274
-1.343997
0.519146
2.607884
1.530818
1.441094
-2.117585
-1.647568
2.437099
2.887919
-2.774419
0.643501
-3.009041
-2.677945
2.147172
-1.570796
2.098871
1.690225
-2.383215
2.521343
-2.660705
-2.490516
-2.709185
2.245537
0.935770
-0.835357
2.843094
2.356194
2.563691
-0.758378
0.141897
-0.896055
2.441700
1.606495
0.000000
1.287002
-0.255182
-0.837981
0.083141
1.071450
-2.330559
-2.922924
-2.808348
-1.464061
-0.533708
2.329174
1.570796
-0.982794
-3.103150
-0.039979
-0.758378
-1.208252
2.466852
-0.514451
0.872137
-0.380506
1.056345
1.843805
-2.429235
-2.067219
-2.572279
-0.735440
0.158655
2.512796
0.729900
2.819842
0.785398
0.309703
-0.345556
0.950547
-1.418147
1.695151
-2.000559
-0.540420
3.141593
-1.997424
1.335251
-1.570796
1.007480
2.868584
1.496857
-2.601173
-0.482513
-2.214297
-1.335251
-2.754717
3.026716
-1.639653
2.297439
1.929567
-0.785398
2.070143
1.717875
2.530867
-1.951303
2.808348
0.496423
0.041643
-2.512796
0.073939
3.030935
-1.843805
2.741352
2.660705
