0.576624
0.389590
0.124963
-2.988909
2.553239
-0.082734
0.336249
0.545269
3.202014
0.191480
-0.150234
-3.568363
0.044121
-0.485276
-2.942269
-3.105875
-2.801637
0.153726
-2.766103
-3.118268
0.227428
0.207373
-0.830039
3.362859
0.057824
-2.628938
-0.721240
-3.470944
0.281167
-0.037626
-1.102508
-2.696540
-0.490389
2.747604
0.262349
-2.951195
3.332485
0.107663
0.348229
0.476658
-1.178651
0.309224
0.255713
-0.193941
-2.822265
0.335785
-2.786797
-2.774996
0.260829
-0.358575
0.501932
3.245121
-0.092542
-2.737437
0.229610
0.021560
-2.659483
0.158655
2.560656
-3.249350
0.480300
3.573952
-0.347719
1.043492
0.138966
0.026806
0.199330
-3.522278
2.056562
0.346574
-3.637115
-0.250558
-3.986921
3.275631
3.451704
0.444117
-0.173853
-0.126969
-0.112599
0.285636
0.222374
0.274312
-2.892837
-0.034672
0.488598
-2.815300
0.220977
-2.856167
0.227691
2.141002
-2.441290
0.271885
-0.499535
0.087051
-0.329150
-2.919989
0.174102
0.260473
0.211839
0.248255
-3.474794
0.337798
-0.035086
0.327384
0.718919
0.203194
-0.589286
-2.924225
-0.074427
-2.839355
0.186982
-0.338381
2.048130
-0.003549
0.229063
2.572957
-0.478457
0.164272
0.418979
0.314558
-0.310590
0.523311
-2.665087
0.217650
-3.631547
-0.245968
0.320142
0.094036
0.080582
0.171143
0.217580
0.201452
0.025903
0.035258
3.162300
0.974822
-0.377179
-0.522494
0.570729
0.086299
-0.183279
0.217400
-0.269220
0.123286
-0.090166
0.261255
0.307854
-0.208572
2.770149
0.044529
-0.041286
0.402400
0.529515
-2.964258
-0.219113
0.415899
0.088316
0.399573
0.174068
-2.653163
-0.392818
0.132864
0.371265
0.308459
-0.025848
-0.249583
-2.864165
0.291401
-2.667424
0.315455
0.397998
-3.051042
-0.443467
0.025834
0.268671
0.000041
3.536367
-0.028048
0.451335
1.705919
-3.280581
0.417212
0.376932
-3.651840
0.266043
-0.713514
-2.717443
-0.458590
3.313306
-2.660971
0.249447
-0.639524
-2.780041
0.099672
0.299741
0.163318
0.396801
3.087393
0.149557
0.160402
-0.320221
-0.329781
-3.445735
-0.069910
-1.163270
3.373135
-0.959404
-4.111950
0.495350
0.277224
0.346203
-3.323573
-0.365877
0.112578
-2.832542
-1.783707
-0.247953
0.283982
0.196156
-0.370077
2.970621
0.110697
-0.715781
0.308768
0.167777
0.120261
-0.068658
0.083630
0.542247
0.280796
-3.562457
3.443636
-2.632424
3.285526
-2.514514
0.363885
0.035889
-0.084291
3.260212
0.055889
0.298647
-3.180729
-0.109528
0.409946
-2.705118
0.484926
0.424101
-0.744263
-3.005972
0.331175
0.178806
0.207272
0.105583
2.490677
0.175872
0.292003
0.019867
-0.169954
-3.038613
-0.154003
0.379754
0.068672
-3.712196
-0.610067
-0.260042
0.158357
0.157154
-3.654312
-1.232897
0.453455
-0.941556
0.262662
-0.323513
0.114728
-0.501819
2.310085
0.117623
0.242304
0.538160
0.398855
-0.338621
-0.890735
0.155753
2.960717
0.120296
-2.895186
-2.879467
0.522954
0.272176
0.212367
-2.733155
0.100819
-0.669622
0.288686
0.030862
-0.221441
-3.557029
-2.570900
0.419733
0.296483
2.379433
3.182495
0.452230
0.325496
0.228855
-2.796962
0.171976
3.286755
-0.044733
0.451998
-0.055351
-0.023447
-3.019913
-3.064746
0.269909
-0.556932
0.105343
0.158526
0.125250
0.269016
-0.379903
-2.644596
-0.324340
0.399877
-1.448101
3.441830
-0.143720
-0.882953
0.173699
-3.105087
0.028097
0.515489
-2.469397
0.359698
-2.888142
0.287246
-0.364759
0.275665
2.556386
2.434593
-0.001425
-2.754170
-2.894581
-2.839924
-0.210556
0.339363
-1.042025
-0.291289
-0.111950
0.391715
0.491138
0.288458
-2.496171
0.040307
0.485418
0.274299
-0.135053
3.154109
-2.957439
0.356429
1.030438
-2.732359
-3.762126
-4.038119
0.348383
0.038191
0.260339
0.181470
-4.019580
0.230971
0.327551
0.343611
0.539634
0.229180
0.110283
-2.351093
-2.879276
0.937859
-0.294514
-0.248185
-1.387669
-2.339493
0.159982
0.350461
0.404941
-0.056753
-2.679970
0.345246
0.299386
2.925701
3.282204
-0.208219
-0.757844
0.167333
0.594497
0.215174
0.190437
-0.487298
-3.665715
-0.605879
0.221166
0.113688
-1.093455
0.425100
0.495347
0.200621
0.463665
-0.711731
3.549424
0.252234
0.284926
0.496609
-2.955912
0.532792
-0.233314
-0.294125
0.126657
0.278936
0.183832
-2.589718
0.477187
-3.556873
-2.569076
0.081695
-1.593506
-2.973576
-4.218711
-0.016210
-4.061385
0.281408
2.160274
3.345825
0.228821
-0.102360
3.586600
-0.185611
-0.790359
0.450899
-3.206062
-1.367786
0.377786
-0.023738
0.227827
-2.664043
-0.169856
0.068853
0.319748
-0.194422
0.382800
0.401629
-0.618117
0.402785
0.078546
-0.087687
-3.402945
0.335659
2.908359
0.841316
0.133649
0.153222
-2.697139
-0.330045
0.187004
-0.920856
-0.017420
0.227850
0.422069
-2.616641
-0.219365
0.263089
-2.613753
0.213655
0.218315
0.183164
-2.859043
-1.424629
-2.475411
-0.330356
-1.096485
0.191898
-2.668921
0.112110
0.320774
0.275790
0.245804
-3.230703
0.356003
-0.451282
0.484415
0.504347
-2.539713
-3.810416
-3.806576
1.623848
0.548460
2.383020
-0.270768
0.156564
-0.041794
-2.593644
3.766626
0.310145
0.197310
0.055521
-2.972226
0.077984
0.255685
-0.545990
2.370951
-2.752662
-0.363777
-2.890124
-2.670758
3.090277
-0.170515
-0.387716
-0.381514
-0.383637
0.157378
3.490233
0.333754
2.568821
3.006330
0.360823
-2.835463
0.183871
0.244982
-2.836708
-3.116998
-0.986009
-0.111761
-0.090820
0.235313
-0.183743
-2.959246
0.306753
-3.784630
0.306822
-2.732868
2.438944
0.558803
3.688908
0.175002
0.319600
0.103712
0.105712
2.431167
0.002912
0.284062
-2.620859
-0.077547
3.099296
0.612956
3.384469
0.345340
-0.063871
1.549070
0.227596
-3.220733
0.065577
0.496694
0.567441
-2.945065
3.400021
-2.161061
-2.969357
0.388850
0.107489
0.192948
-0.210903
-0.241890
0.537861
-3.661607
-2.376835
-3.787358
0.878740
0.484121
-0.070675
-0.913248
0.482150
-0.238693
0.364581
0.056913
-2.794314
-0.113727
-0.230446
0.106523
-3.007367
-3.192024
-0.635719
3.341469
0.469670
0.120672
0.303121
0.506327
4.960263
0.138832
1.261834
0.185650
1.913056
0.276043
-2.840343
0.107322
3.311306
0.204269
0.279510
-2.771238
-4.072267
-0.474592
0.432110
-4.113613
0.449427
-0.902901
-2.607044
0.472284
-0.035439
-2.511016
-0.934380
-1.187104
0.329966
0.124296
1.677944
0.227943
0.046931
-0.228836
-3.040212
0.456746
-0.096772
0.459088
-0.529600
0.290350
3.578476
0.185079
0.245751
0.271174
2.449505
-0.342307
2.562917
0.351939
-3.685311
-0.878692
1.244224
-0.046003
-0.038309
-0.116517
0.231813
0.442163
2.481107
2.792177
0.444865
0.346062
-3.263237
0.085498
0.592123
0.053195
-0.000237
0.313143
0.300862
2.254958
-0.325692
-0.575042
0.264718
-1.006054
-2.777317
-1.573111
-0.001165
0.454683
0.367665
-2.794857
0.582351
-3.060636
-3.080894
0.459903
-2.687240
0.125772
2.231906
-3.237870
-3.417146
0.111060
-0.078631
2.272914
-4.122661
0.144379
-0.273212
-0.216410
0.109830
0.028114
-0.092620
0.019899
0.107963
