0.358819
0.056691
-2.497201
0.049966
0.145388
0.306603
-0.076996
0.078348
-3.052532
0.351445
-2.767601
-2.948535
-2.806019
0.380879
0.510387
0.123214
3.315545
-0.121033
0.553367
0.339366
-2.597231
-3.042008
0.505030
2.793368
-2.840969
-2.712491
3.145381
-0.084504
0.257578
0.236515
-4.264268
-2.524153
-2.248483
0.248320
0.191382
0.445165
0.154177
-0.292021
0.347807
-0.283259
0.305720
-0.681000
0.007488
3.430158
-0.806818
0.237910
-2.725738
0.233905
-2.556318
0.491836
0.291618
-2.893772
-0.351363
3.243993
-0.086849
0.225974
-0.489337
3.629106
-2.638234
-0.485550
0.273313
0.045845
0.657062
0.231099
0.063235
0.178972
-2.422258
3.441494
0.411444
-2.889740
0.218195
-3.031541
-4.427780
0.227245
-0.050367
-0.539310
0.186281
0.235331
0.512854
-0.133116
0.235138
-3.432914
0.118972
0.293566
0.430770
-2.549788
-0.154354
0.063403
-2.742964
-2.598141
-0.437871
0.360010
-4.112976
-2.768155
-2.857570
0.145304
0.251941
-1.255242
-1.428523
-2.605321
0.335217
0.000700
0.361897
0.252790
-2.685339
0.236353
-1.253015
3.356881
0.658103
-2.761604
-0.035039
2.476214
-0.005543
0.228566
-0.123681
-0.123089
0.186889
0.301767
0.138214
-0.315392
-0.548772
0.550388
0.479978
0.394240
-2.446918
-2.731680
-0.320749
-2.709763
-0.079464
0.468465
-2.694693
0.377805
0.319645
-2.886745
-1.445213
1.000908
0.100442
0.399422
0.006973
-2.563519
-3.623901
-0.446103
0.403178
0.724399
0.538251
0.293139
-2.656522
0.161979
-2.860251
0.274336
0.116749
0.188601
0.505058
0.262296
0.056400
-3.087079
0.180389
0.124181
0.240168
0.443350
-0.365578
0.374647
0.246837
-2.624106
0.333996
-0.184570
-0.169615
-0.563124
0.552342
3.208433
0.358119
-2.850135
0.380143
-0.056380
0.330955
0.141799
0.112453
0.075183
-2.695902
0.214624
0.128858
3.450127
-0.089684
-0.501501
0.456445
0.505757
0.061358
0.198649
0.047802
0.081223
-0.260705
0.258155
0.297958
-0.030399
-0.199974
-1.718690
-0.932148
0.164503
-1.145925
-1.942035
0.481891
0.211399
0.075976
0.074169
-0.115016
0.230651
2.728049
-0.109527
0.018538
0.265135
0.085887
0.203829
-0.075364
0.303602
3.205037
-0.568459
-2.875697
-0.078993
-3.069883
0.102451
0.248685
0.202485
-0.659052
0.251036
0.194247
-2.791315
-2.732745
0.510993
0.097062
-2.973863
0.242804
1.797590
2.627236
0.652704
-2.544557
0.312292
0.103385
0.175336
-0.936727
3.150180
0.115697
0.126822
0.222844
0.394441
-1.394044
-0.002616
-1.168229
0.269423
-2.440010
0.242027
0.432673
0.128211
-3.660566
0.323410
-0.078341
0.150036
0.236759
0.475873
0.425851
0.425519
0.401319
-3.652974
0.558611
0.116596
0.382403
0.478703
0.359492
-0.149489
0.268996
-0.073788
0.263699
-0.049442
-2.962438
0.233190
0.425450
-2.613350
3.261721
-0.099235
0.396808
3.591082
0.184167
0.474219
-0.169709
0.161614
0.236943
-2.693857
-0.184035
-0.289701
0.072162
0.322989
-0.282537
0.311649
0.412714
3.298323
0.139950
0.330962
0.386099
0.199008
0.139855
0.320912
0.196263
0.276323
0.412807
0.430965
0.550621
-0.148189
-3.259920
-2.414236
-2.400710
0.037409
0.626326
-2.735431
0.471704
-0.554970
0.596570
0.122168
3.370343
0.433348
0.257730
-2.668727
-0.061866
2.953257
-0.041490
3.066793
-2.444685
-2.409495
0.476615
-2.832538
0.444480
0.291912
0.030495
0.102087
-0.027570
0.065331
0.337314
-4.188032
0.201172
2.767404
0.360309
0.452619
0.678115
0.349155
0.124168
0.293423
0.267703
0.032943
-0.551049
-2.773028
0.494265
-0.008844
0.003653
-2.908668
3.453362
-0.113821
-0.005347
-0.092829
0.411308
0.366958
0.214913
0.002521
0.248675
-2.777852
-0.030702
3.527124
0.645168
-2.693378
-0.022511
-0.598918
0.308945
0.087579
0.187623
-0.146671
0.363802
0.445958
0.150457
2.014736
0.119129
-0.051488
-2.235019
-2.981618
-0.003506
-4.767926
0.155080
0.084803
-0.358205
0.114693
0.648059
0.358294
-2.779647
0.365994
-0.648983
0.029389
-0.262934
0.241324
0.154791
-2.736079
0.190538
0.157589
-0.903601
0.373102
0.337884
0.280076
3.315700
-2.674328
0.182778
-0.776758
-3.229550
0.076599
0.347497
0.232433
0.111893
0.357427
-2.948727
0.277999
0.004756
-2.133461
0.237839
-2.963494
-3.288575
-2.553936
-3.182901
0.042897
-4.211470
0.581942
-0.541405
0.324026
0.323089
0.280246
-1.038756
-2.649427
0.264486
0.170272
-2.640459
-0.124033
0.105278
0.399544
-3.010728
-0.086081
-0.084350
0.244843
0.245975
0.104304
3.686831
-0.871450
0.111691
-0.005968
0.327104
0.215439
0.431369
-0.678049
0.234214
-0.126181
0.434211
0.286834
3.273190
3.004762
0.283916
-2.788055
0.089296
-1.605416
-1.746230
0.520734
3.336779
-0.519768
0.301219
0.341361
-0.063260
0.378788
0.236241
-2.894632
3.212841
-1.434112
0.354958
0.265682
-2.738416
0.018263
-2.709614
-2.969188
0.144037
0.136499
-0.225675
-0.415731
-0.160736
0.429828
-1.349416
-0.599487
0.254202
0.372623
-2.740906
3.405038
0.558946
0.232412
0.248926
-4.266148
-0.473389
0.200051
-0.410425
0.145822
0.175321
0.516107
0.507498
0.164756
-0.292178
0.440964
0.486055
-3.533640
-2.705536
-2.456550
3.000479
0.334737
0.364211
0.559196
0.056638
-0.613497
-0.033698
-2.343458
0.258806
-0.292121
0.548212
-2.991666
0.055375
0.287465
-0.246614
-0.238852
0.004014
-2.885880
0.120439
0.035027
0.011445
0.373323
-0.099641
0.292436
-2.495702
0.340681
0.374585
0.267651
0.311065
1.028209
-2.574804
-0.388896
-2.580427
0.406585
-0.748366
0.068030
0.192103
0.097363
3.731919
-0.082671
0.656412
0.473595
0.529183
0.333314
2.569490
0.299660
0.196928
-2.789799
-0.603018
0.023757
-0.326393
0.477209
-0.473238
0.432715
3.242294
0.062175
0.489868
-2.601773
0.582175
0.043544
0.213876
0.269104
-2.691941
0.266829
0.343000
-0.956919
-0.041635
0.212603
0.200608
-0.018033
0.300271
-2.678179
-2.615336
3.243633
-0.031135
-3.124674
-3.644427
-2.867572
0.364243
0.215658
0.237218
-2.806351
-0.027431
0.078362
-0.163347
-0.493952
-2.688255
-2.878346
0.029160
0.295782
0.109504
-2.719770
-2.991804
-0.004021
0.344079
0.231286
3.485329
3.095686
0.565497
0.257966
-0.130029
-2.640438
-2.620364
0.181866
0.344434
0.546369
0.193591
-2.720251
-0.988244
0.668773
0.328936
-0.258886
0.588938
0.341488
-0.402297
0.429730
0.124943
-0.319483
0.157482
-2.963821
-0.128792
-2.772260
0.139712
-0.231287
0.384910
-0.097920
0.116600
2.196919
0.411999
-0.474393
-2.710086
-2.773921
3.380849
2.086232
0.317786
-0.316612
-0.184732
0.166389
0.808860
0.054708
0.438369
0.288926
-3.065036
0.265529
-3.095380
0.266674
0.203461
0.296490
0.389705
0.196120
0.121657
-2.959396
-0.496681
-0.004074
-2.646674
-2.855137
0.159195
-0.016560
0.203263
-0.304835
0.051455
-2.715268
0.347616
0.338719
0.483630
0.400250
0.089364
-2.255848
0.263860
0.248475
0.070715
-2.945137
0.452936
0.080076
0.269315
0.370774
0.298268
0.325047
-0.615265
0.461645
-0.008480
-2.588760
