0.216085
2.756988
-2.385598
3.252250
-3.802636
-2.901058
2.863293
1.859772
-9.179799
-0.862170
2.340323
5.081723
0.263964
-2.601173
7.334836
7.524357
6.786029
-2.738938
15.909726
6.690441
2.956245
1.016489
2.451146
-7.769080
-2.329174
6.528164
-2.312744
5.252808
0.392340
1.190290
-1.508378
7.488780
-0.880350
-6.746833
-0.965252
2.819842
-7.853982
-2.525973
1.469107
-0.102207
0.273009
-0.205395
-0.805803
-2.230425
7.156591
0.915101
7.098877
8.158493
-2.289626
-0.909753
0.211093
-7.380130
-2.930499
8.255852
3.141593
-1.853351
9.797766
-0.416065
-5.780342
4.112339
-0.022219
-3.368392
-0.580003
0.755995
-2.892006
-0.770474
2.193099
4.712389
0.596199
2.097424
4.949238
1.428899
5.819538
-5.937630
-4.804718
2.480549
2.116451
1.438245
1.856848
1.264917
-1.249046
-1.019141
7.900460
-0.060532
-0.302885
7.131002
2.553590
7.166857
3.024484
-4.488912
7.098877
3.411442
-1.460139
-2.327631
-2.408778
7.116167
3.257352
-1.010109
-2.834547
-1.408959
2.863293
-2.297439
0.034469
1.385448
0.404892
-0.814801
-0.244979
3.470642
0.944535
15.816234
-2.922924
1.231504
-3.356408
-2.576443
2.694750
-5.092895
2.794207
1.512041
9.446051
-0.800782
-1.918182
1.292497
7.199411
2.485897
5.550370
1.348714
2.034444
0.150371
-1.023234
-2.966920
1.195526
-2.768605
1.080839
2.450256
-3.926991
8.542906
-8.894004
-1.373401
2.118359
2.193467
0.071307
-1.010109
-0.058756
2.245537
1.862253
9.424778
2.432966
2.051684
-6.644915
3.007271
0.531724
-0.185348
2.896614
5.858353
1.975688
0.289504
-0.661043
2.525973
-1.144169
7.201135
-0.620249
2.356194
9.491346
2.325901
0.694738
3.107124
7.099823
2.231839
7.185692
0.840897
-0.183111
6.534875
3.070285
-0.885067
-0.570040
-2.050971
-8.033835
2.472550
2.914794
0.321751
4.159095
-1.150600
-2.457298
4.307497
3.098142
14.421897
7.455459
-2.158799
-7.702966
8.088704
1.545802
-2.356194
8.272206
2.064738
2.222665
3.313783
-0.855705
-4.248741
-0.321751
-0.940395
-0.540420
-2.437099
8.441984
-2.695487
-0.278300
-8.012637
-0.358771
3.298195
2.687749
2.761086
-2.179960
4.428595
1.681454
1.768192
7.123075
3.993559
-3.500363
2.891614
-0.463648
1.775438
-5.924415
-1.453688
-9.129337
-0.399515
3.365069
-2.804918
-0.847817
1.420425
2.196281
9.579097
4.887061
-7.894775
7.446350
-7.255563
7.538767
-0.482513
-2.024135
-1.037952
-7.656586
-1.809406
0.165149
10.555732
-2.034444
0.244979
7.019443
1.527345
2.965653
2.574863
3.574000
2.498092
-0.554307
-1.965587
-1.999060
-7.371468
3.326941
2.238102
3.729595
-2.525973
5.055413
-0.356912
-0.149812
-0.746956
4.712389
-0.211093
-0.632749
-0.340382
2.277411
4.178681
6.920734
2.906870
0.197396
-0.463648
0.785398
0.554307
2.356194
-5.034140
-2.565217
2.248505
2.976444
-1.197809
-0.229232
-3.454494
-2.677945
-6.283185
-2.493781
7.484648
6.735964
2.659929
-1.330625
2.341270
7.998794
-2.293776
0.708626
2.516957
2.774419
-1.911178
4.467410
6.746833
2.399645
-0.577192
-4.547240
-7.390334
0.035073
3.054854
2.219128
8.814052
-0.341615
-7.688833
-8.874392
2.688814
-1.791625
-1.721812
6.054689
4.789161
3.265948
-0.120624
2.810497
2.034444
-0.588003
-0.141897
0.503626
6.926686
3.277120
1.369479
0.540420
-6.963707
-0.257324
1.341564
-1.990993
8.201043
3.338988
2.293776
7.226673
3.030935
6.072092
-2.542417
-2.532134
2.560836
-8.382056
-4.434089
-0.620249
7.179241
7.231311
3.993559
3.829264
1.590402
-1.124691
0.139440
2.593043
-0.193211
0.244979
2.024640
8.317629
1.380808
0.463648
-2.169972
-1.317122
-7.621425
7.317071
1.872415
-1.983207
-8.940300
4.112339
5.629103
-1.116494
1.367751
0.029403
3.071532
5.931741
-2.787595
1.524318
-0.960070
0.329050
2.601173
-2.410196
5.793228
8.044621
-4.883124
1.989021
0.610726
4.826181
6.725560
-2.410196
-0.407632
0.654571
2.064738
6.837493
-2.701750
0.339293
-4.985398
-4.547240
-3.061763
-0.308053
-1.368475
2.699218
-2.439336
0.197396
-1.267911
4.712389
-1.325818
-0.472907
-1.862253
1.959115
2.218608
-0.047583
0.380506
2.959944
-3.141593
-6.038207
-2.580429
1.462526
2.214297
6.177201
-0.081452
1.887082
-2.089942
-2.260596
2.312744
-2.181522
6.737029
0.141897
4.537717
8.478005
-1.157107
0.124355
9.292226
5.742766
-1.690905
3.605240
-1.152572
-4.133315
-7.853982
2.587285
-0.432408
-5.742766
-0.844154
-0.982794
-0.065125
4.819125
-0.534955
2.850136
4.712389
3.444478
10.235812
-3.386571
-0.745419
2.239086
0.260602
1.462135
-0.475011
-1.570796
3.141593
-2.221873
-0.963809
4.171969
-0.231091
-4.675369
-0.385883
-0.899190
-2.152701
6.796791
2.976444
0.463648
0.055499
2.197539
-1.796073
-1.223735
6.895723
3.832930
2.742077
8.055744
-0.165149
-8.977935
2.425051
6.066635
7.210481
10.995574
-1.603043
-0.135528
-0.630401
7.016000
-2.565217
-1.281293
-1.019141
2.402316
9.259629
2.476818
-9.055444
2.687291
2.668686
8.551884
5.497787
11.273874
-4.467410
-0.620249
-4.812058
1.997424
3.265948
0.909753
7.532231
-16.112855
-2.832662
-1.325818
-2.329174
3.386571
-2.142134
-0.086738
2.410196
-5.530034
6.756092
2.403778
6.004886
6.961305
-7.502537
1.881795
-2.553590
2.142134
2.504044
2.825977
-7.978337
-2.748535
-6.407540
-6.957926
2.787595
2.971814
2.560212
-0.397079
4.068888
4.712389
-0.096474
2.310771
-0.079830
-2.866167
-1.925502
4.266283
-0.966491
4.141052
-1.422947
7.302327
-5.902679
2.145101
-7.957774
-0.472497
2.506566
-0.521834
-0.315215
-4.413890
-2.383965
-1.929567
8.562608
0.946161
-7.925289
0.126973
-8.012637
-2.933127
1.723446
8.120234
-2.191046
4.805145
2.179960
2.342862
-0.697903
9.634418
-7.875717
1.107149
7.575682
0.027020
-1.297788
0.396441
-1.628425
-2.792822
2.370278
5.348897
7.376636
4.375714
0.998337
0.226799
1.107149
-8.868612
-1.340892
-3.287605
-2.508844
-2.647651
5.974255
-2.999696
-0.600050
-1.300947
6.265330
7.896509
-3.338988
-7.775710
2.698144
-1.125495
-0.492486
-0.931882
-10.863023
1.357858
-0.138006
-0.297064
-6.283185
-0.413689
8.326479
1.473543
-7.297815
-1.160669
2.870646
7.131002
3.660739
1.892547
2.519290
5.978674
2.201198
2.950408
7.390334
-0.281232
-0.955176
8.609086
-0.385883
-0.760403
2.604682
-0.372068
-4.712389
2.940638
0.785398
-0.643501
6.505267
-0.039196
-1.226149
1.892547
2.485897
2.719588
-8.222678
-0.207496
2.801211
-2.104505
-5.558935
0.876058
-8.539711
2.729182
3.805639
0.244979
0.571337
-1.107149
-2.405335
-0.497343
3.504137
1.570796
-6.561485
-6.105589
2.183334
3.006065
3.298195
-1.629552
-0.808650
2.487510
-2.137526
2.222665
-0.358771
-5.139016
-3.079174
-0.999459
2.430683
0.588003
7.283941
5.270988
-2.295046
0.076772
1.650626
6.834840
0.040794
4.310518
4.742683
2.287338
8.098960
0.582739
-0.862170
6.265643
4.823046
0.947597
2.605781
-8.539711
6.509984
-1.030377
-8.724885
-0.766532
3.082837
-0.681298
-2.700000
-2.122451
-0.376490
