2.880990
5.405269
1.539556
0.418224
0.583636
0.745419
-8.516408
-3.597941
-0.502090
6.467510
0.500668
5.324541
6.052095
-4.588034
-3.993559
5.608444
4.812058
1.795031
-0.165149
0.549374
-4.892242
5.222877
-1.892547
2.146555
-0.551655
-7.542435
-1.800028
-3.510926
1.433730
-0.964191
9.455072
0.877917
-1.929567
-0.855053
0.093477
5.028958
2.214297
-1.768192
3.269916
-1.367751
-2.892341
-0.616801
-2.413603
2.464465
-0.408908
5.394706
-4.061968
1.279340
-0.090660
1.720609
1.911775
-0.099669
-8.695501
-8.650132
-15.152470
2.655561
5.942206
5.341185
8.139099
-1.032961
-2.825023
1.239700
2.919511
-0.018180
-8.627886
-4.834584
0.869536
0.306676
-8.212752
3.020969
0.159913
-8.989095
-2.651635
-8.035630
1.828120
0.031240
-8.223315
1.047518
5.034140
-4.052760
-3.682012
0.966198
-8.766353
-0.345556
0.564084
-2.202771
0.618144
-8.961130
-8.856934
5.102098
-7.220349
-3.326941
-6.046337
-3.948264
2.755255
-4.326052
0.504166
3.111299
-1.823351
1.862253
-0.662426
1.738692
-1.998745
-4.537717
2.926235
2.462179
-8.946947
3.370825
6.146119
2.769884
0.712358
0.679414
0.253674
-8.941652
-0.463648
-2.840672
0.302885
1.673878
-4.003763
-4.618328
1.480136
-4.021446
2.224432
-0.397079
-1.902856
-1.482789
7.105604
-7.982305
-2.642246
6.512417
-3.706162
-3.197091
-8.437617
5.365236
-4.459835
-3.869583
-0.960070
-7.461641
-2.637427
-8.450642
-7.725658
8.579212
-1.405648
-0.383818
-0.903131
1.410883
-4.830481
-9.193687
-2.981680
2.588751
-4.360944
-0.887087
0.927295
-3.761842
-3.296589
5.590543
-2.846863
-8.741069
-7.853982
-4.771145
-4.148305
-0.070061
-0.421419
6.315432
-1.631328
1.605870
0.302885
2.269989
-1.849096
-8.810115
5.543210
-8.845704
-4.612720
0.499347
1.477320
5.344363
-0.934288
4.994944
-4.541654
-1.631328
1.405648
2.540138
-7.548103
-7.644959
2.966920
-2.140110
-2.859038
2.701750
0.229232
-8.377260
0.341950
-3.857336
-0.191184
0.209023
-8.317629
-0.593003
6.420251
2.144237
-8.279431
0.031240
-4.390638
5.560994
0.508730
1.167885
-3.332777
0.435683
-8.897835
-0.832981
-2.788602
5.520511
0.099669
-8.521647
-3.983112
0.592697
-8.765149
-8.338460
0.968509
-2.261243
-1.017115
5.168163
-0.869536
-7.733358
-3.321446
2.986596
-0.229232
-9.221733
-0.385883
-8.703123
-9.083799
-8.766353
0.364735
-4.557392
-1.692991
-7.906565
2.399645
0.310998
-9.270833
-2.758065
6.038207
5.869855
0.610726
-3.502159
-2.356194
1.024630
0.260602
1.206062
2.799643
2.573488
-3.880513
5.397006
3.141593
-9.167454
2.558220
-8.566339
-2.226492
2.582993
-0.033321
-2.598403
-0.215358
-14.621645
-0.914095
-0.096474
0.412410
0.099669
-3.998298
0.392340
-3.926991
3.081061
-4.078756
1.134169
-4.017651
-8.823323
-4.311160
-15.128889
-0.470894
5.519523
-4.712389
-3.227098
3.276364
3.433049
5.283726
1.761981
0.744325
3.241261
-8.762352
2.367688
5.920641
-0.128323
0.995724
-8.909229
2.255413
-2.091934
5.703183
-4.774808
1.725793
5.183849
-0.408908
-8.818173
-0.338324
-2.524791
-8.846254
-8.961130
-9.193687
6.053953
1.438245
-4.607512
-4.163840
0.505581
-3.752319
-4.371410
3.265948
0.393451
0.514451
1.379612
4.867386
-1.862253
3.533933
0.088007
-0.231091
-8.051377
0.774646
-8.317629
-0.796150
-4.133315
-8.821029
-1.730709
-8.661598
0.477345
-1.318242
2.896614
-4.328571
0.888480
0.876058
-1.602036
-8.639380
6.625135
-1.725793
3.174914
7.078892
5.530034
0.785398
5.799406
-1.332960
0.517287
-7.638624
2.589938
1.951303
2.867425
1.512041
-9.155610
5.608444
5.104729
0.165149
-14.637835
-0.419880
-0.170735
7.449090
2.385889
0.285118
-1.541393
6.250938
-14.935551
-0.252554
5.043943
-1.658292
5.413649
3.171886
-3.370825
3.325917
0.491809
-3.479049
0.448723
0.093477
1.173717
-1.605265
-0.435683
-2.691833
-3.903186
2.356194
-4.082355
-2.761086
2.003204
2.991221
0.338324
1.135113
-1.212026
12.415999
1.134169
6.120696
-1.670465
2.609869
-4.550190
-8.742461
1.438245
-4.411469
0.896055
1.232473
0.030294
3.493037
-1.258754
2.700842
-4.027772
-3.527930
2.706922
-8.704505
-0.248963
-3.079174
-1.750650
5.398118
3.224734
-1.296629
2.889038
5.374815
-7.124704
0.515073
2.961739
-0.480175
-3.969518
2.825307
0.191184
1.474323
-8.004353
9.716235
-0.316569
-15.094756
5.942206
-0.702257
-4.645821
3.084512
5.140337
0.646758
-1.542233
5.497787
2.755710
-14.956260
-7.559747
-9.059577
-4.402002
0.515073
3.398916
0.017542
-0.885067
0.463648
4.618912
-0.137066
2.377930
2.951604
-1.161888
-4.649970
-0.761593
-7.853982
-3.981881
5.966361
2.840672
-1.750650
-3.554003
0.485227
-0.252554
5.392298
0.337456
0.573441
5.061160
5.279118
0.811034
-8.876229
5.044448
-2.808973
-1.310194
0.389709
-1.361773
-4.092139
1.985871
-1.082462
2.424271
-1.842588
5.653151
-2.279423
-3.121987
0.065480
-4.074840
2.163224
-4.390638
-3.864572
2.049710
-0.291457
6.352042
3.394147
3.053585
-0.294235
0.688145
3.141593
-1.599360
1.656791
5.285830
-0.532504
-3.301506
2.900746
-3.844823
1.292497
5.615520
6.186712
-4.603728
-2.321725
-1.402900
-8.510683
3.192396
1.942505
1.269876
1.670465
-9.172224
-4.647962
-8.254775
3.110353
-0.650421
0.463648
-8.562608
-1.535723
-8.841405
-0.886179
-0.937163
-2.654693
-1.695151
-0.609459
5.442897
2.523165
0.282555
1.420425
-4.524960
-1.887082
-3.510926
-0.751703
1.601090
-0.031240
2.345886
-4.677920
2.227498
-9.168261
1.301629
-4.369365
-8.383228
1.945130
-4.150467
5.764039
-2.655561
-4.400347
-7.789555
-3.720667
-1.656302
2.018941
8.466134
2.041201
8.478005
-4.248741
-0.392340
3.452591
-8.909229
1.992216
2.427502
-15.528110
0.761593
0.222082
4.849455
-0.605545
-1.691420
2.957268
1.219352
-8.673075
0.179853
1.467715
0.036348
-0.546167
-2.624305
8.368433
1.258754
5.441666
3.013269
5.034140
-4.579837
-8.800755
4.934471
1.325818
-1.481747
1.330262
-1.957672
0.191184
-1.487655
-8.840908
-1.512041
5.561530
5.567442
-1.978052
1.446441
-8.679358
-4.547240
2.243044
0.448145
0.708626
1.348714
6.106476
1.438245
2.116451
5.848515
3.244674
-0.872137
0.093477
3.743880
5.497787
0.558599
7.321478
-3.170156
-8.540799
-7.982305
-0.380506
-0.688924
0.517032
0.076772
-8.358148
-9.027699
1.856848
1.603043
4.897737
-2.487957
-2.501505
-7.907983
-7.502537
5.874277
-2.758065
5.384636
-8.658985
-0.270947
-8.602360
-2.586597
-2.083186
6.400294
-8.206972
2.749253
3.110353
-5.475064
5.707427
-3.770389
-0.068856
-1.418147
-1.419421
-3.407845
5.578074
9.553101
2.062606
-2.794207
1.098674
-4.615915
2.967921
1.892547
-7.644959
-9.055444
-3.279599
1.008875
-0.416702
1.570796
-1.973451
-1.309083
-2.451146
0.374334
-1.699120
-3.265948
1.325818
-5.080738
3.071532
5.708880
7.853982
2.926235
5.645637
0.197396
2.495080
-8.606425
3.356950
-0.554996
-24.810991
1.070129
2.557722
6.345604
-4.294165
1.178456
-8.078693
-0.380506
1.370143
-0.260602
5.291953
0.828849
2.732685
1.352127
