2.297439
2.553590
7.743324
-2.063282
-0.165149
-1.063698
-2.277411
-2.460294
7.895624
2.166206
7.131002
8.447332
3.413739
2.133294
2.662073
-2.444202
-8.343939
1.289959
0.813169
9.544207
7.652219
5.864961
-1.020410
-7.564135
9.171104
7.833984
-7.752293
0.347062
2.645170
1.284745
5.972187
7.354635
7.175862
-0.501013
-2.061960
0.090660
0.226799
3.141593
3.014083
2.195432
3.160458
-0.573441
1.492012
-8.074810
-8.736633
3.123076
5.894867
-1.156289
7.068583
2.111216
-2.311448
6.926686
-8.432506
-7.915130
1.243698
-0.356220
-8.156867
-5.101706
7.004157
-0.957589
2.372066
0.661043
0.321751
-1.618379
-1.608514
3.189176
7.390334
-7.874812
0.081452
7.118542
-0.501013
9.661023
-1.265804
2.970214
-2.256526
-0.096474
0.150371
2.920764
-1.496857
3.055598
-0.084902
9.734481
1.783228
3.103150
0.481664
8.195597
-2.369181
-2.114629
7.587730
7.334836
0.758378
2.553590
5.681731
15.770382
3.456807
-2.591207
2.904744
1.147942
0.807134
7.317071
0.233743
-0.519146
2.999696
-3.086094
7.497762
-0.702257
4.547240
-7.941477
0.965252
8.251610
2.513963
-4.406510
-2.024640
2.576443
-2.068619
0.018866
0.057628
-0.892677
0.090660
-0.197396
-0.722191
0.502843
-0.628796
2.543174
8.430357
8.357608
-2.009656
3.552657
-2.582993
2.283857
7.344389
3.040246
2.694073
3.614499
-7.960717
1.605265
-2.382504
0.463648
1.089133
7.364024
7.440292
-2.096380
-1.063698
2.104505
2.642246
1.719686
8.212752
2.947971
5.952888
-0.844154
-1.281293
-0.939717
-0.463648
9.404373
-2.452668
6.500059
0.654571
0.129703
3.038511
9.669757
3.024484
1.365401
0.422854
7.189207
-2.646041
-1.553849
-0.588003
1.348135
-0.736257
-15.104733
-0.389317
3.574000
2.875341
-0.418224
-0.631691
0.908067
-0.509071
2.859038
6.996246
2.413275
0.454302
-7.484076
-1.674589
-1.915015
1.589313
0.473356
2.082027
-0.212432
0.115759
12.820045
1.948045
-0.321751
0.830144
-2.374374
-1.624317
-0.909753
-8.076064
-0.906022
0.034469
-7.495211
0.197396
2.356194
0.574305
-2.177784
-0.948126
-1.630724
-4.927747
1.685673
-0.117109
0.160763
-1.677532
-1.124691
-0.497822
-2.297439
-8.001831
-0.191184
4.712389
-0.158655
9.640136
-1.970312
-1.249046
-2.434978
2.523165
2.326791
-2.016902
8.202753
9.602374
2.143762
2.720173
7.334836
2.838708
-9.309901
-5.924415
0.375271
8.340881
-2.516108
-2.597760
-2.922924
-0.229232
-15.467117
-2.042918
0.071307
-0.376909
2.764683
-8.019130
1.796073
2.249459
2.316216
8.327833
1.642104
1.546991
0.654571
3.472689
2.071810
1.535723
2.780389
2.636302
0.078784
2.742077
-1.147942
0.571337
4.945368
0.580756
3.543463
1.396124
1.504228
-0.999459
-0.337456
9.259629
-1.980234
9.613977
0.333244
5.778324
3.034857
-2.576443
7.332147
-8.143485
-0.772741
0.722979
-5.003846
9.387758
-0.020405
-0.487836
2.850136
2.511191
7.495211
-1.494024
-0.190639
0.982794
-0.104877
12.004449
1.625288
2.092231
-8.051377
2.784973
2.992703
0.141897
-2.024640
-2.559688
-1.947706
-1.089133
-0.472497
0.481664
-0.617756
0.785398
-2.184566
6.556194
7.514689
8.094153
-2.142134
0.390607
7.435757
-1.298650
-0.179853
1.163165
2.961739
-8.002872
3.119374
9.533439
7.219959
-2.356194
2.655561
-1.922841
-8.026172
7.452111
7.034114
0.174672
9.276929
2.319174
-2.589938
-2.251318
-0.348771
2.398423
-1.446441
-2.547843
15.832318
2.869447
8.627035
3.197091
1.292497
1.125495
-1.729452
-1.945130
2.627987
-0.850242
-1.222025
13.216241
7.223580
2.220667
0.942000
-1.389147
6.837493
-7.872498
3.407845
-1.892547
-0.423669
0.844154
-2.786887
-1.396124
-2.446854
2.114629
7.119387
-1.785612
-7.276080
0.828849
7.492778
1.623379
-1.601090
-1.797595
2.446854
-2.566168
0.860258
0.161375
2.218188
-0.108271
-1.474323
-0.648332
-0.811034
7.493145
7.403320
-0.827041
12.646201
1.944523
-0.878462
-0.035699
-1.570796
1.634540
0.563316
3.574000
0.071307
-1.296629
-0.000000
13.442429
2.638749
-2.377468
7.503254
0.602287
-2.006150
-0.529247
-0.502843
-1.162647
2.627987
-7.820661
7.814786
-2.624898
2.579671
12.444175
-1.546991
-1.422947
9.640863
1.799293
0.239232
8.380609
1.506369
2.576443
7.105604
2.297439
6.164695
-2.730136
7.614239
6.379044
2.131960
6.250938
1.728565
-1.730709
-1.462526
0.416065
1.000756
3.223377
7.964639
2.485897
3.417399
7.125664
2.780389
0.176709
0.479519
7.145355
-0.214815
2.986596
0.399515
-1.014630
-2.493781
-2.800614
-8.820179
-2.061960
-0.204642
1.980924
2.569133
0.214061
13.378078
13.395220
-1.061725
-0.435353
2.710900
-7.532231
-7.957774
-2.469986
7.652219
-1.436025
7.986533
0.288055
0.128911
-7.784327
3.206019
-0.301619
-0.932477
-0.095859
1.441094
-1.927016
15.843491
-7.451661
-1.392703
-1.289959
2.316216
15.886056
-1.611590
7.285457
3.376315
2.480549
-0.631079
-0.471778
-0.478352
-2.114274
0.119429
1.219352
-8.467189
3.030935
0.610726
7.182375
-5.085377
1.352127
-0.363979
-0.864597
5.787634
2.685819
1.825979
-1.898197
-2.402316
-2.015216
0.411065
-0.630034
-2.624898
0.566729
9.343326
0.576375
6.792256
7.288832
7.473475
-7.578176
0.225277
2.356194
0.572966
-0.651869
-1.348714
-0.442374
7.695326
-1.249046
0.126592
-0.955176
6.967480
-2.634494
-0.022723
-2.449258
1.431356
1.837048
8.373128
2.404936
-0.197396
-1.935998
2.731465
-1.720609
0.407632
6.651881
0.394791
1.419781
2.462179
1.721812
1.820383
7.463375
2.214297
7.853982
-0.453339
0.148890
2.178598
3.243799
3.052937
-4.836744
0.040794
3.097177
0.304992
2.417343
1.810967
8.894004
0.722979
3.449645
3.830517
1.853351
-1.658804
-0.244979
3.099950
-0.930708
-1.672485
-7.398208
-2.463884
3.050933
7.421574
0.639770
-0.291457
-0.965252
3.141593
7.581836
-1.892547
-2.140837
1.222025
2.725154
0.000000
-2.661418
-1.824470
0.482513
7.025133
9.244924
-7.488234
-1.825164
7.456354
5.244113
7.243256
1.852029
-2.509902
9.494433
7.259222
0.463648
0.200954
0.785398
5.535744
6.827018
6.043442
-2.308611
-2.223643
-2.095592
6.690817
8.254222
-0.352044
-2.661418
0.222661
-7.799980
-7.538011
1.401695
2.181522
3.272908
6.908670
7.409562
-1.883698
-0.113151
0.084902
-0.614663
7.287252
-8.566339
1.728565
-1.144169
0.534395
2.299114
0.086738
3.589738
-1.673003
3.739351
1.927708
-0.927295
8.546316
-2.788602
7.618437
-1.065506
-1.570796
-0.185348
-1.873681
1.480136
-13.835216
2.959944
-0.463648
7.973411
7.040813
1.516305
7.334836
-2.274410
2.034444
-1.148791
1.655698
0.020405
-2.025897
1.455037
2.014245
6.242392
-2.999696
8.556239
-0.886502
-2.559688
2.214297
-1.087349
2.370278
2.563691
3.630445
-0.455101
-2.323948
7.129115
7.172683
3.302355
-2.225367
0.890275
-1.730148
-0.136403
7.380130
-1.267911
3.228331
0.044415
-0.606605
-1.873681
2.776391
1.860300
-0.418224
-2.343208
7.250232
0.065125
1.405648
1.937970
-0.540420
2.624898
2.295662
-2.790148
2.248916
-1.091277
7.598799
