2.265535
2.356194
1.138389
-2.137526
-0.574305
-1.343997
-2.761086
-2.536048
1.446441
2.231839
0.528074
1.892547
-3.079174
1.892547
2.516108
-2.589938
-2.173084
0.945311
0.439843
9.369279
1.292497
-0.741947
-1.152572
-1.570796
3.041924
1.217806
-1.778293
0.174672
2.466852
1.190290
-0.614663
0.982794
0.655696
-0.915101
-2.273053
0.000000
-0.291457
2.777614
2.880990
2.055274
3.091634
-0.661043
1.325818
-2.089942
-8.961130
2.723368
-0.694738
-1.475845
0.737815
1.719686
-2.316216
0.404892
-8.891070
-1.801887
0.927295
-0.828849
-8.300087
0.982794
0.394791
-1.197809
2.256526
0.339293
-0.066568
-1.815775
-1.934775
3.064821
0.828849
-1.873681
-0.185348
0.602287
-0.655696
3.094010
-7.609003
2.750986
-2.567288
-0.404892
0.197396
2.729182
-1.815775
2.833540
-0.512389
3.669667
1.570796
2.922924
-0.052583
1.570796
-2.506566
-2.427502
1.086318
0.915101
0.540420
2.356194
-0.726642
9.153831
-3.017238
-2.729182
2.718739
0.927295
0.643501
0.915101
0.000000
-0.745419
2.819842
-3.194176
1.138389
-0.896055
-1.515298
-1.993650
0.141897
1.759018
2.205823
1.614247
-2.312744
2.536048
-2.488746
-0.352990
-0.174672
-1.190290
0.099669
-0.540420
-1.206817
0.132552
-0.605545
2.316216
1.892547
1.837048
-2.259721
-2.976444
-2.677945
1.951303
0.960070
2.777614
2.356194
-2.723368
-8.010584
7.903940
-2.553590
0.117109
0.950547
0.825377
0.904827
-2.270689
-1.165905
1.768192
2.498092
1.570796
1.695151
2.593043
-0.463648
-1.249046
-1.475845
-1.071450
-0.732815
9.250106
-2.589938
-0.141897
0.321751
-0.132552
2.697173
9.295075
2.699218
1.134169
0.132552
0.832981
-2.910502
-1.804540
-0.950547
1.279340
-0.896055
-9.103027
-0.643501
-2.956245
2.701750
-0.551655
-0.785398
0.632749
-0.785398
2.521343
0.321751
2.089942
0.231091
-1.396124
-2.010639
-2.253113
1.264917
0.244979
2.053310
-0.390607
0.071307
6.439787
1.784857
-0.436627
0.655696
-2.356194
-1.989021
-0.996491
-8.242300
-1.227772
-0.083141
-7.818283
-0.211093
2.279423
0.255182
-2.403778
-1.180189
-1.873681
1.138389
1.570796
-0.489957
-0.071307
-1.849096
-1.396124
-0.665969
-2.536048
-1.929567
-0.410127
-1.735945
-0.439843
2.914794
-2.060754
-1.428899
-2.609869
2.205823
2.122451
-2.111216
1.756144
3.326941
1.989021
2.761086
0.643501
2.677945
-2.984991
0.000000
0.141897
1.997424
-2.677945
-2.804918
-3.017238
-0.524796
-9.325109
-2.223643
-0.090660
-0.682317
2.601173
-8.145438
1.687905
2.446854
2.145101
1.975688
1.487655
1.405648
0.398522
-3.178613
1.929567
1.264917
2.729182
2.323948
0.083141
2.521343
-1.504228
0.231091
-1.570796
0.298499
3.546484
1.107149
1.418147
-1.212026
-0.600050
9.103027
-2.214297
9.424778
0.000000
-0.732815
2.846152
-2.896614
0.927295
-2.191046
-1.128422
0.404892
1.030377
9.133321
-0.260602
-0.817645
2.819842
2.393215
1.042722
-1.862253
-0.398522
0.643501
-0.343024
5.798707
1.264917
1.801887
-1.849096
2.541542
2.976444
-0.071307
-2.226492
-2.819842
-2.142134
-1.347320
-0.745419
0.174672
-0.868539
0.489957
-2.459276
-0.052583
1.039072
1.570796
-2.422763
0.099669
1.030377
-1.508378
-0.484478
1.134169
2.788602
-1.965587
2.930499
9.259629
0.785398
-2.414950
8.671627
-2.185459
-1.828120
0.844154
0.367174
-0.244979
2.819842
2.034444
-2.622447
-2.582993
-0.847817
2.284887
-1.629552
-2.761086
9.325109
2.704965
8.639380
2.910502
0.965252
0.785398
-1.951303
-2.214297
2.446854
-1.217806
-1.373401
6.871188
0.694738
2.070143
0.909753
-1.665748
0.463648
-1.989021
2.961739
-2.203545
-0.785398
0.482513
-2.966920
-1.633215
-2.677945
1.876675
0.726642
-2.170847
-1.284745
0.694738
1.107149
1.494024
-1.878849
-1.989021
2.308611
-2.774419
0.548549
-0.152649
1.941688
-0.226799
-1.236059
-0.837981
-1.107149
0.819867
0.837981
-0.982794
6.227687
1.849096
-1.046001
-0.174672
-1.687905
1.438245
0.367174
-2.930499
-0.185348
-1.494024
-0.244979
7.171665
2.521343
-2.574863
0.982794
0.628796
-2.284887
-0.661043
-0.785398
-1.385448
2.498092
-1.494024
1.363300
-2.802300
2.327631
-0.174672
-1.695151
-1.727398
9.424778
1.712693
0.000000
1.910089
1.487655
2.466852
0.426627
2.007423
-0.499347
-9.334118
1.086318
-0.257324
1.951303
-0.255182
1.570796
-1.951303
-1.849096
0.058756
0.685730
3.099950
1.661456
2.289626
2.992703
0.571337
3.017238
-0.148890
0.179853
0.548549
-6.471407
2.731465
0.104877
-1.249046
-2.709185
-2.863293
-8.980359
-2.236766
-0.548549
1.620755
2.475623
-0.124355
6.957926
7.108562
-1.267911
-0.620249
2.613518
-1.695151
-1.856848
-2.704965
1.058407
-1.768192
1.480136
-0.055499
-0.257324
-1.570796
2.896614
-0.358771
-1.071450
-0.398522
1.249046
-2.083186
9.424778
-1.373401
-1.414194
-1.570796
1.975688
9.319901
-1.815775
0.737815
-3.079174
2.316216
-0.785398
-0.847817
-0.785398
-2.356194
-0.148890
1.088283
-8.814052
2.798569
0.380506
0.574305
0.785398
1.158386
-0.588003
-1.212026
-0.708626
2.356194
1.396124
-2.015216
-2.677945
-2.158799
0.244979
-0.862170
-2.984991
0.218669
9.121893
0.390607
0.528074
0.915101
1.107149
-1.520838
-0.218669
1.975688
0.499347
-0.876058
-1.570796
-0.817645
0.915101
-1.499489
-0.197396
-1.217806
0.531724
-2.896614
-0.244979
-2.654693
1.128422
1.520838
1.965587
2.073640
-0.512389
-2.089942
2.498092
-1.856848
0.000000
0.000000
0.099669
1.190290
2.553590
1.504228
2.013171
0.750929
2.089942
1.352127
-0.643501
0.000000
1.712693
3.218365
2.819842
1.176005
-0.418224
2.819842
0.045423
2.158799
1.633215
8.912389
0.632749
3.316265
-2.761086
1.570796
-1.647568
-0.418224
2.910502
-1.083897
-1.892547
-1.480136
-2.601173
2.863293
0.915101
0.339293
-0.588003
-1.165905
2.838708
1.076855
-2.083186
-2.356194
1.227772
2.422763
-0.071307
-2.966920
-2.129396
0.244979
0.380506
2.843094
-1.299849
-1.892547
0.708626
-1.356736
0.909753
1.523213
-2.782822
9.424778
0.785398
0.124355
-0.223477
0.439843
-0.363979
0.244979
-0.540420
-2.589938
-2.356194
-2.356194
0.152649
1.854590
-0.602287
-2.850136
-0.055499
-1.570796
-1.441094
1.272297
1.941688
2.956245
0.343024
0.965252
-1.951303
-0.244979
-0.124355
-0.726642
0.825377
-8.891070
1.373401
-1.373401
0.398522
2.236766
-0.058756
-2.788602
-2.007423
-2.723368
1.735945
-1.058407
1.934775
-2.863293
1.051650
-1.363300
-1.784857
-0.436627
-2.057696
1.421906
-7.665760
2.736701
-0.856706
1.570796
0.257324
1.570796
7.248437
-2.399645
1.854590
-1.570796
1.373401
-0.412410
-2.185459
1.190290
1.756144
-0.339293
-3.141593
1.923787
-1.019141
-2.761086
2.098871
-1.267911
2.007423
2.214297
-2.870646
-0.785398
-2.446854
0.643501
0.655696
3.212900
-2.609869
0.531724
-1.993650
-0.339293
0.732815
-1.418147
3.009041
-0.302885
-0.872894
-2.142134
2.786887
1.756144
-0.463648
-2.677945
1.051650
-0.132552
1.570796
1.815775
-0.737815
2.521343
2.226492
-3.103150
2.034444
-1.337053
1.051650
