2.437099
-1.394087
1.236059
0.086738
0.426627
0.588003
-8.558476
2.330559
-0.902507
0.283794
0.124355
-1.222025
-0.577902
1.373401
1.989021
-0.909753
-1.690225
1.441094
-0.463648
0.380506
0.982794
-1.337053
-2.199593
1.916352
-0.982794
-7.598799
-2.134113
2.432966
1.144169
-1.275355
2.936197
0.610726
-2.251318
-7.490003
-0.197396
-1.412141
1.729452
-2.070143
2.896614
-1.307802
-3.098142
-0.704494
-8.836775
2.158799
-0.704494
-1.272297
2.015216
0.927295
-0.446106
1.337053
1.723446
-0.499347
-8.961130
-8.877989
-9.115075
2.446854
-0.620249
-1.107149
1.570796
-1.261093
-9.295075
1.037088
2.677945
-0.404892
-8.884358
1.046001
0.635027
0.000000
-8.408289
2.695487
-0.038443
-9.076007
-9.057604
-8.387690
1.525373
-0.388319
-8.283744
1.088283
-1.570796
2.111216
2.411693
0.708626
-9.126279
-0.625485
0.348771
-2.437099
0.124355
-9.272129
-9.197979
-1.412141
-7.532231
2.806856
-0.235545
1.929567
2.356194
1.965587
0.273009
2.819842
-1.892547
1.529154
-0.982794
1.570796
-2.279423
1.647568
2.714965
2.016902
-9.341637
3.022164
-0.372988
2.541542
0.625485
0.429762
-0.188222
-9.126279
-0.896055
-9.282881
0.147078
1.490966
1.905533
1.107149
1.261093
2.034444
2.015216
-0.577902
-2.289626
-1.729452
0.635027
-8.109164
-8.925431
0.124355
2.441700
2.999696
-8.553875
-1.030377
1.365401
2.181522
-1.222025
-7.734553
-9.103027
-8.750037
-7.930754
2.125104
-1.729452
-0.625485
-1.317122
1.160669
1.222025
-9.387758
-3.181571
2.386488
1.343997
-1.160669
0.643501
2.411693
2.796037
-1.126377
-3.313783
-9.051790
-7.925289
1.203622
1.866237
-0.188222
-0.840897
-0.226799
-1.916352
1.347320
0.235545
1.849096
-2.111216
-9.088103
-0.902507
-9.066007
1.527345
0.410127
1.325818
-1.089909
-1.217806
-1.496857
1.441094
-7.973411
1.529154
2.231839
-1.480136
-7.925289
2.616797
-2.265535
-2.936197
2.516108
0.043451
-8.420711
0.205395
2.432966
-0.442374
-0.197396
-8.639380
-0.851966
-0.045423
1.825979
-8.639380
-0.358771
1.614247
-0.847817
0.422854
0.785398
2.512796
0.043451
-9.179799
-1.315614
-9.169596
-1.067953
-0.244979
-8.667943
2.051684
0.444419
-8.942265
-8.553875
0.815692
-2.578276
-1.387686
-1.347320
-7.277606
-7.968858
2.677945
2.512796
-0.446106
-9.309901
-0.785398
-8.928355
-9.348006
-9.151769
0.233743
1.529154
-1.854590
-2.016902
2.265535
0.094952
-9.252587
-9.350839
-0.372988
-0.844154
0.179853
2.631104
-8.846876
0.753151
-0.152649
0.994421
2.473303
2.480549
2.270689
-1.165905
2.936197
-9.051790
2.089942
-8.763735
-2.574863
2.134113
-0.514451
-3.099950
-0.533708
-8.441984
-1.071450
-0.496423
0.172191
-0.205395
2.125104
0.039979
2.191046
2.711830
1.843805
0.890275
2.089942
-9.252587
1.647568
-8.891070
-0.870903
-0.927295
1.249046
2.796037
3.098142
3.099950
-1.343997
1.451367
0.394791
2.896614
-8.836775
1.919567
-0.729900
-0.372988
0.847817
-9.197979
1.975688
-2.329174
-0.942000
1.225241
1.570796
-1.446441
-0.643501
-9.116725
-0.588003
-9.057604
-9.179799
-9.191035
-2.944197
-0.348771
1.325818
1.347320
2.015216
0.321751
2.300696
1.609239
3.011890
0.083141
0.531724
1.315614
-1.614247
-2.070143
3.017238
-0.345556
-0.414507
-8.347923
0.600050
-8.639380
-0.992894
1.837048
-8.877989
-1.919567
-8.766889
0.197396
-1.729452
2.565217
1.706324
0.502843
0.694738
-1.892547
-8.739048
0.043451
-1.959115
2.896614
0.380506
-0.919720
0.576375
-0.680521
-7.774152
0.372988
-1.644735
2.300696
1.657535
2.761086
1.490966
-9.266123
-0.844154
-1.570796
-0.336675
-8.609086
-0.785398
-0.554307
0.813962
2.381830
0.043451
-1.717875
-0.372988
-8.522271
-0.554307
-1.446441
-2.095592
-1.165905
2.944197
2.806856
-3.396775
0.308053
2.441700
0.041643
-0.226799
0.972377
-1.934775
-0.785398
-9.252587
2.205823
1.825979
1.833791
-3.054854
1.412141
2.753274
0.000000
0.909753
-1.455920
6.124530
0.919720
-0.348771
-1.923787
2.386488
1.435269
-9.029987
1.570796
1.760785
0.502843
1.067953
-0.147078
-3.141593
-1.653938
2.386488
2.034444
2.543174
2.386488
-8.905632
-0.426627
2.896614
-1.854590
-1.182478
2.988943
-7.930754
2.731465
-1.030377
-7.334836
0.197396
2.607884
-0.888480
1.980924
2.541542
-0.041643
1.287002
-8.350404
2.875341
-0.554307
-8.961130
-0.651077
-0.919720
1.160669
2.819842
-1.356736
0.388319
-1.570796
-0.992894
2.543174
-8.789751
-7.774152
-9.248069
1.618379
0.394791
-3.103150
-0.336675
-1.160669
0.298499
-1.905533
-0.244979
2.251318
2.699218
-1.530818
1.197809
-1.160669
-8.149422
2.205823
-0.756835
2.452668
-2.067219
2.582993
0.348771
-0.496423
-1.206817
0.045423
0.278300
-1.570796
-1.197809
0.722979
-9.076007
-1.653938
-3.054854
-7.853982
0.223477
-1.460139
1.985303
1.854590
-1.317122
2.125104
-2.053310
-0.699893
-2.573068
-3.054854
-0.308053
1.866237
2.016902
1.614247
2.356194
1.529154
-0.643501
0.086738
3.141593
2.868584
-0.514451
0.223477
2.746802
-1.806341
1.234122
-1.222025
-0.837981
2.833540
2.660705
2.134113
1.126377
-1.030377
-0.540420
1.409421
-2.622447
-1.612439
-8.639380
2.804918
1.695151
0.847817
1.618379
-9.424778
1.335251
-8.639380
2.695487
-0.847817
0.037020
-8.961130
-1.919567
-9.169596
-1.004067
-1.236059
-9.201301
-2.000559
-0.726642
-1.160669
2.325901
0.039979
0.896055
1.525373
-2.170847
2.533791
-1.107149
1.570796
-0.043451
2.104505
1.446441
1.943784
-2.906048
1.030377
1.706324
-8.464708
1.614247
1.905533
-0.729900
-9.179799
1.607816
-1.854590
2.441700
-1.905533
1.490966
1.934775
1.843805
1.878849
1.797595
-0.588003
-3.183235
-9.161783
1.844964
2.137526
-9.318042
0.444419
0.041643
-1.647568
-0.970746
-1.985303
2.718739
0.866302
-8.978672
-0.079830
1.147942
-0.223477
-0.840897
-9.066007
1.750650
1.160669
-1.197809
2.857799
-1.412141
1.373401
-9.151769
-1.612439
1.222025
-1.892547
1.007480
-2.297439
-0.038443
-1.570796
-9.057604
-1.729452
-1.124691
-0.902507
-2.323948
1.147942
-8.826359
1.405648
1.943784
0.129703
0.480887
1.056345
-0.422854
1.347320
1.929567
-0.668289
2.953371
-0.950547
-0.152649
-2.982937
-1.071450
0.404892
0.680521
2.994514
-8.858049
-8.298401
-0.651077
-1.016489
0.129703
-0.463648
-8.505058
-9.227382
1.490966
1.365401
-1.797595
-2.731465
-2.601173
-8.771931
-7.701332
-0.588003
-9.129337
-1.451367
-8.884358
-0.668289
-8.921935
-9.115075
-2.256526
-0.083141
-8.548720
2.356194
2.857799
0.699893
-0.866302
2.085248
-0.404892
-1.570796
-1.892547
2.627141
-1.107149
2.918116
1.768192
-3.099950
0.718830
1.530818
2.786887
1.529154
-7.920550
-9.115075
2.677945
0.876058
-0.840897
1.337053
-2.516108
-1.398606
-8.905632
0.172191
-1.943784
2.944197
0.994421
0.661043
2.593043
-0.927295
1.249046
2.951604
-0.972377
-0.038443
2.148698
-8.858049
2.982937
-0.815692
-2.432966
0.847817
2.329174
0.000000
1.784857
0.960070
-8.461784
-0.668289
1.206817
-0.499347
-1.261093
0.729900
2.512796
0.996491
