-1.275355
1.961403
0.876058
1.382575
1.951303
-0.286051
2.089942
0.188222
-2.846152
-2.677945
0.055499
0.896055
-2.704965
0.620249
-2.396173
2.833540
-0.463648
-0.124355
2.134113
1.929567
-0.902507
2.622447
-2.297439
-0.524796
2.976444
2.003204
-1.453688
-0.174672
0.260602
1.158386
-1.107149
-2.034444
-1.365401
-1.067953
1.837048
-2.236766
0.819867
1.264917
1.158386
1.750650
-1.929567
-1.325818
-0.055499
-8.730040
-8.639380
0.463648
2.863293
-2.129396
-1.206817
-0.185348
-0.915101
2.356194
0.688924
1.633215
2.214297
-0.358771
2.064738
1.570796
3.141593
1.873681
0.083141
2.593043
2.475623
-9.348006
1.325818
-2.015216
2.007423
-1.058407
3.141593
0.380506
2.589938
-2.634494
-0.058756
-2.922924
-0.463648
-0.218669
-0.699893
0.278300
-1.910089
1.267911
-1.518213
1.446441
1.499489
1.107149
-0.041643
1.614247
1.670465
-1.088283
0.218669
-0.524796
1.453688
2.111216
-1.051650
-0.055499
-2.134113
-8.814052
-1.997424
-0.982794
1.570796
0.442374
-1.626295
9.319901
1.249046
2.677945
2.553590
-1.267911
1.051650
-0.588003
-1.856848
0.832981
0.862170
2.657115
2.325901
-0.255182
2.485897
2.627141
1.690225
1.315614
-8.942265
-1.700499
-0.896055
-1.275355
-3.375336
2.651635
-2.034444
-0.047583
-8.795982
3.082837
2.601173
-1.325818
-0.489957
1.570796
2.446854
-0.938047
1.910089
-1.841743
2.521343
-2.077895
-0.062419
-1.849096
2.677945
2.607884
0.055499
-0.079830
2.651635
-0.866302
2.439336
-1.951303
1.794273
0.165149
-0.605545
-0.655696
1.083897
2.300696
2.007423
-0.822418
1.706324
-0.255182
2.327631
-2.582993
2.356194
-2.251318
-0.605545
1.831399
0.174672
-1.570796
2.466852
2.015216
0.233743
-0.380506
-1.727398
0.321751
0.519146
2.015216
-2.089942
0.482513
-1.414194
-1.267911
-2.418613
-3.030935
1.961403
-0.308053
-0.828849
0.412410
1.623379
-0.052583
3.036716
1.012197
1.385448
-0.358771
0.847817
3.141593
0.286051
-1.446441
-0.956133
-3.036716
2.863293
-0.588003
-2.498092
1.172274
-2.601173
-1.182478
-1.626295
2.411693
-1.614247
-1.435269
2.992703
-1.735945
-2.432966
0.885067
0.566729
-8.730040
-0.079830
1.231504
-1.197809
2.570255
-0.896055
-1.876675
-0.463648
-0.785398
-1.801887
0.999459
-9.044272
0.463648
0.343024
2.714965
2.142134
-2.236766
-1.515298
1.959115
-1.107149
2.265535
-1.512041
-1.315614
-2.697173
-1.570796
2.750986
-2.060754
2.060754
-9.386335
2.906048
2.111216
-2.010639
-1.030377
0.661043
1.421906
-1.742987
0.339293
-0.436627
2.432966
9.300423
-9.129337
1.570796
1.227772
-0.718830
-0.380506
9.179799
2.750986
1.570796
1.629552
-2.214297
-1.690225
-1.249046
-0.110657
-8.586797
-1.212026
1.642104
1.616220
-0.390607
2.736701
1.570796
0.896055
0.785398
-1.527345
0.165149
-1.735945
-2.089942
2.806856
-3.187016
1.396124
-0.083141
1.570796
3.141593
-2.273053
-3.017238
0.000000
-0.950547
2.831890
0.563316
1.190290
-1.396124
2.770701
1.446441
1.661456
-8.639380
1.665748
2.777614
-1.681454
0.885067
-0.233743
-1.158386
-0.358771
-1.828120
-2.323948
-8.283744
-0.141897
-0.785398
9.314121
2.399645
2.319174
2.553590
-2.203545
-0.055499
-2.034444
-0.813962
0.422854
-1.414194
1.262744
-9.133321
0.404892
0.039979
2.578276
-2.701750
-1.396124
2.060754
3.141593
3.030935
2.701750
-0.828849
-0.785398
2.833540
-3.086094
-1.380808
-3.030935
-2.536048
0.945311
1.051650
-3.026716
-0.493941
1.815775
0.825377
1.284745
-9.066007
2.446854
2.498092
-1.700499
-1.892547
-1.352127
-0.610726
-9.295075
-0.862170
-9.076007
-3.082837
3.141593
-2.651635
-2.922924
2.432966
0.260602
0.039979
-2.782822
-2.147172
-1.806341
1.107149
0.876058
-0.183111
-1.325818
-0.058756
2.490516
-0.436627
3.041924
-2.541542
0.999459
-0.548549
2.396173
-2.203545
-0.266252
-1.910089
-0.380506
-1.067953
2.432966
1.249046
2.034444
-0.750929
-0.643501
1.735945
-1.794273
-1.287002
2.677945
-9.115075
2.356194
2.125104
2.819842
-2.729182
-1.719686
-1.405648
1.570796
0.996491
-3.094010
-2.855541
0.632749
0.244979
2.654693
-0.844154
-2.976444
0.197396
-0.588003
2.918116
2.831890
2.750986
2.034444
-1.815775
-0.512389
-2.013171
-8.977258
-0.412410
-0.129703
-1.222025
-0.960070
-1.231504
-2.782822
-1.892547
3.191551
-9.338040
-3.024484
-0.398522
0.927295
2.736701
-2.553590
-2.253113
-3.099950
0.185348
-2.934096
-1.390943
1.727398
2.356194
2.677945
0.124355
2.034444
-2.137526
-2.651635
-8.490490
-1.435269
-2.181522
-0.881872
2.111216
-9.151769
2.356194
0.694738
2.622447
-0.655696
-2.976444
-1.390943
0.286051
2.384758
2.455863
1.768192
-0.463648
1.750650
0.260602
1.284745
0.418224
1.382575
1.249046
2.718739
0.753151
2.782822
-1.515298
-1.854590
-1.226149
1.833791
0.965252
0.110657
-2.231839
0.785398
-1.665748
-2.259721
-1.570796
3.096169
-1.959115
1.107149
0.079830
1.784857
-9.383135
-2.642246
-1.570796
-1.231504
-1.815775
-0.708626
1.373401
-1.249046
-1.080839
0.000000
0.000000
2.010639
-2.593043
9.307669
0.519146
0.071307
-2.723368
-8.961130
-1.234122
0.436627
0.390607
1.804540
0.463648
-0.741947
9.206109
1.515298
2.516108
-1.866237
2.390664
0.124355
1.428899
-0.643501
1.892547
2.838708
1.929567
3.181571
1.815775
-9.341637
0.912908
0.819867
0.257324
0.388319
1.508378
2.536048
1.365401
-2.855541
-1.919567
-1.961403
-0.819867
1.176005
-1.141034
-3.141593
-3.141593
-0.605545
3.089010
1.299849
-0.726642
-1.910089
2.944197
2.191046
-2.677945
-3.099950
2.414950
2.485897
-1.212026
1.756144
1.022247
-0.197396
-1.681454
0.463648
1.750650
-2.651635
-2.057696
-1.421906
1.292497
-8.814052
1.913820
-0.086738
-0.135528
-2.984991
-3.082837
0.463648
2.176341
1.965587
-0.655696
-0.785398
1.030377
-0.702257
3.030935
1.249046
-2.934096
0.935770
0.436627
2.270689
-2.918116
2.516108
0.748378
2.356194
1.943784
-0.463648
1.356736
1.107149
-8.943891
2.236766
2.284887
-0.519146
-3.089010
2.485897
-1.071450
1.446441
0.000000
-2.432966
-0.260602
-0.380506
1.337053
3.141593
-2.393215
2.927532
1.768192
2.399645
-2.191046
-0.094952
-1.180189
1.919567
-1.134169
0.982794
-9.234790
0.205395
-1.480136
-1.080839
2.753274
-0.825377
0.935770
-0.785398
0.321751
1.080839
-0.390607
-0.372988
2.792822
-1.446441
-0.358771
-1.158386
2.846152
-8.667943
-1.828120
2.607884
-1.339706
-2.013171
2.701750
-0.960070
-0.694738
-2.169215
-1.570796
-2.701750
0.266252
-0.463648
2.226492
-1.892547
-1.414194
1.941688
-0.380506
0.652847
2.356194
-2.969402
-0.336675
2.593043
1.776192
0.231091
-1.727398
2.414950
2.034444
1.570796
2.273053
-1.626295
-2.083186
-8.942265
-0.785398
-2.396173
9.314121
1.165905
0.881872
2.875341
2.181522
2.356194
1.878849
-0.380506
-0.266252
-0.233743
-1.231504
-2.095592
-1.876675
-2.508844
-0.785398
1.570796
0.726642
0.935770
1.024007
-0.851966
0.436627
2.226492
-9.334118
-0.856706
0.694738
-1.789465
-0.463648
-0.950547
1.892547
-1.989021
