-1.962090
-2.071221
-1.117814
1.788574
0.400968
1.198049
2.225532
2.364817
-1.375904
-1.708175
-0.549316
-1.747852
2.442433
-1.733970
-2.184124
2.074471
1.900696
-0.733998
-0.467072
0.030448
-1.145650
0.466777
0.890553
1.367673
-2.068068
-1.173240
1.468755
-0.101073
-2.102470
-0.994148
0.414496
-0.841253
-0.712467
0.805447
1.778565
0.041579
0.249782
-2.320833
-2.321587
-1.833612
-2.637242
0.746117
-0.951651
1.628074
-0.211695
-2.294649
0.427305
1.334965
-0.630017
-1.587706
1.984972
-0.454613
-0.191116
1.461121
-0.762977
0.551737
-0.809525
-0.791750
-0.457824
1.261581
-1.910400
-0.393717
-0.060390
1.435351
1.585672
-2.650906
-0.883210
1.486779
0.058862
-0.661347
0.554338
-2.529222
-1.184133
-2.433600
2.123500
0.647738
0.141703
-2.449547
1.478755
-2.307666
0.206716
2.765632
-1.344025
-2.602467
-0.021530
-1.445619
2.184700
1.933933
-0.933765
-0.958436
-0.412401
-1.941482
0.874168
0.108363
2.494343
2.241403
-2.423706
-0.262798
0.131014
-0.971877
0.196242
0.624943
-2.221213
-2.850411
-1.021189
0.684249
0.256083
1.630045
-0.346667
-1.604222
-1.898263
-1.130649
2.074105
-2.206283
2.015450
0.278745
0.140668
0.872016
0.199199
0.451495
0.977707
-0.145324
0.694973
-2.010104
-1.791998
-1.713203
1.822964
2.397233
2.229934
-1.823209
-0.882358
-2.446566
-2.189087
2.310983
-0.793465
1.131965
2.146353
-0.026843
-0.850007
-0.849688
0.013440
2.063081
0.963219
-1.672091
-2.143473
-1.368074
-1.607385
-2.033795
0.495709
0.970997
1.378711
1.328636
0.637758
0.227947
2.148204
0.195680
-0.149014
0.013357
-2.367103
0.134940
-2.148783
-1.061719
-0.244467
-0.767963
2.509824
1.490863
0.964950
-0.862532
0.854693
-0.308636
0.484569
2.401645
-2.236386
0.635805
0.608534
-0.657824
0.658434
-1.975321
-0.485980
-1.768957
-0.242656
1.094984
1.596434
2.035805
-1.181516
-0.304510
-1.787303
0.310462
-0.041749
1.553404
-1.232260
0.435395
-0.630046
2.267857
1.619664
0.533604
-0.714691
0.906642
0.290389
-0.633326
0.227965
-1.836999
-0.117889
1.923532
0.966912
1.512548
-0.049685
-1.493508
0.318973
0.307589
1.527921
1.132782
0.525565
2.236828
1.653173
0.710374
1.640103
0.214076
-2.533437
1.818073
1.370052
2.246068
-1.742209
-1.927707
1.783380
-1.560813
2.957640
-1.750096
-1.771055
-0.702378
-2.212549
2.129518
0.104414
0.230416
-1.655987
2.250386
2.185575
2.545789
0.541459
-0.121966
1.834485
0.446577
0.460278
-2.281839
-0.697068
-1.456552
-0.351294
-1.845936
-1.661126
-1.352808
-1.346700
-0.333168
-2.514863
-1.650845
-1.114045
-2.374638
-2.092777
-0.002235
-2.170283
1.237975
-0.312458
1.651998
-0.114551
2.932182
-1.088552
-1.223688
0.972157
0.594581
0.343231
1.801269
0.048795
0.335202
0.557345
-2.488402
2.397375
-0.935445
1.786283
1.062027
-0.385214
-0.899726
0.186902
0.083882
0.783530
-2.027721
-1.698520
-0.964377
1.757182
0.385475
-0.721503
0.500003
2.247779
-1.258967
-1.631614
1.704447
-2.100710
-2.454776
-0.028056
1.830043
2.143010
1.775302
1.292286
0.436788
-0.243466
0.846609
-0.535420
2.110645
-0.040694
-0.970501
-1.538648
2.320365
-0.238655
-0.785724
1.127018
0.569853
-1.002795
-2.402713
1.626975
-2.596241
0.143844
-0.759340
2.351431
0.590849
1.738263
1.584687
-0.931525
-0.383854
-0.006972
-2.402355
-2.073689
2.161491
2.075682
0.778543
-1.976289
1.386223
2.260839
-0.505568
-2.222444
0.047468
-2.533600
-0.982706
-0.790179
1.749197
1.901256
-2.220988
0.961532
1.166063
1.167622
-0.725445
-1.562310
-0.339422
1.273318
-0.520460
1.668728
-2.301428
1.720391
0.639754
-0.493266
2.345487
1.289845
2.124409
-1.721604
-0.601858
1.881073
1.095256
-0.584658
-0.950618
-0.787727
1.650361
1.725585
-1.812781
2.348650
-0.347550
0.178830
-1.759793
0.196532
0.133211
0.664056
0.900841
-0.948387
-0.533597
1.246256
2.194154
-1.612071
0.854255
0.435264
1.455856
-1.339619
-0.313748
2.370534
0.351605
1.789818
0.234194
1.109785
-2.230189
2.381470
-1.017451
-0.217477
1.976642
0.921276
0.617012
1.380264
-2.216899
1.689703
-1.228559
2.297834
-1.790241
0.187140
1.514676
1.594326
0.206113
-1.365701
0.291551
-1.757959
-0.948451
-2.164991
-0.564297
-1.926541
0.181936
-0.235960
-1.082153
0.133822
-1.442030
0.674561
-1.468163
1.590113
1.437042
-0.171901
-0.810795
-2.346506
-1.257651
-1.940234
-0.181681
-0.639920
-2.543201
0.125998
-0.223826
-0.485238
-2.227538
-2.178323
0.078352
1.009479
2.304844
1.712976
0.155569
1.892385
0.434935
-1.152045
-2.122413
0.025448
1.270643
0.899987
1.067938
0.570982
-2.141291
1.227327
1.535970
2.098324
-1.103298
1.428075
-1.347339
0.565515
0.038065
1.399941
-2.266364
0.400997
1.150863
0.365177
-1.132074
2.052948
0.022844
1.148878
0.673278
1.292113
-1.914575
0.007603
1.477244
-0.840119
2.629136
-2.007584
0.971179
0.617569
0.824458
2.085990
0.146887
-0.394297
-0.390788
-2.360357
-0.411220
-0.479786
-0.735318
-0.929865
0.503520
0.833981
1.762522
-1.756741
-1.197248
1.812489
2.182904
1.754636
-0.312848
0.724713
2.423706
-0.330988
0.174442
-0.299991
-0.387092
-0.782014
-1.056498
1.293124
0.129712
-1.824975
-0.116845
0.716585
1.394027
0.727657
-1.136605
1.227576
0.146507
0.994709
-0.595265
2.457835
0.204318
2.196094
-0.917637
-1.008768
-1.776352
-1.625627
0.399419
1.948075
-2.356492
1.539422
-0.055362
-0.216615
-0.102123
-1.087567
-1.757739
-1.241980
-1.903217
-0.749038
-1.488892
-1.316017
0.576929
0.707000
-1.611020
-2.508178
-2.475726
-0.912650
0.374717
-2.408904
0.016438
-1.749497
-1.482515
-0.281635
-0.474335
2.903188
2.089448
-1.150302
1.819975
0.354508
-2.543065
1.181531
1.519435
1.174742
2.219260
-2.476688
-0.876155
-0.391485
0.587135
0.969525
-2.276697
-0.908508
1.706838
1.846659
-1.044974
-2.034645
0.328862
2.321956
1.580788
-0.308454
-0.521006
-2.274055
1.158525
1.587905
-0.800556
1.308548
-0.744780
-1.440319
2.259631
0.101072
-0.707746
-0.018909
0.025068
-0.449988
-0.430259
-0.445862
0.216993
2.088384
2.034826
2.022786
-0.304645
-1.246602
0.464855
2.338984
-0.065054
1.505798
1.460419
-1.074666
-1.703960
-0.181009
-0.529383
-0.886562
1.736396
0.227172
-0.042748
0.592209
-0.794366
0.222072
-1.366079
1.059154
-0.293920
-1.945482
0.069767
1.333487
1.904311
1.447188
-1.119883
0.939378
-1.651720
2.540073
-1.025618
1.109073
1.475462
0.350156
1.686999
-1.125707
-0.503419
-2.484466
0.690081
-1.460961
-0.452192
-1.190438
1.056312
2.003359
-1.282918
1.234459
-1.309036
0.157349
1.839523
-1.162680
-1.730289
0.035677
-3.000670
-1.719901
0.903247
2.369078
-1.785104
1.141641
-1.887890
-1.824073
2.319825
1.229316
2.309855
-0.706107
-0.690620
2.983411
2.066041
-0.497832
1.812649
0.318862
-0.730916
1.584541
-2.570451
0.097027
0.638058
1.727597
-1.574824
-1.610157
0.652607
2.041187
-0.739231
0.156657
-0.929051
-1.332044
0.594464
-2.227588
-1.979289
0.390555
-1.891978
1.025002
-0.976319
