-2.548275
1.982586
2.314464
0.094608
-1.039944
-0.161317
0.862737
-0.700556
0.086268
-0.314001
1.813197
0.415838
1.818039
0.874773
-1.078526
-2.114114
2.447942
-1.966726
-2.238153
1.521548
1.003397
-2.009315
-1.204381
-1.832452
1.740827
0.157956
-0.772839
1.929245
-1.627445
0.426134
-2.447198
1.878713
-0.831454
-0.254863
-0.000405
-2.012922
-0.010766
-2.226956
0.699943
-0.456978
0.652985
-1.409016
0.385115
0.211013
-1.551561
-1.958202
0.082208
2.010233
1.505512
1.473488
1.297250
1.814153
1.597770
-0.738260
2.874638
2.533997
1.239357
1.328640
1.670799
0.241837
2.317353
-0.739875
0.881331
-0.482077
1.558313
-1.864750
2.073047
-1.394432
2.243198
1.606746
2.502139
0.866358
0.517504
-1.608808
0.191144
-1.962149
-0.212972
-0.061329
-0.109636
-2.243564
1.664138
-2.403129
0.718533
1.684180
0.013506
0.123875
0.062190
-1.834634
2.235384
1.060345
1.747750
-1.361016
-0.247332
-0.523176
-0.444251
-0.061158
0.695201
-0.405691
1.732998
1.709266
-1.901999
-0.134890
-1.637524
-0.779493
-0.393150
-1.925277
0.733037
-2.432244
1.727596
-1.216711
-0.516805
2.507181
1.572287
-1.190161
0.857357
1.012973
0.442815
-1.024447
-0.740504
0.456132
-1.333621
-2.202402
-2.166723
1.341849
-1.847096
1.687744
0.869320
1.766525
-0.897620
0.186530
-2.160459
0.336398
-0.117399
0.773923
0.181426
2.815419
2.452574
2.531555
-1.120394
1.886293
2.591752
2.802480
-1.560447
2.339977
-1.546006
2.412055
1.661508
-0.608241
0.224533
0.983975
-1.541243
1.090336
0.066144
-2.006032
0.656407
2.060010
0.926783
-1.091155
-1.982445
-1.830120
-1.330189
-0.847530
0.952160
1.611667
2.347524
0.227449
-1.816818
0.469896
0.539182
1.791081
-1.082085
-1.729441
1.109848
-2.137601
1.841587
0.597884
0.197446
-0.657442
-0.135758
1.674993
-0.813984
-1.003672
1.161658
1.015170
-1.637730
0.911645
1.720483
-1.397518
-0.843801
2.228868
1.699519
0.713055
1.010572
1.554543
-2.296983
2.135322
-0.599351
2.580950
-0.410154
0.177707
0.684972
-1.880436
-2.301548
1.488806
1.758226
-0.790476
-1.638042
0.026873
1.792815
2.060919
-0.383385
0.522445
-0.676159
0.066927
2.158109
-1.189028
2.174789
1.773522
0.717375
0.393747
1.583643
-0.061963
2.390709
-2.445624
1.346081
2.174734
-2.317645
-0.798726
0.911137
-0.147912
2.259902
1.946835
-1.524254
1.089059
-2.168877
2.328357
0.449400
1.484308
2.279189
0.109092
2.371184
0.350450
0.920604
1.933376
-2.590515
2.090990
1.835593
-0.631265
0.491054
-2.318753
-0.919937
-2.215246
0.316336
0.446214
0.776116
-1.445981
-2.510241
2.217309
2.619627
1.555109
0.171212
2.279308
0.127929
-0.369635
2.254322
-0.853452
1.970003
1.679402
-1.618489
0.185051
-1.289597
1.727148
0.017068
2.280756
0.864312
-2.164520
1.873871
0.115476
-1.522134
0.527933
2.178527
-2.281726
-0.910597
-0.924600
-2.402654
0.836810
0.652911
-1.539407
0.293892
0.220005
0.497047
-0.058722
1.282175
-0.203172
-0.561523
-0.625119
1.921672
-1.740616
-0.942191
2.274877
-1.020019
-0.585989
1.906406
-1.748421
0.783634
0.062681
0.467472
1.345222
0.408501
-2.387924
1.730652
2.798041
-0.067787
-2.428487
0.633256
2.443129
3.015485
1.342471
1.560948
-2.342988
-0.115502
-0.585571
0.668741
1.950003
-2.525899
-0.214366
2.883680
-1.116831
-2.533949
-1.067017
-0.577972
-1.695022
0.710884
0.049305
-2.426357
0.214230
-0.862016
-1.369333
-2.005665
-0.511546
-1.619191
-0.736146
0.887693
-0.182783
1.032403
1.725360
0.435950
-0.109219
-2.257884
2.265429
1.716336
2.026913
1.146273
0.512589
-0.522202
1.007749
-1.920332
-1.072333
2.365323
1.919160
1.031786
-0.985977
2.548115
2.053527
1.510279
-0.994714
1.565161
0.002240
0.858102
1.702397
0.202311
0.086398
2.246105
-0.472663
-0.486356
0.544014
2.234617
2.046508
0.295496
1.948239
-1.685987
-0.410165
0.730137
-2.314660
-2.292625
1.458463
-0.978148
-1.499479
-1.322339
2.547983
0.069492
1.866770
-2.853870
-1.434610
2.755023
-1.834227
-2.073721
-2.648238
-1.836405
0.642121
-1.648833
-1.907987
-1.752474
-1.882114
0.398257
0.025077
-1.623761
1.235458
1.133525
-2.361357
2.391274
-0.214383
-0.761302
0.136553
0.004219
0.222277
-1.487929
-1.410928
1.418261
-0.313383
0.779892
2.067009
0.069842
-0.959792
2.432325
-0.779537
2.032288
0.195048
-2.114652
0.708057
2.929086
-1.904257
-1.873307
-2.086000
0.305060
0.310288
-0.237211
0.595206
-1.526276
2.069826
-1.884868
-1.061767
1.119886
2.010014
1.440650
-1.016220
-1.031107
-2.536912
2.368940
1.870494
-1.769051
2.056816
0.181364
-0.357698
-0.687929
-0.757623
1.489061
1.744052
0.481354
0.665101
-0.092463
0.938619
1.240913
0.692652
-0.222976
0.767067
-1.498942
0.003621
2.147333
2.103414
0.777488
2.453366
-2.386830
-0.252913
-2.420964
1.033223
-1.586600
2.006548
2.585618
-1.399102
0.773982
-1.341589
0.989532
-1.990948
0.288258
-0.762951
-0.333883
-2.582834
0.884486
0.114584
-2.258967
0.002205
2.386237
2.295391
1.648303
1.103463
2.472932
-2.349005
-0.751464
0.825565
2.062101
0.260429
1.966917
2.421001
0.789261
0.876772
0.739297
-1.052166
-2.495687
-1.557914
0.097791
-1.231695
2.582755
-1.455495
-2.014591
2.380383
-2.244896
2.365722
0.607984
1.071934
0.631598
0.856351
-2.010462
2.239636
1.491276
0.104751
2.863952
-1.731446
2.037716
0.193477
-0.764722
0.270525
-2.049122
-1.215109
0.721409
-2.214549
2.225239
2.251523
1.718978
1.533193
1.853130
0.041699
-0.796610
-1.495286
-1.511662
-1.849002
-2.317722
-1.320290
2.221517
1.698366
0.532135
2.142759
-0.333583
-1.019256
-0.248506
-1.962137
-0.431836
0.328859
0.799778
0.840799
-1.122088
-1.771327
2.193173
0.894542
1.391555
-1.718688
0.560000
-2.440347
1.175432
-1.174014
1.454720
1.170631
1.243521
0.854202
0.156108
0.502848
-2.174705
-1.943855
-0.283634
2.316251
-0.254766
-1.851634
0.964475
2.611451
1.175762
0.928439
1.634283
-1.878652
-1.855120
-2.329735
-0.590810
0.075439
0.269707
-2.541660
-0.511303
1.628890
-0.430672
1.982363
-2.426106
-1.792908
-0.335169
2.332636
1.727057
-0.295318
0.855889
0.941549
-0.648233
-1.813757
3.056700
0.030763
-0.816169
0.917050
-1.817678
1.015298
1.858389
1.832942
1.099864
1.431450
-0.851302
-0.041825
-0.523203
0.279167
1.957320
-0.988344
-1.983990
1.894105
-1.750322
-1.672737
-0.391934
-1.831308
-1.786657
-2.557035
1.032412
0.363653
1.612160
-1.203275
-1.071597
-0.247570
-1.779040
-0.061280
-1.155282
1.042227
1.342549
0.074522
2.644688
-1.476960
2.562819
1.033448
1.775030
-0.474671
-1.700145
-0.719148
0.937793
2.210620
1.408190
-0.535165
2.530607
0.756015
1.306580
-1.748176
-1.593044
0.594688
1.647930
-1.694754
-1.092199
-2.118978
2.483971
0.135805
-0.195201
-0.825917
-0.379406
-0.514398
-0.845624
2.295078
2.095126
1.728281
-0.033957
-2.372533
0.065199
-0.310986
1.409241
-1.399716
2.346418
-1.113198
-2.650253
-1.924692
-0.478935
0.045230
-2.089328
1.646372
