0.412114
-1.194217
-0.651021
-0.044098
1.139993
-0.008504
-0.037819
1.021600
-0.035109
0.062250
-0.466270
-0.107605
-0.388979
-0.095813
0.922903
0.506314
-0.551642
0.479025
0.526344
-1.229282
-0.167679
0.496554
0.999181
0.387765
-0.252296
0.755633
1.042493
-1.156606
0.359185
-0.105967
1.350587
-0.385954
1.014447
0.198270
0.097634
1.282171
0.133254
0.509364
-0.210693
0.833471
-0.114640
1.159448
-0.822797
0.845897
0.529382
0.550529
-2.111495
-0.491646
-1.069664
-0.285749
-0.192328
-1.091606
-1.079782
0.829884
-0.366948
-0.609681
-0.423271
-1.061717
-0.361736
-0.079184
0.281125
0.897842
-0.217506
0.715917
-0.257011
0.433009
-0.479323
1.115773
-0.424676
-1.042061
0.242978
-0.274657
-0.090279
0.378517
0.110578
0.507472
0.819487
-0.021575
-0.052378
0.241540
-1.101154
0.575804
-0.203722
-0.340956
-0.000588
-0.194943
-0.793816
0.232628
-0.431596
0.469829
-0.445344
1.086222
-1.696487
0.918647
0.194087
0.035800
-0.170690
0.885043
-0.316883
-0.966322
0.381785
0.085970
0.450523
0.939439
0.829145
0.403875
0.657008
0.758899
-0.295329
0.331798
0.880076
0.290456
-1.007310
0.940422
-1.085666
-0.816869
-0.067470
0.924394
0.930327
-0.033115
0.325847
0.612913
0.528441
-0.195101
0.403523
-1.148935
-0.163034
-0.502960
1.072751
-2.169819
0.519825
-0.068344
0.158251
-0.417245
-0.111570
-0.249359
-0.478685
0.236919
0.950560
-0.493256
-0.530713
-0.312953
0.268463
-0.496981
0.366104
-0.383357
-0.157166
0.921354
-1.293536
-0.381156
0.377498
-0.302165
0.016923
0.398772
-0.186629
-0.557981
-0.178498
0.348898
0.351589
0.378869
1.205789
0.956798
-0.206695
-0.465276
-0.458741
-0.053542
0.515538
-0.201964
-0.142703
-1.111859
0.929845
0.447108
-0.281382
0.408631
-0.380616
-0.114056
0.029277
0.849806
0.791323
-0.382887
0.888391
1.001035
-0.105621
-0.232110
0.384129
-0.181471
-1.109597
1.024760
1.013017
-0.539804
-1.138666
-0.211824
-0.790912
-1.169345
-0.217758
-0.526976
0.806579
-0.412681
-0.615917
-2.126926
-0.261896
0.482263
0.479843
0.497748
-0.359682
0.979803
1.186890
0.028446
-1.043825
-0.388385
-0.005391
-0.088475
0.803552
0.051411
-0.404559
1.056547
-0.497477
-0.245725
0.000024
-0.057694
-0.316699
0.055123
-0.539840
0.524542
-0.309959
-0.387565
1.175568
0.906188
-0.217295
0.151852
-0.395838
-1.166000
1.104336
-0.155873
0.585506
-0.461481
-0.096391
-1.119158
-0.340147
-0.030084
-0.539225
-0.741340
-0.945381
-0.380460
0.580226
0.485078
-0.417554
0.955682
-0.030448
0.473546
1.021131
0.457562
0.606769
0.668082
-0.230410
0.353767
0.456590
-0.317701
0.240372
-0.350672
-1.319566
-0.362118
-0.057620
0.082087
-0.414292
1.037281
-0.381153
-0.331717
0.361743
0.062585
1.162955
-0.385087
-0.011833
-0.448555
-0.829819
0.447625
-0.396412
0.731226
0.411711
-0.141410
-0.583529
0.429019
1.007918
0.867203
0.577720
-0.122955
-0.113300
0.336947
-2.174823
-0.004108
0.052656
-0.532392
-0.983008
0.766891
0.206715
-0.699973
-0.372023
0.279611
0.127785
-0.495348
1.021244
1.028756
-0.309371
0.371097
-0.371044
-0.239768
-0.037069
-1.146250
0.069486
1.450982
-1.056172
-0.297419
0.036720
0.636924
-0.234971
-0.598642
-0.308894
-1.083578
-1.098769
0.505825
0.079738
0.951932
-0.115403
-0.409430
0.626267
0.041008
-0.284851
1.043542
0.440067
1.069561
0.955624
0.445765
-0.117427
0.040794
0.577675
-2.142019
0.867754
1.023972
0.473928
0.854161
0.429144
0.661594
-0.004578
-0.567124
-0.194597
-0.301550
0.034228
0.071100
0.521041
-0.426106
0.537609
-0.341068
-0.305965
-0.052539
0.900195
-0.888411
0.429253
0.954581
0.280755
-0.468239
0.595537
0.939918
-0.505906
-0.434860
-0.333582
0.977094
-1.183593
0.035304
-0.147629
-0.303232
-0.094571
-1.326054
-0.524858
0.851946
0.219027
-0.087219
-0.529435
-0.390666
0.856181
-0.383285
1.224130
0.076996
-0.098473
1.324607
0.517515
-0.264277
0.220434
0.374209
0.338605
-0.546994
0.651459
-0.377221
0.035071
0.406474
-0.202079
0.378105
0.421300
0.571791
0.466457
-0.146632
0.457487
0.406065
0.372989
0.362039
-0.080850
0.064078
0.382615
-0.113212
-0.199895
0.490194
0.205349
0.133008
1.084764
0.778768
-2.157837
-0.742059
0.277121
0.374412
-0.314423
0.914725
-0.050023
-0.530042
-0.093691
0.961408
0.164873
1.049079
-0.308582
-0.016804
0.412721
-0.086543
-0.259703
0.444165
0.297303
0.368145
-0.006643
0.778814
0.200705
-0.116431
0.283611
-0.512087
0.360730
1.152023
-1.000019
-0.404995
-0.999661
0.967374
1.056603
0.627592
0.204883
-0.379711
0.568099
-0.403282
-0.063412
0.167447
0.353978
1.086873
-0.349266
-0.459608
0.649832
-0.039304
-0.000277
-0.295167
-1.001435
-0.107273
0.837249
-0.974540
0.400105
0.044038
-0.352311
-0.338575
-0.182109
-0.525180
1.356265
0.847946
0.542114
-0.190501
0.433339
-0.485484
-0.500152
0.334147
-0.142633
1.015786
-0.295788
0.408653
-0.159138
0.964032
0.119475
0.706899
-0.936918
-2.080030
0.540035
0.901020
-0.512865
-0.420571
-0.406890
-0.025497
-0.396524
0.487557
0.940825
-0.254782
-0.364367
3.249559
-0.470940
-0.591133
-0.176910
-0.179001
-0.302321
0.894953
0.586439
0.192006
-0.133090
0.997240
-0.542955
0.371310
0.426029
-0.416990
0.538498
-0.532098
-0.826711
-0.165309
0.072126
-0.207929
0.434766
-0.467695
-1.065236
0.092977
0.495555
1.158311
-0.463467
-2.190041
0.336911
-0.812124
0.467912
1.217883
-0.170589
0.470251
-0.409997
-0.496988
-0.326016
-0.313334
-1.009202
0.043653
1.049858
1.073686
1.176324
0.573488
0.526653
0.347254
-0.540634
-1.159631
-0.092014
-0.419784
0.098567
0.322471
-0.696959
0.235792
0.149942
-0.153286
-0.055003
-0.171391
0.270930
0.252159
-0.382909
-0.172960
-0.873255
0.442415
0.656327
0.545115
-0.167016
1.002670
-0.974263
-1.069364
-0.307492
-0.146406
0.000238
-0.056518
0.498627
0.527172
0.025953
-0.382273
-2.425111
0.494311
-0.158059
-0.570389
-0.310138
-0.154099
-0.395365
0.527025
0.376318
0.476844
0.831213
-2.199116
0.102818
1.331389
0.173103
-0.373554
0.796123
-0.306575
0.509796
0.275338
0.734007
-0.478694
-0.368739
0.040858
-0.072806
-0.263153
0.159939
0.466888
0.589964
-0.769587
0.138935
-0.282158
0.422296
-0.204823
-0.249110
-0.340329
-0.217963
-0.996994
1.116508
-0.105072
0.919744
-2.201976
-0.429855
1.008074
0.485965
-0.349082
0.464337
0.465817
0.880043
0.411903
0.410740
1.216772
-0.132228
-0.092005
-1.094441
1.044626
0.220477
0.116495
0.582334
-0.082387
0.279865
-0.255497
-0.322500
-1.408613
-0.627679
0.356495
-0.521258
-0.211911
-0.320621
0.814879
0.584499
0.845288
-0.868177
-0.413237
-0.156488
0.869987
-0.635937
0.021053
-0.133407
0.438474
1.182014
-0.052820
-1.084981
0.284966
1.003194
0.501718
-0.402331
-0.788536
-0.752379
0.995179
0.005704
0.113487
0.918175
-0.544126
-0.245295
-0.282592
0.773461
0.529833
0.666648
0.059421
-0.973916
0.967893
-0.527969
0.247818
0.518693
0.489425
0.903807
-0.585875
0.480121
-0.342136
