-0.681626
0.071186
-0.133671
-0.330749
-1.073255
-0.508763
1.432791
-1.130195
-0.395122
-0.502810
-0.703044
0.212797
-0.660745
-1.061294
-1.263893
-0.391801
-0.405396
-0.058352
-0.476929
-1.225129
-1.290346
0.384636
-0.905503
-0.312062
-0.583575
1.191157
-0.749174
-1.160711
-0.646904
-0.801962
0.422476
-0.701726
-0.775054
2.046198
-0.770776
-0.060857
-0.350193
-0.812358
0.205151
-1.183452
-0.165377
-0.976589
2.735199
-0.395094
-0.444082
-0.113166
-0.679113
-0.474104
-0.717744
-0.371625
-0.344265
-0.475373
1.753092
1.283771
0.003555
-0.474192
-0.535145
-0.477316
0.710592
-0.800655
2.469146
-0.623830
-0.101798
-0.512850
1.783964
-0.934349
-0.559387
-0.419152
0.872021
-0.078141
-0.773156
1.222800
1.704412
1.460060
-0.306286
-0.496452
1.119418
-0.845716
-0.180825
-1.448058
-1.008574
-0.687497
1.779993
-0.357031
-0.239150
-1.040822
-0.383837
1.427243
1.514969
0.025091
1.160007
-1.423187
-1.225418
-1.037607
-0.314472
-1.526134
-0.700200
0.154850
2.310212
-0.759383
-0.742232
-0.392563
-0.746886
-1.681781
0.263953
-0.372282
1.776688
0.350756
-0.634652
-0.147081
-0.233482
-0.762517
-0.496177
1.363015
-0.524890
2.224388
-0.745271
-0.427772
-1.381718
-1.069695
-0.758478
-1.404614
-0.089589
-0.950265
-0.674266
-1.137029
0.327303
1.384739
1.790705
-0.010083
-2.394683
-1.673998
1.400272
-0.192987
-1.374590
-1.029048
-0.488698
1.573662
2.179795
1.398937
1.164813
0.720972
-0.585637
-0.514872
-0.596961
-0.421124
-0.983032
1.565608
-0.816684
0.098489
-0.896380
-1.092317
-0.510117
-1.307351
-1.142711
0.032472
0.096390
1.523404
1.360112
-1.791411
-1.154719
-0.892837
-0.253280
-0.637341
-0.953768
-0.147831
-1.334321
0.137664
-0.679518
1.564457
-0.738990
1.269850
-1.445306
-0.729621
-0.928379
-0.648779
-0.367320
-0.223834
-0.601898
1.681384
-0.760293
-0.127399
-1.629547
1.729142
-0.369347
-0.926190
1.247181
-0.214157
-1.678692
1.478417
-0.529345
-1.898753
-0.764104
-0.494250
1.709335
-0.382832
0.030999
0.125934
1.518478
-0.569179
-1.426067
-0.107762
-0.197365
-0.645577
-1.210075
-0.301451
0.864264
-0.606841
2.365229
0.005166
-0.527455
1.047845
-1.175608
-0.342119
1.505048
1.415849
-0.105815
-0.801581
-0.984662
-0.051175
1.543329
1.168466
-1.177584
-0.053486
-0.738384
0.923025
-0.796520
1.751180
1.423883
1.860715
-0.318284
-1.237390
-0.559518
-1.409417
0.027448
-0.368874
1.191725
2.247911
-0.420577
-0.152427
-0.646450
-1.571608
2.356951
-0.823973
-0.281240
-0.585136
-0.236186
0.265792
-1.641188
0.100226
-0.069340
0.982020
-0.054083
1.488822
-0.897154
-0.308410
-0.805641
1.838250
-1.044717
-0.135077
-0.697378
-0.351276
-0.794706
-0.643664
-1.249888
-0.628177
-1.123926
-0.006073
-1.024070
-0.615671
-1.648662
1.529150
-1.378643
-0.038693
-0.463304
-0.304402
-1.123367
-0.984254
0.012590
-0.081900
-0.120079
-0.464196
-0.338724
-0.252339
0.845291
-0.370068
0.235815
-0.879462
-1.030242
1.528926
-0.445008
-0.979833
0.026717
-1.145605
-0.408856
0.146050
-1.625044
1.808235
-0.800711
2.032063
1.965764
2.008484
0.541759
-0.569294
-1.017620
-1.125237
-1.033082
-0.598584
-1.109202
-0.901164
-0.519080
-0.742229
-1.120836
-1.171650
-0.046543
-1.098180
-0.338928
-0.910951
-1.500008
1.636041
-0.803035
1.877543
-1.233651
-1.644029
0.217331
-0.852220
1.640619
-0.908338
-1.075536
0.171103
-0.683110
-0.392807
-1.420316
-0.605121
0.837563
-0.090152
-1.126110
0.059375
0.141839
-0.333961
-0.561814
-0.262517
1.943660
-0.952140
-1.471546
0.133640
-0.485030
-0.585353
-2.011082
0.011699
2.581290
-0.371111
-0.446213
0.932311
-0.906890
-0.585810
0.324775
-1.011053
-0.587841
-0.968402
-0.029146
0.798010
-0.590020
0.105479
-0.494324
0.182827
0.202955
-1.562415
0.761444
-1.028904
-0.674791
-0.439652
-0.827353
-1.017029
-0.804873
-0.579741
2.462088
-1.112536
0.137315
-0.732721
1.692035
-0.354672
0.046420
-0.377604
-0.718548
-1.493967
0.270305
-0.871019
-0.185692
-0.621149
-0.361261
-0.855852
1.757868
-1.112014
-1.244088
-0.265616
-0.220312
-1.035724
0.478312
-1.160800
-0.100742
-1.052705
-1.455912
-0.024762
1.658279
-0.761945
-1.235408
-0.579849
0.288552
-0.364400
2.081854
-0.096189
2.445469
1.120861
-0.946148
-0.218014
-0.375395
-1.279600
-0.010136
-0.993389
-0.719720
1.560909
1.067125
-0.962037
-0.217933
-0.021601
-1.001354
-1.130925
-0.481065
-0.325176
-0.388958
-1.596886
-0.701058
-0.481156
0.346800
1.250788
0.842027
-0.848361
-0.507247
2.728191
-0.543449
-0.637860
-1.055771
-0.185746
-1.118666
-0.530322
0.121775
-1.013762
-1.635474
-0.483904
1.605057
-1.531169
-0.495503
-0.018953
-0.781734
-1.458886
-0.886463
-0.607961
0.015580
-0.813295
-0.179996
0.299384
-0.180293
-0.351409
1.895400
0.282718
1.867746
2.264690
-0.783935
-1.306640
-1.489725
-0.656535
-0.792451
-0.585603
-0.769552
-0.316160
-0.652750
1.851572
-0.735635
-1.132558
-0.080267
-1.327643
-1.126838
-0.029601
-0.858172
-0.185449
-0.241327
-0.261580
-1.054111
-0.588155
0.153182
-1.054408
0.046507
-0.129064
-0.837962
-1.378452
-0.249818
-0.954075
-0.336469
-0.182726
0.080192
-2.225318
-0.623797
-0.925213
1.480204
0.095190
-0.682494
0.058177
-0.625716
1.786070
-0.936177
1.283516
-0.235334
-0.654524
-0.846407
1.759482
-0.803595
1.827900
-1.470424
-0.787061
2.629080
-0.582322
-1.259844
0.109169
-0.559732
-0.798969
-0.829712
-0.939200
-0.822013
-1.494063
-0.665110
-0.215766
-1.653525
-0.465516
-1.152756
-0.194435
0.512995
-0.549773
-0.847281
1.281097
-0.085097
-1.377528
-0.430713
2.355810
-1.266069
-1.519087
-1.379446
-1.163237
-0.311337
0.724363
-0.795756
0.990970
-1.592261
-0.936574
0.563107
1.538445
-0.871742
0.041013
-0.305583
-0.656614
-0.784099
-0.094464
-0.499966
-0.876028
0.246844
-0.676652
1.250899
-0.986714
-0.221925
-0.448491
-0.742029
2.061983
0.900918
-0.679796
0.137113
-0.044619
-0.348475
-1.121098
1.574441
0.062671
-0.551598
-0.666994
-0.205706
-0.896206
-0.977355
-1.145660
0.995376
-0.810278
-0.326044
0.027262
-0.864896
-0.064307
1.224375
-1.199045
-0.068091
-0.599786
-0.183785
-0.309232
0.012579
-0.329898
-1.779936
-0.268780
0.187222
-1.377915
-0.806903
0.058901
-0.037685
-0.989653
0.252081
-1.627266
1.842396
1.663918
-1.132812
-0.994399
-0.527471
-0.235022
1.585420
0.609391
-0.499282
-1.026255
-0.159522
1.642108
-0.826155
1.848298
1.237728
-0.318354
1.892527
0.121983
0.769489
-0.485083
1.829033
2.220571
2.064375
-0.579117
1.760164
-0.078287
-0.370467
-1.385804
0.163984
-0.953863
-0.751542
-0.579875
-0.833352
-1.034579
0.042974
0.520210
-0.411890
-0.511678
-0.531239
-1.512072
0.200590
-0.498910
1.191258
1.221093
-1.068623
-0.575988
-0.845267
-0.065478
-0.913646
-0.894575
2.711219
-0.566947
-0.977177
-1.553209
-0.414563
-1.288207
-0.054371
-0.358632
-0.036649
-0.845016
-0.192718
-0.759029
-0.270684
1.610957
0.130941
-0.593686
-2.584389
-0.860044
0.082968
-0.299026
-1.154488
-0.700526
1.648970
-0.620983
-0.894379
-0.568237
0.137141
-1.355809
-0.188837
0.064152
