-0.109877
1.197928
-0.098915
0.064981
-0.188940
0.374993
-0.743343
-0.067373
0.311173
-0.417044
-0.172894
0.599548
-0.478367
-1.166445
0.455069
0.082224
0.835969
-0.544204
0.405882
1.233148
1.115518
-0.184439
-0.203327
0.447297
-0.660014
-0.369745
0.919557
0.925828
0.759268
0.288748
0.550329
-0.452232
0.560057
-0.431298
-0.327934
-0.303784
0.729651
0.109407
0.504313
0.394087
-0.205365
0.948197
1.048582
0.060326
0.523330
-0.621811
1.130553
-0.332202
0.323352
-0.009600
-0.374385
0.134188
-0.963660
-0.182492
-0.152913
0.280068
1.002525
-0.122712
0.399411
-0.278221
0.496555
0.990732
-0.166627
-0.313629
-0.336360
-0.391924
0.832062
0.065229
-0.214303
0.356780
-0.290146
-2.127674
-0.588646
0.267689
-0.224192
0.988904
-0.992386
0.488787
0.386601
-0.582481
0.595647
0.291417
-0.100599
-0.190339
0.076535
-1.028402
0.829273
-0.316071
-0.115682
-0.213351
0.987664
-0.775037
-2.353944
0.443024
1.178494
-0.261551
1.137915
0.821937
1.043939
0.428712
-0.448291
0.975744
-0.430534
0.440389
-0.495325
-1.087011
-0.218911
1.132888
-0.942441
-0.107150
0.684475
0.360018
-0.431593
0.784090
-0.326282
0.018268
-0.579047
-0.005741
0.453260
-0.122940
0.949161
-0.582985
0.739677
-1.124908
0.893175
0.443060
0.166185
0.331353
-0.222497
-1.283693
-1.089449
-0.280369
-0.024168
-0.261662
0.086415
-0.487476
0.970432
0.233129
-0.211537
0.041829
0.692756
0.416427
-0.363611
-0.384190
0.330044
0.327270
1.151848
-0.545968
-0.457531
-0.345704
0.260414
0.079976
0.369872
-2.161314
0.249495
1.089739
-2.093750
0.753964
-1.142614
-0.061592
0.000980
0.864186
0.330577
-0.507978
0.669195
-0.558551
-0.185661
0.532242
1.192750
1.087909
-0.408943
-0.157742
1.054146
-0.295892
-0.237322
-0.430179
-0.163171
0.890989
0.400252
-1.132663
0.957836
0.305048
-0.330495
0.477921
-0.028211
0.565442
-0.108867
0.293713
-0.138401
-0.005794
-0.153367
-0.312412
-0.429221
-1.613409
1.064910
-0.495051
0.083525
-0.272284
1.078007
-0.418370
0.251293
1.168742
1.020970
-0.354707
0.280352
-2.478411
0.345198
0.960458
-0.355417
1.155640
0.625610
-0.264312
0.314978
1.126036
-0.302863
0.473993
0.410091
0.536714
0.937601
1.208515
-0.547233
-0.136103
1.198684
-0.280638
-0.418100
0.296391
0.804596
-0.445478
-0.722453
-0.176527
-0.052675
0.097894
0.402443
0.027896
-0.184637
0.918912
-0.528376
1.116497
0.048622
-0.474304
-0.028493
0.432468
1.156420
-0.409973
0.574245
1.062677
0.041325
-0.396911
0.403568
0.106220
-2.185627
-0.453345
1.139816
-0.508306
-0.149885
0.870956
0.320149
-0.052060
1.047630
0.913252
0.543332
0.446313
-0.407686
0.809981
0.445061
-0.218788
0.134666
0.437414
0.475654
-0.425190
1.055565
0.348868
0.253594
-0.314184
-0.218287
0.104683
-0.213070
-0.189067
-0.197777
-1.053863
0.446769
-0.368983
0.540490
-0.861299
0.904643
-0.055620
0.387587
0.533343
-1.790377
-0.183573
0.396281
-0.607709
0.609979
0.536608
0.048329
-0.017928
-0.169438
0.040399
0.557146
-0.227648
-0.408846
-0.393738
0.595423
0.394749
-0.068565
0.154138
0.427889
-1.597798
-0.382950
0.356792
1.109224
-1.066188
1.354859
-0.020496
1.085787
0.117408
-0.374841
1.118628
1.008900
-1.024310
1.073851
1.284304
-0.500998
0.762748
-2.056987
1.088226
-0.353010
-0.066646
-1.364574
-0.496119
1.363645
-0.729340
0.063312
-1.036325
-0.284985
0.898894
0.949718
-0.600173
0.628197
-0.270489
0.252317
-0.278539
0.499860
-1.137354
0.539865
-1.197566
0.825972
-0.057512
1.183553
1.106423
-0.972089
0.027843
1.025207
-0.230691
-0.422366
0.945843
-0.481623
0.206381
-0.045089
0.123741
0.059788
-0.218428
0.328148
0.068147
0.380764
0.065829
-0.431226
-2.220236
0.870249
-0.136756
0.959065
-0.046262
0.616053
-0.217000
0.624355
0.313869
-0.214602
-0.204127
-0.060677
-2.217169
-0.199703
0.146598
0.250098
-0.049449
-0.186430
1.167388
-0.475009
-0.451231
-0.396728
0.993705
-1.114906
-0.100773
0.515240
0.400850
0.414325
1.065105
0.258473
0.531816
-0.278415
-0.259460
-0.373123
-0.210588
-0.906948
-0.013775
0.681296
0.425603
-0.421083
-0.702953
-0.069369
0.435753
-0.272959
-0.479351
-0.112877
0.184101
0.833412
-0.094537
0.514054
-0.450307
0.387784
1.158414
0.551516
-0.460578
0.142736
-1.020469
0.536351
-0.411632
1.233605
0.404709
0.899463
-0.359427
-0.030758
0.432894
-2.174239
0.536690
0.536631
-0.003926
-0.411176
0.050065
0.824426
-0.413329
-0.088061
-0.211513
1.062722
0.679487
-0.427916
0.177563
0.373171
0.713018
-0.418475
-0.594160
0.534584
-0.297888
-2.080688
0.270720
-0.270031
0.472464
0.911014
-0.211810
-0.273663
-0.339269
-0.058220
0.407046
-0.838463
0.458676
-0.473594
-0.554890
0.067870
0.313667
-0.427667
-0.167816
0.955494
-1.119169
0.068249
0.055122
0.336223
-0.094724
-0.998948
-0.142748
-0.410095
0.161713
0.891732
-0.498340
0.243974
0.493444
-0.613154
-0.180511
1.087346
0.045997
-0.718092
0.578815
-0.383210
-0.504474
1.048238
0.376405
0.557991
-0.231317
-1.427245
0.523587
-0.008534
0.121013
0.794641
0.145144
-0.199372
0.005291
0.195471
0.298162
0.406481
-0.132303
0.990214
1.147249
-0.348438
-0.083199
0.266523
0.595438
0.110610
0.968443
-0.304806
-2.132442
-0.154176
-0.073142
-0.198523
1.118798
0.919884
0.951372
0.390870
0.237608
-0.233043
-0.406101
-0.023668
0.510745
0.081901
-0.356703
-0.012797
0.998143
-0.327012
-0.610906
1.025150
0.205769
-1.213895
0.952466
0.161276
0.391061
1.149120
0.751268
-0.355526
-0.527636
1.348677
0.246447
0.883425
-0.080521
0.346476
0.434646
0.338899
-0.052574
1.171293
-2.174068
-0.460752
-1.078794
0.555457
1.295114
1.064069
0.030071
-0.213803
-0.357689
1.186406
0.194156
-0.292965
-0.083604
0.954410
-0.135532
-0.352445
-0.136689
-0.467830
-1.346723
0.946293
-1.126177
0.987827
0.959769
-0.723682
0.396862
0.987784
-0.517617
-0.244432
0.317042
0.350351
-0.308985
0.187262
-0.205062
1.004953
0.483458
1.196526
0.950233
-0.412650
-1.015250
0.395591
1.320961
-0.492698
0.969152
-2.192207
-0.534305
0.395534
-0.328787
0.394852
0.414927
-0.345087
0.457388
-0.574643
-0.440167
-0.381491
0.424971
0.202720
0.023453
-2.131283
0.478699
0.551351
-0.171905
-0.020941
-0.058594
0.521615
1.028506
0.002591
1.046575
-0.033933
-0.083529
0.935469
0.314951
-0.417122
0.247142
-0.443433
-1.048285
-0.133043
0.396847
1.015504
-0.055959
-1.373798
0.897031
-0.111309
-0.298512
0.428558
-0.070766
1.077513
-0.070433
0.120535
0.452240
-0.355471
-1.117044
-0.343812
-0.232027
0.081509
0.340086
0.981309
0.507250
0.956029
0.019934
0.740055
0.981983
-0.209792
0.378952
-0.459745
-0.077016
-2.140880
-0.241738
0.905169
-1.016955
0.985093
-2.172012
0.915487
-0.480801
-0.110516
-0.546032
-0.268795
-0.482405
0.577807
-1.163527
0.395007
0.366810
-0.237331
1.121533
1.166751
0.494930
-0.336822
0.388484
0.948424
0.064033
-0.525369
-0.035379
0.514509
-0.141876
0.490893
0.513944
