-0.658806
1.879727
-1.550391
2.601173
-1.069192
-2.092631
-1.892547
1.354246
1.428899
-0.988891
3.011890
-1.198729
-0.597758
0.753151
-1.016489
-2.010639
-0.625485
-2.014245
-1.947706
-0.133811
1.544487
-2.523837
-1.570796
-2.999696
-1.086318
-2.386488
2.976444
-1.182478
-3.094010
-1.030377
0.293589
-1.504228
2.441700
-2.153873
1.182478
2.927532
-2.819842
-0.674741
2.742077
1.866237
1.921524
2.096863
0.398522
-0.819867
-0.486899
-1.116952
-0.039196
0.481664
-0.174672
-3.017238
1.642104
-1.570796
-0.141897
-2.662073
2.687291
-0.756835
-0.785398
-0.674741
-2.645170
1.471128
-1.467004
1.390943
0.291457
-1.781890
-0.278300
2.553590
-1.438245
-1.443824
-2.685819
-1.205049
0.507099
-2.601173
-2.969402
2.753274
1.126377
1.846222
1.759995
-1.460139
1.670465
-0.514451
3.091634
2.169215
0.149812
-0.519146
-1.194306
-1.292497
1.862253
0.726642
2.604682
3.052937
-2.631104
-0.678119
-0.472122
-2.231839
-1.927016
1.663553
2.401618
2.291768
-1.831399
2.034444
-2.034444
-2.125104
-2.371119
2.418613
0.384169
-0.694738
0.999459
2.341703
2.559688
-0.678662
1.768192
2.852089
2.245537
0.880350
3.058451
2.731465
1.289564
0.856706
-2.796037
2.008588
-0.604306
-2.164146
-2.891614
1.141034
1.719686
-0.815692
2.850136
2.083186
-2.494545
-2.016097
1.947287
-0.410127
-1.617274
1.425984
1.281293
0.083141
-0.208465
0.197396
0.785398
-0.935770
-1.299849
-0.691337
-1.054101
-2.723368
-2.255091
1.829049
2.094716
0.613207
0.068076
-3.058451
-0.615620
-2.710454
0.483447
0.907593
2.289626
0.000000
2.411693
-0.737815
1.886412
-1.538549
0.321751
-1.154732
2.578276
-0.958259
-0.896055
-2.597312
-0.687671
1.712693
-0.620249
0.713061
3.048836
-0.989416
-2.582993
3.080444
2.642246
-1.207649
0.233743
0.041643
-0.445301
-1.612439
-1.134169
-1.610775
-0.083141
3.141593
0.711459
-2.342862
2.034444
2.057696
2.525973
-2.459276
0.643501
0.785398
-2.871743
-2.613518
-1.359703
1.455920
0.568525
1.570796
-2.295662
-0.463648
1.249046
1.325818
2.736701
1.570796
-2.796037
0.630401
-0.054002
1.878849
2.221873
-1.174355
-0.019997
0.204642
-0.189988
-2.936197
-1.570796
-1.616220
-0.420663
-1.527345
-0.902507
2.953371
-2.444202
2.778446
2.311448
-1.179096
-0.699893
-1.317122
0.643501
0.307046
-1.708802
-0.893088
2.490516
-0.502843
-2.953371
1.057190
0.816638
2.204819
-1.423718
2.205823
-0.702257
-3.123076
0.630401
-3.075024
1.145964
-2.316216
2.627141
-2.340323
2.444202
-0.839400
1.854590
2.388441
-0.380506
2.446854
2.863293
-1.570796
-2.077895
-2.186416
0.218669
0.239232
0.314232
1.932000
0.225277
-2.485897
1.275355
-2.457298
-0.509071
-1.349968
-2.651635
1.390943
3.099950
-2.939271
-2.736701
-2.947971
2.936197
0.943488
-2.176341
2.101012
2.311448
-2.421039
-2.564400
-1.107149
-2.451793
0.832981
1.815775
-2.584993
3.121187
-1.292497
-0.654571
0.022723
-2.819842
-1.144169
-0.214061
0.643501
0.193622
1.729452
-1.453688
0.643501
0.197396
-1.107149
-1.267911
0.045423
-1.504228
-1.074374
-2.140837
-2.230106
0.931410
1.377174
1.742987
0.174672
0.428264
0.540420
1.030377
-1.781890
1.723446
0.540420
1.919567
2.749893
1.255582
0.815692
-3.050933
-1.249046
-2.356194
0.000000
3.028442
1.593015
1.831399
0.161837
-0.971621
1.361156
-1.685673
2.146221
2.129396
0.677708
1.310194
-2.469986
-0.398522
-1.723446
-2.122451
-2.053310
-2.164546
-1.205049
1.644735
2.239086
1.385448
-2.057696
0.040794
0.683709
2.677945
1.825164
2.652740
2.472550
0.110657
-0.103792
-1.685673
-1.719686
2.273053
-1.428899
1.073454
-1.347320
-0.502843
0.682317
1.339706
1.712693
-1.129617
-2.591207
-1.311465
-2.875341
-0.886502
2.308611
-1.089133
0.472907
0.214061
-1.190290
-1.471128
2.979755
-1.668050
-1.249046
-0.398522
-2.097424
-1.858078
-0.529590
-1.681454
-2.399645
-0.556599
2.651635
2.677945
-2.379446
-0.193622
-1.635921
-2.175102
-0.715092
1.858078
-0.785398
-1.826948
2.239086
0.968509
1.933943
0.655696
-1.911178
-2.749893
2.342111
0.045423
-0.052583
0.284730
2.356194
1.530818
-1.040023
0.220829
2.473303
-2.695487
-2.127396
-2.274410
-1.797595
0.110657
1.548578
-1.886011
0.588003
3.030935
-0.556166
-2.416727
-1.971037
-1.995628
-2.034444
-1.390943
-1.989021
-1.446441
0.904827
-1.107149
-2.882261
1.471128
0.463648
1.912412
0.634023
-1.929567
-1.591202
0.019997
-2.283857
-2.426501
2.092631
1.412141
-2.914794
2.478863
1.700499
-1.366155
-2.587285
2.582993
1.325818
0.369906
-0.361204
-0.333244
-1.174355
-2.850136
-2.052460
-0.489957
-2.922924
0.186979
0.878875
-1.051650
0.291457
-2.430683
-3.101614
2.119346
-0.994421
-3.114572
-3.007782
1.216091
-2.034444
3.103150
-0.603230
-2.514284
0.499347
-3.118869
-2.831890
-0.431139
-1.892547
1.129617
1.529154
2.460294
2.637966
-0.216550
2.710454
1.063698
-2.300696
-3.004526
0.411065
-2.508844
-3.101614
-0.859887
2.886410
-1.218752
-1.803353
-1.805519
-0.799482
-2.796037
2.787595
-1.446441
-1.849096
0.473356
1.343997
-2.478390
-0.919720
2.702733
-0.857735
3.006065
0.000000
2.790865
-2.183334
1.589313
-2.177784
3.108272
1.695151
-2.530867
-2.591207
-2.966920
-2.534988
-2.792822
-1.752445
0.735440
2.158799
-2.878598
-1.212026
2.669096
-2.025516
1.030377
-3.026716
-1.997424
-2.622447
2.430683
-1.925502
-0.055499
-2.601173
0.214061
2.057696
-0.755104
-1.405648
-0.785398
-1.852029
0.706199
1.487655
-2.976444
-1.174355
-1.892547
1.048962
2.596729
-2.147172
3.089010
-0.726642
-0.639386
-0.958259
-0.081452
2.936951
-0.152649
-1.075245
2.063282
0.950547
-0.486899
-0.927295
-1.525373
-1.385448
1.637364
0.976583
-2.320495
-3.030935
-0.372988
-0.416065
1.490966
-0.717012
2.339803
2.580906
-2.025897
-1.144169
-0.083141
2.576443
-1.929567
2.660705
-2.248916
0.880350
0.481664
0.558599
-2.605781
0.850242
-0.521834
-0.870903
-2.463473
0.260602
0.510488
-2.530867
2.303611
0.502843
0.000000
-0.911486
-2.137526
-0.392340
2.420621
-0.369334
0.643501
2.444571
-2.444202
1.279340
-1.262744
-2.668237
2.677945
-1.325818
2.265535
2.886410
-2.013171
2.063282
3.047531
0.757628
-1.428899
-1.054101
2.707639
2.221873
1.048962
-0.367174
-2.772897
2.976444
-0.759763
2.548243
-1.692639
-2.369181
0.736257
-1.750650
2.413275
-3.050933
-1.550391
-2.677945
1.194835
1.080839
0.689800
-2.831890
-2.659079
2.659079
2.356194
1.405648
-0.963809
0.710909
-1.335251
2.444202
-1.502720
0.343024
-1.919567
2.753274
-0.600050
-0.864597
-2.999696
-2.907849
0.694738
1.069783
-1.476735
0.752077
2.553590
1.801887
2.485897
2.749893
3.064821
-1.402199
-1.061725
-1.467004
1.613324
2.084402
-3.121595
1.446441
-0.088656
0.966491
0.729900
-0.697391
1.821239
-3.077849
1.283515
-1.063698
-0.188222
-2.636302
-0.770474
1.394857
-1.030377
-2.390664
-0.988057
2.710454
1.086318
2.677945
-0.293589
2.548243
2.004750
0.531724
2.553590
2.085248
-0.627308
-0.953041
-2.302193
-2.677945
