0.250443
2.739272
-2.411693
3.275914
-4.712389
-2.848406
2.906048
1.763497
-9.561844
-0.885067
2.387434
4.941621
0.218669
-2.626044
7.293295
7.463375
6.792256
-2.677945
15.889612
6.738286
2.940638
1.023234
2.265535
-7.717579
-2.317253
6.576774
-2.642246
5.003846
0.203045
0.785398
-1.570796
7.524932
-0.982794
-6.926686
-1.019141
2.245537
-7.894775
-2.508844
1.423718
-0.105984
0.211093
-0.300920
-0.846546
-2.236766
7.169687
0.741947
7.151725
8.491530
-2.152701
-1.359703
0.293589
-7.332547
-3.044339
8.215185
3.067654
-1.986288
9.746529
-0.388319
-6.341941
4.124386
-0.105984
-3.381764
-0.588003
0.785398
-2.831890
-0.726642
2.133294
4.764972
0.452154
2.184566
4.786328
1.396124
5.704111
-5.991729
-4.846200
2.505754
1.979704
1.373401
1.789465
1.190290
-1.316428
-1.016489
7.962252
-0.389317
-0.297064
7.133427
2.553590
7.199411
2.956245
-4.799127
6.569237
3.427644
-1.401695
-2.356194
-2.819842
7.083967
3.247577
-1.040023
-2.765102
-1.412141
2.727086
-2.317253
-0.229232
1.451367
0.344647
-0.899190
-0.394791
3.476329
1.058407
15.766719
-3.261022
0.965252
-3.349089
-2.588751
2.703801
-5.414646
2.905347
1.339706
9.463221
-0.759088
-1.785612
1.283515
7.229346
2.356194
5.300392
1.570796
1.975688
0.090660
-1.107149
-3.258701
1.051650
-2.832662
1.071450
2.314552
-4.345215
8.272206
-8.862280
-1.279340
2.111216
2.186416
-0.348771
-1.017955
-0.132552
2.356194
1.978945
9.384799
2.441700
1.647568
-6.856151
2.916881
0.572966
-0.208465
2.875341
5.809829
1.792878
0.308931
-0.651869
2.588751
-1.363300
7.202113
-0.485622
2.368852
9.484706
2.297439
0.519146
3.177940
7.097147
2.153149
7.131002
0.628796
-0.343024
6.569237
2.961739
-1.310194
-0.526627
-2.050971
-7.874812
2.527823
2.970214
-0.278300
4.139423
-1.097890
-2.498092
4.248741
2.582993
14.396499
7.485286
-2.333976
-7.648586
8.089527
1.525373
-2.466852
8.238151
2.022249
2.239086
3.354025
-0.851966
-4.307497
-0.785398
-0.911486
-0.620249
-2.343537
8.175732
-2.677945
-0.418224
-8.001060
-0.847817
1.570796
2.622447
2.768605
-2.210566
3.926991
1.570796
1.570796
7.162060
5.176037
-4.171969
2.929161
-0.455774
1.927416
-6.118037
-1.471128
-9.103027
-0.352044
3.355653
-2.819842
-1.225241
1.215160
2.205823
9.506230
4.712389
-7.872498
7.435757
-7.627183
7.564478
-0.501013
-2.071810
-0.988891
-7.637431
-1.876675
0.147849
10.443919
-2.018316
0.295441
6.989384
1.551191
2.920764
2.526930
3.613715
2.485897
-0.543832
-1.959115
-1.951303
-7.459191
3.241261
2.235571
3.300248
-2.542417
3.946596
-0.244979
-0.124355
-1.056345
4.527041
-0.558599
-0.767218
-0.327739
2.328424
3.648691
6.644915
2.869447
0.244979
-0.397628
-0.519146
0.665969
0.785398
-5.176037
-2.576443
2.265535
2.994514
-1.203622
-0.418224
-3.741643
-2.687291
-6.256876
-2.576443
7.378971
6.768807
2.608749
-1.273732
2.342111
8.028654
-2.273053
0.421419
2.523448
2.546183
-1.923787
4.390638
6.774349
2.383215
-0.564084
-4.712389
-7.435757
0.057628
2.983824
2.218188
8.286389
-0.347062
-7.754313
-8.789751
2.707639
-1.768192
-1.742987
6.043442
4.467410
3.274144
-0.235545
2.517570
2.089942
-0.654083
-0.085505
0.588003
6.926686
3.256469
1.418147
0.493941
-7.192938
-0.313621
1.182478
-1.964247
8.250423
3.321446
2.255091
7.225185
3.019397
6.196447
-2.559240
-2.459276
2.503273
-8.482778
-4.588034
-0.901157
6.957926
7.249676
3.700192
3.714559
1.609992
-1.122073
0.165149
2.377468
-0.220829
0.216550
2.043293
8.276836
1.415201
0.519146
-2.169215
-1.570796
-7.719660
7.282644
1.833791
-2.214297
-9.179799
3.767078
5.522173
-1.141034
1.325818
-0.080904
3.088072
5.913852
-2.796037
1.570796
-0.927295
0.327739
2.536048
-2.444571
5.875036
8.054936
-4.771145
1.883698
0.110657
4.712389
6.768807
-2.410196
-0.380506
0.639770
1.756144
6.836027
-2.707639
-0.154997
-5.370278
-5.121297
-3.352686
-0.602287
-1.425486
2.733961
-2.437099
-0.068856
-1.538549
4.163840
-2.089942
-0.480175
-1.892547
1.661456
2.233526
0.022723
0.169778
2.996780
-3.522099
-5.808785
-2.589938
1.420984
2.218608
6.223257
-0.041643
1.958320
-2.196281
-2.263131
2.323948
-2.174026
6.773143
0.027020
4.601732
8.355586
-1.171281
-1.570796
9.019886
5.373432
-1.650626
3.500363
-1.158386
-4.294165
-7.816962
2.514284
-0.832981
-5.751461
-0.536435
-2.498092
-0.039196
4.885635
-0.669639
2.677945
4.990689
3.354531
10.210176
-3.366304
-0.519146
2.233526
0.211093
1.516305
-0.463648
-1.849096
3.161198
-2.260596
-0.967047
4.021052
-0.631079
-4.966063
-0.522403
-0.966491
-2.147989
6.812775
2.896614
-0.037020
0.156602
2.129396
-1.787347
-1.226578
6.977924
3.565787
2.808348
8.035630
-0.155595
-8.961130
2.356194
6.124530
6.658456
11.479021
-1.536327
-0.106736
-0.681298
6.977924
-2.548243
-1.267911
-1.016489
2.356194
9.057604
2.370278
-8.930837
2.642246
2.642246
8.625296
5.328686
11.066882
-4.420932
-0.769526
-4.712389
1.639653
3.288671
0.872137
7.609003
-16.029714
-2.787595
-1.332960
-2.265535
2.872425
-2.214297
-0.059928
2.487022
-5.742766
6.746833
2.308611
6.156593
6.967480
-7.456902
1.735945
-2.406998
1.979704
2.376600
2.825622
-7.985297
-2.792822
-6.206413
-7.221233
2.789548
2.811968
2.487510
-0.545655
3.926991
4.631485
0.000000
2.333976
-0.071307
-2.896614
-2.173084
4.420932
-0.967566
3.807562
-1.489344
7.248437
-5.716456
2.122451
-7.971090
-0.447520
2.537287
-0.499347
-0.353997
-4.537717
-2.356194
-1.919567
8.065075
0.971621
-7.808558
0.020830
-7.933812
-2.892006
1.776192
7.823688
-2.114629
4.688004
2.169215
2.300696
-0.694738
9.554480
-7.873587
0.739277
7.364024
-0.099669
-1.255181
0.436627
-1.627340
-2.704965
2.400941
5.034140
7.239319
4.415843
1.005647
0.169778
0.785398
-8.758809
-1.389147
-3.453635
-2.774419
-2.643770
6.004886
-3.236544
-0.785398
-1.282741
6.320205
7.968858
-3.985747
-7.743324
2.677945
-1.160669
-0.463648
-0.955176
-10.995574
1.203622
-0.278300
-0.340382
-8.795982
-0.428264
8.343939
1.550799
-7.299674
-1.170556
2.772259
7.097987
3.605240
2.014245
2.591207
5.786763
2.193467
2.761086
7.354635
-0.269849
-0.899190
8.830564
-0.519146
-0.870903
2.651635
-0.204642
-5.300392
2.979394
0.348771
-0.638320
6.425082
0.018180
-1.203622
1.701624
2.419938
2.659929
-8.201043
-0.228497
2.814192
-2.009656
-5.522173
0.546789
-8.789751
2.560836
4.068888
-0.099669
0.321751
-1.202100
-2.255091
-0.244979
3.444478
1.550391
-6.283185
-6.080140
2.186416
2.999696
3.141593
-1.591202
-0.691337
2.498092
-2.148698
2.198105
-0.333244
-5.341185
-3.075024
-1.831399
2.400941
0.674741
7.320273
6.448334
-2.475623
0.097253
1.672485
6.786029
0.147849
4.209546
4.635617
2.252095
8.134819
0.651077
-0.750929
6.319533
4.712389
0.827041
2.539305
-9.019886
6.069125
-1.085174
-8.569073
-0.851966
3.161998
-0.556599
-2.609869
-2.356194
-0.387524
