2.639502
5.352477
1.418147
0.410127
0.554307
0.678119
-8.489008
-3.631550
-0.521434
6.468533
0.454302
5.246097
6.056386
-4.547240
-4.073475
5.546529
4.842092
1.663553
-0.165149
0.582739
-4.883124
5.300392
-1.957672
2.200830
-0.622671
-7.558541
-1.833791
-3.508766
1.469107
-0.931410
9.424778
0.797743
-1.916352
-0.948126
0.114877
4.976877
2.193467
-1.753907
3.288671
-1.394087
-2.931953
-0.680521
-2.434978
2.483704
-0.432408
5.387130
-4.040783
1.237552
-0.110657
1.810539
1.937970
-0.124355
-8.665690
-8.639380
-15.161174
2.703801
5.937630
5.363466
8.121892
-0.997356
-2.825977
1.317122
2.887919
-0.042528
-8.583881
-4.770017
0.915101
0.360837
-8.234488
2.951604
0.106736
-9.084396
-2.694073
-8.129408
1.815775
0.038443
-8.283744
1.016489
5.082295
-3.969219
-3.656044
0.896055
-8.785008
-0.453844
0.662730
-2.178598
0.502843
-8.914290
-8.899194
5.142151
-7.334836
-3.360262
-6.110994
-3.939038
2.778446
-4.229876
0.546789
2.999696
-1.833791
1.869295
-0.713061
1.735945
-1.937970
-4.522401
2.964884
2.458401
-8.943114
3.360262
6.226642
2.771687
0.689800
0.661043
0.231091
-9.008339
-0.387524
-2.807648
0.253674
1.657535
-4.040783
-4.582686
1.423718
-3.990198
2.202487
-0.496423
-1.846602
-1.423718
7.114705
-8.059377
-2.694750
6.451782
-3.816334
-3.174914
-8.497483
5.344080
-4.476844
-3.831393
-0.966491
-7.505211
-2.661418
-8.482778
-7.777210
8.538276
-1.380808
-0.363979
-0.878462
1.490966
-4.860238
-9.179799
-2.988943
2.632522
-4.285761
-0.887605
0.993604
-3.763896
-3.360262
5.667565
-2.825977
-8.718164
-7.853982
-4.865038
-4.040783
-0.115759
-0.402321
6.241543
-1.606495
1.633215
0.235545
2.371119
-1.860300
-8.781277
5.537766
-8.868179
-4.553734
0.543832
1.451367
5.346022
-0.960070
4.966063
-4.559740
-1.723446
1.412141
2.523448
-7.558541
-7.663993
3.098142
-2.147989
-2.896614
2.748535
0.183111
-8.464708
0.394791
-4.057818
-0.129703
0.183111
-8.333501
-0.560687
6.473174
2.147989
-8.254222
0.035699
-4.317598
5.556543
0.533708
1.186979
-3.288671
0.404892
-8.874392
-0.840897
-2.826378
5.564355
0.038443
-8.543782
-3.968064
0.540420
-8.831028
-8.371014
1.020410
-2.226492
-1.020410
5.089298
-0.923404
-7.782674
-3.360262
3.107124
-0.216550
-9.213685
-0.447520
-8.727757
-9.070072
-8.794744
0.472497
-4.597512
-1.664858
-7.811454
2.449258
0.297064
-9.255677
-2.643770
6.047640
5.854921
0.659310
-3.559817
-2.397267
1.069783
0.309703
1.194306
2.832662
2.591207
-3.871492
5.445204
3.121187
-9.097039
2.564400
-8.580624
-2.217844
2.608749
-0.038443
-2.587285
-0.218669
-14.735586
-1.048962
-0.110657
0.367174
0.165149
-4.092139
0.463648
-3.970442
3.070285
-4.076551
1.249046
-4.031868
-8.842425
-4.312148
-15.186529
-0.321751
5.456714
-4.673946
-3.141593
3.239320
3.395267
5.240463
1.723446
0.706199
3.221423
-8.802107
2.369892
5.892578
-0.152649
1.033886
-8.961130
2.287808
-2.169972
5.666888
-4.750832
1.717875
5.157690
-0.400241
-8.880946
-0.244979
-2.637966
-8.923765
-8.969677
-9.140984
5.973482
1.390943
-4.606405
-4.256938
0.530773
-3.773283
-4.379145
3.232253
0.391700
0.453844
1.325818
4.871044
-1.904041
3.463343
0.106736
-0.288055
-8.083214
0.729900
-8.280609
-0.836635
-4.171969
-8.912389
-1.797595
-8.712420
0.528074
-1.335251
2.951604
-4.390638
0.911486
0.799890
-1.650626
-8.662631
6.651881
-1.717875
3.141593
7.068583
5.619139
0.785398
5.756558
-1.400061
0.463648
-7.670871
2.702733
1.905533
2.819842
1.412141
-9.234790
5.583292
5.010888
0.119429
-14.667940
-0.446106
-0.165149
7.480994
2.404936
0.315616
-1.536327
6.200044
-14.892271
-0.278300
5.045633
-1.692639
5.383995
3.176062
-3.414601
3.342910
0.509071
-3.533293
0.420197
0.119429
1.089909
-1.612439
-0.480175
-2.677945
-3.912499
2.404936
-4.094633
-2.846152
1.975688
3.004526
0.380506
1.133005
-1.237552
12.347702
1.138389
5.968428
-1.810028
2.489724
-4.498328
-8.720284
1.262744
-4.402686
0.948126
1.205049
0.035699
3.541833
-1.261093
2.686492
-4.057818
-3.504740
2.743965
-8.744869
-0.225277
-3.101614
-1.668523
5.482863
3.174914
-1.387686
2.819842
5.342790
-7.169687
0.472907
2.906048
-0.485622
-4.029198
2.736701
0.152649
1.490966
-7.964639
9.712059
-0.410127
-15.139859
5.995130
-0.821527
-4.547240
3.072736
5.028359
0.605545
-1.535097
5.387130
2.754717
-14.951129
-7.520737
-9.057604
-4.377652
0.505290
3.346988
-0.090660
-0.830144
0.407256
4.643532
-0.158655
2.369181
2.939830
-1.212026
-4.672410
-0.717012
-7.777210
-4.047614
5.949240
2.806856
-1.712693
-3.574000
0.455451
-0.226799
5.399513
0.327739
0.582353
5.040942
5.276473
0.770015
-8.862280
5.079563
-2.731465
-1.335251
0.363979
-1.423718
-4.134487
1.973117
-1.091277
2.370278
-1.783228
5.674496
-2.226492
-3.245385
0.083141
-4.083593
2.175102
-4.319331
-3.860423
2.087491
-0.267910
6.324828
3.368392
3.104573
-0.295441
0.651869
3.141593
-1.570796
1.690225
5.256669
-0.512389
-3.323241
2.914794
-3.816334
1.325818
5.553286
6.059709
-4.666966
-2.253988
-1.405648
-8.548720
3.247577
1.929567
1.343997
1.735945
-9.188533
-4.670746
-8.258873
3.141593
-0.643501
0.380506
-8.466134
-1.591202
-8.806634
-0.966491
-0.943488
-2.627141
-1.712693
-0.620249
5.484455
2.594804
0.358771
1.380808
-4.518767
-1.840645
-3.571355
-0.718830
1.609239
-0.041643
2.289626
-4.625651
2.193467
-9.170410
1.275355
-4.346642
-8.410581
2.016097
-4.213042
5.774114
-2.650429
-4.390638
-7.770840
-3.757213
-1.677532
2.095592
8.467752
2.042574
8.546316
-4.302262
-0.410127
3.422430
-8.884358
1.975688
2.441700
-15.608295
0.785398
0.283794
4.848792
-0.558599
-1.673878
2.966920
1.287002
-8.740483
0.189988
1.490966
0.061148
-0.547562
-2.637966
8.327338
1.261093
5.375118
2.964884
4.947934
-4.553734
-8.831775
4.902377
1.394857
-1.469107
1.289564
-1.954966
0.262995
-1.532354
-8.795982
-1.536327
5.551789
5.591264
-2.015216
1.490966
-8.677336
-4.514993
2.239839
0.399515
0.758378
1.343997
6.153483
1.455920
2.104505
5.802298
3.334804
-0.908067
0.114877
3.740768
5.470767
0.523919
7.373807
-3.252250
-8.590638
-8.043970
-0.367174
-0.609163
0.499347
0.065125
-8.461784
-9.037902
1.824470
1.570796
5.010888
-2.480549
-2.398423
-7.853982
-7.508426
5.837080
-2.780389
5.341185
-8.704224
-0.212432
-8.639380
-2.576443
-2.129396
6.357124
-8.326104
2.660705
3.103150
-5.608444
5.709745
-3.755363
-0.086738
-1.315614
-1.380808
-3.419892
5.554868
9.577427
1.997424
-2.801211
0.970746
-4.629248
2.756435
1.843805
-7.663993
-9.029987
-3.345611
1.033512
-0.425205
1.570796
-1.919567
-1.311465
-2.424581
0.365747
-1.681454
-3.300248
1.392703
-5.111904
3.077849
5.750341
7.930754
2.896614
5.593385
0.152649
2.463884
-8.639380
3.404587
-0.588003
-32.627952
1.065506
2.558516
6.283185
-4.331883
1.197809
-8.098960
-0.321751
1.392703
-0.283794
5.270988
0.842479
2.711830
1.373401
