2.313966
2.532429
7.596658
-2.034444
-0.240171
-1.227772
-2.236766
-2.616797
7.818283
2.011976
7.112034
8.420711
3.346988
2.236766
2.694073
-2.485897
-8.387690
1.385448
0.896055
9.518839
7.614239
5.931141
-1.012197
-7.510958
8.660653
7.772530
-7.814003
0.348771
2.624898
1.272297
5.972798
7.325907
7.189207
-0.463648
-2.034444
0.081452
0.175940
3.244674
2.700413
2.233526
3.141593
-0.604306
1.286066
-8.126990
-8.730040
3.119374
5.934414
-1.160669
7.039180
2.043293
-2.356194
6.865090
-8.436335
-7.912737
1.260409
-0.315616
-8.164980
-5.146342
6.930997
-0.909753
2.252095
0.599175
0.295441
-1.732171
-1.653938
3.182386
7.364024
-7.894775
0.103792
7.159243
-0.536911
9.575793
-1.271020
2.991780
-2.342862
-0.076772
-0.107690
2.906048
-1.480136
3.041924
-0.061148
9.179799
1.835285
3.104573
0.504861
8.118470
-2.466852
-2.135946
7.503667
7.330062
0.785398
2.339803
5.704661
15.728369
3.463343
-2.594804
2.982241
1.139658
0.785398
7.374462
0.074860
-0.604306
2.709185
-3.015001
7.462282
-0.692334
4.537717
-7.949841
0.942000
8.223888
2.595426
-4.467410
-2.199593
2.505754
-2.042918
-0.019605
0.083141
-0.870903
-0.207496
-0.174672
-0.662730
0.519146
-0.703614
2.553590
8.481290
8.359272
-2.042918
3.557657
-2.624898
2.285888
7.205650
2.994514
2.660705
3.555282
-7.998423
1.538549
-2.514284
0.344647
1.030377
7.373807
7.121167
-2.195432
-1.017955
2.007423
2.697173
1.570796
8.221155
2.804918
5.727019
-0.940395
-1.345520
-1.482789
-0.507099
9.383984
-2.441700
6.480581
0.681298
0.119429
3.067654
9.637210
2.969402
1.335251
0.407632
7.149488
-2.790865
-1.474937
-0.543478
1.325818
-0.801270
-15.027442
-0.396441
3.449645
2.756988
-0.329050
-0.680521
0.934958
-0.489957
2.878598
7.040020
2.257921
0.435353
-7.493145
-1.739003
-1.917858
1.570796
0.463648
2.056418
-0.208465
0.129703
12.743079
1.965587
-0.340382
0.866302
-2.466852
-1.647568
-1.014197
-8.037092
-0.931410
-0.000000
-7.539224
0.183943
2.231839
0.635838
-2.153149
-0.948126
-1.646125
-5.902679
1.608514
-0.018516
-0.121352
-1.639653
-1.142532
-0.463648
-2.471071
-8.001831
-0.214061
4.321782
-0.152649
9.703078
-2.025098
-1.594048
-2.430683
2.455863
2.313966
-1.992801
8.151046
9.424778
2.023575
2.140110
7.446726
2.757423
-9.244924
-5.981566
0.000000
8.229943
-2.612003
-2.601173
-2.993743
-0.218669
-15.446250
-2.060754
-0.374334
-0.278300
2.739272
-7.982305
1.892547
1.961403
2.289626
8.221155
1.591202
1.548073
0.639386
3.496298
2.034444
1.588976
2.749893
2.703801
0.045423
2.757423
-1.197809
0.651077
4.985398
0.390607
3.265948
1.345520
1.509648
-1.004067
-0.289846
9.185035
-1.898197
9.566675
0.336675
5.771955
2.944197
-2.612003
7.344911
-8.145438
-0.728317
0.495552
-5.007119
9.388430
0.076772
-0.428264
2.422763
2.299651
7.497762
-1.593015
-0.220494
0.939106
-0.355636
12.043092
1.590794
2.179960
-8.132281
2.806856
2.913096
0.113151
-1.989021
-2.585426
-1.927416
-1.088283
-0.446106
0.463648
-0.659310
0.853785
-2.179960
6.518730
7.497361
8.194364
-2.609869
0.300171
7.305432
-1.325818
-0.178093
1.158386
2.988943
-7.980954
3.120319
9.599450
7.218955
-2.744513
2.553590
-1.951303
-8.135214
7.351138
6.997276
0.254368
9.227382
2.475623
-2.547843
-2.275290
-0.315616
2.383965
-1.499489
-2.558853
15.669521
2.752276
8.572812
3.221423
1.300947
1.056345
-1.787347
-1.916352
2.601173
-0.810393
-1.218752
13.154373
7.243256
1.901094
0.571337
-1.385448
6.896955
-7.909480
3.306741
-2.003204
-0.528074
0.824340
-2.764344
-1.369842
-2.446854
2.068619
7.068583
-1.748889
-7.325907
0.851966
7.473475
1.229817
-1.499489
-1.866237
2.199593
-2.646041
0.880996
0.069655
2.218188
-0.151015
-1.618379
-0.648332
-0.799096
7.575682
7.107026
-1.266285
12.653866
1.838707
-0.893088
0.071307
-1.494024
1.629552
0.532844
3.522099
-0.257324
-1.373401
0.058756
13.220007
2.642246
-2.690140
7.545929
0.330297
-2.135946
-0.528074
-0.565149
-1.443287
2.711830
-8.175732
7.769080
-2.597312
2.601173
12.413721
-1.754740
-1.523213
9.476015
1.712693
-0.156602
8.410581
1.093451
2.594030
7.086126
2.328424
6.241543
-2.701750
7.591862
6.470614
1.834760
6.244743
1.739393
-1.824470
-1.473069
0.334737
1.081944
3.232253
7.763322
2.413275
3.404587
7.124082
2.706239
0.308931
0.507099
7.179241
-0.327400
3.038511
0.302885
-1.033886
-2.582993
-2.889038
-8.806634
-2.025897
-0.158655
1.768192
2.607884
0.254368
13.404352
13.643226
-1.010109
-0.551655
2.647651
-7.520037
-7.966709
-2.369527
7.575682
-1.517276
7.991048
0.332059
0.204642
-7.709169
3.183235
-0.361204
-1.172274
-0.141897
1.369479
-2.045196
15.832318
-7.477072
-1.446441
-1.358364
2.304957
15.934762
-1.590402
7.283941
3.335215
2.466852
-1.020943
-0.446842
-0.414507
-2.034444
0.097727
1.249046
-8.460587
2.965653
0.674741
7.159243
-5.122516
1.283515
-0.418224
-0.862170
5.275705
2.696292
1.869295
-1.892547
-2.460294
-2.026247
0.446106
-0.626261
-2.677945
0.603230
9.405173
0.570040
6.799880
7.218143
7.465663
-7.600308
0.223477
2.356194
0.314232
-0.604306
-1.355981
-0.414507
7.899405
-1.197809
0.162199
-1.016489
6.996246
-2.811968
-0.197396
-2.417845
1.436985
1.668050
8.278814
2.455863
-0.340382
-2.083186
2.729182
-1.717875
0.393058
6.699250
0.321751
1.396124
2.034444
1.610775
1.723446
7.397910
2.279423
7.835465
-0.502843
0.000000
2.184566
3.071938
3.120319
-5.008935
-0.046478
3.030935
0.295441
2.166206
1.854590
8.907746
0.757628
3.314838
3.822891
1.913820
-2.045807
-0.328120
3.066264
-0.901753
-1.653938
-7.381075
-2.475623
3.162866
7.321138
0.665969
-0.372068
-1.010109
2.902983
7.457540
-1.856848
-2.153536
1.225241
2.819842
-0.274167
-2.592218
-1.795031
0.570040
6.998277
9.034171
-7.545051
-1.815775
7.488234
5.283726
7.101904
1.837048
-2.480549
9.379355
7.052712
0.453844
0.244979
0.834140
5.511485
6.881604
6.081423
-2.311448
-2.391894
-2.158799
6.639805
8.317629
-0.376909
-2.653756
0.358771
-7.853982
-7.587730
1.310194
2.111216
3.335552
6.922571
7.408681
-1.946757
-0.161837
0.136403
-0.647811
7.297382
-8.693871
1.570796
-1.123954
0.562498
2.300696
0.086738
3.541833
-1.923787
3.669667
1.978052
-0.919720
8.522271
-2.925508
7.551097
-1.044169
-1.534449
-0.201317
-1.873681
1.487655
-13.794143
3.047531
-0.489957
7.960717
7.110812
1.535097
7.276789
-2.356194
2.067219
-1.148791
1.628425
0.061148
-2.059649
1.508378
2.016902
6.209246
-2.990577
8.509677
-0.883672
-2.647651
2.164546
-1.157107
2.408778
2.604682
3.630445
-0.540420
-2.601173
7.179241
7.202113
3.190335
-2.291350
0.927295
-1.695151
-0.117109
7.342751
-1.678486
3.141593
0.039979
-0.511556
-1.886767
2.709185
1.910089
-0.588003
-2.277411
7.119387
0.105984
1.302430
1.594601
-0.588003
2.588751
2.311448
-2.838708
2.327631
-1.033210
7.598799
