-1.067953
0.394791
-2.158799
1.570796
0.047583
-2.137526
-2.761086
-1.261093
0.041643
-0.750929
1.742987
2.196281
1.088283
3.094010
0.499347
-2.622447
2.205823
9.511516
2.774419
2.526930
2.677945
1.520838
-1.471128
2.446854
0.888480
-2.918116
0.815692
0.558599
-1.570796
-2.944197
-2.077895
-2.753274
0.674741
-0.968509
2.441700
-1.182478
-0.661043
2.293776
-0.135528
-1.626295
-0.682317
-0.917950
0.119429
0.982794
-2.466852
-1.523213
9.151769
1.484058
-1.753907
2.158799
-0.410127
0.156602
2.629203
0.758378
-0.295441
-1.612439
1.156289
-1.414194
1.217806
-2.553590
2.819842
-0.817645
2.077895
2.792822
1.471128
-0.817645
9.472361
1.570796
-2.498092
-0.982794
0.753151
-1.016489
-0.785398
1.039072
-1.828120
0.507099
9.244924
-2.057696
1.969319
-2.918116
-1.706324
2.170847
-2.488746
1.405648
0.499347
-0.152649
1.784857
0.726642
3.271295
0.045423
1.484058
0.755104
-1.022247
-1.719686
2.173084
-0.785398
2.578276
-1.975688
1.706324
2.526930
2.158799
1.719686
-2.013171
-2.761086
-0.305879
-0.380506
0.674741
0.090660
9.386335
-2.642246
2.384758
0.714091
-2.095592
0.902507
-2.634494
2.231839
2.245537
-1.523213
1.428899
0.960070
-2.013171
-1.616220
-2.896614
-1.570796
0.540420
-1.249046
0.000000
-2.393215
1.315614
-2.731465
-2.055274
-2.498092
-1.279340
-3.103150
-2.835714
0.129703
1.182478
-0.233743
-2.137526
0.851966
-1.217806
-1.004067
-2.565217
1.012197
0.214061
0.463648
0.825377
0.502843
-0.566729
-0.482513
-0.994421
2.792822
9.515438
0.463648
0.463648
-0.643501
-1.088283
1.934775
0.047583
-2.129396
-1.862253
-2.356194
-0.426627
-2.422763
0.110657
-1.892547
3.022164
-0.722979
2.231839
2.284887
1.465919
1.828120
0.635027
1.570796
0.935770
3.050933
2.418613
-1.665748
0.614663
2.731465
1.657535
-2.804918
-2.147172
-0.321751
3.288671
-1.405648
-0.372988
2.506566
1.249046
1.287002
-0.896055
-0.661043
2.723368
1.130954
1.759018
-0.507099
-1.804540
0.540420
-2.147172
2.459276
-0.442374
1.695151
1.287002
-0.233743
1.030377
1.675673
1.249046
1.778293
-2.323948
1.222025
2.835714
-1.975688
-2.388441
-0.244979
1.907471
1.892547
-1.373401
2.137526
-0.950547
-1.776192
0.982794
-0.694738
2.567288
-0.888480
3.011890
-1.262744
0.486899
-1.063698
-2.582993
-1.039072
2.488746
-2.616797
0.851966
-0.205395
3.026716
-1.618379
0.321751
-0.851966
-2.196281
-2.129396
1.570796
-1.620755
2.245537
-0.334737
0.370891
1.907471
2.289626
-2.961739
1.007480
2.098871
3.046641
1.147942
-1.086318
-2.918116
0.602287
-1.016489
2.699218
2.982937
0.862170
-0.295441
-1.024007
2.239086
2.461071
-1.487655
9.424778
0.197396
-2.994514
-2.323948
-0.086738
-2.659079
1.088283
-0.380506
-2.459276
2.383215
-0.881872
-2.000559
-1.681454
-1.063698
1.484058
1.618379
1.004067
1.620755
-1.339706
2.386488
-0.446106
2.459276
-1.815775
1.523213
0.422854
2.922924
0.614663
9.217282
1.527345
0.970746
-1.825979
-0.682317
-0.652847
-1.124691
-0.278300
-0.055499
-0.652847
1.428899
2.170847
0.000000
0.398522
-2.239086
-2.753274
2.819842
1.735945
-1.815775
0.524796
-2.214297
-2.102520
2.289626
0.927295
2.034444
2.077895
0.321751
-1.690225
-1.337053
-0.117109
-2.488746
1.892547
-1.647568
1.261093
-2.473303
1.993650
-0.414507
2.988943
1.768192
1.670465
1.418147
-1.152572
1.172274
1.325818
0.945311
-0.045423
-1.570796
1.742987
1.199905
-1.825979
-0.909753
2.850136
-0.124355
-1.750650
-1.570796
0.785398
-2.530867
-2.214297
0.896055
9.381327
-1.609239
2.459276
-1.616220
1.396124
-0.104877
-1.993650
-2.111216
0.047583
-2.077895
1.130954
-1.249046
-1.071450
0.614663
-0.463648
2.446854
2.437099
2.239086
-1.199905
0.502843
3.191551
-1.849096
0.870903
0.000000
-2.587285
0.996491
-2.506566
-1.046001
0.489957
0.463648
-2.984991
-1.373401
1.570796
-1.653938
2.319174
-1.929567
-1.518213
3.191551
2.541542
1.776192
0.881872
-2.196281
-2.638749
-0.205395
-2.701750
-0.885067
2.327631
0.817645
-0.851966
-0.600050
-1.414194
1.623379
-1.083897
0.174672
-1.275355
-0.463648
2.677945
1.126377
-3.141593
-2.906048
1.815775
-1.690225
2.886410
1.570796
1.523213
1.487655
0.141897
1.039072
0.652847
0.308053
-2.111216
-2.185459
2.498092
1.919567
1.435269
2.111216
1.267911
-0.090660
1.339706
-0.919720
3.022164
9.179799
-1.107149
1.520838
-1.951303
0.748378
2.969402
-2.325901
-0.996491
0.847817
-0.321751
0.574305
2.875341
-0.124355
-2.662073
-1.804540
-1.529154
-2.695487
-0.558599
-1.919567
2.593043
2.170847
0.463648
-2.753274
3.061763
-0.699893
-1.051650
0.909753
-2.437099
-1.487655
1.670465
0.207496
-0.815692
-0.817645
-2.659079
-2.414950
-2.699218
-2.526930
-0.682317
2.089942
1.806341
2.452668
-2.553590
2.284887
2.819842
0.442374
-0.851966
0.486899
1.745469
1.304544
-2.677945
0.295441
1.629552
-2.831890
2.010639
-1.815775
-0.049958
-1.525373
-2.714965
-0.970746
-2.034444
0.956133
0.231091
1.843805
2.265535
2.731465
-0.233743
1.706324
1.315614
-2.714965
-0.851966
-1.382575
-1.614247
-2.279423
-1.828120
2.768605
1.299849
-2.013171
2.714965
0.090660
-2.196281
0.982794
1.299849
-1.614247
1.373401
-1.629552
-2.846152
-0.291457
1.414194
9.424778
2.214297
1.862253
1.685673
1.030377
2.878598
1.923787
-2.699218
2.660705
0.674741
0.602287
0.000000
0.576375
0.418224
-2.777614
0.418224
9.377195
1.428899
-2.461071
-1.165905
0.090660
1.665748
-0.714091
2.013171
-2.070143
-0.651077
2.259721
2.422763
-0.945311
2.969402
-2.245537
2.321725
2.158799
-2.270689
0.110657
2.158799
-0.380506
2.488746
0.519146
-0.758378
-1.892547
-0.043451
1.866237
0.463648
-2.034444
0.531724
-1.880499
-0.554307
-0.917950
9.424778
0.257324
-2.214297
-2.055274
-0.334737
-1.067953
9.383135
1.022247
3.290483
-1.750650
-2.896614
-2.134113
-0.090660
0.463648
-0.278300
0.643501
-1.616220
-2.422763
-2.982937
-2.601173
2.319174
-1.107149
2.321725
-0.482513
-0.812419
-0.745419
3.181571
0.214061
3.011890
-1.618379
-0.785398
-2.695487
2.578276
-2.098871
2.480549
-0.394791
2.070143
-0.817645
0.426627
-1.742987
2.850136
-0.094952
-1.325818
1.776192
-0.223477
-1.997424
-0.682317
-1.520838
2.714965
-1.570796
-2.982937
-0.388319
2.223643
-0.255182
1.750650
0.682317
1.570796
-2.565217
1.180189
2.441700
2.601173
2.699218
-2.356194
2.253113
-1.088283
2.253113
0.404892
-1.262744
0.141897
-1.993650
-1.056345
-2.446854
-1.206817
9.424778
2.145101
1.022247
-0.620249
-0.266252
-0.148890
0.090660
1.876675
2.073640
-0.388319
-0.755104
-2.530867
1.675673
1.453688
1.016489
-1.236059
-1.182478
9.379355
1.866237
-1.570796
2.642246
2.089942
-1.337053
-2.770701
0.278300
-1.284745
1.190290
9.424778
-0.158655
-1.292497
0.188222
2.446854
-2.170847
-2.723368
0.352990
2.565217
2.936197
0.718830
-2.070143
2.386488
-0.141897
2.070143
-1.352127
-0.982794
1.661456
2.819842
-0.502843
-0.165149
0.548549
