3.141593
-8.380048
-2.594030
0.042528
7.292060
0.516695
-0.846546
7.098877
0.132552
0.720971
-1.997424
-0.365747
-2.025516
-1.069192
7.552363
2.669096
-2.780389
2.518922
2.712815
-7.835802
-0.995372
2.258468
7.521922
2.202487
-2.126290
6.210145
7.116167
-8.433984
1.975688
-0.411065
9.278766
-2.224879
7.118542
0.291457
-0.024385
8.548720
0.073041
2.613518
-0.456072
7.008051
-0.575425
8.033835
-6.604936
5.731530
1.801887
2.158799
9.444775
-2.269456
-8.028654
-1.593520
-1.354711
-8.317629
-8.120234
7.287252
3.109346
-2.910502
-1.163540
-7.681791
-1.872415
-0.000000
3.635534
7.231311
-0.853785
7.055251
-1.951303
2.126290
-2.417343
7.853982
-2.566168
-8.193274
3.463343
-0.933248
-0.683709
2.111216
-0.266252
2.414950
6.631956
0.179853
0.284730
2.775845
-8.154153
2.828691
-0.698660
-1.947706
0.179853
0.112728
-6.341941
2.432966
-2.615526
5.034140
-1.939492
7.763322
9.718367
7.008051
0.463648
0.185348
-0.785398
6.673792
-2.006150
-8.342316
2.422763
0.185348
1.978428
7.256805
6.816029
2.295046
5.378358
2.847358
-2.187988
1.525373
6.917208
3.431096
-8.111305
7.874387
-7.131002
-7.600308
-0.214061
7.558541
7.299674
-0.315215
1.465919
2.749893
2.616797
-1.716809
2.373142
-8.079258
-0.999459
-1.932000
7.018625
9.244924
2.547843
-0.239743
0.117109
-0.550386
0.041643
3.082837
-2.852617
3.507340
7.832246
-2.191046
-3.084512
3.141593
1.944523
-2.889903
1.860300
-2.819842
-1.829567
6.838679
15.386213
-1.044169
1.853351
-1.116077
0.157769
2.310771
-0.827041
-2.399645
-1.190290
1.410883
2.377468
2.187988
7.782674
7.362818
-1.051650
-1.815775
-2.748535
-0.224711
2.105751
-0.433953
-0.519146
-8.358148
7.630505
1.963136
-1.222025
2.582993
-2.079867
-0.433953
0.074860
7.159243
6.655253
-1.735945
7.271629
7.390334
-1.446441
-1.014630
2.004750
-0.899190
-8.212752
7.853982
7.188012
-2.577023
-8.118470
-0.807617
-7.618437
-8.039330
-3.306741
-2.446854
6.886935
-3.141593
-6.150634
9.202696
-0.533708
2.158799
2.838708
4.527041
-1.989021
7.390334
8.137776
0.110657
-8.224873
-2.528385
0.627308
-0.721655
7.271242
0.048742
-2.418613
7.622891
-2.591739
-2.245537
-0.904827
-0.239743
-1.781890
0.205395
-2.961739
2.956245
-1.362331
-2.525973
9.113780
7.380130
-1.058407
0.393058
-2.800614
-8.464708
8.019130
-1.107149
2.545394
-2.677945
-0.392340
-7.964639
-2.788602
-0.021273
-2.811295
-6.457858
-7.105604
-2.254506
3.141593
3.643197
-2.072400
6.933056
-0.372988
2.677945
7.313562
2.704965
5.942206
5.882945
-1.006227
1.725793
3.141593
-2.677945
3.110353
-1.815775
15.707963
-2.785957
-0.062419
0.512389
-2.639989
7.179241
-2.214297
-1.936544
2.004750
-0.040794
7.750900
-1.951303
0.000000
-2.706922
-7.390334
2.537843
-2.181522
6.061103
1.745469
-0.436627
-2.384758
2.891150
7.401203
7.484076
2.875341
-0.950547
-0.785398
1.864385
9.211840
-0.092756
-0.718830
-6.341941
-7.743324
6.604936
0.631079
-5.686009
-2.279423
2.175102
1.226149
-2.505754
7.477491
6.938881
-2.086345
2.176341
-0.569313
0.244979
-0.507099
-7.697380
-0.380506
9.130543
-8.039330
3.302355
0.172191
2.726101
-0.605545
-2.810497
3.033903
-7.707969
-8.098960
2.906870
0.281232
6.981845
-0.743756
-2.231839
3.024484
0.302885
3.056087
7.609003
3.079174
7.575682
7.084975
1.871717
-0.708626
-0.029403
2.770701
9.217282
7.570188
7.853982
2.333976
7.068583
1.951303
7.421574
-0.999459
-5.878294
-1.019141
-1.900421
-0.540420
0.372068
2.707639
-2.546833
3.712930
-2.399645
-1.169568
-0.463648
6.996246
-7.415645
2.493781
7.484648
3.644436
-2.050971
5.104729
7.438490
-3.053585
-2.268187
-1.661456
7.273979
-7.978337
-0.064427
-0.990794
-1.917858
-0.066568
15.597306
-2.559240
6.805589
0.724866
-0.350728
-2.398423
-2.285888
5.846558
-2.289626
8.185078
0.568525
-0.734594
9.103027
2.553590
-1.629552
1.249046
1.570796
1.438245
-2.860360
6.312589
-2.273053
-3.049263
1.661456
3.306741
2.251318
2.697173
3.261022
2.295662
-0.615620
2.073640
2.310073
2.222665
2.342497
-0.124355
0.062419
2.077895
-1.401018
-1.415800
2.819842
3.538034
0.312042
7.174568
6.238770
9.424778
-6.283185
1.940130
1.739393
-1.651700
6.650359
-1.058407
-2.260596
-0.071307
7.509334
3.407845
7.068583
-2.425849
-0.018180
2.417343
-0.904827
2.961739
2.469986
2.336589
2.686492
-0.412410
6.038207
0.268366
-0.435353
1.703348
-2.450256
2.132718
7.460924
-7.473475
-2.425849
-7.830177
7.609003
7.423289
2.870646
3.534651
-2.142134
2.046492
-2.400941
-0.044415
0.310998
0.830821
7.313562
-1.687905
-1.911178
5.893869
-0.724250
0.244979
-0.876058
-7.644959
-0.828849
6.685056
-7.127339
1.907471
-0.031240
-2.382504
-2.377468
-0.647811
-2.750986
9.179799
6.877399
2.828691
-1.165905
1.721168
-2.417343
-3.141593
1.667270
-0.800322
7.956188
-1.019141
2.460294
-0.099669
7.129115
0.424194
3.058451
-7.204111
9.446997
2.687291
6.251945
-2.668686
-2.642246
-1.837048
-1.292497
-3.030935
2.860755
7.023160
-0.813962
-2.615526
2.954613
-2.334921
-2.882822
-0.625485
-0.772066
-0.605545
7.404222
3.141593
2.009656
0.046478
7.784327
-3.141593
1.815775
2.333976
-2.829551
2.655971
-2.750986
-6.957926
-1.117458
-0.763180
-0.957589
2.536048
-2.439336
-7.811454
0.021736
9.396214
8.274645
-2.471071
9.366022
0.851966
-6.577420
2.356194
7.567930
-0.802346
2.668237
-2.568627
-2.455863
-2.100386
-1.778293
-8.297430
0.154319
7.174568
8.258873
7.823688
2.060754
2.723368
1.609239
-2.577023
-7.916400
-0.484478
-2.589938
0.332059
0.939717
-5.684010
2.694750
0.655696
-0.103792
-0.770015
-0.764993
1.441094
2.191046
-2.689439
-1.034985
-7.916400
1.991460
5.881315
3.205336
-1.163165
7.938883
-7.747997
-7.499984
-1.325818
-0.944053
-0.069655
-0.529590
2.579671
2.254506
0.454302
-2.926235
3.200348
2.238102
-0.969723
-2.986596
-1.107149
-1.095101
-1.687905
2.384758
2.279423
2.677945
7.174568
9.278766
-0.463648
9.259629
0.674741
-1.805519
6.871188
-2.193467
3.030935
2.268187
6.893911
-2.766322
-1.878849
0.252554
-0.990794
-0.717012
0.746956
2.093200
8.990108
-6.314425
1.086318
-0.958259
2.227871
-1.093451
-2.158799
-2.289626
-1.020410
-8.124928
7.421574
0.287281
7.050404
9.150611
-2.310073
7.609003
2.333976
-2.301703
2.048142
1.741532
6.816029
2.185459
2.089942
9.469193
-1.034361
-0.424194
-8.159861
7.874812
1.373401
0.340979
1.837048
0.529590
1.443824
-0.844154
-1.414194
15.936460
-3.089010
1.681454
-3.197091
-1.030377
-1.967238
6.980576
1.902856
7.416190
-7.223580
-2.629203
-1.699120
7.068583
-2.906048
-0.748378
-1.379612
1.873681
8.327338
-0.602287
-8.012637
1.858852
7.505211
2.379446
-3.030935
-6.480581
-6.016933
7.179241
0.671606
0.785398
7.265979
-2.502207
-2.626044
-1.983207
6.241543
2.570255
6.263188
0.521834
-7.812339
8.169597
-2.802300
1.284745
3.161198
2.231839
6.871188
-6.316506
2.536048
-1.764008
