-0.831519
8.148216
-0.426627
0.185348
-1.014630
1.690225
-6.162562
0.041643
3.350616
-2.657115
-1.288241
3.083964
-2.089942
-8.554836
2.301703
-0.186979
7.094219
-2.616797
2.435394
8.132281
7.642888
-1.249046
-1.138389
2.677945
-6.080864
-2.218608
7.100830
7.446350
6.986799
2.177784
2.726101
-2.262718
1.876675
-2.044648
-1.846222
-2.427502
5.998455
1.735945
2.178598
1.659452
-1.051650
7.609003
7.292818
0.463648
2.812543
-2.356194
7.404222
-2.089942
1.369034
-0.335639
-2.098871
0.566729
-7.707969
-1.598567
-1.071450
1.373401
7.108562
-1.216091
1.748392
-2.287338
4.248741
7.265979
-0.904827
-2.736701
-2.111216
-2.115077
6.865090
-0.281232
-0.872894
2.403778
-1.076855
9.654682
-2.586099
1.728565
-1.465919
6.937268
-8.098960
2.268699
1.935998
-2.677945
9.543268
2.060754
-0.716542
-1.199905
0.509071
-7.905219
7.186675
-1.859772
-1.107149
-1.046001
7.331578
-6.471407
8.998150
2.289626
7.880291
-2.299651
8.001831
7.068583
6.907208
3.028442
-1.795507
7.674128
-2.120650
2.285888
-1.849096
-7.587730
-1.203622
7.729627
-7.575682
-0.249979
5.844849
1.681454
-2.427502
6.147658
-2.391894
-0.947597
-2.863293
0.471778
2.565217
0.031240
7.433318
-2.649107
5.695183
-8.094153
7.171665
2.259721
0.857735
1.181480
-1.304544
15.653962
-8.141263
-1.882838
-0.211093
-0.989416
-0.085505
-2.629203
8.241505
3.543463
-0.724866
0.044415
7.552363
2.745151
-2.145101
-2.077895
1.347320
1.369034
8.019130
-2.462930
-2.070143
-1.955401
3.538672
0.188222
1.744042
9.399783
1.302430
7.831258
9.292226
5.898028
-8.061478
-0.892134
0.031240
7.609003
3.532200
-2.703256
5.755111
-2.720929
-2.143762
3.030935
7.853982
7.117724
-2.667193
-1.138389
6.761538
-1.841743
-2.317752
-2.524401
-1.446441
7.112034
2.152177
-8.175732
6.973632
1.249046
-2.181522
2.262133
-0.385158
2.983824
-0.452778
3.426323
-0.376490
-0.191184
-0.135528
-2.750986
-2.567288
9.424778
7.148413
-2.453921
0.638320
-1.993650
7.179241
-3.200348
3.488654
8.278814
8.253497
-1.899349
1.457645
3.743880
1.642104
7.265979
-0.870903
7.853982
2.394637
-1.757776
2.007423
7.004840
-2.838708
2.748535
1.929567
2.560212
6.954329
7.914514
-2.325901
-1.118018
8.105672
-1.508378
-1.875307
2.509902
6.718539
-2.723368
-6.220766
-1.119343
-0.262120
0.203045
2.518922
0.030294
-1.058407
7.052712
-1.932000
7.390334
-0.141897
-2.485897
-0.606988
2.578276
7.445833
-2.470449
2.111216
8.272206
0.244979
-2.021458
1.937970
0.069655
9.167454
-2.339247
7.746292
-2.690931
-0.668289
6.675525
1.146602
-0.272146
7.049718
7.298488
3.033322
2.289626
-2.439336
6.849915
2.219128
3.017238
0.535811
2.389515
2.452668
-1.981861
7.804023
1.984486
3.349089
-2.201876
-1.438245
-0.022219
-1.042722
-0.581905
-1.262744
-8.184279
2.034444
-2.061960
2.688814
-7.899405
6.480581
-0.708626
2.083186
6.170034
9.638839
-0.722979
2.530867
-2.785373
2.665125
2.412738
-0.124355
-0.614663
-1.012197
0.027771
2.274410
-0.855053
-2.740364
-4.990689
2.863293
2.553590
-0.588003
0.305879
2.700413
9.480276
-2.653259
2.274410
8.035630
-8.051377
9.154929
-0.000000
7.749105
0.027020
-1.972667
7.248437
6.871188
-7.853982
7.780941
8.202753
-2.647651
6.437504
9.424778
8.639380
-2.089942
-0.433953
15.667170
-2.833540
9.128232
-6.557353
0.321751
-8.098960
-1.475845
7.215068
7.591862
-2.444202
2.963996
3.295911
1.331565
-1.658804
2.214297
-8.098960
2.859821
-7.798483
7.008051
-0.540420
8.175732
8.210201
-8.204710
0.144812
7.279677
-1.623379
-2.436024
6.890173
-2.279423
1.168926
-0.785398
1.756144
0.341615
-0.913721
4.075881
1.136843
2.593043
-0.302885
-1.955401
9.268176
7.379582
-1.272297
6.847755
-0.588003
2.802300
-1.428899
2.488746
4.186323
-1.670465
3.204011
-0.535811
9.446051
-1.117458
0.900275
1.051650
0.380506
-1.231504
8.183606
-2.619758
-2.622447
-2.375060
8.295161
-8.108350
-0.390607
2.208345
2.143762
2.134113
6.903435
1.270625
2.976444
-1.474323
-1.080839
-1.875307
-1.063698
-7.978337
-0.355636
5.917984
2.020556
-2.466852
-6.004886
-0.000000
2.009133
-2.194819
-3.194176
-0.724866
0.218669
6.974522
-0.697391
3.163811
-2.054243
2.514850
7.679309
2.231839
-2.969402
0.408908
-7.647658
2.843094
-2.666582
9.424778
2.589938
7.279677
-2.245537
-0.209640
2.003204
9.447501
2.662073
2.639989
0.000000
-2.726101
0.141897
6.574642
-2.356194
-0.000000
-1.396124
7.539750
2.559688
-2.064738
0.300920
2.006150
5.583292
-2.107707
-2.356194
2.475623
-1.134169
9.259629
1.401018
-1.523213
1.899349
6.756092
-1.620755
-1.657535
-1.884417
-0.385883
2.687749
-2.657115
3.160821
-2.131483
-2.659929
0.086738
2.158799
-2.729182
-0.507099
6.669068
-8.182535
-0.228497
-0.679414
1.515298
-0.463648
-7.964639
-0.823841
-2.233526
1.821799
7.046365
-2.562518
2.104505
2.699218
-2.910502
-1.815775
7.309118
0.110657
-6.166077
4.124386
-2.568627
-2.589938
7.598799
1.240499
2.605157
-1.885028
15.684158
2.922924
0.083141
0.428778
7.154089
0.401229
-1.446441
0.348771
0.477345
3.908125
2.553590
-0.785398
7.421574
8.363574
-2.025897
-0.463648
3.249283
2.667741
0.722979
6.734638
-2.150799
9.424778
-0.770015
-1.040581
-0.988891
7.881752
7.259222
7.460924
3.993559
2.097424
-2.273053
-2.774419
-0.244979
2.570255
0.127510
-2.013171
0.197396
7.205650
-2.487510
-2.667741
8.195597
-0.147078
-8.093213
7.175862
1.449444
1.505671
8.006631
6.045349
-2.637427
-2.777614
9.206109
1.801887
6.864565
-0.147849
1.657535
1.482789
1.425486
-0.232557
8.008978
9.130543
-2.443690
-7.959966
2.449671
8.923174
7.089857
-0.302885
-1.398606
-2.188552
7.377514
0.862170
-0.826471
-0.146012
7.597830
-0.626743
-1.744042
-0.612538
-3.030935
15.395062
7.341592
-8.194961
7.127339
7.290665
-6.038207
2.265535
7.478021
-2.761086
-0.612538
1.281821
1.823351
-0.785398
3.407845
-1.393200
6.784789
2.595938
7.760505
7.518343
-2.089942
-8.066920
2.506566
8.998150
-2.916881
6.981088
9.377195
-2.523837
2.100386
-1.592070
2.142134
1.725793
-2.498092
2.528385
-2.780389
-2.580429
-2.710900
2.229602
0.933248
-0.785398
9.088103
2.399645
2.651635
-0.770015
0.233743
-0.990794
2.219792
7.853982
-0.094952
7.498346
-0.207496
-0.814801
6.310956
1.136843
-2.268699
3.376315
-2.903757
-7.709169
-0.570040
2.262718
7.876200
-1.201463
15.759200
6.141288
-0.550386
-1.339706
2.385598
-0.708626
7.215662
-0.418224
0.934288
1.907471
-2.430134
-8.394401
-2.560836
-0.617756
0.244979
2.268699
7.050404
2.835714
7.088189
0.308053
5.945307
7.236226
-1.339706
1.594048
-1.905533
-0.705568
9.450413
-1.900421
7.532231
-7.853982
7.401828
9.133321
7.672333
-2.644250
-0.495552
-2.140837
-1.424784
-2.882822
2.922924
-7.944642
2.289626
1.700499
-0.473356
8.275401
8.019130
2.749253
-1.980924
2.787595
6.631956
0.161375
-2.559240
-0.020405
2.979755
-1.892547
2.740364
2.553590
