1.892547
4.383339
1.905533
2.843094
1.279340
-2.521343
0.446106
2.920764
-2.252095
-7.876200
0.428264
2.045196
5.943893
9.526467
-2.482283
7.112034
0.628796
2.929161
2.812543
-2.920764
2.956245
6.906385
-0.380506
-1.186192
-2.397267
-2.369527
3.006065
1.570796
15.821114
-0.497822
-0.856706
3.105245
8.287935
-0.197396
-1.063698
-1.320353
1.924794
-0.867183
2.236766
5.259178
-0.722979
2.668686
1.502720
-2.341270
-2.860360
9.638839
-0.999459
6.767663
-2.279423
2.271651
-0.635027
9.379355
2.657115
7.684880
2.242402
7.054500
-1.342300
3.338988
-8.132281
7.555483
0.274910
0.463648
2.694750
-1.042722
-2.408778
-2.372066
-1.719686
15.866619
-1.067953
-2.289626
0.156602
-2.686492
3.395961
2.260596
2.126963
6.950491
2.634494
6.968915
-0.839400
1.147942
-8.183031
0.124355
0.785398
1.489344
-0.639386
2.869447
7.445833
0.044415
-2.607884
9.489903
-1.609992
7.421574
2.669815
-7.362818
-2.799977
-2.972996
2.098871
-1.198729
-2.340323
7.028605
0.785398
-0.135528
3.338988
-2.152701
15.773088
1.510868
1.432157
3.563598
7.117724
8.265046
-2.356194
8.169597
-0.101689
-0.678119
-0.019605
1.661456
0.361204
-0.000000
7.853982
2.437979
1.286066
6.775671
-7.532231
0.023805
2.406998
9.447501
-2.225367
-0.335639
-2.323948
0.135528
3.559817
9.630173
2.866167
-7.745711
7.332147
2.677945
6.897848
-0.216085
-0.388319
0.281232
2.400941
1.815775
8.536298
7.503254
-1.706324
-2.397267
1.505671
-0.258252
-0.376909
6.522928
0.416065
7.400643
1.418147
7.029642
-0.635838
-1.086318
-2.449258
8.282246
2.427502
7.290665
-1.172274
8.008300
1.748392
-2.430683
-0.453844
-1.959115
-2.547379
8.280609
7.410533
3.017238
2.650429
2.195432
-2.630362
-2.111216
-0.206324
0.139096
-0.885067
9.493634
-0.943488
-7.734553
2.706239
5.306139
2.736701
1.455920
2.532429
-2.742077
-0.770474
-2.356194
-0.966491
-2.494201
6.865090
-2.210566
-2.198105
-1.277207
0.061148
2.935269
2.668237
-1.873681
-0.815692
15.687966
7.720171
2.403778
6.633913
8.276836
0.648332
-1.048393
-0.594759
0.314758
2.478863
7.340376
-0.869942
-0.321751
-2.601173
2.576443
-1.947287
-1.735945
3.099065
-0.556166
-1.681454
-2.014245
-0.281232
3.377138
0.361204
-0.813169
2.368540
-0.497822
-2.819842
1.412141
8.227708
-7.785905
-2.473303
-1.214577
0.334737
-2.398423
0.157769
-1.194306
6.456431
2.382504
3.011890
3.409959
-0.674741
-1.876675
-2.466852
-1.947287
6.984040
0.472907
2.222665
-2.259721
6.323164
6.917208
-0.689800
0.380506
2.761086
-2.015216
6.283185
6.085790
9.549133
-0.314758
-2.869447
0.048742
7.449090
-1.263751
-4.420932
2.573068
0.643501
-0.734594
2.276995
9.355123
1.368475
-0.536435
2.935269
-2.034444
-1.681454
6.672502
-0.113151
2.372066
0.572460
-1.331565
2.891150
2.493261
9.461126
2.255091
0.372988
2.886410
1.744042
7.002015
-0.647811
1.627340
0.785398
-0.931410
-1.800701
0.287281
-1.965587
-0.298499
2.896614
6.676243
-2.469986
6.954329
-0.108271
-2.636302
1.647568
2.647651
-0.094952
0.814801
-2.274410
-7.313562
-1.034361
-0.283794
6.865538
9.563874
2.013171
-7.614239
2.839974
-2.328424
-1.499489
8.278814
1.633215
6.965502
2.944197
7.775710
1.991460
6.839352
-4.768932
-8.031578
-1.924794
1.739898
6.262780
-1.314645
2.911688
-2.044648
6.363015
-1.255181
2.283857
7.551097
-2.473303
1.373401
0.671963
-2.325901
-2.646041
-1.815775
-7.791563
-1.364472
2.321725
-7.791563
-2.372066
-7.664783
-7.599614
-2.054243
6.989384
2.198105
2.137526
-0.168597
-0.536435
-0.289504
2.529055
-2.229602
-0.216085
-1.934775
1.866237
2.131960
2.329174
1.369842
2.219128
1.773118
-2.004750
2.299114
0.233743
-0.257324
-1.638873
3.120319
-2.230106
1.955401
5.976140
1.034361
2.146221
-2.142134
6.799416
7.632667
-2.265535
8.047193
-2.406998
6.767663
0.482513
-0.931882
0.501013
3.549224
-0.343024
-2.385598
2.896614
0.688924
1.545802
-1.590025
-1.969319
2.223643
-1.249046
2.043293
0.040794
7.039180
6.627833
-0.305879
0.958259
2.931953
-8.062447
-1.042722
-0.950547
-0.497822
9.400393
-2.202487
2.511191
-2.625362
-7.578556
8.070067
7.380626
-0.453844
-1.664858
2.677945
-7.784327
3.306741
2.774419
-7.512366
-1.174355
-0.948126
2.746802
-1.990993
0.870903
8.326479
0.767218
-2.302193
-0.562498
7.285457
-0.216550
1.594048
1.922841
-7.460924
-0.218669
-2.446854
0.577902
1.637364
2.139321
-7.765326
-0.927295
-0.785398
8.194364
-2.687749
7.557436
2.068139
2.259721
5.799738
7.113330
-2.559688
-0.455101
-0.293589
-0.416065
0.192701
-2.137526
0.631691
-0.152649
-2.131483
-1.685673
-7.910525
7.564478
-7.701332
-7.545051
0.401871
3.431096
2.282255
-7.752293
-7.944642
-0.881872
2.131483
8.375416
-2.566168
2.827361
2.871743
-1.904741
-0.678662
-0.083141
1.473543
7.244818
6.725560
1.570796
-1.697388
-0.953041
-0.913721
-8.029921
-7.420028
-1.757283
6.884259
2.801211
-2.245537
9.282881
-1.432157
2.873226
7.532231
-1.570796
2.805954
3.268565
2.369181
-2.193467
7.168252
-0.647392
2.218608
-7.631321
-2.175102
-1.860300
2.205823
-1.385448
2.025897
1.993650
2.121182
6.827466
1.504228
2.463884
7.581836
2.601173
2.844528
-7.920550
2.416727
-1.776192
-1.611590
0.473356
-1.126377
3.120319
-2.873226
-0.658806
3.141593
-8.238586
2.523837
-7.953650
-2.191046
-2.356194
7.017780
2.461071
-7.992621
-0.710909
1.649067
8.424022
1.399417
-0.756835
8.264109
0.083141
1.947287
-2.677945
0.688924
-0.341615
0.691921
-2.233526
5.809334
1.280950
-2.024640
0.061148
3.492321
2.287338
0.424832
1.917858
7.340376
-0.289504
2.214297
-2.494201
-1.932000
2.452668
-2.526930
0.040794
7.455459
-1.947287
-1.780436
-2.079867
-0.189988
2.994514
3.162866
-9.403948
0.529590
-0.221314
3.403712
-1.034361
-2.488746
-0.728317
-2.570255
-2.616797
7.295382
7.975334
-0.630401
-0.878875
3.515319
-2.688254
0.092756
9.484706
3.184120
7.440292
-2.474287
1.929567
2.034444
0.218669
-2.779863
2.687291
7.205650
-0.565149
0.023805
-2.245537
-8.298401
4.604118
-8.110133
-8.258873
-2.530867
8.026172
-2.337329
-2.390664
2.827361
-2.768605
-6.422281
-2.405335
-2.452668
6.895723
7.165057
5.755111
-1.334551
-1.843805
1.983207
6.799416
-1.592532
2.723368
7.429149
3.028442
0.076772
2.970214
2.730528
2.541542
-2.276995
7.545929
7.794053
0.144812
-2.901850
3.232253
9.515438
9.554480
2.470449
-1.182478
8.299283
-1.815775
-7.832708
3.370089
-2.287808
-1.469107
5.819538
-7.551097
-0.876058
2.589938
7.449090
2.507570
-2.395136
1.594601
1.030377
-0.575425
-0.019997
-0.943488
3.856684
-0.801790
-1.463106
2.624898
2.856862
1.168926
2.597312
-7.898397
-0.404892
3.435182
5.839737
-0.161375
-0.074860
-2.834547
-7.969741
2.241940
2.077895
-2.916316
-2.604682
8.210201
-0.691921
7.084455
9.617989
2.302193
-2.489724
-0.420663
7.454466
0.496423
-0.717012
3.028442
-2.055274
-7.978337
1.709436
9.513434
-0.828849
