-0.904827
8.238586
1.008875
-4.692784
2.241940
-0.021736
8.515025
0.414507
-2.519290
-2.632522
0.315215
1.311465
-2.566168
7.189207
-2.222665
3.107124
-0.137066
0.179853
2.451146
2.201198
5.673727
2.790865
-1.961403
-0.229232
3.077849
2.259721
-1.037952
0.129703
0.328553
7.485286
-7.390334
-1.824470
-1.186979
5.384352
2.153873
-2.092631
1.159340
1.655340
7.609003
8.293824
-1.635223
-1.030377
0.376490
-8.470279
-8.340014
6.957926
3.071532
-8.063621
-1.014197
0.113151
-0.634023
2.582993
0.856706
1.975688
2.372066
-0.185348
8.349533
1.679067
3.247577
2.073640
0.358771
2.825622
2.632522
-2.840672
7.853982
-1.785612
2.297439
-0.739277
3.221423
0.732815
2.677945
-2.527823
6.415737
3.514580
6.081423
-0.147849
-0.573441
0.848605
-1.681454
1.460139
-1.152572
7.832246
7.946738
1.149377
0.249252
1.862253
-4.396419
-0.727990
0.222082
6.185458
1.570796
2.255091
-0.832981
0.308053
-1.820048
-8.484016
-1.703348
5.532256
7.967133
0.718830
-7.672333
9.503049
1.475845
2.917358
2.698144
-1.078311
7.510958
-0.363979
-1.825979
7.302327
1.093451
2.677945
2.498092
-0.000000
2.657115
2.932570
1.839964
1.639653
-8.675509
-1.503103
-0.588003
-1.045213
-3.015001
2.798569
-1.829049
0.304001
-8.455436
3.433049
2.937575
-1.099019
-0.281232
1.689286
2.566168
-0.684295
2.158799
-1.528269
2.647651
-1.944523
0.132552
-1.534449
2.912361
3.077166
-6.066635
0.321751
2.854311
-0.855053
2.716760
-7.992621
8.368433
0.244979
5.961435
-0.389317
7.792833
2.532134
2.115077
-0.558599
-4.226357
0.062419
2.479166
-2.478863
2.630362
-2.027145
-0.411065
8.265046
6.639405
-1.299849
2.704965
2.174026
0.554996
-0.044415
-1.446441
0.835357
0.808122
2.432966
-1.986861
0.809203
-1.125495
-0.940395
-1.994465
-2.901422
2.205823
0.035699
-0.661043
0.770474
8.169196
0.117109
3.245385
7.518343
1.637364
-0.078271
1.107149
3.346234
6.765699
5.152232
-0.659310
-2.838708
3.160821
-0.218669
-2.173084
1.588976
-2.506566
-0.761593
-7.745711
2.825023
-1.484802
-1.181088
3.099950
4.712389
-2.315122
1.308676
0.969342
-8.568072
0.228103
7.633153
5.130613
2.733961
-0.729900
-8.039330
-0.228497
-0.577902
-1.638873
7.469377
-8.823323
6.890173
6.846502
3.058451
2.165010
-1.898916
-1.202100
2.281335
5.475064
2.356194
-1.356736
-1.041550
-2.330559
4.872302
2.952394
-2.014245
2.231839
-9.183932
3.141593
2.414950
-8.083886
5.475064
0.701260
1.661456
-1.433730
0.388319
-0.110657
2.686873
9.356702
-8.907746
8.055744
1.460139
-0.588003
-0.090660
9.403948
2.920764
1.681454
1.631944
-2.085248
4.866334
-1.077960
0.084902
-8.507618
5.520511
1.963136
1.815775
-0.039196
3.002153
7.983684
1.214176
7.302327
5.089638
0.616297
-1.612439
-1.960113
3.174368
3.248328
7.688833
-0.054491
1.759018
3.456807
-2.152701
3.413739
0.117109
-0.703231
3.204011
0.873775
7.702966
-1.067953
2.996780
1.638873
8.098960
-8.491530
-4.396419
2.896614
-7.670038
7.465663
0.302885
-1.007480
-0.105984
-1.631944
-1.985303
-8.106536
0.420197
5.850778
9.341637
2.578276
2.525973
2.706239
-2.034444
0.124355
-1.691420
-0.569313
0.650421
-1.292497
-4.745710
-8.802475
6.877399
0.273659
2.865787
3.752319
-1.202100
2.356194
3.381764
3.162866
2.887225
-0.524796
5.759907
3.067654
-2.940276
5.337874
-2.765102
3.785094
1.172274
7.409562
3.403306
-0.516231
1.885554
7.352968
1.529154
-8.968706
2.546833
2.634494
5.096207
-1.699120
5.059451
-0.510488
-8.936942
-0.588003
-8.771142
3.605240
3.270503
-2.435394
3.475538
2.669096
0.368696
0.244979
-2.608749
-1.832510
-1.750650
1.416852
7.342751
6.371193
-7.282644
0.172191
2.749253
-0.193211
3.161998
-2.368242
1.214577
-0.384169
2.489724
-2.077895
-0.017855
-1.764008
-0.110657
-0.836635
2.498092
7.791563
2.446854
-0.262995
-0.492486
1.858078
-1.536327
5.161112
-3.522099
-9.000584
2.553590
2.469345
3.176062
-2.612003
-1.609992
-1.194306
7.853982
7.317071
-3.098142
-2.571552
7.147783
0.560687
3.010277
-0.612152
3.437033
0.505290
-0.396441
3.141593
9.589927
3.035608
2.231839
4.877538
6.018697
-8.070532
-8.795982
-0.376909
0.103082
-0.736656
5.610938
-0.943488
-2.658146
-8.077458
3.338988
-9.188533
3.417019
-0.168207
7.285457
2.940638
-2.559240
-2.125104
-2.616009
0.365747
3.444478
-1.082960
1.886412
2.547843
2.939830
0.376490
2.024135
-1.951303
-2.506566
-8.098960
-7.460531
-1.781890
-0.572460
2.233526
-2.740799
2.386488
0.769526
2.913490
-0.524796
-2.982937
5.121826
0.617756
2.721713
2.710900
8.260952
-0.239743
-4.264244
6.805020
1.550799
0.732815
1.775438
1.352127
2.973386
0.944535
3.037800
-1.340892
-1.640857
-1.040023
2.085869
1.314645
0.244979
-1.747505
7.306419
-7.722666
-2.026247
-1.273732
3.270503
-1.635223
7.473475
0.486032
8.325759
-9.113780
-2.272056
-1.320818
-1.059566
-1.752445
-0.426627
7.974605
-1.041207
-0.918927
0.173246
0.272146
2.025516
-2.108081
9.507919
7.025133
0.175940
3.631550
-8.808481
-0.825377
0.615620
0.627308
1.971037
0.699893
-0.463648
9.504608
1.697769
2.749253
-1.735945
2.501823
0.300171
1.570796
-0.540420
2.115077
2.976444
1.939492
9.635871
2.237705
-9.179799
1.092965
7.441571
0.446106
0.526943
1.712693
2.636731
7.787413
-2.668686
-1.624317
-1.732634
-0.543478
1.504228
-0.735440
-3.050933
3.235654
-0.272146
3.181571
7.895624
-0.606605
-1.752445
3.028442
2.268187
-2.511191
3.537674
-3.804019
2.647651
-0.960070
1.877842
7.600308
0.000000
-7.933812
6.964484
8.357608
-2.414950
-8.234488
-7.575682
1.426355
-8.410883
2.119346
0.052583
0.211093
-2.669471
-2.959944
7.009828
2.356194
2.220667
-0.308931
-0.657075
1.390943
-0.491164
3.121595
7.681791
3.559817
7.491437
0.492486
2.187093
3.636726
2.934096
7.254806
2.716760
2.451146
-0.114877
7.922838
-4.849455
-8.728036
2.426501
2.356194
6.022583
3.377138
2.739722
5.429711
1.663553
0.137066
-2.170847
6.147658
-0.157769
7.955670
3.429648
-2.413275
3.241261
1.839163
2.571552
-8.272206
0.068856
-0.977047
2.243044
-0.982794
1.168475
-9.128663
0.508730
-1.444204
-0.845930
2.944197
-0.489957
1.170556
-0.544280
0.556166
7.371468
-0.304001
-0.099669
3.210449
5.039789
6.085790
-0.958259
9.442320
-8.394401
-1.709892
2.850136
5.128453
-1.647568
2.956245
-0.760403
5.890127
-1.800028
-1.281293
-2.485897
0.636508
6.004886
2.356194
-1.653938
-1.242243
8.282246
6.229665
0.773053
2.553590
-2.539305
6.226642
2.686492
2.116963
0.384605
-7.814786
2.799643
2.165010
7.957063
2.506566
-7.765326
-1.973117
-8.784421
-0.593750
-2.257921
15.771707
1.435269
0.916226
2.981680
-4.003763
2.594030
-4.191251
6.246838
0.072599
0.099669
-0.960070
-1.858852
-1.668523
-2.295662
-0.606605
1.659452
1.107149
1.202447
1.114448
-0.478914
0.661043
2.470449
-8.953318
-0.694738
7.068583
-7.812339
6.059709
-0.770474
2.153536
-7.912737
