-0.516231
2.221873
-1.398606
14.101468
-4.712389
5.721264
-1.538549
7.647658
-1.661456
-0.995372
9.520637
-7.371468
0.104877
1.934775
-0.817645
-1.768192
0.244979
-0.855053
-8.226049
-0.045423
1.684588
-2.370278
-1.048393
14.757416
-4.285761
-0.934288
7.295382
1.107149
-8.970476
-5.224778
0.289504
-0.982794
-1.929567
-1.719686
1.378096
9.341637
-2.716760
-0.424832
2.922924
8.980359
2.044152
8.961130
1.637364
0.258771
6.233227
-0.620249
0.048742
1.126377
0.020830
-2.422763
7.688833
-1.464812
1.126377
-1.570796
2.896614
-0.574305
-0.594214
-6.183517
-1.919567
1.478040
-1.336074
8.030690
6.790284
-0.540420
7.168252
13.874172
-6.634630
-1.226149
-2.559688
-6.366327
13.241112
-3.200348
-2.457883
3.504137
1.304544
2.013171
8.135754
0.124355
9.179799
-5.010888
10.673824
-2.356194
0.519146
1.542233
-0.821097
-1.154732
1.951303
2.005467
2.687749
9.424778
-0.321751
-0.647811
-5.695183
-5.275705
-1.674589
8.019130
-1.037088
-2.777614
-1.746736
-1.695151
-8.286389
-2.034444
-2.230106
2.688254
6.706039
-0.605545
7.925289
2.422763
2.697173
-0.372068
8.836775
3.098142
2.770701
3.321446
-8.265046
3.648691
1.435269
-3.306741
-1.325818
2.505084
-0.197396
-2.016902
3.495590
2.498092
3.141593
-6.746833
-2.297439
2.214297
-8.072651
-1.939492
2.131960
-0.321751
-7.747997
7.831258
7.648586
0.321751
0.043451
7.435757
6.012238
-0.816638
-5.407127
0.051237
-0.767218
-2.580429
-2.095592
2.768605
-3.979574
-2.356194
0.329050
16.008134
-5.975133
-2.492597
0.594214
1.849096
2.601173
0.274910
2.518922
-0.544280
8.287935
0.496423
0.455101
-1.033512
2.668237
-0.847817
-5.270988
4.712389
6.914265
6.326636
0.463648
7.023837
15.917603
-0.463648
-5.497787
3.816334
9.392531
-0.970746
-5.332638
0.145310
-0.218669
-7.068583
-1.125495
-1.428899
0.022219
3.205336
1.759018
4.949238
-2.034444
6.382854
3.926991
-0.614663
7.037344
7.288832
-2.733961
4.138084
-0.507099
1.594048
6.930997
-3.216453
-1.995628
0.033321
-2.158799
7.648586
14.137167
-3.463343
10.496228
7.004157
1.629552
8.230472
2.627987
-1.125495
0.065125
0.250443
0.090660
-2.742077
-0.844154
-1.314645
-2.480549
-7.696213
-0.754158
9.402055
-2.281706
-2.441700
2.506566
-1.141034
5.797563
-0.558599
4.749409
7.724279
-1.098299
-0.244979
-2.356194
-0.274910
-2.020556
7.361496
7.411607
2.736701
-0.755104
2.341270
-0.528074
9.511516
7.135152
9.334118
7.459191
-2.356194
-3.318302
-2.282255
9.233594
-0.076772
-7.656586
2.866683
0.375271
2.660705
4.224055
-1.030377
5.213993
-2.044648
0.344647
0.347062
0.321751
8.317629
0.396441
-2.449258
7.593379
-1.455920
-0.363979
-7.497762
-1.985303
7.739105
10.904914
-2.471071
-2.627987
3.522099
-3.094010
7.362818
5.127881
2.768605
2.473303
11.459222
-1.670465
-0.154997
-2.402316
8.724885
-2.422763
-2.482283
9.444775
0.432408
-0.643501
0.175940
5.445204
-0.950547
-0.024385
6.944228
0.260602
2.976444
-9.197979
2.000559
1.212026
-0.750929
-1.216799
0.278300
-7.700037
-0.909753
-2.114629
-2.064738
7.313562
1.443824
-1.735945
0.919720
6.877945
-9.234790
-0.170735
-0.934288
1.759995
6.989384
2.896614
-0.404892
7.684880
1.629552
3.463343
-0.566729
-0.480887
0.229904
3.141593
2.782822
2.034444
0.293589
-0.948126
1.549966
-7.833984
2.152177
-2.422763
1.480136
7.830177
-2.327631
-5.528081
-0.463648
-3.034857
-7.618437
-1.942864
-1.107149
-3.360262
-0.825377
1.549061
2.746802
0.141897
7.210481
9.338040
1.898916
2.804918
2.420621
-5.662936
0.043451
-7.435757
-0.380506
2.526930
-7.225185
7.449090
-1.126377
1.030377
1.828120
-2.736701
-3.850219
-5.734636
-2.420621
-1.203622
-2.613518
-0.699193
2.471071
-0.859887
6.848335
-4.854286
-0.260602
-7.674128
9.403042
-0.975386
0.643501
0.526066
-1.972667
-7.900460
-0.420663
-7.427354
-2.293776
-0.544280
2.922924
4.581562
4.506994
0.099669
-1.455037
-2.122451
-0.614663
-3.437033
-0.661043
-1.772113
3.212900
-4.003763
8.358843
7.068583
-1.862253
-2.669096
2.539305
0.179853
2.553590
6.673792
3.300248
1.729452
-0.674741
6.688077
2.649107
4.803049
-2.135946
-1.681454
-7.432562
0.223477
1.697769
-7.980954
7.068583
3.957285
-0.482513
-2.268187
-6.903435
-8.126990
-1.970312
-1.270625
-1.748392
-1.174355
8.373128
-0.588003
-2.748535
8.060306
0.563316
2.075658
0.580756
-1.805519
-7.772530
0.094952
-7.514689
-2.339803
2.260596
1.570796
1.951303
9.213685
1.825979
-0.679414
-2.521343
4.339401
1.527345
6.998929
6.231948
0.785398
-1.012197
6.977924
5.219487
-0.221314
3.594931
-4.390638
7.329186
-1.026516
0.315215
-2.262718
-1.480136
6.158830
-7.853982
-2.466852
-2.601173
2.111216
2.384758
9.402055
-6.382854
-2.310073
1.815775
9.540537
-8.072651
6.681708
-0.321751
2.627141
1.674589
2.530867
3.241261
-0.157769
-3.241261
2.219792
-2.146221
3.729595
0.802940
-1.432157
9.579097
-0.734161
9.270459
-1.124691
-6.965502
-8.026172
-0.657075
4.865038
9.282881
-8.814052
-1.780436
7.419311
-0.840897
4.877538
-0.722979
2.813039
-0.849825
-2.265535
0.989416
9.549133
-2.009656
1.735945
1.138389
3.947396
8.098960
-7.901565
4.514993
-2.819842
4.767887
-2.134113
-7.833984
7.763322
3.030935
-0.463648
-0.528074
2.790865
-1.825979
7.539750
-2.805954
-0.278300
4.877538
3.075024
-1.107149
8.497483
5.545370
0.335639
-2.245537
-0.588003
-0.896055
0.758378
-8.019130
7.086126
2.736701
-0.463648
-1.002272
-1.750650
7.337751
-0.694738
4.840712
-0.588003
6.911982
-0.532844
5.952888
-0.022723
9.404781
-0.099669
-0.321751
2.188552
5.639684
-0.114877
-0.204018
-9.746529
-1.257176
2.111216
1.168926
-1.502720
-1.373401
-0.278300
-0.244979
2.191046
-0.495552
2.480549
-3.398916
-8.114584
0.333244
0.269167
2.625362
-1.768192
2.832662
-2.135946
2.034444
7.712085
7.230782
5.121297
7.463375
-0.278300
-0.684295
-2.356194
0.350728
-7.201135
-2.302193
7.357559
-4.978641
0.157769
-0.736257
-2.044152
-0.129703
-2.203545
6.517908
2.750986
-2.792822
-2.222665
7.780941
-0.972377
4.931058
3.899970
-1.007480
-3.006065
2.952394
-8.181720
2.474287
9.468229
7.246994
-6.782532
-0.918927
3.100799
2.788602
7.454466
5.639684
3.555282
2.996780
0.052583
2.804918
-1.685673
4.985398
-10.531927
5.259178
9.468229
-2.667741
-7.548103
-2.589938
1.373401
8.234488
7.182838
-1.943784
-6.991812
2.819842
2.540519
-3.252250
-0.785398
7.292818
-5.902679
3.652081
-7.712085
0.899652
-7.925289
9.338040
-5.786763
-0.741947
0.579074
-2.305391
1.457645
7.390334
-7.068583
-14.863809
-2.622447
2.450256
2.697173
2.813039
3.892522
-1.281293
-0.909753
-1.277207
1.725115
2.907849
-2.450256
10.656282
0.021736
7.683246
7.133010
-0.504861
-3.372683
9.596969
2.270689
-0.912908
0.169778
4.514993
-0.674741
1.549523
1.363300
5.373432
-0.918927
3.586012
7.572749
7.068583
-0.110657
9.259629
2.289626
2.446854
-2.319174
2.223643
-0.000000
-0.594759
-1.904041
-1.310194
