-0.463648
2.356194
-1.380808
7.548103
1.418147
-0.528074
-1.523213
1.496857
-1.892547
-0.896055
9.595513
-1.004067
-0.244979
1.735945
-0.758378
-1.759018
0.152649
-0.825377
-1.916352
-0.037020
1.313473
-2.331809
-1.086318
8.580624
2.129396
-1.107149
0.785398
-0.244979
-8.928355
0.463648
0.226799
-1.007480
-2.279423
-1.843805
1.398606
2.994514
-2.754717
-0.410127
2.906048
2.601173
2.104505
3.030935
1.637364
1.144169
0.336675
-0.688924
0.000000
1.165905
0.079830
3.574000
1.951303
-1.428899
0.982794
-2.158799
2.896614
-0.576375
-0.463648
0.152649
-1.831399
1.570796
-1.272297
1.876675
0.404892
-0.785398
0.244979
7.168252
-0.655696
-1.249046
-2.594804
-0.432408
6.701410
-3.484617
-2.422763
3.605240
1.325818
2.125104
1.866237
-0.083141
2.746802
0.643501
4.222432
-2.976444
0.702257
1.310194
-0.876058
-1.176005
1.971037
1.892547
2.808348
9.544207
-0.566729
-0.566729
0.321751
1.071450
-1.609239
1.768192
-1.107149
-3.075024
-1.729452
-2.432966
-1.943784
-2.085248
-2.137526
2.746802
0.514451
-0.432408
1.570796
2.521343
2.843094
-0.610726
2.403778
3.061763
2.601173
-3.926991
-8.132281
3.294242
1.532354
-3.368392
-1.789465
2.432966
-0.380506
-1.951303
-2.709185
2.181522
3.189176
-0.486899
-2.452668
2.221873
-1.735945
-1.849096
2.034444
-0.262995
-1.335251
1.494024
1.460139
0.632749
-0.058756
0.732815
-0.426627
-0.732815
0.785398
0.205395
-0.785398
-2.677945
-2.016902
2.647651
2.466852
-2.761086
0.255182
9.708572
0.588003
-2.388441
0.756835
1.727398
2.912361
0.422854
2.647651
-0.426627
2.085248
0.566729
0.496423
-0.927295
2.746802
-0.896055
1.107149
-1.512041
0.260602
-0.099669
0.380506
0.866302
9.697787
-0.418224
0.291457
3.581435
2.884269
-0.982794
0.394791
0.158655
-0.179853
-0.956133
-1.042722
-1.394087
0.086738
-3.030935
1.359703
-1.396124
-2.245537
0.000000
3.338988
-1.012197
0.840897
1.056345
-2.774419
-2.176341
-0.832981
1.570796
0.651077
2.907849
-2.015216
0.270947
-2.245537
1.380808
6.985442
-3.926991
3.993559
0.844154
1.642104
2.067219
2.565217
-1.042722
0.073939
0.273009
0.244979
-2.709185
-0.982794
-1.249046
-2.677945
-1.405648
-0.756835
2.982937
-1.965587
-2.863293
2.677945
-1.123276
-0.463648
-0.726642
-1.913820
1.190290
-0.942000
-0.110657
-2.714965
-0.266252
-2.279423
1.089909
1.030377
2.833540
-1.107149
2.432966
-0.482513
9.535435
0.935770
3.729595
1.317122
-2.327631
-3.189176
-2.223643
2.677945
-0.436627
-2.034444
2.875341
0.286051
2.786887
4.275762
-0.938047
-0.881872
-2.016902
0.321751
0.358771
0.404892
2.148698
0.588003
-2.379446
1.373401
-1.504228
-0.283794
-1.107149
-1.951303
1.639653
4.205290
-2.259721
-2.677945
-2.774419
-2.819842
1.107149
-1.022247
2.508844
2.613518
4.493720
-1.951303
-0.110657
-2.381830
2.231839
-2.819842
-2.451146
9.460477
0.286051
-0.616297
0.388319
-0.982794
-0.972377
0.000000
0.674741
0.309703
2.634494
-3.017238
2.158799
1.152572
-0.870903
-1.203622
0.372988
-1.279340
-0.927295
-2.050316
-2.016902
1.126377
1.400061
-3.463343
0.927295
0.635027
-3.306741
-0.302885
-1.107149
1.824470
0.756835
2.622447
-1.892547
1.484058
1.687905
3.218365
-0.828849
-0.628796
0.119429
3.103150
2.289626
2.034444
0.345556
-1.060308
1.681454
-1.428899
2.327631
-2.651635
1.343997
1.700499
-2.306236
0.566729
-0.785398
-3.258701
-1.512041
-1.965587
-1.004067
-3.770389
-0.876058
1.532354
-3.463343
0.129703
0.927295
2.976444
1.815775
2.782822
2.613518
0.432408
0.197396
-1.272297
-0.540420
2.553590
-0.881872
1.197809
-1.089909
0.358771
1.712693
-3.141593
-3.970442
0.244979
-2.521343
-1.335251
-2.659079
-0.718830
2.452668
-0.840897
0.496423
0.844154
-0.286051
-1.373401
9.460477
-0.945311
-0.674741
0.602287
-1.843805
-1.529154
-0.444419
-1.325818
-2.329174
-0.496423
2.982937
-1.421906
-1.873681
0.165149
-1.405648
-2.067219
-0.588003
-3.508766
-0.533708
-1.681454
-3.463343
-3.785094
2.214297
0.785398
-1.774814
-2.601173
2.506566
0.165149
2.414950
0.380506
-2.884269
1.729452
-0.718830
0.308053
2.607884
-1.815775
-2.081285
-1.527345
-1.190290
0.394791
1.869295
-1.644735
0.737815
-2.485897
-0.309703
-2.380580
-0.982794
-1.747505
-1.858852
-1.141034
-1.768192
-1.056345
2.226492
-0.737815
-2.543174
1.843805
0.628796
2.104505
0.753151
-1.642104
-1.464061
0.000000
-7.459191
-2.330559
2.331809
1.717875
1.919567
2.819842
1.789465
-0.888480
-2.283154
-2.158799
1.723446
0.558599
0.047583
0.358771
-1.024007
0.785398
-1.249046
-0.363979
-2.498092
1.997424
1.071450
-1.004067
0.496423
-2.251318
-1.661456
0.785398
0.785398
-2.553590
-2.638749
1.815775
2.399645
9.389079
-0.165149
-2.245537
1.499489
9.638839
-2.297439
0.141897
-0.463648
2.574863
1.753907
2.677945
3.141593
-0.226799
3.009041
2.253113
-2.137526
3.785094
0.917950
-1.325818
3.288671
-0.739975
9.384799
-1.060308
-0.694738
-1.760785
-0.674741
-1.570796
9.266123
-2.570255
-1.753907
0.862170
-1.107149
-1.570796
-0.732815
2.741352
-0.729900
4.068888
1.063698
3.187016
-1.975688
1.797595
0.785398
3.794439
1.866237
-1.750650
-2.098871
-2.711830
-1.869295
-2.170847
-1.533776
1.570796
2.875341
-1.051650
-0.540420
2.906048
-1.685673
1.325818
-2.819842
-0.463648
-1.428899
3.036716
-1.359703
2.265535
-0.915101
0.394791
-3.041924
-0.674741
-1.022247
0.463648
-1.712693
0.876058
2.356194
-1.107149
-0.982794
-1.797595
1.272297
-0.643501
-1.512041
-0.694738
0.655696
-0.533708
-0.442374
0.119429
9.527860
0.037020
-0.266252
2.300696
-0.674741
-0.049958
-0.260602
-4.017651
-1.249046
2.007423
1.144169
-1.530818
-2.034444
-0.309703
-0.189988
2.297439
-0.566729
2.356194
-3.386571
-1.797595
-0.226799
0.179853
2.553590
-1.650626
2.922924
-1.971037
2.319174
1.499489
1.107149
-1.212026
1.004067
-0.283794
-0.674741
-2.214297
0.446106
-1.570796
-2.378413
0.885067
1.076855
0.235545
-0.699893
-1.985303
-0.158655
-2.422763
0.321751
2.279423
-3.009041
-2.300696
1.529154
-0.862170
-1.837048
3.294242
-0.960070
-3.204011
2.994514
-1.892547
2.553590
9.539655
1.056345
-0.370891
-0.934288
3.141593
2.677945
1.272297
-0.588003
-2.695487
3.141593
-0.278300
2.819842
-1.670465
-1.637364
-4.446137
-1.508378
3.141593
-2.553590
-1.222025
-2.543174
1.455920
1.642104
0.982794
-2.060754
-1.292497
2.843094
2.530867
-3.522099
-0.862170
0.945311
-0.321751
-2.819842
-1.282741
1.124691
-1.487655
9.386335
0.432408
-0.759763
0.266252
-2.158799
1.484058
1.124691
-0.463648
-3.141593
-2.930499
2.567288
2.727086
2.868584
-2.553590
-1.237552
-0.866302
-1.160669
1.797595
-3.631550
-2.321725
-1.837048
0.038443
1.249046
0.896055
-0.588003
-3.407845
3.414601
2.265535
-0.745419
0.000000
-1.965587
-0.598419
1.570796
1.292497
-0.819867
-0.737815
-2.999696
1.380808
6.746833
-0.038443
2.907849
2.356194
2.356194
-2.843094
2.245537
-0.321751
-0.635027
-1.983207
-1.373401
