0.363979
-2.055274
0.558599
-0.380506
-1.446441
-0.390607
-9.965197
1.158386
-1.339706
-2.007423
-0.694738
-1.862253
-2.601173
0.519146
0.785398
-2.158799
-2.944197
0.927295
-1.012197
-1.325818
0.000000
-1.665748
-2.922924
0.965252
-1.650626
-10.068279
-2.601173
1.107149
-0.197396
-2.102520
1.849096
-0.665969
-2.961739
-9.544207
-1.373401
-2.582993
1.012197
-2.792822
2.642246
-2.782822
-3.767078
-1.983207
-9.571856
1.158386
-1.222025
-2.253113
1.279340
0.000000
-1.695151
0.620249
0.463648
-1.080839
-9.638839
-10.483185
-11.160723
0.917950
-2.574863
-2.850136
1.107149
-2.253113
-10.035504
-0.507099
2.158799
-0.876058
-9.581380
0.486899
-0.321751
-0.507099
-10.830426
1.989021
-1.165905
-10.950151
-10.995574
-9.496085
0.825377
-0.726642
-10.563167
-0.674741
-2.265535
0.412410
1.504228
-0.571337
-10.001153
-1.030377
-0.148890
-3.252250
-0.214061
-10.068279
-9.956502
-2.158799
-9.948056
0.394791
-0.982794
0.982794
1.504228
-0.519146
-1.063698
2.034444
-4.353618
0.124355
-1.657535
0.512389
-2.857799
-0.099669
2.158799
0.927295
-9.823300
2.792822
-2.356194
1.570796
-0.188222
-0.785398
-0.574305
-10.531927
-1.304544
-10.339879
-1.460139
0.174672
0.551655
0.753151
-0.141897
0.463648
1.363300
-2.077895
-2.553590
-2.976444
-0.321751
-9.888426
-11.317325
-1.518213
0.000000
0.620249
-10.415572
-2.455863
0.179853
1.071450
-1.665748
-9.685380
-10.157593
-10.068279
-9.669757
1.441094
-2.181522
-1.304544
-1.825979
0.165149
0.071307
-10.300836
-4.931058
2.013171
0.851966
-2.312744
-0.165149
1.267911
1.165905
-1.815775
-3.529911
-10.124671
-9.716235
-0.927295
0.902507
-1.882838
-1.071450
-2.279423
-2.677945
0.745419
-2.553590
1.484058
-2.718739
-10.352073
-3.141593
-10.467500
-0.244979
-1.152572
-0.540420
-3.030935
-1.533776
-2.677945
1.107149
-10.673824
-0.588003
1.352127
-2.601173
-9.325109
2.089942
-2.922924
-4.957368
1.249046
-2.034444
-10.012781
-0.737815
-0.049958
-1.570796
-0.896055
-9.651577
-1.080839
-1.190290
1.313473
-9.535435
-1.279340
0.110657
-2.055274
-0.066568
-0.533708
1.304544
-0.694738
-11.100451
-1.825979
-10.709523
-1.983207
-0.862170
-10.890697
0.927295
-0.334737
-9.996115
-9.956502
0.188222
-3.041924
-2.498092
-2.203545
-9.991507
-9.843002
1.107149
1.695151
-1.570796
-11.240553
-1.892547
-9.965197
-10.210176
-9.669757
-0.270947
0.124355
-2.134113
-2.214297
1.570796
-0.463648
-10.936818
-10.419199
-2.356194
-1.727398
-0.722979
0.442374
-9.864621
-0.380506
-0.558599
-0.463648
1.438245
2.196281
0.278300
-1.929567
1.975688
-11.183796
1.670465
-9.805284
-3.191551
1.435269
-0.982794
-3.887012
-1.892547
-10.995574
-2.134113
-0.737815
-1.107149
-0.950547
0.463648
-0.876058
0.661043
2.089942
0.785398
-0.244979
0.094952
-10.329605
0.000000
-11.273874
-1.570796
-2.830594
0.278300
1.325818
2.104505
2.034444
-2.293776
0.141897
-0.156602
1.695151
-11.459222
1.134169
-1.494024
-1.325818
-1.222025
-10.210176
0.982794
-3.185044
-2.013171
0.099669
0.197396
-2.129396
-2.589938
-10.113702
-1.712693
-10.286948
-9.531514
-9.464757
-5.445204
-2.356194
-1.272297
0.588003
0.741947
-0.927295
0.825377
1.063698
1.176005
-1.180189
-1.152572
-1.107149
-2.466852
-3.017238
2.158799
-1.480136
-2.863293
-9.424778
-1.405648
-9.282881
-3.050933
0.463648
-5.407127
-2.746802
-9.983377
-1.279340
-2.819842
1.929567
1.182478
-0.260602
-1.570796
-2.498092
-10.884917
-1.657535
-3.141593
2.422763
-0.531724
-2.582993
-0.436627
-2.145101
-9.566675
-1.292497
-2.356194
1.975688
0.295441
0.785398
4.467410
-5.742766
2.677945
-2.634494
-0.718830
-9.669757
-2.034444
-1.063698
-0.099669
-0.165149
-0.750929
-3.241261
-1.570796
-9.943924
-1.292497
-2.199593
-2.158799
-1.759018
2.512796
0.876058
-3.729595
-1.530818
1.923787
-0.588003
-1.570796
-1.203622
-2.714965
-1.421906
-9.988094
0.463648
1.670465
1.063698
-4.649970
0.343024
1.929567
-0.548549
-0.436627
-3.041924
3.141593
-0.708626
-2.332943
-2.437099
1.107149
0.840897
-9.697787
-1.304544
0.463648
-0.266252
0.463648
-1.892547
-3.761842
-2.774419
1.712693
0.999459
0.851966
1.841743
-9.710829
-1.637364
1.695151
-2.325901
-1.614247
1.712693
-9.604631
1.750650
2.506566
-9.773549
-1.249046
1.304544
-1.317122
0.418224
1.532354
-1.405648
-0.141897
-9.206109
2.638749
-2.060754
-11.281626
-1.460139
-2.516108
0.643501
1.446441
-2.704965
-0.422854
-3.433049
-2.944197
1.325818
-10.947991
-9.723277
-11.106232
1.130954
-0.390607
-4.013729
-1.141034
-1.794273
-1.080839
-2.677945
-2.089942
0.524796
1.637364
-2.582993
-0.165149
-1.606495
-9.424778
0.039979
-2.701750
2.010639
-2.574863
0.463648
-1.385448
-1.272297
-1.828120
-1.138389
-0.141897
-2.104505
-2.452668
-0.305879
-9.746529
-2.085248
-4.017651
-9.206109
-1.438245
-3.017238
0.358771
0.436627
-2.408778
0.785398
-2.553590
-2.951604
-2.761086
-4.451787
-1.499489
0.927295
0.588003
0.358771
0.664046
1.212026
-1.961403
-1.831399
1.892547
1.570796
-1.989021
-0.447520
2.432966
-3.041924
0.927295
-2.393215
-1.759018
0.729900
1.570796
1.107149
0.620249
-2.055274
-1.352127
-1.227772
-2.992703
-2.838708
-9.791952
2.196281
0.066568
0.643501
-0.343024
-9.867152
0.785398
-9.914735
2.034444
-1.695151
-1.190290
-9.474736
-2.427502
-9.573668
-3.236544
-2.316216
-9.679960
-2.498092
-2.992703
-1.784857
1.144169
-1.325818
-0.463648
1.012197
-2.863293
0.950547
-1.778293
0.358771
-2.988943
0.888480
0.000000
0.927295
-5.312439
-0.218669
0.896055
-10.470779
0.758378
0.110657
-2.711830
-10.090747
0.358771
-2.408778
0.273009
-3.232253
0.942000
1.421906
0.041643
1.618379
-0.493941
-1.892547
-3.729595
-10.334531
-0.605545
1.794273
-11.583577
-0.817645
-1.570796
-2.553590
-1.471128
-2.422763
2.057696
-0.321751
-10.631595
-1.405648
0.643501
-0.965252
-1.570796
-10.352073
1.606495
-0.244979
-2.196281
2.077895
-3.030935
0.141897
-9.918719
-2.256526
0.055499
-2.293776
0.422854
-2.884269
-1.446441
-3.141593
-11.317325
-2.521343
-2.582993
-2.208345
-2.850136
0.531724
-10.768775
0.321751
1.484058
-0.927295
-0.255182
0.218669
-1.428899
0.000000
5.431219
-2.089942
2.553590
-3.378441
-1.460139
-3.141593
-2.279423
-1.335251
-0.197396
0.540420
-9.424778
-9.325109
-2.158799
-2.356194
-0.732815
-0.519146
-9.888426
-11.459222
0.358771
-0.708626
-2.530867
-4.514993
-3.300248
-9.372195
-9.703078
-2.408778
-11.034017
-1.706324
-11.383893
-0.856706
-9.424778
-9.965197
-4.712389
-2.455863
-9.472361
1.570796
1.390943
-1.019141
-1.612439
1.190290
-1.494024
-1.983207
-2.565217
1.190290
-1.983207
1.815775
0.620249
-4.218448
-0.266252
-0.124355
1.862253
0.418224
-10.384848
-10.673824
1.570796
0.000000
-1.687905
0.668289
-2.936197
-2.480549
-9.424778
-0.837981
-3.041924
0.674741
0.185348
-0.117109
1.910089
-2.875341
-0.321751
0.358771
-2.145101
-1.249046
1.197809
-9.952852
2.480549
-1.527345
-14.792863
-0.614663
1.712693
-1.815775
0.785398
-0.540420
-9.424778
-1.279340
-0.551655
-0.960070
-1.825979
-2.005467
1.428899
1.083897
