-0.732815
1.951303
-1.436475
10.544121
-1.122651
-2.050316
-1.633215
1.605265
-4.815471
-1.019141
9.424778
-1.121037
-0.394791
1.044169
-0.891383
-1.870967
-0.689800
-1.892547
-1.862253
-0.073939
2.143762
-2.545394
-1.457645
9.662614
-1.047518
-2.174026
2.850136
-1.212026
-10.459763
-0.912908
0.343024
-1.428899
-3.879408
-2.089942
1.310194
3.077166
-3.169363
-0.636508
2.850136
2.044152
1.843805
2.056418
0.496423
-1.712693
-0.346539
-1.232918
0.037020
0.664774
0.030294
3.355653
1.418147
-1.442473
0.063743
-2.627141
2.867425
-0.739975
-0.741947
-0.412410
-2.437099
1.635223
-1.415800
1.593015
0.475695
-1.643396
-0.045423
9.794112
-1.347320
-1.197809
-2.487510
-0.977047
9.179799
-1.740575
-2.769525
3.061763
1.205595
1.933341
1.881795
-1.602036
1.878849
-0.438859
3.451296
-3.979574
0.284730
-0.463648
-1.146602
-1.152572
2.111216
0.756835
2.749253
9.389079
-2.642246
-0.758378
-0.244979
-2.327631
-1.815775
1.800028
-3.852131
-3.871492
-1.745469
-4.439380
-1.925502
-2.111216
-2.437099
2.537843
0.523278
-0.580003
1.277207
2.498092
2.727086
-0.551655
2.015216
2.949545
2.356194
-5.412282
-10.372375
2.914794
1.317122
-5.404723
-2.677945
2.291768
-0.452778
-1.951303
-2.767259
1.312544
1.644735
-0.906750
-3.342547
2.273053
-2.302193
-2.005467
2.034444
-0.369334
-1.670465
1.540503
1.485291
-0.718830
-0.141897
0.394791
0.982794
-0.896055
-1.208252
-0.671144
-0.872137
-2.545394
-2.158799
2.052460
2.372586
-5.649163
0.209023
9.649489
-0.443448
-2.567288
0.404892
1.069783
1.518213
0.177596
2.553590
-0.643501
1.951303
-1.455920
0.358771
-1.269876
2.706922
-0.982794
-0.938047
-2.340811
-0.659310
2.166995
-0.492486
0.837981
9.424778
-0.855705
-2.553590
3.317532
2.827361
-1.044730
0.179853
0.096474
-0.258771
-1.412141
-1.092444
-1.543026
0.000000
-3.141593
0.911486
-2.131483
-4.197938
2.016902
2.604308
-2.245537
0.715744
0.837981
-2.755710
-2.607197
-1.287002
1.570796
0.607802
0.385883
-2.158799
-0.721655
-4.990689
1.236059
11.780972
-4.629248
3.566425
0.761013
0.178093
1.881795
2.462930
-1.183921
0.000000
0.369334
-0.045423
-2.776391
-1.365401
-1.570796
-0.488852
-1.570796
-0.698660
3.009041
-2.295046
-3.350058
2.335789
-1.176005
-0.551655
-1.124691
0.694738
0.540420
-1.698306
-0.821097
-3.525410
-0.385883
-2.644250
1.123276
0.827041
2.356194
-1.186192
2.142134
-0.661043
9.549133
0.868539
3.063322
1.136126
-2.840672
-3.529911
-2.098871
2.698144
-0.737815
-4.353618
2.516108
-0.135528
2.442933
2.901850
-1.359703
-2.164146
-1.956679
0.260602
0.137066
0.463648
1.943784
0.274167
-2.562518
1.516795
-2.210182
-0.478352
-1.296629
-2.489724
1.272297
3.404587
-2.860360
-2.622447
-2.938547
-3.084512
1.120135
-2.181522
2.651635
2.226492
3.965932
-2.469986
-0.999459
-2.356194
1.056345
-4.482485
-2.595938
9.424778
-1.801887
-0.534955
0.137066
-2.732685
-1.035841
-0.124355
0.533708
0.211093
1.690225
-0.976037
0.504166
0.262995
-0.868539
-1.212026
0.260602
-1.753907
-0.927295
-2.122451
-2.047264
1.092444
1.352127
-4.439380
0.443448
0.643501
-5.665041
2.510513
-1.590402
1.843805
0.597177
2.050316
-3.613053
1.446441
1.063698
3.546484
-1.004067
-2.451793
-0.029403
3.075024
1.745469
1.913820
0.309703
-1.008875
1.359703
-1.516795
2.158799
-4.119386
0.892677
1.474323
-2.422763
-0.270947
-1.533776
-1.436475
-2.129396
-2.166995
-1.060308
-4.559740
-3.894744
1.482789
-2.001489
0.062419
0.553294
2.896614
1.806341
2.755710
2.647651
0.266252
0.000000
-1.647568
-1.681454
2.528385
-1.331053
1.091277
-1.249046
-0.165149
0.886502
-4.842092
-4.248741
-0.975386
-2.475623
-1.161888
-2.746802
-1.176005
2.544416
-1.012197
0.510488
0.388319
-1.046877
-1.296629
9.424778
-1.342300
-1.182478
-0.228497
-1.929567
-1.701624
-0.374334
-1.446441
-2.258468
-0.449760
2.717398
-3.481975
-2.176341
0.057081
-1.450173
-2.129396
-0.561922
-4.147240
-0.808650
-2.111216
-3.827322
-5.193276
2.022249
0.808650
-1.992216
-2.887919
2.439336
-0.073939
0.000000
0.426627
-3.767854
1.477320
-0.994421
0.397079
2.595938
-2.533791
-2.094075
-2.299114
-1.525373
0.174672
1.602036
-1.792878
0.806672
-2.920764
-0.588003
-2.451146
-1.685673
-1.989021
-2.129396
-1.296629
-1.915444
-1.274251
1.263751
-0.836202
-2.677945
1.622033
0.607802
2.034444
0.661043
-1.901892
-1.474323
0.179853
-8.370677
-2.356194
2.129396
1.477320
3.396775
2.677945
1.741532
-1.083897
-2.553590
-3.506327
1.453688
0.544280
-0.080904
-0.158655
-1.190290
3.395267
-1.911178
-0.257324
-2.761086
0.328120
0.965252
-1.042722
0.332059
-2.231839
-2.853537
2.158799
-1.135443
-3.052937
-2.788602
1.141034
4.833741
9.463221
-0.581380
-2.396173
0.691921
9.579775
-2.627141
-0.197396
-1.871717
1.190290
1.539556
2.466852
2.677945
0.000000
2.748535
1.107149
-2.234842
3.306741
0.488334
-2.411693
3.338988
-1.035841
9.233594
-1.196463
-1.793457
-1.741532
-0.724250
-2.631104
9.232730
-0.694738
-1.741532
0.694738
1.449444
-2.297439
-0.808650
2.872425
-0.880350
3.215532
-1.446441
2.845047
-2.325901
1.725793
4.010132
3.075024
1.831399
-3.946596
-2.437099
-2.903757
-2.410196
-2.593043
-1.624798
0.943488
2.253113
-2.830594
-0.923404
2.830594
-1.983207
1.267911
-2.847358
-1.980234
-2.451146
2.594030
-1.681454
-0.078784
-2.613518
0.226799
-4.331883
-0.746956
-0.956133
-0.536911
-1.831399
0.785398
1.609239
-2.843094
-1.196463
-1.716809
1.269876
-3.766228
-1.879727
-3.174914
-1.015303
-0.534955
-0.785398
0.000000
9.278766
-0.283794
-1.022247
2.231839
1.716809
-0.328553
-0.684295
-1.570796
-1.292497
1.849096
1.019141
-2.245537
-2.999696
-0.310998
-0.449760
1.610775
-0.588003
2.303611
-3.417019
-1.865031
-0.860258
0.000000
2.720173
-1.829567
2.717398
-2.214297
0.824340
0.744325
0.749699
-2.371119
1.048393
-0.475695
-0.806672
-2.429235
0.260602
0.023805
-3.044339
2.591739
0.600050
0.034469
-0.762147
-1.983207
-0.785398
-3.757213
-0.516231
0.811708
-3.714052
-2.333976
1.489892
-1.319106
-2.437099
5.154763
-1.180189
-3.729595
2.863293
-2.170847
2.287338
9.524447
0.904827
-1.287002
-1.107149
2.954613
2.356194
1.012197
-0.572460
-2.749253
2.999696
-0.558599
2.690140
-2.034444
-2.153873
-5.412282
-2.774419
2.435394
-3.115957
-1.420425
-2.568627
1.165905
1.310194
0.827041
-2.543174
-2.677945
2.601173
2.422763
-4.754032
-0.991722
0.785398
-1.307802
-3.646883
-1.570796
0.516695
-1.740575
9.250106
-0.358771
-0.759763
3.354025
-2.909036
0.785398
1.238737
-1.438245
-5.562631
-3.511499
1.892547
2.577023
2.937575
-2.948381
-1.480136
-0.954499
-1.420425
1.661456
-4.135197
-2.952394
1.373401
-0.062419
1.088283
0.872137
-0.597177
-4.351185
3.269916
1.419781
-0.989416
0.000000
-2.469986
-0.613207
1.400061
-0.904827
-2.493781
-0.835357
-3.386571
1.066630
9.372195
-0.154997
2.716760
2.083186
0.593750
-3.623256
2.273053
-0.396441
-0.841942
-2.075658
-2.444571
