-8.085072
9.220136
2.498092
-4.947934
6.861710
-1.811331
9.406923
-8.546316
6.816893
7.485633
-2.356194
2.853537
-2.284887
-1.366155
0.158655
2.819842
0.072599
2.996780
7.122585
-9.199501
-0.966491
-1.305979
7.276789
6.785276
-2.434978
0.690446
-8.055299
3.177292
-2.829551
-8.331327
-9.296455
-1.425984
1.405648
7.575682
-1.205049
2.515331
0.216550
1.512041
-0.513252
7.169364
-2.178598
-0.812419
-0.348771
2.343537
-1.610775
2.117585
-2.342111
1.843805
-8.579212
7.463375
-2.343208
6.746833
-0.159913
-2.214297
4.119962
5.786763
6.737905
-1.941688
-1.464061
-9.293463
-2.637966
2.853537
1.533078
-0.824340
1.570796
-8.332334
-8.488364
-2.612346
2.466852
-7.885221
6.318884
-3.173840
2.624898
-1.998745
-5.074933
-2.669815
-2.446854
7.136970
3.974574
-8.051377
0.667666
-1.932000
9.103027
0.220829
0.665969
-1.892547
5.844326
0.137066
-2.808348
-7.982892
8.090227
6.910493
-1.203622
-2.629203
-2.408778
-1.892547
1.975688
-2.885076
-2.700842
-2.271293
-0.540420
2.068913
-1.685673
-2.230425
1.163165
-1.287002
-0.133811
7.113330
1.815775
1.310194
2.868584
1.642104
-2.012389
-8.083886
-7.892424
2.153536
-0.193622
-1.486253
2.568152
2.059649
1.672143
3.088072
-2.677945
7.188012
-0.692334
-2.564400
-1.061725
-6.183517
5.819538
2.694750
-7.986533
-0.831876
-8.039330
1.892547
-1.231504
2.277704
8.126990
-8.349115
1.354246
-0.597758
9.407236
0.485622
-0.510488
-2.979394
-2.291350
-2.561590
-0.070061
-2.872425
-0.830144
-8.234488
-8.342834
-0.298499
7.179241
6.782532
-0.677128
5.748790
0.868539
0.391700
-2.356194
0.337456
7.276080
-8.463145
0.536911
2.158799
-8.516408
0.117109
2.063633
2.303611
-2.695487
-8.390892
-7.995879
1.943784
-7.228497
2.210884
2.860755
-1.186979
7.727009
-2.888517
-2.543174
-6.683426
0.225277
-5.144797
1.707863
-1.173168
1.933341
1.492525
2.079867
6.746833
-8.074475
-0.785398
2.303611
-0.961633
2.848406
-1.148791
2.204429
6.930233
0.121842
0.352044
-2.780389
0.627308
-0.254368
-2.000559
-0.480175
15.726480
2.288118
-2.779048
-0.809784
-1.168142
-1.183921
8.051377
-8.519084
-1.243396
2.441700
-0.749269
2.636012
0.228103
1.267911
4.712389
-0.952652
2.395136
-0.363147
2.071464
2.390664
-2.291069
1.743657
5.998068
2.399645
15.429664
1.997424
8.149422
7.419311
6.303591
1.789465
0.572460
-0.236245
2.242759
3.022164
1.570796
3.289442
2.582993
7.310149
0.043451
-0.266252
-1.099019
5.509551
-6.786812
1.282741
2.310073
-0.994421
-0.785398
2.629203
2.042256
0.124355
-1.114724
0.060532
1.668523
8.136537
-2.879879
-2.601173
0.406971
0.039196
1.898535
7.042948
7.068583
0.229232
1.989021
9.316117
1.334551
0.304001
-2.131156
-0.868539
-2.572279
0.811034
5.913279
-0.269167
-7.947458
-0.860525
6.261450
2.444571
-0.019228
9.517107
7.139891
-8.231512
-1.008875
7.288498
7.853982
1.980234
2.896614
2.568152
-2.381830
-1.090621
-5.464832
9.027699
2.383215
-0.363147
8.739048
9.097378
6.060524
7.055926
2.604308
2.472550
5.949240
-7.238362
-2.686142
-2.214297
2.164546
1.904041
-2.429235
7.236226
-1.422947
-8.134819
7.056238
2.210884
-0.810393
-2.501505
-7.993422
2.100043
-2.477546
-3.059808
0.054491
7.390334
-1.720609
1.467715
-2.532429
9.463974
5.652106
0.141897
7.012463
2.019520
9.338784
1.513168
-1.163826
2.412315
4.749409
-4.030072
-2.768605
-2.019520
9.350839
7.836126
1.130045
-0.081452
-2.558516
-1.373401
-1.533078
-2.713644
0.124355
2.909489
0.472122
-7.816264
-8.684803
-0.463648
7.330062
2.406153
-0.078271
1.925502
7.556917
2.299114
9.463221
-1.626295
-2.725154
-0.065125
1.904041
3.177292
-1.539556
2.984991
2.034444
3.041924
2.302193
-0.019228
-2.527823
-0.683191
-1.071450
-0.882651
7.795226
-5.340018
0.304992
-1.063698
3.419892
2.154169
2.343849
-3.176666
2.987648
6.832560
2.381189
7.082281
2.407432
-1.292497
-0.394791
2.329174
0.826471
0.310998
-7.836742
6.302414
-0.939106
6.779608
6.880944
-1.352127
3.233922
7.518014
-2.416363
-8.457211
6.611305
-0.614663
-2.976444
1.225241
1.772113
-0.982794
0.563316
1.735945
2.381189
7.509763
-2.378918
7.551097
-2.984991
-1.313473
1.735945
15.634024
2.224432
-2.838708
2.253113
-2.098871
-2.738681
7.390334
-0.873775
-1.650626
2.684748
-2.677945
1.223735
5.955785
0.236245
-5.908345
-7.712085
1.800028
6.980207
-1.405648
-0.018516
0.244979
6.448334
8.037092
2.819842
2.383965
-8.518028
7.300300
-0.244979
-1.420984
-1.402590
2.329885
-1.989021
-2.267818
2.586597
3.017238
-0.657889
2.227871
-2.370686
2.296026
-7.669657
0.068856
-1.335251
-2.018941
2.627141
-8.187226
-1.476735
-0.032247
-2.068619
-0.339293
7.578176
4.290970
9.292226
6.062692
-2.790148
2.950408
1.312544
-1.115696
-1.690225
9.442320
7.414139
2.930499
-0.851966
1.957672
2.863293
-1.273732
-2.616009
1.942505
1.965587
-0.240171
2.174026
0.771315
2.148698
2.320066
-1.335251
1.200890
6.965502
-7.835802
0.117109
-1.515298
5.895662
0.339293
7.787413
9.280624
1.147127
3.748198
-2.955106
2.432966
2.521343
-2.277411
-1.038292
1.892547
2.255413
-1.057544
-1.317122
1.495467
2.694750
0.339293
2.284887
2.129396
1.983207
1.695151
7.706903
1.798899
0.084544
-2.754069
-1.067170
-1.085569
7.147367
2.089942
-2.343537
-2.288118
-0.694738
-6.283185
3.077166
4.275762
2.330559
-2.803269
-2.063633
-0.588003
-1.012197
-7.780043
7.220349
2.805954
-7.775710
-2.532429
-1.056345
-0.962994
1.703348
7.358848
-1.284745
-8.107656
-1.376837
1.761981
2.152701
-3.283490
-0.288055
7.422843
1.994465
-1.184914
-0.931410
-0.252554
0.394791
2.489724
-0.987720
15.615634
-2.417845
-3.597044
0.240846
-2.064738
6.848669
-7.815539
3.276364
1.658292
6.853226
7.853982
-1.157466
15.726829
2.050971
-8.204296
-2.356194
7.750900
1.381597
7.228497
2.587285
8.245682
-0.139440
3.110353
-2.416363
9.285338
2.466852
3.518502
2.392323
2.263131
0.886502
7.595729
-2.819842
1.794273
-1.156289
-1.123954
-1.683524
-1.779819
-2.442400
0.191184
-8.325442
-2.686142
1.922241
-0.081452
-2.274027
2.194819
-2.918932
-0.073939
-2.729182
-1.423718
1.297788
2.344147
0.564084
-7.872498
7.787413
8.142037
3.141593
3.011189
5.595040
-0.845566
3.558031
9.297805
7.280541
0.581905
1.789465
9.114391
-2.284887
0.618428
-7.791563
-2.721713
0.211093
2.873682
1.811331
0.197396
2.089942
-0.735440
-2.016097
0.068076
-2.648756
3.109346
0.283794
-8.261237
0.064427
-1.042722
1.692991
-0.089050
-0.798384
3.241261
5.730344
7.237685
0.273009
-0.912908
2.300696
-0.139096
6.775671
2.487022
7.191252
6.871188
1.415201
7.481914
1.978052
-1.724741
6.993456
2.395136
-0.159352
2.302193
-2.444571
9.406598
2.318238
1.178456
-2.132718
7.888451
0.714091
-0.440751
-0.032247
-0.646758
-2.329174
7.191555
1.915015
7.149488
-7.759920
-2.041963
-0.471460
-1.149377
-0.876058
15.386213
-2.294544
-2.432966
-1.973117
2.456975
2.966000
