2.740364
5.194053
1.382575
0.239743
0.452154
0.601074
-8.584888
-3.735806
-0.635027
6.368691
0.287281
5.101706
5.946510
-4.612720
-4.095198
5.497787
4.759972
1.463106
-0.244979
0.348771
-4.917784
5.156808
-1.965587
2.079867
-0.703614
-7.624750
-1.892547
-3.583967
1.342300
-0.982794
9.348006
0.785398
-2.015216
-0.808650
-0.086738
4.963392
2.003204
-1.907471
3.141593
-1.446441
-2.999696
-0.801270
-2.516108
2.437979
-0.499347
5.294742
-4.236694
1.249046
-0.235545
1.651700
1.815775
-0.336675
-8.877216
-8.843398
-15.225450
2.546833
5.912294
5.286694
7.998794
-1.172274
-2.896614
1.249046
2.846152
-0.211093
-8.771931
-4.828148
0.685730
0.260602
-8.356825
2.833540
0.000000
-9.120267
-2.736701
-8.234488
1.750650
-0.114877
-8.340881
0.862170
4.933703
-4.116979
-3.833514
0.881872
-8.849353
-0.424832
0.453844
-2.285888
0.411065
-9.051790
-9.002773
5.020442
-7.390334
-3.444478
-6.283185
-4.085081
2.688254
-4.315310
0.398522
2.896614
-1.941688
1.784857
-0.800322
1.622033
-2.107707
-4.712389
2.846152
2.307054
-9.052710
3.183235
6.075689
2.644250
0.474400
0.551655
0.145310
-9.089139
-0.502843
-2.999696
0.129703
1.570796
-4.131009
-4.759972
1.347320
-4.136964
2.089942
-0.563316
-1.924794
-1.475845
6.871188
-8.111305
-2.743070
6.361969
-3.858604
-3.215532
-8.660653
5.300392
-4.659806
-4.030072
-1.134169
-7.593379
-2.769525
-8.532101
-7.853982
8.394401
-1.529154
-0.614663
-0.999459
1.414194
-4.889985
-9.266123
-3.050933
2.534605
-4.455065
-0.982794
0.785398
-3.833514
-3.447472
5.550370
-2.916316
-8.893054
-7.944642
-4.868991
-4.179545
-0.294235
-0.570040
6.052095
-1.614247
1.497756
0.117109
2.214297
-1.951303
-8.843398
5.443296
-8.961130
-4.712389
0.296546
1.390943
5.264044
-1.135443
4.803049
-4.647264
-1.815775
1.310194
2.400941
-7.754313
-7.801399
3.058451
-2.231839
-2.956245
2.553590
0.124355
-8.568072
0.302885
-4.030072
-0.390607
0.000000
-8.506828
-0.694738
6.418713
2.092631
-8.425319
-0.090660
-4.434089
5.457808
0.446106
1.089133
-3.375336
0.336675
-9.048817
-0.982794
-2.920278
5.390508
-0.135528
-8.622432
-4.059542
0.307046
-8.891934
-8.441984
0.847817
-2.403778
-1.117458
4.923482
-1.030377
-7.853982
-3.505572
3.011890
-0.350728
-9.329826
-0.554307
-8.799293
-9.129337
-8.934821
0.284730
-4.712389
-1.745469
-7.962252
2.310073
0.169101
-9.202696
-2.782822
5.864961
5.708880
0.474400
-3.648691
-2.482787
0.968509
0.135528
0.974597
2.812543
2.370686
-3.908811
5.348227
2.948892
-9.086900
2.340323
-8.693871
-2.341703
2.356194
-0.124355
-2.850136
-0.380506
-14.807688
-1.142018
-0.188222
0.266252
0.000000
-4.296897
0.321751
-4.117630
2.896614
-4.201158
1.067953
-4.049186
-8.984935
-4.341498
-15.222341
-0.483447
5.313463
-4.847917
-3.290483
3.118869
3.365069
5.184886
1.661456
0.634023
3.191551
-8.860209
2.209710
5.778324
-0.291457
0.806672
-9.036459
2.201198
-2.324955
5.576986
-4.807341
1.719686
5.034140
-0.443448
-8.939156
-0.420663
-2.642246
-9.131189
-9.103027
-9.259629
5.902679
1.249046
-4.615136
-4.383836
0.444419
-3.836331
-4.467410
3.009041
0.115759
0.497343
1.152572
4.670746
-1.993650
3.414601
0.000000
-0.412410
-8.163685
0.624023
-8.325759
-0.938047
-4.180665
-8.939156
-1.892547
-8.836775
0.336675
-1.441094
2.863293
-4.612720
0.737815
0.821097
-1.712693
-8.737654
6.468533
-1.706324
3.011890
6.937268
5.463318
0.643501
5.574559
-1.398606
0.363979
-7.770840
2.529055
1.845706
2.701750
1.396124
-9.282881
5.396098
4.946132
-0.047583
-14.757416
-0.714091
-0.278300
7.322258
2.223643
0.250443
-1.653938
6.141288
-14.979109
-0.321751
4.952132
-1.789465
5.293769
3.061763
-3.463343
3.271295
0.304511
-3.585041
0.278300
0.000000
1.107149
-1.803353
-0.599175
-2.765102
-4.085646
2.270689
-4.237378
-3.017238
1.831399
2.927532
0.211093
1.030377
-1.347320
12.202392
1.030377
5.864961
-2.023575
2.450256
-4.667974
-8.939156
1.199905
-4.582686
0.822418
1.097890
-0.079830
3.536384
-1.471128
2.553590
-4.118639
-3.666388
2.553590
-8.753172
-0.398522
-3.290483
-1.832916
5.368085
3.103150
-1.428899
2.697173
5.204198
-7.295382
0.344647
2.677945
-0.785398
-4.103700
2.629203
-0.000000
1.373401
-8.098960
9.477361
-0.475695
-15.203102
5.819538
-0.902507
-4.712389
2.927532
5.048028
0.408149
-1.768192
5.245233
2.578276
-15.058968
-7.646485
-9.169596
-4.543288
0.343024
3.087591
-0.127510
-1.002272
0.348771
4.588034
-0.218669
2.299651
2.877629
-1.337053
-4.823046
-0.909753
-7.903940
-4.097726
5.831031
2.657115
-1.880499
-3.666388
0.420663
-0.444419
5.241979
0.193211
0.524796
4.963392
5.185296
0.574305
-9.051790
4.880986
-2.935269
-1.480136
0.244979
-1.405648
-4.229876
1.942864
-1.172274
2.320495
-2.006150
5.497787
-2.311448
-3.290483
-0.173246
-4.248741
2.023575
-4.607512
-3.945171
1.899349
-0.519146
6.108513
3.313783
2.918116
-0.380506
0.452154
3.054854
-1.706324
1.592070
5.153568
-0.724866
-3.427644
2.848004
-3.926991
1.128422
5.433360
6.130536
-4.826181
-2.399645
-1.545802
-8.567042
3.035608
1.845706
1.262744
1.712693
-9.282881
-4.799127
-8.367588
2.969402
-0.801270
0.278300
-8.588576
-1.638873
-8.951422
-0.865228
-1.017502
-2.808348
-1.784857
-0.674741
5.347416
2.476818
0.055499
1.264917
-4.648646
-1.939492
-3.682012
-0.828849
1.520838
-0.174672
2.218608
-4.787249
2.223643
-9.424778
1.234122
-4.467410
-8.532644
1.845706
-4.409504
5.656442
-2.788602
-4.582686
-7.948933
-3.797288
-1.866237
2.060754
8.459526
2.024135
8.387690
-4.409504
-0.563316
3.317532
-8.942265
1.703348
2.307054
-15.670943
0.628796
0.156602
4.753183
-0.651869
-1.742987
2.935269
1.012197
-8.923174
0.045423
1.292497
-0.000000
-0.748378
-2.659079
8.111305
1.222025
5.215232
2.857799
4.854286
-4.617437
-8.866179
4.670746
1.224257
-1.591627
1.198729
-1.967238
0.233743
-1.681454
-9.038895
-1.609239
5.441244
5.262242
-2.152177
1.319794
-8.793087
-4.617437
2.061960
0.352990
0.544280
1.304544
6.038207
1.480136
2.034444
5.719869
3.118341
-1.129617
-0.086738
3.552657
5.347416
0.389317
7.190779
-3.191551
-8.693381
-8.132281
-0.531724
-0.767218
0.344647
-0.201762
-8.542906
-9.133321
1.784857
1.480136
4.847917
-2.761086
-2.625362
-8.149422
-7.532231
5.600869
-2.828691
5.290291
-8.871484
-0.328553
-8.785864
-2.739722
-2.253113
6.224429
-8.307320
2.493261
2.934096
-5.459345
5.568094
-3.860423
-0.188222
-1.386853
-1.570796
-3.586012
5.346412
9.377195
1.907471
-2.856862
0.803578
-4.762347
2.629203
1.712693
-7.754313
-9.236556
-3.463343
0.915101
-0.516695
1.405648
-2.143762
-1.495936
-2.480549
0.300171
-1.750650
-3.232253
1.194306
-5.211736
2.909036
5.627490
7.705092
2.819842
5.433360
0.148890
2.323948
-8.789751
3.300248
-0.685730
-38.991609
0.999459
2.457298
6.283185
-4.353618
1.165905
-8.188718
-0.499347
1.240499
-0.524796
5.167108
0.683709
2.714965
1.325818
