2.218188
2.478863
7.420028
-2.131156
-0.426627
-1.310194
-2.329885
-2.833540
7.853982
1.825979
7.040813
8.350404
3.312972
1.989021
2.553590
-2.553590
-8.467752
1.295370
0.785398
9.406598
7.477072
5.875929
-1.051650
-7.586071
8.453157
7.682603
-7.853982
0.281232
2.424581
1.186979
5.875929
7.053659
7.083075
-0.688924
-2.153149
-0.094061
0.069655
3.105894
2.385598
2.214297
3.010277
-0.677708
1.116952
-8.199537
-8.798517
2.812543
5.771955
-1.255582
6.922955
1.967238
-2.501823
6.709813
-8.497483
-8.037092
1.183273
-0.350314
-8.163685
-5.107180
6.764073
-1.024007
2.089942
0.497822
0.200954
-1.759995
-1.732634
3.124645
7.270905
-8.028654
0.081452
7.031563
-0.657889
9.359653
-1.255181
2.883340
-2.424581
-0.129703
-0.209640
2.841817
-1.536911
2.837082
-0.133811
9.036459
1.768192
3.015001
0.148890
8.012637
-2.652740
-2.179960
7.476733
7.240212
0.710538
2.239086
5.643799
15.610236
3.382439
-2.677945
2.892341
1.165905
0.853785
7.289898
-0.154319
-0.697021
2.469986
-3.052543
7.358848
-0.706614
4.431157
-8.074810
0.736257
8.158974
2.604308
-4.559740
-2.400941
2.382504
-2.255091
-0.175940
-0.019997
-1.142532
-0.455101
-0.193622
-0.844154
0.313621
-0.896055
2.394151
8.420711
8.325759
-2.134880
3.395961
-2.694073
2.147989
7.054500
2.930499
2.604308
3.228331
-7.897433
1.412141
-2.669815
-0.000000
0.899190
7.217473
6.663692
-2.125104
-1.065215
1.921111
2.457298
1.455920
8.181720
2.537843
5.576571
-1.010109
-1.509648
-1.706324
-0.680521
9.266123
-2.574863
6.305404
0.443448
-0.000000
2.944197
9.558589
2.819842
1.218752
0.358771
7.105604
-3.080444
-1.628425
-0.635838
1.249046
-0.960070
-15.181336
-0.560687
3.427644
2.582993
-0.452154
-0.747442
0.840897
-0.523919
2.736701
6.907821
2.153873
0.361204
-7.548989
-1.771449
-2.199593
1.436985
0.436627
1.831399
-0.360837
0.019228
12.703437
1.879727
-0.503626
0.798731
-2.765632
-1.771751
-1.065506
-8.120234
-1.124691
-0.066568
-7.773078
-0.223477
2.016902
0.472907
-2.225367
-1.044169
-1.732995
-6.226105
1.588338
-0.050804
-0.435353
-1.667270
-1.287002
-0.639770
-2.739722
-8.043970
-0.486899
4.222432
-0.158655
9.571856
-2.245537
-1.726391
-2.619758
2.441700
2.245537
-2.098871
8.066414
9.218454
1.943784
1.746736
7.332547
2.563068
-9.259629
-6.108513
-0.404892
8.026172
-2.741352
-2.629203
-3.064821
-0.273009
-15.533291
-2.131483
-0.714091
-0.480887
2.598115
-8.030690
1.746736
0.507099
2.188941
7.975824
1.553254
1.549966
0.551655
3.338988
1.975688
1.513168
2.660705
2.530867
-0.089050
2.669471
-1.289959
0.654571
4.885635
0.129703
3.026716
1.218752
1.399417
-1.107149
-0.393451
8.961130
-2.042574
9.461798
-0.052583
5.617216
2.796037
-2.782822
7.271242
-8.192305
-0.801270
0.347062
-5.083280
9.270833
-0.037718
-0.521834
2.219128
1.989021
7.372318
-1.849096
-0.273659
0.771700
-0.647811
12.102723
1.512041
2.043293
-8.261613
2.601173
2.764683
0.021273
-2.077895
-2.697173
-2.018316
-1.386853
-0.472122
0.348771
-0.771700
0.772412
-2.289626
6.425082
7.422843
8.058623
-2.944197
0.240171
7.083508
-1.348135
-0.266252
1.133005
2.844528
-8.140033
3.043866
9.444006
7.096354
-2.965653
2.622447
-2.017639
-8.156867
7.173460
6.788047
0.255182
9.036459
2.502207
-2.652740
-2.421039
-0.463648
2.342862
-1.570796
-2.629203
15.560885
2.582993
8.562608
3.097177
1.232473
1.030377
-1.835285
-1.933943
2.539305
-0.914095
-1.312544
13.037831
7.151725
1.739393
0.223477
-1.471128
6.829974
-8.016180
3.141593
-2.121182
-0.525584
0.747442
-2.719588
-1.428899
-2.529440
2.025897
6.914876
-1.878849
-7.521362
0.772741
7.381075
0.885067
-1.647568
-1.972667
2.034444
-2.801211
0.755995
-0.129703
2.060754
-0.264488
-1.570796
-0.830144
-0.965252
7.381485
6.757037
-1.509648
12.506442
1.730709
-1.004067
-0.079830
-1.607144
1.535097
0.308931
3.400924
-0.540420
-1.515298
0.019605
13.256817
2.525973
-2.944197
7.473475
-0.046478
-2.342497
-0.594214
-0.717012
-1.718646
2.609869
-8.408289
7.732139
-2.571552
2.502207
12.349820
-2.017639
-1.792111
9.206109
1.614247
-0.295441
8.341818
0.881872
2.441700
6.917208
2.253988
6.138373
-2.741352
7.379582
6.435835
1.595182
6.230602
1.551568
-1.768192
-1.570796
0.133811
1.045213
3.205336
7.633153
2.328424
3.386571
6.975520
2.721396
0.205395
0.399515
7.016000
-0.420197
2.922924
0.244979
-1.158386
-2.669471
-2.976444
-9.025262
-2.133294
-0.240171
1.494024
2.446854
0.139096
13.351769
13.385090
-1.068706
-0.717012
2.518922
-7.617736
-7.901565
-2.475623
7.457540
-1.610775
7.957063
0.244979
0.126592
-7.929311
3.141593
-0.482513
-1.389147
-0.205395
1.272297
-2.474287
15.745681
-7.584132
-1.478467
-1.536327
2.263131
15.818620
-1.683524
7.164182
3.218365
2.313966
-1.190290
-0.598419
-0.407632
-2.183334
-0.055499
1.063698
-8.612359
2.837592
0.562498
6.991812
-5.107180
1.214577
-0.552841
-0.922985
4.213042
2.568627
1.858852
-1.905533
-2.536048
-2.018941
0.390607
-0.701260
-2.860755
0.628796
9.332449
0.372988
6.792256
7.122585
7.399680
-7.639166
0.066568
2.248505
0.039979
-0.694738
-1.448954
-0.556599
7.765326
-1.339706
0.073939
-1.170556
6.957926
-3.184120
-0.321751
-2.367688
1.336074
1.338239
8.256303
2.312744
-0.387524
-2.372586
2.677945
-1.815775
0.287281
6.580250
0.244979
1.316428
1.846222
1.480136
1.661456
7.304607
2.183334
7.731786
-0.647392
-0.890275
2.053310
2.873682
2.985998
-5.256221
-0.119429
2.850136
0.119429
1.951303
1.729452
8.739048
0.560687
3.064821
3.708322
1.729452
-2.255091
-0.420197
2.976444
-0.971621
-1.793457
-7.589493
-2.588751
2.931953
7.260631
0.568105
-0.519146
-1.075663
2.622447
7.276789
-1.944523
-2.242759
1.216091
2.696292
-0.588003
-2.700842
-1.875789
0.483447
6.942495
8.887867
-7.648586
-1.855914
7.324392
5.217250
6.964484
1.772559
-2.616797
9.215138
6.888730
0.130827
0.159352
0.797743
5.442289
6.788475
6.038207
-2.356194
-2.597760
-2.356194
6.573032
8.087725
-0.384169
-2.748142
0.264817
-8.006631
-7.782674
1.193887
1.932000
3.263788
6.861087
7.332547
-2.158799
-0.310387
0.061148
-0.706614
7.191252
-8.787229
1.551191
-1.180189
0.491164
2.206635
-0.066568
3.428874
-2.092631
3.653982
1.860300
-1.024007
8.387690
-3.121987
7.484076
-1.142532
-1.646125
-0.309703
-2.000559
1.389147
-14.103846
2.940638
-0.631691
7.853982
6.972985
1.499489
7.097987
-2.466852
1.934775
-1.339706
1.495467
-0.078271
-2.133294
1.330262
1.961403
6.123834
-3.035608
8.412581
-0.950547
-2.877104
2.051684
-1.320818
2.356194
2.474287
3.529116
-0.896055
-2.753274
7.068583
7.082667
2.990577
-2.368540
0.799096
-1.728565
-0.218669
7.202113
-1.911178
3.024484
-0.038443
-0.596199
-1.954614
2.574863
1.881795
-0.689800
-2.356194
6.967480
-0.018516
0.977446
1.377174
-0.734161
2.519290
2.210182
-3.039386
2.225367
-1.062067
7.407876
