2.574863
-1.162647
1.313473
0.169778
0.321751
0.362544
-2.471954
2.485897
-0.730907
-0.086738
0.244979
-1.264917
-0.278300
1.570796
2.085248
-0.724250
-1.768192
1.332187
-0.489957
0.607802
1.249046
-1.165905
-2.158799
1.997424
-0.944053
-1.626295
-2.055274
2.553590
1.272297
-0.970746
2.922924
0.595410
-2.129396
-1.067953
-0.244979
-1.602036
2.049149
-1.983207
3.041924
-1.623379
3.086094
-0.921801
-2.677945
2.208345
-0.625485
-1.146602
1.935998
1.058407
-0.321751
1.670465
1.687905
-0.540420
-2.665897
-2.768605
-2.677945
2.378413
-0.661043
-1.172274
1.698306
-1.249046
-3.027801
1.138389
2.788602
-0.294235
-2.586099
1.292497
0.643501
0.207496
-2.034444
2.701750
-0.104877
-2.976444
-2.880990
-2.142134
1.570796
-0.207496
-2.158799
0.737815
-1.474323
2.085248
2.377468
0.765793
-2.819842
-0.655696
0.463648
-2.373737
0.141897
-2.723368
-2.896614
-1.346085
-1.487655
2.736701
-0.463648
2.231839
2.619189
1.570796
0.298499
2.654693
-1.937970
1.637364
-1.132460
1.477320
-2.124091
1.446441
2.743070
2.245537
-2.938547
3.141593
-0.141897
2.528385
0.415492
0.434670
0.000000
-2.961739
-0.691337
3.141593
0.066568
1.387686
2.020556
1.249046
1.267911
2.120650
1.951303
-0.694738
-1.991460
-1.695151
0.273009
-2.003204
-2.806856
-0.197396
2.412738
2.956245
-2.927532
-1.134169
1.487655
2.240435
-1.217806
-1.695151
-2.810497
-2.379446
-1.703348
2.077895
-1.626295
-0.785398
-1.185639
1.042722
1.071450
-2.934096
3.141593
2.480549
1.570796
-1.071450
0.828849
2.453921
2.677945
-0.906750
-2.980830
-2.754717
-1.768192
1.144169
2.018316
-0.750929
-0.602287
-0.321751
-1.856848
1.378748
0.124355
2.049149
-2.096863
-2.976444
-0.881872
-2.887919
1.471128
0.158655
1.385448
-1.249046
-1.292497
-1.626295
1.492012
-1.951303
1.352127
2.249459
-1.673878
-1.703348
-3.079174
-2.336589
3.041924
2.207305
0.117109
-2.437099
0.224711
1.849096
-0.551655
-0.148890
-2.356194
-0.750929
-0.066568
1.935998
-2.111216
-0.244979
1.768192
-1.037088
0.329050
0.870903
2.843094
0.080904
-2.863293
-1.176005
3.072736
-0.868539
-0.339293
-2.329174
2.150799
0.058756
-2.749253
-2.166995
0.862170
-2.478390
-1.258754
-1.405648
-1.107149
-1.703348
2.613518
3.024484
-0.380506
3.141593
-0.785398
-2.701750
-2.976444
-2.709185
0.231091
1.385448
-1.781890
-1.757776
2.158799
0.078784
3.058451
-2.970857
-0.463648
-0.669639
0.362544
2.516108
-2.677945
0.915101
-0.110657
0.635027
2.677945
2.281706
2.327631
-1.025932
2.819842
3.046641
2.394637
-2.451146
-2.320495
2.308611
-0.412410
-2.926235
-0.380506
-2.330559
-1.312025
-0.321751
0.197396
-0.055499
1.858852
0.321751
1.904041
2.855541
2.020556
1.080839
2.125104
-2.988943
1.797595
-2.601173
-0.694738
-1.313473
1.512041
2.863293
2.838708
-3.089010
-1.284745
1.508378
0.434670
3.009041
-2.601173
2.149871
-0.702257
-0.358771
0.815692
-2.922924
2.060754
-2.356194
-0.939717
1.310194
1.642104
-1.432790
-0.545655
-2.930499
-0.418224
-2.902983
-2.992703
-2.948892
2.896614
-0.321751
1.030377
1.537475
1.910089
0.231091
2.122451
1.712693
2.922924
0.071307
0.390607
1.107149
-1.756144
-2.142134
-2.884269
-0.152649
-0.643501
-1.983207
0.058756
-2.053310
-1.190290
1.937970
-2.704965
-2.142134
-2.605781
0.367174
-1.453688
2.651635
1.482789
0.664046
0.674741
-2.034444
-2.451146
0.000000
-1.801887
2.934096
0.408908
-0.982794
0.624023
-0.890275
-1.453688
0.253674
-1.727398
2.373737
1.499489
2.601173
1.815775
-2.944197
-0.785398
-1.438245
-0.174672
-2.333976
-0.785398
-0.321751
0.876058
2.303611
0.032247
-1.849096
-0.367174
-2.647651
-0.380506
-1.546411
-1.821799
-1.132460
2.999696
2.709185
-3.053585
0.197396
2.568627
0.169778
-0.076772
0.785398
-1.956679
-0.748378
-2.934096
2.148698
2.287338
1.756144
2.723368
1.661456
2.802300
0.169778
0.901157
-1.453688
-0.380506
0.915101
-0.643501
-2.166995
2.356194
1.420425
-2.838708
1.012197
1.570796
0.628796
0.932477
-0.231091
-2.922924
-1.637364
2.537843
2.034444
2.589938
2.430134
-2.632000
-0.449760
2.956245
-1.815775
-1.095101
2.984991
-1.570796
2.539305
-1.004067
-1.158386
0.253674
2.512796
-1.025141
2.013171
2.279423
-0.066568
1.144169
-1.801887
3.075024
-0.636508
-2.694073
-0.512389
-1.020943
1.428899
2.802300
-1.460139
0.222082
-1.849096
-1.091277
2.553590
-2.677945
-1.480136
-2.863293
1.684588
0.231091
2.706922
-0.463648
-1.132460
0.266252
-1.789465
-0.426627
1.975688
2.692869
-1.438245
1.190290
-1.048393
-1.703348
1.837048
-0.514451
2.546183
-2.057696
2.512796
0.278300
-0.558599
-1.061204
0.085505
0.339293
-1.656302
-1.173717
0.558599
-2.701750
-1.457004
-3.017238
-1.570796
-0.041643
-1.570796
1.951303
1.807645
-1.438245
2.356194
-2.045807
-0.968509
-2.436024
2.704965
-0.176709
1.961403
1.904041
1.717875
2.016902
1.829567
-0.598419
-0.348771
-3.082837
2.761086
-0.605545
0.374334
2.999696
-1.756144
1.492012
-1.237552
-0.849141
2.699218
2.755710
2.176341
1.080839
-0.967047
-0.286051
1.335251
-2.512796
-1.639653
-2.316216
2.919511
1.642104
1.152572
1.438245
-3.025833
1.396124
-2.234842
3.036716
-0.990794
0.117109
-2.419938
-1.773842
-2.746802
-1.275355
-1.170556
-2.804918
-1.941688
-0.881872
-1.132460
2.553590
-0.090660
1.076855
1.495936
-2.059130
2.446854
-0.803578
1.512041
-0.278300
2.057696
1.297788
1.963136
3.091634
1.004067
1.708802
-2.356194
1.642104
1.644735
-0.881872
-2.956245
1.629552
-1.815775
2.245537
-1.873681
1.957672
2.010639
1.892547
2.023575
1.712693
-0.685730
-3.056087
-2.870646
1.849096
2.181522
-3.030935
0.577902
0.000000
-1.570796
-0.803578
-1.841743
2.770701
0.927295
-2.777614
0.117109
1.299849
-0.088007
-0.851966
-2.776391
1.762844
1.158386
-1.212026
2.788602
-1.695151
1.504228
-2.717398
-1.759018
1.089909
-1.681454
1.120135
-2.151553
0.132552
-1.730709
2.988943
-1.759018
-1.124691
-1.107149
-2.176341
1.249046
-2.568627
1.629552
2.045196
0.179853
0.501604
0.999459
-0.436627
1.385448
1.929567
-0.702257
3.062809
-1.231504
-0.110657
-2.810497
-1.146602
0.128323
0.758378
2.875341
-2.507570
-1.951303
-0.737815
-0.919720
0.282555
-0.281772
-2.498092
-2.880990
1.687905
1.304544
-1.633215
3.141593
-2.782822
-1.831399
-1.310194
-0.785398
-3.050933
-1.014630
-2.697173
-0.365201
-2.626044
-2.904744
-2.256526
-0.218669
-2.250210
2.442933
2.930499
0.295441
-0.785398
2.250210
-0.367174
-1.463106
-1.699120
2.536048
-1.008875
3.141593
1.712693
-3.050933
0.785398
1.373401
2.356194
1.687905
-1.695151
-3.075024
2.770701
0.865228
-0.643501
1.288241
-2.289626
-1.631328
-2.518393
0.159913
-1.892547
2.930499
1.238737
0.912908
2.772259
-0.785398
1.494024
2.642246
-1.080839
-0.066568
2.158799
-2.530867
-3.024484
-0.909753
-0.785398
0.972377
2.253113
-0.321751
1.725793
1.076855
-2.158799
-0.531724
1.212026
-0.674741
-1.241172
0.828849
2.601173
1.388628
