-1.783228
2.910502
2.536994
1.354246
0.531724
-1.863983
3.067654
-2.188941
0.441179
1.199905
-2.329174
2.831890
-2.309716
-1.369842
0.124355
2.790148
0.000000
3.062809
0.812419
-2.922924
-1.069783
-1.259798
0.889498
0.609163
-2.521343
0.685730
-1.764418
-3.123076
-2.804137
-2.020056
-3.070285
-1.549061
1.438245
1.259798
-1.330625
2.446854
0.168597
1.446441
-0.414507
0.880350
-2.231839
-0.870903
-0.433953
2.275290
-1.653938
2.210566
-2.454468
1.843805
-2.269989
1.236851
-2.419401
0.331096
-0.106736
-2.258941
-2.187093
-0.548549
0.428264
-1.921111
-1.405648
-3.002497
-2.643770
2.841817
1.448954
-0.731397
1.502720
-2.041963
-2.056828
-2.639502
2.525973
-1.604117
0.000000
3.109346
2.582993
-2.011547
1.165905
-2.620158
-2.501823
0.842479
-2.319174
-1.707863
0.684617
-1.991460
2.807648
0.205395
0.577192
-1.902856
-0.489957
0.147078
-2.774419
-1.745469
1.783228
0.540420
-1.205049
-2.694073
-2.437099
-1.937970
1.963136
-2.853537
-2.761086
-2.257614
-0.643501
2.034444
-1.728565
-2.248183
1.107149
-1.352127
-0.209640
0.800782
1.823351
1.325818
2.813473
1.625288
-2.136280
-1.877842
-1.676781
2.061960
-0.264488
-1.481747
2.563068
1.997424
1.704607
3.070285
-2.650741
0.904827
-0.767218
-2.634494
-1.116494
0.033321
-0.488852
2.661418
-1.707863
-0.772741
-1.825979
1.969319
-1.197070
2.211153
1.805519
-2.042574
1.419781
-0.583077
3.141593
0.313621
-0.572460
-3.030935
-2.356194
-2.553590
-0.052583
-2.867933
-0.899190
-1.939145
-2.098871
-0.353997
0.886502
0.426627
-0.703231
-0.604306
0.828849
0.321751
-2.408778
0.416439
1.004067
-2.236766
0.493941
2.123638
-2.253113
0.099669
2.050316
2.251318
-2.685521
-2.135946
-1.712693
1.878849
-0.982794
2.168555
2.868584
-1.279340
1.356736
-2.947634
-2.669471
-0.343024
0.185348
1.107149
1.673878
-1.249046
1.892547
1.489344
2.050971
0.488852
-1.747505
-0.842479
2.369181
-1.033512
2.813854
-1.081944
2.256526
0.690446
0.124355
0.315616
-2.866167
0.630401
-0.284730
-2.025098
-0.420197
3.099950
2.245537
-2.830594
-0.893088
-1.243698
-1.218752
1.815775
-2.179121
-1.255582
2.411693
-0.736656
2.670952
0.267910
1.160669
-1.609239
-1.054101
2.330559
-0.297064
2.067219
2.403778
-2.167457
1.709892
-0.258252
2.426501
2.896614
1.951303
1.806341
1.159340
-0.019605
1.757283
0.588003
-0.222661
2.202487
2.875341
1.570796
-3.101614
2.537287
0.999459
-0.071307
-0.315970
-1.071450
-0.717322
-0.480175
1.294990
2.214297
-1.000756
-0.726642
2.564400
2.010639
0.072599
-1.180189
0.030294
1.661456
1.853351
-2.875341
-2.595426
0.490852
-0.066568
1.830128
0.759763
0.740652
0.291457
2.067219
3.047531
1.299849
0.289504
-2.154169
-0.911486
-2.637966
0.812419
-0.388319
-0.327098
-1.642104
-0.774163
-0.102207
2.483704
-0.037718
-3.064821
0.880350
-1.882343
-0.927295
1.010436
1.465919
1.909120
2.860755
2.577509
-2.422763
-1.071450
0.855053
2.850136
2.325901
-0.369906
2.480549
2.884269
-0.229904
0.772066
2.610819
2.457298
-0.472497
-0.867183
-2.819842
-2.233223
2.111216
1.910089
-2.444571
0.845930
-1.469107
-1.886011
0.722191
2.143256
-0.878462
-2.494545
-1.715238
2.096380
-2.477546
-2.944197
0.037718
1.005647
-1.764418
1.462135
-2.587285
3.083964
-0.605545
0.071307
0.657889
2.026868
3.057049
1.512041
-1.130045
2.471954
-1.614247
2.294544
-2.891614
-2.026247
3.047531
1.455920
1.130045
-0.156602
-2.614965
-1.325818
-1.634540
-2.726518
0.141897
2.947971
0.472122
-1.570796
-2.442400
-0.486899
1.026964
2.394151
-0.126973
1.915015
1.242676
2.265535
3.141593
-1.702112
-2.786887
-0.105984
1.892547
3.141593
-1.506369
2.992703
1.970312
2.981680
2.413275
-0.018866
-2.553590
-0.640088
-1.107149
-0.896055
1.484058
0.956133
0.249252
-1.002692
-2.887225
2.197058
2.308611
3.002497
2.973697
0.622303
2.422763
0.771315
2.383215
-1.325818
-0.428264
2.315122
0.800782
0.278300
-1.469450
0.019228
-0.955176
0.429762
0.572460
-1.369842
-3.085049
1.259798
-2.539305
-2.148698
0.240171
-0.945311
-3.005190
1.230414
1.742175
-1.027319
0.556166
1.730148
2.369181
1.281293
-2.412315
1.238737
-2.994514
-1.307802
1.774814
3.028865
2.286540
-2.939830
2.294544
-2.058633
-2.705910
1.089133
-0.876058
-1.759995
2.713644
-2.730136
1.236059
-0.350314
0.165149
0.419880
-1.462135
1.741532
0.697021
-1.501940
-0.114877
0.161837
0.174672
1.764755
2.887225
2.386488
-2.319174
1.075663
-0.305879
-1.441886
-1.453688
2.300696
-2.149871
-2.257921
2.438362
2.979394
-0.729900
2.231839
-2.402316
2.356194
-1.433730
0.051678
-1.428899
-1.971037
2.604308
-1.904741
-1.513168
-0.033321
-2.107707
-0.391700
1.313473
-1.975688
2.953371
-0.276097
-2.790148
2.944197
1.334551
-1.098674
-1.690225
-3.124051
1.000756
2.896614
-0.904827
1.951303
2.850136
-1.349968
-2.577509
1.997424
1.972667
-0.255182
2.174026
0.722191
2.127396
2.381189
-1.431700
1.249046
0.659629
-1.606495
0.078271
-1.570796
-0.472497
0.437791
1.467715
2.987648
1.161359
-2.413603
-2.873682
2.408778
2.549165
-2.356194
-1.027607
1.951303
2.255413
-1.121536
-1.377174
1.469107
2.629203
0.365747
2.230106
2.114629
1.940702
1.753907
1.380808
1.720609
0.087495
-2.771687
-1.158386
-1.114448
0.853785
2.187093
-2.381189
-2.331809
-0.622303
0.000000
3.009041
-2.034444
2.242402
-2.803269
-2.131156
-0.697391
-1.033512
-1.570796
0.997356
2.636731
-1.589662
-2.601173
-1.007480
-1.014197
1.633215
1.107149
-1.302886
-1.856848
-1.402590
1.747505
2.179486
3.072736
-0.299776
1.115345
1.924794
-1.190290
-0.977047
-0.244979
0.361204
2.493781
-0.977446
2.988943
-2.444571
2.613518
0.240846
-2.133294
0.612152
-1.610775
-3.089010
1.697388
0.529590
1.639653
-1.161359
3.123076
2.101570
-1.959115
-2.452668
1.460139
1.203622
0.924038
2.547843
1.946757
-0.173671
3.110353
-2.494545
2.926777
2.481964
-2.826378
2.368540
2.158799
0.830144
1.369842
-2.809533
1.772113
-1.152572
-1.223735
-1.764418
-1.774814
-2.429235
0.229232
-2.077895
-2.757775
1.963136
-0.084902
-2.306236
2.185459
-2.963500
-0.056543
-2.768605
-1.402590
1.435269
2.344147
0.564084
-1.570796
1.504228
1.866237
-3.124051
3.012682
-0.722191
-0.797446
-2.830594
2.982937
1.017955
0.594759
1.797595
2.878598
-2.331200
0.569313
-1.471128
-2.730136
0.211093
2.819842
1.793457
0.170735
2.051684
-0.687124
-2.169972
-0.152649
-2.624561
3.091634
0.209640
-2.017639
0.034469
-1.030377
1.710236
-0.133811
-0.813169
-3.081664
-0.566729
1.022247
0.309703
-0.962994
2.176341
-0.244979
0.388319
2.431054
0.977047
0.596660
1.354246
1.174355
1.958320
-1.739003
0.640356
2.304957
-0.193959
2.226492
-2.463884
3.081664
2.383215
1.259798
-2.127698
1.553557
0.747442
-0.455774
-0.032247
-0.606605
-2.385598
0.914095
1.958320
0.850242
-1.508378
-2.108081
-0.488852
-1.152572
-0.813169
2.736701
-2.274027
-2.501823
-1.993650
2.440333
2.973697
