-1.195526
1.695151
1.022247
1.361773
2.070143
-0.105984
1.902856
-0.103082
-3.041924
-2.736701
0.149812
0.735440
-2.731465
0.771700
-2.325901
2.896614
-0.348771
0.000000
2.372586
2.079867
-0.765793
2.668237
-2.055274
-0.380506
2.952394
2.111216
-1.136843
0.000000
0.189199
1.078311
-1.336074
-2.089942
-1.269177
-1.155304
1.955954
-2.242402
0.836202
1.306833
1.147942
1.721168
-2.003204
-1.223735
0.228497
-2.491722
-2.417343
0.671606
2.866683
-1.805519
-1.325818
-0.062419
-0.801270
2.521343
0.643501
1.864385
2.097424
-0.212432
1.878849
1.627340
-3.103150
1.980924
0.204018
2.714965
2.372586
-2.930499
1.373401
-2.077895
2.148698
-0.878875
3.141593
0.694738
2.511191
-2.742077
-0.083141
-2.844528
-0.352044
-0.345556
-0.743756
0.566729
-1.796073
1.147942
-1.289564
1.369034
1.385448
0.828849
0.132552
1.645656
1.633215
-1.012197
0.052583
-0.475011
1.434394
2.140837
-0.982794
0.127510
-2.115660
-2.875341
-1.828120
-1.035841
1.530818
0.580756
-1.476735
3.082837
1.255181
2.755710
2.576443
-1.190290
1.033886
-0.575425
-1.892547
0.826471
0.763180
2.437099
2.312744
-0.073041
2.506566
2.788602
1.653938
1.475845
-2.440738
-1.623379
-0.691921
-1.256564
-3.076467
2.714965
-2.174546
-0.263964
-2.533791
-2.940638
2.761086
-1.241747
-0.493941
1.529154
2.369892
-0.812419
2.044152
-1.637364
2.473303
-1.978428
0.132552
-1.748392
2.855541
2.944197
0.168597
0.124355
2.617673
-0.975386
2.634494
-1.810967
1.935998
0.141897
-0.528074
-0.581905
1.055247
2.462179
1.911178
-0.800782
1.994991
-0.156602
2.214297
-2.659079
2.421039
-2.338015
-0.610726
2.073640
0.223477
-1.544487
2.521343
2.087027
0.358771
-0.225277
-1.629552
0.566729
0.665969
2.297439
-2.142134
0.603749
-1.194306
-1.026516
-2.174546
-3.033322
2.087491
-0.397079
-0.943488
0.703614
1.672485
0.078271
3.103150
1.138389
1.527345
-0.103792
1.051650
3.010765
0.334737
-1.496857
-0.999459
-2.918116
2.689439
-0.310998
-2.287338
1.397551
-2.687749
-0.990040
-1.674589
2.562518
-1.803353
-1.199905
2.927532
-1.793457
-2.441700
1.116077
0.613207
-2.425849
-0.224711
1.171281
-1.270625
2.627141
-0.839400
-1.939492
-0.343024
-0.862170
-1.796073
0.977047
-2.654693
0.521834
0.426627
2.782822
1.831399
-2.007423
-1.373401
2.158799
-1.120135
2.183334
-1.570796
-1.208252
-2.488746
-1.849096
2.886410
-2.125104
2.245537
-3.050933
2.896614
2.295662
-1.866237
-1.107149
0.588003
1.296629
-1.801887
0.179853
-0.218669
2.570255
2.929161
-2.761086
1.612439
1.356736
-0.643501
-0.284730
2.944197
2.806856
1.490966
1.381597
-2.228685
-1.708802
-1.261093
-0.061148
-2.736701
-1.042722
1.781890
1.492012
-0.234723
2.902983
1.570796
1.118642
0.837981
-1.522054
-0.030294
-1.776192
-2.235571
3.060689
3.117207
1.306308
-0.321751
1.657535
-2.972996
-2.340323
-3.028865
0.044415
-1.161888
3.079174
0.718830
1.222025
-1.255582
2.846152
1.526381
1.677532
-2.377468
1.741532
2.553590
-1.394857
1.016489
0.238609
-1.183273
-0.287281
-1.793457
-2.129396
-2.034444
0.365201
-0.560687
2.910502
2.424581
2.242402
2.536048
-2.134113
-0.084902
-1.876675
-0.805003
0.197396
-1.358364
1.457004
-2.512796
0.420197
0.197396
2.718739
-2.677945
-1.451367
2.153149
-3.121595
2.792822
2.749893
-0.713061
-0.463648
3.014083
-3.102397
-1.339706
-2.939830
-2.627141
1.034985
0.972377
2.922924
-0.622671
1.735945
0.886502
1.532354
3.112189
2.356194
2.265535
-1.627877
-1.620755
-1.412141
-0.620249
-3.084512
-0.655696
-2.475623
-2.787595
2.926235
-2.529055
-2.901422
2.441700
0.144812
-0.192048
-2.687749
-1.900421
-2.129396
1.224257
0.880996
-0.174672
-1.546991
0.044415
2.647651
-0.275426
3.041924
-2.466852
1.044169
-0.932477
2.369892
-2.178598
-0.348771
-1.990993
-0.251690
-0.903490
2.289626
1.352127
2.187988
-0.412410
-0.684295
1.728565
-1.649580
-1.241172
2.729182
-2.838708
2.441700
2.196281
3.025833
-2.721396
-1.752445
-1.330262
1.394857
0.909753
3.026716
-2.825977
0.634023
0.463648
2.478390
-0.803578
-2.976444
0.551655
-0.624635
2.570255
3.050933
2.906870
2.092631
-1.465919
-0.361204
-1.940702
-2.615526
-0.566729
-0.173246
-0.821097
-1.107149
-1.069783
-2.807648
-1.975688
-2.997151
-3.053585
-3.005190
-0.401229
0.918927
2.753274
-2.734337
-2.281706
-2.845047
0.225277
-2.959944
-1.283515
1.835285
2.384758
2.716760
0.141897
1.831399
-2.393215
-2.584993
-2.231839
-1.428899
-2.024135
-0.605545
1.858852
-2.800614
2.222665
0.706199
2.568627
-0.728317
-3.058451
-1.162647
0.492486
2.629203
2.506566
1.644735
-0.396441
1.841743
0.454302
1.507053
0.544280
1.485291
1.190290
2.593043
0.821097
2.969402
-1.532354
-2.011976
-1.225241
1.946757
1.157107
0.133811
-2.086345
0.801270
-1.547545
-2.185459
-1.405648
3.075024
-1.745469
1.088283
0.244979
1.845706
-2.999696
-2.514850
-1.287002
-1.205049
-1.912412
-0.588003
1.325818
-1.142532
-1.088283
0.022219
0.066568
1.843805
-2.319174
2.963500
0.617756
0.133811
-2.771687
-2.723368
-1.132460
0.533708
0.532844
1.929567
0.482513
-0.639386
3.052937
1.425486
2.657115
-2.181522
2.385598
0.284730
1.402199
-0.799890
1.929567
2.807648
1.732634
-3.013269
2.048142
-2.944197
0.938047
0.868539
0.197396
0.507099
1.508378
2.553590
1.446441
-2.754069
-2.003204
-1.963854
-0.854255
1.249046
-0.974597
3.141593
3.118341
-0.511231
3.043866
1.570796
-0.927295
-1.866237
2.826378
2.193467
-2.612003
-3.041924
2.356194
2.529055
-1.078311
1.700499
1.176005
-0.257324
-1.764418
0.509071
1.901094
-2.580906
-2.094716
-1.460139
1.196463
-2.258468
1.932000
-0.054002
-0.463648
-2.704965
-3.122727
0.610726
2.242402
2.034444
-0.551655
-0.726642
1.231504
-0.627308
2.916316
1.216799
-2.852089
1.008875
0.234723
2.020556
-2.819842
2.909036
0.770015
2.469986
1.963136
-0.526066
1.513716
1.405648
-2.754717
2.273053
2.257921
-0.473356
-3.014620
2.547843
-1.146602
1.550391
0.000000
-2.311448
-0.239743
-0.435353
1.292497
-3.113822
-2.518922
2.944197
1.670465
2.482283
-2.198105
0.049958
-1.097890
1.997424
-1.116077
1.012197
3.081061
0.345556
-1.522054
-0.939106
2.712815
-0.617756
0.837981
-0.659310
0.380506
0.906022
-0.748378
-0.432408
3.094010
-1.647568
-0.308053
-1.107149
3.096169
-2.441700
-1.911178
2.770701
-1.298650
-1.744042
2.833540
-1.095786
-0.511231
-1.808632
-1.345520
-2.640579
0.244979
-0.361204
2.233526
-1.799293
-1.438245
1.886011
-0.202322
0.474400
2.446854
-2.488746
-0.463648
2.615526
1.940130
0.193211
-1.674589
2.677945
2.016097
1.633215
2.356194
-1.718646
-2.137526
-2.546183
-0.743170
-2.435394
2.988943
1.330625
0.533708
2.855541
2.276365
2.469986
1.963136
-0.372988
0.000000
-0.124355
-1.079633
-2.124091
-1.768192
-2.457298
-0.750929
1.570796
0.891383
1.060308
0.576375
-0.891383
0.444419
2.252095
-2.870646
-0.819867
0.671606
-1.655698
-0.428264
-0.915101
1.980924
-1.840645
