0.204343
0.330117
-0.135148
-2.666543
2.016910
-0.110130
0.387743
0.232835
-0.956066
0.209676
0.518942
-0.767590
0.498147
-1.483278
-0.784164
-0.411703
-0.897706
-0.159921
1.146450
-0.714419
0.391044
0.521660
0.860501
1.045121
-0.156665
-1.041382
-1.203601
-0.784296
0.293150
0.526670
-0.865806
-0.830933
0.385219
1.405741
0.116051
-2.795500
1.170693
-0.182727
0.200297
0.186410
1.779676
0.275761
0.350051
0.062704
-0.828405
0.370449
-0.825300
-0.672571
-0.085384
-0.007339
0.140127
1.052485
-1.515084
-0.715058
0.614592
-0.030842
0.984725
0.249729
2.005828
-0.841886
0.150146
1.534015
0.673784
0.171924
0.417744
0.154822
0.258165
-0.808808
4.450138
0.392218
-0.539063
0.597602
-0.357291
1.368785
1.482007
0.339336
0.793584
0.614021
0.587790
0.216619
0.016019
0.043517
-0.667415
0.090184
0.142745
-0.956050
0.356892
-0.928893
0.774817
2.251704
-1.020513
2.118875
0.630660
-0.053659
-1.388281
-0.844238
2.188004
0.053262
-0.146520
0.109187
-2.360645
-0.190340
0.339586
0.160027
0.190765
0.017936
0.769963
-1.289130
0.361827
1.105231
-1.854054
0.951734
1.937127
-0.160451
0.430309
1.846647
0.686744
0.488996
2.195003
0.122704
0.236455
0.156420
-0.852697
0.433244
-0.660484
0.606652
0.391704
0.428062
0.159592
-1.906601
0.115022
-0.068789
0.681238
0.666036
1.199054
0.871348
-1.872651
-0.046291
0.281463
0.352327
0.745068
0.006750
0.567740
0.502198
0.715474
2.171510
0.297559
0.428260
1.580211
0.509494
0.622048
0.146197
0.445936
-1.057166
0.670763
0.206123
0.282290
0.336149
-0.065149
-0.866337
0.371706
0.330008
2.103744
0.372830
0.547158
0.674804
-0.873282
0.287249
-0.855881
0.331799
-0.000856
-0.582986
0.905793
0.213904
0.139613
-0.147439
0.902435
0.440721
0.424627
-0.128205
-0.768119
-0.048784
-0.206661
-0.928483
0.430005
0.146283
-0.831829
-1.268337
1.133993
-0.808053
0.153784
-1.064960
-0.743522
0.394265
0.355391
2.060178
0.071037
1.591489
-0.073928
0.135569
0.414596
-0.146714
-0.361591
-0.171853
0.881390
1.013835
0.346704
-3.166171
0.326305
0.465354
-0.215229
-0.991561
0.665511
0.352875
-0.908142
-3.355077
-2.005274
0.431619
0.142904
0.687171
1.567081
0.055774
-1.447203
0.142691
2.177021
-1.612594
0.182774
0.300764
0.208548
2.193470
-0.773800
0.963480
-0.828372
0.791237
-0.790477
0.205155
-0.148788
0.271754
1.087471
0.072948
0.302005
-0.697375
-0.070888
0.254000
-0.841200
0.163903
0.349520
1.097637
-1.115061
0.410064
0.168251
-0.108396
-0.079419
1.501905
2.178091
0.259788
0.247908
-0.032860
-1.711920
0.365535
0.218177
0.548639
-0.661686
0.822068
0.489553
0.193874
0.468727
-2.426035
-1.442199
0.447869
0.443422
0.160917
0.155986
0.192914
-0.000405
1.681743
-0.251993
0.301189
0.515487
0.058471
0.698817
-1.082780
-0.275660
1.434668
-0.137982
-0.705496
-0.790970
0.356294
0.064401
0.254265
-0.779059
-0.242304
0.913397
0.393324
0.345475
0.397526
-0.670635
-0.982270
0.322575
0.045262
1.936770
1.200081
0.271605
0.501943
0.304406
-0.746657
0.201715
1.085424
-1.593421
0.227988
-0.002083
-0.089764
-0.979144
-0.832639
2.032557
0.856538
0.533826
0.560147
0.264618
0.450896
0.451314
-0.977836
0.830905
0.203749
1.243257
1.198319
0.405721
0.533686
-0.124013
-0.482134
0.084126
0.176839
-0.988384
0.455787
-0.997855
-0.192766
-0.041512
0.487528
-0.171798
2.168547
0.330355
-0.951190
-0.825144
-1.391460
0.257815
0.357545
-0.026867
0.702169
0.698763
0.144469
0.327344
0.254548
-0.664336
0.452608
0.220350
-0.191365
0.174154
1.202524
-0.685161
0.186552
-0.635289
-0.371296
-2.144450
-0.489301
-0.013277
0.272433
0.373745
0.528529
-0.234451
-0.307467
0.260595
0.095440
0.158814
0.311067
-0.202827
-0.682147
-0.713353
2.953607
0.721680
0.403590
-2.458061
-0.995097
-0.200609
0.212551
0.336348
0.503486
-0.994313
-0.296729
-0.149352
1.561716
1.244663
-1.772753
0.837963
0.108776
0.243877
-0.338414
0.521679
0.343959
-0.732527
-0.493859
0.171248
-0.100552
0.928620
0.253537
0.182031
0.248881
0.429925
-1.533265
1.282587
-0.235705
0.219901
0.293230
-0.901519
0.229438
0.568272
0.066334
-0.121072
0.441585
-0.153718
-0.989218
0.191900
-0.692043
-0.755314
0.046732
-0.651800
-0.470801
-0.031315
0.086186
-2.152575
0.091469
2.124328
0.992467
0.227269
0.276448
1.404546
0.393863
-0.781139
0.115218
-1.024151
0.979419
0.299388
1.855810
-0.097073
1.322692
-1.554321
0.402163
0.411781
0.759022
0.205153
0.027798
0.773559
0.395282
-0.088085
0.430355
-0.984051
0.191525
1.653578
0.011823
0.147375
-0.190091
-0.900709
0.773114
0.187673
1.116155
0.589245
-0.137031
-0.043295
-0.963972
0.295501
0.364185
-0.775813
0.219465
-2.009571
0.411340
-0.930130
-1.428379
1.376548
0.090341
0.340740
0.162806
-0.886667
-0.190190
0.005794
0.029833
0.357541
-0.227805
0.327161
-1.585505
0.335974
0.415840
-0.573329
-0.456486
-0.390773
2.179281
0.029681
1.871240
0.249712
2.095565
0.439646
-0.817496
2.070930
-0.188251
0.272127
-0.141902
-3.088608
-0.154419
0.135585
0.805455
1.881704
-0.993026
0.860582
-1.015516
-0.864195
1.376347
0.428943
0.198415
0.594668
0.643898
0.395539
0.964176
-0.271630
1.593569
0.953763
0.314948
-2.914674
0.540520
0.216911
-0.949487
-0.815734
0.512348
0.825867
0.471276
-0.230161
-0.122945
-1.035485
0.004916
-1.960303
-0.017947
-0.762442
1.628522
0.269725
0.979631
0.117201
0.345924
0.064759
0.166754
2.082437
-0.064041
-0.246414
-0.690156
0.555484
0.868466
0.254901
1.139276
0.255832
0.457470
1.062133
-0.160539
-0.824972
0.382330
0.331170
-0.026471
-1.044274
1.058348
0.299819
-0.578892
0.106273
0.145245
0.275289
0.008563
-1.242742
0.208325
-0.475778
-0.979322
-2.280632
0.298065
0.352692
0.604280
-1.540909
0.038791
-1.697841
-0.478062
-0.247306
-1.071966
-1.479533
0.740403
0.068902
-0.814474
-0.686264
-1.764861
1.057400
0.265682
0.105138
0.167724
-0.004551
3.661949
0.252139
-0.160682
0.103871
-0.499223
0.169837
-0.639704
0.478774
1.101962
0.027896
0.492464
-0.849158
-2.052833
0.549955
0.474351
-0.320603
0.237729
0.978006
-0.846498
0.216049
0.179641
-0.768135
0.975567
0.637722
0.401585
0.099823
2.463645
0.338163
0.280166
0.506426
-0.965260
0.176043
0.378682
0.251077
0.794315
0.388193
0.981315
0.144921
0.385535
-0.083539
1.881083
0.644933
-0.167129
0.364942
-0.991418
0.789950
0.092256
0.143031
0.108297
0.264037
-0.057967
0.265368
0.365290
1.618488
0.268863
0.419894
-2.339475
-0.061892
0.104342
0.670139
-0.124340
0.324044
0.078309
1.903651
-1.382876
-0.370956
0.402362
0.789990
-0.848608
-1.756202
-0.127020
0.108858
0.290285
-0.872779
0.151875
-0.970838
-1.000267
0.291391
-0.788440
0.367776
-1.603970
-0.739325
-0.914304
0.499803
0.645112
-0.030591
-0.172172
0.111803
-1.721800
0.564418
0.539359
0.238006
0.007313
-0.119549
0.204852
