0.317678
-0.548860
0.574448
1.795964
0.283237
0.280076
-0.233082
0.655317
-1.352297
-0.138113
0.136681
0.739052
-0.207978
-0.876764
-0.075900
0.801714
0.731752
0.170811
0.490948
0.232382
-0.572990
0.334229
0.061853
0.264082
0.443996
0.304278
0.029838
0.187607
0.282107
-0.687130
1.321791
0.127441
0.207987
-0.618257
0.454023
-0.055725
0.581933
0.586848
-0.702463
-0.370663
0.488894
0.018424
0.239082
-1.504061
-1.614916
-0.958972
0.592413
0.928661
0.333323
0.164547
0.134326
0.268209
0.711088
0.234832
0.324020
0.149416
-0.686169
0.286762
2.119277
0.328083
0.753644
0.669648
0.401369
-2.661036
-0.534315
0.265410
0.236510
0.089824
2.219922
0.364765
0.388477
-0.107304
-0.875457
-1.144168
-0.993152
0.204629
0.578637
0.453815
-0.082407
0.293654
0.046281
-0.723321
-0.706869
1.013803
0.634234
0.604604
1.713686
0.462775
0.675307
-0.795946
0.232261
0.349899
-0.034847
0.307201
0.236490
-1.259590
0.109120
-0.655794
-0.803527
0.561976
1.013617
2.315359
0.228135
0.674156
0.353859
0.022571
-0.805629
0.225644
-0.023028
-0.792296
0.947879
0.472947
0.644757
0.399876
0.401455
0.583636
1.004125
0.663777
-1.707874
0.262327
0.162888
0.242568
0.428158
0.375505
0.342125
0.544838
-1.474014
2.057861
1.062086
0.213511
0.194738
0.324699
0.380816
0.063067
0.318785
0.065824
0.378061
-0.024047
0.250932
0.112215
0.671998
0.529728
1.318724
0.643465
0.440324
0.642976
0.269697
0.986577
-0.473403
0.257825
-1.011793
0.189935
-0.466435
0.820684
0.416403
0.194036
1.946008
0.519671
0.767635
-0.143617
0.342878
0.216075
0.126479
-0.733839
-0.892779
0.209721
0.717463
0.509326
0.628804
0.182000
0.049021
0.586058
0.611851
0.504411
-0.058666
0.569396
0.133210
0.044680
0.159435
-0.110551
0.341154
0.479056
0.177398
0.290265
-0.778698
0.255372
2.119055
-0.777248
0.208989
0.216878
0.627348
0.771015
-0.853389
-0.689515
0.360278
-0.163311
0.643458
0.482280
-0.006374
0.420353
-0.112214
0.340185
1.055175
0.745175
0.370646
0.361881
0.441153
-1.084669
-0.150389
0.201102
0.699031
-1.612839
0.577345
-0.674400
-0.808697
0.412147
0.131992
1.119509
0.181537
0.495596
-0.003967
-0.715686
-1.594581
-0.856505
-0.913469
0.674366
0.418628
-0.146238
0.080463
0.461604
-0.664459
0.367025
0.121781
0.535286
-0.024733
-0.571340
0.339655
-0.098207
0.292076
-1.485539
0.820544
0.358014
1.074527
-0.451106
0.738459
0.653306
0.241094
0.399175
0.212045
0.365160
2.182439
-1.712534
-0.773342
0.225408
0.296397
0.456915
2.293270
0.416411
0.298284
0.416804
-0.132534
-0.743800
0.601030
0.172581
-1.112886
-0.638046
0.797770
0.533398
0.282328
0.675796
-0.727131
0.487038
-0.869021
-0.740765
0.709204
0.006371
-0.048083
0.660096
-0.473563
-0.674524
0.479860
0.287613
2.100123
0.022748
-1.262671
0.290250
0.503296
0.787763
0.719730
-0.769364
0.038524
0.469468
0.253786
-0.315720
-1.501315
1.840048
0.886973
1.042496
-0.758909
0.260927
0.116612
0.117912
-0.016408
-0.022939
-1.376538
0.297169
-1.064469
2.219812
0.320241
0.386130
0.473082
-0.005230
0.323434
0.294560
0.516411
0.705164
0.007186
1.692503
-1.758202
-0.926806
0.538934
0.513699
-1.109580
0.090537
0.271329
2.155017
0.557993
0.398168
0.045681
-0.776756
0.650681
-0.193257
-0.760403
-0.269669
-1.183432
0.633446
-0.817564
-2.283507
0.151251
0.301012
-0.816335
0.129295
-1.561558
0.351806
0.859481
-0.795759
0.252358
-1.031132
0.573332
-1.586295
0.189428
-1.738995
-1.241344
0.943918
-0.198872
-1.172455
0.439050
0.338518
0.672774
-0.229036
0.250258
0.378785
0.570777
-0.766344
-0.273810
1.306605
0.269803
0.840247
0.146004
0.437946
0.086655
0.211701
0.426446
0.386717
-0.108457
0.559137
-0.032770
0.473990
0.254526
0.482350
-0.793266
0.523180
0.343745
0.153430
0.351655
0.113992
-0.736144
2.038189
-1.524437
0.469980
0.565312
0.591316
-0.151014
-0.001377
0.075034
-0.669956
-0.727034
-0.204697
-0.265381
-0.761013
0.379387
0.697528
0.462957
-1.216332
0.426140
0.111229
0.816256
-0.094597
0.370001
0.340815
-0.897224
-0.894883
0.973989
-1.519609
0.202146
0.442725
0.263910
-0.567592
0.133808
-0.200119
1.029316
2.172066
-1.644309
-1.177759
0.491848
-0.872690
0.569522
-0.137566
-0.054586
0.667490
0.290474
-1.208512
0.120492
0.320865
0.338236
0.390681
0.288561
0.214701
0.317471
-0.252364
-1.282579
1.342112
0.044305
0.162417
0.778917
-2.535040
0.357813
0.346858
0.622633
0.083373
-0.129199
-0.845421
0.285768
0.658716
0.352135
-0.213819
0.183622
1.744762
-0.927834
0.243544
0.496508
0.369258
0.285481
0.637522
0.613467
0.437042
0.085694
0.231623
0.187884
0.732617
0.153909
0.239285
0.170977
-0.799205
1.230426
0.100687
0.032900
0.657231
0.256096
-0.714633
0.643499
-0.544378
-1.694713
0.075118
0.004625
0.094412
0.126028
0.179975
-0.184950
0.065663
0.112562
0.188724
0.297872
0.287365
0.167374
2.253518
-0.867013
0.214866
-1.145638
-1.554505
0.377557
0.298387
0.299434
0.806430
0.349815
0.152191
2.279404
0.351485
0.699929
0.603768
0.366871
0.220674
0.198100
0.331050
0.241546
0.389244
0.478517
1.255048
0.673769
-1.784854
0.761756
-0.609513
0.338245
0.741187
0.186972
0.374633
-0.256582
-0.207803
0.199694
0.002463
0.478981
0.752950
0.450583
0.486939
-0.531104
0.206465
0.455932
-0.790186
0.576825
-0.036224
0.393179
0.347236
-0.227500
-0.405051
1.964356
0.408092
0.067294
0.295335
-0.520272
0.585565
1.160814
-0.873921
-0.551300
-0.165978
1.061682
1.143493
0.838999
-1.586049
0.283167
0.632783
0.688379
-0.186503
-0.227025
-0.810976
0.355326
0.760738
0.165101
0.161013
0.488709
0.246184
0.521003
-0.671725
-1.209790
-0.371025
0.421806
0.971008
-1.103881
0.484545
-0.803752
0.314129
0.746055
0.486968
-0.421039
1.661019
-1.347643
0.391514
0.426343
-0.997813
-1.202521
0.339897
-0.659987
0.192876
0.778290
-0.211674
-0.872597
0.153024
-0.487274
2.234853
0.003753
0.809613
0.237602
0.363534
1.089282
0.450053
0.096835
0.642519
0.153791
0.628776
-1.585870
0.711617
0.326052
0.068174
0.701095
0.070575
0.797281
0.054089
0.331989
-0.756865
0.559890
0.789084
0.591452
-0.598529
-0.945979
0.092004
-0.524094
-1.406478
-0.021268
0.702407
-0.956721
0.114654
0.441982
0.452856
-1.033507
0.224931
-0.100587
-0.135946
0.698997
-0.965940
0.342231
0.013070
0.109093
-0.604482
-0.721588
0.686546
0.520485
-0.053099
-0.755161
0.598099
0.721576
0.269312
1.115520
0.705417
0.298845
-0.294995
0.354317
1.099717
-0.079241
-1.564647
0.198010
-0.020820
1.218223
0.163151
0.840922
0.807826
1.909226
0.383052
1.890556
-0.539937
0.536849
0.627987
0.035469
0.129379
-0.047340
-0.124522
0.391213
0.279302
0.582500
0.742683
1.017504
0.541889
0.309855
0.340281
-1.811015
0.304697
-0.802995
1.066302
-0.960332
0.178011
0.337891
1.099589
