-0.187791
-2.616989
-0.200047
-0.118381
0.013679
-0.383536
-0.187371
-0.130795
-0.239547
2.021864
-0.016216
-0.223004
-2.538679
0.679822
-0.409666
-2.387305
-0.073553
-0.110972
-0.180066
-0.355799
-0.110860
-2.395349
-0.099552
-0.203385
-0.376588
-0.372247
-0.057636
-0.215786
-1.577208
-0.065719
-0.197772
-0.069554
-2.345664
-0.200428
-0.173130
-0.207324
-0.203675
-0.151783
-0.042653
-2.723958
-0.168414
-0.034660
-0.248711
-0.310567
-0.314281
-1.607299
-0.088677
-2.465535
-0.430892
-0.192284
-0.036765
0.604180
-0.116649
-2.470379
-0.206134
-2.429416
-0.180822
0.604486
2.018364
-2.330543
-0.018559
-0.067551
-0.147501
-0.241853
-0.445787
-0.408232
-0.284673
-1.594665
-0.185390
-0.398775
-0.072910
-0.360524
0.504197
-0.148530
-0.173917
-2.467884
-0.150045
-2.416222
-0.177819
-0.222591
1.910619
-0.015537
-0.135577
-0.219974
-0.128094
-0.121524
-2.359493
-0.071519
-0.438956
-1.544930
-0.414893
-2.404719
-0.110324
2.058749
-0.323034
-0.430585
-0.162802
-0.159603
-0.397117
-2.271706
-0.334532
-0.136624
-2.607783
-0.398665
-1.596030
-0.189981
-0.193849
-2.775975
-2.445306
-2.433828
-0.453539
-2.266198
-0.091229
-0.135192
-0.014955
-0.220122
-0.102003
-0.031231
-2.382415
-0.183331
-0.224181
-2.455927
2.024019
-0.063173
-0.167625
0.608161
-0.373747
-0.048013
-0.392134
0.000876
-2.506293
-1.559611
-0.005033
1.957917
-2.452423
-0.139678
-2.488024
-0.112528
-0.137520
-0.043248
-0.112526
-0.173759
-2.420992
-2.380050
-0.279242
-0.606411
-0.200070
0.028444
-0.042981
-2.457660
-0.042251
-2.439912
-0.237288
-2.407498
-0.253612
-0.163609
-0.407036
-2.330226
-0.126268
-2.407456
-0.196166
-2.341984
-0.166339
-0.298268
-0.080676
-0.350978
-0.360657
-2.374202
-2.459880
-0.062983
-0.139483
-0.161745
-0.358286
-0.429209
-0.124225
-0.310037
-0.156021
0.598589
-0.183547
2.040971
-0.052238
-2.497029
-0.130587
-0.041601
-0.089645
-0.409609
-0.083987
-0.397664
-0.222390
-0.298015
-2.499732
-0.420665
-0.416562
-0.236809
-0.027009
-0.074028
-0.100724
-0.245698
-0.313424
-1.560212
-2.451509
-0.119315
-2.469372
-2.358241
-0.147871
-0.163560
-0.216096
0.013837
-0.163583
-2.383033
-0.173159
-0.251266
-0.410707
-0.064103
-0.396771
-0.330202
-0.061957
-0.175928
-0.351106
-0.359990
-0.041893
-2.360230
0.008546
-0.075455
-0.441895
-0.255880
-0.426705
-0.220251
-2.270017
2.011022
-0.290940
-0.147226
-0.051670
-0.330061
-0.060349
-0.115226
-2.444561
-0.245268
-0.040279
-0.458328
-0.088069
-0.331819
-0.437648
-0.274771
-2.423127
-0.018833
-0.189262
-0.337350
-2.670120
-2.468317
-0.198120
-0.030634
-0.193738
-0.408625
-2.378446
-2.545192
-1.572947
0.003284
-0.445588
-0.165392
-2.448317
-0.197400
2.183228
-0.041799
-0.082728
-0.116243
-0.009477
0.649538
-0.181673
-0.168269
-0.065040
-0.370323
-0.281736
-2.461614
-0.021768
-0.106548
0.157890
-0.174553
-0.052362
-0.151460
-2.287553
-0.098408
-0.072116
-0.055782
-0.157157
-2.390222
-0.047248
-0.085275
-0.031727
-0.166631
-0.281102
-0.028603
-0.584456
-0.058984
-0.146258
-2.412983
-0.398296
-2.374130
-0.071469
-0.378467
-0.240641
-0.164208
-0.040157
0.025789
-0.357291
2.079407
-0.209658
-0.027030
-2.441534
-2.341334
-0.131600
2.054268
-0.051607
-0.455953
-0.319338
-2.298416
-0.303005
-2.420050
-0.127847
-2.337871
-0.233291
-2.400797
2.217835
2.037271
-0.291822
-0.222680
-2.451273
-0.159720
0.001944
-0.362324
-2.437755
-0.205794
-0.092522
-2.368001
-0.387787
-0.257695
-0.232910
-0.345914
-0.366656
-0.314405
1.992199
-0.229916
-0.091523
2.109163
-0.391016
2.056953
2.060854
-0.372788
-2.426001
-0.187926
-0.069917
-0.114288
-0.116462
-0.120681
-0.083333
-0.361696
-0.062774
-0.393857
-0.036594
-0.194376
-0.192263
-0.473172
-0.185293
-0.225459
-0.265822
0.010996
-0.049098
-0.141546
-0.314660
-0.090461
-0.473329
-0.273833
-2.547898
-0.197010
-0.192627
-0.345374
-2.445967
-2.467545
-0.411158
-2.338966
-0.368404
-2.441567
0.014301
-0.185941
-0.169843
-2.594539
-0.071331
-0.386755
-0.062124
0.002234
-0.233985
-0.394201
-0.373199
-0.208278
-0.095241
-0.135888
-0.061582
-2.484502
-2.414961
-0.088262
0.069980
-0.144241
2.028097
-0.220588
-0.215072
-0.094859
0.616986
-0.287141
-0.147585
-0.460497
2.062969
-2.381840
-2.276829
0.010753
-0.221207
0.023195
2.114387
0.559106
-0.150137
1.953183
-0.167444
-0.170059
-0.113784
-0.369283
-0.143452
-2.404405
-0.032234
-0.346413
-0.209650
-2.428534
-0.084089
-0.242874
-0.242349
1.959214
-0.040463
-0.415056
-0.117455
-0.150302
-0.130566
2.058778
-0.173727
-0.171538
-2.328188
-0.381458
-2.364127
-0.138334
-0.163907
-2.435310
-2.315799
-0.432665
-0.107755
-0.074319
-0.114911
-0.111649
-0.308502
-0.029374
-0.085178
-0.434113
-0.435173
1.918945
-2.359310
1.970903
2.133083
0.047815
-2.605018
-0.158446
1.977051
2.023691
-0.171171
-0.179380
-2.376918
-0.495644
-0.098771
-0.056581
-0.474344
-0.175520
-0.040784
-0.211344
-2.397638
-2.376518
-0.125224
-0.359260
-0.076919
-0.221225
2.051172
2.043970
-0.513215
-2.441349
-0.209882
-0.354118
0.643227
-0.225401
-0.051845
-2.381036
-0.255441
-0.101868
0.566365
-0.277124
-0.357917
-2.413254
-0.145929
-0.177213
1.900381
-0.364629
-0.317700
-0.185634
-0.158931
-0.140255
-0.204053
-0.165406
-2.413572
-0.261775
-0.145635
-2.336544
-0.262788
-0.042012
1.984716
-0.325077
-0.323338
-0.384858
-0.096327
-0.100164
-0.070746
-0.501811
-0.102680
0.038866
1.998552
-0.316408
2.079099
-0.369806
-0.359821
-2.404448
-0.193818
2.012913
-0.098243
-0.145766
-2.304570
0.093502
-0.143286
-2.354505
0.001438
-0.184127
-0.475963
-0.037760
-0.031015
-0.115756
-0.409217
-2.532677
-0.109630
-0.287257
-0.054568
-2.606072
-0.170953
-0.089490
-0.145554
-2.374880
-0.114558
-0.183817
-0.340557
-0.336763
-0.098184
-0.430609
-0.038463
-2.394392
-0.364122
-0.402438
-0.392154
-0.060101
-0.201566
-0.019657
-1.030080
-0.005086
-0.049265
-2.567430
-0.180749
-0.339518
-0.208562
-0.456552
-0.404992
-2.397671
-2.395026
-0.163678
-0.174126
-2.602852
-0.408520
0.031430
-1.594421
0.572283
-2.476531
-0.362119
-0.190670
-0.176179
-0.005827
-0.356409
-0.144182
-2.379519
-0.017246
-0.051274
-0.400899
2.019679
-2.570538
1.996453
2.060780
-0.440412
-2.356027
-0.328846
-0.461080
-0.111605
-0.360820
2.121335
-0.340458
-0.385048
-2.447500
-2.461876
-2.506788
-0.360154
-0.380721
-0.244064
-2.406110
-0.245080
-0.135201
-2.450162
-0.107178
-0.042510
-0.129512
-0.167560
-0.208570
-0.373730
-2.357266
-2.474722
-0.094111
-0.442483
0.574474
0.639488
0.641672
-0.119241
-0.159592
-2.376704
-0.366258
2.076996
-2.563521
-0.397141
-0.202770
-2.467709
2.108044
-0.264935
-0.163611
-2.419437
-0.186607
-0.467910
-0.309810
-0.221286
-0.075805
-0.113025
-0.209096
-2.539034
-0.096864
-0.202480
-0.121344
-0.126238
-0.263384
-0.196258
1.943059
-0.075992
-2.572258
-2.495062
-0.085713
-0.067435
-0.402004
1.922142
-0.178500
-0.231279
-0.532711
-0.435294
-2.358902
-0.170262
-2.428982
0.654714
-0.298532
-0.402342
-0.124108
-2.360864
-0.216309
-0.156727
-0.141405
-0.274751
1.992857
-0.220023
0.600307
-0.124137
