-0.221144
-2.248796
-0.170594
-0.209217
-0.361136
-0.225435
2.099120
-0.130036
-2.514943
-0.366814
-0.122093
-0.205067
-0.460956
1.997349
-0.069404
0.014970
-2.434898
-0.447687
-0.164983
-2.352250
-2.279499
-0.118337
-0.237995
-0.276205
1.993153
-0.523362
-2.638063
-2.467590
-2.599597
-0.429594
-0.104899
-0.380231
-0.085473
-0.535692
-0.430772
-0.327889
-2.624280
-0.647556
-0.255051
-0.239548
-0.203952
-2.306076
-2.427283
-0.115449
-0.180691
-0.478665
-2.282995
-0.414763
-0.251498
-0.096811
-0.531106
-0.154895
2.117180
-0.159865
-0.076397
-0.233199
-2.339146
-0.153374
-0.188349
-0.382645
-2.647641
-2.422363
-0.071935
-0.318574
-0.430128
-0.455947
-2.547179
-0.191004
-0.031442
-0.332520
-0.322922
0.599664
-0.564365
-0.261421
-0.143100
-2.286336
2.091826
-0.187000
-0.141645
-0.551040
-2.556831
-0.189673
-0.162635
-0.116508
-0.060125
1.943118
-2.475866
-0.240303
-0.138839
-0.228314
-2.420007
2.074149
0.660617
-0.266913
-2.358565
-0.232536
-2.446517
-2.613468
-2.451225
-0.211532
-0.469725
-2.472434
-0.341854
-0.276954
-0.445511
1.922855
-0.085719
-2.388216
2.085693
-0.246178
-2.422444
-0.127926
-0.446521
-2.643068
-0.321503
-0.014041
-0.431687
-0.335755
-0.219970
-0.144463
-2.606381
-0.584321
-2.376481
1.959861
-2.482061
-0.161638
-0.146011
-0.270523
-0.037280
-1.494842
2.065297
-0.252424
-0.089134
-0.294674
-0.185994
-0.438358
-2.469357
-2.583614
-0.201388
-0.093913
-2.709062
-0.297638
-0.273847
-0.337426
-0.256543
-0.219604
-2.445993
-0.401537
-0.523360
-0.396880
-2.584769
-0.082917
-0.353939
0.619570
-0.225978
-2.517745
0.618327
-2.374336
2.051223
-0.230292
-0.114816
-2.528735
-2.544854
-0.325281
-2.243149
-0.519933
-0.259209
-0.008232
-2.213071
-2.451760
-0.283099
-0.209549
-2.417866
-0.322844
-0.431289
-0.335303
-0.079438
-2.582567
-0.229650
1.998772
-2.415056
-0.154312
-0.333971
-0.134000
-0.090050
-0.210632
-0.143816
-2.582488
-0.214060
-0.161459
-0.025027
-0.358037
-0.411768
-1.565117
-2.334290
-0.317954
-0.252210
-0.377864
-2.338783
-0.393994
-2.606028
-2.516034
-2.504666
-0.610716
-0.262909
0.744233
-0.211765
-2.336834
-0.300396
-2.205213
-0.068276
-0.396632
-0.156223
-2.297838
-0.380345
-0.151494
-0.240539
0.001606
-2.523130
-2.325098
-0.498503
-0.173130
-2.269496
-0.132616
-0.384040
-0.376226
-2.559425
-0.336848
2.172373
-0.123627
-0.210762
0.086448
-0.267330
0.006302
-0.141866
-2.418170
-0.460900
-2.307991
0.050959
-0.449442
-0.069664
-0.269047
-2.415288
-0.500213
-0.136176
-2.304813
0.053397
-0.369149
-0.321798
-0.062635
0.519642
-0.476306
-2.349092
-0.389736
-0.234202
-2.400838
-0.145395
-0.266127
-2.338857
-2.449785
-0.116836
-0.311801
-0.360461
-2.573439
-0.146335
-0.396693
-0.168653
-0.240996
-0.221033
-0.408104
-2.307596
-0.275955
-2.637036
-0.331198
-0.193103
-0.123462
-0.345568
-0.167334
-0.159634
2.128253
-0.143448
-0.377303
-0.151319
2.115049
-2.388800
-0.085676
-0.117337
-2.650249
-1.689376
-0.211555
-0.139321
-0.416362
-0.100959
0.007244
0.037423
-0.061855
-0.093804
-0.221008
-0.191698
-0.081462
-0.358521
2.121131
-0.150415
-0.189330
-0.182853
-0.102635
-0.277167
-1.505887
-0.390480
-0.317081
-2.393187
1.841478
-2.253995
-0.189715
-2.324516
0.011850
-0.355488
-2.255605
-2.302499
2.131303
-2.325599
-2.232416
-0.485327
-2.502822
0.518150
-2.212814
-0.327565
-0.185804
-1.560132
-0.466159
-2.158455
2.154469
-0.148474
1.966049
-0.156362
-2.471203
-2.450804
-0.466717
-0.153796
-0.452383
-0.210506
-0.205628
-0.087108
1.925262
-0.075724
2.109618
-2.557202
-0.200160
-2.394971
-2.418533
2.011196
-0.064698
-2.211738
-0.136341
-0.300123
-2.507413
-0.460641
-0.269591
-0.187197
-0.337013
-0.133836
-0.191645
-2.618535
-0.359574
-0.369384
-0.059841
-0.500617
0.675075
-2.521513
0.027182
-2.410714
-0.169143
-0.003132
-0.251809
-0.054705
-2.522230
-0.202386
-0.401238
-0.321380
0.601207
-0.086540
-0.483782
-0.223182
-0.199388
-0.235300
-2.289649
-0.571670
-0.435384
-0.450451
-2.707758
1.964700
-0.031390
-0.122025
-0.145284
-0.221374
-2.279208
-0.249914
-0.245193
-0.148308
-0.211340
-0.484376
-0.239940
2.160812
-0.016080
-2.490853
-0.234558
-0.517758
2.046749
-0.079188
-0.138195
-0.262135
-0.286369
-0.148585
0.077135
-2.465667
-0.203638
-0.207443
-0.460680
-0.113568
-2.275917
-0.106080
-0.376018
-0.014644
2.145603
-0.144493
-0.314950
-2.550460
-0.133721
-2.559938
-0.252308
-0.099435
-0.244290
0.552969
-0.152583
-0.066705
-0.108099
-0.294051
0.023008
-2.456898
-0.275770
-0.114154
-0.074712
-2.429415
-0.046527
-0.344386
-0.028457
-0.248722
-2.480031
-0.467134
-0.505406
-0.095634
-0.189388
0.728724
0.002296
-0.087422
-0.295899
-2.424372
-0.114869
-0.268197
-0.285948
-0.034535
-0.176470
-0.842627
-0.283727
-0.442081
-0.616212
-0.148942
-0.295020
-0.262426
-0.122040
-2.340646
1.989292
-0.128657
0.022477
-0.108224
-0.187788
2.082173
-0.118259
-0.415831
-0.517113
-2.372534
-0.412880
-0.412555
-0.209536
-0.384311
-0.443766
-2.417700
-0.124146
2.088279
-2.468423
-0.235736
-0.532208
-2.482735
-0.124877
-0.089800
-0.353285
-1.590069
-0.054824
-0.249781
-0.224571
-2.521065
-0.130180
-0.192851
-0.096210
0.090281
-2.590546
-0.153440
-0.217870
-2.506183
-2.514692
-0.601652
-0.068074
-2.524563
-0.010879
-0.109468
-2.385276
-0.364998
0.690914
-0.257456
-0.006845
-0.174289
-2.380288
-2.569550
-2.620645
-2.647081
-0.246321
-0.277530
-0.397603
0.015878
-0.059582
-0.217186
-0.459286
-0.196762
-2.451938
-0.253178
-0.379180
-2.491652
-0.024917
1.995877
-2.507512
-0.354916
-0.169980
-2.440096
-2.360219
-0.385050
-0.503481
-2.397654
-0.353910
-2.452522
-0.219321
-0.199356
-0.243235
-0.171243
-0.081641
-2.387374
0.635689
-0.393686
2.007217
-0.239352
-2.257504
-2.260802
0.013327
-0.269797
-0.321646
-2.327059
0.121972
-0.265473
-0.260967
-2.557838
-0.028931
-0.418533
-0.225872
-0.400159
-1.478568
-2.378010
2.003341
-2.414045
-2.527695
2.213019
-0.146272
-2.472887
-0.396322
-0.242242
-0.329237
-0.198552
-0.317042
-2.692574
-0.054297
-2.231927
-0.096284
-2.339288
-2.701281
-0.460933
2.062765
-0.154705
-2.278790
-0.368436
-2.286145
0.618714
-0.501263
-0.279295
-0.235389
-0.158386
-0.219427
-0.330037
-0.080198
-0.535286
-0.405667
-0.353842
-0.092606
0.059055
-0.003929
0.701184
-0.156686
0.022135
-0.198655
-0.268597
-0.102932
-0.058039
-2.404974
-0.046255
-2.326157
-0.146018
-0.122094
-2.362341
-0.306546
-0.364239
-2.676854
-0.355233
1.950851
-0.124332
-0.252377
-2.498080
-0.001294
-1.563842
-2.404332
-0.237389
-0.239510
-0.222800
-0.081074
-2.230880
-0.053190
-0.222706
-0.281353
-0.256643
1.954282
-0.325128
-0.189942
-0.044253
-0.188951
-2.387020
-0.111656
-2.297396
-0.072353
-2.373882
-2.400517
-0.130674
-0.218742
-0.481673
-0.103763
0.692716
-0.450950
-2.561665
2.132355
-2.497271
0.583209
-2.601048
-0.355396
-0.332464
-0.669920
-0.222445
-0.337270
-0.066553
2.112986
-0.276186
-0.276379
-0.583543
-2.298356
-2.285176
-0.279448
-0.401936
-0.236556
-2.380306
-0.114779
-0.515511
-0.212138
-0.190180
-0.122219
-0.049812
-0.092568
