0.006625
-0.082269
-2.583443
0.010655
0.272507
0.097413
-0.289785
-0.135159
-2.824643
0.080167
-2.782947
-2.890657
-2.817640
0.016876
-0.046241
0.018356
2.965889
-0.335731
0.203232
0.233051
-2.684229
-2.979120
0.207920
2.519418
-2.983638
-2.805171
2.840720
0.044036
0.015396
0.136702
-3.425915
-2.670157
-2.594511
0.004514
-0.006309
0.263684
-0.102108
-0.457561
0.109997
-0.349905
-0.037831
-0.412783
0.086663
3.082807
-2.277853
0.002350
-2.859177
-0.152864
-2.773567
0.005957
-0.010023
-2.816377
-0.985763
3.222709
-0.208884
0.184027
-1.274037
3.024210
-2.752530
-0.625895
0.099272
0.329307
0.263308
0.090689
-0.019988
0.051773
-2.686066
3.110215
0.236420
-2.924208
0.225375
-2.984850
-4.919965
-0.119524
-0.153822
-0.616845
0.120734
0.108726
-0.013289
-0.369582
0.280727
-3.070546
-0.308747
0.012378
0.089139
-2.804298
-0.320785
-0.084503
-2.886277
-2.660898
-0.250736
0.043914
-3.913353
-2.630779
-2.978156
-0.117927
-0.120253
-1.055365
-1.443040
-2.664256
0.013598
0.131288
0.042318
-0.152156
-2.721320
0.202081
-0.490143
2.978390
0.376887
-2.895487
-0.322195
1.711487
-0.188087
0.152447
-0.218270
-0.006803
-0.006343
0.473648
0.056821
-0.136837
-0.052535
0.234931
0.304279
-0.052878
-2.688862
-3.061590
-0.252519
-2.877928
-0.110143
0.207171
-2.678629
0.019127
-0.095902
-2.892075
-1.752144
0.648616
-0.326224
0.118252
-0.035102
-2.781742
-3.654701
-0.676615
0.136921
0.223892
0.094055
0.098138
-2.722063
-0.286438
-2.816472
0.177449
0.126865
-0.067759
0.118839
0.214498
-0.184236
-3.397129
-0.197066
0.033263
-0.241482
0.078296
-0.391936
0.164838
0.244897
-2.788078
-0.096886
-0.238662
-0.358330
-0.370917
0.141966
2.372467
0.217291
-2.785943
0.028670
-0.173578
0.241126
0.140800
0.109504
-0.561308
-2.784876
-0.039016
0.095072
3.110397
-0.164300
-0.335542
0.076119
0.369690
0.040510
0.099546
0.198119
0.160940
-0.447556
0.197460
0.236915
-0.207379
-0.292355
-2.059396
-1.415650
0.293407
-0.774856
-2.215239
0.220925
0.077808
-0.112445
-0.029479
0.083230
0.136438
2.336056
-0.040918
-0.032099
0.005994
-0.189401
0.128905
0.044243
-0.006386
2.948278
-0.398162
-3.024666
0.086633
-3.103232
-0.026550
0.150424
-0.188597
-0.741940
-0.079967
-0.035430
-2.753153
-2.929495
0.076598
-0.133777
-3.029953
-0.015453
0.486122
2.052458
0.070616
-2.770544
0.040652
0.084157
-0.095830
-0.479578
2.660114
-0.149051
-0.003722
0.189907
0.148795
-2.085032
-0.062469
-1.656529
-0.094615
-2.677696
0.020998
0.111280
0.079229
-4.020363
-0.086415
-0.197682
0.154863
-0.161100
0.380544
0.045904
0.069400
0.107846
-3.659879
0.111386
-0.216769
-0.012803
0.109665
0.139874
-0.284940
0.310146
-0.235989
0.197883
-0.332848
-2.825279
0.005340
-0.079746
-2.658380
3.052261
-0.172075
0.324004
2.873779
0.177034
0.247324
-0.371467
-0.125989
-0.169668
-2.773257
-0.359730
-0.155539
0.468661
0.043259
0.115492
-0.032933
0.184488
3.055128
-0.202785
0.168496
0.255259
-0.076869
0.048512
-0.049801
0.020234
0.265005
0.232057
-0.021663
0.110922
-0.296918
-2.939058
-2.941704
-2.662443
-0.246030
0.440888
-2.809001
0.249039
-0.335060
0.535809
-0.003535
3.009447
0.121873
0.116397
-2.719995
-0.239051
3.186564
-0.083150
3.034617
-2.591664
-2.784603
0.158647
-2.761741
0.112267
0.077560
-0.094706
-0.208531
-0.164124
0.172149
0.009510
-4.831579
-0.012420
2.762838
0.028561
0.069190
0.294702
0.068004
-0.480133
0.146645
-0.017022
0.188949
0.021252
-2.819985
0.090108
0.000494
0.139123
-2.785628
2.939979
-0.290395
-0.085089
-0.096535
0.069030
0.057900
0.218580
-0.080490
-0.104750
-2.687558
-0.438368
3.113129
0.241625
-2.794092
-0.299556
-0.539853
-0.100396
0.039738
-0.081255
-0.236463
0.187461
0.157344
0.172085
1.895967
0.126639
0.117501
-2.751660
-2.922350
-0.022685
-4.952900
0.122600
0.134676
-0.679389
0.056936
0.142196
-0.118681
-2.731427
0.107661
-0.934642
-0.192099
-0.068461
0.073760
-0.113630
-2.728718
0.138399
-0.195467
-0.691476
0.164948
0.129166
0.094349
2.875279
-2.848549
-0.091467
-0.737648
-2.663212
0.041650
0.054094
0.208958
-0.183293
-0.003077
-2.903150
-0.019587
-0.062622
-2.604547
0.030736
-2.889840
-3.469491
-2.644981
-3.147544
-0.101836
-3.902050
0.151268
-0.415275
0.237709
0.200266
0.308397
-1.166819
-2.767560
-0.064034
0.018067
-2.876066
-0.016555
-0.232561
0.167830
-3.176908
-0.276498
-0.539792
-0.100482
0.196524
-0.095819
2.505974
-1.769695
-0.038055
-0.030816
-0.150158
0.014920
0.151626
-0.175061
0.027869
-0.132140
0.250177
0.085775
3.046091
2.654002
0.002223
-2.749583
0.247686
-3.135035
-1.552386
0.155420
3.066999
-0.857495
0.202764
0.055337
0.044927
0.081267
-0.204274
-2.625843
2.913781
-1.887194
0.167437
-0.136605
-2.616808
-0.058440
-2.802964
-3.007950
-0.077733
0.045454
-0.100491
-0.493124
-0.506296
0.154252
-0.932614
-1.164074
0.174078
0.150651
-2.991435
2.738492
0.132291
0.101076
0.234866
-3.871303
-0.869498
-0.573172
-0.389484
-0.067267
0.027403
0.175172
0.207249
-0.207472
-0.097506
0.285551
0.211099
-3.029035
-2.755812
-2.694526
2.881090
0.128261
-0.013900
0.232925
0.047835
-0.480595
-0.159741
-2.742858
0.095151
-0.116280
0.340886
-2.987051
-0.088312
0.249383
-0.508101
-0.111941
-0.309817
-2.761176
-0.361540
0.120818
-0.081624
0.021713
-0.090540
-0.155498
-2.822964
0.151505
-0.010727
-0.157582
0.032446
0.563438
-2.890757
-0.988606
-2.772598
0.291620
-0.662726
-0.208006
0.010228
-0.011632
3.097244
-0.147537
0.159270
0.010403
0.084646
0.053174
2.628620
0.334929
-0.181591
-2.613731
-0.359509
-0.226450
0.327317
0.131919
-0.632573
0.246441
3.006155
-0.149193
0.202445
-2.780573
0.176397
0.164782
0.182352
0.039967
-2.739111
-0.024904
0.055221
-0.177701
-0.477991
0.066427
-0.042671
0.053065
0.153188
-2.796490
-2.769115
3.110760
-0.055145
-3.175511
-3.552281
-2.827132
-0.198901
-0.051041
0.323554
-2.705741
-0.026833
-0.016038
-0.111742
-0.466417
-2.714820
-2.918453
-0.038114
0.017892
-0.084346
-2.802218
-3.375208
0.012306
-0.102189
0.156297
2.908448
2.724687
0.069758
-0.009806
0.136815
-2.788933
-2.788703
-0.040326
0.239731
0.250625
0.257815
-2.801390
-1.356484
0.023034
0.204096
-0.086673
0.045372
0.292028
-0.441162
0.032371
0.162815
-0.710367
0.147279
-3.231480
-0.286961
-2.644334
-0.106806
-0.315710
0.145623
-0.083796
0.020599
1.340421
-0.029677
-0.016680
-2.621557
-3.021975
3.289264
2.526384
0.063091
-0.365627
0.217040
0.087191
0.293120
-0.152845
0.144860
0.170676
-2.797483
0.013111
-3.101066
0.179459
-0.118844
0.027219
0.099642
-0.023821
-0.264032
-2.957604
-0.541288
-0.222519
-2.719264
-2.819787
-0.106750
-0.025802
0.049266
-0.702526
0.103140
-2.805519
0.021001
0.018838
0.244067
0.152794
-0.055605
-1.688911
0.017593
0.217989
-0.483083
-2.901860
0.132973
-0.117629
-0.078435
0.246335
0.069918
0.110419
-1.033103
-0.056550
0.045249
-2.746314
