-0.629138
-2.841369
-0.339121
2.248346
-0.009578
0.150511
-3.690098
-0.593935
-0.969145
-0.057976
0.267787
-0.439169
-0.090877
-2.755369
-0.040611
-0.479452
-0.675721
0.196483
-0.510985
0.085809
-4.177296
0.033212
-0.374532
-0.355592
0.143248
0.079581
0.166328
0.115922
0.182630
-2.876042
2.938177
-0.523962
-0.343920
-3.539404
-0.289775
-0.065480
-0.201526
-0.407912
-2.977680
-3.383520
-1.111070
0.174803
0.215274
-1.452844
-1.091358
-2.735352
-0.349337
3.035634
-0.194782
0.156620
0.182061
0.140721
-0.677480
0.011115
-0.043279
0.221576
-2.773973
0.103459
0.219955
0.040495
-0.961264
-0.327720
-0.134221
-3.833461
-3.427015
-0.832101
0.069704
0.093184
0.153855
-0.172180
0.090886
-0.154790
-2.970001
-2.896580
-2.798202
0.255047
-0.770928
-0.152137
0.023394
-0.038085
0.079101
-2.849166
-2.887771
-0.994689
-0.754585
-0.330783
2.526011
-0.508886
-0.356680
-3.114051
0.024631
0.043852
0.199368
0.218237
-0.504322
-1.374501
-0.911111
-3.572092
-2.772451
-0.362442
3.075046
0.121987
0.000476
-0.479222
0.044406
0.227256
-2.807306
0.017099
-0.015105
-2.869512
-0.953671
-0.035735
-0.662355
-0.174092
0.099426
-0.524390
-0.571044
-0.276596
-0.814507
-0.464637
0.052005
-0.176286
-0.079424
0.048545
-0.758081
-0.219625
-1.132543
0.178423
-1.095342
-0.091122
0.090189
0.030725
-0.083501
0.205024
0.165727
-0.001089
0.086757
-0.004502
0.282738
-0.384377
-0.673588
-0.538798
2.958696
-0.774224
0.038763
-1.138063
0.130121
3.055205
-3.093019
0.163803
-2.907524
0.204255
-3.401067
-1.096441
0.085763
0.040089
1.956620
-0.915915
-0.531967
-0.190500
-0.044927
-0.529079
0.252807
-2.636560
-2.873101
-0.417000
-0.741456
-0.169814
-0.538780
0.246183
0.149222
-0.246786
-0.768547
-0.310184
-0.088233
-0.409331
-0.046908
0.179681
-0.395173
-0.123752
-0.005977
-0.268283
0.105937
0.202683
-2.862113
0.170081
0.228025
-2.720572
0.081593
0.194313
-0.543652
-0.740276
-2.889915
-3.618406
-0.320850
-0.138516
-0.329362
-0.567726
-0.601996
-0.292623
-0.249601
-0.460241
2.996763
-0.711334
-0.589417
-0.754761
0.152848
-2.964055
-0.043723
0.018394
-0.721953
-0.933773
-0.348605
-2.786793
-3.451938
0.126629
0.135470
2.937239
0.131813
-0.379889
0.210339
-2.823708
-1.305192
-2.818876
-2.882485
-0.557847
-0.127011
-0.011621
-0.021323
-0.293374
-3.706943
0.041876
0.046157
-1.084011
-0.408017
-3.821695
0.203089
0.017442
0.124637
-1.495293
-0.722993
0.001189
2.904704
-4.132734
-0.588872
-0.639094
-0.795880
0.122558
0.233597
0.028428
0.265029
-0.760204
-2.791746
0.085122
-0.176646
-0.248601
0.253185
0.061912
0.115036
-0.061811
-0.055937
-3.590552
-1.334921
0.154518
-1.539436
-3.712036
-0.978571
-0.355196
0.132567
-0.636993
-2.760302
-0.157185
-2.752992
-3.425604
-0.556209
0.087358
-0.121946
-0.683832
-3.510954
-2.713763
-0.242319
0.043495
0.141450
-0.104366
-2.860116
0.127238
-0.672511
-0.813930
-0.557240
-2.753089
0.097130
0.010844
0.040203
-3.497267
-1.329157
2.101713
-0.747202
3.056899
-2.779705
-0.136354
0.137720
0.215547
0.001023
-0.224219
-1.514559
-0.101911
-2.819069
0.214332
0.130361
-0.100922
-0.078602
-0.187370
0.081386
-0.709538
-0.584631
-0.697379
0.150401
2.589913
-0.689648
-2.779372
-0.528134
-0.341181
-2.951066
0.110862
0.053613
0.105549
-0.034337
0.055243
0.174503
-3.773385
-0.517808
-0.091819
-3.738334
-0.110712
-2.845747
-0.486594
-2.756568
-4.275271
0.283234
0.091279
-2.863230
0.046185
-0.615494
0.044551
-0.788740
-3.441523
-0.628652
-2.974175
-0.359572
-0.820350
0.187168
-1.017181
-2.763247
-0.771848
-0.094645
-2.958690
-0.031450
0.201672
-0.312599
0.010192
-0.804359
-0.918602
-0.662841
-2.761290
-4.497179
2.804740
0.299854
-0.870461
0.202767
-0.028558
-0.647864
0.001067
-0.197707
0.095396
-0.047345
-0.421589
-0.128091
-0.332669
-0.388989
0.009339
-2.743276
-0.394560
-0.044910
0.154651
-0.063760
-0.963457
-3.786611
1.811282
-1.399079
0.040202
-0.391361
-0.403978
-0.044320
-0.144775
0.198556
-2.771891
-2.901585
0.026535
-0.137149
-3.019066
-0.245107
-0.201079
-0.427605
-2.961685
-0.147090
0.181762
-0.529658
-3.998718
0.142470
0.043011
-3.434109
-2.937967
3.047939
-1.248012
0.131996
-0.383534
-0.337666
-4.080433
0.210956
-0.077052
3.036814
0.295907
-0.825005
-2.867146
-0.223428
-2.705878
-0.192626
-0.161502
-0.103732
-0.555896
0.192158
-2.985775
-0.009968
-0.062647
0.057026
0.057797
-0.019551
0.053908
-0.753259
0.009842
-1.423660
2.482038
-0.396443
0.031125
-0.254448
-3.923149
0.026186
0.322651
-0.531876
0.191678
-0.112039
-3.505637
0.256205
-0.482431
0.041128
-3.804841
0.204382
2.193468
-2.744965
-0.043391
-0.084045
-0.374806
-0.102679
-0.235181
-0.215331
0.125429
0.133043
-0.480423
0.066624
-0.435420
0.032894
0.311164
-0.794928
-2.907237
2.814338
-0.468518
0.128847
-0.139337
-0.980012
-2.887336
-0.765857
-3.033090
-0.842304
-0.585797
0.180935
0.209253
-0.122694
0.082786
-3.940538
0.254999
0.184903
0.298359
0.158647
0.046674
-0.415009
0.182106
-2.721559
0.277868
-2.927613
-1.374442
-0.442747
0.264789
0.247768
-0.589569
0.184670
0.216065
0.049592
-0.084877
-0.630100
-1.043499
-0.006653
0.270166
-0.001994
-0.106842
0.096596
0.116584
-0.038133
-3.114527
-0.651605
-0.732021
-0.552199
-3.285776
0.148009
-0.840065
0.045410
0.045448
-4.313302
-0.088166
-0.198879
-0.198064
-0.122031
-0.447323
-0.583476
-0.331269
-3.127823
0.153827
0.038716
-2.782804
-0.667059
-0.164140
0.120638
0.060248
-0.032836
-3.217868
1.961005
0.150742
0.143574
0.078443
-3.216281
-0.253508
3.005391
-2.825747
-3.343947
-0.141985
2.906398
3.015262
-0.480910
-0.911304
0.040730
-0.881610
-0.404029
-0.144159
-0.115368
-2.844769
0.038445
-1.282581
0.148402
0.186216
-0.284092
0.149190
-0.011769
-2.780604
-2.918144
-3.888049
0.218845
-0.486943
-3.211610
-0.380495
-2.956867
0.009721
-0.895318
-0.073307
-3.355225
2.204427
-1.880888
-0.040279
0.003650
-2.906452
-3.005426
0.159740
-3.691169
0.096099
-0.906290
-0.033634
-2.824145
0.187963
-3.422877
0.029460
-0.114753
-0.557455
0.044067
0.055093
2.970341
-0.606582
0.081855
-0.599975
0.076479
-0.035276
-0.994526
-0.705201
-0.766137
0.223006
-0.714428
0.140626
-0.470304
0.104164
0.194094
-2.824990
-0.157915
-0.883456
-0.589069
-3.802274
-2.911244
0.148897
-3.171971
-0.921819
-0.094948
-1.174481
-3.064418
-0.386588
0.091057
-0.352715
-2.821299
-0.903606
0.243551
-0.199388
-0.820823
-2.791870
0.055265
-0.174518
0.062691
-2.823485
-3.249204
-0.393109
-0.221609
-0.343317
-2.977443
-0.668926
-0.909628
0.216675
2.961693
-0.698719
0.020202
-3.414010
0.090697
2.927024
-0.101107
-1.224981
0.140287
-0.216956
-2.632449
0.183166
-0.788845
-0.699080
2.014731
0.036129
2.075125
-3.774505
-0.376416
-0.592511
0.227714
-0.568185
-0.036572
0.056160
-0.474135
0.042433
-0.476325
-0.572680
-0.776848
-0.370325
0.137461
0.058892
-0.627128
-0.054268
-2.803426
3.023941
-2.787266
0.140219
-0.029912
2.932398
