0.078045
-0.140082
0.114546
-0.746268
1.419462
-3.712225
0.072022
-2.577791
-1.786861
0.176451
0.102687
3.010432
0.028368
-0.438322
0.186841
-0.048083
-0.307938
-0.493781
3.095226
0.215952
0.426816
-0.168998
-0.037817
-1.843980
1.206930
-0.685247
-1.945402
-1.155315
-1.236386
1.979834
0.214756
-0.031106
-1.120460
-0.157592
0.051254
-2.692403
-0.386356
0.096440
0.076006
-2.957472
-0.084948
-3.112689
-0.738418
-1.405284
-3.007087
-0.156701
0.249522
-0.392869
0.262159
2.754718
-2.779755
0.037824
-0.291818
-0.564200
0.149367
0.134242
0.128287
2.563541
-0.362571
0.138857
0.141102
-2.814919
-2.807272
-0.433677
-3.119273
-1.212077
2.472915
0.236896
-0.014458
2.615333
-0.761909
0.856840
-0.144493
-0.301521
-0.030626
0.043711
-2.740929
-0.859096
-3.260096
2.034274
-3.378534
-0.933779
0.151313
-1.193579
0.033252
0.226542
0.197217
-0.740131
0.112663
0.148152
-1.256626
0.118411
2.622058
0.701054
-0.075414
-2.703690
-1.766854
-0.733977
0.056852
-1.642796
3.102215
-0.074563
-0.194022
0.039145
-2.799865
0.205963
-2.884361
0.095830
0.088478
0.194003
-3.069518
0.066008
-0.046821
-4.526478
-1.556187
-0.180255
-0.031578
-1.334722
-0.656210
0.004840
0.046582
0.038816
-2.927520
-0.550157
-0.790861
2.639321
-0.753986
0.089609
2.366614
-0.064145
0.031496
0.232877
2.895415
-2.751444
-2.627388
-0.414874
0.057223
-3.230053
-2.282264
0.166481
1.588487
-0.151559
0.163086
-0.017159
-0.017405
-0.277649
3.279800
-1.947687
0.224579
-2.647407
2.544520
-0.057666
0.133829
-0.389442
-0.767211
0.228262
0.076705
0.151730
-2.773667
-1.017682
0.221110
0.050502
0.135803
0.085618
1.814822
-3.231755
-3.490384
-1.455113
-0.242802
-2.737057
-2.727040
-0.065153
0.554354
-0.223527
-2.779293
0.169823
2.666031
0.234555
0.219654
2.761777
0.116910
0.092201
0.179998
-2.732795
-0.469428
-3.254660
-1.402167
-1.939501
-0.654386
-0.679483
-2.838346
-2.942438
-0.077906
-3.180665
-0.138324
0.078902
-2.896796
1.401426
-0.058984
-0.298804
-1.783237
-2.903932
0.378672
-0.889663
-2.660486
-2.762035
-0.530539
-2.816610
0.046476
0.117343
0.163969
0.316700
0.187751
-0.057856
-0.033213
0.027812
1.043792
2.953191
0.244163
-2.778417
-0.107746
-0.627568
-0.082676
0.107912
-2.864991
-0.074774
-1.443176
-3.227008
-0.195030
-0.096877
-0.720018
0.232676
-0.366861
-2.756213
-2.924989
-0.077500
0.024681
-0.037298
0.156723
0.268642
-2.737535
-2.558618
-2.816135
-0.469907
-0.373644
0.081389
-2.788436
-0.091059
0.291915
-0.082406
-0.000128
-0.071253
-0.869951
0.132958
-3.614178
0.242739
0.211578
0.162576
0.328167
-2.810355
0.226537
-0.163026
-2.545896
-0.339707
0.095531
3.007520
-0.243668
-2.979700
-3.505364
-0.293094
-0.045686
-2.995821
-0.019124
-2.787308
-3.461042
0.068072
-0.051964
-2.597829
-0.495911
-0.218625
-0.005923
-3.515751
-1.241313
-0.131618
0.186283
-1.259930
0.281666
0.236905
-3.953127
0.161419
0.234846
-2.909810
0.186829
-0.584866
4.161946
-0.965647
-0.178141
0.229525
0.184865
0.307779
2.884291
0.184271
-0.019250
0.001009
-2.703296
-0.025581
-1.394448
0.029250
-2.769131
1.192866
2.120249
-0.254145
0.072120
-2.852706
-0.329546
-1.546479
-2.727133
-0.271384
0.466056
0.051252
-1.101585
0.203138
0.024474
-0.579772
-0.010741
0.181026
0.167760
-0.079881
3.091648
0.052513
-1.183791
-0.259380
-2.736506
-0.125741
2.535996
-0.447191
0.980644
2.571846
-0.157288
0.214369
-0.854910
-1.781269
0.048967
-1.972052
0.205442
-3.030545
-2.851740
-0.020924
0.053239
0.227583
2.917222
0.250281
2.965795
-0.500429
0.150165
2.852153
-2.839427
0.096006
-0.235642
-0.539237
-1.337605
-0.490191
2.137858
-0.017291
0.223520
-0.061858
-0.168171
0.171903
0.147350
-2.837038
2.408356
-0.199973
3.110578
0.245628
0.044852
-0.525033
-0.229119
0.050150
3.035295
0.243094
2.889124
0.033167
0.273870
-0.011778
-4.165065
-3.028246
0.300025
0.181418
-0.063150
0.191282
-0.582459
0.145811
-0.330071
-3.511893
-0.949739
-2.703727
-2.757424
-0.117648
-0.245249
0.050536
0.049363
-1.190036
-2.824620
-3.561984
-0.027558
0.048304
-2.794084
0.065583
-3.445719
-0.025552
-0.422376
2.875726
0.238642
-0.014897
3.012349
-2.776424
-3.130144
0.115357
-0.144042
2.485617
2.973455
-0.186885
0.170734
-0.088227
0.197014
-3.129802
0.113040
0.023263
-2.847661
0.313772
0.061838
0.246720
-0.121317
3.058662
0.313944
-0.837962
-0.010346
-0.005621
-0.035495
0.797658
-2.831023
0.055272
0.049957
-0.047287
-3.875002
0.043359
-2.839509
-2.776686
-0.422538
0.056463
-1.536340
-3.341714
0.232591
-2.919659
2.285168
-2.857135
0.140452
0.198363
-0.004470
-0.738407
-1.946999
4.227493
-0.361469
-0.080115
0.183245
1.785495
0.224771
2.950242
-0.046610
-0.550991
0.257593
2.401308
-3.057093
-0.788303
-0.810275
-0.036144
0.046614
-0.249989
0.362662
2.807411
-0.545375
-0.126059
0.116548
0.140155
-0.471431
-2.541054
-0.012488
0.175762
0.117093
2.162799
3.079981
0.201594
-3.582356
0.238934
4.509404
0.003856
-2.943454
1.715288
-3.408590
0.178548
0.219644
0.157052
2.437069
-1.434651
-2.920569
-0.274044
0.052128
2.104057
-0.611476
-2.746159
1.179344
-3.273995
-0.142033
-3.365217
-0.249402
2.996937
-3.000816
-0.260005
-1.171450
0.003027
0.126199
-0.106442
-2.741765
-0.053884
-0.771375
-3.553625
-0.138705
-0.075953
-3.759596
-3.948035
0.129822
-1.241456
0.171115
0.335756
-0.423661
2.963479
-2.853528
-0.514054
-1.236693
0.004009
0.044712
-2.658092
-1.715185
-3.098546
-1.422071
-3.879073
0.257662
-3.037027
0.205821
0.105207
0.044091
-0.175346
0.113499
-1.475658
0.138805
-0.072691
3.910332
0.130951
0.022338
-0.036223
-0.443608
-0.893032
0.206462
0.121001
-0.276817
0.213408
0.002793
-0.285921
3.003284
-0.316898
0.132729
0.183220
-0.055678
0.078869
-0.127939
-0.693252
-3.156345
-2.839391
-3.487585
-2.741516
0.100322
0.101960
-0.135706
0.163464
3.636934
-0.581673
-1.693042
2.733099
0.201002
0.232843
-0.022769
-0.130403
-0.925089
-3.294779
-0.918476
-0.657169
-0.044707
-2.759371
-0.029063
-3.449677
1.526017
0.140385
-0.544644
0.069429
2.788139
0.002661
0.186076
-2.828588
2.497744
0.053031
0.105934
-0.082379
-2.908780
-4.084539
-2.876025
0.039202
-0.084479
0.073915
-0.282532
-3.250110
1.935090
-3.986528
-2.894885
-0.376308
3.023155
-0.090858
-0.085881
-3.097533
-2.794346
-0.376139
1.782156
-0.022956
0.079329
-1.078644
0.068038
-2.880275
2.168443
-3.468745
2.906800
0.026316
3.026002
0.200177
2.553186
0.181806
1.572114
-0.272274
-0.320394
-2.667851
2.956452
4.083408
-0.646712
-0.258959
0.015690
0.206922
-3.231650
0.069819
0.152932
0.125103
0.058596
-3.559230
-0.287532
-3.640836
0.216017
-2.960367
-2.786009
0.216448
-0.762538
-2.661954
-0.376081
0.124997
0.180063
-3.152505
0.254248
-0.035393
-0.992397
-3.762463
0.217470
-3.291868
-2.894905
1.709369
0.204517
-2.996789
-0.023021
-1.010663
-0.832240
0.098346
0.140796
0.111086
0.014449
-0.670886
