2.819842
-1.460139
1.249046
-0.141897
0.141897
0.165149
-2.677945
2.446854
-0.982794
-0.358771
0.000000
-1.695151
-0.244979
1.570796
2.034444
-1.165905
-1.815775
1.570796
-0.982794
-0.141897
1.249046
-1.570796
-2.214297
1.815775
-0.896055
-1.570796
-2.034444
2.677945
0.896055
-1.292497
2.944197
0.519146
-2.498092
-1.165905
-0.588003
-1.929567
1.849096
-2.214297
2.896614
-1.951303
2.863293
-1.152572
-3.030935
2.191046
-1.107149
-1.249046
1.735945
0.785398
-0.588003
1.107149
1.570796
-0.785398
-3.030935
-2.677945
-2.677945
2.356194
-0.588003
-1.212026
1.570796
-1.570796
3.017238
0.785398
2.553590
-0.540420
-2.782822
1.030377
0.278300
-0.278300
-2.034444
2.677945
-0.321751
3.141593
-2.944197
-1.815775
1.570796
-0.588003
-2.214297
0.321751
-1.929567
1.975688
2.191046
0.519146
-2.782822
-0.950547
-0.124355
-2.521343
0.000000
-2.944197
-2.875341
-1.815775
-0.950547
2.896614
-0.321751
2.356194
2.782822
1.849096
0.000000
2.896614
-2.034444
1.892547
-1.212026
1.325818
-2.432966
1.325818
2.498092
2.265535
-2.922924
2.896614
-0.588003
2.446854
0.000000
0.124355
-0.124355
-2.922924
-0.876058
2.999696
-0.244979
1.030377
2.191046
1.570796
0.982794
1.975688
1.849096
-1.107149
-2.265535
-2.034444
0.278300
-2.214297
-2.896614
-0.278300
2.356194
2.896614
-2.432966
-1.446441
1.570796
1.892547
-1.446441
-1.570796
3.141593
-2.446854
-1.951303
1.695151
-1.951303
-1.107149
-1.325818
0.785398
1.165905
2.944197
3.141593
2.034444
1.570796
-1.292497
0.141897
2.265535
2.553590
-1.165905
3.017238
-2.677945
-2.214297
1.325818
1.849096
-0.588003
-1.051650
-0.588003
-2.214297
1.107149
0.000000
1.892547
-2.356194
-2.736701
-1.212026
-2.782822
1.249046
0.000000
0.982794
-1.352127
-1.428899
-1.815775
1.249046
-1.815775
0.982794
2.158799
-1.712693
-1.768192
2.677945
-2.896614
3.141593
2.521343
-0.244979
-2.677945
-0.141897
1.849096
-0.785398
-0.244979
-2.498092
-1.165905
-0.321751
1.712693
-2.356194
-0.463648
1.892547
-1.165905
0.141897
0.896055
2.677945
0.000000
-2.819842
-1.165905
3.141593
-1.325818
-0.463648
-2.582993
1.849096
0.000000
-2.896614
-2.356194
0.165149
-2.782822
-1.352127
-1.849096
-0.876058
-1.570796
2.677945
2.896614
-0.785398
3.141593
-1.107149
-2.723368
-2.896614
-2.782822
-0.404892
1.325818
-2.356194
-2.265535
1.849096
-0.278300
2.498092
3.141593
-0.588003
-0.694738
0.404892
2.622447
-2.922924
0.785398
-0.321751
0.982794
2.582993
2.158799
2.191046
-1.292497
2.622447
2.863293
2.356194
-2.896614
-2.782822
2.245537
-0.321751
-2.819842
-0.785398
-2.356194
-1.460139
-0.785398
-0.244979
-0.321751
1.849096
0.000000
1.929567
2.677945
1.929567
0.785398
2.158799
-2.782822
1.892547
-2.677945
-0.862170
-1.212026
1.249046
2.896614
2.896614
-2.896614
-1.460139
1.570796
0.165149
3.141593
-2.622447
2.158799
-0.982794
-0.785398
0.519146
-2.761086
1.849096
-2.446854
-1.012197
1.325818
0.982794
-1.570796
-0.785398
-2.896614
-0.694738
-2.922924
-2.896614
3.141593
-2.896614
-0.785398
1.249046
1.292497
1.570796
-0.110657
2.158799
1.570796
3.141593
-0.244979
0.000000
0.982794
-1.951303
-2.356194
-2.601173
-0.244979
-0.785398
-2.214297
0.278300
-2.279423
-1.107149
2.158799
-2.634494
-2.214297
-2.819842
-0.244979
-1.815775
2.677945
1.405648
0.404892
0.588003
-2.214297
-2.677945
-0.141897
-2.034444
2.819842
0.404892
-1.249046
0.141897
-1.012197
-1.815775
-0.218669
-2.034444
2.265535
1.712693
2.677945
1.570796
-2.896614
-0.785398
-1.570796
-0.588003
-2.446854
-0.876058
-0.785398
0.463648
2.077895
-0.321751
-2.034444
-0.463648
-2.819842
-0.927295
-1.681454
-2.158799
-1.570796
2.677945
2.677945
2.999696
0.124355
2.553590
-0.124355
-0.321751
0.982794
-2.191046
-0.785398
-3.030935
2.089942
2.265535
1.849096
-2.896614
1.892547
2.677945
-0.165149
0.674741
-1.570796
-0.463648
0.588003
-0.694738
-2.356194
2.265535
1.428899
-2.736701
1.249046
1.325818
0.463648
0.588003
-0.463648
-2.944197
-1.570796
2.356194
1.849096
2.521343
2.158799
-2.863293
-0.876058
3.141593
-2.279423
-1.428899
2.944197
-1.815775
2.553590
-1.292497
-1.051650
0.000000
2.677945
-1.107149
2.191046
2.356194
-0.588003
0.982794
-1.951303
-2.999696
-0.876058
-2.677945
-0.785398
-1.249046
1.325818
2.944197
-1.695151
0.000000
-1.951303
-1.165905
2.356194
-2.677945
-1.570796
-2.944197
1.428899
-0.244979
3.141593
-0.588003
-1.352127
-0.244979
-2.214297
-0.785398
1.929567
2.622447
-1.570796
1.249046
-1.165905
-1.951303
1.975688
-0.404892
2.622447
-2.214297
2.498092
0.000000
-0.982794
-1.446441
-0.141897
-0.141897
-1.712693
-1.446441
-0.141897
-2.677945
-1.789465
3.017238
-1.815775
-0.124355
-1.768192
1.815775
1.570796
-1.570796
2.089942
-2.265535
-1.165905
-2.677945
2.863293
-0.404892
1.892547
1.789465
2.034444
1.929567
1.849096
-0.694738
-0.588003
-2.944197
2.896614
-0.785398
0.278300
2.896614
-2.214297
1.249046
-1.446441
-1.051650
2.863293
2.622447
2.245537
0.321751
-1.012197
-0.588003
1.712693
-2.736701
-1.789465
-2.521343
2.863293
1.570796
0.785398
1.570796
3.017238
1.249046
-2.191046
2.896614
-1.107149
0.000000
-2.582993
-1.975688
-2.896614
-1.212026
-1.325818
3.017238
-2.214297
-1.012197
-1.471128
2.356194
-0.321751
1.249046
1.405648
-2.356194
2.498092
-1.165905
0.982794
-0.321751
1.815775
1.165905
1.849096
3.141593
0.982794
1.570796
-2.446854
1.712693
1.849096
-0.876058
-3.017238
1.815775
-2.034444
2.446854
-2.214297
1.681454
1.892547
1.695151
1.849096
1.892547
-1.107149
3.017238
-2.761086
2.158799
1.849096
3.141593
0.165149
-0.244979
-1.929567
-1.051650
-2.214297
2.553590
0.785398
-2.622447
-0.244979
0.785398
-0.463648
-1.165905
-3.017238
1.712693
0.588003
-1.325818
2.677945
-1.768192
1.325818
-2.896614
-2.034444
0.674741
-1.849096
1.030377
-2.265535
-0.244979
-1.929567
-2.723368
-2.034444
-1.012197
-1.325818
-2.356194
1.165905
-2.723368
1.570796
1.712693
-0.278300
0.278300
0.982794
-0.785398
0.785398
2.158799
-1.107149
2.863293
-1.107149
-0.321751
-3.017238
-1.325818
0.124355
0.620249
2.944197
-2.723368
-2.034444
-0.927295
-0.950547
0.000000
-0.674741
-2.761086
-2.896614
1.570796
1.570796
-1.768192
-2.782822
-3.017238
-1.570796
-1.373401
-1.107149
3.141593
-1.325818
-2.582993
-0.896055
-2.677945
3.017238
-2.214297
-0.244979
-2.191046
2.265535
2.896614
0.000000
-1.107149
2.356194
-0.321751
-1.975688
-1.815775
2.677945
-1.325818
3.141593
1.815775
-2.896614
0.785398
1.249046
2.356194
1.570796
-1.570796
3.141593
2.896614
0.463648
-0.876058
0.982794
-2.356194
-1.929567
-3.030935
0.000000
-2.034444
2.677945
0.896055
0.982794
2.622447
-0.674741
1.249046
2.553590
-1.051650
-0.463648
2.089942
-2.723368
-2.944197
-1.165905
1.570796
0.463648
2.034444
-0.588003
1.405648
0.785398
-2.214297
-0.785398
0.982794
-1.107149
-1.570796
0.694738
2.356194
0.643501
