-1.117458
6.674885
-2.119346
1.614247
0.047583
-2.087491
-2.700413
-7.618437
-0.157769
5.624379
1.615212
2.095592
7.253931
3.141593
0.571337
3.723946
2.201198
15.730182
2.686492
2.279423
2.789548
1.570796
-1.432790
2.430683
7.135152
3.325536
7.147783
6.863942
-7.874387
-2.939271
-2.102520
3.502796
7.016000
-0.947597
2.416727
-1.163165
-0.769006
1.955954
-0.113151
-7.967774
-0.694738
-0.942000
0.201317
7.346883
-2.446854
-7.827672
9.165446
1.373401
-7.930754
2.236766
-0.293589
6.596087
2.629203
7.040020
-0.066568
-1.570796
1.249046
-1.313473
7.572210
-2.765632
2.720929
-0.802346
8.351324
2.697173
7.799980
-0.785398
9.349918
7.903940
-2.541542
-0.982794
0.785398
-0.977047
-0.769006
7.245292
-8.266392
6.746833
9.286138
-2.129396
2.102520
3.386571
-1.494024
2.152701
-2.459276
7.688833
6.812775
-0.099669
1.776192
6.951475
3.141593
0.115759
1.364472
0.785398
-0.903490
-7.907983
2.203545
-0.703614
2.521343
-8.356825
1.681454
2.593043
2.191046
1.595791
-2.011976
3.423365
-0.415492
6.072092
0.662730
-0.044415
9.404781
-2.659079
2.489724
7.087449
-2.077895
0.909753
-2.632000
2.209710
2.202487
-7.902723
1.501142
0.982794
-2.011976
-7.900460
3.463343
-1.570796
6.940260
-1.314645
-0.000000
-2.375060
7.674128
3.522099
-2.268699
-2.605781
-1.281821
-3.182386
-2.852617
6.506662
7.349120
6.008275
-2.175102
0.697903
-1.165905
-0.971621
-2.511191
7.295382
0.255182
0.335639
0.868539
-5.799738
5.811063
-0.643501
-0.988891
2.834547
9.570088
6.847755
6.746833
-0.626743
-1.046001
2.003204
-0.000000
-2.236766
-1.884417
-2.414950
-0.376490
-2.405335
0.085505
-8.070067
2.972996
-0.634023
2.227871
2.356194
1.487655
1.867342
6.977924
1.546411
7.189207
2.996283
2.521343
-7.905219
0.594759
2.640579
1.683947
-2.774419
-8.358843
-0.328553
3.218365
4.884580
-0.463648
2.402316
7.583035
1.356736
-0.900275
-0.620249
2.746802
7.488780
1.716106
-0.441179
-1.907471
0.443448
-2.188552
2.427502
-0.463648
8.051377
1.190290
6.056386
1.030377
1.457004
1.216799
8.023760
-2.289626
1.097440
2.877629
-8.221155
-2.405335
-0.346539
1.900421
8.195597
-1.325818
2.210182
-0.847817
-1.947287
0.819867
-0.678119
2.596729
-0.859337
2.980218
-1.172274
0.617191
-1.185639
-2.553590
-1.130954
2.408778
-2.646041
7.068583
-0.229904
2.979755
-1.545802
0.229232
-0.732815
-8.402531
-2.197539
7.745711
-7.961672
2.203545
-0.275426
6.648387
8.206972
2.410686
3.306741
7.309701
2.070143
2.988943
7.440292
-1.034361
-2.885441
0.617191
-1.097440
2.779863
3.099065
0.846546
-0.343024
-0.977047
2.235571
2.505754
-1.570796
3.187016
0.141897
-2.991780
-2.268699
-0.086738
3.575546
7.295382
-0.389317
-2.503273
2.245537
-0.888480
-2.007423
-8.004353
-1.004067
1.502720
7.928841
0.899190
7.903940
-7.616146
2.498092
-0.418224
2.430134
-2.006150
7.877233
0.329050
2.914794
0.540420
9.173088
1.638873
7.143072
-1.892547
-0.697903
-0.685730
-1.209593
-0.272146
-0.058756
-0.663203
1.418147
2.158799
6.240658
0.497343
-2.371578
-2.799977
2.745151
1.659452
-1.757776
0.495552
-2.319174
-2.151553
2.284887
7.227239
1.991460
2.145101
0.372988
-1.570796
-1.359703
-0.029403
-2.498092
1.780436
-1.690225
-4.996183
-2.476818
8.284674
-0.308931
3.081664
8.098960
1.670465
1.448954
-1.118642
7.425204
1.388628
0.931882
6.539337
-7.829596
1.637364
1.199905
-7.989509
-0.931882
2.746802
-0.021736
-1.759018
-1.492012
7.139891
-2.589938
-2.222665
7.125127
9.403042
-1.570796
2.474287
-1.595182
7.609003
-0.160763
-2.034444
-2.158799
0.124355
-2.011976
1.180189
-1.272297
-1.051650
6.915934
-0.450661
2.452668
2.356194
2.295662
-1.069192
0.453339
3.169363
-1.748392
0.977047
6.164695
-2.547843
0.911990
-2.541542
-1.026516
6.773143
0.453339
-3.003587
-7.578556
1.631944
-1.613324
2.317752
-1.886011
-1.731559
3.167228
2.541542
1.820775
7.084975
-2.045196
3.594931
-0.218669
-2.639989
-0.896055
2.248916
0.750929
-0.854255
-0.581905
-1.623379
7.932766
-1.006227
0.231091
-1.125495
5.829847
2.756988
1.059566
-3.183235
-2.956245
1.852568
-1.805519
2.896614
1.595182
1.570796
-4.842092
0.251003
7.341592
6.802331
0.343024
-8.378777
-2.173084
2.446854
2.045196
7.630505
2.245537
1.332960
-0.023252
1.453688
-0.883672
2.931953
9.293951
-1.019141
1.519559
-2.077895
7.183460
2.939830
-2.256526
5.552279
7.100830
-0.407632
6.915934
2.804918
-0.043451
-2.721396
-8.046682
-7.763322
-2.753274
-0.522403
-1.951303
2.567288
2.152701
0.272146
3.534651
3.014620
-0.681298
-1.107149
7.131002
-2.502207
-1.394857
8.002872
0.270947
-0.770015
-0.817645
-2.687291
-2.449671
-2.689439
-2.567288
-0.588003
8.308284
1.670465
2.493261
-2.512796
2.301703
2.706239
0.507099
-0.802940
6.723028
7.978337
7.625485
-2.688814
6.590231
7.914514
3.366869
1.961403
-1.739898
-0.054002
-1.397551
-2.638749
-0.927295
-2.139321
7.245292
0.294235
1.898916
2.248916
2.761086
-0.262120
1.615212
7.449090
3.526197
-0.767218
-1.319794
-1.593520
-2.231839
-8.046030
2.813039
7.498346
-1.978945
2.608749
-0.000000
-8.296356
0.956133
7.514689
-1.663553
7.729627
-1.716809
-2.826835
-0.263964
7.667002
9.473520
2.224879
1.821799
1.570796
7.273979
2.696292
1.884417
-2.803714
2.541542
7.022462
0.512389
-0.000000
0.551655
6.621063
-2.707639
6.677976
9.373541
7.627183
-2.587285
-7.591862
-0.090660
1.665748
-0.654083
2.056418
-1.905533
-0.604306
2.219128
2.493261
-0.885067
2.965653
-2.131483
2.282255
2.292451
-2.325901
0.136403
1.986861
5.954136
2.518393
6.859561
-0.702257
-1.912412
6.238770
1.831399
6.696875
-1.999574
6.900377
-1.886412
-0.540420
-0.802346
9.424778
6.579731
-8.345145
-2.087027
-0.388319
-0.969723
9.381327
7.346883
9.477361
-1.989021
-2.846152
-8.502314
-0.115759
0.294235
-0.314232
0.800322
4.576861
-8.604911
-2.927532
-2.707639
2.432966
-1.158386
2.145101
-0.513606
-0.857735
-0.702257
3.099065
0.168597
2.939271
-7.903940
-0.899652
-2.632522
2.488746
-2.179960
2.488746
-0.289504
2.043703
-0.837981
0.588003
-8.026172
2.859821
-0.099669
-1.336074
1.739393
-0.314758
-2.073640
-0.540420
-7.958859
2.677945
-7.895624
-3.080444
-0.492486
2.145101
6.059709
7.944642
6.906385
7.740831
-2.578276
7.449090
2.371578
2.502679
2.644250
-2.319174
2.279423
-1.037952
8.361080
0.416065
-7.625485
0.094952
-8.296356
-0.988443
-2.371578
-1.190290
9.501550
2.166206
7.368360
-0.715092
-0.216085
-0.024995
0.188222
8.150527
8.307826
-0.372068
-0.864597
-2.553590
1.651700
1.450173
7.260232
-1.209593
-1.116952
9.329826
1.837048
-1.475845
2.677945
2.152701
-1.349482
3.386571
6.636176
-1.239700
7.445833
15.736527
-0.121842
-1.217806
0.216085
2.476818
-2.152701
-2.852617
0.385158
2.418613
2.860360
-5.724586
-2.043703
2.440738
-0.073041
2.015216
-1.530818
-0.988443
1.663553
2.788602
-0.528074
-0.260602
0.519146
