-1.570796
2.356194
0.000000
0.000000
3.141593
0.000000
1.570796
-0.785398
-3.141593
-2.677945
0.785398
0.000000
-2.034444
1.570796
-2.034444
3.141593
-1.570796
0.000000
3.141593
3.141593
-2.356194
3.605240
-2.034444
-1.570796
3.605240
3.141593
-0.785398
0.000000
0.000000
2.356194
-1.570796
-2.356194
-2.034444
-1.570796
3.141593
-2.034444
0.785398
1.570796
1.570796
1.570796
-2.356194
-1.570796
0.000000
-9.424778
-8.961130
1.570796
3.141593
-1.570796
-1.570796
0.000000
-0.785398
3.141593
-1.570796
3.141593
3.141593
0.000000
2.356194
2.356194
3.605240
3.141593
-1.570796
3.141593
3.141593
-9.424778
1.570796
-2.034444
3.141593
-0.785398
3.605240
0.000000
3.141593
-2.034444
0.000000
-2.356194
0.000000
0.000000
-1.570796
0.000000
-1.570796
1.570796
-1.107149
2.356194
2.356194
-1.570796
-1.570796
2.356194
0.000000
-1.570796
-1.570796
0.000000
2.356194
3.141593
-0.785398
0.000000
-2.034444
-9.424778
-2.356194
-1.570796
2.356194
0.000000
-1.570796
9.888426
2.356194
3.141593
3.141593
-1.570796
1.570796
-0.785398
-1.570796
1.570796
-1.570796
3.141593
2.356194
0.000000
3.141593
3.141593
0.000000
0.000000
-8.961130
-2.034444
-0.785398
-2.034444
-2.677945
3.605240
-2.356194
0.000000
-9.424778
3.605240
0.000000
-1.570796
-0.785398
2.356194
3.141593
-0.785398
3.141593
-1.570796
3.141593
-2.034444
0.000000
-2.034444
3.141593
3.141593
0.000000
-1.570796
3.605240
-2.034444
3.926991
-1.570796
2.356194
0.000000
0.000000
0.000000
1.570796
1.570796
2.677945
-0.785398
0.000000
-1.570796
1.570796
-2.356194
3.605240
-2.034444
0.000000
2.677945
1.570796
-2.034444
3.141593
2.356194
-1.570796
0.000000
-1.570796
0.000000
-0.785398
2.677945
-2.034444
-1.570796
-1.107149
-0.785398
-2.034444
-2.677945
3.141593
-0.785398
-0.785398
0.000000
2.677945
0.000000
3.926991
2.356194
2.677945
0.000000
0.000000
3.141593
1.570796
-2.034444
-1.570796
-2.356194
3.141593
-1.570796
-2.356194
1.570796
-2.356194
-2.034444
-1.570796
3.141593
-2.034444
-2.356194
3.605240
-1.570796
-2.034444
1.570796
0.000000
-8.961130
-0.785398
1.570796
-2.356194
3.605240
-0.785398
-2.034444
-0.785398
-1.570796
-1.570796
2.356194
-9.424778
1.570796
1.570796
3.141593
2.356194
-1.570796
-1.570796
2.356194
-2.356194
3.141593
-1.570796
-2.356194
-2.677945
-2.356194
3.605240
-1.570796
3.141593
-9.424778
3.141593
3.141593
-2.034444
-2.356194
-0.785398
1.570796
-2.356194
0.000000
0.000000
3.605240
9.746529
-9.424778
2.677945
2.356194
-1.570796
-1.570796
9.888426
3.605240
2.356194
2.356194
-2.034444
-2.356194
-2.677945
-0.785398
-9.888426
-1.570796
0.000000
1.570796
0.000000
3.141593
2.356194
0.000000
1.570796
-2.034444
-0.785398
-1.570796
-2.034444
3.141593
-3.141593
2.356194
-0.785398
2.356194
3.926991
-2.034444
-2.356194
0.000000
-2.034444
3.141593
0.000000
2.356194
-1.107149
3.605240
2.356194
1.570796
-8.961130
0.000000
2.356194
-1.570796
1.570796
0.000000
-1.107149
0.000000
-1.570796
-2.034444
-9.424778
0.000000
0.000000
9.888426
3.605240
3.141593
3.141593
-2.034444
0.000000
-2.356194
-1.570796
-0.785398
-1.570796
0.000000
-8.639380
1.570796
-0.785398
3.141593
-2.034444
-1.570796
3.141593
3.605240
3.605240
3.605240
-0.785398
-1.570796
3.141593
-2.677945
-2.034444
-2.356194
-2.034444
0.000000
2.356194
-3.141593
-0.785398
2.677945
1.570796
2.356194
-9.424778
3.141593
3.141593
-2.034444
-2.356194
-1.107149
-1.570796
-9.103027
-0.785398
-9.424778
-2.034444
3.141593
-2.034444
-2.356194
3.141593
0.000000
-0.785398
-2.034444
-2.677945
-2.356194
1.570796
1.570796
-2.356194
-1.570796
0.000000
3.141593
0.000000
3.605240
-3.141593
1.570796
-1.107149
3.141593
-2.034444
-0.785398
-2.034444
-1.570796
-1.570796
3.141593
2.356194
2.356194
-1.107149
-0.785398
2.356194
-2.356194
-2.356194
0.000000
-9.424778
3.141593
2.356194
3.141593
-2.356194
-1.570796
-0.785398
2.356194
1.570796
-2.356194
-2.356194
1.570796
0.000000
3.605240
-1.570796
-2.677945
0.000000
-0.785398
3.141593
3.141593
3.141593
3.141593
-2.356194
0.000000
-1.570796
-9.424778
-0.785398
-1.570796
-1.570796
-2.356194
-0.785398
-2.677945
-1.570796
3.926991
-9.424778
-2.677945
-0.785398
1.570796
3.141593
-2.356194
-2.356194
-2.677945
0.000000
-2.677945
-0.785398
3.141593
3.141593
3.605240
0.000000
2.356194
-2.356194
-2.034444
-9.424778
-1.570796
-2.034444
-0.785398
1.570796
-9.424778
3.141593
0.000000
2.677945
-0.785398
-2.677945
-1.570796
0.000000
3.141593
3.605240
1.570796
0.000000
0.000000
1.570796
2.356194
0.000000
3.141593
1.570796
3.141593
0.000000
3.605240
-1.570796
-2.356194
-1.107149
0.000000
2.356194
0.000000
-2.034444
1.570796
-2.034444
-2.677945
-1.570796
3.605240
-2.356194
2.356194
-0.785398
2.356194
-8.961130
-2.677945
-1.107149
-1.570796
-2.034444
-1.570796
0.000000
-1.570796
-1.107149
0.000000
0.000000
3.141593
-2.356194
9.888426
1.570796
0.000000
-2.677945
-9.424778
-1.570796
0.785398
0.000000
0.000000
0.000000
-0.785398
9.888426
2.356194
3.141593
-3.141593
3.141593
0.000000
2.356194
-0.785398
2.677945
3.605240
2.356194
3.141593
1.570796
-9.424778
-1.570796
1.570796
0.785398
-1.570796
2.677945
3.605240
0.000000
-2.034444
-1.892547
-1.570796
-1.570796
0.000000
-2.034444
-3.141593
-2.356194
0.000000
3.605240
3.141593
-1.570796
-1.570796
3.605240
2.677945
-2.034444
-2.677945
0.000000
3.141593
-1.570796
2.677945
1.570796
-1.570796
-1.570796
1.570796
3.141593
-2.356194
-2.034444
-1.570796
0.000000
-8.961130
2.677945
-1.570796
-0.785398
-2.356194
-2.677945
1.570796
3.141593
1.570796
-0.785398
-0.785398
1.570796
-0.785398
3.605240
2.356194
-2.356194
0.000000
0.000000
0.000000
-2.677945
3.141593
2.356194
3.605240
1.570796
-0.785398
1.570796
0.000000
-9.888426
3.141593
3.141593
0.000000
-2.356194
3.141593
-1.570796
3.141593
-1.570796
-2.034444
0.000000
0.000000
1.570796
3.605240
-2.356194
3.141593
3.141593
3.141593
-1.570796
-1.570796
-0.785398
2.356194
-1.107149
0.000000
-9.424778
-1.570796
-2.034444
-0.785398
3.141593
-0.785398
0.000000
-0.785398
0.000000
1.570796
-0.785398
-1.570796
3.141593
-2.034444
0.000000
-0.785398
3.141593
-8.961130
-1.570796
3.141593
-1.570796
-1.570796
3.605240
-2.034444
0.000000
-2.356194
-1.570796
-2.034444
-0.785398
0.000000
3.141593
-2.034444
-1.570796
2.677945
0.000000
0.000000
2.356194
-2.034444
0.000000
3.141593
1.570796
0.785398
-1.570796
3.141593
3.141593
1.570796
3.141593
-1.570796
-1.892547
-9.424778
-0.785398
-2.034444
9.888426
2.356194
-1.570796
3.141593
0.000000
3.141593
0.000000
-1.570796
-0.785398
-1.570796
-0.785398
-2.356194
-1.570796
-2.034444
-1.570796
3.141593
0.000000
0.000000
-0.785398
-1.570796
0.000000
3.141593
-8.639380
-1.107149
1.570796
-1.570796
0.000000
-0.785398
3.141593
-2.034444
