-1.570796
2.819842
-1.107149
10.673824
-1.107149
-1.570796
-1.107149
2.356194
-3.141593
-1.570796
10.210176
-1.107149
-0.785398
2.356194
-0.785398
-1.570796
-0.463648
-1.570796
-1.570796
0.000000
2.677945
-2.034444
-1.107149
9.888426
-0.785398
-1.892547
3.605240
-1.570796
-9.424778
-1.107149
0.000000
-1.107149
-3.141593
-1.892547
2.356194
3.605240
-2.356194
-0.785398
3.605240
3.141593
3.141593
3.141593
1.570796
-2.034444
0.000000
-1.570796
0.000000
1.570796
0.000000
3.926991
1.570796
-1.570796
0.785398
-2.356194
3.605240
-0.785398
-0.785398
-0.785398
-2.356194
2.356194
-1.107149
2.356194
1.570796
-1.570796
0.785398
10.210176
-1.570796
-0.785398
-2.034444
-1.107149
10.210176
-2.034444
-2.356194
3.463343
1.570796
2.356194
2.356194
-2.034444
2.677945
-0.463648
3.926991
-3.141593
0.000000
0.000000
-1.107149
-0.785398
3.141593
1.570796
3.605240
9.888426
-2.356194
-0.785398
0.000000
-2.034444
-1.570796
2.356194
-2.896614
-3.141593
-1.570796
-3.926991
-2.034444
-1.570796
-2.034444
3.141593
1.570796
-0.785398
2.356194
3.141593
3.605240
0.000000
3.141593
3.926991
3.141593
-3.926991
-10.210176
3.605240
1.570796
-5.176037
-2.356194
3.141593
0.000000
-1.570796
-2.356194
2.034444
2.356194
-0.785398
-2.819842
3.141593
-2.158799
-2.034444
3.141593
-0.785398
-1.570796
2.356194
2.356194
-0.785398
0.785398
1.570796
1.570796
-0.785398
-1.570796
-0.785398
-1.107149
-2.034444
-2.034444
2.819842
3.141593
-4.712389
0.785398
10.210176
-0.785398
-2.356194
0.000000
2.034444
2.356194
0.785398
3.605240
-0.785398
3.141593
-1.249046
0.000000
-1.570796
3.605240
-0.785398
-1.249046
-2.034444
0.000000
3.141593
-0.463648
1.570796
9.888426
-0.463648
-2.356194
3.926991
3.605240
-0.785398
0.000000
0.000000
0.000000
-1.570796
-0.785398
-1.570796
0.000000
-2.677945
2.034444
-1.892547
-3.141593
3.141593
3.141593
-2.356194
1.570796
2.356194
-2.034444
-1.892547
-1.570796
2.356194
1.570796
0.785398
-2.034444
-0.785398
-3.926991
3.141593
11.780972
-3.141593
3.926991
1.570796
0.785398
3.141593
3.141593
-0.785398
0.000000
0.000000
0.000000
-2.034444
-1.570796
-1.570796
-0.785398
-1.570796
-0.785398
3.605240
-2.356194
-2.819842
3.141593
-0.785398
0.000000
-1.570796
1.107149
1.570796
-1.570796
-1.107149
-2.819842
0.000000
-2.034444
2.356194
1.570796
3.141593
-1.107149
3.141593
-0.785398
9.888426
1.570796
3.463343
2.356194
-2.356194
-3.141593
-2.034444
3.463343
-0.785398
-3.141593
3.141593
0.785398
3.141593
3.605240
-1.570796
-1.892547
-2.034444
0.000000
0.000000
0.000000
3.141593
0.000000
-2.034444
2.356194
-1.892547
-0.785398
-1.570796
-2.356194
3.141593
3.605240
-2.356194
-2.034444
-2.356194
-2.677945
1.570796
-2.356194
3.605240
3.141593
4.248741
-2.034444
-1.107149
-2.034444
2.034444
-3.605240
-2.034444
9.888426
-2.034444
-0.785398
0.000000
-2.356194
-0.785398
0.000000
1.570796
0.000000
2.356194
-0.463648
0.000000
0.000000
-0.785398
-1.107149
0.000000
-2.034444
-0.785398
-2.034444
-2.034444
1.570796
1.570796
-3.141593
0.000000
1.570796
-6.283185
3.141593
-1.107149
2.356194
1.570796
3.141593
-3.141593
2.356194
1.570796
3.926991
-1.570796
-2.034444
0.000000
3.605240
2.677945
3.141593
0.000000
-0.785398
1.570796
-1.570796
3.141593
-3.605240
1.570796
2.356194
-2.034444
0.000000
-1.570796
-1.570796
-2.034444
-2.034444
-0.785398
-3.141593
-3.926991
2.356194
-2.356194
0.000000
1.570796
3.463343
2.356194
3.605240
3.141593
0.000000
0.000000
-1.570796
-1.570796
3.141593
-1.107149
2.356194
-1.107149
0.000000
1.570796
-3.141593
-3.141593
-1.570796
-2.034444
-0.785398
-2.034444
-1.570796
3.141593
-0.785398
1.570796
0.000000
-1.107149
-1.570796
9.888426
-1.107149
-1.570796
0.000000
-2.034444
-1.570796
-0.785398
-1.570796
-2.034444
-0.785398
3.141593
-2.677945
-1.892547
0.000000
-1.570796
-2.034444
-0.785398
-3.605240
-0.785398
-2.034444
-2.677945
-4.712389
2.677945
1.570796
-1.570796
-2.677945
3.141593
0.000000
0.000000
1.570796
-3.141593
2.356194
-0.463648
1.570796
3.605240
-2.034444
-2.034444
-1.892547
-1.570796
0.000000
2.356194
-1.570796
1.570796
-2.356194
-0.785398
-2.356194
-1.570796
-2.034444
-2.034444
-1.570796
-1.570796
-1.570796
2.356194
-0.785398
-2.356194
2.356194
0.000000
3.141593
0.000000
-1.570796
-1.570796
0.785398
-8.175732
-2.034444
3.141593
2.356194
3.605240
3.605240
2.677945
-1.570796
-2.034444
-2.819842
2.356194
1.570796
0.000000
0.000000
-0.785398
3.605240
-1.570796
0.000000
-2.677945
0.000000
2.356194
-0.785398
0.000000
-2.034444
-2.677945
3.141593
-0.785398
-2.356194
-2.356194
0.000000
4.712389
9.888426
-0.785398
-2.034444
1.570796
10.531927
-2.356194
0.000000
-2.034444
2.034444
2.356194
3.141593
3.141593
0.000000
3.605240
1.570796
-2.034444
3.926991
0.785398
-1.892547
3.926991
-0.785398
9.888426
-0.785398
-1.107149
-1.570796
-0.785398
-2.356194
9.888426
-1.570796
-1.570796
1.570796
1.570796
-1.892547
-1.570796
3.605240
-0.785398
3.605240
-0.785398
3.463343
-2.034444
2.677945
3.926991
3.605240
3.141593
-3.141593
-2.158799
-2.677945
-1.892547
-2.356194
-1.570796
1.570796
2.677945
-2.356194
-0.463648
3.141593
-2.034444
2.356194
-2.356194
-1.892547
-2.034444
3.141593
-1.570796
0.000000
-2.034444
0.000000
-3.141593
-0.785398
-0.785398
-0.785398
-1.570796
1.570796
3.141593
-2.356194
-1.107149
-1.570796
2.356194
-3.141593
-1.570796
-3.141593
0.000000
-0.785398
0.000000
0.000000
9.888426
-0.785398
-0.785398
3.141593
2.677945
-0.785398
-0.463648
-1.570796
-1.570796
3.141593
1.570796
-1.892547
-2.677945
0.000000
-0.785398
3.141593
-0.785398
3.141593
-2.356194
-1.570796
-1.107149
0.785398
3.141593
-1.570796
3.141593
-2.034444
1.570796
1.570796
1.570796
-2.034444
1.570796
0.000000
-0.785398
-2.034444
0.000000
-2.356194
-2.553590
3.141593
0.000000
0.000000
-0.785398
-1.570796
-1.570796
-3.141593
0.000000
1.570796
-3.141593
-2.034444
2.356194
-1.570796
-1.892547
4.712389
-1.107149
-3.141593
3.605240
-2.356194
3.141593
9.888426
1.570796
-0.785398
-1.570796
3.605240
3.141593
1.570796
0.000000
-2.034444
3.605240
-0.785398
3.141593
-2.034444
-1.892547
-4.712389
-1.570796
2.677945
-2.356194
-1.570796
-2.034444
2.356194
2.356194
1.570796
-2.356194
-2.356194
3.141593
3.141593
-3.926991
-1.570796
1.570796
-1.570796
-2.677945
-1.570796
0.785398
-1.570796
9.888426
0.000000
-0.785398
3.926991
-2.356194
1.570796
2.356194
-1.570796
-5.497787
-2.819842
2.677945
3.605240
3.605240
-2.553590
-1.570796
-1.570796
-1.570796
2.356194
-3.141593
-2.356194
1.570796
0.000000
2.034444
1.570796
-0.785398
-3.605240
3.926991
2.356194
-1.107149
0.785398
-2.356194
-0.785398
3.141593
-1.107149
-2.034444
-1.107149
-3.141593
1.570796
9.888426
0.000000
3.463343
3.141593
1.570796
-2.819842
3.141593
0.000000
-0.785398
-2.034444
-1.892547
