0.137777
0.245203
-0.025848
0.474993
2.382957
0.096946
-0.004356
-0.490490
-0.317799
0.033455
2.737888
0.725527
0.259367
0.654113
0.056138
-0.151061
0.636081
0.527013
0.449316
0.104875
-0.180227
-0.130815
0.303347
1.081783
2.425724
0.783647
-1.568064
1.030771
-1.974035
1.912519
0.035013
0.196333
-1.287966
-0.012645
0.305591
-0.302958
-0.235514
0.213069
0.486845
-0.004650
0.379438
0.337155
0.794212
1.173512
-0.252899
0.320273
0.116928
0.424553
0.198208
3.397269
-0.328508
-0.123673
0.863644
0.404297
0.398495
0.119160
0.171040
1.268375
0.207535
0.207812
0.042252
-0.267207
-0.552444
0.522372
-0.257171
0.402495
1.143300
-0.073725
-0.274879
1.225092
0.902115
-1.149451
-0.065323
0.205329
0.279084
0.351247
-0.389821
0.508077
0.104691
1.735967
-0.003423
-1.440574
0.433602
1.167250
0.131388
-0.058023
0.213097
0.764402
0.322487
2.642722
1.324364
0.105141
1.304102
2.523205
-0.106297
-0.418298
-0.462631
-1.830207
-0.225921
-0.700159
0.448262
-0.178739
-0.159468
0.484357
-0.590219
0.115731
-0.185717
0.368037
0.420576
0.019580
-0.060838
0.465322
0.543181
-1.597788
-1.452659
1.055821
0.235984
-1.243373
0.509923
0.566683
0.191496
-0.181380
-0.944731
1.007218
1.336747
0.815732
-1.738427
0.273256
0.678262
-0.111185
0.300027
0.092369
0.761461
-0.450176
-0.492634
0.707179
0.265849
-0.299183
-1.653396
0.048744
1.710139
0.601828
0.148453
-0.314993
-0.179067
1.055567
1.169357
-0.543047
0.195264
1.966655
1.400868
-0.186717
0.348997
0.641713
0.764031
0.315879
0.365756
0.114215
-0.315823
1.307649
0.231111
0.029738
0.308783
0.021926
1.986211
-0.324072
-0.018287
-1.587679
0.811987
-0.606280
2.052570
0.270075
2.511961
0.156579
-0.099971
0.062931
0.867254
0.159206
0.117034
0.974842
-0.052026
-0.015052
0.208818
-0.351725
0.454607
-0.285394
-1.021545
-2.045920
1.154952
1.045128
-0.454536
-0.338657
-0.397292
-0.711698
0.232716
0.239091
-0.557409
2.165981
-0.046493
0.637688
-0.840904
-0.442720
-0.576968
-2.112740
2.388891
-0.518265
1.201448
-0.329782
0.484849
0.075603
0.113642
0.117447
0.337847
-0.187572
0.305111
0.122820
-1.561966
0.633981
-0.008667
-0.293602
-0.093816
-1.846655
0.526775
0.008823
-0.553971
0.412661
-2.292796
-0.088518
0.412317
0.526226
-1.601016
0.068627
-0.063497
-0.511204
-0.506456
0.672083
0.241014
0.373862
0.196322
2.562200
-0.472866
2.018483
-0.502953
-0.008670
-2.170990
-0.320149
-0.204684
0.497963
0.667181
0.533775
0.429452
0.487614
0.814219
0.221208
-0.158633
-0.183876
0.142678
0.176123
0.082442
-0.297554
0.315775
-0.220311
-0.590166
0.377848
0.108544
0.711798
0.084136
-0.348996
-0.097659
-0.000950
-0.334678
-0.884725
-0.168018
-0.512117
-0.116672
0.507207
0.432192
2.710889
0.078224
0.449384
-0.351793
0.622817
-1.228968
-0.280550
2.541572
1.113425
-0.017579
0.257963
0.312558
0.017972
0.216890
-0.572823
0.111988
0.923648
-0.455903
1.048504
0.917555
0.056089
-0.060152
0.300467
0.730992
-0.018317
-0.248395
-0.166286
-0.459698
0.166959
-1.006837
0.484897
-0.579254
-0.168307
-1.045684
0.298717
0.247407
-0.482652
0.765816
-0.432116
-0.358411
0.620240
2.390424
0.397147
1.159883
0.207777
0.427552
0.860295
0.332663
0.189700
-0.114652
0.355325
0.557419
0.315917
-1.420755
0.537828
-0.311454
-0.221799
1.435254
0.481571
-0.893654
0.999028
-0.081134
0.044296
-1.858925
-0.495994
0.256333
-1.962850
0.107974
-0.480272
-0.176220
0.250954
0.392913
0.286906
1.031518
0.188743
0.883979
0.951681
0.379050
0.877109
-0.560406
-0.025810
0.807569
0.838489
-1.690888
-2.073710
1.712554
-0.307604
-0.028757
-0.256778
0.181608
0.329019
0.145604
-0.578894
1.301831
0.430317
0.570035
2.608333
0.264619
1.051568
0.788718
-0.198582
0.762937
0.035894
0.808476
-0.298204
-0.021684
0.543646
-1.760617
-0.521709
0.280636
-0.018884
-0.210292
0.089824
-1.964478
0.072066
-0.085004
-2.703418
-1.570207
-0.244187
-0.541982
-0.095338
-0.222789
0.440541
0.147308
1.735116
-0.554538
-2.557272
0.359102
0.263836
-0.602723
0.289505
-0.221480
-0.235732
0.214801
0.781427
0.237105
0.324282
0.712760
-0.345431
-0.668740
0.183392
-0.223979
1.140924
0.612110
-0.119601
0.005864
-0.082398
0.073783
0.271385
0.300724
-0.283343
-0.262512
0.191186
0.282758
0.227180
-0.041862
0.583524
0.080938
-2.433048
-0.266376
0.319953
0.322175
1.202930
-0.094474
0.341890
0.300953
-0.241539
-2.149428
0.348943
-0.501242
-0.476696
0.646126
-0.003554
-0.209887
-0.292734
0.025480
-0.758656
1.969659
-0.424452
-0.083050
0.195169
-0.209840
0.615124
-2.204445
0.412203
-0.048435
-0.188433
1.151818
1.148314
2.517348
1.162610
-0.112378
0.745442
2.553224
0.981677
-0.307016
1.098881
1.214648
0.315818
0.371111
0.840689
0.005564
1.320445
0.817925
-0.148328
2.740181
0.462028
0.582968
1.677937
0.038860
2.625664
-0.006679
1.038547
0.452816
0.084935
-0.092782
2.642440
-0.671043
-0.210035
-0.285481
-1.348647
-0.508526
0.069760
0.341714
-0.014794
1.127724
1.435259
-0.003245
-0.078023
0.313513
0.739636
0.252610
-0.398919
-0.164010
-0.632912
-0.224296
-0.241719
0.045700
0.626332
0.031233
1.032305
1.224809
0.320965
0.391572
-0.021802
-0.374152
-0.284448
0.955831
-0.174288
0.799682
0.435293
0.890852
0.173751
0.263989
-1.225595
0.024783
-0.118961
0.871284
0.585609
-0.462701
1.032144
0.992379
0.083887
-0.223059
-0.423142
-0.147176
-0.652779
1.358097
0.178738
0.033674
-0.522975
0.130451
2.656889
0.180076
0.452268
0.303683
-2.177057
0.438057
0.246159
-0.981331
-0.011259
0.561635
0.229543
0.224299
1.230208
0.054049
0.146433
0.675185
0.020611
0.373632
-2.211754
0.509571
0.649307
0.306225
0.296571
-0.056568
0.448137
-0.117564
1.027665
0.186755
-0.344629
-0.077129
-0.371863
0.165466
0.089557
-0.208321
0.293353
-0.294469
-0.085102
-1.251314
1.203182
0.157426
0.050859
-0.213331
0.306049
-1.608380
-0.223877
1.559439
-1.681404
-0.231985
-0.339783
0.207159
-0.331733
-0.026313
0.068267
-1.922656
0.343323
0.555545
0.431992
2.599824
-0.455660
1.071745
0.046277
0.603021
0.571198
-0.503552
-1.209231
-0.966509
0.446935
0.455614
0.477714
-0.152281
-0.314975
-1.269115
-0.398834
0.331190
-0.096502
0.765746
-0.250746
0.271293
-0.205832
-0.429867
0.044305
1.566700
0.482356
0.361704
-1.618752
0.083596
-0.369641
1.191253
-2.335724
0.666700
0.331962
0.804129
2.663112
1.301127
-0.046744
-1.479630
0.165881
0.538465
-0.520038
0.842293
0.816777
-1.830682
0.611722
0.406320
0.330030
-0.549234
0.011628
0.018186
0.144469
0.300022
-2.745709
0.099531
-3.115761
0.109769
-0.351703
-0.508472
0.049075
-1.866630
1.818950
0.822152
0.129213
0.253883
-0.515254
0.065998
0.256824
1.665446
0.325657
0.063921
-2.619153
-0.350080
1.191128
0.176298
-0.231623
0.444579
1.400525
-1.557716
0.292624
0.203044
0.174446
-0.189365
0.592465
