0.276690
-0.170575
0.568043
1.406946
0.291377
0.087123
0.169312
0.740855
-1.748917
-0.196747
0.126827
0.782700
-0.228524
-0.576644
-0.183029
0.770344
0.651343
0.137191
0.470388
0.298324
-0.255414
0.418872
-0.118890
0.223019
0.466654
0.292992
-0.088488
0.150436
0.276208
-0.378674
0.828001
0.093753
0.090893
-0.301552
0.436882
-0.162900
0.528058
0.557178
-0.336593
0.005560
0.422447
-0.044923
0.139725
-1.906141
-1.913750
-0.613251
0.627364
0.486489
0.299598
0.169086
0.072220
0.341972
0.674212
0.231402
0.351876
0.170266
-0.255559
0.186991
2.428854
0.267163
0.732704
0.635591
0.550440
-2.735687
-0.071856
0.292980
0.313956
0.050668
2.489907
0.381570
0.429203
-0.130969
-0.518289
-0.939885
-0.659375
0.153887
0.562404
0.396093
-0.108539
0.292836
-0.013721
-0.308788
-0.255519
0.988931
0.584535
0.570135
1.397226
0.427103
0.539871
-0.372073
0.314488
0.375602
0.010458
0.162422
0.098302
-1.643984
0.064235
-0.276729
-0.422655
0.549441
0.632817
2.664681
0.259728
0.719946
0.396483
-0.050259
-0.411665
0.187172
-0.047420
-0.475619
0.863298
0.507067
0.657580
0.331880
0.436618
0.658555
0.851163
0.603526
-2.155136
0.148170
0.019588
0.181557
0.331681
0.415306
0.380022
0.515272
-1.874600
2.398742
1.074232
0.118488
0.217454
0.331260
0.419030
0.024499
0.282709
-0.036628
0.470402
-0.146035
0.156935
0.066870
0.691458
0.567951
0.883144
0.607645
0.438864
0.631380
0.278425
0.579757
-0.228552
0.180185
-0.651117
0.082426
-0.057562
0.919370
0.313809
0.164716
1.496069
0.483352
0.738321
-0.143883
0.389651
0.158421
0.100043
-0.449928
-0.584015
0.110511
0.750539
0.506109
0.554044
0.146793
-0.050194
0.473295
0.624477
0.446700
-0.087034
0.588679
0.058783
-0.036648
-0.023219
-0.189652
0.363674
0.566639
0.167471
0.250150
-0.322580
0.158431
2.481414
-0.498207
0.179593
0.141985
0.579270
0.807844
-0.529709
-0.255298
0.346897
-0.243580
0.757155
0.336075
-0.018173
0.403699
-0.157719
0.352084
0.663209
0.702138
0.318992
0.217875
0.499376
-0.718257
-0.178082
0.221008
0.696151
-2.059361
0.528032
-0.312389
-0.430376
0.422951
0.097523
0.750866
0.159542
0.476656
-0.073070
-0.361358
-2.000201
-0.527369
-0.585148
0.706961
0.467642
-0.155036
0.069842
0.474287
-0.351937
0.404717
-0.015584
0.475089
-0.161060
-0.187671
0.432420
-0.160828
0.309771
-1.966896
0.860467
0.337592
0.615406
-0.143456
0.721476
0.685368
0.237128
0.361841
0.083047
0.399555
2.590465
-2.227512
-0.347950
0.226709
0.218911
0.418776
2.671516
0.477364
0.305394
0.386121
-0.173820
-0.368943
0.539685
0.210978
-1.489142
-0.258611
0.898428
0.587686
0.173290
0.735079
-0.303025
0.444409
-0.455186
-0.497451
0.711888
-0.064998
-0.039151
0.773334
-0.098469
-0.343646
0.569986
0.270805
2.462943
-0.130106
-0.914878
0.272812
0.526007
0.837787
0.624296
-0.359614
0.060888
0.455383
0.254594
0.001964
-1.856822
1.416973
0.965396
0.563305
-0.391980
0.226387
0.048259
0.109805
-0.106437
-0.098874
-1.699503
0.261209
-0.712638
2.628042
0.333010
0.507360
0.450652
-0.085526
0.342630
0.240655
0.446680
0.753640
-0.067470
1.237507
-2.263405
-0.500734
0.529896
0.578921
-0.801547
0.015401
0.332824
2.527131
0.627834
0.437979
0.075699
-0.500714
0.683196
-0.234287
-0.304732
-0.346236
-0.873573
0.592995
-0.447673
-2.280530
0.095626
0.306825
-0.515114
0.130637
-1.981037
0.425729
0.876602
-0.463174
0.105203
-0.715954
0.507086
-1.989508
0.062374
-2.140169
-1.031080
0.987838
-0.278012
-0.902195
0.451057
0.307145
0.567152
-0.255696
0.198756
0.302079
0.487395
-0.417790
0.048323
0.875829
0.258408
0.769442
0.051444
0.502962
0.001084
0.248282
0.554516
0.430969
-0.095525
0.693158
-0.077083
0.366462
0.140270
0.485730
-0.422208
0.603367
0.217686
0.208107
0.282603
0.051695
-0.389454
1.677926
-1.973982
0.424879
0.440843
0.653608
-0.271222
-0.018165
0.017236
-0.277337
-0.348472
-0.230373
-0.265642
-0.441017
0.357507
0.709060
0.387205
-0.872721
0.324227
0.117084
0.867466
0.417033
0.403530
0.389776
-0.615456
-0.626957
0.617252
-1.922020
0.161550
0.506038
0.218480
-0.068970
0.044711
-0.225412
0.607804
2.473327
-2.108266
-0.977569
0.417530
-0.494597
0.596983
-0.148704
-0.101444
0.661129
0.210457
-0.897304
0.143423
0.355041
0.424773
0.464250
0.264773
0.337092
0.351470
-0.349982
-1.622043
0.900264
0.047505
0.037700
0.885892
-2.683374
0.391019
0.322538
0.748392
0.121523
-0.169914
-0.582726
0.201647
0.654897
0.340339
0.207648
0.102312
1.332646
-0.590832
0.253703
0.433467
0.444501
0.235557
0.641593
0.486730
0.425328
0.027997
0.228136
0.133792
0.749750
0.228199
0.209188
0.081781
-0.468281
0.789127
-0.014800
-0.019785
0.651118
0.167927
-0.396850
0.590547
-0.183779
-2.106231
0.038262
-0.101564
0.028589
-0.047399
0.149249
0.265748
0.001653
0.085882
0.144103
0.189661
0.320241
-0.034867
2.712399
-0.518547
0.132584
-0.822061
-1.999227
0.316387
0.243639
0.215908
0.758289
0.357137
0.124318
2.628263
0.354254
0.665302
0.536479
0.440243
0.199644
0.320134
0.297590
0.315266
0.361701
0.454269
2.080337
0.586801
-2.258959
0.685107
-0.205031
0.330662
0.728155
0.247306
0.449311
0.212508
-0.287815
0.147764
-0.084781
0.391857
0.690352
0.399246
0.543492
-0.201669
0.168126
0.522731
-0.484369
0.562065
-0.092860
0.452231
0.337635
-0.304688
-0.053321
1.605815
0.400816
0.001892
0.334969
-0.193739
0.549212
0.685804
-0.532464
-0.193224
-0.194499
0.594667
0.685448
0.817073
-2.040822
0.280591
0.665818
0.657768
-0.296113
-0.255038
-0.460043
0.333831
0.879849
0.137422
0.094978
0.401581
0.144779
0.547779
-0.348905
-0.929410
-0.031987
0.386245
0.997238
-0.725859
0.492662
-0.423286
0.412322
0.819113
0.356277
-0.027448
1.120573
-1.739599
0.371130
0.482828
-0.604858
-0.909601
0.348221
-0.245819
0.162610
0.710020
-0.245827
-0.537998
0.177578
-0.045532
2.663220
-0.154645
0.828588
0.324526
0.352579
0.645123
0.316170
0.062964
0.604903
0.097054
0.526840
-1.879164
0.658787
0.347881
-0.034528
0.811053
0.038426
0.746394
0.109722
0.187006
-0.391071
0.497601
0.704564
0.672801
-0.160619
-0.572689
-0.022049
-0.117449
-1.887977
-0.034655
0.777347
-0.654758
0.013590
0.427402
0.463194
-0.683098
0.108746
-0.078287
-0.105323
0.777343
-0.620431
0.409449
-0.038978
0.099639
-0.213639
-0.431413
0.572354
0.580808
-0.214048
-0.396523
0.615723
0.764432
0.210374
0.638437
0.634657
0.315514
-0.010416
0.335355
0.703286
-0.121147
-2.026027
0.252775
-0.099051
2.044509
0.153639
0.879773
0.854294
1.483426
0.399230
1.556539
-0.081715
0.459935
0.576564
-0.028469
0.039358
-0.167292
-0.231295
0.396457
0.286176
0.546948
0.725728
1.010636
0.469664
0.311242
0.372639
-2.325529
0.197390
-0.488980
0.593076
-0.668893
0.086342
0.341482
0.596108
