3.318302
-2.158799
-2.582993
0.235545
1.197809
0.558599
-0.950547
0.870903
0.076772
0.661043
-1.957672
-0.124355
-1.937970
-1.004067
1.387686
2.753274
-2.677945
2.553590
2.645170
-1.501940
-0.960070
2.279423
1.487655
2.331809
-2.117585
-0.129703
0.870903
-2.148698
1.892547
-0.295441
2.896614
-2.137526
0.956133
0.255182
0.152649
2.414950
0.172191
2.616797
-0.400241
0.674741
-0.528074
1.614247
-0.124355
-0.244979
1.806341
2.303611
9.496085
-2.330559
-1.685673
-1.532354
-1.412141
-1.951303
-1.797595
1.074374
3.183235
-2.982937
-1.122073
-1.307802
-1.824470
0.079830
-2.607884
1.024007
-0.811034
0.835357
-1.768192
2.191046
-2.432966
1.529154
-2.437099
-1.741532
-2.746802
-0.870903
-0.429762
2.158799
-0.214061
2.461071
0.372988
0.270947
0.348771
2.914794
-1.768192
2.930499
-0.699893
-1.815775
0.288055
0.253674
0.000000
2.403778
-2.483704
-1.212026
-1.833791
1.570796
3.440092
0.651077
0.651077
0.211093
-0.813962
0.400241
-1.892547
-1.951303
2.386488
0.205395
2.104505
0.815692
0.566729
2.411693
-0.812419
2.819842
-2.050316
1.657535
0.699893
-2.774419
-1.707863
1.729452
-0.726642
-1.262744
-0.172191
1.352127
1.024007
-0.266252
1.609239
2.746802
2.677945
-1.533776
2.356194
-1.824470
-0.982794
-1.824470
1.030377
9.309901
2.498092
-0.218669
0.189988
-0.528074
0.086738
3.178613
-2.878598
-2.843094
1.532354
-2.034444
-2.988943
3.377138
2.094075
-2.741352
1.916352
-2.843094
-1.980924
0.674741
9.227382
-0.992894
1.784857
-0.972377
0.079830
2.300696
-0.674741
-2.279423
-1.056345
1.315614
2.403778
2.205823
1.471128
1.176005
-1.037088
-1.642104
-2.694073
-0.124355
2.111216
-0.372988
-0.394791
-2.016902
1.418147
1.919567
-1.138389
2.660705
-1.957672
-0.463648
0.000000
0.919720
0.404892
-1.742987
1.024007
1.275355
-1.347320
-1.051650
2.034444
-0.785398
-1.905533
1.695151
0.992894
-2.553590
-1.831399
-0.688924
-1.197809
-1.806341
2.958482
-2.356194
0.732815
-3.022164
0.482513
9.259629
-0.496423
2.214297
2.878598
-1.735945
-1.925502
1.030377
1.989021
0.158655
-2.005467
-2.384758
0.756835
-0.499347
1.030377
0.079830
-2.325901
1.317122
-2.601173
-2.134113
-0.811034
-0.262995
-1.760785
0.321751
-2.761086
2.988943
-1.292497
-2.451146
2.777614
0.890275
-0.992894
0.244979
-2.642246
-2.221873
1.843805
-1.141034
2.587285
-2.694073
-0.463648
-1.570796
-2.727086
0.152649
-2.741352
-0.283794
-0.812419
-2.199593
3.030935
-2.437099
-2.085248
0.726642
-0.345556
2.768605
1.160669
2.587285
-0.380506
-0.432408
-0.896055
1.700499
3.212900
-2.574863
-3.054854
-1.815775
9.424778
-2.613518
0.000000
0.533708
-2.731465
0.919720
-2.158799
-1.858852
2.016902
0.079830
1.527345
-1.849096
0.152649
-2.659079
-0.982794
2.622447
-2.098871
-0.165149
1.806341
-0.321751
-2.279423
2.831890
1.222025
1.227772
2.896614
-0.890275
-0.651077
1.943784
9.241667
0.000000
-0.519146
0.000000
-1.418147
0.394791
0.726642
0.876058
-2.169215
2.228685
1.315614
-2.533791
1.225241
0.598419
-2.251318
2.191046
-0.551655
0.309703
-0.444419
-1.269876
-0.358771
2.727086
-1.797595
3.294242
0.309703
2.857799
-0.463648
-2.896614
3.064821
-1.261093
-1.695151
2.944197
0.339293
0.635027
-0.680521
-2.303611
3.107124
0.372988
3.180035
1.297788
3.022164
1.373401
0.755104
1.919567
-0.598419
0.038443
2.819842
9.318042
1.356736
1.644735
2.437099
0.726642
1.854590
1.152572
-1.016489
0.446106
-0.982794
-1.862253
-0.386876
0.463648
2.695487
-2.530867
-2.158799
-2.441700
-1.236059
-0.588003
0.759763
-1.089909
2.466852
1.304544
-2.645170
-2.018316
-1.160669
1.287002
-2.976444
-2.251318
-1.605265
1.203622
-1.642104
0.129703
-0.902507
-1.880499
0.000000
9.464757
-2.512796
0.554307
0.758378
-0.426627
-2.329174
-2.158799
-0.388319
-2.231839
1.997424
0.643501
-0.755104
2.660705
2.731465
-1.610775
1.490966
1.768192
1.610775
-2.878598
0.039979
-2.191046
-2.970857
1.657535
3.294242
2.306236
2.642246
3.283490
2.331809
-0.414507
2.104505
2.356194
2.297439
2.441700
-0.197396
0.000000
2.134113
-1.373401
-1.335251
3.030935
-2.677945
0.308053
0.866302
-0.039979
9.507919
-0.038443
1.815775
1.723446
-1.607816
0.463648
-0.890275
-2.199593
0.047583
1.222025
-2.768605
0.919720
-2.325901
0.068856
2.512796
-0.651077
3.185044
2.461071
2.300696
2.695487
-0.226799
-0.273009
0.394791
-0.566729
1.742987
-2.384758
2.181522
1.297788
-1.165905
-2.356194
-1.490966
1.356736
1.317122
3.026716
-2.677945
-2.270689
2.053310
-2.483704
0.119429
0.610726
0.785398
0.935770
-1.535097
-1.869295
-0.444419
-0.729900
0.367174
-0.862170
-1.262744
-0.694738
0.444419
-0.756835
1.919567
0.086738
-2.330559
-2.437099
-0.704494
-2.857799
2.857799
0.519146
2.868584
-1.156289
1.776192
-2.251318
-2.999696
1.657535
-0.758378
1.661456
-0.994421
2.466852
0.035699
1.037088
0.554307
3.103150
-1.016489
9.463221
2.819842
0.000000
-2.662073
-2.572279
-1.843805
-1.307802
-2.796037
3.009041
0.847817
-0.588003
-2.408778
-3.278659
-2.329174
-2.808348
-0.588003
-0.762147
-0.533708
1.337053
3.221423
2.018316
0.119429
1.570796
-3.067654
1.729452
2.541542
-2.846152
2.647651
-2.782822
-0.661043
-1.107149
-0.600050
-0.950547
2.543174
-2.477546
-1.455920
0.079830
3.178613
2.137526
-2.356194
9.535435
0.935770
-0.273009
2.483704
1.423718
-0.758378
2.782822
-2.543174
-2.530867
-1.892547
-1.644735
-2.067219
0.205395
0.927295
1.913820
1.735945
2.158799
2.753274
1.712693
-2.563691
-1.685673
-0.480887
-2.553590
0.444419
1.236059
0.785398
2.709185
0.732815
-0.039979
-0.732815
-0.866302
1.494024
2.089942
-2.594804
-0.972377
-1.612439
2.016902
-0.651077
3.141593
-1.176005
1.570796
-1.490966
-1.123276
-1.390943
-0.982794
0.000000
-0.345556
2.677945
2.356194
0.479519
-2.731465
3.261022
2.181522
-0.960070
-3.101614
-1.138389
-0.896055
-1.570796
2.303611
2.323948
2.868584
0.726642
9.539655
-0.278300
3.026716
0.699893
-1.781890
0.674741
-2.148698
3.050933
2.327631
0.546789
-2.659079
-1.843805
0.482513
-0.994421
-0.811034
0.812419
2.191046
2.944197
0.039979
1.176005
-0.870903
2.239086
-1.088283
-2.085248
-2.170847
-1.024007
-1.570796
1.088283
0.372988
0.661043
9.151769
-2.221873
1.335251
2.383215
-2.187093
2.016902
1.993650
0.635027
2.239086
2.125104
3.183235
-1.016489
-0.380506
-1.677532
1.530818
1.249046
0.482513
2.034444
0.484478
1.496857
-0.876058
-1.496857
9.596969
-3.030935
1.869295
-3.064821
-1.004067
-1.905533
0.712358
1.993650
1.212026
-0.866302
-2.642246
-1.849096
0.876058
-2.843094
-0.785398
-1.494024
2.016902
2.034444
-0.598419
-1.781890
2.015216
1.297788
2.521343
-2.853537
-0.124355
0.298499
0.994421
0.785398
0.840897
1.107149
-2.490516
-2.498092
-1.929567
0.226799
2.896614
0.106736
0.533708
-1.494024
1.880499
-2.662073
1.190290
3.248328
2.327631
0.699893
-0.041643
2.695487
-1.768192
