2.723368
-0.946773
1.499489
0.463648
0.651077
0.812419
-8.368433
2.601173
-0.588003
0.345556
0.446106
-0.919720
-0.463648
1.699120
2.281706
-0.761013
-1.494024
1.647568
-0.110657
0.868539
1.296629
-0.950547
-1.940130
2.194819
-0.704494
-7.565926
-1.807645
2.798569
1.533776
-0.927295
3.109346
0.858439
-1.815775
-7.325907
0.103082
-1.225241
2.137526
-1.677532
3.283490
-1.136126
-2.761086
-0.597177
-8.431884
2.477546
-0.418224
-1.042722
2.329174
1.165905
-0.170735
1.760785
1.945130
-0.152649
-8.591797
-8.665015
-9.006554
2.677945
-0.463648
-0.934288
1.815775
-1.001483
-9.024537
1.310194
3.041924
-0.158655
-8.589421
1.499489
0.992894
0.367174
-8.347923
2.951604
0.137066
-8.914290
-8.873123
-8.226969
1.843805
-0.034469
-8.197006
1.203622
-1.227772
2.330559
2.711830
1.063698
-8.781277
-0.345556
0.657889
-2.167973
0.426627
-8.990108
-8.828579
-1.107149
-7.459191
3.009041
0.158655
2.245537
2.647651
2.051684
0.588003
3.105894
-1.789465
1.833791
-0.680521
1.880499
-2.018316
1.781890
3.072736
2.332943
-9.057604
3.345611
-0.183111
2.830594
0.902507
0.685730
0.110657
-8.930837
-0.463648
-9.070072
0.354706
1.815775
2.098871
1.451367
1.501940
2.261243
2.256526
-0.374334
-1.913820
-1.428899
0.927295
-8.006631
-8.808481
0.309703
2.517570
3.170156
-8.528723
-0.837981
1.707863
2.594804
-0.962994
-7.590987
-8.901500
-8.591797
-7.716915
2.466852
-1.387686
-0.235545
-0.982794
1.496857
1.496857
-9.083799
-2.896614
2.694073
1.747505
-0.896055
1.024007
2.562518
3.077166
-0.735440
-2.830594
-8.716152
-7.688833
1.359703
2.283154
0.000000
-0.447520
-0.152649
-1.633215
1.681454
0.262995
2.270689
-1.843805
-8.788270
-0.735440
-8.896704
1.760785
0.708626
1.570796
-0.901157
-1.042722
-1.282741
1.781890
-7.960717
1.605265
2.455863
-1.156289
-7.683246
2.950408
-2.018316
-2.754717
2.645170
0.204018
-8.221155
0.479519
2.461071
-0.076772
0.288055
-8.288652
-0.447520
0.170735
2.169215
-8.302705
-0.033321
1.858852
-0.576375
0.588003
1.030377
2.896614
0.310998
-8.930837
-1.012197
-9.044272
-0.737815
0.071307
-8.394401
2.261243
0.732815
-8.720284
-8.361080
1.141034
-2.251318
-1.047518
-1.024007
-7.265979
-7.916400
2.830594
2.930499
-0.110657
-9.164176
-0.400241
-8.730040
-9.081754
-8.836775
0.657889
1.807645
-1.537475
-1.609239
2.582993
0.358771
-9.014651
-8.995016
-0.189988
-0.496423
0.514451
2.774419
-8.544428
1.024007
0.309703
1.144169
2.779048
2.774419
2.525296
-0.832981
3.324703
-8.928355
2.461071
-8.441984
-2.214297
2.553590
-0.137066
-2.754717
-0.137066
-8.364470
-0.885067
-0.071307
0.434670
0.147078
2.406153
0.300920
2.381830
3.041924
2.140110
1.122073
2.283154
-8.795982
1.871717
-8.884358
-0.400241
-0.735440
1.535097
3.077166
3.324703
3.274144
-1.078987
1.747505
0.697391
3.177292
-8.760732
2.331809
-0.367174
-0.147078
1.074374
-8.946426
2.283154
-2.117585
-0.649870
1.501940
1.862253
-1.138389
-0.434670
-8.788270
-0.309703
-8.920612
-8.943891
-8.914290
-2.878598
-0.110657
1.460139
1.690225
2.178598
0.636508
2.582993
1.933341
3.181571
0.429762
0.651077
1.423718
-1.307802
-1.843805
3.206019
0.033321
-0.343024
-8.091818
0.785398
-8.441984
-0.965252
1.965587
-8.873123
-1.642104
-8.544428
0.528074
-1.359703
2.930499
1.943784
0.811034
0.885067
-1.609239
-8.575636
0.367174
-1.707863
3.278659
0.759763
-0.690446
0.912908
-0.479519
-7.624750
0.616297
-1.333948
2.723368
1.866237
2.843094
1.471128
-9.179799
-0.785398
-1.249046
0.000000
-8.350404
-0.367174
-0.124355
1.249046
2.562518
0.463648
-1.508378
-0.076772
-8.544428
-0.229232
-1.138389
-1.760785
-0.835357
3.274144
2.999696
-2.906048
0.546789
2.843094
0.447520
0.165149
1.136126
-1.532354
-0.493941
-8.961130
2.498092
2.265535
2.214297
-2.922924
1.854590
3.041924
0.321751
1.190290
-1.238737
6.061103
1.136126
-0.244979
-1.657535
2.594804
1.806341
-8.712420
1.533776
1.933341
0.896055
1.387686
0.197396
-2.840672
-1.341564
2.694073
2.356194
2.723368
2.631104
-8.682831
-0.076772
3.026716
-1.570796
-0.755104
3.141593
-7.785125
2.950408
-0.919720
-7.307193
0.480887
2.958482
-0.548549
2.158799
2.906048
0.244979
1.499489
-8.058000
3.306741
-0.298499
-8.845704
-0.229232
-0.715744
1.642104
3.013269
-1.152572
0.729900
-1.405648
-0.866302
2.859038
-8.639380
-7.642888
-9.133321
2.016902
0.759763
-2.944197
-0.041643
-0.840897
0.588003
-1.570796
-0.147078
2.381830
3.046641
-1.333948
1.464061
-0.785398
-7.853982
2.356194
-0.597177
2.831890
-1.703348
2.663240
0.528074
-0.170735
-0.809784
0.288055
0.628796
-1.107149
-0.991722
1.107149
-8.866179
-1.292497
-2.796037
-7.600308
0.446106
-1.259798
2.176341
2.018316
-1.025141
2.432966
-1.789465
-0.533708
-2.287808
-3.141593
0.039979
2.111216
2.330559
1.700499
2.525296
1.904041
-0.345556
0.244979
3.345611
3.141593
-0.354706
0.514451
3.109346
-1.471128
1.610775
-0.935770
-0.478352
2.887919
2.863293
2.490516
1.460139
-0.832981
-0.183111
1.448954
-2.308611
-1.418147
-8.490490
3.180035
1.937970
1.359703
1.831399
-9.155610
1.607816
-8.364470
3.108272
-0.588003
0.300920
-8.511870
-1.681454
-8.866179
-0.912908
-0.972377
-8.855465
-1.605265
-0.510488
-0.811034
2.572279
0.463648
1.196463
1.904041
-1.869295
2.677945
-0.880350
1.849096
-0.110657
2.429235
1.735945
2.279423
-2.798569
1.380808
1.985303
-8.347923
1.985303
2.067219
-0.546789
-8.961130
1.839964
-1.451367
2.543174
-1.667270
1.806341
2.207305
2.049149
2.234842
1.858852
-0.321751
-2.863293
-8.905632
2.034444
2.627141
-9.215755
0.759763
0.226799
-1.460139
-0.569313
-1.637364
2.970857
1.237552
-8.804528
0.204018
1.535097
0.076772
-0.480887
-8.845704
2.053310
1.341564
-0.906750
3.173840
-1.292497
1.753907
-8.917679
-1.418147
1.570796
-1.644735
1.249046
-1.971037
0.204018
-1.380808
-8.884358
-1.504228
-0.832981
-0.496423
-2.034444
1.494024
-8.617161
1.712693
2.381830
0.514451
0.785398
1.359703
-0.073939
1.570796
1.925502
-0.288055
3.324703
-0.835357
0.093477
-2.498092
-0.809784
0.540420
1.030377
2.964884
-8.572812
-8.072651
-0.432408
-0.685730
0.463648
-0.043451
-8.216526
-9.073333
1.881795
1.533776
-1.433730
-2.521343
-2.331809
-8.479467
-7.575682
-0.343024
-8.928355
-1.121037
-8.774908
-0.298499
-8.558476
-8.788270
-2.105751
0.103082
-8.317629
2.694073
3.070285
0.828849
-0.579074
2.505084
-0.152649
-1.307802
-1.464061
2.779048
-0.685730
3.177292
1.943784
-2.887919
0.960070
1.723446
3.046641
1.747505
-7.754313
-8.914290
2.956245
1.152572
-0.491809
1.610775
-2.085248
-1.141034
-8.639380
0.345556
-1.741532
3.072736
1.282741
1.071450
2.982937
-0.651077
1.570796
2.930499
-0.785398
0.288055
2.505084
-8.593957
3.312328
-0.463648
-1.494024
1.156289
2.618314
0.218669
2.137526
1.237552
-8.154902
-0.332059
1.380808
-0.218669
-0.880350
0.785398
2.754717
1.496857
