2.194819
2.306236
1.439969
-2.101012
-0.300920
-1.357858
-2.645170
-2.838708
1.494024
1.955954
0.661043
1.892547
-2.910502
2.085248
2.498092
-2.403778
-2.158799
0.574305
0.668289
-3.020969
1.348714
-0.598419
-0.927295
-1.759018
2.341270
1.455920
-1.735945
0.000000
2.432966
1.160669
-0.726642
1.015303
1.019141
-0.947597
-2.117585
0.025635
-0.463648
2.308611
2.727903
1.750650
2.944197
-1.249046
0.915101
-1.700499
1.352127
2.622447
-0.392340
-1.673878
0.764125
1.929567
-2.292451
0.534955
2.694073
-1.535097
0.390607
-0.463648
3.141593
1.124691
0.564569
-2.000559
2.282255
0.652847
0.274167
-1.656302
-1.807645
3.079174
1.170556
-1.600200
0.076772
0.643501
-0.534955
2.795054
2.279423
2.714965
-2.563691
-1.325818
-0.134321
2.896614
-1.620755
2.286540
-0.038443
3.003587
1.249046
2.937575
0.083141
1.756144
-2.609869
-2.221873
1.089909
1.146602
0.390607
2.262133
-1.828120
3.141593
-3.004526
-2.601173
2.714965
-0.661043
-1.435269
1.170556
-0.218669
-0.715744
2.710900
3.064821
1.161888
-0.872137
1.343997
-1.823351
0.548549
1.712693
1.768192
0.588003
-2.478390
2.498092
-2.356194
-0.510488
-0.244979
-0.849141
-0.301619
-0.439843
-1.138389
0.332059
-0.574305
2.331809
2.122451
1.815775
-2.185459
-2.811295
-2.750986
2.337329
1.006227
2.830594
2.451146
-2.740364
2.466852
-1.570796
-2.806856
0.080904
0.868539
0.999459
-0.452778
-2.999696
-1.132460
2.158799
2.546183
1.624798
1.945130
2.220667
-0.524796
-0.890275
-1.544487
-1.635921
-0.726642
3.024484
-2.553590
-0.566729
-0.034469
-0.071307
2.483704
3.017238
2.120650
1.385448
0.388319
0.883125
-2.875341
-1.916352
-1.325818
0.380506
-0.887087
3.141593
-0.449760
-2.761086
2.694073
-1.046001
-0.643501
0.726642
-0.680521
1.937970
0.649870
2.158799
0.308053
-1.156289
-1.797595
-2.406153
1.441094
0.493941
1.843805
-0.386876
0.124355
-2.601173
1.004067
-0.449760
0.785398
-2.798569
-2.126290
2.622447
2.896614
-0.946773
-1.292497
1.975688
-0.090660
2.214297
0.071307
-2.234842
-1.107149
-1.730709
-0.240171
1.616220
-0.388319
-0.314758
-1.892547
-1.306833
-0.628796
-2.498092
-1.815775
-1.339706
-2.023575
-0.257324
2.746802
-2.045807
-1.471128
-2.750986
1.414194
2.158799
-2.074962
1.839964
3.017238
2.096863
2.006150
0.809784
2.539305
0.197396
-0.694738
-0.193211
1.940130
-2.560212
-2.455863
-3.034857
-1.222025
3.022164
-2.125104
-0.558599
-0.463648
2.744513
2.191046
1.424784
-0.514451
2.129396
2.022249
1.570796
1.570796
0.269167
1.661456
1.854590
1.039072
2.727086
2.231839
0.232557
2.618314
-1.352127
0.404892
-2.498092
0.188222
-3.066733
1.238737
1.474323
-1.076855
-1.007480
2.939830
-2.231839
-3.058451
-0.580003
-0.638320
2.833540
-2.703256
1.165905
-1.892547
-1.423718
0.540420
1.071450
3.034857
0.000000
-1.182478
2.293776
1.899846
1.120135
-2.265535
-0.614663
1.042722
-0.612538
2.863293
1.412141
2.070143
-1.961403
2.234842
2.963996
0.129703
-2.077895
-2.587285
-2.021458
-1.508378
-0.394791
0.340979
-1.015303
0.635027
-2.543174
-0.073939
1.182478
1.933341
-2.731465
0.426627
0.960070
-1.307802
-0.970746
1.304544
2.744513
-1.789465
3.081061
2.999696
0.915101
-2.805954
2.629203
-2.003204
-1.706324
1.185639
0.613207
0.068856
2.819842
2.573068
-2.397837
-2.432966
-1.067953
2.173084
-1.570796
-2.537843
0.418224
2.606638
-0.942000
2.918116
1.325818
1.107149
-1.956679
-2.461071
2.729182
-1.071450
-1.341564
-2.251318
0.885067
1.969319
0.334737
-1.446441
0.561922
-1.768192
2.582993
-2.081285
-0.785398
0.588003
-2.731465
-1.499489
-2.356194
1.866237
0.785398
-2.429235
-1.257895
0.759763
1.152572
0.832981
-2.466852
-2.148698
2.137526
-2.746802
0.214061
0.000000
2.201876
-0.312901
0.832981
-0.849141
-1.132460
1.172274
0.606988
-1.464812
-2.736701
1.806341
-0.982794
-0.982794
-1.639653
1.730709
0.380506
-2.632000
-0.396441
-2.736701
-0.514451
-2.279423
2.695487
-2.774419
1.249046
0.161375
-2.422763
-1.759018
-0.724250
-1.592070
2.601173
-1.932000
1.423718
-2.677945
1.570796
-2.578276
-1.764008
-1.869295
3.064821
1.460139
-0.287281
1.892547
1.107149
2.356194
1.040581
2.293776
-0.204018
2.922924
1.366778
-0.179853
1.596432
-1.499489
1.792878
-2.070143
-1.418147
0.352990
1.007480
1.723446
1.473543
2.203545
-3.103150
0.712358
2.396173
-0.507099
0.189988
0.260602
2.875341
2.070143
-0.185348
-1.095101
-2.642246
0.110657
1.700499
-2.184004
-0.625485
1.325818
2.403778
0.114877
-2.308611
-1.904041
-1.477320
-0.564569
2.577023
-1.318242
-2.007423
-2.403778
1.292497
-1.570796
1.570796
-2.137526
0.000000
-1.570796
2.034444
-0.478352
-1.277207
-0.524796
1.301629
-2.422763
-3.053585
-1.359703
2.622447
-1.385448
2.169215
-2.922924
-1.667270
0.953605
3.141593
2.158799
-1.097440
-0.837981
-1.428899
-2.779048
-0.038443
-0.463648
2.802300
2.806856
0.514451
0.493941
0.674741
0.973620
-0.595410
-0.880350
-2.690140
1.396124
0.950547
-2.411693
-2.505084
-2.047264
0.397079
-0.811034
-2.944197
0.321751
3.077166
0.380506
0.141897
0.868539
1.249046
-1.570796
-0.064427
2.214297
0.293589
-0.858439
-2.122451
-1.071450
1.275355
-1.333948
-0.257324
-0.939717
0.496423
-2.963996
-0.138006
-2.934096
0.945311
1.000756
1.956679
1.661456
-0.410127
-2.253113
2.770701
-1.916352
-0.197396
0.321751
0.204018
1.292497
1.942864
1.540503
2.677945
0.890275
1.012197
1.535097
-0.515549
-1.380808
1.735945
2.939271
2.988943
1.299849
-0.588003
2.939271
-0.183111
2.209710
1.703348
-0.540420
0.598419
3.094010
-2.289626
0.982794
-2.186416
-0.207496
3.020969
-1.866237
-1.684588
-1.380808
-2.677945
3.094010
1.107149
0.496423
-0.643501
-1.069192
2.718739
1.107149
-1.935998
-2.096863
1.012197
2.015216
-0.484478
-2.767259
-1.882838
0.388319
0.597177
2.756435
-1.307802
-1.824470
0.607802
-1.971037
0.822418
1.530818
-2.690140
-2.995580
0.785398
-0.141897
-0.262995
0.380506
2.293776
0.558599
-0.233743
-2.381830
-2.390664
-2.338652
0.438337
0.942000
-0.588003
-2.663240
0.205395
-1.701624
-1.892547
1.267911
1.935998
3.141593
0.616297
1.107149
-2.063282
-0.224711
0.000000
-0.649870
0.862170
1.979704
1.700499
-1.178456
0.207496
2.261243
0.066568
0.484478
-2.107232
1.325818
0.674741
-1.066630
1.570796
3.064821
1.275355
-1.284745
-1.892547
-0.332059
-2.048142
1.046001
2.754717
2.944197
-0.856706
1.712693
0.345556
-1.249046
-2.308611
-2.276365
1.046001
-1.249046
1.570796
0.000000
-2.207305
1.485291
2.134113
-0.039979
-3.096169
1.664273
-0.982794
-2.788602
2.094075
-1.308676
2.178598
1.951303
-2.819842
-1.748392
-2.805954
0.896055
0.806672
3.091634
-2.330559
0.588003
-2.578276
-0.345556
0.927295
-1.768192
3.045119
-0.038443
-0.569313
-2.034444
0.321751
1.806341
-0.623199
-2.578276
0.768451
-0.071307
0.943488
1.522054
-0.603749
2.553590
2.401618
2.158799
2.178598
-1.222025
1.222025
