-0.034469
2.732685
-2.508844
-2.884269
3.046641
-2.963996
2.761086
1.815775
-2.422763
-1.094329
2.441700
-1.083897
0.554307
-2.325901
0.909753
1.231504
0.321751
-2.879473
-3.079174
0.281772
2.810497
0.892134
2.750986
-1.633215
-2.471071
0.086738
-2.158799
-0.822418
0.489957
1.304544
-1.063698
1.046001
-0.418224
-0.588003
-1.120135
3.017238
-1.768192
-2.632000
1.276562
-0.197396
0.674741
0.076772
-0.938047
-2.466852
0.687671
1.152572
0.649870
1.176005
-2.356194
-0.463648
0.035699
-1.272297
-2.914794
1.849096
-2.976444
-1.759018
-2.896614
-0.624023
0.124355
-2.089942
-0.185348
2.765632
-0.099669
0.526066
-3.060689
-0.965252
2.034444
-1.518213
0.610726
1.972025
-0.965252
1.657535
-0.041643
0.404892
1.343997
2.377468
2.176341
1.892547
1.929567
1.237552
-1.410883
-1.212026
1.433730
-0.094952
-0.438337
0.636508
2.439336
0.679414
2.896614
2.439336
0.540420
-3.027801
-1.348714
-2.436024
-2.199593
0.690446
3.105894
-1.180189
-2.976444
-1.545802
2.870646
-2.377468
0.185348
1.257895
0.444419
-0.982794
0.099669
-2.937575
0.819867
-3.109346
-3.064821
1.723446
3.014083
-2.691833
2.609869
1.735945
2.589938
1.892547
3.077166
-0.946773
-2.100386
1.152572
0.785398
2.761086
-0.218669
1.849096
2.073640
0.291457
-1.169568
-2.731465
1.217806
-2.896614
1.249046
2.475623
2.819842
-3.009041
-2.700413
-1.310194
1.951303
2.022249
0.531724
-1.184914
0.197396
2.245537
1.735945
3.050933
2.261243
2.176341
-0.302885
3.094010
0.870903
-0.348771
2.717398
-0.597177
2.145101
0.138006
-0.828849
2.356194
-1.249046
0.785398
-0.156602
2.236766
3.141593
2.184004
0.950547
2.925508
0.741947
2.064738
0.785398
0.832981
0.000000
0.432408
-3.041924
-1.051650
-0.737815
-2.199593
-1.922241
2.284887
2.746802
-0.062419
-1.969319
-1.352127
-2.537843
-1.385448
2.976444
2.093200
1.074374
-1.804540
-1.664273
1.687905
1.423718
-1.980924
1.837048
2.356194
2.120650
-3.110353
-1.025932
2.308611
0.291457
-1.107149
0.244979
-2.582993
2.677945
-2.882822
0.244979
-1.892547
0.540420
-2.677945
2.611377
2.508844
-2.356194
-1.849096
1.989021
1.735945
0.668289
-0.927295
-2.553590
2.706922
-0.661043
1.629552
0.343024
-1.673003
-2.606638
-0.603749
-3.050933
-2.761086
-0.982794
1.801887
2.062606
-3.081061
-1.190290
-1.795507
1.025141
-1.249046
1.082462
-0.596199
-2.129396
-1.190290
-1.537475
-1.815775
0.058756
-1.750650
-2.187988
0.099669
0.545655
1.355439
2.810497
2.884269
-2.922924
2.394637
-0.711459
-2.085248
-2.115660
-0.741947
3.113822
2.111216
-2.466852
-2.655971
-0.718830
-0.544280
-0.329624
-0.866302
-1.107149
0.000000
-0.643501
-0.526066
2.124091
-1.690225
0.813962
2.792822
0.073041
-0.698660
1.373401
0.340979
2.553590
1.570796
-2.729182
2.072400
2.792822
-1.367751
0.045423
2.875341
-2.746802
0.370891
-2.665125
1.279340
0.540420
2.482787
-1.512041
2.150799
1.570796
-2.378413
1.107149
2.337329
-2.880990
-2.034444
-1.735945
0.304511
2.314552
-0.743756
2.034444
-1.259798
-0.044415
2.986596
2.137526
3.141593
-0.489957
-1.513716
-2.591739
2.574863
-1.908675
-1.892547
-0.351445
-2.064738
3.141593
0.135528
3.041924
2.245537
-0.524796
-0.174672
0.329050
0.463648
2.961739
1.155304
0.758378
-0.909753
-0.286051
1.626295
-2.143762
1.678486
-3.030935
2.132718
0.825377
2.845047
-0.726642
-2.761086
-2.696292
2.657115
-1.712693
2.265535
-0.655696
0.844154
0.785398
-1.768192
-2.356194
1.363300
-1.107149
-0.048742
2.701750
-0.421419
0.115759
1.892547
1.815775
1.165905
0.354706
-2.337329
-0.876058
-1.304544
0.900275
1.779819
-1.533776
-2.034444
-1.695151
-0.577902
-1.267911
1.373401
0.000000
2.930499
-0.124355
-2.889038
1.348714
-1.107149
0.211093
2.461071
-2.539305
-1.107149
1.593520
1.644735
1.933341
1.083897
-0.876058
0.310998
-2.482787
-0.549853
0.485622
2.356194
0.397079
-2.753274
1.222025
1.647568
1.892547
-2.574863
0.124355
-1.451367
2.572279
-2.524401
0.000000
-1.107149
-1.428899
-0.463648
-0.649870
-2.011976
2.203545
2.105751
-0.244979
0.489957
2.870646
-2.622447
0.197396
-2.754717
1.355439
2.062606
-0.392340
-0.237836
1.706324
-2.062606
-2.471071
2.137526
-2.356194
0.321751
0.179853
-1.460139
2.273053
-1.310194
0.588003
-3.058451
-0.218669
-1.855527
-2.393215
-1.304544
2.657115
-1.717875
2.337329
-0.165149
0.000000
-0.551655
0.785398
-0.191184
-1.076855
-0.610726
2.966920
0.321751
-2.788602
-2.553590
-2.855541
-0.862170
2.048142
0.708626
1.274251
-0.628796
-1.570796
3.041924
-2.427502
-0.982794
-2.060754
-0.165149
2.034444
-0.422854
-1.034985
-2.310771
0.351445
-2.961739
-0.785398
0.345556
2.356194
-1.926432
-1.361773
0.414507
-2.289626
2.561590
1.635223
-0.362544
-2.891150
2.384758
-0.385158
1.681454
-2.647651
-1.784857
-0.062419
-0.743756
0.636508
-2.691833
-1.432790
-1.146602
2.240435
3.030935
2.376600
-2.259721
2.570255
2.498092
2.245537
-0.588003
-0.950547
2.214297
-0.674741
1.570796
1.997424
3.141593
0.915101
1.071450
-2.521343
-2.922924
-1.231504
-2.582993
-2.265535
-2.265535
-0.252554
2.273053
1.712693
0.348771
2.884269
-0.477345
0.571337
-1.107149
2.129396
-2.651635
2.323948
2.616797
2.690140
-1.829567
-2.867425
0.380506
-0.551655
2.664247
3.141593
2.677945
-0.442374
-1.892547
-1.570796
-0.244979
2.699218
0.124355
-2.999696
-2.007423
-2.034444
-1.107149
-1.892547
-1.570796
1.249046
1.292497
1.965587
-1.822486
-0.603749
2.422763
-0.674741
-0.501604
1.989021
-2.546183
-2.019520
2.158799
0.682317
-1.460139
-0.054002
-1.900421
-3.039386
1.544487
2.279423
-2.408778
-1.446441
2.011976
2.179486
-0.759763
-2.980830
-1.703348
1.347320
1.264917
0.043451
-1.513716
0.209023
-1.810028
-2.480549
2.279423
-0.708626
1.107149
-1.781890
0.767856
0.321751
1.227772
-2.536048
-1.516795
3.141593
-2.561590
-2.723368
-0.522403
-2.570255
-0.244979
-1.506369
-0.212938
1.341564
3.141593
-1.627877
2.553590
-1.332960
-0.643501
-1.076855
2.976444
1.313473
0.041643
-0.450661
2.498092
-0.551655
1.837048
1.460139
-1.216091
-1.346085
3.082837
0.637549
-2.214297
2.414950
2.308611
-0.071307
2.062606
-3.101614
0.909753
-0.438337
-1.095101
1.951303
-0.197396
-0.832981
2.451146
-0.598419
2.111216
2.850136
0.927295
-0.463648
0.286051
-0.209023
-1.190290
1.941688
2.677945
2.622447
-2.086345
-0.358771
2.639989
-2.279423
1.190290
0.832981
-1.801887
2.819842
-1.975688
0.896055
0.610726
-1.287002
-2.466852
-0.514451
-2.770701
1.373401
2.446854
0.049958
2.064738
2.872425
-2.601173
-1.803353
-0.856706
2.677945
-2.241318
2.009133
-0.588003
1.570796
-2.553590
-0.785398
2.282255
1.446441
0.855053
-0.844154
-2.284887
-0.035699
1.460139
0.424194
-0.107690
-2.000559
-1.398606
2.251318
1.695151
0.404892
-0.380506
-0.161375
-1.348714
1.418147
2.677945
-2.111216
0.620249
-1.076855
-2.457883
-0.352990
2.877629
-0.763180
-2.948892
-2.191046
-0.551655
