-0.502843
2.034444
-1.490966
1.267911
1.051650
-1.176005
-1.570796
1.464061
-2.356194
-0.896055
-2.958482
-1.071450
-0.439843
1.494024
-0.840897
-1.815775
-0.071307
-1.227772
-1.925502
0.000000
1.249046
-2.356194
-1.206817
1.965587
1.570796
-1.499489
1.712693
-0.674741
-2.642246
-0.244979
0.218669
-1.165905
2.582993
-1.951303
1.335251
2.999696
-2.647651
-0.410127
2.831890
2.089942
2.125104
2.896614
1.396124
0.480887
-0.090660
-0.610726
0.000000
0.904827
0.073939
-2.788602
1.797595
-1.423718
0.426627
-2.265535
2.806856
-0.588003
-0.463648
-0.152649
-2.111216
1.570796
-1.307802
1.706324
0.429762
-1.042722
-0.071307
0.837981
-0.571337
-1.160669
-2.613518
-0.628796
0.519146
2.660705
-2.488746
-2.729182
1.249046
2.070143
1.776192
0.110657
2.414950
0.278300
-2.466852
2.634494
0.548549
0.785398
-0.945311
-1.225241
1.904041
1.629552
2.761086
-3.026716
-0.708626
-0.620249
-0.066568
1.107149
-1.729452
1.729452
-1.249046
2.930499
-1.789465
2.896614
-2.016902
-2.085248
-2.178598
2.697173
0.577902
-0.400241
1.396124
2.543174
2.808348
-0.635027
2.142134
2.982937
2.446854
1.695151
-1.969319
-3.070285
1.455920
2.782822
-2.356194
2.289626
-0.558599
-2.003204
-2.741352
1.723446
3.017238
-0.600050
-2.508844
2.129396
-2.034444
-1.892547
1.943784
-0.262995
-1.405648
1.460139
1.460139
0.632749
-0.148890
0.588003
-0.358771
-0.812419
-0.141897
0.090660
-0.815692
-2.645170
-2.067219
2.273053
2.289626
3.141593
0.308053
-2.906048
0.174672
-2.553590
0.756835
1.570796
2.831890
0.266252
2.677945
-0.480887
2.050316
0.244979
0.463648
-0.982794
2.782822
-0.866302
0.463648
-1.687905
0.244979
-0.380506
0.083141
0.890275
-2.976444
-0.558599
0.380506
-2.835714
2.819842
-1.056345
0.463648
0.119429
-0.308053
-1.058407
-1.030377
-1.499489
0.000000
-2.988943
1.272297
-1.703348
-2.782822
0.463648
2.944197
-1.670465
0.837981
1.024007
-2.808348
-2.279423
-0.982794
1.533776
0.708626
2.761086
-2.104505
0.436627
-2.863293
1.335251
0.785398
1.750650
-2.498092
0.785398
1.152572
1.985303
2.498092
-1.091277
0.037020
0.262995
0.117109
-2.774419
-1.352127
-1.275355
-1.373401
-1.494024
-0.756835
2.982937
-2.067219
-3.009041
2.594804
-1.138389
-0.533708
-0.950547
-2.089942
0.844154
-1.030377
-0.305879
3.141593
-0.295441
-2.485897
1.071450
0.970746
2.804918
-1.249046
2.381830
-0.514451
-3.067654
0.870903
-3.064821
1.282741
-2.221873
3.058451
-2.297439
2.593043
-0.489957
1.570796
2.718739
0.047583
2.754717
-2.265535
-1.130954
-0.822418
-2.034444
0.321751
0.273009
0.348771
2.098871
0.533708
-2.403778
1.343997
-1.913820
-0.380506
-1.176005
-2.253113
1.607816
-2.746802
-2.325901
-2.709185
-2.798569
-2.906048
1.074374
-1.231504
2.312744
2.521343
-2.158799
-2.158799
-0.321751
-2.406153
1.735945
2.466852
-2.446854
-3.070285
0.141897
-0.597177
0.358771
-1.735945
-1.024007
-0.038443
0.755104
0.288055
2.111216
-2.875341
2.199593
0.661043
-0.902507
-1.216091
0.291457
-1.279340
-0.972377
-2.085248
-2.034444
1.107149
1.400061
1.768192
0.632749
0.588003
3.141593
-0.643501
-1.385448
1.849096
0.732815
2.356194
3.141593
1.405648
1.352127
3.141593
-0.938047
-0.942000
0.106736
3.141593
1.965587
1.929567
0.345556
-1.060308
1.606495
-1.460139
2.327631
-2.843094
0.999459
1.650626
-2.380580
0.165149
-1.165905
3.058451
-1.797595
-1.985303
-1.024007
2.064738
-0.321751
1.499489
2.601173
0.083141
1.046001
2.819842
1.768192
2.711830
2.563691
0.512389
0.114877
-1.465919
-0.851966
2.466852
-0.851966
1.182478
-1.160669
0.179853
1.453688
2.677945
2.111216
-0.620249
-2.543174
-1.307802
-2.731465
-0.715744
2.386488
-0.866302
0.528074
0.628796
-0.463648
-1.387686
3.141593
-0.956133
-1.012197
0.519146
-1.869295
-1.570796
-0.429762
-1.421906
-2.356194
-0.540420
2.958482
-1.837048
-2.145101
0.119429
-1.494024
-2.050316
-0.628796
2.536048
-0.566729
-1.677532
2.729182
2.064738
2.137526
0.758378
-1.774814
-2.647651
2.498092
0.165149
1.570796
0.363979
-3.089010
1.610775
-0.817645
0.295441
2.607884
-2.199593
-2.111216
-1.849096
-1.414194
0.321751
1.806341
-1.653938
0.714091
-2.704965
-0.372988
-2.331809
-1.499489
-1.824470
-1.858852
-1.176005
-1.806341
-1.190290
2.077895
-0.828849
-2.645170
1.849096
0.577902
2.051684
0.726642
-1.677532
-1.532354
0.038443
-1.405648
-2.207305
2.279423
1.642104
2.446854
2.699218
1.644735
-1.172274
-2.356194
-2.422763
1.644735
0.463648
-0.090660
0.000000
-1.056345
3.141593
-1.508378
-0.372988
-2.498092
1.249046
1.056345
-0.992894
0.463648
-2.279423
-2.297439
1.570796
0.000000
-2.638749
-2.736701
1.570796
2.214297
3.141593
-0.358771
-2.228685
1.292497
3.141593
-2.589938
-0.062419
-0.982794
2.098871
1.753907
2.694073
2.855541
-0.176709
2.884269
2.158799
-2.169215
-2.647651
1.107149
-1.616220
-3.067654
-0.761013
3.141593
-1.138389
-1.051650
-1.753907
-0.680521
-2.122451
3.017238
-2.850136
-1.741532
0.748378
-1.107149
-1.892547
-0.785398
2.741352
-0.758378
-2.553590
1.130954
3.050933
-2.019520
1.717875
-2.356194
-2.475623
1.854590
-1.923787
-2.356194
-2.774419
-2.191046
-2.259721
-1.639653
1.158386
2.647651
-2.356194
-0.785398
2.868584
-1.760785
1.297788
-2.906048
-1.460139
-1.781890
2.984991
-1.768192
1.892547
-1.190290
0.358771
2.922924
-0.704494
-0.896055
0.152649
-1.681454
0.813962
2.070143
-2.761086
-1.004067
-1.849096
1.212026
-2.677945
-1.675673
-0.851966
0.432408
-0.620249
-0.484478
0.110657
-3.038511
0.076772
-0.418224
2.329174
-1.063698
-0.172191
-0.588003
-2.356194
-1.287002
1.778293
1.176005
-1.614247
-2.356194
-0.345556
-0.183111
1.849096
-0.643501
2.356194
2.770701
-1.824470
-0.463648
0.090660
2.574863
-1.768192
2.853537
-2.018316
2.003204
1.138389
0.945311
-1.418147
0.982794
-0.295441
-0.732815
-2.251318
0.380506
-1.373401
-2.220667
0.862170
0.785398
0.197396
-0.785398
-2.050316
-0.129703
-2.896614
0.404892
1.352127
2.944197
-2.383215
1.446441
-0.954499
-2.199593
2.880990
-1.088283
3.030935
2.994514
-1.815775
2.356194
3.105894
0.950547
-0.519146
-0.982794
3.141593
2.356194
1.272297
-0.141897
-2.711830
3.141593
-0.321751
2.711830
-1.670465
-1.910089
1.570796
-1.249046
3.075024
-2.659079
-1.315614
-2.601173
1.412141
1.446441
0.982794
-2.226492
-1.768192
2.863293
2.530867
1.951303
-0.919720
0.935770
-0.960070
3.141593
-1.307802
1.030377
-1.653938
2.988943
0.000000
-0.785398
0.321751
-2.297439
1.475845
1.089909
-1.570796
2.034444
3.075024
2.319174
2.677945
2.853537
-2.570255
-1.225241
-0.919720
-1.212026
1.797595
2.677945
-2.466852
-2.356194
-0.035699
1.126377
0.759763
-0.620249
2.297439
-2.922924
1.975688
-0.785398
0.047583
-2.316216
-0.588003
1.532354
0.674741
-1.487655
-0.737815
3.017238
1.325818
0.358771
-0.083141
2.886410
2.356194
1.570796
-3.041924
2.191046
-0.436627
-0.755104
-2.055274
-1.570796
