-1.606495
2.994514
2.544416
1.418147
0.429762
-1.644735
-3.103150
-2.303611
0.625485
0.962994
-2.300696
2.922924
-2.191046
-1.261093
0.205395
2.863293
0.119429
2.914794
1.089909
-2.843094
-0.844154
-1.249046
1.089909
0.479519
-2.381830
0.735440
-1.614247
-2.994514
-2.767259
-2.094075
-3.004526
-1.279340
1.227772
1.499489
-1.249046
2.498092
0.321751
1.650626
-0.321751
0.912908
-2.187093
-0.699893
-0.165149
2.408778
-1.490966
2.275290
-2.158799
1.997424
-2.422763
1.307802
-2.283154
0.682317
-0.189988
-2.178598
-2.167973
-0.480887
0.533708
-1.858852
-1.490966
-2.904744
-2.582993
2.958482
1.729452
-0.708626
1.690225
-2.187093
-2.356194
-2.618314
2.446854
-1.635223
0.106736
-3.077166
2.731465
-1.957672
1.196463
-2.607884
-2.329174
0.896055
-2.303611
-1.741532
0.685730
-1.690225
2.988943
0.283794
0.620249
-1.774814
-0.309703
0.170735
-2.660705
-1.677532
1.797595
0.722979
-1.160669
-2.642246
-2.228685
-1.806341
2.050316
-2.741352
-2.601173
-2.289626
-0.524796
2.111216
-1.352127
-2.330559
1.222025
-1.160669
-0.041643
0.817645
1.815775
1.467715
2.951604
1.607816
-1.913820
-1.854590
-1.570796
2.234842
-0.183111
-1.428899
2.731465
2.245537
1.774814
-3.064821
-2.692869
0.909753
-0.598419
-2.483704
-0.870903
0.106736
-0.499347
2.819842
-1.747505
-0.934288
-1.612439
1.833791
-1.398606
2.228685
1.989021
-1.992216
1.455920
-0.514451
3.141593
0.482513
-0.551655
-2.930499
-2.234842
-2.425849
-0.076772
-2.887919
-0.699893
-1.963136
-2.125104
-0.226799
0.954499
0.533708
-0.876058
-0.528074
0.896055
0.482513
-2.408778
0.418224
1.088283
-2.137526
0.533708
2.275290
-2.214297
0.283794
2.117585
2.408778
-2.677945
-1.892547
-1.753907
2.051684
-0.808650
2.228685
2.831890
-1.107149
1.614247
-2.914794
-2.533791
-0.218669
0.223477
1.325818
1.650626
-1.160669
1.985303
1.441094
2.034444
0.519146
-1.717875
-0.813962
2.331809
-0.813962
2.906048
-1.089909
2.137526
0.636508
0.295441
0.388319
-2.711830
0.620249
-0.197396
-1.925502
-0.321751
3.141593
2.437099
-2.779048
-0.729900
-1.016489
-1.107149
1.849096
-2.378413
-1.123276
2.506566
-0.651077
2.786887
0.394791
1.197809
-1.642104
-0.817645
2.441700
-0.333244
2.129396
2.553590
-2.060754
1.789465
-0.189988
2.541542
2.808348
1.951303
2.089942
1.076855
0.000000
1.880499
0.610726
-0.205395
2.356194
3.030935
1.570796
-2.944197
2.647651
1.016489
0.540420
-0.262995
-1.156289
-0.708626
-0.463648
1.325818
2.386488
-0.935770
-0.463648
2.607884
2.221873
0.211093
-1.107149
0.000000
1.661456
1.747505
-2.843094
-2.517570
0.540420
0.079830
1.880499
0.785398
0.817645
0.298499
2.137526
3.141593
1.418147
0.358771
-2.081285
-0.815692
-2.505084
0.992894
-0.429762
-0.288055
-1.537475
-0.813962
0.079830
2.356194
0.038443
-3.104573
0.812419
-1.913820
-1.107149
1.074374
1.570796
2.018316
2.868584
2.613518
-2.505084
-1.056345
0.855053
2.798569
2.356194
-0.444419
2.594804
2.808348
-0.034469
0.862170
2.660705
2.572279
-0.124355
-0.588003
-2.574863
-2.283154
2.231839
2.070143
-2.330559
0.960070
-1.398606
-1.753907
0.837981
2.306236
-0.680521
-2.429235
-1.681454
2.245537
-2.408778
-2.906048
0.000000
1.249046
-1.644735
1.499489
-2.406153
-3.064821
-0.735440
0.114877
0.758378
2.148698
-3.041924
1.532354
-1.156289
2.544416
-1.570796
2.178598
-2.695487
-2.051684
-3.067654
1.387686
1.156289
-0.119429
-2.461071
-1.496857
-1.400061
-2.651635
0.183111
3.034857
0.463648
-1.455920
-2.589938
-0.345556
1.089909
2.461071
0.165149
1.985303
1.412141
2.388441
-2.944197
-1.610775
-2.711830
0.124355
1.965587
-2.887919
-1.639653
2.958482
2.158799
3.141593
2.411693
-0.079830
-2.437099
-0.927295
-0.927295
-1.047518
1.527345
1.030377
0.447520
-1.107149
-2.711830
2.303611
2.455863
-3.104573
2.958482
0.546789
2.563691
0.729900
2.563691
-1.335251
-0.226799
2.303611
1.160669
0.358771
-1.533776
0.079830
-0.726642
0.480887
0.732815
-1.287002
-2.906048
1.216091
-2.306236
-2.064738
0.422854
-0.358771
-2.746802
1.287002
1.905533
-0.896055
0.588003
1.690225
2.521343
1.343997
-2.306236
1.366778
-2.994514
-1.249046
1.753907
-3.103150
2.300696
-2.782822
2.306236
-1.971037
-2.545394
1.056345
-0.840897
-1.609239
2.677945
-2.582993
1.212026
-0.189988
0.345556
0.551655
-1.387686
1.717875
0.680521
-1.570796
0.119429
0.334737
0.367174
1.789465
-3.105894
2.521343
-2.221873
0.982794
-0.106736
-1.412141
-1.365401
2.383215
-1.753907
-2.228685
2.521343
-3.030935
-0.620249
2.356194
-2.329174
2.455863
-1.428899
0.114877
-1.287002
-2.081285
2.695487
-1.869295
-1.335251
-0.071307
-2.034444
-0.321751
1.373401
-1.957672
3.054854
-0.189988
-2.736701
3.038511
1.535097
-1.016489
-1.496857
-3.104573
1.237552
-3.017238
-0.704494
2.081285
3.026716
-1.170556
-2.647651
2.003204
2.067219
-0.152649
2.228685
0.870903
2.303611
2.275290
-1.236059
1.405648
0.708626
-1.394087
0.197396
-1.533776
-0.426627
0.358771
1.537475
2.944197
1.144169
-2.356194
-3.058451
2.483704
2.582993
-2.261243
-0.982794
2.067219
2.380580
-0.946773
-1.190290
1.527345
2.741352
0.394791
2.169215
2.181522
2.098871
1.717875
1.607816
1.904041
0.189988
-2.631104
-0.992894
-1.076855
0.927295
2.411693
-2.441700
-2.122451
-0.546789
0.038443
-3.108272
-2.019520
2.383215
-2.808348
-2.081285
-0.514451
-0.912908
-1.398606
0.855053
3.141593
-1.455920
-2.466852
-1.016489
-0.972377
1.729452
1.012197
-1.249046
-1.880499
-1.335251
1.699120
2.191046
3.070285
-0.189988
1.107149
2.098871
-1.123276
-0.896055
-0.312042
0.479519
2.452668
-0.912908
3.058451
-2.245537
2.711830
0.218669
-2.081285
0.636508
-1.387686
-3.064821
1.723446
0.815692
1.681454
-1.292497
3.070285
2.117585
-1.815775
-2.530867
1.606495
1.380808
0.942000
2.768605
2.117585
-0.114877
-3.038511
-2.356194
2.964884
2.466852
-2.695487
2.563691
2.408778
1.030377
1.216091
-2.922924
2.013171
-1.074374
-1.124691
-1.685673
-1.768192
-2.408778
0.434670
-2.051684
-2.645170
1.849096
0.038443
-2.187093
2.275290
-2.830594
-0.039979
-2.711830
-1.373401
1.373401
2.256526
0.432408
-1.570796
1.359703
1.823351
-3.067654
3.070285
-0.835357
-0.759763
-2.727086
-2.988943
1.071450
0.635027
1.776192
2.627141
-2.234842
0.597177
-1.352127
-2.662073
0.114877
2.951604
1.843805
0.321751
2.067219
-0.732815
-2.034444
0.255182
-2.741352
-3.107124
0.388319
-1.957672
0.141897
-0.906750
1.768192
-0.141897
-0.661043
-2.857799
-0.558599
0.972377
0.283794
-0.812419
2.356194
0.041643
0.635027
2.607884
0.735440
0.643501
1.532354
1.190290
2.221873
-1.707863
0.718830
2.498092
-0.152649
2.383215
-2.383215
-3.109346
2.466852
1.123276
-2.148698
1.570796
0.712358
-0.283794
0.034469
-0.523278
-2.383215
1.123276
2.137526
0.862170
-1.423718
-2.064738
-0.380506
-1.225241
-0.866302
2.937575
-2.158799
-2.331809
-1.815775
2.442933
2.906048
