-0.149736
-2.224762
0.064463
1.833741
-0.161318
-0.067166
-2.190256
-0.458166
-1.616735
-0.422908
-0.071614
-0.444422
-0.413732
-2.202672
-0.385306
-0.217319
-0.513879
-0.081478
-0.032956
-0.060507
-2.310069
-0.056854
-0.365986
-0.116665
-0.051733
-0.134869
-0.094611
-0.090312
-0.107133
-2.233063
1.739564
-0.365959
-0.188036
-2.485611
-0.264460
-0.399746
-0.113319
-0.386249
-2.258890
-2.443760
-0.765373
-0.137446
-0.029126
-1.382182
-1.520517
-2.123588
-0.071735
1.844648
-0.316267
-0.088432
-0.116769
-0.036915
-0.029960
-0.060585
-0.145218
-0.042369
-2.168444
-0.119822
0.827705
-0.104681
-0.191346
-0.096421
-0.196763
-3.578638
-2.219699
-0.574125
-0.068122
-0.124660
0.808006
0.066177
-0.099478
-0.445312
-2.274490
-2.423832
-2.247273
-0.111298
-0.356148
-0.117528
-0.297120
-0.280376
-0.177110
-2.202645
-2.208689
-0.765998
-0.123349
-0.331155
1.857692
-0.354678
-0.243565
-2.449149
-0.180234
-0.096676
-0.140199
-0.115649
-0.551309
-2.186903
-0.333858
-2.532879
-2.131180
-0.287690
1.913720
0.815241
-0.219899
-0.230926
-0.141197
-0.146961
-2.177107
-0.165799
-0.368049
-2.199832
-0.445517
-0.159220
-0.096892
-0.150488
-0.123254
-0.222308
-0.530712
0.021527
-1.326651
-0.414099
-0.078569
-0.203378
0.055774
-0.062890
-0.610535
-0.483139
-1.648236
0.840985
-0.062348
-0.226044
-0.140194
-0.221586
-0.154661
-0.080832
-0.101423
-0.157850
-0.106164
-0.331773
-0.034347
-0.342780
-0.286666
0.124797
1.839774
-0.407079
-0.056373
-0.069364
-0.027916
1.845593
-2.170560
-0.074636
-2.262217
-0.153239
-2.483276
-0.000891
-0.176899
-0.236044
2.253978
-0.118325
-0.495552
-0.460860
-0.066639
-0.516619
-0.146470
-2.018679
-2.224455
-0.508916
-0.313192
-0.219421
-0.120367
-0.077612
-0.196153
-0.161227
0.045418
-0.017440
-0.411960
-0.307230
-0.130053
-0.105314
-0.585238
-0.422448
-0.140865
-0.370410
-0.202536
0.031404
-2.130227
-0.069119
0.793160
-2.166843
-0.128036
-0.072402
-0.051412
-0.170415
-2.251751
-2.930915
-0.351937
-0.458940
-0.279099
-0.247803
-0.460549
-0.325727
-0.502446
-0.082717
1.743738
-0.253386
-0.699375
-0.072315
-0.062773
-2.348623
-0.404085
-0.166577
-0.313205
-1.513000
-0.428157
-2.204352
-2.291095
-0.066497
-0.153712
1.734556
-0.152225
-0.340060
-0.203001
-2.200522
-1.321936
-2.234210
-2.242192
-0.182284
-0.208905
-0.334224
-0.174224
-0.088901
-2.352185
-0.171583
-0.240172
-0.160790
-0.312945
-2.851640
0.009566
-0.365887
-0.033039
-1.440695
-0.201098
-0.139531
1.806471
-2.718278
-0.188053
-0.453466
-0.473112
-0.180852
-0.099862
-0.022515
0.845950
-1.331678
-2.118397
-0.177997
-0.061784
-0.165457
0.805938
-0.072152
-0.189203
-0.239589
-0.419229
-2.571763
-0.432482
-0.145467
-2.205239
-2.642457
0.094052
-0.293977
-0.111152
-0.076259
-2.132657
0.035197
-2.176817
-2.434697
-0.477544
-0.236861
-0.406959
0.020435
-1.888887
-2.199869
-0.299402
-0.158382
0.842758
-0.511518
-2.413985
-0.161065
-0.522273
-0.225288
-0.200463
-2.217486
-0.200237
-0.097172
-0.180946
-2.513309
-1.283160
1.813101
-0.297128
1.876820
-2.124217
-0.042879
-0.210314
-0.114075
-0.315793
-0.389455
-1.417199
-0.075905
-2.223259
0.812113
-0.086027
-0.190900
-0.125618
-0.384094
-0.096223
-0.561533
-0.246336
-0.474132
-0.132590
2.030077
-1.290423
-2.191427
-0.189568
-0.038112
-2.418179
-0.174131
-0.110601
0.779373
-0.154154
-0.136689
-0.119418
-2.005481
0.034987
-0.418825
-2.484118
-0.494874
-2.392794
-0.076233
-2.204605
-3.673859
-0.144015
-0.195226
-2.226861
-0.084873
-1.682897
-0.107203
-0.392042
-2.604429
-0.149292
-2.335970
-0.294476
-1.612041
-0.133880
-1.152587
-2.333487
-0.253670
-0.362467
-2.444449
-0.104950
-0.113407
-0.450772
-0.423334
-0.405091
-0.471794
-0.433587
-2.185183
-2.332053
1.643652
-0.080298
-0.273062
-0.094825
-0.094634
-0.368127
-0.186099
-0.504303
-0.117047
-0.363676
-0.378467
-0.375144
-0.283965
-0.030752
-0.227122
-2.152181
-0.176176
-0.258853
-0.150806
-0.150996
-0.177779
-2.257783
2.390351
-1.442545
-0.145019
-0.141777
-0.020410
-0.434477
-0.313955
-0.193122
-2.194488
-2.213453
-0.461877
-0.459235
-2.287427
0.053788
-0.343539
-0.142303
-2.445457
0.008408
-0.132225
-0.440535
-2.758786
-0.080568
-0.164591
-2.257228
-2.250673
1.794933
-1.383703
-0.156029
-0.327325
-0.116183
-2.638174
-0.159221
-0.427814
1.790666
0.821609
-1.514377
-2.421541
-0.285808
-2.183142
-0.135743
-0.479173
-0.404251
-0.305386
-0.062718
-2.438458
-0.264995
-0.185004
-0.067187
-0.119118
-0.152085
-0.151433
-0.695373
-0.375295
-1.822592
1.656493
-0.385975
-0.071015
-0.208619
-3.366028
-0.175323
-0.068299
-0.250773
-0.190003
-0.430790
-2.253101
-0.015196
-0.127771
-0.066124
-2.553955
-0.139397
2.084502
-2.235981
-0.156687
-0.066993
-0.345845
-0.215479
-0.344460
0.058905
-0.020564
-0.197705
-0.558672
-0.204788
0.068198
-0.207042
-0.067874
-0.539592
-2.262881
1.735744
-0.425967
-0.198169
-0.169025
-0.155279
-2.216458
-0.259458
-2.258317
-1.600449
-0.617666
-0.171048
-0.169876
-0.391956
-0.153517
-2.585049
-0.126939
-0.188121
-0.135681
-0.183460
-0.196943
-0.461453
0.798402
-2.250803
-0.073946
-2.410553
-1.525794
-0.278812
0.001248
-0.032349
0.248819
-0.097766
-0.109734
0.828662
-0.293984
-0.265308
-0.860063
-0.086395
-0.045299
-0.177165
-0.255420
-0.151475
-0.083262
-0.223947
-1.186264
-0.292800
-1.217174
-0.093948
-2.347409
-0.182637
-0.428869
-0.177086
-0.085787
-1.835215
-0.452771
-0.558745
-0.466125
-0.399980
-0.342766
-0.337779
-0.034310
-2.093411
-0.182202
-0.063985
-2.084889
-0.634326
-0.381851
-0.089218
-0.137622
-0.362449
-2.269379
2.049464
-0.143461
-0.144981
-0.140165
-2.206196
-0.346343
1.827618
-2.225168
-2.135874
-0.410033
1.782524
1.782573
-0.258677
-1.343298
-0.143379
-0.026076
-0.539960
-0.348823
-0.444203
-2.191019
-0.127308
-0.191559
-0.141541
-0.206337
-0.272034
-0.137782
-0.103790
-2.199073
-2.429799
-2.400693
-0.107605
-0.221382
-2.427457
-0.079725
-2.307007
-0.101701
-0.363207
-0.343211
-2.234883
2.143518
-1.564550
-0.118053
-0.164495
-2.334850
-2.389226
-0.179416
-2.267881
-0.171128
-0.348186
-0.351769
-2.275839
-0.167427
-2.261055
0.574196
-0.443582
-0.198462
-0.158577
-0.016815
1.749335
0.086520
-0.162830
-0.259260
-0.205617
-0.099099
-1.543633
-0.343060
-0.474195
-0.155256
-0.111990
-0.067658
-0.334755
-0.100941
-0.077423
-2.204226
-0.442107
-0.293777
0.015095
-2.910068
-2.231750
-0.158411
-1.949805
-1.822700
-0.387267
0.169086
-2.315704
-0.388005
-0.044555
-0.494864
-2.208063
-0.267882
-0.120712
-0.404668
-0.401611
-2.231232
-0.120177
-0.391786
-0.188809
-2.125093
-2.336649
-0.251374
-0.231096
-0.413943
-2.480101
-0.026106
-0.362941
-0.146285
1.804832
-0.224813
-0.148361
-2.288851
-0.139905
1.831711
-0.364920
-1.171342
-0.156033
-0.395095
-1.204748
-0.106934
-0.369636
-0.239238
2.025933
-0.088487
2.040901
-2.467803
-0.289561
-0.230794
-0.120125
-0.561994
-0.338369
-0.411095
-0.106473
-0.152136
-0.162351
-0.353000
-0.695553
-0.552115
-0.079163
-0.125440
-1.573479
-0.230045
-2.209640
1.855253
-2.304885
-0.203393
-0.177168
1.813850
