-0.988443
8.159861
-0.692334
0.071307
-1.295370
1.629552
-6.149374
-0.072599
3.377138
-2.651635
-1.325818
2.955106
-2.107707
-8.741587
2.356194
-0.224235
6.983078
-2.650429
2.383215
8.051377
7.595729
-1.387686
-1.273732
2.372066
-6.323979
-2.327631
6.790284
7.439475
6.961305
1.917858
2.669096
-2.303611
1.807645
-2.227871
-2.009656
-2.487022
5.860331
1.313473
2.102520
1.496857
-1.190290
7.649340
7.254806
0.446842
2.695487
-2.383215
7.480255
-2.111216
1.231504
-0.410127
-2.295662
0.540420
-7.709540
-1.589662
-1.091883
1.325818
7.055926
-1.297788
1.631944
-2.221218
4.314761
7.182018
-0.973038
-2.736701
-2.252095
-2.214297
6.746833
-0.348771
-0.970746
2.235571
-1.203622
9.637210
-2.612346
1.715609
-1.588036
7.032455
-8.111305
2.193099
1.898197
-2.865787
9.461126
1.913820
-0.813962
-1.180189
0.499347
-8.182102
7.025133
-1.815775
-1.099336
-1.141034
7.307193
-6.453921
8.984027
2.147172
7.924042
-2.233223
7.946311
6.623567
6.893911
2.866167
-2.001935
7.538366
-2.177401
2.251318
-1.933943
-7.774152
-1.193547
7.580973
-7.631321
-0.328120
5.790349
1.735945
-2.607884
5.987744
-2.274027
-0.863888
-2.930499
0.376490
2.466852
-0.019228
7.228497
-2.772897
5.730344
-8.089527
7.097147
2.184566
0.755995
1.051650
-1.400061
15.531254
-8.169597
-1.760785
-0.240171
-1.256039
-0.343024
-2.757423
8.223888
3.469713
-0.785398
0.019997
7.433318
2.530867
-2.114274
-2.077895
1.218752
1.316428
7.741254
-2.589938
-2.179960
-2.016902
3.515926
0.097727
1.474937
9.390309
1.200890
7.652219
9.187929
5.884663
-8.158974
-1.026964
-0.104877
7.660770
3.484617
-2.754069
5.967215
-2.972996
-2.140110
3.023501
7.991048
7.038290
-2.654693
-1.186627
6.739257
-1.897623
-2.265535
-2.601173
-1.405648
6.871188
2.082027
-8.123149
6.911982
1.237552
-2.207305
2.210884
-0.448723
2.839974
-0.537285
3.373696
-0.435353
-0.147078
-0.064427
-2.779048
-2.741352
9.457025
7.080077
-2.425849
0.384605
-2.052460
7.192938
-3.235069
3.360262
8.135214
8.162912
-2.129396
1.330262
3.676548
1.676781
7.187073
-0.972377
7.884275
2.494545
-2.016097
2.089942
7.022105
-2.860755
2.654693
1.856848
2.567288
6.837493
7.871221
-2.383965
-1.179096
8.127641
-1.551568
-1.948327
2.387434
6.695596
-2.657814
-6.214329
-1.177346
-0.463648
0.224235
2.482283
0.050804
-1.063698
6.985442
-1.943784
7.375068
-0.165149
-2.553590
-0.643501
2.370686
7.449090
-2.819842
2.063633
8.221155
0.298499
-2.034444
1.729452
0.018866
8.988151
-2.514284
7.759920
-2.734337
-0.785398
6.679267
1.309083
-0.256151
7.094219
7.173460
2.991780
2.147172
-2.392323
6.584804
2.117585
3.015001
0.328553
2.205823
2.262718
-2.094716
7.823688
1.858078
3.241261
-2.210884
-1.536327
-0.037020
-1.275355
-0.697391
-1.369842
-8.198200
2.005467
-2.188941
2.574863
-7.853982
6.505846
-0.694738
2.034444
6.021065
9.610126
-0.839400
2.381189
-2.813473
2.607197
2.432966
-0.000000
-0.597177
-0.978099
-0.244979
2.273053
-0.862170
-2.754717
-4.961641
2.831890
2.440333
-0.664774
0.205395
2.516108
9.391457
-2.607197
2.092631
7.964639
-8.151046
9.074464
-0.114877
7.722666
-0.017542
-2.094716
7.260979
6.922955
-7.782674
7.915130
8.277651
-2.710454
6.337677
9.403948
8.557212
-1.984127
-0.516695
15.690421
-2.929161
9.148681
-6.566281
0.244979
-8.242300
-1.405648
7.055251
7.466458
-2.594030
2.768605
3.247577
1.243058
-1.570796
2.200830
-8.222678
2.896614
-7.799490
6.893911
-0.694738
8.169597
8.116976
-8.325442
0.114877
7.369504
-1.570796
-2.343849
6.799880
-2.371119
1.135443
-0.772741
1.610775
0.327739
-1.065506
3.964947
0.988057
2.356194
-0.170735
-2.287808
9.233594
7.252908
-1.130045
6.771022
-0.729900
2.770701
-1.592070
2.464206
4.075319
-1.755121
3.072736
-0.463648
9.444775
-1.068706
0.575425
1.076855
0.291457
-1.394857
8.164980
-2.742077
-2.896614
-2.576443
7.877787
-8.193274
-0.332620
2.144237
2.154169
2.079867
6.971330
1.116077
2.718739
-1.552617
-1.115696
-2.082027
-1.186627
-7.950455
-0.416439
5.871729
1.958320
-2.731465
-6.074720
-0.041643
2.034444
-2.263131
-3.176062
-0.853785
0.332059
6.834840
-0.785398
3.037800
-2.175102
2.474684
7.787413
2.188941
-2.996780
0.438859
-7.621002
2.677945
-2.745511
8.842873
2.426501
6.977924
-2.200830
-0.254368
1.929567
9.314121
2.480549
2.576109
-0.017855
-2.700842
0.122195
6.511288
-2.413603
-0.035699
-1.366778
7.454466
2.558853
-2.147989
0.267910
1.936544
5.533916
-2.303611
-2.506566
2.393215
-1.173168
9.264865
1.339706
-1.450173
1.746736
6.773143
-1.735945
-1.570796
-1.922241
-0.398522
2.607884
-2.819842
3.052937
-2.138901
-2.731465
-0.000000
2.052460
-2.825622
-0.486032
6.738959
-8.215185
-0.297064
-0.647047
1.552617
-0.635027
-8.013895
-0.893410
-2.258941
1.401695
7.221233
-2.653756
1.849096
2.553590
-2.934096
-1.862253
7.082667
0.033321
-6.249864
4.064997
-2.451146
-2.772897
7.477072
1.309083
2.591207
-1.975688
15.560885
2.976444
-0.228497
0.188222
7.055597
0.471778
-1.504228
0.410127
0.572460
3.830517
2.514284
-0.880996
7.151725
8.051377
-2.218188
-0.593350
3.283490
2.700842
0.643501
6.694642
-2.319174
9.390309
-0.840897
-1.015801
-1.049362
7.887867
7.009828
7.334836
3.941074
2.111216
-2.382504
-2.865787
-0.165149
2.586597
-0.165149
-2.135946
0.138640
7.109656
-2.429235
-2.684748
8.190656
-0.218669
-8.198200
7.162060
1.499489
1.423718
7.873587
6.028817
-2.643770
-2.868584
9.127714
1.533776
6.833571
-0.259332
1.647568
1.428899
1.373401
-0.354706
7.792833
9.161783
-2.501505
-8.022188
2.273053
8.930837
7.091835
-0.305879
-1.530818
-2.186416
7.390334
0.867566
-0.836635
-0.293589
7.409562
-0.632749
-1.951303
-0.840897
-3.090789
15.408187
7.284668
-8.127641
7.080929
7.206170
-5.961435
2.217555
7.317071
-2.830594
-0.681298
1.206817
1.726391
-0.827627
3.263435
-1.350303
6.922955
2.517570
7.797438
7.455459
-2.260596
-8.132281
2.369181
9.071788
-2.884269
7.016000
9.325109
-2.636302
1.947287
-1.649067
2.089942
1.626295
-2.573488
2.553590
-2.911688
-2.703801
-2.835714
2.114274
0.860258
-0.785398
8.992370
2.245537
2.662679
-0.785398
-0.061148
-1.039072
2.245537
7.891002
-0.032247
7.480255
-0.293187
-0.837981
6.248112
0.998337
-2.356194
3.159772
-2.880990
-7.722666
-0.662730
2.252095
7.874387
-1.115345
15.745681
6.320205
-0.694738
-1.442473
2.325901
-0.627629
7.240774
-0.422005
1.161359
1.820775
-2.344701
-8.464708
-2.510513
-0.662730
0.141897
2.265535
7.068583
2.808973
7.106540
0.269849
5.922349
7.218143
-1.373401
1.530003
-2.025516
-0.672247
9.424778
-2.164546
7.390334
-7.889681
7.165057
9.080559
7.506920
-2.663240
-0.743170
-2.323948
-1.441886
-2.803269
2.920764
-7.887303
2.140837
1.776192
-0.990040
8.293824
7.922838
2.475623
-2.051684
2.731465
6.783853
0.095859
-2.617673
-0.117109
2.955106
-1.909120
2.730136
2.484891
