0.175940
2.639502
-2.505754
2.980830
-6.075689
-2.922924
2.813473
1.549523
-9.878622
-1.037952
2.152701
4.675369
-0.107690
-3.038511
7.184939
7.221233
6.738959
-2.767866
15.802025
6.591238
2.892341
0.922985
1.723446
-7.778653
-2.356194
6.523356
-3.321446
4.741792
0.076772
0.252554
-2.723368
7.488234
-1.512041
-7.139891
-1.131937
1.629552
-8.043181
-2.592218
1.355981
-0.168207
-2.356194
-0.670522
-1.155304
-2.327631
7.125664
0.436627
7.068583
8.657560
-2.170847
-1.653938
0.278300
-7.330703
-3.446104
8.121892
2.733444
-2.183334
9.716235
-0.463648
-7.139891
3.712930
-0.254368
-3.469713
-1.227772
0.684295
-2.910502
-0.799096
2.092231
4.283611
0.113792
2.120171
4.325513
0.933248
5.034140
-6.711963
-4.913706
2.449258
1.541393
1.004067
1.410034
1.089133
-1.338692
-1.072974
7.853982
-0.423669
-0.369906
7.116167
2.505084
7.156960
2.446854
-5.708880
6.427998
3.350058
-1.768192
-2.548243
-3.508766
6.938881
3.180788
-1.099336
-2.787595
-1.551931
1.878849
-2.391474
-0.631079
1.362331
0.168597
-0.967566
-0.844154
3.440092
1.030377
15.657160
-3.631550
0.844154
-3.345611
-2.624561
2.587285
-6.359957
2.831890
0.938047
9.407538
-0.811034
-1.898916
1.212026
7.159243
2.034444
4.532535
1.432790
1.675673
-0.294235
-1.209593
-3.625040
0.922985
-2.920764
0.631079
2.086345
-4.579837
8.300087
-8.910327
-1.208252
2.006150
2.070143
-1.275355
-1.045213
-0.588003
2.252095
1.807645
9.256571
2.369181
1.122073
-7.051041
2.642246
-0.088007
-0.258252
2.780389
5.819538
1.390943
0.212432
-0.756835
2.515331
-1.496857
7.156591
-0.497343
2.320066
9.406923
2.179960
0.231091
3.082837
6.985442
2.108081
7.039180
0.302885
-0.768451
6.186712
2.070143
-1.570796
-0.609163
-2.137526
-8.072651
2.451793
2.853537
-0.545655
3.829264
-1.242243
-2.643770
3.979574
2.224879
14.351228
7.398881
-2.761086
-7.732139
8.058623
1.467004
-2.988943
8.175732
1.855527
2.104505
3.283490
-0.931027
-4.584879
-0.507099
-0.977794
-0.862170
-2.317253
8.126990
-2.631104
-1.107149
-8.033835
-1.423718
0.651077
2.501823
2.594030
-2.230106
3.618060
1.176005
1.359703
7.068583
6.719812
-4.390638
2.860755
-0.517032
1.815775
-6.390875
-1.609992
-9.143006
-0.404892
3.265948
-3.255385
-1.597817
1.176005
2.114629
9.406598
4.218448
-7.927921
7.323208
-7.613811
7.480994
-0.627308
-2.127396
-1.116952
-7.706903
-2.146221
-0.019605
10.099519
-2.089942
0.244979
6.876935
1.512041
2.844528
1.325818
3.559817
2.297439
-0.662730
-2.067219
-2.089942
-8.098960
3.219864
2.147989
2.819842
-2.597760
3.860423
-0.339293
-0.269849
-1.635223
4.145660
-1.494024
-0.950547
-0.377249
2.205823
2.956245
6.425082
2.768605
0.189199
-0.432408
-0.968509
0.598419
0.574305
-6.064516
-2.587285
2.267818
2.961739
-1.254510
-0.934288
-4.812058
-2.782822
-6.448334
-2.632522
7.159243
6.545305
2.485897
-1.339706
2.265535
7.966709
-2.329885
0.119429
2.431054
2.372586
-2.403778
3.926991
6.701410
2.330559
-0.574305
-5.387130
-7.480255
0.039196
2.880990
2.178598
7.944642
-0.412410
-7.800461
-8.836775
2.614965
-1.806341
-1.825164
5.917438
4.551626
3.224734
-0.688924
2.143762
2.034444
-0.903490
-0.385158
0.554307
6.881604
2.819842
1.330625
0.418224
-7.340376
-0.614663
0.643501
-2.018941
8.104425
3.290483
2.174026
7.165837
2.970857
6.151870
-2.643770
-2.519290
2.187988
-9.103027
-5.231535
-1.209067
6.757037
7.176273
3.541833
3.412540
1.530818
-1.212026
0.169101
1.992216
-0.321751
0.058756
1.948045
8.162034
1.369479
0.436627
-2.265535
-1.797595
-8.132281
7.176273
1.764755
-2.356194
-9.501550
2.896614
4.576861
-1.209960
1.270625
-0.463648
3.026716
5.695183
-2.867933
1.471128
-1.071450
0.218669
2.490516
-2.474684
5.497787
7.993078
-5.902679
1.605265
-0.231091
4.668938
6.639405
-2.543174
-0.565149
0.651077
1.471128
6.739257
-2.787595
-0.281772
-5.672459
-5.193276
-3.694887
-1.525373
-1.612439
2.642246
-2.537287
-0.463648
-2.105751
3.360262
-2.209116
-0.540420
-1.977767
1.190290
2.120171
-0.090660
0.000000
2.832662
-4.051346
-5.902679
-2.669096
1.359703
2.025098
6.146783
-0.168597
1.917858
-2.236766
-2.356194
2.146221
-2.253988
6.697692
-0.278300
4.279981
8.159861
-1.255181
-2.553590
8.519951
4.656890
-1.772113
2.699218
-1.237552
-4.823046
-7.837317
2.402316
-1.249046
-5.999391
-0.643501
-2.843094
-0.106736
4.440243
-0.815692
2.420621
5.934414
3.099950
10.085821
-3.516863
-0.543832
2.195432
-0.367174
1.408597
-0.509071
-2.356194
3.105245
-2.302193
-1.405648
3.839495
-0.678119
-5.258044
-0.728317
-1.046877
-2.217844
6.774349
2.498092
-0.226799
-1.304544
1.708802
-1.862253
-1.264917
6.888730
3.086094
2.754717
8.012637
-0.280838
-8.996514
2.169972
5.955065
6.576774
11.510647
-1.609239
0.000000
-0.772066
6.860378
-2.601173
-1.348135
-1.072974
2.289626
8.459526
2.277411
-9.053887
2.527823
2.490516
8.639380
4.902377
10.352073
-4.302262
-0.931410
-4.935866
1.325818
3.208161
0.463648
7.520737
-13.462426
-2.979755
-1.673003
-2.291350
2.743070
-2.518393
-0.078271
2.342111
-6.378137
6.712948
1.854590
6.115289
6.876535
-7.650936
1.510264
-2.596729
1.712693
2.184004
2.797374
-8.065075
-2.860360
-6.592888
-7.465663
2.734337
2.638749
2.203545
-0.769006
3.532200
4.365850
-0.135528
1.806341
-0.130827
-3.024484
-2.413275
4.153790
-0.992894
2.984991
-1.627340
6.957926
-6.283185
2.097424
-8.157983
-0.502090
2.446854
-0.540420
-0.463648
-4.919885
-2.368540
-1.990993
7.944642
0.909753
-7.889681
-0.121842
-8.009576
-2.997151
1.659452
7.746292
-2.123638
4.390638
2.158799
2.142134
-0.745419
9.403505
-7.927921
0.835357
7.151725
-0.287281
-1.307802
0.361204
-1.672485
-2.809533
2.230106
4.428595
7.097147
4.068888
0.909753
-0.121352
0.000000
-8.655772
-1.434394
-3.926991
-2.906870
-2.701750
5.937630
-3.568220
-1.719686
-1.301629
6.265005
7.905660
-4.279981
-7.818283
2.620158
-1.179096
-0.598419
-1.008298
-13.351769
0.995372
-0.423669
-0.429762
-9.003359
-0.487836
8.301502
1.422947
-7.357559
-1.222025
2.545394
7.026355
3.368392
1.834760
2.536048
4.990689
2.101570
2.181522
7.354635
-0.348771
-0.993604
8.890382
-0.970746
-0.990040
2.597760
-0.228103
-6.388062
2.909489
0.052583
-0.876058
6.283185
-0.053520
-1.393200
1.570796
1.774814
2.576443
-8.291773
-0.269849
2.725154
-2.101570
-6.020191
-0.096474
-9.201301
2.341703
3.805639
-0.927295
0.154997
-1.160669
-2.279423
-0.136403
3.218365
1.474937
-6.216617
-6.561485
2.148698
2.906048
2.677945
-1.726391
-1.034361
2.317752
-2.168555
2.125104
-0.364735
-6.501854
-3.860423
-2.084402
2.270689
0.600050
7.271242
6.861087
-2.835714
-0.000000
1.610775
6.566979
0.020830
4.086904
4.213042
2.153536
8.068797
0.604306
-0.732815
6.166077
4.235922
0.507099
2.273053
-9.622174
5.532256
-1.226149
-8.746659
-1.304544
3.099065
-0.507099
-2.701750
-2.835714
-0.423669
