-8.080780
9.220136
2.507210
-4.947934
6.823605
-1.811331
9.406598
-8.519951
6.854523
7.495211
-2.356194
2.853537
-2.284887
-1.362331
0.155595
2.819842
0.090660
2.993743
7.108562
-9.184607
-0.971621
-1.301629
7.287252
6.778319
-2.434978
0.694738
-8.051377
3.196084
-2.848680
-8.317629
-9.292226
-1.419781
1.405648
7.609003
-1.223735
2.505084
0.226799
1.532354
-0.499347
7.181734
-2.197058
-0.799096
-0.295441
2.304957
-1.570796
2.133294
-2.342111
1.880499
-8.569725
7.486808
-2.356194
6.871188
-0.165149
-2.214297
4.142006
5.759266
6.755682
-1.948045
-1.480136
-9.293463
-2.613518
2.836600
1.570796
-0.785398
1.549523
-8.332334
-8.463440
-2.604006
2.485897
-7.885221
6.318884
-3.172832
2.669096
-2.034444
-5.104729
-2.645170
-2.422763
7.136970
3.963120
-8.051377
0.627629
-1.924794
9.146478
0.235545
0.654571
-1.882838
5.878294
0.132552
-2.791278
-7.982892
8.094516
6.882361
-1.183921
-2.669815
-2.394151
-1.886767
1.975688
-2.850136
-2.670133
-2.259721
-0.540420
2.068913
-1.683524
-2.217555
1.163165
-1.292497
-0.117109
7.154089
1.815775
1.310194
2.855541
1.659846
-2.041963
-8.088704
-7.872847
2.169215
-0.174672
-1.519993
2.582993
2.094716
1.688888
3.087101
-2.677945
7.161647
-0.715092
-2.542417
-1.044169
-6.214329
5.836343
2.702733
-7.950455
-0.831876
-7.998794
1.849096
-1.243058
2.255413
8.163685
-8.385706
1.335251
-0.583077
9.424778
0.485622
-0.517032
-2.994514
-2.306236
-2.578276
-0.068856
-2.851746
-0.785398
-8.225691
-8.359272
-0.298499
7.176595
6.782532
-0.686818
5.748790
0.855705
0.426627
-2.343537
0.352990
7.307193
-8.463145
0.554307
2.174026
-8.516408
0.117109
2.085869
2.317253
-2.694750
-8.390892
-8.013333
1.943784
-7.253268
2.210884
2.855541
-1.163540
7.729627
-2.884269
-2.553590
-6.637891
0.225277
-5.130613
1.741532
-1.183273
1.945130
1.509648
2.070143
6.764073
-8.061478
-0.757628
2.317253
-0.946161
2.843094
-1.141034
2.210884
6.909447
0.158655
0.333945
-2.761086
0.643501
-0.216550
-1.983207
-0.455101
15.744983
2.274027
-2.794207
-0.823355
-1.154358
-1.170556
8.051377
-8.497483
-1.243396
2.494201
-0.748378
2.636012
0.211093
1.281293
4.660711
-0.934958
2.396173
-0.367174
2.072887
2.402673
-2.303611
1.784165
6.014018
2.428532
15.429664
1.989021
8.149422
7.426033
6.345604
1.807042
0.593350
-0.226799
2.256526
2.976444
1.570796
3.316265
2.582993
7.346883
0.086738
-0.283096
-1.107149
5.521039
-6.802331
1.282741
2.341270
-0.965252
-0.714091
2.652740
2.026570
0.141897
-1.107149
0.062419
1.692639
8.076064
-2.867933
-2.618314
0.456605
0.038443
1.916352
7.029642
7.068583
0.236849
2.026868
9.332449
1.338692
0.304001
-2.108383
-0.855705
-2.572279
0.798056
5.949240
-0.310998
-7.950455
-0.842806
6.304921
2.442400
-0.000000
9.535435
7.128752
-8.267312
-1.000413
7.297080
7.853982
1.971037
2.892006
2.582993
-2.421039
-1.074374
-5.486799
9.055444
2.398423
-0.363147
8.752815
9.108492
6.085790
7.068583
2.620158
2.487022
5.949240
-7.210481
-2.702733
-2.201876
2.176341
1.927416
-2.442400
7.248437
-1.402199
-8.152481
7.055926
2.207305
-0.810393
-2.501505
-7.995879
2.111216
-2.491171
-3.040246
0.070061
7.417354
-1.685673
1.465919
-2.532429
9.483534
5.642829
0.139096
6.998929
2.041963
9.323431
1.514253
-1.159340
2.432966
4.750832
-4.042750
-2.768605
-2.018941
9.387758
7.816962
1.107149
-0.076772
-2.563691
-1.333948
-1.516305
-2.677945
0.159352
2.947634
0.463648
-7.797438
-8.684803
-0.463648
7.346883
2.393215
-0.059928
1.925502
7.575682
2.326791
9.463221
-1.608514
-2.734337
-0.041643
1.904041
3.176062
-1.538549
2.970857
2.061960
3.041924
2.329174
-0.018516
-2.516957
-0.683191
-1.054101
-0.885067
7.794053
-5.330817
0.316286
-1.070129
3.438657
2.163494
2.344147
-3.214192
2.999696
6.841785
2.406153
7.109656
2.446854
-1.325818
-0.376909
2.356194
0.839400
0.278300
-7.819513
6.321628
-0.883672
6.746833
6.905488
-1.369842
3.233922
7.546584
-2.455863
-8.431884
6.598400
-0.594214
-2.985998
1.218752
1.772113
-0.992894
0.563316
1.720609
2.381830
7.526581
-2.401618
7.522886
-2.967921
-1.321544
1.741532
15.652465
2.248183
-2.838708
2.274027
-2.087828
-2.718739
7.354635
-0.862170
-1.670465
2.677945
-2.734622
1.255181
5.972798
0.236245
-5.896848
-7.731786
1.774814
7.003739
-1.438245
-0.018516
0.244979
6.484140
8.051377
2.808348
2.424581
-8.528723
7.292060
-0.205395
-1.402590
-1.399417
2.343208
-2.019520
-2.265535
2.515331
3.015001
-0.654571
2.259721
-2.328424
2.308611
-7.700037
0.068856
-1.292497
-2.011547
2.643770
-8.198200
-1.474937
-0.033321
-2.051684
-0.333244
7.570886
4.305418
9.316507
6.066312
-2.790148
2.976444
1.317122
-1.115696
-1.672485
9.459851
7.366145
2.987274
-0.851966
1.964247
2.882261
-1.236851
-2.622447
1.965587
1.975688
-0.244979
2.193099
0.758378
2.163799
2.320066
-1.311465
1.249046
6.926686
-7.835802
0.136403
-1.533776
5.895662
0.380506
7.754313
9.262289
1.156289
3.808501
-2.955106
2.432966
2.534988
-2.291350
-1.051650
1.886767
2.243044
-1.057544
-1.321544
1.514253
2.711830
0.356620
2.308611
2.135946
1.992801
1.699120
7.706903
1.781890
0.103082
-2.736701
-1.067170
-1.121536
7.135152
2.123638
-2.330559
-2.289626
-0.639770
-6.283185
3.077166
4.269286
2.329885
-2.836600
-2.087828
-0.562498
-0.987720
-7.816962
7.220349
2.826835
-7.795226
-2.521343
-1.046877
-1.006713
1.700499
7.367082
-1.284745
-8.121892
-1.373401
1.761981
2.176341
-3.278659
-0.288055
7.422843
1.994465
-1.173717
-0.927295
-0.252554
0.394791
2.506566
-0.962994
15.634024
-2.419401
-3.581435
0.244979
-2.064738
6.871188
-7.797438
3.259685
1.675673
6.900941
7.887303
-1.159340
15.746406
2.034444
-8.181382
-2.340323
7.750900
1.369479
7.231950
2.604682
8.300087
-0.144442
3.109346
-2.416363
9.285338
2.504522
3.536384
2.404936
2.275290
0.918927
7.613447
-2.872425
1.815775
-1.156289
-1.115696
-1.683524
-1.808632
-2.458401
0.185348
-8.340881
-2.686142
1.951303
-0.040794
-2.248183
2.204429
-2.918932
-0.075329
-2.729182
-1.418147
1.325818
2.331809
0.578524
-7.853982
7.785125
8.164980
3.159135
3.027338
5.583993
-0.834140
3.551030
9.320986
7.285877
0.551655
1.783228
9.136723
-2.284887
0.627629
-7.776015
-2.736701
0.204018
2.910502
1.815775
0.204018
2.098871
-0.720554
-2.016097
0.090660
-2.663240
3.125201
0.283794
-8.254222
0.064427
-1.027319
1.697388
-0.089050
-0.798384
3.280689
5.720687
7.241829
0.309703
-0.876058
2.299114
-0.121842
6.794416
2.487022
7.229346
6.858258
1.434394
7.524932
1.992801
-1.710236
6.981845
2.382504
-0.159352
2.315122
-2.421039
9.443294
2.317253
1.196463
-2.172251
7.905660
0.725230
-0.409437
-0.031240
-0.610726
-2.329174
7.194353
1.968424
7.164182
-7.756255
-2.034444
-0.463648
-1.144169
-0.850242
15.405078
-2.267818
-2.432966
-1.965587
2.434685
2.981680
