-0.927295
8.137776
1.012197
-4.759972
2.142134
-0.019997
8.373128
0.197396
-2.712815
-2.620158
0.262995
0.944053
-2.651635
7.122585
-2.226492
3.068552
-0.148890
0.108271
2.441700
2.127396
5.623875
2.695487
-1.999060
-0.189988
3.019750
2.142134
-1.080839
0.105984
0.273009
7.399680
-7.538767
-1.973117
-1.165905
5.312439
2.034444
-2.179960
1.044169
1.548578
7.564478
8.226049
-1.768192
-1.141034
0.334737
-8.536298
-8.484383
7.014582
3.061763
-8.047604
-1.126377
0.039196
-0.694738
2.533791
0.813962
1.989021
2.257921
-0.171379
8.222678
1.643396
3.232253
2.034444
0.328553
2.780389
2.493781
-2.848004
7.784327
-1.869295
2.234842
-0.770906
3.219864
0.724866
2.559240
-2.614965
6.303183
3.508766
6.015275
-0.231091
-0.606988
0.720971
-1.729452
1.275355
-1.212026
7.772530
7.734553
1.039072
0.192701
1.806341
-4.504893
-0.813169
0.148890
6.080864
1.496857
2.230106
-0.923404
0.211093
-1.885554
-8.719210
-1.647568
5.514179
7.911610
0.688924
-7.674128
9.442633
1.306308
2.886410
2.624898
-1.115345
7.354635
-0.473356
-1.825164
7.202905
0.940395
2.579095
2.418613
0.057628
2.587285
2.831890
1.821799
1.570796
-8.694878
-1.484058
-0.582353
-1.098299
-2.951604
2.739272
-1.951303
0.094952
-8.588576
3.369695
2.934096
-1.081944
-0.410127
1.570796
2.426501
-0.735440
2.125104
-1.550391
2.558853
-1.880499
0.161837
-1.653938
2.936197
3.017238
-6.070753
0.278300
2.771687
-0.927295
2.694750
-8.019130
8.356825
0.171379
5.882945
-0.435353
7.575682
2.460294
1.999060
-0.647392
-4.248741
0.039979
2.435394
-2.543174
2.508844
-2.129396
-0.540420
8.292841
6.564418
-1.390943
2.638749
2.107707
0.484478
-0.097727
-1.516305
0.720971
0.681298
2.372066
-2.050971
0.736257
-1.116077
-0.948126
-2.044152
-2.985998
2.158799
-0.192701
-0.826471
0.785398
8.058623
0.120109
3.178613
7.525428
1.570796
-0.094061
1.076855
3.162866
6.737905
5.087660
-0.819867
-2.857799
2.866683
-0.173246
-2.206635
1.484058
-2.559240
-0.844154
-7.835116
2.765632
-1.616220
-1.144169
2.979755
4.601732
-2.356194
1.179096
0.873406
-8.515025
0.042528
7.556917
5.104089
2.727086
-0.759088
-8.155601
-0.275426
-0.769006
-1.729452
7.381485
-8.842425
6.898805
6.823605
2.961739
2.006150
-1.947706
-1.242676
2.218188
5.429401
2.262718
-1.434394
-1.010109
-2.356194
4.662431
2.959944
-2.060754
2.281706
-9.174335
3.054854
2.369527
-8.094153
5.394706
0.689800
1.547545
-1.570796
0.308931
-0.121842
2.601173
9.234790
-8.905632
7.968858
1.490966
-0.588003
-0.117109
9.325109
2.868584
1.570796
1.512041
-2.173084
4.820660
-1.127348
0.055499
-8.750037
5.416003
1.849096
1.706324
-0.131315
2.916316
7.910525
1.222025
7.192938
4.905600
0.418224
-1.687905
-2.135946
3.082837
3.180788
7.656586
-0.129703
1.732634
3.381764
-2.227871
3.291405
0.136403
-0.785398
3.236544
0.847817
7.594650
-1.186627
2.933127
1.551191
8.183606
-8.489008
-4.427659
2.850136
-7.681791
7.364024
0.350728
-1.115696
-0.165149
-1.707863
-2.034444
-8.149422
0.396441
5.803010
9.250106
2.501823
2.315122
2.632522
-2.034444
0.062419
-1.760785
-0.678119
0.634023
-1.313473
-4.712389
-8.753172
6.706854
0.301619
2.733961
3.685425
-1.297788
2.242402
3.275404
2.959944
2.801211
-0.635838
5.783839
3.014620
-2.994514
5.270988
-2.839974
3.714052
1.160669
7.316697
3.214633
-0.554307
1.802900
7.282644
1.570796
-9.022907
2.441700
2.541542
4.994161
-1.609239
5.009453
-0.540420
-9.080131
-0.566729
-8.753172
3.529116
3.141593
-2.502207
3.440092
2.574863
0.209640
0.121352
-2.669096
-1.825979
-1.843805
1.402199
7.191252
6.283185
-7.427354
0.105984
2.792822
-0.254368
3.141593
-2.371119
1.107149
-0.643501
2.434978
-2.163494
-0.188222
-1.886412
-0.063743
-0.799482
2.387434
7.712085
2.388441
-0.249979
-0.562498
1.801887
-1.509648
5.054004
-3.529911
-9.051790
2.451793
2.370278
3.122364
-2.686142
-1.644735
-1.289959
7.772530
7.324392
-3.141593
-2.677945
7.084455
0.582739
2.665897
-0.671606
3.381764
0.609163
-0.552841
2.944197
9.573668
2.920764
2.142134
4.874226
6.033598
-8.142037
-8.820472
-0.479519
0.000000
-0.770906
5.428931
-0.988057
-2.778446
-8.193274
3.295537
-9.256181
3.354025
-0.228497
7.243256
2.925042
-2.662073
-2.186416
-2.813473
0.286051
3.445594
-1.158386
1.898535
2.463884
2.801211
0.269849
1.936544
-2.181522
-2.553590
-8.296356
-7.485286
-1.886767
-0.556599
2.111216
-2.733961
2.328424
0.770474
2.736701
-0.631691
-3.005190
5.167490
0.582739
2.716760
2.576443
8.175732
-0.297064
-4.409504
6.746833
1.552280
0.687124
1.616220
1.292497
2.850136
0.908067
3.002497
-1.480136
-1.752445
-1.107149
2.070143
1.236059
0.197396
-1.908675
7.243256
-7.727009
-2.044152
-1.279340
3.202741
-1.653938
7.443854
0.413689
8.326888
-9.116725
-2.340323
-1.294990
-1.123954
-1.768192
-0.497822
7.806399
-1.091277
-0.955176
0.065125
0.165149
1.937970
-2.177784
9.348006
6.985442
0.201317
3.539221
-8.794377
-0.922464
0.593003
0.582739
1.955401
0.627308
-0.554307
9.445183
1.549523
2.677945
-1.841743
2.463884
0.335639
1.451367
-0.647392
1.983207
2.906048
1.820383
9.579097
2.219128
-9.183932
1.054101
7.313562
0.369906
0.554307
1.590794
2.587285
7.724279
-2.695487
-1.872415
-1.825979
-0.671606
1.382575
-0.881872
-3.161590
3.241261
-0.418224
3.086094
7.935434
-0.635027
-1.849096
2.886410
2.218188
-2.553590
3.391571
-3.939977
2.601173
-1.020410
1.776192
7.619259
-0.129703
-7.925289
6.903435
8.326479
-2.527823
-8.266392
-7.609003
1.373401
-8.454032
1.990993
0.021273
-0.054002
-2.653756
-3.050933
6.960894
2.328424
2.214297
-0.407632
-0.677708
1.390943
-0.546789
3.043866
7.599614
3.481975
7.454466
0.275426
2.107232
3.569857
2.911688
7.191252
2.542417
2.289626
-0.251003
7.898397
-4.831818
-8.824728
2.431054
2.263131
5.980300
3.400924
2.582993
5.330145
1.590025
0.104877
-2.205823
6.110994
-0.295441
7.906565
3.362421
-2.428532
3.091634
1.726391
2.543174
-8.404368
0.119429
-1.010109
2.198105
-1.024007
1.116952
-9.174335
0.463648
-1.446441
-0.901753
2.931953
-0.488852
1.071450
-0.631691
0.501013
7.297382
-0.536435
-0.244979
3.180035
4.909785
6.070753
-1.024007
9.444006
-8.512788
-1.843805
2.796037
5.092895
-1.681454
2.920764
-0.896055
5.846558
-1.746736
-1.330262
-2.532429
0.516231
5.942803
2.273053
-1.633215
-1.315614
8.258873
6.224429
0.728317
2.559240
-2.451793
6.004886
2.686873
2.066348
0.295441
-7.853982
2.725528
2.111216
7.944642
2.489724
-7.916400
-2.009656
-8.765468
-0.680521
-2.302193
15.588534
1.392703
0.825377
2.961739
-4.001480
2.516957
-4.248741
6.044576
0.132552
0.000000
-1.004067
-1.892547
-1.702112
-2.383965
-0.631691
1.634540
1.041207
1.217806
1.096396
-0.540420
0.582353
2.369892
-8.992370
-0.691921
7.028605
-7.834753
5.949240
-0.893088
2.092231
-7.944642
