-0.563316
1.929567
-1.377174
13.939771
-6.463039
4.675369
-1.727398
7.631321
-4.390638
-0.899190
9.482406
-7.390334
-0.483447
1.066630
-0.904827
-1.927416
-0.313621
-1.504228
-8.221155
-0.103082
1.368475
-2.396173
-1.352127
14.435666
-6.957926
-1.892547
9.314121
-0.785398
-8.919917
-6.991812
0.315616
-1.347320
-3.605240
-1.965587
1.193887
9.348006
-2.668686
-0.536911
2.789548
8.258873
1.970312
8.730040
0.991722
-0.096474
6.070247
-0.713061
-0.000000
0.802940
-0.072599
-2.944197
7.964639
-1.481747
0.128323
-2.553590
2.757423
-0.717012
-0.635838
-6.758196
-2.498092
1.464061
-1.384309
7.814003
6.641956
-1.453688
5.969565
13.585512
-7.040020
-1.321209
-2.631104
-7.259222
12.888121
-3.216453
-2.730528
3.044339
1.267911
1.999060
8.094153
-0.260602
8.350404
-6.552353
9.888426
-3.970442
0.193211
0.000000
-1.087349
-1.200890
1.875789
1.570796
2.660705
9.384799
-1.849096
-0.689800
-6.654077
-7.656586
-1.768192
7.995879
-3.265948
-3.633402
-1.745469
-3.785094
-8.268489
-2.050971
-2.287808
2.502207
6.738959
-0.628796
7.452111
2.369892
2.634494
-0.588003
8.206972
2.925042
2.432966
1.570796
-8.333501
2.910502
1.418147
-4.803049
-2.782822
2.135946
-0.483447
-2.114274
3.498213
1.346085
2.446854
-6.918212
-2.909036
2.134880
-8.622432
-1.944523
2.025516
-0.344219
-7.791563
7.780043
7.663993
0.362544
-0.161837
6.725560
6.490682
-0.853785
-6.977924
-0.284730
-0.931410
-2.669096
-2.137526
1.960113
-4.147240
-5.608444
0.266252
15.905359
-6.631956
-2.669471
0.516695
1.266285
2.697173
0.129703
2.458401
-0.577192
8.217129
-0.412410
0.369906
-1.042722
2.659929
-0.870903
-6.795575
4.041867
5.924415
6.514276
-0.463648
7.081916
15.798623
-0.674741
-2.034444
3.310694
9.022907
-1.156289
-5.997134
0.059928
-0.361204
-7.587730
-1.107149
-1.498197
-0.058756
3.161198
1.006227
4.237378
-3.605240
7.853982
2.589938
-1.916352
7.030627
7.188012
-2.796037
3.892522
-1.262744
1.500736
6.919024
-3.500363
-2.242402
0.060532
-4.712389
7.635313
13.962495
-4.607512
9.943924
6.970310
0.444419
8.206026
2.342497
-1.090621
0.037020
0.173671
-0.043451
-2.825622
-1.382575
-1.431700
-0.896055
-7.756255
-0.839400
9.362359
-2.300696
-3.241261
2.451793
-1.156289
5.658550
-1.130954
4.712389
6.862260
-1.217806
-0.474400
-3.517554
-0.410127
-2.570255
7.398881
7.223580
2.422763
-1.249046
2.263131
-0.654571
9.442320
7.054092
9.594556
7.497361
-2.226492
-3.549224
-2.297439
8.861462
-0.716542
-4.390638
2.677945
-0.097253
2.604308
3.463343
-1.457645
5.024431
-2.059649
0.235545
0.301619
0.341615
8.258873
0.291457
-2.434978
7.604395
-2.262133
-0.397628
-7.549981
-2.422763
7.798483
9.746529
-2.605157
-2.693448
3.451980
-3.182386
7.339530
4.624382
2.422763
2.395136
10.227718
-2.356194
-0.726642
-2.406153
7.373094
-4.359399
-2.498092
9.478298
-0.104877
-0.637070
0.063743
3.926991
-1.040023
-0.119429
6.980576
0.244979
1.892547
-9.268176
2.060754
0.436627
-0.922985
-1.237552
0.103792
-7.627183
-0.997356
-2.111216
-2.158799
7.293295
1.414194
-4.413890
0.367174
6.781008
-11.714404
-0.062419
-1.432790
1.761435
6.887491
2.083186
-3.453635
7.594650
1.140104
3.177292
-1.144169
-1.570796
0.189199
3.162423
1.808632
1.933943
0.240534
-0.912908
1.480136
-7.871837
2.158799
-3.419892
0.819867
7.709169
-2.407432
-6.318884
-1.460139
-3.463343
-8.376385
-2.059649
-1.158386
-4.455065
-4.413890
1.496857
2.761086
0.058756
7.246994
9.006554
1.855914
2.677945
2.466852
-6.004886
0.055499
-7.810531
-1.343997
2.328424
-7.390334
7.485286
-1.223735
-0.218669
1.165905
-4.420932
-4.404336
-7.320273
-2.543174
-1.282741
-2.725528
-0.736656
2.341270
-1.010109
6.849915
-5.961435
-0.859337
-7.682603
9.330717
-1.241172
-1.134169
0.031240
-2.025897
-8.019130
-0.446842
-7.853982
-2.356194
-0.554996
2.771687
3.879408
3.985747
-0.095859
-1.551568
-2.138901
-0.671963
-4.162536
-0.668289
-1.779262
2.508844
-5.055413
8.221155
6.975520
-1.892547
-2.677945
2.368852
0.119429
0.358771
6.611738
2.625362
1.570796
-0.902507
6.574642
2.527823
3.889971
-2.081285
-1.960113
-7.831258
0.240171
1.650626
-8.074810
6.631956
3.386571
-0.410127
-2.273053
-8.140033
-8.152481
-1.961403
-1.321209
-1.867861
-1.307802
7.739105
-0.947597
-2.784973
7.969741
0.502090
1.983207
0.668289
-1.811331
-7.795226
0.036348
-8.205426
-2.267818
2.206635
1.515298
2.927532
8.870470
1.752445
-1.171281
-2.490516
3.058451
1.451367
6.737905
6.016933
-0.321751
-1.040023
9.643447
4.525410
-0.372988
3.502796
-5.497787
7.260631
-1.017955
0.332059
-2.303611
-2.863293
8.317629
-13.106790
-2.788602
-2.882261
1.382575
2.356194
9.370287
-6.816029
-2.369181
1.001483
9.424778
-8.961130
5.976140
-1.508378
1.707863
1.661456
2.558853
2.765102
-0.189988
-3.495590
1.670465
-2.214297
3.407845
0.463648
-1.892547
9.551370
-0.785398
9.202117
-1.161359
-7.609003
-8.003794
-0.680521
3.843850
9.179799
-9.153831
-1.785612
7.004157
-0.982794
4.108640
-0.834140
2.709185
-0.848605
-2.910502
0.830821
9.259629
-2.092231
1.624317
-2.010639
3.664871
8.025361
-8.058000
3.812736
-2.819842
3.847792
-2.502679
-7.926581
7.246994
2.339803
-2.819842
-1.107149
2.719588
-1.922841
7.399680
-2.966920
-1.892547
4.079640
2.765632
-1.670465
6.581684
4.363618
0.309703
-3.802636
-0.689800
-1.085174
-0.351445
-8.070532
7.040020
1.695151
-2.944197
-1.080839
-1.832510
7.390334
-3.774341
4.450269
-2.356194
6.746833
-0.613770
5.591848
-0.018180
9.300423
-0.059928
-0.819867
2.158799
5.677641
-0.358771
-0.728855
-7.995879
-1.321209
1.685673
1.080839
-1.797595
-2.896614
-0.350314
-0.304992
1.687905
-0.662730
2.413275
-3.566425
-8.181720
-0.855053
0.042528
2.594804
-1.843805
2.819842
-2.133294
1.535097
6.991812
6.989384
4.377652
7.196907
-0.368696
-0.772066
-2.408778
0.352044
-6.915934
-2.214297
6.991812
-5.608444
0.110657
-0.878462
-2.050316
-0.185348
-3.621112
6.432075
0.855053
-3.660739
-2.329174
7.645516
-1.058407
3.840252
2.749253
-1.142532
-3.663996
2.958482
-8.132281
2.201198
9.373974
7.122585
-7.229959
-0.954499
2.952394
2.289626
7.462282
12.344289
3.554003
3.141593
-0.648332
2.620158
-1.705568
4.131009
-11.502673
4.877538
8.822491
-2.770701
-7.714886
-2.677945
1.361156
7.524357
7.095604
-2.482787
-8.691963
2.774419
2.430683
-4.641082
-0.826471
7.165057
-7.364024
2.828691
-7.672333
0.767856
-8.143485
9.184607
-6.552353
-0.799096
1.405648
-2.677945
1.190290
7.356159
-7.806399
-17.768717
-3.532200
2.279423
2.607197
2.774419
3.356950
-1.312544
-0.938047
-1.354246
1.707199
2.446854
-2.819842
9.424778
0.018866
7.410533
7.042274
-0.609163
-4.235044
9.558589
1.598567
-0.988443
0.022219
3.855683
-0.692334
1.460139
-0.694738
4.136014
-0.940762
2.885441
7.492778
6.480581
-0.168597
9.077716
2.092631
1.158386
-3.379429
2.108081
-0.452154
-0.876058
-2.176341
-2.377468
