-1.673878
2.930499
2.457883
1.297788
0.421419
-1.741532
3.141593
-2.381830
0.554307
0.965252
-2.356194
2.930499
-2.333976
-1.325818
0.073939
2.932570
0.147078
2.846152
1.012197
-2.922924
-0.950547
-1.318242
1.024007
0.507099
-2.477546
0.764993
-1.647568
-3.038511
-2.744513
-2.158799
-3.050933
-1.405648
1.258754
1.415800
-1.297788
2.536048
0.244979
1.570796
-0.351445
0.876058
-2.240435
-0.785398
-0.283794
2.308611
-1.609239
2.279423
-2.251318
1.937970
-2.530867
1.259798
-2.379446
0.484478
-0.124355
-2.220667
-2.158799
-0.514451
0.429762
-1.945130
-1.538549
-2.896614
-2.663240
2.863293
1.606495
-0.835357
1.529154
-2.158799
-2.335789
-2.536048
2.473303
-1.601090
-0.103082
-3.111299
2.563691
-1.992216
1.146602
-2.601173
-2.455863
0.858439
-2.286540
-1.786154
0.698660
-1.854590
2.853537
0.244979
0.588003
-1.841743
-0.400241
0.062419
-2.647651
-1.768192
1.781890
0.620249
-1.238737
-2.631104
-2.356194
-1.849096
2.089942
-2.761086
-2.736701
-2.314552
-0.394791
2.142134
-1.464061
-2.333976
1.124691
-1.261093
-0.076772
0.732815
1.865031
1.480136
2.863293
1.536327
-1.992216
-1.929567
-1.642104
2.178598
-0.244979
-1.538549
2.677945
2.137526
1.735945
-3.107124
-2.665125
0.837981
-0.479519
-2.553590
-0.992894
0.120624
-0.558599
2.677945
-1.761981
-0.939717
-1.723446
1.753907
-1.317122
2.158799
1.849096
-2.122451
1.297788
-0.510488
3.077166
0.363979
-0.597177
-3.038511
-2.167973
-2.508844
-0.170735
-2.950408
-0.785398
-2.034444
-2.178598
-0.298499
0.901157
0.496423
-0.806672
-0.579074
0.858439
0.429762
-2.380580
0.380506
1.012197
-2.234842
0.533708
2.207305
-2.250210
0.189988
2.132718
2.356194
-2.601173
-1.937970
-1.741532
2.000559
-0.927295
2.149871
2.694073
-1.203622
1.532354
-2.970857
-2.582993
-0.128323
0.197396
1.325818
1.635223
-1.190290
1.892547
1.490966
2.003204
0.400241
-1.761981
-0.890275
2.187093
-0.912908
2.863293
-1.170556
2.149871
0.579074
0.226799
0.345556
-2.782822
0.588003
-0.226799
-2.018316
-0.414507
3.107124
2.308611
-2.790148
-0.737815
-1.078987
-1.227772
1.815775
-2.356194
-1.122073
2.461071
-0.708626
2.664247
0.367174
1.123276
-1.667270
-0.919720
2.381830
-0.291457
2.064738
2.510513
-2.135366
1.871717
-0.222082
2.498092
2.819842
1.823351
2.000559
1.040581
-0.073939
1.781890
0.607802
-0.262995
2.356194
2.936197
1.602036
-2.988943
2.663240
1.004067
0.172191
-0.291457
-1.152572
-0.785398
-0.519146
1.259798
2.270689
-0.982794
-0.674741
2.594804
2.140110
0.197396
-1.107149
-0.029403
1.530818
1.658804
-2.859038
-2.491722
0.596199
0.106736
1.833791
0.715744
0.785398
0.282555
2.098871
3.034857
1.405648
0.298499
-2.132718
-0.862170
-2.536048
0.973620
-0.414507
-0.434670
-1.601090
-0.761013
-0.043451
2.356194
0.000000
-3.107124
0.762147
-1.994991
-1.078987
1.066630
1.494024
1.945130
2.808348
2.553590
-2.525296
-1.122073
0.825377
2.664247
2.329174
-0.551655
2.525296
2.779048
-0.137066
0.832981
2.582993
2.553590
-0.262995
-0.597177
-2.709185
-2.250210
2.137526
2.003204
-2.399645
0.942000
-1.494024
-1.707863
0.708626
2.356194
-0.643501
-2.562518
-1.741532
2.167973
-2.401618
-3.009041
0.000000
1.160669
-1.707863
1.438245
-2.477546
3.141593
-0.743756
0.037020
0.785398
2.140110
-3.110353
1.501940
-1.208252
2.442933
-1.570796
2.187093
-2.746802
-1.957672
3.141593
1.292497
1.165905
-0.165149
-2.544416
-1.415800
-1.428899
-2.626044
0.229232
2.976444
0.414507
-1.535097
-2.561590
-0.340979
0.934288
2.451146
0.039979
1.933341
1.387686
2.300696
-3.030935
-1.644735
-2.677945
0.039979
1.904041
-2.919511
-1.600200
2.950408
2.051684
3.045119
2.356194
-0.141897
-2.461071
-0.901157
-1.024007
-1.063698
1.423718
1.015303
0.463648
-1.040581
-2.796037
2.201876
2.422763
-3.067654
3.004526
0.523278
2.517570
0.616297
2.498092
-1.442473
-0.262995
2.283154
1.042722
0.300920
-1.604117
0.035699
-0.785398
0.400241
0.685730
-1.359703
-2.964884
1.161888
-2.356194
-2.158799
0.283794
-0.519146
-2.896614
1.225241
1.869295
-0.855053
0.499347
1.642104
2.455863
1.292497
-2.356194
1.239700
-3.041924
-1.333948
1.725793
3.141593
2.187093
-2.782822
2.289626
-2.062606
-2.653259
0.962994
-0.885067
-1.644735
2.665125
-2.611377
1.170556
-0.211093
0.244979
0.421419
-1.410883
1.635223
0.735440
-1.539556
0.071307
0.165149
0.310998
1.768192
-3.109346
2.490516
-2.265535
0.999459
-0.141897
-1.352127
-1.460139
2.330559
-1.761981
-2.256526
2.333976
3.141593
-0.708626
2.293776
-2.408778
2.397837
-1.474323
0.132552
-1.297788
-2.105751
2.594804
-1.957672
-1.467715
-0.064427
-2.018316
-0.362544
1.259798
-1.951303
2.936197
-0.269167
-2.838708
2.956245
1.474323
-1.107149
-1.570796
3.107124
1.183921
-3.022164
-0.785398
2.049149
2.951604
-1.203622
-2.790148
2.074962
1.916352
-0.273009
2.207305
0.901157
2.306236
2.286540
-1.272297
1.307802
0.690446
-1.471128
0.110657
-1.570796
-0.400241
0.333244
1.539556
2.867425
1.170556
-2.356194
-3.041924
2.451146
2.562518
-2.356194
-1.015303
2.019520
2.376600
-0.982794
-1.269876
1.496857
2.647651
0.400241
2.265535
2.070143
2.003204
1.695151
1.570796
1.792878
0.099669
-2.741352
-1.030377
-1.107149
0.912908
2.234842
-2.425849
-2.126290
-0.569313
-0.031240
-3.112189
-1.929567
2.331809
-2.850136
-2.122451
-0.558599
-0.858439
-1.499489
0.828849
2.936197
-1.501940
-2.512796
-0.954499
-0.973620
1.650626
1.030377
-1.282741
-1.849096
-1.405648
1.691420
2.137526
3.045119
-0.159913
1.001483
2.129396
-1.146602
-1.024007
-0.397079
0.418224
2.356194
-0.962994
2.930499
-2.332943
2.880990
0.222082
-2.105751
0.605545
-1.501940
-3.109346
1.699120
0.729900
1.667270
-1.310194
3.072736
1.957672
-1.839964
-2.587285
1.570796
1.317122
0.865228
2.660705
2.104505
-0.068856
-3.082837
-2.379446
2.904744
2.442933
-2.677945
2.544416
2.330559
1.016489
1.282741
-2.986596
1.866237
-1.091277
-1.225241
-1.781890
-1.745469
-2.446854
0.258771
-2.081285
-2.601173
1.901892
-0.038443
-2.176341
2.201876
-2.872425
-0.110657
-2.853537
-1.428899
1.301629
2.269456
0.449760
-1.570796
1.379612
1.792878
3.141593
2.981680
-0.876058
-0.690446
-2.736701
-3.103150
1.063698
0.600050
1.606495
2.618314
-2.265535
0.631079
-1.446441
-2.761086
0.128323
2.887919
1.747505
0.291457
2.003204
-0.832981
-2.137526
0.129703
-2.704965
3.077166
0.298499
-2.064738
0.150371
-1.012197
1.707863
-0.176709
-0.811034
-2.964884
-0.588003
0.906750
0.253674
-0.906750
2.356194
0.000000
0.554307
2.533791
0.685730
0.620249
1.460139
1.067953
2.117585
-1.768192
0.764125
2.381830
-0.204018
2.303611
-2.477546
3.141593
2.425849
1.173717
-2.126290
1.538549
0.718830
-0.404892
0.000000
-0.596199
-2.406153
1.066630
2.019520
0.811034
-1.496857
-2.077895
-0.491809
-1.208252
-0.934288
2.810497
-2.149871
-2.403778
-1.869295
2.273053
2.896614
