1.101015
-0.547078
0.692167
0.588945
0.962807
0.778753
-1.506622
1.779221
0.345848
0.017053
0.578354
-0.498105
-0.249003
1.567290
1.728996
-0.540225
-0.472873
0.558751
0.496101
0.900377
1.521584
-0.683781
0.242460
0.642654
0.427459
-0.996096
0.117870
1.935047
0.880145
0.416778
-0.110724
0.706569
0.245468
-2.073083
0.679314
-0.461227
0.692814
0.246657
0.709002
0.524064
0.691416
0.610986
-2.548082
0.676753
0.476750
-0.485073
1.728726
0.731943
0.585027
0.692702
0.893538
0.637770
-1.767286
-1.593616
-0.644044
0.937792
-0.051024
-0.214227
-0.410135
0.414028
-2.727718
0.888880
0.698102
0.473265
-1.887642
1.489854
0.728979
0.506898
-1.261813
0.765839
0.622973
-1.422018
-2.395637
-1.579345
0.648069
0.473861
-1.261410
0.946885
-0.602810
1.857549
1.780332
0.717986
-1.765338
0.441593
0.541276
0.202580
0.549426
-1.949383
-1.800015
-0.664767
-0.969859
2.367944
1.494002
1.644094
0.604319
2.268060
0.700449
0.855607
-0.477062
0.774621
0.485070
0.749584
0.066698
1.879218
0.752357
0.769564
-2.002740
0.666236
-0.243520
0.793188
0.728029
0.739143
0.417196
-1.613961
0.388338
-2.582930
0.774408
0.930002
1.772611
1.536369
0.891142
1.729008
0.656803
0.688562
0.046342
0.434219
-0.104212
-1.520843
-2.221884
-0.121412
1.892508
2.170056
-1.384003
-0.408289
1.828442
1.722441
0.436548
-1.068274
-2.618318
-1.723997
-1.476136
-0.133347
0.228648
0.514066
0.341768
0.860093
1.794993
-1.863792
0.895961
0.642583
1.513527
0.455593
0.696376
1.642482
2.135576
-0.490139
0.520452
-1.641123
-1.378014
1.879626
1.669056
0.954872
0.351876
-0.059928
0.331865
0.677235
1.245471
0.610966
0.240878
-1.508247
-0.131626
-1.623288
2.018706
0.995199
0.855474
-0.179558
0.244912
-0.541757
1.416169
-1.953275
1.230368
0.706104
1.401941
-1.507261
0.711770
0.149242
-1.231129
0.907455
0.676626
-1.476775
0.646128
2.082378
0.703822
0.616782
-1.560899
0.330375
-0.297047
0.558503
-1.693219
0.648914
1.736499
-0.290767
0.437647
0.833512
1.885361
0.581178
-1.556280
0.316392
-2.435883
-0.490970
0.559553
-1.394513
1.702758
0.804789
-1.697895
-1.666053
0.631013
0.103708
0.390471
-0.536888
-2.164371
-1.375958
1.960231
0.571231
0.556169
-1.405644
0.646929
-1.737552
-1.791983
-1.920309
0.610118
1.813683
-0.003065
1.126622
0.722253
0.634504
-1.563760
-2.550233
-0.149957
-0.477022
0.699693
2.052141
-2.476405
0.716591
0.479480
0.882409
0.734589
0.632732
1.940967
-0.567507
0.949250
-1.434732
0.598014
-1.696373
0.113774
0.663936
0.442665
-1.734825
0.705474
-0.290355
0.664216
0.440224
0.736048
0.528302
1.929028
0.555593
1.981859
0.807878
1.677878
0.703968
2.016139
-1.756659
1.819108
-0.380510
0.472545
0.014457
1.602007
1.984011
0.875021
0.786605
-0.534246
0.879667
0.593414
0.783638
-1.233883
0.716894
-0.467826
0.633169
1.130920
-1.824953
0.925296
0.176866
-0.437257
1.684118
0.922102
-0.652922
0.629695
-1.713812
0.521731
-2.455463
-1.914030
-1.898356
-0.055210
-0.077528
1.467792
1.541337
1.761638
0.690851
1.805718
1.585753
1.319436
0.821059
0.655325
1.246716
-0.517060
0.321224
0.666141
0.671849
1.032299
-1.562240
1.143318
-1.993384
0.866730
1.815359
-2.063520
0.309983
-1.707303
0.848606
0.262293
0.680213
1.756129
0.689545
0.998679
0.281409
-1.453494
-0.168129
0.183919
0.756704
-0.364099
-0.312488
0.730316
-0.235102
-2.339168
0.932976
1.263582
0.608321
0.803765
1.170299
0.384702
-2.226409
-2.133095
-0.434829
0.406834
-0.732541
0.741640
0.446862
-0.238101
1.237195
0.688868
0.539465
-0.283129
-0.760618
0.461723
-0.583916
0.031790
-0.535195
0.748770
2.043939
-0.239785
0.969573
1.650648
0.580030
0.683608
1.166687
0.337404
0.472430
-2.682514
1.899525
0.494540
1.639164
-1.279130
0.966017
0.766068
0.475976
0.833377
0.472878
0.890415
0.935886
-0.082078
0.227604
0.766339
1.557609
-1.747724
1.605739
1.769343
0.712925
0.617993
0.720075
-0.313131
0.470295
0.671725
1.642224
1.952798
0.668419
-1.765872
0.618393
1.827856
0.096240
-0.593599
0.976541
-2.346816
0.844685
-2.283908
-0.980804
0.811894
0.953781
0.414739
1.961859
0.990285
0.594852
1.024640
-1.741758
-0.163423
0.685375
-0.481351
-0.450006
0.608158
1.561669
0.879524
-0.491486
0.767402
0.635101
-0.216832
0.877679
-0.359282
-1.141839
-1.588961
1.626190
0.704149
-2.458068
0.565436
0.355121
0.829509
-0.678707
0.799654
0.966505
0.791595
0.360904
1.865603
0.316517
-1.542776
2.057845
-0.227629
0.662787
0.198135
2.073755
0.865462
0.657249
-0.591500
0.586599
0.555488
-0.542845
-0.423378
0.838897
-1.809116
-0.699939
-1.622255
-2.420644
0.974351
0.458916
1.825235
1.015113
0.603898
0.623054
0.136734
0.174744
0.015830
-1.550472
0.606981
1.567119
0.862234
1.682752
2.060905
0.505965
0.678335
0.144780
0.838901
1.023071
0.624170
0.664724
0.613126
0.336243
0.439363
-0.387426
0.506615
2.210646
0.720431
1.689799
0.706700
-0.375191
-0.510729
2.060770
-0.004997
0.329115
-1.807130
0.697231
1.007992
0.542302
1.105410
-1.928299
1.542767
-1.660459
0.734375
0.516781
0.654208
-1.789580
0.130227
-1.940622
0.863289
0.496979
-2.793625
0.249932
0.902397
-0.519512
0.706507
0.885140
0.788391
1.446165
0.148752
1.960203
0.328964
0.836624
1.314724
0.785430
1.748406
0.673990
-0.162000
0.826369
1.665430
-1.403449
0.737130
1.960876
-0.093974
-2.607402
1.713544
1.196085
2.191726
0.381422
0.568974
-0.214214
1.072581
-0.348168
2.226029
0.637681
-0.238637
-1.747231
1.504703
0.664708
-0.703081
0.816312
0.816551
-0.636473
0.337271
0.205476
0.646280
0.868906
-1.464016
0.588542
0.683038
0.557803
0.569748
-2.655691
-0.278229
0.823827
-0.420009
0.852759
-0.321817
1.793204
-1.906213
-0.570890
0.885383
0.059115
0.608476
0.131123
0.684741
0.446699
-1.230308
0.233563
-0.259579
-0.134584
0.102731
0.515749
-1.600651
1.627805
0.529384
0.636066
0.604849
0.712480
-0.358993
0.830962
0.370596
-0.282466
0.762309
0.968920
0.598730
-0.816067
-0.410047
0.946625
-0.208234
2.314341
-1.815324
-1.672692
0.706002
0.524226
0.521345
0.357879
-1.509914
-1.550704
0.738805
1.058419
-0.602278
-1.248586
0.140933
-1.711880
-1.405594
0.055065
-2.315628
-0.713520
-1.311606
0.381328
-1.802876
-2.628770
-0.508313
0.130214
-1.715063
0.752577
1.006787
1.809890
-0.469757
1.633429
0.635029
0.131888
0.267363
1.807167
-0.520761
-0.062192
0.843165
0.619473
0.754149
1.899035
0.955759
0.926767
-1.060280
-1.529624
1.772605
0.693423
0.486297
0.700155
0.151696
0.378901
-2.763850
0.595765
0.247546
2.081773
0.625604
1.570706
0.722442
-0.063868
-0.006469
1.284421
-0.400558
0.623556
0.824143
-1.717052
0.730722
0.473787
4.872509
0.875292
0.720314
-0.050149
1.690097
0.955715
-1.664006
0.522371
1.046242
0.566335
-0.562718
1.291549
0.746109
0.464011
