0.585299
0.715868
-0.201751
0.299904
-0.745902
0.433368
-0.006071
-0.740177
0.202521
0.387830
-0.168928
0.296163
-0.034567
0.003000
-0.585457
0.503474
-0.132360
0.441432
0.245624
0.899576
0.082694
0.167960
-0.577447
0.433110
-0.257619
-0.769514
-0.803533
0.653645
0.126668
0.215904
-0.504653
-0.167307
-0.838271
0.093027
0.241804
-0.653201
0.235990
0.248032
0.427440
-0.660738
0.078253
-0.693705
0.991140
-0.814949
0.114230
0.274774
2.417289
-0.158228
0.681637
-0.032485
-0.088186
0.827205
0.763743
-0.562744
-0.127296
-0.338021
0.138511
0.986630
-0.041631
0.399714
-0.975921
-0.644949
0.164695
-0.606953
-0.090888
0.185806
-0.253813
-0.718890
-0.132029
0.759103
-0.983910
0.020610
-0.006408
0.341958
-0.015860
0.460036
-0.785112
0.213562
0.310243
0.549432
0.876052
0.330515
-0.017982
-0.045746
0.306839
0.331840
1.012635
0.422268
-0.285951
-0.852240
0.012643
-0.681640
1.445043
-0.771172
0.114684
0.143442
0.018592
-0.924989
-0.045888
0.700795
0.379634
0.070691
0.309845
-0.887957
-0.771572
0.264691
-1.029632
0.215445
-0.241225
0.412472
-0.644965
-1.019101
0.699390
-0.314694
1.051369
0.735297
0.275421
-0.594862
-0.692072
0.210429
0.142593
0.470913
0.460430
-0.030551
0.470453
0.873865
0.040314
-0.023045
-0.799209
2.295518
0.257991
0.209601
0.073548
0.306115
0.378823
-0.306827
-0.265908
-1.068345
-0.560024
-0.113370
-0.240455
-0.148579
0.467167
-0.255364
0.364962
-0.378266
-0.194427
-0.837712
1.351692
0.043116
0.034610
0.198471
0.224597
0.195059
0.049598
-0.030095
0.026660
0.134313
0.363139
0.353752
-0.677051
-0.581273
0.016056
0.052882
-0.248199
0.100713
0.226020
0.220390
0.224419
0.791566
-0.640462
0.124443
-0.009111
0.488384
-0.124335
0.144564
0.135671
-0.628225
-0.643512
-0.035953
-0.717330
-0.631058
-0.129622
0.015686
0.327802
0.197497
0.754524
-0.520908
-0.816171
-0.301084
0.852863
0.129649
0.752749
0.707587
1.399074
-0.155673
-0.766604
-0.469142
1.096068
2.234925
0.227498
0.180051
0.474841
-1.202389
-0.039660
-0.691377
-0.551598
0.205049
0.694262
-0.235447
0.404694
0.132148
-0.550458
0.126928
-0.085174
-0.728753
-0.366539
-0.327088
-0.108079
0.104920
-0.065954
0.244289
-0.205307
0.372635
0.046971
-0.150077
-0.484195
-0.688405
-0.014234
0.172198
-0.415775
0.566433
-0.549329
0.029939
0.304414
-0.390362
-0.071361
0.918133
-0.362512
0.322297
-0.384366
0.863773
0.996228
-0.269003
0.348897
-1.116677
-0.270138
-0.703150
0.237780
0.455883
-0.651776
0.295991
-0.965523
-0.914711
-0.200722
0.134366
0.657674
-0.358095
-1.189190
-0.062552
1.495847
-0.249495
0.139531
0.062112
-0.284189
-0.872606
-0.167623
-0.105889
0.250459
0.230744
-0.704764
-0.062152
0.183425
-0.301445
0.739334
0.354191
-0.247226
-0.842539
0.159366
0.348299
-0.065830
0.433837
-0.523501
-0.631978
0.332774
-0.007097
0.145191
0.357254
2.239524
0.265791
0.029621
0.829216
0.784249
-0.669889
0.207710
1.167788
-0.197690
0.425306
0.370276
-0.152690
-0.594501
-1.010427
-0.331101
0.386758
0.195465
0.404636
0.046448
0.923040
0.089247
-0.678070
0.850240
-0.094493
0.255357
0.289242
0.194372
-0.379872
-0.107293
0.939128
0.835385
0.409622
0.219322
-0.816926
0.038602
-0.277743
0.417525
0.214064
-0.187536
-0.775478
0.381029
-0.587947
-0.698708
0.007319
0.189928
0.058384
0.345474
2.325072
-0.445190
-0.735077
0.285471
-0.692106
0.223645
-0.515976
-0.115316
1.081593
0.088766
-0.022295
0.066081
0.289650
0.321306
-0.252979
-1.165668
-0.372973
-0.019964
-0.105933
-0.665595
0.863297
0.372460
-0.762704
-1.081068
-0.036577
-1.104366
-0.662252
-0.424894
-0.109232
-0.097128
-0.743682
0.890755
0.168067
0.074733
-0.109280
0.313117
1.402794
-0.116463
-0.825801
0.316251
0.169409
-0.052545
-0.131631
-0.962400
-0.185673
-0.648007
0.353901
0.081492
-0.636732
0.388011
-0.062129
0.503974
0.153670
0.202258
-0.192054
-0.802703
-0.248886
0.450867
0.105582
-0.316548
0.414111
0.509664
0.537004
0.286407
0.273836
0.316331
0.326118
0.477811
0.508276
0.231290
0.087148
0.388933
-0.111072
-0.042452
0.620710
-1.009041
0.042732
-0.864481
-0.759032
2.284154
1.022942
0.253502
0.216315
-0.178463
-0.687572
0.019990
-0.016030
0.174715
-0.564492
-1.204569
-0.711003
-0.231944
0.264714
0.305991
0.007364
-0.162163
0.465474
0.309081
0.476062
0.018939
-0.807706
0.163224
0.124324
0.199393
-0.344828
0.261047
-0.637541
0.810818
-0.283445
0.884074
-0.577694
-0.646606
0.303224
-1.094773
-0.384980
0.166225
-0.287480
0.272734
0.265990
0.119640
-0.721263
0.041692
-0.032566
-0.757495
-0.056409
0.381641
0.085727
0.840897
0.058710
-0.640484
0.861377
0.343286
0.152126
-0.113218
-0.234203
0.042096
-0.267826
-0.542656
-0.694570
0.321856
0.028010
0.093196
-0.058733
-0.337273
0.057610
0.120769
-0.721678
0.005976
0.393658
0.402825
-0.614260
0.251397
0.359099
0.756756
2.388569
0.480489
-0.850485
-0.261370
-0.144341
-0.159963
-0.126409
-0.228585
0.549135
-0.754273
0.290863
-0.247700
-3.087747
-0.304320
-0.214497
0.248196
0.132440
0.236971
-0.696857
0.476090
0.391504
0.230247
-0.542599
-0.266067
0.214664
0.350802
-0.397016
0.400645
-0.298380
0.744957
0.033734
0.038319
-0.001320
0.443026
-0.206566
0.986343
0.236738
-1.102383
-0.544068
-0.155054
2.540890
0.159111
0.814589
0.398550
-0.787464
-0.012956
0.528688
-0.251099
-0.171902
-0.087594
-0.112701
0.766346
0.237011
-0.772552
-0.502429
-0.763898
0.157101
0.203971
0.289206
-0.298639
0.951588
0.107043
-0.332115
0.184492
0.092237
1.377155
0.541423
0.315405
0.348590
0.129803
-0.037599
0.234451
0.303303
-0.287328
0.017764
0.737198
0.191175
-0.907748
0.563028
0.039280
-0.492627
0.837765
0.971721
-0.058546
-0.056871
0.222624
0.165243
0.307438
0.289850
0.176059
-0.316608
2.235929
0.297443
0.134785
-0.396551
0.110701
0.074324
0.083763
0.301037
0.372837
0.431087
-0.724770
2.421893
0.041183
-0.525972
0.235222
-0.088117
-0.643744
-0.056591
0.346805
0.465569
-0.644818
-0.272499
-0.069355
0.112899
-0.071960
0.186903
0.101950
0.237797
-1.130191
0.927920
0.352331
0.167961
0.384595
-0.028427
-0.073790
-0.220212
0.111143
0.828767
-0.653237
0.379341
-0.729940
2.249972
-0.104516
-0.592901
0.313278
-0.187531
0.089178
0.322172
-0.698078
0.331565
0.225630
-0.313575
0.073923
-0.006545
0.951599
-0.638240
0.101556
0.189157
0.269534
0.432268
0.253021
0.270673
-0.061571
1.581816
-0.291272
0.346109
-0.530410
0.154638
-0.077030
-0.645706
0.215300
-0.439961
0.935030
-0.279645
0.004400
-0.626561
-0.163085
0.037749
-0.101177
0.034009
-0.502326
0.053348
0.851749
0.267536
-0.709136
0.353322
-0.362623
0.861838
0.911872
-0.793507
0.386859
0.362525
-0.713814
-0.117800
-0.320358
-0.224098
-0.650223
0.402736
-0.712186
0.299836
0.968939
-0.523442
-0.274969
-0.107518
0.458932
0.238158
-0.647512
0.846984
0.407046
-0.043393
