0.299536
-0.998514
0.346565
0.422253
0.351466
-0.243917
0.359654
0.429412
-0.263852
0.867094
0.318153
0.271294
-0.771570
2.340745
-0.125545
-0.775437
0.313321
0.451931
0.470200
-0.174027
0.534577
-0.703594
0.108464
0.026890
-0.170448
-0.101060
0.409447
0.318755
1.512968
0.007383
0.051904
0.489296
-0.478715
0.291491
-0.008637
0.058797
0.219130
0.090984
0.258981
-0.699180
0.185757
0.309497
0.238812
-0.253512
-0.147575
1.409096
0.132185
-0.726996
-0.110726
0.267663
0.014670
2.445039
0.419024
-0.561543
0.288747
-0.676928
-0.030788
2.192435
0.880595
-0.667004
0.212325
0.208728
0.424259
0.082984
-0.145491
-0.181175
0.048975
1.560466
0.042618
-0.255302
0.185035
-0.290064
2.329757
0.324050
0.364414
-0.732683
0.368304
-0.684856
0.123999
0.153341
0.878828
0.152720
0.394169
0.326095
0.069352
0.400512
-0.746919
0.284671
-0.246410
1.442145
-0.100474
-0.633123
0.431723
0.912977
-0.202662
-0.234538
0.318000
0.020593
-0.137311
-0.750274
0.089452
0.180070
-1.122137
-0.134486
1.528368
0.225947
0.182951
-0.942482
-0.640701
-0.587943
-0.160951
-0.658763
0.187162
0.117984
0.129203
0.269638
0.158893
0.214600
-0.628016
0.456002
0.246938
-0.741523
1.020110
0.194357
0.324356
2.466108
-0.130476
0.289389
-0.131621
0.202078
-1.049667
1.385995
0.373093
0.928227
-0.628067
0.503043
-0.701560
0.230880
0.206403
0.237295
0.399627
0.308819
-0.465924
-0.642241
-0.139741
0.037668
0.301235
0.188906
0.155890
-0.823561
0.327691
-0.719935
0.291234
-0.667968
0.221117
0.023166
-0.130240
-0.614789
0.304566
-0.647977
0.127732
-0.583988
0.243821
-0.296418
0.111145
-0.184340
-0.240135
-0.565416
-0.615016
0.481011
0.392110
0.396614
-0.204283
-0.114645
0.216654
0.340998
0.052012
2.542576
0.077553
0.948564
0.372620
-0.866182
0.372655
0.428635
0.352876
-0.255565
0.087124
-0.147931
0.184874
-0.216422
-0.683057
-0.090588
-0.028310
0.043105
0.199869
0.351338
0.396731
-0.125607
0.280127
1.515588
-0.569845
0.342564
-0.766792
-0.610140
0.378099
0.066641
0.217800
0.247724
0.392982
-0.714874
0.092087
0.305317
-0.248698
0.318155
-0.146756
-0.096386
0.470331
0.221851
-0.025376
-0.184273
0.176019
-0.543797
0.158916
0.107187
0.583390
0.265397
-0.229296
0.168246
-0.624696
0.887966
-0.257744
0.008668
0.238399
-0.179557
0.218728
-0.040254
-0.765153
0.424134
0.445831
-0.065678
0.115243
-0.122333
-0.139881
-0.093889
-0.678519
0.200962
0.380033
-0.156081
-0.644578
-0.725814
0.225636
0.284287
0.435926
-0.163062
-0.790558
-0.733187
1.480229
0.097641
-0.278000
0.181871
-0.638855
0.008306
1.397101
0.327125
0.344544
-0.062146
0.283787
2.340457
0.248261
0.207759
0.410219
-0.071601
-0.057158
-0.770687
0.097717
0.328377
0.144746
-0.049636
0.379992
0.334653
-0.343686
0.319750
0.313962
0.348161
0.324956
-0.719064
0.118589
0.187486
0.428712
0.168634
-0.171468
0.207632
0.059753
0.085269
0.407409
-0.846699
-0.178532
-0.771155
0.202034
-0.225407
0.361809
0.425035
0.087991
0.249053
-0.170455
0.922133
0.119695
0.087205
-0.769564
-0.343062
0.235624
0.935577
0.388365
-0.074405
-0.004008
-0.723890
0.267526
-0.763074
0.518251
-0.577743
0.268004
-0.785073
1.270727
0.823979
-0.151831
0.233607
-0.795058
0.092122
0.345959
-0.088959
-0.849772
0.119163
0.348084
-0.639079
-0.116181
0.274996
0.336003
-0.267641
-0.244747
-0.085825
0.920173
-0.019469
0.295360
0.919937
-0.225936
0.824580
0.934302
-0.161322
-0.610152
0.299960
0.286118
0.117306
0.149950
0.184141
0.286051
-0.169917
0.174600
-0.052597
0.212498
0.320233
0.503931
0.859695
0.349642
0.343802
-0.136396
0.234607
0.156273
0.123235
-0.066760
0.456680
0.055559
0.332204
-0.768129
0.129250
0.413191
-0.103494
-0.750170
-0.643903
-0.160752
-0.638609
-0.247471
-0.697297
0.168192
0.088283
0.354184
-1.088224
0.110414
-0.119930
0.531269
0.194633
0.255935
-0.062439
-0.139505
0.403761
0.068453
0.246409
0.126157
-0.704673
-0.824744
0.120300
0.294165
0.462682
0.880897
0.176124
0.174073
0.072541
2.439833
-0.158475
0.433781
-0.253951
0.859795
-0.541829
-0.683687
0.100166
-0.025285
0.349861
0.846597
2.409522
0.426798
1.039130
-0.038974
0.097780
0.462321
-0.143961
0.429145
-0.407364
0.278771
-0.151000
0.182598
-0.670924
0.234943
0.286459
0.322760
1.009642
0.273667
-0.163019
0.415375
0.320690
0.325902
0.921297
0.142308
0.091480
-0.557200
-0.201358
-0.794283
0.363060
0.362340
-0.925906
-0.678046
-0.139367
0.168411
0.080646
0.143850
0.247274
-0.181766
0.325623
0.104526
-0.034105
0.000239
0.932230
-0.630828
1.012233
0.907239
0.239039
-0.982486
0.328929
0.934378
0.861652
0.071795
0.354885
-0.493089
-0.159055
0.408592
0.395310
-0.082370
0.062525
0.072178
0.336056
-0.664436
-0.816222
0.156804
0.007106
0.022521
0.156416
0.783750
0.938613
0.284481
-0.732152
0.544658
-0.106271
2.374057
-0.064574
0.385813
-0.654207
0.059520
0.394448
2.335794
0.363984
-0.146373
-0.681859
0.073346
0.328225
1.005510
-0.187133
-0.132316
0.323854
0.029159
0.276088
0.318761
0.409029
-0.768950
0.354299
0.425388
-0.717875
0.440304
0.432174
0.894882
0.564654
-0.130345
-0.056861
0.307459
-0.042223
0.485973
-0.224456
0.096676
0.496758
0.849160
0.535046
0.760688
-0.187962
-0.093048
-0.794294
0.511965
0.851262
0.077531
0.253775
-0.482386
0.324062
0.240639
-0.551783
0.096529
0.296074
-0.186256
0.369842
0.150774
0.341117
-0.103723
-0.800649
0.454784
-0.132987
0.167290
-1.102989
0.348846
0.348403
0.364720
-0.715694
0.237303
0.316565
-0.217172
-0.151707
0.424205
-0.202597
0.217472
-0.649842
-0.136284
-0.058234
-0.086298
0.160709
0.593326
0.370897
-2.106711
0.245906
0.110678
-1.115710
0.029854
-0.261145
0.066685
-0.144258
-0.251280
-0.683195
-0.630117
0.085403
0.062597
-1.041359
-0.210222
0.187984
1.340798
2.287542
-0.543281
-0.211704
0.254448
0.434659
0.227154
-0.266539
0.462020
-0.785534
0.113745
0.144174
-0.024495
0.742067
-0.916232
0.826813
0.849858
-0.157993
-0.623419
-0.258646
-0.009596
0.386030
-0.118154
1.096540
-0.293199
-0.236466
-0.746878
-0.625627
-0.868923
0.157222
-0.042288
0.396543
-0.847395
-0.021358
0.430448
-0.572131
0.440149
0.224844
0.486537
0.468925
0.399699
-0.141419
-0.639401
-0.527205
0.235230
-0.136361
2.317253
2.404273
2.400596
0.390337
0.008144
-0.562274
-0.023605
0.991061
-1.121629
-0.146715
0.001754
-0.922068
0.790371
0.146285
0.426720
-0.601582
0.459975
-0.140859
0.345919
0.205966
0.053760
0.201990
0.060770
-0.933111
0.009513
-0.027622
0.433221
0.483896
0.192352
0.402292
0.871367
0.202953
-1.168473
-0.868548
0.217476
0.095638
-0.175819
0.860497
0.358337
0.319405
-0.141192
-0.077691
-0.555914
0.129250
-0.666091
2.397122
0.340394
-0.246688
0.091548
-0.612837
0.327466
0.066823
0.432979
-0.182132
0.866484
0.355637
2.344937
0.137801
