0.117116
-0.667557
-0.030144
0.250167
0.219644
-0.082873
-0.211367
1.124690
0.344004
-0.939202
0.357618
0.382709
-0.558533
0.500108
0.340632
-1.058647
0.466116
1.597668
0.518251
0.558935
0.435036
0.241097
-0.003754
0.513143
-0.708574
-1.072353
-0.571230
-0.666198
0.983222
-0.194245
-0.090488
-1.090439
-0.669400
0.047957
0.451519
0.027399
0.248636
0.532368
0.280092
0.895917
0.200552
0.146441
0.284454
-0.753434
-0.251606
0.946926
2.428912
0.423255
0.879155
0.248666
0.091285
-0.765077
0.448303
-0.651359
0.104980
-0.011761
0.137219
-0.017148
-0.599494
-0.097242
0.491401
0.075166
-0.488644
0.456078
-0.586132
0.070372
2.525569
-0.725887
-0.230886
0.261839
0.354793
0.132363
0.167198
-0.605859
0.849000
-0.697341
2.426155
-0.047536
0.290983
-1.117972
-0.096568
0.281380
-0.313155
-0.590630
-0.622808
0.232618
0.277302
-0.669882
2.376495
0.201677
0.441928
0.416784
0.059091
0.873240
0.341878
0.119475
0.403084
0.897794
0.284816
0.391542
0.346411
0.394849
-0.144636
-0.994936
0.243172
-0.800372
0.444303
0.288235
2.454254
-0.216875
0.336043
-0.794376
-0.129235
0.383648
-0.227065
0.316208
0.394821
0.927152
0.246588
0.349291
-0.181704
0.965555
-1.070073
0.078143
-0.712068
0.115887
0.237247
-0.257581
-0.643108
-1.000003
-0.044201
-0.128532
0.017581
0.429596
-0.267342
-0.639954
-0.687227
-0.740906
0.022315
0.421637
-0.006495
0.187619
-0.201429
-0.671467
0.286320
0.373711
0.077309
1.256979
-0.835025
0.183006
0.198809
0.416110
2.377522
-0.682458
-0.717898
0.127223
0.133749
0.209813
0.251774
-0.083286
-0.151912
-0.100343
0.203873
-0.053011
0.213044
0.774402
0.593132
0.126079
0.391363
0.315927
0.336848
0.260229
-0.792014
0.370008
-0.544988
0.424964
0.397989
0.880442
0.275774
0.443762
0.211929
-0.193748
0.778367
0.123411
2.439211
-0.901770
0.192098
0.493413
-0.575688
0.196652
0.025325
0.153079
0.415181
-0.693443
0.355928
0.142276
-0.080054
0.318096
-0.081237
0.373740
0.181187
-0.536139
0.454554
-0.725173
0.137296
0.325403
0.437415
-0.535881
-0.133371
0.429971
0.419412
0.847337
-0.151825
0.250051
0.323933
-0.463726
0.041070
0.343870
0.065877
-0.006383
0.294705
0.148593
0.409803
0.106970
0.543378
0.075502
0.211006
0.216182
-0.195488
0.100563
0.445845
-0.096725
-0.711885
0.241251
0.572747
-0.111540
0.321648
0.054802
0.823702
-0.144359
-0.476268
0.958403
0.335442
0.256873
-0.741553
-0.542712
0.280588
-1.092542
-0.699492
0.402565
0.506513
-0.581462
0.161801
-0.151614
0.188191
0.082565
0.367820
0.488620
0.263285
0.237995
0.055541
0.401513
0.447374
0.072908
3.482195
0.220630
0.461117
-0.095375
0.232363
-1.030353
-0.649967
0.178462
-0.241800
0.449088
0.125918
-0.097556
0.865977
0.024584
0.318362
-0.554949
0.391299
-0.558742
0.938222
0.362524
0.242042
0.391922
0.129345
-0.628940
0.264605
0.537597
0.322681
2.399218
0.277651
-0.556699
0.021329
0.151130
0.275516
0.078891
0.216067
0.237007
0.149638
0.265991
0.414706
-0.637878
0.403058
-0.058082
-0.228629
0.455168
0.318224
-0.088789
0.306046
-0.100168
-0.137149
0.395372
-0.624370
0.336720
0.225732
0.313025
-0.029346
0.055272
0.225096
-0.153252
0.453938
0.005253
1.286300
-0.200250
-0.420618
0.231154
0.437495
-0.604856
0.307085
0.251644
0.043041
-0.659609
0.169072
0.432364
-0.951110
0.863272
0.394273
0.239658
0.844112
0.129383
0.489197
0.223687
-0.080665
-0.017586
-0.751512
-0.118784
-0.054997
-0.632249
2.409651
0.016018
0.320217
-0.002526
-0.681791
0.226651
-0.063079
-0.071283
0.135983
-0.105078
0.195404
0.070647
0.129588
-0.693203
0.115703
0.323853
0.532014
0.327965
0.004947
0.424508
0.581664
-0.076343
0.401273
-0.620466
-0.213722
0.328980
-0.136251
0.159163
-0.752951
0.198270
-0.187658
0.994587
0.327061
0.020300
0.352303
-0.101760
0.285876
0.520514
0.414752
0.377025
-0.628423
-0.200846
-1.072728
0.238749
-0.232783
0.090496
0.392249
0.318607
0.079672
0.116076
0.123590
-0.639799
0.106178
0.223818
0.056885
-0.817878
0.449087
0.435489
0.348397
0.527647
0.291859
0.060381
0.424367
0.197429
0.205398
1.318760
0.242673
-0.666914
-0.679188
0.356806
0.859794
-0.128524
0.401180
0.382952
-0.589029
0.312435
0.199826
0.278359
0.215127
0.109025
0.549782
2.338867
0.084497
0.273461
0.006748
-0.756618
0.567513
-0.193455
-1.029435
-0.680182
0.353080
-0.708665
0.405172
0.072257
-0.185367
0.811391
0.906882
-0.172302
0.134113
-0.080081
0.403197
0.379400
0.343088
-1.095741
0.483139
0.233461
0.234210
-0.584528
-0.130344
-0.091119
-0.643451
0.133835
0.226750
0.078174
-0.238018
-0.196031
-0.254370
-0.159497
0.155150
-0.532957
0.435060
0.346401
-0.187815
0.382585
0.512609
0.248957
0.131694
-0.726061
-0.573584
-0.611165
-0.184461
-0.642378
-0.586404
-0.961134
0.354597
0.016374
0.247461
-0.042383
-0.213133
0.190371
-0.094876
-0.663807
0.266316
0.260957
0.365611
0.472628
0.206818
0.318580
-0.413101
-1.011166
0.063680
-0.019263
0.026111
-0.141251
0.835422
0.446150
-0.603645
-0.012821
0.482362
0.441311
0.878811
0.303523
-0.532708
0.031523
-0.666876
-0.045921
-0.219012
0.180200
-0.543696
2.342433
0.309815
0.336597
0.377817
-0.670516
0.710276
0.341159
-0.121237
0.471356
-0.651992
0.270882
0.268801
0.437946
-0.753203
-0.240997
-0.651299
2.478815
-0.529573
-0.085138
1.001389
0.416508
0.292295
0.131670
0.205049
-0.236602
0.207824
0.359831
0.328458
0.121592
0.524562
-0.107161
0.382322
0.261322
-0.090251
0.243970
0.431982
-0.774854
0.358272
-0.655408
0.146477
-0.118218
-0.736894
0.291218
-0.703638
-0.166217
-0.743083
-0.002469
0.187826
0.055004
2.501399
-0.749535
0.857664
-0.046970
0.263932
0.025888
2.464956
-0.657697
-0.892405
-0.011484
-0.187222
0.799749
0.240855
0.460797
0.223705
0.257308
-0.925313
0.718218
-0.215611
-0.034979
0.341688
0.122507
0.388851
0.209317
0.233200
0.090327
2.361623
0.375191
0.811544
0.898148
0.223580
-0.149065
0.337057
0.032031
0.436037
0.137945
0.435806
0.122840
0.360120
0.880229
0.479772
0.133077
0.068298
0.240940
0.174344
-0.028452
0.038699
1.022773
0.465772
0.960095
-0.139518
0.115082
0.431062
-0.760293
-0.530604
-0.682830
-0.541009
-0.015155
-0.620365
0.479779
0.445841
0.381649
-0.175997
0.350282
0.070526
-0.400944
0.354587
0.987476
0.215906
0.795611
0.132630
-0.160590
0.038132
2.389899
0.329375
-0.634453
0.255366
0.164975
0.160039
0.241152
-0.580258
-0.464271
0.178627
0.239116
-0.109051
0.271654
0.290394
-0.638934
0.055814
0.086833
2.382243
0.372276
-0.034214
0.361558
0.373082
0.162424
-1.028247
-0.774485
-0.030035
-0.539300
1.521921
0.233848
0.006192
0.221514
0.422462
-0.085229
-0.215515
0.260673
0.454570
0.450280
1.200360
-0.135146
0.392417
0.149396
0.425384
0.105357
0.223218
0.331803
0.513144
0.188638
0.316936
0.311706
