0.546789
2.904744
-2.356194
-3.334293
0.588003
-3.141593
2.926235
2.132718
-3.167902
-0.862170
1.986288
-2.107232
-0.118490
-3.497812
1.019141
0.805003
0.715744
-2.601173
9.846197
0.172191
3.009041
0.927295
1.155304
-1.287002
-2.330559
0.616297
-3.896697
-1.764008
0.288975
0.452154
-3.404587
1.292497
-1.886011
-1.009633
-0.868539
-3.823909
-1.604117
-2.480549
1.610775
0.106736
-2.034444
-0.304511
-0.879459
-2.607884
1.056345
0.588003
0.920926
1.843805
-2.145101
-1.414194
0.540420
-0.967047
-3.409959
2.060754
3.041924
-1.917335
3.797288
-0.414507
-0.982794
-2.601173
0.093477
2.982937
-1.325818
1.262744
-3.098142
-0.735440
2.205823
-2.171870
5.040942
2.283154
-2.152701
0.568525
-2.016902
0.113792
1.325818
2.767259
1.471128
0.927295
1.373401
1.405648
-1.238737
-0.927295
1.637364
-0.231091
-0.137066
1.030377
2.594804
1.091277
2.638749
0.161375
0.828849
3.528468
-2.410686
-2.379446
-3.587698
0.901157
3.220377
-0.934288
-2.565217
-1.343997
-4.637529
-2.060754
-0.514451
1.677532
0.698660
-0.620249
-1.304544
-2.647651
0.588003
9.756837
-3.141593
0.214061
1.315614
-2.543174
2.634494
-0.104877
2.077895
1.128422
9.799112
-0.708626
-2.565217
1.387686
1.107149
2.185459
-1.784857
0.568525
1.951303
-0.251003
-1.093451
-3.224734
1.173717
-2.706922
0.497343
2.068139
2.158799
10.460619
-9.566675
-1.681454
2.383215
2.094075
-1.063698
-0.812419
-0.750929
2.142134
1.424784
9.579775
2.574863
1.393200
-0.976583
2.827972
-0.117109
-0.033321
3.030935
-0.223477
1.147942
0.432408
-0.715744
2.727086
-1.138389
1.156289
-1.419781
2.327631
9.805284
2.397837
0.266252
2.506566
0.982794
2.303611
0.970746
0.697903
-0.033321
0.054002
1.993650
-1.152572
-0.380506
-2.016902
-1.307802
2.111216
3.022164
1.042722
-2.588298
-0.837981
-2.150799
-2.812543
2.710900
11.628323
1.464061
-3.208161
-1.442473
2.000559
1.712693
-3.693248
2.067219
2.013171
2.310771
3.378441
-0.690446
1.542233
-0.654083
-0.954499
-1.176005
-2.699218
1.203622
-2.930499
-2.000559
-1.607816
-1.820775
-5.382911
2.926235
2.709185
-2.057696
-2.553590
1.046001
1.570796
1.071450
0.807617
-4.294165
2.937575
-0.414507
0.872894
-0.152649
-1.471128
-10.362825
-0.189988
3.419892
-3.091634
-1.414194
1.220068
2.517570
9.783549
-2.329174
-1.366778
1.385448
-0.643501
1.570796
-0.523278
-1.985303
-1.249046
-1.325818
-1.990993
0.160763
3.675301
-2.191046
0.354706
0.972377
1.776192
3.067654
0.988891
-2.782822
2.647651
-0.480887
-1.762844
-1.945130
-2.034444
3.296589
2.386488
3.363675
-2.786887
-1.570796
-0.904827
0.099669
-1.343997
-2.530867
-1.570796
-1.352127
-0.392340
2.104505
-3.529911
2.289626
3.105894
-0.528074
-0.450661
-0.652847
0.510488
0.270947
0.156602
-2.356194
2.228685
3.321446
-1.047518
-1.107149
-5.308588
-2.498092
-0.314232
-2.466852
1.117458
0.473356
2.802300
-1.249046
2.228685
1.892547
-2.050316
-0.623199
2.572279
2.594030
-2.677945
-2.777614
0.756835
2.570255
-0.528074
0.444419
-1.219352
0.233743
3.081061
2.312744
2.214297
-0.386876
-1.379612
-9.250106
3.011890
-1.892547
-1.707863
-0.170735
-1.747505
3.407845
-1.413028
2.470449
1.815775
-0.823841
-0.182168
-0.188222
1.004067
2.542417
1.570796
-1.735945
-0.643501
-0.767856
0.000000
-1.869295
1.651700
3.302355
2.677945
1.335251
3.099950
-0.097253
-2.356194
-3.189176
2.532903
-3.292608
0.426627
-1.095101
0.954499
1.024007
-2.316216
3.413739
1.735945
-1.951303
-0.519146
1.899846
0.064427
0.197396
2.245537
2.185459
1.134169
0.737815
-1.929567
-1.732171
-1.642104
1.012197
2.048142
-0.099669
-12.872249
-3.470146
-2.075658
-0.912908
1.319106
-0.262120
2.838708
-1.815775
-2.528385
1.570796
-0.718830
0.549853
2.601173
-2.245537
-0.117109
1.618379
-1.875307
1.249046
-0.264488
1.030377
0.927295
-2.251318
-0.197396
0.540420
1.700499
0.762147
-2.442933
0.367174
0.718830
1.474323
-3.614090
-1.885028
-1.424784
3.171886
-2.129396
-0.244979
-2.214297
-3.064821
-2.229602
-0.448723
-1.712693
0.216085
2.453921
0.165149
0.313621
3.108272
-4.375714
0.397079
-2.356194
1.570796
2.432966
-0.076772
0.110657
1.337053
-2.736701
-2.140110
2.408778
-2.077895
0.729900
0.346539
-2.627141
2.393215
-1.107149
-3.141593
2.384758
-2.311448
-1.916352
-4.375714
-1.092444
0.576375
-1.318242
2.414950
-1.056345
0.493941
-1.241172
-2.806856
0.197396
-1.570796
-2.790148
2.944197
5.445204
3.605240
4.099182
-3.911119
-0.921801
2.293776
-0.554307
1.616220
-0.214061
-2.961739
3.487148
-2.228685
-1.484058
-2.601173
-0.262995
0.953605
0.000000
-0.870903
-2.018316
0.785398
2.214297
-0.165149
-1.723446
1.735945
-1.604117
-0.880350
1.001483
3.260083
2.792822
1.957672
-0.244979
-9.006554
2.356194
-0.103082
2.819842
5.375592
-2.158799
-1.063698
-0.579074
0.942000
-2.466852
-1.060308
-0.992894
2.477546
2.034444
2.562518
-9.869197
2.950408
2.896614
2.462930
-1.919567
3.729595
-0.337878
-0.336675
0.173246
1.468590
3.258701
0.638320
1.540503
-7.202905
-2.562518
-1.523213
-2.205823
-3.171886
-2.265535
0.000000
1.595182
-0.442374
0.610726
1.471128
0.000000
0.858439
-1.546411
1.428899
-3.166587
1.214577
1.701624
2.777614
-1.405648
-2.543174
-1.194306
-0.896055
2.970857
-3.360262
2.308611
-0.548549
-2.205823
-1.815775
-1.279340
1.763497
-0.657889
-2.662073
-2.197539
-1.961403
-0.726642
-3.613053
-1.259798
0.950547
-0.657889
2.455863
-1.296629
-0.414507
2.677945
-0.426627
-0.291457
0.492486
-2.525296
-1.650626
2.007423
0.333244
-1.249046
0.204018
-1.665748
-2.806856
1.373401
10.293317
-1.865031
-1.910089
2.094075
2.505084
-0.309703
3.296589
-1.394087
-1.405648
0.856706
0.192048
-1.272297
0.251690
-1.735945
-3.424148
2.616797
-2.131960
1.487655
-3.292608
1.158386
0.350728
0.321751
-10.234562
-1.074374
-3.957285
-2.176341
-2.446854
0.000000
-3.484617
-1.464812
-1.310194
-0.103082
1.312025
-4.570492
-1.359703
2.880990
-1.091277
-0.321751
-0.576375
-0.392340
1.339706
0.927295
-0.244979
-2.477546
-0.312901
1.985303
1.354711
-0.934288
-1.124691
2.779863
0.890275
-4.302262
1.025932
2.480549
-2.022950
2.411693
1.340892
1.301629
-0.066568
-1.012197
2.733444
-2.229602
-2.593043
2.798569
-0.260602
-0.771700
2.976444
0.266252
-1.181480
0.113792
0.244979
-1.656302
2.077895
1.504228
2.578276
-1.605265
-0.214061
2.840672
-1.904041
-0.337878
-0.179853
-3.402195
2.736701
-3.354531
-1.335251
0.876058
-1.249046
-2.378413
-0.868539
3.687248
1.839964
0.106736
-0.702257
2.408778
3.204011
-3.954011
-1.601090
-0.392340
2.165010
-2.207305
2.199593
-0.283794
-0.099669
-3.993559
-2.001489
2.356194
-0.643501
1.197809
1.165905
-2.446854
0.348771
1.839964
0.616297
0.321751
-2.196281
-1.821239
2.429235
2.049149
0.412410
2.284887
-0.223477
-2.054243
0.441179
2.258468
-4.001480
-1.592532
-1.074374
-9.223016
-1.590794
2.886410
-0.859337
-2.999696
-2.634494
-0.380506
