-0.482513
2.226492
-1.380808
7.532231
1.390943
-0.732815
-1.471128
1.496857
-2.214297
-0.870903
9.595513
-1.004067
-0.197396
1.735945
-0.758378
-1.750650
0.152649
-0.904827
-1.916352
-0.035699
1.313473
-2.380580
-1.107149
8.394401
2.089942
-1.203622
1.292497
0.000000
-8.928355
0.358771
0.253674
-1.022247
-2.356194
-1.833791
1.356736
2.988943
-2.723368
-0.446106
2.906048
2.512796
2.104505
2.850136
1.703348
1.190290
0.104877
-0.614663
0.000000
1.076855
0.079830
3.546484
1.919567
-1.423718
0.851966
-2.181522
2.846152
-0.576375
-0.480887
0.000000
-1.815775
1.570796
-1.272297
1.923787
0.363979
-0.885067
-0.110657
7.210481
-0.655696
-1.249046
-2.613518
-0.367174
6.663692
-3.463343
-2.418613
3.559817
1.335251
2.125104
1.866237
-0.179853
2.709185
0.540420
4.218448
-3.338988
0.620249
1.107149
-0.935770
-1.190290
1.925502
1.907471
2.808348
9.539655
-0.785398
-0.620249
0.298499
1.144169
-1.610775
1.735945
-1.152572
-3.070285
-1.723446
-2.634494
-2.000559
-2.067219
-2.169215
2.782822
0.514451
-0.479519
1.512041
2.521343
2.796037
-0.600050
2.303611
3.064821
2.677945
-3.785094
-8.042203
3.294242
1.532354
-3.386571
-2.034444
2.432966
-0.302885
-1.971037
-2.662073
2.070143
3.197091
-0.548549
-2.466852
2.199593
-1.919567
-1.858852
2.034444
-0.253674
-1.335251
1.490966
1.387686
0.588003
-0.110657
0.685730
-0.463648
-0.758378
1.012197
0.043451
-0.785398
-2.677945
-2.016902
2.512796
2.393215
-3.605240
0.255182
9.708572
0.367174
-2.388441
0.758378
1.623379
2.930499
0.363979
2.647651
-0.446106
2.051684
0.528074
0.514451
-0.954499
2.711830
-0.896055
0.909753
-1.695151
0.278300
-0.152649
0.321751
0.866302
9.687773
-0.380506
0.124355
3.532200
2.884269
-1.004067
0.394791
0.165149
-0.129703
-0.927295
-1.042722
-1.428899
0.083141
-3.030935
1.310194
-1.446441
-2.245537
0.291457
3.338988
-1.165905
0.866302
1.074374
-2.819842
-2.279423
-0.828849
1.532354
0.680521
2.992703
-1.997424
0.257324
-2.289626
1.373401
7.068583
-4.003763
3.993559
0.844154
1.428899
2.034444
2.587285
-1.060308
0.071307
0.273009
0.244979
-2.709185
-0.965252
-1.236059
-2.622447
-1.446441
-0.785398
3.022164
-1.985303
-2.966920
2.660705
-1.152572
-0.499347
-0.732815
-1.913820
1.107149
-0.919720
-0.117109
-2.875341
-0.266252
-2.316216
1.089909
0.994421
2.804918
-1.134169
2.406153
-0.482513
9.498717
0.970746
3.708322
1.325818
-2.245537
-3.183235
-2.259721
2.677945
-0.380506
-2.034444
2.875341
0.244979
2.774419
4.353618
-0.982794
-0.960070
-2.051684
0.295441
0.358771
0.348771
2.169215
0.533708
-2.403778
1.325818
-1.570796
-0.283794
-1.107149
-2.142134
1.639653
3.926991
-2.223643
-2.694073
-2.741352
-2.819842
1.107149
-1.022247
2.508844
2.543174
4.353618
-1.892547
-0.218669
-2.356194
2.034444
-2.863293
-2.477546
9.460477
0.185348
-0.588003
0.372988
-1.004067
-1.004067
-0.041643
0.643501
0.288055
2.723368
-3.141593
2.010639
1.107149
-0.815692
-1.203622
0.334737
-1.310194
-0.950547
-2.094075
-2.016902
1.107149
1.400061
-3.816334
0.927295
0.643501
-3.407845
-0.380506
-1.190290
1.815775
0.756835
2.677945
-1.892547
1.446441
1.687905
3.141593
-0.868539
-0.785398
0.114877
3.141593
2.181522
2.016902
0.380506
-1.060308
1.642104
-1.433730
2.270689
-2.677945
1.272297
1.700499
-2.356194
0.394791
-0.832981
-3.258701
-1.438245
-1.965587
-1.056345
-3.874408
-0.674741
1.533776
-3.546484
0.129703
0.927295
2.966920
1.815775
2.731465
2.582993
0.519146
0.189988
-1.227772
-0.708626
2.553590
-0.917950
1.197809
-1.089909
0.110657
1.647568
-3.386571
-4.026659
0.165149
-2.521343
-1.335251
-2.638749
-0.718830
2.526930
-0.840897
0.496423
0.844154
-0.286051
-1.373401
9.460477
-0.956133
-0.785398
0.602287
-1.880499
-1.529154
-0.426627
-1.339706
-2.329174
-0.496423
2.944197
-1.512041
-1.892547
0.124355
-1.490966
-2.067219
-0.620249
-3.669667
-0.499347
-1.644735
-3.480885
-3.802636
2.214297
0.785398
-1.768192
-2.572279
2.541542
0.165149
2.356194
0.404892
-2.934096
1.690225
-0.753151
0.295441
2.574863
-1.919567
-2.094075
-1.618379
-1.279340
0.394791
1.880499
-1.677532
0.828849
-2.536048
-0.309703
-2.330559
-1.107149
-1.747505
-1.858852
-1.176005
-1.735945
-1.089909
2.137526
-0.785398
-2.563691
1.815775
0.598419
2.089942
0.722979
-1.642104
-1.460139
0.000000
-7.562525
-2.303611
2.330559
1.677532
1.997424
2.819842
1.824470
-0.888480
-2.332943
-2.356194
1.685673
0.531724
0.045423
0.244979
-0.992894
0.785398
-1.304544
-0.348771
-2.437099
1.815775
1.037088
-1.024007
0.479519
-2.279423
-1.892547
0.785398
0.785398
-2.553590
-2.697173
1.815775
2.446854
9.424778
-0.226799
-2.275290
1.373401
9.612999
-2.245537
0.076772
-0.718830
2.414950
1.753907
2.645170
2.976444
-0.189988
2.956245
2.203545
-2.085248
3.802636
0.851966
-1.325818
3.288671
-0.737815
9.424778
-1.091277
-0.885067
-1.760785
-0.651077
-1.642104
9.266123
-2.651635
-1.747505
0.896055
-1.222025
-1.570796
-0.704494
2.741352
-0.758378
4.046420
0.982794
3.141593
-1.989021
1.760785
0.643501
3.785094
1.854590
-1.815775
-2.214297
-2.727086
-1.892547
-2.205823
-1.570796
1.438245
2.843094
-1.428899
-0.655696
2.906048
-1.723446
1.325818
-2.819842
-1.249046
-1.504228
3.030935
-1.272297
1.849096
-0.885067
0.380506
-3.141593
-0.674741
-1.030377
0.418224
-1.677532
0.876058
2.279423
-0.927295
-0.950547
-1.824470
1.335251
-0.927295
-1.570796
-0.685730
0.655696
-0.533708
-0.463648
0.119429
9.527860
0.073939
-0.295441
2.329174
-0.960070
-0.047583
-0.367174
-3.605240
-1.249046
1.929567
1.088283
-1.530818
-2.034444
-0.309703
-0.183111
2.231839
-0.566729
2.300696
-3.386571
-1.843805
-0.266252
0.141897
2.521343
-1.685673
2.914794
-1.971037
2.284887
1.343997
1.086318
-1.267911
0.942000
-0.283794
-0.704494
-2.221873
0.394791
-1.570796
-2.333976
0.885067
0.942000
0.244979
-0.729900
-1.971037
-0.165149
-2.582993
0.334737
2.129396
-3.070285
-2.356194
1.527345
-0.862170
-1.951303
3.064821
-0.960070
-3.024484
2.988943
-1.849096
2.516108
9.498717
1.004067
-0.370891
-0.954499
3.180035
2.574863
1.272297
-0.588003
-2.695487
3.181571
-0.278300
2.806856
-1.703348
-1.703348
-4.514993
-1.396124
3.064821
-2.587285
-1.222025
-2.543174
1.418147
1.647568
0.960070
-2.122451
-1.325818
2.808348
2.587285
-3.559817
-0.862170
0.945311
-0.708626
-2.863293
-1.282741
1.088283
-1.529154
9.350839
0.298499
-0.785398
0.507099
-2.181522
1.435269
1.124691
-0.643501
-3.522099
-2.930499
2.539305
2.727086
2.878598
-2.403778
-1.237552
-0.866302
-1.160669
1.833791
-3.532200
-2.321725
-2.034444
0.000000
1.313473
0.840897
-0.620249
-3.559817
3.404587
2.226492
-0.708626
0.000000
-2.034444
-0.620249
1.532354
1.107149
-0.909753
-0.737815
-2.999696
1.380808
6.663692
-0.039979
2.999696
2.356194
2.231839
-2.961739
2.245537
-0.321751
-0.694738
-1.923787
-1.438245
