0.032276
0.494027
-0.496088
2.974209
-1.378063
-0.756929
0.465329
0.314370
1.253991
-0.249610
0.208973
0.250408
-0.474399
1.979479
0.937709
0.722323
0.941531
-0.656189
-1.262978
0.715172
0.460259
0.110742
-0.081803
-1.201008
-0.478331
0.846447
1.731370
0.322957
-0.036026
-0.052565
1.968464
1.050661
-0.893308
-1.126524
-0.248135
2.755474
-1.332688
-0.594501
0.289057
0.008950
-0.954855
-0.212446
-0.399559
-0.710543
0.936356
-0.193959
1.026982
1.057592
-0.719571
-0.439057
0.118087
-1.160623
1.988641
1.215515
0.314512
-0.348070
-1.460460
-0.138587
-1.474639
0.077672
-0.166710
-0.474411
-0.717544
0.201467
0.215539
-0.264904
0.412950
0.326733
-3.602962
0.467160
0.394522
-0.150524
0.171330
-1.026257
-0.833162
0.457694
0.078223
-0.183480
0.017125
0.178388
-0.307057
-0.250905
1.151475
-0.047529
-0.184981
0.957511
0.412319
1.012279
0.212341
-1.281823
0.843291
-2.381620
-0.943404
-0.540601
1.818346
1.055802
-2.423618
-0.240574
-0.486410
-0.310410
2.325008
-0.473080
-0.267534
0.182278
-0.043281
-0.171520
-0.489244
0.351418
-0.168518
-1.167237
2.125194
-0.340926
-1.467238
-0.616606
0.486173
-1.408234
0.140585
-0.028071
-2.060701
-0.296297
-0.733723
0.205880
0.980660
0.185808
0.058081
-0.934157
0.211316
-0.345238
-0.342621
2.117290
0.109484
-0.631604
-0.117049
0.071232
-0.739865
-1.131689
1.905973
-0.934213
0.319858
0.260434
-0.778922
-0.204944
-0.494488
0.121192
-0.147324
-2.087804
0.492918
-0.074544
-1.349226
0.239272
-0.280991
-0.217169
0.466844
0.708522
-0.132172
0.025069
-0.261728
0.466712
-0.197052
0.966555
-0.786582
0.420093
-2.102967
0.405295
-0.210611
0.191807
1.164953
0.311484
0.856260
-0.097362
-0.234052
0.690058
0.152399
-0.411283
-0.199523
-0.443758
-1.122991
0.230276
0.503886
0.355500
0.110937
-0.367708
-0.554252
-0.066227
0.217674
0.290174
1.139267
1.975234
-1.240547
1.153782
0.269197
1.675957
1.227867
0.116085
0.390856
-2.317210
-0.231949
-0.592805
-0.503187
-0.286098
-0.455908
-0.522393
0.671488
-0.704664
-0.658547
-1.325264
-0.647502
2.388082
0.416864
0.378571
-0.475298
0.215765
-0.210679
0.088393
1.122581
1.312659
1.900247
0.420971
-0.107020
-0.344049
-1.257603
-0.424062
1.390818
-0.061428
-2.394841
2.029516
-0.458382
-0.017287
0.348166
-2.037373
0.088128
-1.249147
0.992700
-1.025078
1.000314
-0.222028
-0.401973
-0.287844
-1.225569
-0.657008
-0.169068
0.415223
-0.404277
-0.023021
1.059783
0.262125
0.529852
-0.145077
0.242801
0.305889
-0.247738
-0.420706
-0.545013
-1.662016
-2.361139
0.378761
-0.464112
-0.778546
0.204393
-0.225332
-0.152782
-0.570310
-0.037773
-0.591513
-0.625442
-0.081335
0.189184
2.731559
0.989131
0.458594
-0.478537
-0.195594
-0.550057
0.046322
-0.192850
-1.090787
-0.516253
0.367898
0.253715
-0.319912
-0.702723
1.655516
-0.619467
-1.331147
-0.559180
1.043065
0.712461
0.411443
-0.272027
0.382961
1.225020
-0.518395
-0.457896
0.331294
0.132578
-0.846228
0.090907
0.838127
0.407464
-0.249172
-1.212938
-1.163214
-0.183793
0.458532
0.294313
1.074563
-0.111332
-1.373176
1.485769
0.435926
-0.325768
-0.370982
0.737175
0.570918
-2.359718
-0.674816
0.140629
0.118238
-0.362462
-0.138727
-0.461608
1.030227
0.256041
0.211821
-0.766778
-1.164800
-0.313941
-0.393667
-0.398271
1.119899
-0.482526
0.425986
1.009240
0.412074
0.748812
-0.470719
-0.825152
0.167814
1.033856
-1.175975
-0.482562
1.049853
1.015810
0.264333
-0.500443
0.378667
-0.098942
-0.455383
-0.064342
-0.042037
-0.282512
0.400911
1.292150
0.148169
0.073217
-0.489320
-0.558453
-1.331668
0.941540
0.223184
0.424046
0.322802
2.863267
0.340569
-0.312402
0.089420
-0.341618
0.397643
0.129937
-0.624098
0.235538
-0.244691
-0.018025
0.395054
-0.500652
0.581934
1.107960
-1.964151
0.029739
-0.451635
1.456716
0.887694
-0.598350
-0.138282
-0.043548
0.141349
0.850589
-0.576601
0.533941
-0.992187
-0.650009
2.117881
-0.785777
-0.385504
0.462297
-0.566233
-0.125399
-0.820327
-0.001503
-0.620972
-0.162154
-0.358660
-0.140330
0.355075
-0.116005
-0.025303
0.351887
1.801495
-1.069596
-0.515684
0.244313
0.297966
0.800851
-0.066522
0.081606
-0.872423
-0.528862
0.286380
-0.506568
0.979989
-0.072598
-0.111523
1.281218
-0.282848
1.705917
0.932416
0.038082
-0.410144
2.637052
-0.348315
-1.253801
-1.243326
0.205733
-0.484073
-0.776944
-0.555686
-1.106240
-0.104968
0.469314
-0.989402
0.365281
-1.086624
-0.404539
-1.291867
1.662442
-0.393772
0.281085
-0.657850
0.215158
-0.111590
-0.949015
0.592052
-0.455522
-0.636387
0.215509
-0.275867
-0.966858
-0.122417
-0.245979
-0.424563
0.928138
0.215741
-0.074422
-0.811238
-0.080655
-0.453907
-0.201306
0.892901
-0.482541
0.400603
1.175047
-0.171840
1.872467
0.363055
0.749940
2.426806
-1.072193
-0.561075
-0.710638
-0.211201
0.884977
-0.549764
-0.326776
-0.308635
0.389189
0.959994
0.375496
1.293781
0.509217
0.498508
1.187802
0.116048
0.141049
-1.890338
-0.164446
-1.239915
0.080097
-2.384947
-0.142230
0.993765
-0.725381
-0.539993
-0.539884
-0.466444
3.041619
-0.579141
-0.065489
-0.239161
-1.359148
0.877063
-0.191275
0.849754
1.097069
-1.297880
-0.022713
-0.776860
-0.168668
0.142445
0.505151
-1.277515
-0.627988
-1.538610
-1.134208
0.502038
3.157150
0.164854
-0.244275
0.188782
0.384478
-0.749499
0.117679
-0.960829
-0.617853
-0.491842
0.272649
-0.256940
2.663054
-0.385506
0.808375
-1.443002
0.489161
-1.246397
-0.109051
0.442728
-0.128124
-0.183057
-1.245975
-0.568206
-0.381817
1.023212
-0.103399
-1.007027
-0.085132
-1.328067
0.168689
0.131285
-0.884420
-0.495019
0.326921
0.284953
0.292936
-0.136142
0.467071
-1.275880
0.185006
0.783913
-0.084221
-0.338317
-0.128834
-0.479893
1.709196
0.378601
0.228339
1.044418
2.880267
-0.033269
-0.160232
-0.410177
1.337260
-0.310917
1.895989
-0.382745
-0.499588
0.790282
1.932284
-0.665728
-0.264402
0.644040
1.006818
1.851075
-1.245733
0.421411
-0.244495
-0.147033
-0.275269
-2.664300
0.187959
-0.092913
-0.185575
-2.138134
-0.172345
1.237497
0.078022
-1.172255
-0.284683
0.234901
0.902633
2.388502
-0.409718
0.304362
0.111427
0.361809
-0.314988
1.087833
-0.126606
-0.351420
1.355055
-1.027194
-1.003681
0.517046
-0.142800
-1.667177
0.536639
-0.062468
-0.415714
0.926577
0.004222
-0.586857
0.270442
-0.000194
0.300200
-1.312636
-0.092775
0.408746
-0.498165
-1.261406
-0.339853
1.036788
0.334691
-0.074447
-0.677692
0.328096
-0.244500
-0.869088
-0.478206
-0.347579
0.375217
-0.925076
-1.400848
0.357501
0.489939
2.622724
-0.475434
-0.157074
0.130423
-0.451487
0.311302
-0.113717
-1.233033
1.831447
-0.544685
0.289596
-0.485935
1.113372
1.314250
-0.670762
-0.143039
0.291763
0.870082
0.041872
0.257632
0.286144
0.320649
1.215708
-0.098689
1.576789
0.738801
0.160713
-0.235516
0.154065
0.937574
0.068174
-0.269046
1.893459
-0.673411
0.525178
-0.517769
-0.673286
-0.767030
-0.185260
