-0.158567
0.247708
-0.311078
-0.208107
-1.562551
0.214673
-0.359496
1.177934
1.498197
-0.221357
-2.072543
-1.086130
-0.171279
-0.010822
-0.126486
-0.389651
-0.276421
-0.525955
-1.270569
-0.029790
0.649376
-0.504145
-0.428057
-0.878125
-1.595647
-0.674499
1.539034
-0.715621
1.141791
-1.353113
-0.039920
-0.427015
1.851195
-0.502547
0.163057
1.465811
-0.744284
-0.236754
0.478246
1.114392
0.281572
1.043854
-0.155599
-0.763525
0.764480
-0.345164
-0.054048
-0.080147
-0.072328
-3.262158
1.118255
-0.199639
-0.215240
-0.833392
0.517652
-0.128338
-0.120167
-1.140137
-0.554079
0.305118
-0.237720
1.068652
0.921626
-0.477566
0.706063
-0.727005
-1.344344
-0.336790
-0.483186
-1.220737
-0.338146
0.018875
-0.563918
-0.366913
0.176562
0.393045
1.241823
-0.493087
0.980876
-1.282976
0.370403
1.832800
-0.020868
-0.381322
-0.237318
-0.310725
0.343679
-0.120469
0.417578
-2.080378
-0.956157
-0.201879
-1.039256
-2.125327
-0.443381
1.233085
1.664489
1.994460
-0.356369
1.569306
-1.293892
-0.465193
-0.601362
0.395552
1.021306
-0.137766
0.988706
0.440507
0.514232
-0.217397
1.122880
0.445081
0.412668
2.395546
1.334570
0.430085
0.203579
1.636781
-0.705730
0.417304
-0.233777
-0.368269
0.298883
0.019398
0.075746
-1.415656
2.042465
0.407989
-1.382230
-0.407129
0.332213
-0.043435
-1.366230
1.157573
1.078620
-0.661101
-0.089590
0.795850
1.242613
-0.168876
-1.500718
-0.363847
-0.186643
-0.492298
-0.506183
0.217352
-0.590171
1.170431
-0.052468
-1.156576
-1.087122
-0.523283
0.023808
-0.021966
-0.074929
-0.010984
0.416484
-0.169458
1.233476
-0.612666
-0.020817
-0.271245
0.423349
-0.132251
-1.393985
0.293342
0.553026
1.673557
-0.323134
1.009898
-1.259454
-0.398568
-1.757926
-0.333823
1.263125
-0.253170
-1.118692
-0.033756
-0.128132
-1.285007
-0.191425
-0.370858
-0.132138
1.084346
-0.000819
0.347176
1.709037
1.573217
0.464015
-0.831371
0.920440
0.913921
-0.659141
0.078910
-0.462905
0.248807
0.931894
-1.471696
-0.482209
-0.468376
1.445282
0.994788
0.493236
1.815147
-1.476789
1.012589
-0.164039
1.207635
0.394428
-0.233060
-0.091920
-0.007067
-0.016403
-0.704573
-0.315578
-0.415570
0.200492
-1.213195
-0.158958
1.351779
-0.520555
2.152010
0.349918
-0.248213
0.729896
-0.354638
1.303849
0.762772
-0.475925
-0.195290
1.907928
-0.107856
-0.655245
1.068423
0.908977
0.368601
-0.292151
0.349658
-0.181603
-1.956853
1.043873
-1.662299
1.048538
-0.748373
2.220242
-0.328199
1.293224
-0.303492
0.959813
0.379436
-0.202600
0.400844
-0.702885
-0.315765
0.157352
-0.513227
0.014390
-0.023341
-0.006683
1.197682
0.099224
-0.603666
1.135451
-0.482660
-0.295593
-1.077391
-0.620407
1.084539
0.488725
-0.807206
-0.464575
0.209981
-0.592027
1.119700
0.243919
0.345178
0.320011
-1.359175
-0.731170
-0.318533
-0.538954
0.789060
1.687839
-0.524132
-2.111220
-0.952946
-0.131181
-0.026867
-0.051279
-0.278637
-0.080860
0.995068
0.042707
0.410700
-0.763438
-0.173758
-0.118582
-0.168603
-0.247099
0.052262
-1.232877
-0.214703
-0.497176
-0.352554
1.064346
0.184192
1.674148
-0.128281
0.958821
0.508876
0.930133
-0.459901
0.383771
0.990797
0.198218
1.704768
1.166389
0.020393
-2.247036
-0.302617
-0.938509
-0.090429
0.504437
0.088359
0.404278
-0.005309
-0.192228
0.173909
-1.170877
0.367658
1.749618
0.021401
1.116226
-0.559862
-1.037604
-0.536793
-0.169623
-1.432355
-0.508890
-0.228215
1.815396
1.897829
0.251934
0.803840
-0.107871
0.748448
1.383366
0.336488
0.405759
0.475081
-0.861235
-0.071764
-1.262118
-0.575851
0.481207
-1.207897
1.019341
-0.281222
-0.281356
-0.034452
1.604931
2.089501
-1.378217
-0.508741
-0.258264
-0.541016
-0.355861
0.535377
-0.203579
0.928692
-1.016995
-0.391262
-1.055442
-2.041091
-0.406168
-0.514588
-0.214883
-0.399872
-1.241471
-0.088802
-1.238573
-0.451811
-0.151415
0.514308
2.899802
0.327612
0.048499
-0.389854
-0.355441
-0.150805
2.009304
-0.150992
-0.619755
2.817951
1.766301
1.230611
1.034101
-0.425429
-0.590417
0.385611
-0.185964
-0.546160
0.943334
2.906201
0.088149
-0.276986
0.889859
0.469928
0.197232
-0.400141
-0.645772
-1.309191
-0.029663
0.284608
-1.314248
1.207114
0.167245
-0.219285
-0.604636
-1.520457
-1.389450
-0.466167
-0.260878
-0.440427
-0.252884
0.896231
-0.167871
-0.484578
1.029422
0.100497
0.374843
0.082532
-0.485658
-1.228767
-0.050087
1.089332
-0.514845
0.388981
0.309862
-2.175039
1.344960
0.240595
-0.360058
-0.496715
2.953120
0.256308
0.927464
0.813165
-0.303959
-0.308287
-1.064807
0.382341
-0.052665
0.351508
-1.241252
1.019124
-0.198813
0.028317
-0.445366
-0.840399
1.540852
-1.996913
-0.852096
-0.619178
0.186770
-1.827608
-2.011811
-0.984066
-0.430235
-0.026422
-1.995826
-1.607826
0.759053
-0.751569
-0.096448
0.180175
0.446706
0.372745
-0.051166
-0.470519
0.014706
-0.391186
-2.388855
0.051375
-0.753126
-1.485738
-0.248022
-2.145146
-0.266382
-1.560209
-1.210474
-0.142296
0.084299
-2.107034
-0.362227
-0.208796
0.959326
0.489770
0.147876
-0.131275
0.595596
-0.249771
-1.401377
-0.988490
1.198212
-0.594625
0.255916
-2.107306
-0.699833
1.134081
1.293486
0.265399
-0.587039
0.302205
-0.603596
-1.210709
0.799532
0.339378
-1.069698
-0.231234
0.526474
-0.412910
1.040183
-0.580455
-0.774444
0.180791
0.426308
-0.449771
0.474506
-0.000043
0.008951
1.664677
-0.249077
-0.200371
-0.251942
-1.318707
0.926854
0.155709
-0.980708
-0.319955
-0.312388
1.154006
1.580111
0.496548
-1.063449
0.318260
-0.197480
0.634603
0.033234
-2.200032
-0.125514
-0.378812
0.385303
1.446188
-0.122744
-0.256017
-0.913099
-0.217971
0.280228
0.120748
-0.586828
-0.912691
-0.082359
-0.108142
0.180657
-0.039050
0.409406
2.187488
-1.260550
-0.264064
-0.152799
0.489721
-0.289315
0.487209
-0.515021
-0.209333
0.801837
0.917463
0.179316
1.000182
-0.199300
-0.224740
-0.469770
0.019189
-0.316022
-0.945030
1.559200
-0.914394
-0.029986
-0.179478
-0.387338
-0.455878
1.915219
0.500706
-0.234129
2.059123
-0.498118
1.137890
-0.401989
0.228730
1.083693
-0.330722
2.061668
0.492463
-1.466161
0.374790
-2.105431
0.999708
-1.267991
-0.301986
0.467385
0.319242
0.963516
1.163197
0.289836
0.483179
-0.183759
0.433408
-0.503983
0.387474
0.715401
-0.280647
1.263230
-0.808355
-1.126160
-0.537451
0.232796
1.019724
1.069744
-0.578699
-1.723239
0.377585
0.404346
1.758537
-0.252252
0.999148
-1.409336
2.919173
-1.185667
-0.011549
-1.212887
-2.228849
-1.199217
-0.139495
0.959004
-0.539143
-0.039157
1.041234
-1.180244
-0.494849
2.105376
0.167242
0.483731
0.500333
0.164324
-0.399543
-0.182049
-0.290942
0.248714
2.872017
-0.688357
2.558734
-0.068710
1.058424
1.024441
-0.139952
1.852893
-1.568766
0.058247
-0.304282
-0.016313
0.274208
-0.069316
0.262665
-0.618778
0.054750
-0.090819
3.010036
0.982702
-1.491639
-0.040897
1.194059
0.336758
-0.253523
2.000798
0.429540
-0.179713
-0.225376
-0.392273
-0.711575
