0.474305
-1.345587
-0.658352
-0.096329
1.143822
-0.138354
-0.136900
1.095725
-0.095705
0.018240
-0.439554
-0.174128
-0.473375
-0.181770
1.116395
0.434527
-0.561864
0.362187
0.510356
-1.343720
-0.338280
0.407986
1.061388
0.374268
-0.330637
0.839903
1.066643
-1.368816
0.347762
-0.180228
1.369875
-0.443671
0.990017
0.104112
0.077589
1.330933
-0.045505
0.481573
-0.258581
0.909024
-0.120560
1.167059
-0.995841
0.834041
0.437200
0.457604
-2.107199
-0.462431
-1.215132
-0.272595
-0.261639
-1.320510
-1.219054
0.871850
-0.401888
-0.666579
-0.493280
-1.230586
-0.507383
-0.155859
0.291697
0.974465
-0.292912
0.737798
-0.268734
0.421104
-0.477215
1.128170
-0.457036
-1.195612
0.282822
-0.300446
-0.096837
0.340954
0.006132
0.419514
0.815403
-0.105498
-0.054251
0.024984
-1.277736
0.520272
-0.189699
-0.413524
-0.085608
-0.175686
-1.039553
0.110886
-0.438287
0.599114
-0.501051
1.098204
-1.520072
0.927021
0.168826
0.028193
-0.272017
0.946971
-0.413872
-1.231456
0.322837
0.061252
0.331560
1.093261
0.854287
0.402536
0.744061
0.587007
-0.415768
0.246742
0.940751
0.320507
-1.160854
0.981189
-1.258469
-0.979093
-0.142802
0.982945
1.004934
-0.147186
0.290086
0.492589
0.527692
-0.251736
0.368185
-1.293255
-0.225921
-0.474103
1.142907
-2.095149
0.386905
-0.061961
0.128137
-0.396905
-0.033941
-0.211201
-0.534778
0.230986
1.020999
-0.431022
-0.499223
-0.366084
0.129876
-0.559250
0.327475
-0.467108
-0.298649
0.925933
-1.163058
-0.332878
0.380657
-0.390886
-0.197688
0.348146
-0.290787
-0.595971
-0.338544
0.301055
0.312055
0.345819
1.263203
1.022734
-0.245317
-0.366065
-0.595378
-0.070689
0.477237
-0.098056
-0.230596
-1.393277
1.073833
0.456007
-0.317044
0.346962
-0.359182
-0.161468
-0.014175
0.840617
0.722382
-0.429462
1.039868
1.062640
-0.105785
-0.256289
0.322515
-0.147546
-1.253038
1.138291
1.019715
-0.541215
-1.307338
-0.255624
-1.066494
-1.298179
-0.337586
-0.588647
0.858910
-0.485671
-0.810114
-2.055406
-0.264506
0.505460
0.428501
0.591265
-0.465348
1.012788
1.281638
-0.113241
-1.236240
-0.469501
-0.027462
-0.124854
0.853589
-0.067767
-0.470179
1.038084
-0.512725
-0.297132
-0.013233
-0.080176
-0.394299
-0.070201
-0.477857
0.505662
-0.361400
-0.453137
1.253826
0.986834
-0.230181
0.075125
-0.545912
-1.321292
1.145971
-0.254468
0.483105
-0.587939
-0.254914
-1.232866
-0.396496
-0.024814
-0.572467
-0.902767
-1.110315
-0.461820
0.539700
0.508690
-0.393896
0.904225
-0.093579
0.512598
1.073771
0.415372
0.673809
0.681691
-0.313216
0.315391
0.399417
-0.432989
0.279119
-0.382002
-1.188754
-0.461830
-0.206149
-0.034421
-0.490201
1.188222
-0.469704
-0.399029
0.349467
-0.039690
1.227939
-0.503023
-0.065645
-0.567445
-0.940143
0.431476
-0.418074
0.770789
0.325086
-0.222167
-0.609716
0.434448
1.103265
1.088138
0.489809
-0.237650
-0.157088
0.262804
-2.128738
-0.043488
-0.088704
-0.744832
-1.253075
0.990986
0.204427
-0.880021
-0.391257
0.387402
-0.000101
-0.613940
1.039762
1.081563
-0.392710
0.267522
-0.341976
-0.193743
-0.084246
-1.313074
0.000957
1.441093
-1.240340
-0.347887
0.022808
0.583630
-0.361919
-0.574221
-0.417044
-1.097943
-1.407318
0.421212
0.078104
0.923950
-0.126898
-0.514237
0.545592
0.050655
-0.383394
0.961866
0.449264
0.998310
1.049731
0.432924
-0.199920
-0.012924
0.456469
-2.054052
0.987326
1.196538
0.423814
0.968914
0.316237
0.686924
-0.067738
-0.878272
-0.258247
-0.334810
-0.070473
-0.050236
0.564322
-0.462251
0.722487
-0.409480
-0.362762
-0.082813
0.977028
-1.101894
0.367106
1.064571
0.272424
-0.534818
0.611036
1.083494
-0.576760
-0.436785
-0.337327
1.138444
-1.336677
-0.078684
-0.240751
-0.358364
-0.148833
-1.208358
-0.611514
0.961220
0.145957
-0.162894
-0.600094
-0.475583
0.922530
-0.474223
1.322443
0.018778
-0.104235
1.404974
0.461067
-0.307572
0.138399
0.216728
0.245748
-0.613607
0.766162
-0.402712
0.180686
0.317614
-0.285892
0.314816
0.343336
0.362788
0.514222
-0.229408
0.356064
0.311676
0.364511
0.305639
-0.100011
-0.040275
0.283538
-0.156925
-0.236608
0.473771
0.229801
0.094471
1.098945
0.785227
-2.042394
-0.964132
0.243427
0.366959
-0.316816
0.906732
-0.191497
-0.521551
-0.107878
1.014532
0.357662
1.060934
-0.352885
-0.108697
0.451618
-0.061771
-0.365665
0.377146
0.250333
0.349742
-0.011096
0.735502
0.055377
-0.200823
0.335817
-0.490580
0.348374
1.155244
-1.091546
-0.412837
-1.168180
1.007461
1.170764
0.613980
0.300911
-0.429922
0.439547
-0.487320
-0.091469
0.091286
0.263186
1.091868
-0.442991
-0.483132
0.718435
-0.119447
-0.068125
-0.261471
-1.178475
-0.151166
0.929569
-1.182604
0.295716
-0.055590
-0.491461
-0.515798
-0.243427
-0.550382
1.385634
0.944298
0.511955
-0.308613
0.372669
-0.525862
-0.661451
0.245326
-0.218551
1.090634
-0.326934
0.359552
-0.210846
1.069970
0.066866
0.561503
-1.129637
-2.020356
0.431821
0.915845
-0.533778
-0.562649
-0.415713
-0.207607
-0.546839
0.422585
1.011223
-0.199576
-0.440305
3.207967
-0.477528
-0.704157
-0.205126
-0.228474
-0.333119
0.988025
0.520456
0.208489
-0.147140
1.062830
-0.607697
0.369859
0.311860
-0.467601
0.407531
-0.534471
-1.017728
-0.212783
-0.104079
-0.198767
0.458861
-0.564369
-1.300707
0.041449
0.498979
1.206575
-0.506448
-2.122701
0.268100
-1.020295
0.408543
1.233174
-0.118212
0.407377
-0.481658
-0.572174
-0.394013
-0.306237
-1.214517
-0.011585
1.078277
1.119768
1.134810
0.528214
0.525592
0.304655
-0.549025
-1.275144
-0.257209
-0.447444
0.120677
0.294370
-0.801992
0.233785
0.151334
-0.204494
-0.118771
-0.231589
0.136075
0.192845
-0.473493
-0.175617
-1.103000
0.405680
0.699688
0.470723
-0.213250
1.049611
-1.183640
-1.196957
-0.316865
-0.204423
-0.055668
-0.130737
0.482346
0.418129
-0.022108
-0.448774
-2.408844
0.417204
-0.251588
-0.619206
-0.329097
-0.214574
-0.546060
0.370119
0.439931
0.393114
0.966745
-2.083511
0.017906
1.430336
0.087653
-0.359310
0.845231
-0.356451
0.567227
0.269194
0.841070
-0.594861
-0.516203
0.072041
-0.172482
-0.328805
0.108457
0.426855
0.577695
-0.820801
0.125977
-0.232717
0.376268
-0.247764
-0.383514
-0.497108
-0.289756
-1.213390
1.122441
-0.165242
0.928269
-2.112496
-0.516315
1.041742
0.501133
-0.458570
0.389939
0.398643
0.972848
0.442045
0.284470
1.431974
-0.285105
-0.123191
-1.234491
1.110758
0.113612
0.044481
0.436386
-0.167501
0.238657
-0.324610
-0.369107
-1.231553
-0.636079
0.236953
-0.583746
-0.331539
-0.345881
0.931055
0.460734
0.887117
-1.033577
-0.447293
-0.222328
0.922503
-0.651249
-0.066449
-0.193779
0.362734
1.249481
-0.227934
-1.235953
0.296589
1.086781
0.452898
-0.545327
-0.921898
-0.831249
0.929438
-0.060579
-0.087520
1.021062
-0.625563
-0.364669
-0.370125
0.818698
0.482080
0.777653
-0.036380
-1.270081
1.017674
-0.578466
0.237434
0.535629
0.380568
0.915539
-0.857191
0.488948
-0.449104
