-0.296057
2.576614
-0.263793
-0.211562
0.040767
-0.172996
0.114670
-0.196180
-0.277420
-2.647291
-0.033864
-0.134512
2.476908
-0.928660
-0.230391
2.441568
0.012199
-0.187219
-0.139496
-0.193948
-0.140153
2.513307
0.038527
0.016087
-0.166667
-0.223214
-0.184826
-0.220863
1.904861
-0.084347
0.097334
-0.239889
2.509875
0.102452
0.028032
0.127168
-0.235621
0.057338
-0.349335
2.536953
0.026782
-0.255184
-0.237645
-0.233083
-0.132572
1.990518
-0.028821
2.440996
-0.147331
-0.184596
-0.042025
-0.775506
-0.158032
2.484733
-0.221784
2.413675
0.007779
-0.835201
-2.619093
2.406976
0.041017
0.039706
-0.277007
0.033722
-0.168964
-0.176017
0.104357
1.898803
0.031761
-0.211403
0.058247
-0.299062
-0.718423
-0.243056
-0.248649
2.439660
-0.154786
2.447652
0.053616
-0.223652
-2.528336
-0.000089
0.082603
-0.250881
0.030191
-0.161201
2.482579
0.021145
-0.246907
1.923591
-0.216554
2.465982
-0.288628
-2.754292
-0.170354
-0.168050
-0.218848
0.005993
-0.150332
2.379887
-0.278334
0.061935
2.597784
-0.168017
1.933441
-0.175390
-0.256913
2.542049
2.481178
2.492536
-0.249757
2.358027
0.043310
0.003261
-0.000699
-0.304284
0.020874
-0.035399
2.500395
-0.241738
-0.261260
2.530164
-2.644630
0.100667
-0.193188
-0.783540
-0.198457
0.086336
-0.168593
-0.039011
2.592841
1.950015
-0.265736
-2.733664
2.465694
-0.211287
2.477455
0.031256
0.031089
-0.011337
-0.347443
-0.287248
2.556788
2.411780
-0.099273
-0.189365
-0.218751
-0.009007
0.066482
2.362591
0.030250
2.472169
-0.184991
2.376754
0.088240
-0.016082
-0.127468
2.514093
-0.233362
2.463394
0.008715
2.452318
-0.236033
-0.283857
-0.097267
-0.134979
-0.255511
2.469497
2.506678
-0.209512
-0.183835
-0.238209
-0.275073
-0.098457
0.002065
0.031402
-0.018514
-0.826308
0.072427
-2.560139
-0.287437
2.523676
-0.156904
0.146435
-0.241768
-0.233352
-0.039086
-0.124084
0.080038
-0.243820
2.327535
-0.180003
-0.205453
0.044346
-0.037593
-0.210825
-0.213944
-0.259767
0.060699
1.853388
2.400089
-0.190282
2.368993
2.466558
0.115100
-0.040462
0.100446
0.102038
-0.165931
2.487847
0.086363
0.066570
-0.183958
-0.297112
-0.288291
-0.140967
-0.174973
0.031462
-0.143545
-0.159169
0.006269
2.623564
0.019952
0.096575
-0.162182
0.051908
-0.197233
-0.343162
2.478489
-2.666829
-0.217632
-0.020302
0.036153
-0.240507
0.068882
-0.000498
2.479930
-0.186335
-0.195694
-0.178723
0.039990
-0.165039
-0.120552
-0.158517
2.474347
0.007953
-0.148448
-0.160638
2.430212
2.497058
0.076954
0.043945
-0.193838
-0.077470
2.452977
2.448871
1.924290
-0.050481
-0.194852
0.163263
2.428150
-0.016750
-2.613559
-0.265292
0.123642
0.022606
-0.351246
-0.858915
-0.249207
0.054771
-0.211271
-0.165823
-0.207559
2.492809
-0.017472
-0.260159
-0.095576
0.008812
-0.178277
-0.186231
2.505039
-0.297760
0.058469
-0.270261
-0.286401
2.510930
-0.042498
-0.324094
0.122401
0.063034
-0.240633
-0.016058
-0.116543
-0.040199
-0.180828
2.414553
-0.191588
2.396442
-0.002227
-0.232035
-0.212126
-0.199423
0.017449
0.029180
-0.165500
-2.805063
0.097786
0.046107
2.374679
2.539113
-0.324830
-2.631825
-0.204111
-0.172103
-0.101551
2.484917
-0.242295
2.437133
-0.134039
2.355851
-0.241667
2.360399
-2.495485
-2.638394
-0.177670
-0.189725
2.470580
0.079581
-0.324159
-0.194495
2.468732
0.066963
-0.262968
2.463513
-0.204536
-0.282034
0.039447
-0.230200
-0.193951
-0.194257
-2.590294
0.085531
-0.287782
-2.706202
-0.187794
-2.696293
-2.702399
-0.179082
2.434941
-0.262351
-0.294988
0.018615
-0.013327
0.043672
-0.263252
-0.110376
0.073557
-0.063700
-0.290741
-0.240937
-0.271138
0.294966
-0.227084
-0.182827
-0.225637
-0.325647
0.014800
0.096976
-0.161021
-0.159382
-0.207115
-0.212179
2.463366
-0.225377
-0.271549
-0.130659
2.409766
2.493341
-0.168823
2.486791
-0.109173
2.425750
0.030512
0.015006
0.030681
2.595317
-0.024530
-0.240090
-0.172293
0.057145
-0.164814
-0.180011
-0.148858
-0.207787
-0.026648
-0.248379
0.059508
2.520896
2.403394
0.021267
0.012631
-0.252467
-2.617615
0.013434
0.060503
0.004684
-0.773447
-0.222700
-0.215125
-0.102956
-2.630614
2.536083
2.489420
0.014845
-0.014869
-0.360112
-2.649547
-0.755591
-0.114224
-2.599333
-0.021456
0.015001
-0.226628
-0.179580
0.064267
2.578795
0.102315
-0.201376
0.009476
2.492069
0.056465
-0.113997
-0.192032
-2.601669
0.062657
-0.230133
0.032490
-0.205963
-0.272070
-2.668614
0.045687
0.065082
2.431005
-0.145358
2.329703
-0.264226
-0.224846
2.421116
2.369110
-0.139586
0.067141
0.023327
0.150005
0.024696
-0.186718
-0.023473
0.002269
-0.150147
-0.171818
-2.682387
2.461216
-2.602024
-2.729255
0.045960
2.572008
-0.205622
-2.623184
-2.653798
0.092607
-0.301122
2.429234
-0.133341
-0.201437
-0.260478
-0.128750
0.046824
-0.016473
-0.244767
2.330018
2.426536
-0.280337
-0.175720
-0.071655
0.067590
-2.692493
-2.685020
-0.005416
2.414227
-0.124350
-0.207116
-0.811078
0.062859
-0.172880
2.433273
0.103023
-0.147148
-0.732573
-0.238161
-0.232414
2.487304
-0.039362
-0.191370
-2.604107
-0.241812
-0.190274
-0.184297
-0.084344
-0.306056
-0.236357
-0.183587
2.398137
-0.170436
-0.289424
2.431906
-0.241760
-0.248510
-2.647269
-0.144952
-0.129771
-0.135465
0.080106
0.033229
-0.196515
-0.179289
0.105274
-0.235454
-2.658629
-0.155713
-2.701985
-0.108717
-0.157903
2.438967
-0.203677
-2.573842
0.043676
-0.336763
2.448971
0.050683
0.022012
2.448472
-0.060308
-0.244368
-0.133418
0.090993
0.031810
0.073705
-0.235164
2.500856
0.097518
-0.196706
-0.038264
2.490773
-0.190615
0.012464
-0.204074
2.408630
0.039352
-0.234781
-0.221355
-0.160777
-0.226398
-0.170985
-0.014246
2.467014
-0.132425
-0.157825
-0.124496
0.050360
-0.331385
-0.274370
0.424169
0.092380
-0.045084
2.560625
0.035789
-0.235525
0.005942
-0.167767
-0.210986
2.454219
2.448389
0.028848
0.035675
2.454662
-0.171070
0.061285
1.883150
-0.735071
2.526401
-0.219943
-0.243677
-0.315873
0.028005
-0.216066
-0.230166
2.500393
0.083458
-0.031239
-0.173276
-2.647225
2.578478
-2.612355
-2.635204
-0.180236
2.385288
-0.211635
-0.167770
-0.151376
-0.141940
-2.755876
-0.157229
-0.195443
2.448788
2.516622
2.490523
0.052425
-0.150751
-0.175973
2.424656
0.101757
-0.253384
2.505606
-0.162586
0.033933
-0.166920
-0.235917
-0.266128
-0.187851
2.486721
2.473268
0.044040
-0.157975
-0.768948
-0.831299
-0.879850
-0.255479
-0.063314
2.446560
-0.216198
-2.632112
2.560380
-0.222247
0.005009
2.462454
-2.741748
0.045098
-0.151114
2.566596
-0.204964
-0.239647
-0.168354
-0.196028
-0.005260
0.039768
-0.027828
2.491621
0.036174
0.166554
-0.202494
-0.168064
-0.167357
-0.222311
-2.631038
0.024065
2.521115
2.461318
-0.006700
0.083717
-0.151554
-2.642193
-0.189694
-0.178879
-0.141148
-0.160063
2.464649
0.051846
2.480398
-0.809352
-0.240771
-0.176081
0.055870
2.449495
0.019196
0.008059
-0.190692
-0.195768
-2.705183
-0.244842
-0.829346
0.045777
