0.417247
2.573535
0.277043
0.239332
0.492252
0.342932
0.909051
-2.215885
0.215031
2.913894
0.244159
2.547879
3.010262
-2.315775
-2.212388
2.709816
2.725292
-0.062560
0.234826
0.497959
-2.263907
2.443365
0.021982
-0.024354
0.280346
1.382018
-0.022798
-2.158532
0.391576
0.228936
2.636971
0.409037
0.038667
3.763991
0.425147
2.700107
-0.072056
0.066393
-0.129282
0.125028
0.019254
0.306398
3.351774
0.028882
0.195027
2.699120
-2.319507
0.326195
0.403051
0.195290
0.382302
0.280437
0.708267
0.947386
-1.235493
0.076684
2.931074
2.856958
2.487521
0.061589
3.263699
0.444303
-0.113756
0.277489
0.759049
-2.360536
0.310459
0.165499
1.235893
-0.000089
0.356389
1.024135
3.626932
1.250679
0.223820
0.214006
1.181027
0.426359
2.682395
-2.150698
-2.286305
0.323770
0.824086
0.209883
0.155272
0.042503
0.215241
0.731782
0.738092
2.539297
1.545915
-1.826224
-2.225699
-2.282727
-0.018098
-1.923565
0.370471
0.007416
0.740075
0.193687
0.291685
-0.027252
-0.073943
-2.118752
-0.053827
0.041241
0.688940
-0.117221
2.941373
0.017475
0.274127
0.370580
0.220004
0.932871
0.142851
3.391439
0.485264
0.417571
-2.142676
-2.326351
0.351763
-2.184681
-0.092738
0.325174
-0.055986
0.197121
2.694468
0.961908
3.744496
2.755475
-1.990503
-2.001765
1.096241
2.671020
-2.199464
-2.256044
0.158505
1.275188
3.475826
0.956873
1.061109
2.601141
-0.032150
0.250254
0.182482
0.346350
-2.200337
0.726688
0.247436
-0.177640
-2.288686
0.338468
0.225183
-2.338455
-2.148999
2.571919
-0.014552
0.830011
0.973473
-1.927488
-2.299099
0.530004
0.067522
3.001109
0.105925
0.268775
0.730963
-0.081447
-0.044693
0.896226
2.984541
0.921364
-2.057194
0.419669
0.132557
2.859165
0.199348
2.750737
-2.447559
3.880870
0.660665
0.013591
-2.230318
0.961364
-0.110476
0.001751
1.036767
0.041628
0.514555
0.956842
0.246606
-1.975111
0.379787
0.299984
0.852888
0.117730
2.706270
-0.149892
0.782267
0.354032
-2.190929
2.716196
0.145641
0.429936
-2.208139
0.240500
1.063892
0.200403
3.567583
2.649522
0.279353
1.061994
-2.291354
0.306686
0.831884
0.899907
0.155171
-0.102646
0.259842
2.648622
3.717667
1.148295
-2.096903
-0.081781
0.265468
1.372711
0.358152
0.801524
0.707397
0.741063
0.176268
-2.178370
-0.101362
-2.456536
-0.134968
0.296887
0.801921
3.499709
2.918665
2.685036
0.298091
-1.953537
3.413609
0.284236
0.217872
0.128017
-0.001926
-0.144403
-2.071628
2.596108
0.021183
1.027735
-0.125578
0.756094
-0.018461
-0.033081
0.231225
0.709448
0.372353
-1.085772
0.259496
0.100300
0.419922
0.234528
-2.158089
0.314789
-2.168258
-0.058823
-2.261140
0.346366
-2.051360
0.905247
-2.169526
-1.152400
0.247217
2.924434
-2.352390
-2.097569
0.027600
0.067113
2.663489
0.439654
0.224724
0.145835
1.220690
-0.040893
2.631788
0.314311
0.625680
0.875876
0.321039
0.054377
2.748445
-2.235670
0.489039
2.608187
0.489089
0.894034
0.364923
3.520862
0.690375
0.641877
-1.187547
2.895683
0.774796
-2.332665
-2.267447
0.355122
-2.095492
-2.328348
0.611821
0.392418
0.373803
0.684799
2.712505
0.084019
0.073447
0.379132
0.662646
0.867403
0.622007
0.710861
0.563018
-2.186631
-0.478027
0.094950
0.822729
0.465265
0.129775
-0.087420
-2.362003
0.265173
0.553462
0.069639
1.062862
2.872507
0.115504
-0.090935
2.588578
2.835159
0.269984
2.853969
3.560626
0.420494
-2.338142
-0.171441
0.099882
0.230671
-1.170410
-0.320211
1.670535
2.640160
0.262071
-1.538963
0.380893
0.205283
2.591058
0.395510
0.265865
0.262925
2.783684
-1.585507
0.242406
2.629961
-0.029526
2.608117
-0.081052
-2.088376
2.578846
0.526930
-2.396726
0.301896
0.396221
0.668540
0.048725
0.239740
3.355415
-2.108627
-0.254156
-2.236279
0.921811
0.378325
-0.038296
0.172891
0.440009
0.339423
2.719268
0.514491
2.962732
0.030230
0.026554
-2.345448
0.743616
0.811340
-2.255986
0.258173
0.274689
0.448444
2.680244
0.311046
-0.030573
-2.245912
-2.107656
-0.096800
0.761694
0.363038
-2.134186
0.013016
2.514545
0.457458
3.651379
0.034185
1.622562
1.436579
0.434769
0.118461
0.228328
-2.105780
0.014383
0.396943
0.407840
0.815395
2.506157
0.398987
-1.189471
2.599496
0.418807
-2.320121
0.050525
2.803550
0.315097
0.280751
2.926524
0.052092
-1.150676
1.276539
1.053980
-2.410071
0.203511
3.359846
0.301380
0.193660
0.408866
2.595037
0.497703
0.165597
0.077279
0.253748
-2.108206
0.237673
0.897374
-1.982709
2.894310
-0.052592
0.011349
-1.989274
0.429950
0.254287
2.565744
0.387799
0.171493
2.619443
2.662704
0.334542
0.840213
2.509901
0.789036
3.520380
0.473628
0.285077
-2.156871
0.420136
0.264273
0.052679
-0.053744
2.975081
-0.079422
0.844594
0.395183
-2.328392
0.077244
-2.264062
-2.142736
-0.071765
0.368622
2.937430
0.056251
0.116495
0.419013
0.299591
-0.161964
0.115419
-0.115486
2.715014
0.284286
-1.988989
0.010634
-2.244556
0.200688
2.757161
2.742257
-1.806919
-0.118177
0.153242
0.827300
-0.052027
0.514409
0.121180
0.689466
0.700047
-2.390778
0.899905
-0.057566
0.256063
0.410634
0.718120
0.016934
0.636978
0.594819
0.279337
3.273821
-0.003204
0.624240
2.530495
-0.003173
0.466964
0.170628
-2.467041
0.045873
-2.111834
0.195850
0.387368
0.933714
0.062753
-2.180024
-0.018232
-1.195919
0.369738
-2.332627
1.042644
-0.051537
-2.088264
2.948426
3.416678
-2.237133
-2.331864
-1.959426
0.135129
0.241630
2.496296
0.524875
2.445601
-1.852951
0.432631
2.615320
0.794106
0.685434
-0.181534
-1.229211
0.394332
0.467721
2.668386
0.144510
0.017093
-0.078029
0.327007
1.090525
0.336532
0.176985
0.271271
0.301150
3.429200
2.467803
0.357045
2.649695
-0.050038
2.857630
-2.151536
0.765806
2.594987
0.333139
-0.066118
0.227996
0.041073
0.438751
0.220638
1.154434
0.040442
2.794251
2.779328
-0.026543
-0.076825
1.032576
-2.303177
-0.116433
0.348429
0.302398
0.313720
2.702949
0.380187
-1.253189
2.755351
-0.100686
0.643166
0.352148
2.537601
2.714616
0.502585
2.628619
-1.768132
0.724029
0.836123
0.435284
0.375927
0.266872
0.122067
0.884804
1.083734
0.354546
0.635689
2.619337
0.986746
-0.049008
0.969913
1.142144
2.930897
3.592535
2.561463
1.222031
0.148945
0.746940
3.409367
0.767575
3.069846
0.869714
0.026213
0.218529
-2.176204
2.625818
-2.261578
0.354402
-0.053630
0.017542
-2.155331
2.627722
2.694717
0.343553
0.111895
0.351110
-2.185281
0.047846
0.369566
1.375789
0.899937
-2.147676
0.211195
0.274682
0.228165
-0.006560
0.107572
3.286358
0.338498
0.159426
-2.008265
0.240167
-2.374969
-0.026119
2.916428
2.775083
0.457837
2.855397
0.392241
0.024392
0.788122
-0.120633
0.267122
-1.165421
0.372303
-0.078936
2.888034
-2.331511
0.463802
0.856156
0.277207
0.597661
0.205423
2.540200
0.756424
-0.045843
0.057141
