0.041033
2.259581
0.284527
0.369525
0.146762
-0.075420
-2.504356
0.160220
2.414502
-0.152180
0.103714
-0.191556
-0.042845
-2.442146
-0.256565
0.096283
2.645633
-0.188882
-0.215954
2.417054
2.436227
0.160225
0.141899
-0.063319
-2.470815
-0.047295
2.496709
2.445690
2.506927
-0.112087
-0.119149
-0.098714
-0.176298
-0.035244
-0.065343
-0.195276
2.468271
0.082785
-0.039173
-0.216281
0.132332
2.405089
2.437855
0.068825
-0.127036
-0.118213
2.306656
-0.094741
-0.202871
0.166370
-0.033824
0.093906
-2.380779
0.007560
0.059928
-0.170420
2.426547
0.085684
-0.183845
-0.211380
2.231308
2.579611
0.040282
-0.174210
-0.027230
-0.118317
2.434586
0.128119
-0.012650
-0.108335
0.118159
-0.927106
-0.145474
-0.242744
0.142038
2.449659
-2.550173
-0.383181
-0.280878
0.025399
2.393287
-0.048808
0.112894
-0.081787
0.119910
-2.381271
2.435602
-0.149618
0.046313
0.098056
2.366378
-2.578852
-0.960430
-0.213480
2.486193
-0.202886
2.414080
2.914128
2.377361
-0.092084
0.066430
2.502014
-0.154197
-0.186048
-0.088750
-2.375669
0.041827
2.514476
-2.491804
0.126454
2.532501
-0.318671
-0.076720
2.503580
-0.280691
-0.038541
0.145011
0.110080
-0.184941
0.208608
2.510138
-0.071507
2.390383
-2.501800
2.397565
-0.214850
0.102873
-0.153138
0.084412
1.657574
-2.547432
-0.126799
0.063963
0.159841
0.202435
-0.074900
2.434411
2.463034
0.132791
0.058001
2.572197
-0.076696
-0.179233
0.015708
-0.202895
-0.233930
2.550557
-0.161716
-0.056163
-0.069258
2.461931
0.105102
-0.044217
-0.903981
-0.230400
2.442187
-0.879151
2.374078
-2.480187
0.139265
0.105307
2.474472
2.421893
-0.148104
2.564512
-0.026616
-0.046101
-0.171748
2.253506
2.356182
-0.111325
0.087984
2.443302
-0.007518
-0.177096
-0.026920
0.092536
2.582488
-0.247342
-2.539825
2.440329
-0.169742
-0.136056
-0.200091
0.158419
-0.130750
0.084475
2.537206
0.133366
-0.179510
0.102312
-0.043999
-0.106979
1.774334
2.394389
-0.185766
0.248368
-0.132738
2.302051
-0.135423
2.479080
2.446503
2.448184
0.004150
-0.171443
-0.804385
-0.318668
2.530643
0.158016
2.345353
-0.321335
-0.023023
-0.445116
2.361767
-0.106585
-0.226974
-0.259283
-0.248333
2.444814
2.310626
-0.083211
0.036649
2.375845
0.102553
-0.121354
-0.152373
2.403370
-0.218714
-2.501553
0.002491
0.167695
0.006173
-0.139375
0.041077
0.049106
2.399838
-0.055425
2.420794
0.014593
-0.143470
0.046002
-0.099553
2.385591
-0.024431
-0.160986
2.374620
-0.118632
0.048551
-0.084276
0.059297
-0.804410
-0.028995
2.379696
-0.056441
0.106658
2.418397
-0.544254
0.091126
2.360955
2.494131
-0.114673
-0.197324
-0.116894
2.512089
-0.131421
-0.239317
0.102628
-0.130076
-0.085682
-0.077248
2.291168
-0.182897
2.665546
-0.073196
0.057742
0.054359
0.107192
0.082378
0.123803
-2.473784
-0.279155
-0.098309
-0.152661
-2.645403
2.272213
-0.013814
-0.202045
2.526872
1.792276
0.166867
-0.076680
-0.164137
-0.134517
-0.278197
-0.008367
0.090443
0.177152
0.264438
-0.187097
0.011774
-0.122063
-2.423522
-0.178061
-0.112300
0.105014
0.120720
-0.046500
1.851667
-0.123076
-0.126289
2.402265
-2.464413
2.409461
0.124181
2.394187
0.153465
-0.074695
2.370082
2.255931
-2.550592
2.454115
2.341984
-0.097649
2.350621
-0.926399
2.598119
-0.154199
0.126787
1.628126
-0.154209
2.371041
-2.522426
0.119812
-2.460009
-0.092410
2.468730
2.486761
-0.122677
-0.120827
-0.180348
-0.225826
0.109074
-0.235979
-2.412196
-0.330888
-2.555357
2.484842
0.073886
2.360746
2.462366
-2.500827
0.027969
2.346271
0.105025
-0.178900
2.393792
-0.112571
-0.233118
0.054887
-0.124118
0.138996
0.090031
2.572152
-0.119090
-0.021146
0.084616
0.031498
-0.947488
2.413639
-0.110330
2.382704
0.092420
-0.206821
0.157968
-0.202336
2.434030
0.188747
-0.034198
-0.393726
-0.883566
0.062128
0.000168
-0.275927
0.127674
0.118026
2.438409
-0.130702
-0.036784
-0.062628
2.671705
-2.481492
0.028109
-0.226801
-0.292823
-0.270398
2.340028
-0.226402
-0.068650
0.169338
0.009164
0.054112
0.074183
-2.546446
0.113262
2.454107
-0.008119
-0.001527
-2.464108
0.121194
-0.237814
-0.059371
0.023802
0.065848
-0.044352
2.416326
0.120642
-0.161448
-0.110959
-0.090622
2.400291
-0.297840
-0.151489
0.034559
-2.558090
-0.070152
-0.119514
2.708422
-0.216842
2.563527
-0.173697
0.077558
-0.108662
-0.903458
-0.123719
-0.079949
0.167832
-0.198747
0.051472
2.499104
-0.138573
0.121231
-0.031402
2.392575
-0.255540
-0.121716
-0.044041
-0.172723
2.500748
-0.102934
-0.055013
-0.118934
0.027970
-0.912544
0.169371
-0.175971
-0.197817
2.338523
0.029599
-0.338763
-0.118833
0.087975
-0.177154
0.113131
-0.165133
-0.062943
-0.077556
0.076980
-0.137140
-0.145284
0.243421
2.443710
-2.572554
0.064636
0.037183
-0.281769
0.142740
-2.514171
0.116939
-0.114257
-0.004419
2.430167
-0.015461
-0.242575
-0.077528
-0.037902
0.045459
2.499443
0.214886
-2.503390
2.609397
-0.194305
-0.104088
2.423105
-0.191738
-0.164596
-0.107987
1.706493
-0.201198
0.254119
0.153444
2.427693
-0.360376
0.234993
0.104875
0.018444
2.593672
-0.179339
0.053203
2.472564
2.564308
-0.087354
0.097251
2.478586
-0.313189
0.158508
2.469020
-0.160818
-0.922768
0.015548
0.071728
0.049757
2.402878
2.581436
2.434727
2.597307
-0.230925
0.004793
-0.084642
0.014100
-0.147152
0.170235
-0.106007
0.116202
2.440333
-0.150839
-0.181112
2.337678
0.195583
-2.471927
2.411392
-0.366728
-0.162210
2.443361
2.248580
-0.015245
-0.123461
2.450752
0.755845
2.369412
0.125805
-0.174881
-0.169036
-0.248854
0.202876
2.397453
-0.914897
-0.149891
-2.500433
-0.171366
2.497769
2.291026
0.097259
0.111295
-0.161326
2.432696
-0.030240
0.102485
0.212792
2.509196
0.071194
-0.022660
0.140734
-0.095549
1.671428
2.397946
-2.400769
2.470493
2.468074
-2.630494
-0.119069
2.468235
0.052485
0.104478
-0.168966
-0.072387
0.164103
2.485753
0.018541
2.355391
-0.154863
2.407093
2.498393
-0.051736
-2.475421
-0.156199
2.437847
-0.150700
2.317507
-0.867635
-0.080389
-0.186664
0.068791
-0.231629
-0.132210
-0.170150
-0.068187
-0.059734
-0.146308
-0.127468
-0.172256
0.072287
-0.061348
-0.990312
-0.144977
-0.238412
0.090294
0.191743
0.181629
-0.295400
2.324626
0.084166
2.379200
0.174670
-0.006372
2.351900
-0.206615
-0.087213
2.518666
-0.122101
-2.525693
0.104547
-0.198514
2.417350
0.083678
1.695094
2.214815
0.091310
0.205325
-0.199507
0.087294
2.346016
0.037660
-0.308956
-0.226576
-0.280262
-2.437707
-0.319881
0.124803
0.047863
-0.370350
2.374817
-0.174142
2.437821
0.062480
2.339390
2.395029
0.094691
-0.217372
-0.045389
0.121558
-0.965457
-0.000689
2.509972
-2.513997
2.489524
-0.734570
2.515895
-0.137778
0.215670
0.001946
0.128637
-0.141692
-0.223549
-2.588800
-0.139007
-0.201494
0.409231
2.516984
2.493184
-0.151827
-0.127651
-0.092245
2.297138
0.078845
-0.090554
0.144520
-0.200264
0.080701
-0.169073
-0.204785
