-0.281588
0.872787
-0.475049
0.280037
-0.050501
-0.565364
-0.549154
-1.463009
-0.276953
0.777470
0.319800
0.365091
1.057761
0.534107
0.015752
0.400543
0.195989
-1.026539
0.282498
0.337994
0.335050
0.240727
-0.419482
0.389152
1.040133
0.361448
1.024203
1.060459
-1.459010
-0.613022
-0.518828
0.468952
1.053315
-0.148675
0.277993
-0.208836
-0.277862
0.370826
-0.153116
-1.410844
-0.243646
-0.295603
-0.151869
1.152301
-0.536228
-1.402511
-2.104325
0.017563
-1.504800
0.375022
-0.130827
1.027782
0.327131
1.081905
-0.075532
-0.452174
0.139462
-0.303775
1.075651
-0.612793
0.360977
-0.255208
1.180137
0.493077
1.205311
-0.179604
-2.042547
1.227054
-0.595632
-0.445612
-0.002694
-0.337038
-0.205622
1.182953
-1.471450
1.042056
-2.040317
-0.403691
0.346738
0.370660
-0.438832
0.377395
-0.448467
1.230483
1.007267
-0.291501
0.258739
0.841353
-2.332604
0.014374
0.048309
-0.005303
-0.250311
-1.385031
0.373223
-0.274165
0.527284
-1.398981
0.170108
0.384626
0.399934
0.267755
-0.446873
0.466177
-0.114483
0.785580
-0.129507
-0.064808
-2.045485
-0.503571
0.357862
1.134778
-0.420348
0.065226
-0.553243
0.368583
0.346504
-1.311547
0.216822
0.044405
-0.531646
-1.484238
0.395071
-0.495169
0.930174
-0.350816
-0.073203
-0.519582
1.202514
0.334037
-0.424594
-0.566584
-0.253012
0.159475
-0.668703
0.894373
1.091441
0.947938
-0.486141
0.061945
-0.297115
-0.454144
-0.585693
1.117025
-0.177349
-0.166564
0.153944
-1.105472
0.663691
-0.234992
-0.334412
0.366903
-2.032253
1.016523
1.060837
-0.177518
-0.387911
0.318133
-0.077858
-0.441193
-0.421674
-0.702418
-0.206092
-0.556459
-0.008955
-1.428994
0.430439
-0.196927
0.330920
0.278382
0.119147
0.249402
1.026915
0.190488
1.077624
0.467931
0.476730
-1.331449
0.078407
0.210468
0.164482
-0.639640
-1.475949
-0.046053
-2.278331
0.606492
-0.238953
0.461815
1.038018
0.302014
-0.241662
-0.236141
0.398384
1.132180
0.263256
-0.138883
-0.416006
-0.068992
-0.544261
0.383740
-0.174279
1.203336
0.102321
0.787686
0.161542
0.308307
0.148042
1.220132
-0.434616
-0.010072
0.513757
-1.498910
-0.510188
-0.084776
0.300454
1.210123
-0.410774
0.333793
-0.232273
-0.447166
0.103253
-0.204309
0.449608
-0.207319
0.507972
-0.268718
0.036192
-0.403941
-0.451192
-0.355770
0.378350
-0.653384
1.071732
-0.209821
0.405984
-0.313643
-0.071311
-0.191436
-1.434770
-0.519799
1.135904
-1.445830
0.354575
-0.259977
1.007478
1.275938
0.376349
0.353108
1.145701
0.268474
0.501766
1.109974
-0.453066
-0.647144
-0.028267
-0.255313
0.423749
0.470239
0.203096
-0.127505
-0.380577
0.249408
0.285290
-0.418131
-2.958857
-0.109075
0.151257
-0.567047
-0.126906
0.338710
1.056115
-0.013601
-0.448440
0.166307
-0.212142
-0.449713
-1.397653
-0.242788
0.158346
1.264456
-0.091967
1.189580
-1.329064
0.461617
-0.183486
0.411892
-0.578185
1.263838
0.025245
0.541363
0.070727
-2.012925
0.266376
0.961934
-0.526183
-0.207364
-0.267345
-0.383903
-0.186462
-0.126057
-0.264055
0.221800
0.337884
0.878802
-0.093897
-0.637430
-0.709860
0.393367
0.260425
-0.337903
-0.129614
-0.596587
-0.440950
0.374813
0.991842
0.282300
0.357945
-0.120579
-0.297909
-0.384503
-0.101110
-0.545301
0.149928
-0.459704
-1.157432
-0.578519
1.299755
-0.148612
0.426481
1.315585
0.169244
0.131688
-0.335807
1.128853
0.247705
0.010626
0.999397
-1.353053
0.190812
0.207836
-1.398799
-0.201946
0.474294
-0.183040
-0.371757
-0.350403
1.195463
-0.516103
-0.497389
1.238285
-2.031572
-0.378260
0.364535
-0.319188
1.221033
-0.063000
-0.489439
-0.632927
0.019817
-0.543323
0.036579
-0.326864
-0.374120
1.157002
-0.105543
0.412670
0.232045
0.283083
-0.270139
-0.041480
0.488403
-0.344563
-0.097595
0.896920
-0.586630
0.110073
-0.574696
-0.345247
1.082543
-0.033866
-0.576854
-1.315257
0.186560
-0.473191
0.518111
-0.489501
-0.453889
0.437276
0.348362
0.108226
0.957406
-0.442492
0.442318
-0.078901
-0.510728
-0.225105
0.355313
0.079953
-0.278215
-0.317435
-0.381562
1.257913
-0.325801
-0.058050
-0.371888
0.874427
0.335393
0.093840
0.196833
0.086085
0.307567
-0.543972
0.413684
0.273109
0.234633
-0.808577
-0.003933
1.106986
1.034871
-0.096330
-1.523342
-0.433952
0.392293
0.129121
1.208563
0.274957
0.231002
-0.185551
0.192204
-0.360849
0.454229
-1.994432
-0.252213
0.203855
-0.484689
1.184905
0.394093
-0.517519
0.839539
1.112183
-0.368598
1.043085
0.535566
0.027553
-0.510986
-1.368789
-1.291767
-0.605663
-0.121710
-0.439496
0.391637
0.361856
-0.166783
0.400202
0.529403
-0.173310
-0.584136
1.061752
-0.512690
-0.475919
1.320436
0.035961
-0.271347
-0.207267
-0.611653
-0.548150
-0.533233
-0.521237
-0.186292
1.309825
0.087998
0.394130
-0.448367
0.384883
0.342730
0.008046
-0.213384
0.976910
1.258721
1.240584
-0.621929
0.937460
1.160623
0.337624
0.276120
-0.534938
-0.077011
-0.423606
-0.547063
-0.424430
-0.450320
1.133996
0.017927
0.088560
0.363516
0.379902
-0.089167
0.222259
1.004100
0.416536
-0.163527
-0.375501
-0.431620
-0.525348
-1.409620
0.520115
1.092820
-0.497257
0.310484
-0.114961
-1.573254
0.207797
1.176081
-0.421540
1.160263
-0.331764
-0.642372
-0.191760
1.212120
-2.030147
0.291259
0.155558
0.133831
1.217737
0.174848
0.262153
-0.573841
0.308806
0.879602
0.040750
-0.073431
-0.144329
1.023394
-0.581587
0.884556
-2.026862
1.107412
-0.563057
-1.324893
-0.144553
0.330315
-0.258274
0.367059
-0.362234
-0.160205
0.343752
0.411319
-0.351905
0.499259
-0.563625
0.523789
0.410405
-0.641797
-0.107433
0.261933
0.842401
0.395002
0.972929
-0.264287
-0.457612
0.929839
0.309461
0.905717
-0.417171
1.040942
-0.633569
-0.206579
-0.288911
-1.963585
0.947105
-1.718972
-0.429035
-0.269468
-0.198335
-2.138741
1.102690
0.642873
-0.348454
-0.501183
-1.431616
-0.131577
0.066461
-0.126097
-0.004596
0.618188
-1.461598
-0.647512
-0.697001
0.405200
-0.384624
0.315875
-0.291772
-0.327389
-0.150866
-2.375969
-0.061312
0.277590
-1.418121
-0.293829
-0.756074
0.400583
-0.689568
0.389087
-0.226823
0.270551
-0.180947
0.101511
-1.477323
0.496628
-0.116654
-0.421470
0.292134
-0.075305
-0.567627
-0.300047
-1.292235
0.349076
-1.369865
-0.649195
-0.112999
0.392479
0.770952
1.186939
1.059551
1.084983
-0.681856
1.068165
0.365227
0.473641
0.599027
-0.524846
0.273473
-0.380085
1.221554
-0.121900
-1.351850
-0.183591
-1.422967
-0.349465
-0.589735
-0.385277
-2.006430
0.363839
1.174404
-0.252147
-0.091986
-0.140035
-0.030246
1.338711
1.242982
-0.174010
-0.304614
-0.629288
0.345704
0.254916
1.060912
-0.294116
-0.283246
-1.974407
0.197859
-0.395054
0.377702
0.246480
-0.365723
0.408353
1.014413
-0.263866
1.153412
-1.016120
-0.265246
-0.288099
0.004649
0.347999
-0.500434
-0.591968
0.009976
0.442525
0.519248
-0.834615
-0.404223
0.417402
-0.225496
0.308125
-0.389878
-0.384827
0.260768
0.437426
-0.222404
-0.252858
-0.019438
