0.213628
0.445183
0.305251
0.499923
0.173000
-0.590771
-0.086390
0.432931
-0.464318
-1.417354
0.014786
0.213646
0.740280
-2.024564
-0.493382
1.062506
-0.033655
0.448386
0.511860
-0.649493
0.486711
1.077004
-0.176112
-0.332210
-0.600329
-0.641872
0.465058
0.144943
-1.027856
-0.147531
-0.247053
0.501507
1.295558
-0.196057
-0.329491
-0.425372
0.232681
-0.263294
0.430560
0.613910
-0.190869
0.476609
0.242104
-0.482948
-0.578121
-1.371206
-0.274907
1.018928
-0.591284
0.369323
-0.229676
-2.024780
0.476006
1.150701
0.319158
1.033441
-0.250522
-2.212053
-1.484651
1.217388
0.055095
0.035618
0.487379
-0.238852
-0.587367
-0.547278
-0.411107
-1.039954
-0.356350
-0.509471
-0.027640
-0.525844
-2.356738
0.417227
0.403497
0.989594
0.397254
1.082105
-0.405923
0.159749
-1.461256
0.001397
0.102890
0.029801
-0.238371
0.523117
1.181964
-0.044335
-0.606314
-1.334741
-0.442167
1.113516
0.418387
-1.274739
-0.591874
-0.687752
0.357563
-0.342191
-0.585104
1.174712
0.063655
-0.102222
0.348143
-0.474288
-1.023651
0.190493
0.195610
0.344477
1.071707
1.203049
-0.572766
1.317133
-0.204600
-0.185458
-0.092014
0.296420
-0.082146
0.056890
1.184188
0.367140
0.216874
0.875848
-1.336548
-0.068189
0.368024
-2.006920
-0.560443
-0.152584
-0.493244
0.044296
0.394721
-1.317658
0.468766
-1.443551
1.137778
0.346250
1.001720
-0.020741
-0.170182
-0.036665
0.438997
0.303920
1.315776
1.170845
-0.352292
-0.715125
0.205725
-0.161831
-0.229451
0.968811
-0.040917
1.184984
0.237240
1.132761
-0.270703
-0.234777
-0.707006
1.305851
0.466076
1.059014
-0.286800
1.259618
0.307271
-0.525844
-0.081806
-0.537779
-0.533544
1.191100
1.137257
0.537714
0.405319
0.169094
-0.484715
-0.603642
-0.190886
-0.264362
-0.239388
-2.201262
-0.444154
-1.367829
0.420076
0.599941
0.449467
0.220359
0.184710
-0.538617
-0.251250
-0.650144
-0.414535
-0.666831
1.066017
-0.583121
-0.589636
-0.423066
-0.149906
0.465781
0.421468
-0.415973
-0.416122
-1.069231
1.049651
0.341290
1.047533
1.298793
-0.043610
-0.233738
-0.256197
-0.083811
0.367385
1.158642
-0.216267
-0.479324
-0.575908
0.405837
-0.477148
-0.437649
0.480430
-0.237228
-0.301386
-0.572808
-0.083218
1.138469
-0.019055
-0.347541
-0.001857
-0.263704
-0.651856
0.060501
1.298071
-1.344611
-0.456604
-0.389280
-0.080674
-0.549637
-0.075170
-0.375801
0.940255
0.321350
0.537106
-0.465780
-0.211269
-0.389558
-0.562010
-0.330936
1.085793
0.110157
0.427789
-0.431031
0.695663
1.011038
-0.380300
-0.059261
0.396521
-0.491345
0.853246
0.674516
-1.384894
-0.067589
-0.685219
-0.225145
1.101706
-0.265038
-0.724847
0.475758
0.051796
-0.167217
0.483305
-1.987325
0.185297
-0.363009
0.527525
-0.447809
-0.365983
0.968605
-0.044809
0.421549
0.079533
-0.367701
0.466954
0.337029
1.471387
0.378013
0.021437
0.464284
0.315867
1.026219
-0.318668
0.265534
0.096974
-0.438914
-0.461738
-0.007904
-0.663890
-0.060103
0.492078
1.050987
-0.618524
1.110779
-0.164646
-0.650545
0.210904
0.380957
-0.016289
0.076085
-0.461336
-1.199634
-0.373530
-0.235238
1.055814
1.506709
0.340095
-1.342750
0.446181
-0.528636
-0.345606
1.251617
0.174897
1.091023
0.293227
1.192862
0.369121
1.060715
-0.869303
-1.370698
-0.532956
0.230246
0.853083
-0.285006
0.511899
-0.519332
0.973635
-0.284761
0.221549
1.170786
-0.513452
0.213180
-0.220030
-0.512308
-0.522383
-0.487742
-1.483379
-0.380176
0.493687
-1.331859
-0.511580
-1.459328
-1.508875
-0.471033
1.198114
0.302678
0.444100
-0.102322
-0.090131
-0.233523
0.505659
-0.542808
-0.067625
-0.480072
0.305388
0.337279
0.316226
-0.400978
0.324557
0.258047
-0.324646
0.469565
0.070888
-0.112422
-0.386519
0.442632
-0.649430
0.248894
0.884466
0.158751
0.319719
-0.504462
1.036697
1.129199
-0.522671
1.313774
-0.536040
0.949329
-0.056410
-0.314838
-0.061917
0.329760
-0.100342
-0.415551
0.435393
0.075933
0.194752
-0.507826
-0.492016
0.365265
-0.359538
0.351081
-0.125768
1.066222
0.938585
-0.083874
0.066600
0.510845
-1.473274
-0.303645
-0.373780
-0.190580
-2.044326
-0.439313
0.471936
-0.647781
-1.356630
1.263479
1.145235
-0.128606
-0.426736
0.513960
-1.314704
-2.398633
0.458690
-1.282840
-0.296957
-0.233489
0.437877
-0.544818
-0.093497
1.229449
0.046539
-0.571091
-0.326491
1.100533
-0.139048
0.230190
0.300361
-1.283622
-0.210618
-0.500268
-0.102396
0.222940
0.369753
-1.317934
-0.233528
-0.276558
1.226074
-0.614635
1.217764
0.358206
0.407504
0.859397
1.165347
-0.566817
-0.120110
-0.208054
-0.154337
-0.002528
-0.578633
0.083378
-0.043757
-0.584030
-0.462208
-1.458590
1.035424
-1.429450
-1.269653
-0.018986
0.368287
0.336128
-1.415232
-1.406984
-0.242205
0.289530
1.292504
-0.641035
0.446753
0.499755
-0.615641
-0.310151
-0.196367
0.196894
1.249606
1.046644
0.211861
-0.518946
-0.306383
-0.313825
-1.389450
-1.253433
-0.469694
1.102585
0.446706
-0.519425
-2.000616
-0.456489
0.473743
1.179685
-0.438043
0.445272
-2.299577
0.353640
-0.481599
1.080187
-0.137878
0.370489
-1.408597
-0.507723
-0.497864
0.315020
-0.301579
0.369570
0.335853
0.179212
1.030708
0.182814
0.356293
1.157582
0.425354
0.437752
-1.439470
0.206391
-0.469931
-0.574301
-0.121890
-0.335210
0.523514
-0.621245
-0.281708
0.491144
-1.390962
0.382582
-1.465541
-0.523291
-0.561140
1.092880
0.259250
-1.405267
-0.211926
0.176230
1.340066
0.203881
-0.189857
1.283610
-0.087248
0.276069
-0.596066
0.097995
-0.146811
-0.063159
-0.509655
0.758009
0.090872
-0.401369
0.013072
0.379340
0.303886
0.072069
0.323682
1.239658
-0.237625
0.438615
-0.648071
-0.444631
0.404221
-0.605018
-0.025520
1.148658
-0.511495
-0.364806
-0.484022
-0.274946
0.404656
0.544344
1.949466
-0.013783
-0.070072
0.355078
-0.245512
-0.451835
-0.341427
-0.675766
-0.546821
1.081336
1.216253
-0.206052
-0.164573
0.293078
-0.632210
0.052413
-1.345980
-2.406205
1.168421
-0.519796
0.244031
0.249617
-0.118239
-0.586642
0.398783
1.063959
-0.187253
-0.045461
-0.542735
-1.559344
0.527223
-1.396319
-1.354239
-0.628614
1.288465
-0.560963
-0.432676
0.443094
-0.653232
-1.150059
-0.510866
-0.504491
0.972810
0.992141
0.835514
-0.592872
-0.498524
0.270068
1.054444
-0.425297
0.291647
1.092228
0.450945
-0.014878
0.528481
0.453908
0.320597
-0.448774
1.176027
1.042307
-0.058010
-0.640207
-2.301197
-1.994981
-1.979371
0.482542
-0.279565
1.311064
-0.406690
-1.357648
0.309070
-0.501116
-0.377287
0.759002
-1.267065
-0.280663
0.433379
1.097794
0.339276
-0.615011
0.217134
0.165985
-0.204130
-0.133756
-0.370667
0.397387
-0.215942
-0.384211
0.460461
0.505901
0.187855
0.406132
-1.367233
-0.199312
0.443950
0.832341
-0.163560
-0.100517
-0.582577
-1.480482
0.310287
0.287381
-0.674564
-0.662832
1.096698
-0.199660
1.001937
-2.034005
0.219817
-0.623980
-0.131636
1.175053
-0.150271
-0.348299
0.490204
-0.537402
-1.414147
0.250855
-2.063856
-0.285869
