0.440733
0.451368
-0.475739
-0.193629
0.240512
0.084230
-0.190522
-0.007483
-0.564278
0.444916
-0.550397
-0.338146
-0.976381
0.345362
0.442768
-0.190097
0.742167
0.439740
0.297029
2.526673
-0.501717
-0.779651
-0.022710
0.914778
-0.176077
-0.503257
0.772343
0.383884
0.525950
0.465397
-0.757772
-0.511985
-0.621520
0.157843
-0.116592
0.191382
0.333036
0.631030
0.609075
0.438535
0.572103
0.332683
0.613335
0.695716
-2.083745
0.537443
-0.773754
0.249732
-0.552725
0.296420
-0.133194
-0.551871
-1.808652
0.714033
0.480060
0.036300
-1.875029
1.052433
-0.604251
0.409902
0.405679
0.295105
0.088070
-0.050449
-0.079982
0.456302
-0.588366
0.693436
0.225090
-0.595007
0.139550
-0.013458
-2.393120
0.479257
-0.111140
0.473117
0.383743
0.344325
-0.057349
0.806760
0.033843
-0.711134
0.473368
0.504269
0.290695
-0.390000
-0.094416
-0.174506
-0.438122
-0.622290
0.289970
0.523912
-0.390074
1.755137
-1.039076
-0.258405
0.432709
0.860066
0.956734
-0.568594
0.405370
0.168103
0.618060
0.328318
-0.528735
0.074404
-1.585778
0.833494
0.296691
-0.414037
0.534246
1.362371
0.059101
0.460390
-0.114786
0.397009
0.266897
0.110898
0.455874
0.202368
0.041819
0.220967
0.068347
0.412162
-0.505913
-0.477332
-0.095885
-1.039488
-0.113353
0.307034
-0.492546
0.504203
0.458673
-0.873429
-1.606595
2.973743
0.015259
0.446489
0.324608
-0.600094
0.246435
0.010456
0.014503
0.224486
0.421522
0.376451
-0.539742
0.718973
-0.633069
0.032722
0.201977
0.325033
0.139197
2.567309
-0.228558
-0.373763
0.482060
0.254638
0.549776
2.593346
0.704997
0.200777
0.150645
-0.509534
-0.182576
0.042518
0.327137
0.736098
0.184965
-1.370047
0.079141
-1.067521
0.570848
0.500044
0.087506
0.265389
0.154304
0.726112
-0.657198
0.408283
0.303275
0.791552
-0.181003
0.005361
0.254879
0.184112
0.644613
0.196091
0.203722
0.510809
0.581379
0.168239
0.297423
0.077427
0.012350
-0.267113
-1.752627
0.056064
0.356741
-1.190802
0.238518
0.494250
0.402355
-0.236832
0.163805
-0.102167
1.983162
0.258203
0.209331
0.494557
-0.148316
0.086640
0.123353
-0.165813
0.699921
0.642526
-0.771136
0.145315
-0.149210
-0.082255
0.038683
-0.010565
0.659363
0.421925
-0.143678
-0.449489
-0.666527
0.351064
0.842974
-0.577719
0.539809
0.362327
1.205107
0.472348
-0.409904
-0.201971
-0.290300
-0.284734
0.443582
-1.318921
-0.126042
0.513635
0.159237
0.435764
-1.703925
0.459486
1.692626
0.402623
-0.371970
0.274569
0.206871
0.501631
0.052666
0.500882
0.505772
0.485613
0.524596
0.166465
0.427210
-0.059636
0.184402
-0.430940
0.321530
0.161675
0.298582
0.265552
0.094863
0.253287
2.569460
-0.062439
2.510323
0.600209
-0.738501
0.550033
-0.315215
-0.681722
0.594092
0.233801
0.399355
1.100211
2.461565
0.063708
0.250370
0.734453
0.677529
-0.512228
0.299520
0.343691
0.243522
0.459586
0.377333
0.268458
0.228607
0.771648
0.625003
0.429034
0.228383
-0.151485
-0.217133
-0.167144
0.103413
0.061895
0.259017
0.214899
0.219158
-0.094127
-0.532882
-0.540893
-0.566354
0.147308
0.151783
-0.449354
-0.028608
0.400363
0.291224
0.586559
0.734656
0.424384
2.585398
-0.546471
0.029694
3.329076
-0.157572
0.759612
-0.515446
-0.593221
0.181036
-0.290690
0.189554
-0.285726
-0.238976
0.194896
0.466803
0.035462
-0.306580
1.225126
0.577226
1.737308
0.502601
0.106328
0.236295
-0.006459
0.046776
0.351395
0.001229
0.037387
0.334119
-0.607848
0.446063
0.647036
-0.033528
-0.625202
0.677492
0.712983
-0.028747
0.158785
0.249669
-0.209404
-0.077433
-0.273905
0.383202
-0.592552
0.008987
0.837944
0.306677
-0.528415
0.559357
0.134388
0.085916
0.465923
-0.144957
0.529512
0.207543
0.272927
0.275341
-1.126764
0.198323
0.226509
-0.515044
-0.323550
0.306205
1.052714
0.433494
0.145642
0.433281
0.018233
0.220495
0.163978
-1.093322
0.450091
0.550177
0.279760
0.693682
0.418674
0.020066
-0.603354
0.574678
0.034190
0.489174
0.277574
0.264021
0.332337
0.962840
-0.437721
-0.265385
0.652546
-1.568088
0.076146
0.149276
2.781824
0.443784
0.533420
-0.411445
0.413414
0.536769
-0.647307
0.278559
-0.726154
-2.993154
-0.554372
-0.680811
0.602220
-0.046230
0.335506
0.074501
-0.060364
0.299445
0.168043
0.806449
-0.310566
0.464878
2.371952
-0.547788
0.601075
0.286057
0.343460
-0.364151
-2.638334
0.702730
0.486324
0.089638
-0.163491
-1.084641
-1.590041
-0.150285
0.229428
0.641134
0.485465
0.091100
0.565308
0.400927
0.184676
0.238789
0.450693
0.761078
0.675889
-0.256410
-0.504302
0.042589
-0.487194
0.673962
0.153395
0.822039
0.816162
0.231265
0.244826
0.336805
0.239476
0.245128
1.665928
0.925512
-0.365204
-0.010132
0.477433
1.632633
-0.140028
-0.598540
-0.939708
0.480972
0.244307
0.233620
0.421742
0.078433
0.252231
0.919456
-1.884726
0.514723
0.292892
-0.493118
1.178451
0.496440
0.234949
0.007130
0.300431
0.711947
0.445811
0.070410
-0.220423
-0.233417
0.200693
0.126365
-0.195503
0.225333
2.419226
0.458546
-0.474199
-0.528447
-0.597304
0.772466
0.272548
0.411173
0.319943
0.127148
0.312346
0.283803
-0.582449
-0.042980
0.259388
0.012976
-0.646860
0.036752
0.307882
-0.197275
0.626974
0.630367
-0.407271
0.580711
0.188253
0.002781
0.303456
-0.094707
0.397141
-0.696028
0.307265
0.272019
0.655175
0.310829
-0.148496
-0.535764
0.664929
-0.440589
0.150841
1.258019
0.449746
0.537754
0.443093
1.196336
0.376254
0.456865
0.478492
0.397009
0.267038
1.544367
0.367018
0.273787
-1.096985
0.664895
0.157289
0.144629
0.436830
0.329040
-0.019391
0.883636
-0.140613
0.442636
-0.519896
0.242780
0.314249
0.028890
0.665978
-0.469610
-0.177391
-0.255087
0.350054
0.637202
0.453667
-0.329547
-0.113430
0.195982
-0.648028
-0.241426
0.953432
-0.188245
-0.409157
-0.525690
-0.474401
0.351525
-0.157714
2.644771
-0.329220
0.622499
0.275006
0.350038
-1.533511
-0.723562
-0.788244
-0.229723
-0.008633
-0.058671
-0.680611
-0.070912
0.206059
-0.269203
0.197873
0.777944
1.063953
0.284182
0.413500
2.378195
-0.684793
-0.554049
-0.052877
0.214331
0.185464
0.075408
-0.436740
-1.536523
0.267688
0.014041
0.430429
0.432410
0.195764
-2.054407
0.090894
-1.897877
0.756078
0.024543
-0.123642
0.022575
-0.467026
-0.027640
0.031113
0.200037
-0.032920
0.550170
-0.442860
0.421873
0.281091
-0.549577
-0.555203
0.185044
1.317128
-0.177645
0.737580
0.011897
0.257996
0.119338
-0.057555
0.149898
0.221388
-0.764344
0.328046
-0.120327
0.012505
-0.114980
0.378133
0.088755
0.325948
0.545343
-0.883419
0.810690
0.082782
-0.637473
-0.598131
-0.010366
-0.207848
0.343632
0.081265
0.221553
-0.584881
0.144503
0.625017
0.112956
0.036643
-0.144524
1.147810
0.249464
0.244371
-0.207537
-0.375722
0.190380
0.508824
0.574755
0.133633
0.455768
0.370647
-1.644215
0.273478
0.001092
-0.491036
