0.321283
-0.255623
0.603817
1.571890
0.409361
0.168604
0.070627
0.781231
-1.611434
-0.137212
0.117461
0.808293
-0.178737
-0.612456
-0.123626
0.812117
0.676659
0.265488
0.503727
0.283000
-0.297229
0.466585
-0.017026
0.337936
0.449197
0.342550
-0.028735
0.232696
0.350613
-0.436597
0.975389
0.171375
0.213405
-0.410988
0.451924
-0.139310
0.595813
0.576979
-0.439074
-0.074413
0.482528
0.062515
0.184655
-1.710085
-1.730673
-0.670348
0.605223
0.646436
0.299979
0.127061
0.125905
0.397424
0.730470
0.275278
0.338107
0.174857
-0.371648
0.296042
2.399670
0.323247
0.833318
0.623091
0.562843
-2.680111
-0.082408
0.292561
0.279791
0.054136
2.443664
0.448683
0.466492
-0.126873
-0.595837
-0.886923
-0.730868
0.233422
0.607857
0.404394
-0.100730
0.325819
0.037181
-0.468569
-0.340574
1.124416
0.530628
0.553269
1.495126
0.444723
0.709186
-0.483560
0.302352
0.361923
0.013961
0.212594
0.185928
-1.572888
0.123175
-0.339988
-0.500630
0.618343
0.768801
2.612216
0.296790
0.731092
0.471481
0.044464
-0.474905
0.187553
-0.002931
-0.570155
0.880738
0.512362
0.721096
0.399632
0.475773
0.710782
0.941473
0.662457
-2.003778
0.279999
0.089156
0.248940
0.448264
0.421816
0.348922
0.565065
-1.732922
2.311653
1.068302
0.199835
0.218366
0.310911
0.437387
0.080901
0.247116
0.007729
0.437799
-0.072197
0.236463
0.070047
0.770547
0.636463
1.045469
0.629508
0.441474
0.654995
0.330747
0.694136
-0.334024
0.241876
-0.711274
0.141595
-0.173122
0.878038
0.417293
0.208229
1.629611
0.565805
0.797733
-0.086188
0.411423
0.201674
0.102881
-0.496515
-0.592607
0.250447
0.767349
0.588599
0.592711
0.101417
0.002746
0.489408
0.663070
0.535609
-0.033637
0.630753
0.079373
-0.010184
0.091286
-0.169293
0.381992
0.557250
0.203083
0.299171
-0.442415
0.228196
2.461647
-0.563945
0.205162
0.143010
0.621999
0.850768
-0.610866
-0.353408
0.404302
-0.212688
0.803131
0.447916
-0.016259
0.424922
-0.146123
0.326134
0.773015
0.691064
0.373378
0.287131
0.481205
-0.785926
-0.120083
0.207804
0.745877
-1.909197
0.601838
-0.459543
-0.483305
0.406519
0.119409
0.869440
0.169730
0.523811
0.055096
-0.465366
-1.853070
-0.577053
-0.628735
0.779061
0.537275
-0.128717
0.128613
0.479719
-0.422302
0.452599
0.102242
0.498224
-0.109882
-0.215417
0.424179
-0.081548
0.325559
-1.878702
0.902770
0.375066
0.751050
-0.234225
0.760960
0.695251
0.296096
0.449615
0.124934
0.383710
2.473886
-2.052723
-0.436096
0.257167
0.252256
0.485701
2.630321
0.501941
0.323627
0.418415
-0.119447
-0.489224
0.623174
0.210149
-1.403366
-0.360043
0.978244
0.612908
0.245042
0.806222
-0.394250
0.437982
-0.549465
-0.472978
0.653402
0.023398
0.021516
0.814620
-0.253511
-0.421301
0.560261
0.343399
2.374344
-0.049817
-1.010805
0.290238
0.526601
0.810910
0.670154
-0.466041
0.081420
0.447671
0.199425
-0.117832
-1.776748
1.621035
0.975665
0.677940
-0.494179
0.263904
0.106018
0.155986
-0.063103
-0.095327
-1.565932
0.364450
-0.766990
2.587148
0.357831
0.487985
0.517208
-0.030737
0.345154
0.215104
0.490430
0.724515
0.019931
1.372374
-2.091670
-0.581813
0.565824
0.618406
-0.922371
0.033036
0.343716
2.478587
0.608753
0.447720
0.066963
-0.584695
0.629601
-0.187060
-0.406166
-0.252524
-0.971511
0.620849
-0.509957
-2.272734
0.189769
0.293301
-0.544787
0.163418
-1.811653
0.468812
0.899317
-0.575812
0.201244
-0.786679
0.536029
-1.900950
0.129482
-2.051936
-1.073061
0.997193
-0.210463
-0.916072
0.482727
0.340603
0.607660
-0.191661
0.225194
0.395215
0.492878
-0.515695
-0.044113
1.023623
0.275052
0.783690
0.183899
0.521104
0.083450
0.286572
0.663108
0.420414
-0.096564
0.658471
-0.066810
0.400469
0.192628
0.540198
-0.499424
0.565638
0.221615
0.205121
0.367331
0.146326
-0.469585
1.713374
-1.823813
0.476141
0.511194
0.569417
-0.200675
0.054847
0.076991
-0.346074
-0.428879
-0.277388
-0.226116
-0.505403
0.407846
0.630146
0.447751
-0.935945
0.334709
0.104514
0.873497
0.218245
0.459940
0.348107
-0.725626
-0.693781
0.713662
-1.778839
0.202882
0.579357
0.266907
-0.244835
0.120621
-0.203615
0.804875
2.429251
-1.916320
-0.983730
0.489698
-0.550008
0.643298
-0.062709
-0.045850
0.627604
0.276578
-0.911900
0.116148
0.403545
0.428740
0.513627
0.339023
0.322900
0.345116
-0.255321
-1.555969
1.055442
0.078163
0.086679
0.803156
-2.567584
0.393826
0.337320
0.710734
0.146033
-0.136820
-0.617045
0.263973
0.643838
0.338662
0.150715
0.188326
1.467510
-0.596502
0.280931
0.531395
0.492312
0.305251
0.692892
0.541053
0.450406
-0.011778
0.229900
0.181009
0.827260
0.226383
0.248006
0.133450
-0.510294
0.971493
0.061344
0.010185
0.733274
0.222954
-0.456019
0.652518
-0.212282
-1.958458
0.131006
-0.068406
0.100734
-0.001205
0.168982
0.083957
0.039896
0.093064
0.188513
0.303689
0.368486
0.022420
2.626698
-0.633549
0.126159
-0.859782
-1.773919
0.288442
0.244671
0.274794
0.752791
0.356430
0.144812
2.507956
0.447770
0.689230
0.506628
0.441615
0.163021
0.308112
0.368508
0.314422
0.463482
0.437074
2.030390
0.665979
-2.147797
0.707797
-0.297154
0.354904
0.797202
0.232915
0.434206
0.150088
-0.227613
0.219937
-0.006203
0.472251
0.771100
0.399640
0.589151
-0.250576
0.167577
0.568628
-0.567095
0.576066
-0.012799
0.478522
0.352375
-0.218205
-0.095445
1.754092
0.402917
0.116926
0.421596
-0.207718
0.647159
0.803590
-0.616029
-0.303141
-0.158839
0.747524
0.833842
0.848089
-1.958346
0.358644
0.666061
0.692372
-0.259690
-0.207071
-0.548313
0.372355
0.922060
0.175121
0.130190
0.430344
0.197867
0.601118
-0.461583
-0.961248
-0.104761
0.395300
0.985994
-0.798129
0.580588
-0.510634
0.339124
0.761222
0.393755
-0.116467
1.319461
-1.619073
0.428896
0.488878
-0.705083
-0.973008
0.336010
-0.289264
0.233046
0.864178
-0.163612
-0.607267
0.223654
-0.096224
2.526672
-0.096001
0.881243
0.364500
0.388735
0.774664
0.386788
0.096781
0.651519
0.163350
0.599160
-1.720869
0.728456
0.440090
0.077238
0.855107
0.125406
0.781299
0.100246
0.302391
-0.477702
0.464502
0.731858
0.649558
-0.197931
-0.680217
0.048832
-0.209364
-1.665437
-0.027389
0.737070
-0.692215
0.048069
0.446240
0.453730
-0.740521
0.199802
-0.065395
-0.148428
0.813752
-0.652942
0.361127
0.003352
0.143542
-0.333851
-0.544966
0.658130
0.562739
-0.149542
-0.474370
0.611300
0.757115
0.251640
0.826989
0.681602
0.415159
-0.097421
0.409755
0.853786
-0.056195
-1.856408
0.252966
-0.090936
1.854866
0.194044
0.882397
0.924438
1.683518
0.453992
1.706844
-0.167651
0.530707
0.636973
0.041218
0.171480
-0.128422
-0.167152
0.428457
0.272713
0.587779
0.703006
0.994869
0.497785
0.315454
0.382286
-2.118045
0.224607
-0.536588
0.746352
-0.682129
0.173925
0.345701
0.714448
