0.110117
-0.631124
-0.086620
0.269653
0.186928
-0.112897
-0.217659
0.910277
0.275543
-0.807996
0.378397
0.367246
-0.417290
0.481994
0.247973
-0.931573
0.370580
1.794592
0.489195
0.514941
0.454070
0.209174
-0.019287
0.529195
-0.639321
-0.986933
-0.502994
-0.577054
0.863289
-0.242857
-0.150928
-0.976729
-0.609753
0.123466
0.515450
-0.042613
0.210419
0.589832
0.241883
0.821287
0.158789
0.113928
0.254224
-0.619887
-0.231930
0.801500
2.549636
0.417923
0.765489
0.318809
0.042477
-0.730688
0.481947
-0.535609
0.030286
-0.049588
0.099906
-0.070739
-0.532490
-0.066270
0.517577
0.153412
-0.399526
0.476772
-0.468028
0.066667
2.605803
-0.568587
-0.184673
0.207430
0.324524
0.076874
0.125266
-0.492796
0.702997
-0.560446
2.543820
0.001867
0.256631
-1.006338
-0.140880
0.372001
-0.321799
-0.512651
-0.564718
0.298938
0.299788
-0.582205
2.440000
0.164111
0.443814
0.440587
0.080108
0.717574
0.300130
0.086594
0.417337
0.735930
0.333720
0.339196
0.363232
0.416691
-0.150627
-0.934546
0.195188
-0.636799
0.421822
0.417172
2.539269
-0.246376
0.331625
-0.619060
-0.149350
0.399966
-0.212153
0.355658
0.386060
0.843173
0.258244
0.352753
-0.118025
0.851148
-1.012694
0.040650
-0.650815
0.108773
0.163155
-0.207301
-0.558024
-0.884319
-0.033331
-0.165784
0.001340
0.430718
-0.234674
-0.523880
-0.537313
-0.673004
0.010618
0.386916
-0.029222
0.135755
-0.254889
-0.577803
0.277439
0.371341
0.157119
1.099422
-0.712370
0.227646
0.139007
0.470735
2.563344
-0.608708
-0.603950
0.098942
0.151605
0.261154
0.232693
-0.126866
-0.176661
-0.142663
0.239143
-0.082894
0.169165
0.697346
0.542201
0.122233
0.434232
0.364655
0.303250
0.315788
-0.703762
0.296846
-0.446371
0.442826
0.380398
0.724462
0.247212
0.493758
0.222178
-0.266679
0.646173
0.089390
2.450232
-0.798526
0.270448
0.492849
-0.465539
0.247556
-0.037226
0.161357
0.393167
-0.551989
0.340922
0.104984
-0.078745
0.393998
-0.053657
0.389526
0.165431
-0.462896
0.426057
-0.657323
0.170079
0.345424
0.367254
-0.406043
-0.158659
0.406132
0.336533
0.757691
-0.182349
0.206928
0.320264
-0.381557
0.023887
0.365452
0.084623
-0.013979
0.280961
0.115135
0.409924
0.101701
0.523929
-0.063187
0.225479
0.234251
-0.208077
0.058110
0.422020
-0.153091
-0.556653
0.241794
0.521862
-0.112512
0.337466
0.052874
0.690169
-0.234910
-0.366166
0.841783
0.349324
0.261916
-0.729365
-0.478931
0.355557
-0.995956
-0.548331
0.444346
0.564735
-0.516333
0.079091
-0.205449
0.196283
0.046946
0.373536
0.475985
0.239668
0.187191
0.071245
0.416555
0.464285
0.062033
3.522270
0.243544
0.411080
-0.121350
0.232335
-0.955751
-0.618179
0.175721
-0.224233
0.484292
0.120835
-0.168791
0.829518
-0.006272
0.293096
-0.476774
0.327920
-0.472699
0.822092
0.401739
0.239321
0.407979
0.082629
-0.466826
0.277087
0.550505
0.320008
2.510494
0.255005
-0.442127
-0.058216
0.158303
0.273022
0.118206
0.135937
0.190507
0.124514
0.281201
0.407061
-0.527908
0.427929
-0.056878
-0.273873
0.435791
0.306896
-0.096193
0.330783
-0.132263
-0.197945
0.385125
-0.542359
0.350751
0.275063
0.330985
-0.072015
0.096907
0.178895
-0.130338
0.455835
0.068679
1.202890
-0.234693
-0.336086
0.187715
0.387611
-0.487183
0.281674
0.228636
0.135044
-0.555236
0.175492
0.400283
-0.798246
0.791813
0.403701
0.241601
0.807691
0.178923
0.496685
0.188100
-0.088398
-0.060503
-0.609419
-0.127352
-0.060970
-0.538571
2.489472
-0.036626
0.392157
-0.087311
-0.566681
0.224682
-0.080900
-0.043066
0.146443
-0.109770
0.206904
0.062144
0.103813
-0.577301
0.153468
0.289281
0.547673
0.343786
0.021081
0.364648
0.604003
-0.122183
0.436422
-0.506105
-0.219745
0.347762
-0.144553
0.131233
-0.686211
0.273260
-0.225199
0.848815
0.341268
-0.031520
0.342021
-0.071419
0.301009
0.576185
0.446690
0.349506
-0.495891
-0.237114
-1.006173
0.240914
-0.252622
0.084693
0.401093
0.293638
0.074299
0.181518
0.117033
-0.485782
0.090091
0.225781
0.068549
-0.756555
0.433184
0.425374
0.287052
0.507056
0.357433
0.090740
0.475217
0.250681
0.218348
1.177298
0.158042
-0.552528
-0.595810
0.357024
0.777728
-0.121060
0.427388
0.368162
-0.474189
0.300134
0.293190
0.239418
0.133825
0.127527
0.499018
2.454848
0.109328
0.286472
-0.039240
-0.667162
0.584708
-0.170044
-0.990642
-0.633270
0.242907
-0.656151
0.344946
0.111201
-0.167741
0.664796
0.820782
-0.164521
0.130339
-0.043586
0.454719
0.391932
0.393837
-1.031974
0.462456
0.164968
0.240009
-0.486107
-0.133210
-0.103192
-0.516624
0.184958
0.169671
0.101710
-0.229340
-0.200527
-0.276811
-0.196159
0.132988
-0.457468
0.375626
0.291645
-0.250551
0.335144
0.563540
0.250097
0.128822
-0.650154
-0.434608
-0.490217
-0.210928
-0.582933
-0.418820
-0.940273
0.385885
0.017036
0.250322
-0.077285
-0.280286
0.184636
-0.116157
-0.614081
0.251643
0.275762
0.409512
0.533399
0.243655
0.320644
-0.294391
-0.920202
0.059124
-0.034033
0.020456
-0.078200
0.679193
0.471107
-0.488453
-0.044596
0.518819
0.437803
0.674992
0.231854
-0.459986
0.022234
-0.548644
-0.050518
-0.194582
0.138683
-0.426729
2.461440
0.354375
0.323753
0.360915
-0.516412
0.657532
0.335246
-0.145968
0.517151
-0.560711
0.357003
0.218515
0.440116
-0.661056
-0.262494
-0.575927
2.557890
-0.457986
-0.119236
0.932238
0.430409
0.314506
0.138104
0.221088
-0.307372
0.172404
0.376245
0.267556
0.116278
0.471200
-0.157477
0.365494
0.245857
-0.128151
0.253446
0.482104
-0.635115
0.407567
-0.512893
0.085193
-0.156967
-0.625811
0.253563
-0.580154
-0.133631
-0.686946
-0.024327
0.155771
0.046628
2.554255
-0.674702
0.819682
-0.107265
0.260121
0.001518
2.622734
-0.559868
-0.779521
-0.010886
-0.195157
0.681649
0.198609
0.375366
0.195720
0.208231
-0.824866
0.602552
-0.213266
-0.046109
0.359960
0.095074
0.370709
0.241157
0.173554
0.091780
2.463359
0.374084
0.644048
0.781693
0.221933
-0.135600
0.384816
-0.032882
0.450684
0.093091
0.428619
0.035222
0.231297
0.728135
0.459423
0.172209
0.051116
0.228408
0.170633
-0.001357
0.090408
0.905619
0.483482
0.772218
-0.173169
0.106941
0.410126
-0.609032
-0.403068
-0.568374
-0.425323
-0.046519
-0.503161
0.462579
0.446377
0.397428
-0.156342
0.336930
0.071485
-0.284038
0.332580
0.855528
0.261478
0.715739
0.182896
-0.189926
0.013585
2.433867
0.372658
-0.606277
0.203638
0.201153
0.161520
0.243076
-0.444666
-0.344581
0.100138
0.266786
-0.140810
0.335128
0.263375
-0.507287
0.050996
0.061023
2.614285
0.351047
-0.035902
0.389410
0.398915
0.127636
-0.986538
-0.660386
-0.005818
-0.457982
1.751689
0.231010
0.015546
0.187724
0.391625
-0.075493
-0.207079
0.278350
0.487521
0.352341
1.206022
-0.107134
0.352973
0.225637
0.440210
-0.017453
0.190797
0.297134
0.538850
0.151587
0.350676
0.278907
