0.564190
0.438430
-0.198805
0.188274
-0.604465
0.320248
-0.005168
-0.455638
0.125727
0.294426
-0.232065
0.132934
-0.062952
-0.200629
-0.388699
0.499061
-0.264445
0.527736
0.365730
0.544461
0.022982
0.122370
-0.424448
0.388310
-0.350850
-0.544759
-0.610833
0.337834
0.151063
0.148986
-0.219217
-0.235264
-0.524883
-0.016062
0.115564
-0.394878
0.191565
0.270251
0.336302
-0.374231
0.092895
-0.429938
0.566257
-0.739132
0.102526
0.183577
2.571770
-0.360254
0.340783
-0.080227
-0.247227
0.418675
0.303821
-0.354750
-0.135755
-0.469761
0.003814
0.681211
-0.107027
0.282945
-0.772019
-0.382116
0.044678
-0.416029
-0.234057
0.287325
-0.320115
-0.534255
-0.220831
0.388275
-0.783411
-0.046855
-0.194806
0.365651
-0.093358
0.452763
-0.604021
0.121236
0.281174
0.540500
0.489812
0.376113
-0.014106
-0.144182
0.165738
0.263622
0.712048
0.420583
-0.337684
-0.664749
-0.120411
-0.495362
1.968797
-0.607224
0.080868
0.138876
-0.098296
-0.658786
-0.166154
0.309588
0.330293
0.057470
0.261003
-0.608087
-0.537726
0.298828
-0.800808
0.136274
-0.441585
0.289280
-0.492030
-0.765693
0.439825
-0.118748
0.824257
0.218106
0.276123
-0.376901
-0.439275
0.201896
0.119567
0.392348
0.448192
-0.202293
0.454670
0.523271
-0.124712
-0.125833
-0.618995
2.564710
0.188332
0.195517
-0.054273
0.223375
0.310874
-0.368371
-0.363102
-0.855730
-0.298644
-0.215961
-0.385901
-0.204551
0.396656
-0.379775
0.308753
-0.483658
-0.136488
-0.600220
1.795550
-0.128229
0.060968
0.102149
0.104992
0.225720
0.078425
-0.168053
-0.105502
0.074118
0.438592
0.337340
-0.532179
-0.338634
-0.189928
-0.031045
-0.364554
0.079186
0.294504
0.152705
0.165087
0.362250
-0.357281
0.090760
-0.014049
0.421583
-0.122950
0.064565
0.085180
-0.419952
-0.458749
-0.066838
-0.468746
-0.375261
-0.228325
-0.047260
0.305565
0.129634
0.299816
-0.356189
-0.509456
-0.320902
0.461993
0.052114
0.359147
0.430364
1.106714
-0.204611
-0.497295
-0.442237
0.741505
2.327675
0.140727
0.224691
0.471882
-0.954773
-0.092407
-0.296718
-0.362352
0.190868
0.482492
-0.294122
0.293199
0.020394
-0.357700
0.078305
-0.130050
-0.496077
-0.318759
-0.335452
-0.147434
0.104956
-0.182698
0.178913
-0.217690
0.402170
0.017904
-0.276581
-0.270001
-0.399890
-0.125288
0.097215
-0.415932
0.258123
-0.369774
0.014930
0.344377
-0.439647
-0.131331
0.406358
-0.477515
0.159940
-0.404457
0.402756
0.577250
-0.320810
0.319079
-0.985659
-0.309000
-0.458946
0.102946
0.436095
-0.467690
0.205806
-0.667085
-0.654496
-0.173460
0.219175
0.634217
-0.368344
-0.984816
-0.166233
2.063646
-0.395506
0.194661
-0.007456
-0.431780
-0.755764
-0.277119
-0.169279
0.250144
0.112208
-0.497973
-0.189323
0.155372
-0.396923
0.442992
0.340150
-0.295471
-0.605185
0.202221
0.159979
-0.180580
0.432914
-0.276425
-0.411226
0.339341
-0.025409
0.025164
0.310886
2.625082
0.178574
-0.051514
0.496237
0.388021
-0.468575
0.056605
0.761812
-0.268131
0.456642
0.223902
-0.233936
-0.402428
-0.733538
-0.411683
0.410819
0.152079
0.309128
0.016762
0.539052
-0.121507
-0.400993
0.469919
-0.191857
0.186432
0.226201
0.107826
-0.431389
-0.165755
0.573533
0.461857
0.334345
0.252257
-0.598014
0.074720
-0.376668
0.416134
0.226095
-0.290741
-0.353310
0.195667
-0.411542
-0.470837
0.058391
0.154351
0.055547
0.370211
2.557925
-0.270616
-0.442408
0.216585
-0.461267
0.219040
-0.318112
-0.113127
0.679802
0.028946
-0.104843
-0.068096
0.250619
0.249944
-0.319186
-1.108236
-0.380132
-0.074874
-0.191250
-0.486005
0.558759
0.395407
-0.497228
-0.900481
-0.156828
-0.846011
-0.422230
-0.425747
-0.144918
-0.216631
-0.552933
0.516655
0.018692
-0.002417
-0.250474
0.262973
1.948071
-0.248670
-0.600085
0.262672
0.098483
-0.117378
-0.227036
-0.782222
-0.281936
-0.453058
0.220292
0.008674
-0.347478
0.259450
-0.077818
0.372507
0.120211
0.182349
-0.301667
-0.561370
-0.349106
0.374117
0.115236
-0.230441
0.423431
0.555939
0.551402
0.275728
0.193011
0.270586
0.278766
0.400049
0.415562
0.227394
0.090536
0.426876
-0.240781
-0.212364
0.498617
-0.772144
0.096846
-0.525829
-0.520804
2.623645
0.710703
0.265027
0.173559
-0.259618
-0.463903
-0.144979
-0.108425
0.006852
-0.313168
-0.850512
-0.537638
-0.365994
0.124297
0.291740
-0.118048
-0.177895
0.439085
0.272376
0.426371
-0.110287
-0.631132
0.145638
0.047777
0.235276
-0.356704
0.357649
-0.466072
0.542047
-0.386191
0.602449
-0.343332
-0.575094
0.189219
-0.912489
-0.459368
0.160440
-0.340553
0.191400
0.185982
0.089014
-0.403522
-0.008883
-0.092344
-0.574994
-0.138523
0.224313
-0.022054
0.448846
0.064483
-0.413343
0.607295
0.328169
-0.046213
-0.252298
-0.302323
0.036456
-0.349751
-0.300875
-0.397010
0.366857
-0.152657
0.028582
-0.231017
-0.487725
0.155680
0.023839
-0.227131
0.016673
0.277115
0.296154
-0.451193
0.137310
0.350453
0.418627
2.604813
0.420863
-0.673864
-0.313283
-0.320385
-0.160019
-0.261391
-0.377571
0.519374
-0.535376
0.241960
-0.425671
-3.159093
-0.276267
-0.272756
0.228183
0.026850
0.150146
-0.438391
0.489179
0.369744
0.193486
-0.208958
-0.322208
0.265880
0.380076
-0.536531
0.200029
-0.575753
0.476469
-0.000783
-0.071689
-0.095618
0.457601
-0.281988
0.631975
0.155027
-0.897234
-0.360917
-0.268453
2.724975
0.144150
0.485266
0.352072
-0.547536
-0.125378
0.467880
-0.378314
-0.255728
-0.281881
-0.145306
0.459114
0.164621
-0.525144
-0.312131
-0.510273
0.008300
0.265195
0.218000
-0.271637
0.629536
0.055799
-0.373379
0.126142
-0.030666
1.061990
0.549078
0.211584
0.262594
0.038112
-0.042471
0.221729
0.235172
-0.406749
-0.077098
0.326455
0.142498
-0.599870
0.539813
-0.049961
-0.271846
0.554903
0.665098
-0.072132
-0.134456
0.127786
0.102581
0.291074
0.175479
0.159753
-0.395180
2.453308
0.264583
0.083056
-0.441871
0.066309
-0.097007
0.040407
0.316016
0.375891
0.362235
-0.535070
2.633786
-0.130190
-0.199290
0.116636
-0.156788
-0.447609
-0.123336
0.348045
0.477529
-0.460022
-0.340675
-0.139792
0.087475
-0.126816
0.082896
-0.009765
0.216236
-0.805835
0.680105
0.281370
0.085592
0.292420
-0.086373
-0.263887
-0.394605
0.032846
0.369630
-0.455748
0.247706
-0.509536
2.478387
-0.196466
-0.296478
0.288779
-0.312567
0.024291
0.221513
-0.497486
0.318211
0.190341
-0.031875
0.026739
-0.021306
0.545746
-0.335509
0.058380
0.034599
0.181516
0.393623
0.224930
0.207591
-0.195764
2.129016
-0.332763
0.292325
-0.516895
0.050293
-0.102669
-0.470141
0.110590
-0.254748
0.591861
-0.372344
-0.030446
-0.362664
-0.248415
-0.039869
-0.297885
0.068497
-0.331623
-0.063542
0.408737
0.244524
-0.399899
0.255018
-0.540521
0.535111
0.653810
-0.454078
0.282181
0.265402
-0.416352
-0.165907
-0.489344
-0.238901
-0.542921
0.244896
-0.545330
0.236839
0.518393
-0.314453
-0.326006
-0.223460
0.508848
0.293283
-0.461611
0.504795
0.342113
-0.094535
