2.677945
-0.904827
1.540503
0.478352
0.674741
0.885067
-2.019520
2.622447
-0.558599
0.392340
0.463648
-0.885067
-0.463648
1.658804
2.267818
-0.702257
-1.474323
1.781890
0.000000
0.859337
1.339706
-0.954499
-1.892547
2.208345
-0.551655
-1.136126
-1.837048
2.896614
1.537475
-1.047518
-3.112189
0.887087
-1.801887
-0.954499
0.093477
-1.136126
2.089942
-1.756144
-3.041924
-1.020943
-2.692869
-0.449760
-2.158799
2.419938
-0.331096
-0.957589
2.356194
1.258754
-0.088007
1.681454
1.994991
-0.064427
-2.292451
-2.401618
-2.720173
2.634494
-0.331096
-0.891383
1.849096
-0.950547
-2.706922
1.325818
3.048116
-0.071307
-2.356194
1.504228
0.973620
0.369334
-1.956679
2.981680
0.282555
-2.611377
-2.568627
-1.881795
1.871717
0.032247
-1.865031
1.318242
-1.239700
2.269456
2.691833
1.015303
-2.510513
-0.244979
0.698660
-2.111216
0.493941
-2.690140
-2.601173
-1.183921
-1.134169
2.896614
0.132552
2.236766
2.651635
2.077895
0.534955
-3.079174
-1.691420
1.786154
-0.649870
1.849096
-1.951303
1.815775
3.111299
2.356194
-2.767259
-2.919511
-0.211093
2.830594
0.946773
0.705568
0.137066
-2.553590
-0.534955
-2.704965
0.397079
1.839964
2.176341
1.501940
1.570796
2.295046
2.286540
-0.321751
-1.933341
-1.420425
0.982794
-1.635223
-2.536048
0.418224
2.586099
-2.999696
-2.116451
-0.807617
1.725793
2.572279
-0.808650
-1.267911
-2.586099
-2.250210
-1.446441
2.544416
-1.373401
-0.278300
-0.933248
1.474323
1.570796
-2.792822
-2.932570
2.727086
1.761981
-0.950547
0.965252
2.570255
3.141593
-0.737815
-2.859038
-2.417343
-1.428899
1.276562
2.214297
-0.034469
-0.386876
-0.030294
-1.543026
1.703348
0.375271
2.256526
-1.774814
-2.425849
-0.763180
-2.504044
1.823351
0.718830
1.602036
-0.900275
-0.954499
-1.296629
1.735945
-1.570796
1.670465
2.510513
-1.183921
-1.453688
2.991221
-1.957672
-2.744513
2.727086
0.215358
-1.853351
0.463648
2.572279
-0.064427
0.274167
-2.007423
-0.418224
0.215358
2.158799
-1.983207
0.000000
1.853351
-0.528074
0.657889
0.982794
2.838708
0.448723
-2.720173
-1.012197
-2.637427
-0.763180
0.154997
-2.142134
2.333976
0.906750
-2.356194
-2.077895
1.093451
-2.265535
-1.040581
-0.934288
-0.915101
-1.570796
2.944197
2.926235
-0.132552
-2.819842
-0.321751
-2.356194
-2.810497
-2.485897
0.649870
1.853351
-1.538549
-1.537475
2.589938
0.418224
-2.706922
-2.691833
-0.215358
-0.605545
0.605545
2.749253
-2.245537
1.091277
0.185348
1.170556
2.736701
2.819842
2.446854
-0.828849
-2.981680
-2.634494
2.442933
-2.176341
-2.142134
2.455863
-0.128323
-2.779048
-0.093477
-2.007423
-0.718830
-0.066568
0.424194
0.165149
2.379446
0.351445
2.471954
3.110353
2.194819
1.161888
2.226492
-2.595938
1.849096
-2.498092
-0.504166
-0.674741
1.570796
3.086094
-2.930499
-2.903757
-1.066630
1.815775
0.798056
3.110353
-2.491722
2.312744
-0.343024
-0.032247
1.040581
-2.639989
2.356194
-2.020556
-0.637549
1.510264
1.823351
-1.165905
-0.436627
-2.491722
-0.310998
-2.401618
-2.582993
-2.606638
-2.847358
-0.154997
1.508378
1.703348
2.292451
0.613207
2.510513
1.979704
-3.077166
0.463648
0.607802
1.506369
-1.296629
-1.792878
-2.995580
0.027020
-0.252554
-1.708802
0.806672
-2.150799
-0.868539
2.034444
-2.514850
-1.602036
-2.174546
0.555494
-1.366778
2.889038
2.081285
0.858439
0.920926
-1.570796
-2.317752
0.291457
-1.721168
-2.986596
0.679414
-0.679414
0.901157
-0.397079
-1.296629
0.679414
-1.318242
2.677945
1.913820
2.961739
1.477320
-2.912361
-0.741947
-1.239700
0.062419
-2.062606
-0.362544
-0.159913
1.229817
2.591739
0.392340
-1.453688
0.000000
-2.187093
-0.179853
-1.136126
-1.747505
-0.785398
-2.991221
3.050933
-2.930499
0.579074
2.819842
0.448723
0.124355
1.222025
-1.499489
-0.421419
-2.622447
2.505084
2.226492
2.122451
-2.810497
1.712693
3.048116
0.310998
1.152572
-1.276562
-0.030294
1.249046
-0.288055
-1.642104
2.663240
1.815775
-2.422763
1.699120
1.979704
0.934288
1.400061
0.085505
-2.819842
-1.341564
2.706922
2.289626
2.704965
2.723368
-2.276365
-0.096474
3.077166
-1.499489
-0.830821
-3.056087
-1.477320
2.981680
-0.901157
-0.896055
0.534955
2.926235
-0.577902
2.150799
2.964884
0.191184
1.570796
-1.725793
-2.994514
-0.197396
-2.611377
-0.294235
-0.683709
1.637364
3.030935
-1.121037
0.761013
-1.424784
-0.743756
2.863293
-2.356194
-1.361773
-2.776391
2.050316
0.763180
-2.840672
0.034469
-0.809784
0.620249
-1.631328
-0.034469
2.397837
3.030935
-1.296629
1.508378
-0.809784
-1.570796
2.333976
-0.489957
2.809533
-1.687905
2.703256
0.605545
-0.088007
-0.830821
0.332059
0.715744
-1.123276
-0.933248
1.107149
-2.491722
-1.238737
-2.809533
-1.355439
0.607802
-1.284745
2.279423
2.142134
-1.082462
2.399645
-1.807645
-0.374334
-2.193099
-2.914794
0.066568
2.089942
2.312744
1.807645
2.561590
1.892547
-0.291457
0.351445
-2.867425
-3.082837
-0.282555
0.579074
3.112189
-1.570796
1.639653
-0.832981
-0.476467
2.944197
2.880990
2.498092
1.508378
-0.702257
-0.191184
1.536327
-2.333976
-1.366778
-2.184004
3.141593
1.951303
1.288241
1.815775
-2.779048
1.677532
-2.074962
3.081061
-0.540420
0.331096
-2.265535
-1.606495
-2.544416
-0.851966
-0.946773
-2.634494
-1.602036
-0.504166
-0.806672
2.528385
0.436627
1.195526
1.839964
-1.849096
2.766322
-0.807617
1.808632
0.000000
2.377468
1.699120
2.310771
-2.761086
1.373401
2.034444
-2.074962
1.951303
2.176341
-0.519146
-2.606638
1.883698
-1.471128
2.651635
-1.658804
1.774814
2.356194
2.126290
2.245537
1.967876
-0.321751
-2.830594
-2.591739
2.101012
2.544416
-2.903757
0.855053
0.236849
-1.394087
-0.613207
-1.627877
2.976444
1.258754
-2.377468
0.174672
1.570796
0.152649
-0.434670
-2.528385
2.081285
1.450173
-0.764125
-3.024484
-1.173717
1.792878
-2.586099
-1.288241
1.464061
-1.639653
1.307802
-1.975688
0.252554
-1.292497
-2.570255
-1.482789
-0.805803
-0.507099
-1.965587
1.394087
-2.356194
1.735945
2.289626
0.540420
0.808650
1.361773
-0.066568
1.635223
1.929567
-0.312042
-2.970857
-0.828849
0.031240
-2.471954
-0.739975
0.637549
0.982794
3.053585
-2.250210
-1.721168
-0.408908
-0.785398
0.448723
0.000000
-1.873681
-2.740364
1.786154
1.506369
-1.510264
-2.543174
-2.310771
-2.158799
-1.201463
-0.282555
-2.637427
-1.047518
-2.439336
-0.278300
-2.286540
-2.446854
-2.111216
0.028564
-1.963136
2.706922
3.027801
1.076855
-0.540420
2.356194
-0.096474
-1.292497
-1.506369
2.819842
-0.741947
3.111299
1.992216
-2.880990
0.885067
1.815775
3.141593
1.862253
-1.482789
-2.545394
2.976444
1.201463
-0.463648
1.639653
-2.111216
-1.178456
-2.289626
0.386876
-1.664273
3.110353
1.301629
1.121037
2.944197
-0.624023
1.539556
2.932570
-0.785398
0.260602
2.536048
-2.226492
-3.017238
-0.463648
3.141593
1.190290
2.651635
0.252554
2.098871
1.333948
-1.829567
-0.244979
1.405648
-0.132552
-0.849141
0.846546
2.810497
1.467715
