0.000000
2.506566
-2.819842
-3.980992
-0.092756
-3.328572
2.474287
1.451367
-3.664871
-1.388628
1.519118
-2.628340
-0.773351
-4.068888
0.643501
0.278300
0.300171
-3.030935
9.381327
-0.312042
2.667741
0.475011
0.710538
-1.701624
-2.613518
0.094952
-4.434089
-2.267539
-0.204642
0.052583
-3.591352
0.996491
-2.472550
-1.462135
-1.398606
-4.679068
-2.111216
-2.803714
1.220068
-0.197396
-2.652740
-0.785398
-1.670465
-2.772259
0.553294
-0.099669
0.551655
1.665748
-2.850136
-1.786154
0.169778
-1.269177
-4.109159
1.655698
2.052460
-2.342862
3.338988
-0.746956
-1.392703
-3.318302
-0.473356
2.492597
-2.116963
0.540420
-3.333641
-1.140104
1.809406
-2.654693
4.656890
1.946757
-2.342497
0.104877
-2.455863
-0.448145
1.006227
2.256526
0.873775
0.099669
0.747442
0.902507
-1.548578
-1.319794
1.373401
-0.443448
-0.588003
0.667306
2.274410
0.703614
1.831399
-0.332059
0.103792
3.141593
-3.006065
-2.826835
-4.297882
0.422854
2.886410
-1.314645
-2.877629
-1.821799
-5.264044
-2.542417
-1.141618
1.142018
0.020405
-1.037952
-1.747505
-2.961739
0.571337
9.243129
-3.863784
-0.380506
1.642104
-2.804918
2.356194
-0.797162
2.073640
0.404892
9.227382
-1.054566
-2.741352
0.962107
0.613207
1.570796
-2.528385
-0.447520
1.335251
-0.842479
-1.593520
-3.949714
0.717012
-3.234349
-0.057628
1.365401
1.625288
10.242423
-9.424778
-1.661456
1.783735
1.723446
-1.887621
-1.220068
-1.438245
1.616220
0.566729
9.103027
2.253113
0.798056
-1.483301
2.114629
-0.795924
-0.484478
2.498092
-0.678662
0.496423
-0.045423
-1.085174
2.356194
-1.570796
0.658806
-1.917335
2.158799
9.289250
1.906435
-0.343024
2.406153
0.513606
1.915444
0.451453
0.000000
-0.759763
-0.677708
1.446441
-1.800028
-0.768451
-2.356194
-1.821799
2.005467
2.723368
-0.033321
-3.141593
-1.570796
-2.833540
-3.342910
2.004378
10.590683
1.009633
-3.743880
-1.744042
1.545802
1.295886
-4.429293
1.647568
1.471128
1.773118
3.141593
-1.140104
1.230414
-1.786881
-1.157107
-1.570796
-2.642246
0.390607
-2.992703
-2.111216
-1.937970
-2.279423
-5.695183
2.341270
2.303611
-2.453921
-3.055598
0.275806
1.002692
0.711459
0.428264
-4.588034
2.625362
-0.718830
0.339293
-0.723748
-1.921524
-11.023345
-0.574305
2.999696
-3.862147
-1.863983
0.577902
1.951303
9.239430
-2.956245
-1.810028
0.845930
-1.136843
1.058407
-1.022247
-2.259721
-1.543026
-1.620755
-2.656366
-0.372988
2.912361
-2.301703
0.025635
0.430693
1.325818
2.688254
0.583373
-3.195594
1.993650
-0.876058
-2.260596
-2.394637
-2.577509
2.953371
2.057696
2.727086
-3.349089
-2.401618
-0.912908
-0.561163
-2.087828
-3.241261
-2.074962
-1.872415
-0.630401
1.730709
-4.171969
0.600050
2.574863
-0.426627
-0.703614
-1.239700
0.375271
0.182168
-0.288055
-2.782822
1.999574
2.553590
-1.460139
-1.838707
-5.656924
-3.017238
-0.886502
-2.930499
0.607802
-0.266252
2.375060
-1.670465
2.034444
1.473543
-2.507570
-0.940395
2.209710
1.882343
-3.386571
-3.364254
0.182168
2.103640
-0.801270
-0.236849
-1.484058
-0.137066
2.566168
2.015216
1.633215
-0.663203
-1.849096
-10.020977
2.518393
-2.106608
-2.152177
-0.638914
-1.994465
3.115957
-1.921111
1.761435
1.359703
-1.434394
-0.977446
-0.047583
0.463648
2.132718
1.169568
-1.972667
-1.312544
-1.287701
-0.519146
-2.227871
1.257176
2.612003
2.084402
0.769526
2.774419
-0.249979
-2.788602
-3.030935
1.607144
-3.889971
0.035699
-1.707863
0.436627
0.678662
-2.744513
2.796037
1.279340
-1.071450
-0.992894
1.147127
-0.463648
-0.197396
1.849096
1.768192
0.927295
0.268366
-2.416727
-2.144237
-2.100043
0.606988
1.549523
-1.975688
-12.751719
-3.937517
-2.302193
-1.386853
0.878875
-1.067170
2.692869
-2.147989
-2.990577
1.257895
-1.357858
0.062419
2.289626
-2.608749
-1.107149
1.267911
-2.223643
0.647811
-0.796634
0.933248
0.051237
-2.811968
-0.801790
0.226799
1.092444
0.175940
-2.902361
-0.165149
0.159352
1.107149
-4.005481
-2.403778
-1.898916
2.502679
-2.690140
-0.720554
-2.802300
-3.262945
-2.432966
-0.770015
-2.107707
-0.038443
2.043293
-0.365201
-0.176709
2.532903
-4.815471
-0.244979
-2.723368
1.202100
1.815775
-0.361729
-0.408149
1.347320
-3.338988
-2.585426
1.783735
-2.449671
0.284730
-0.383818
-3.252250
1.670465
-1.478040
-3.370825
1.673878
-2.593043
-2.233999
-4.952560
-1.501142
0.165149
-1.697769
2.143762
-1.750650
0.244979
-1.705118
-3.198673
-0.308053
-2.083186
-2.904744
2.315122
5.783839
2.896614
3.719495
-4.496304
-1.107149
1.951303
-1.310194
1.215160
-0.595410
-3.274144
2.953371
-2.582993
-2.094075
-3.021484
-0.665969
0.463648
-0.702257
-1.295886
-2.372066
0.244979
1.717875
-0.404892
-2.407432
1.068706
-2.139321
-1.425984
0.398522
2.662679
2.547379
1.523213
-0.536435
-9.392531
1.832510
-0.581380
1.428899
5.159231
-2.199593
-0.674741
-1.076855
0.344647
-2.756435
-1.570796
-1.325818
2.066348
1.474323
2.016097
-10.531927
2.385598
2.390664
1.967238
-2.459276
3.111299
-0.805803
-1.195526
-0.254368
1.100156
3.099950
-0.039979
1.087349
-7.521922
-3.164316
-2.285888
-2.591739
-3.669667
-2.831890
-0.305879
1.030377
-0.914095
0.134321
0.880996
-0.291457
0.411065
-2.094716
0.880996
-3.557657
0.647047
1.419781
2.582993
-1.912412
-3.092851
-1.846222
-1.376555
2.559688
-3.805639
1.622474
-0.987720
-3.009041
-2.449258
-1.190290
1.107149
-0.825377
-3.257352
-2.563068
-2.650429
-1.152572
-4.193243
-1.878849
0.155595
-1.208252
2.023575
-2.044152
-0.691921
2.248916
-0.674741
-0.726642
-0.228103
-2.811968
-2.077895
1.537475
0.229232
-1.529154
-0.380506
-2.083186
-3.197091
1.190290
10.583164
-2.274410
-2.494201
1.762844
1.826948
-0.817645
2.833540
-1.815775
1.007480
0.020405
-0.455451
-1.597106
-0.051237
-2.064738
-4.184315
2.106608
-2.631104
0.732815
-3.878249
0.569313
-0.613770
-0.335968
-10.642584
-1.670465
-4.438730
-2.577023
-2.833540
-0.556166
-4.089190
-2.127698
-1.527345
-0.441179
1.249046
-4.712389
-1.728565
2.435394
-1.494024
-0.799890
-1.172274
-1.173717
0.771315
-0.096474
-0.718830
-2.909489
-0.681298
1.752965
0.862170
-1.241747
-1.373401
1.886011
0.507099
-4.755840
0.475011
1.989021
-2.553590
2.023575
0.810393
0.849825
-0.648332
-1.410034
2.482283
-2.838708
-2.567288
2.303611
-0.497343
-1.093451
2.691833
-0.128323
-1.606495
-0.308053
-0.262120
-2.108081
1.448954
1.067170
2.226492
-2.214297
-0.415492
2.470449
-2.356194
-0.857735
-0.726642
-3.827322
2.193099
-3.847161
-1.750650
0.404892
-1.410034
-2.952394
-1.267911
3.035608
1.302430
0.579074
-1.306308
2.001489
2.707639
-4.649970
-2.044648
-1.205049
1.589313
-2.493261
1.859772
-0.553294
-0.510488
-4.746858
-2.187598
1.923787
-0.803578
0.823841
0.639386
-3.158832
-0.179853
1.338239
0.141897
-0.165149
-2.836600
-2.525296
2.044648
1.616220
0.244979
2.223643
-0.561922
-2.784973
-0.197396
1.674589
-4.338055
-1.973451
-1.633215
-9.664949
-2.250705
2.749253
-1.443287
-3.262945
-3.108272
-0.634023
