0.141897
-2.034444
0.540420
-0.576375
-1.203622
-0.486899
-9.983377
1.508378
-1.236059
-1.797595
-0.694738
-1.781890
-2.622447
0.463648
1.190290
-1.892547
-2.961739
0.832981
-1.071450
-0.785398
0.358771
-1.647568
-2.944197
1.284745
-1.717875
-10.300836
-2.642246
1.107149
0.066568
-2.034444
2.089942
-0.390607
-3.050933
-9.861405
-1.190290
-2.677945
1.107149
-2.875341
2.498092
-2.634494
-3.656044
-1.778293
-9.601487
1.212026
-1.325818
-2.325901
1.206817
0.000000
-1.325818
0.558599
0.519146
-1.460139
-9.805284
-10.309845
-10.995574
0.956133
-2.634494
-3.036716
1.165905
-2.191046
-10.012781
-0.321751
2.191046
-1.024007
-9.566675
0.348771
-0.197396
-0.499347
-10.995574
1.919567
-0.950547
-11.057993
-10.830426
-9.566675
0.982794
-0.832981
-10.615068
-0.124355
-2.279423
0.298499
1.570796
-0.321751
-9.958486
-1.107149
-0.165149
-3.283490
-0.269167
-9.589927
-9.869197
-2.034444
-10.210176
0.000000
-1.107149
1.080839
1.768192
-0.762147
-0.982794
1.997424
-4.467410
0.165149
-1.904041
0.558599
-2.819842
0.000000
2.111216
1.022247
-9.888426
2.677945
-2.480549
1.570796
-0.288055
-0.819867
-0.576375
-10.286948
-1.352127
-10.244645
-1.325818
0.339293
0.694738
0.699893
0.358771
1.152572
1.337053
-1.892547
-2.631104
-2.922924
-0.620249
-9.424778
-11.514720
-1.359703
1.815775
0.927295
-10.545815
-2.226492
0.099669
1.292497
-1.717875
-10.030323
-10.127035
-9.805284
-9.424778
1.307802
-2.303611
-1.460139
-1.880499
0.000000
-0.147078
-10.119516
-4.588034
1.880499
0.832981
-2.060754
-0.185348
1.570796
1.428899
-1.934775
-3.682012
-10.151420
-9.669757
-0.927295
0.822418
-2.149871
-1.024007
-2.265535
-2.792822
0.625485
-2.642246
1.261093
-2.875341
-10.428845
-3.274144
-10.262759
-0.380506
-1.418147
0.321751
-3.187016
-1.716809
-2.422763
0.994421
-10.884917
-0.876058
1.484058
-2.761086
-9.314121
2.158799
-2.918116
-5.270988
1.304544
-0.982794
-9.888426
-0.643501
-0.062419
-1.570796
-0.896055
-9.791952
-1.056345
-1.107149
1.165905
-9.581380
-1.222025
0.380506
-2.196281
0.000000
-0.674741
1.249046
-0.785398
-11.095243
-1.833791
-10.636804
-1.849096
-0.909753
-10.912433
1.272297
-0.523278
-9.983377
-9.746529
0.235545
-3.061763
-2.321725
-2.077895
-9.549133
-9.965197
1.428899
2.265535
-1.352127
-11.160723
-1.862253
-9.783549
-10.133404
-9.612999
-0.372988
0.278300
-2.169215
-2.411693
1.496857
-0.600050
-10.995574
-10.511096
-2.356194
-1.815775
-0.600050
0.380506
-9.927621
0.000000
-0.832981
-0.576375
1.570796
2.089942
0.426627
-1.719686
1.993650
-11.072346
1.570796
-9.610126
-3.058451
1.398606
-1.107149
-3.864572
-1.768192
-10.995574
-2.251318
-0.896055
-1.304544
-0.785398
0.588003
-0.708626
0.714091
2.129396
0.927295
0.000000
-0.152649
-10.393287
0.141897
-11.514720
-1.620755
-3.030935
0.404892
1.107149
1.905533
2.446854
-2.459276
0.358771
-0.179853
1.892547
-11.554174
1.107149
-1.527345
-1.212026
-1.396124
-10.085821
1.030377
-3.181571
-1.907471
0.110657
0.358771
-2.158799
-2.089942
-10.068279
-1.919567
-10.175707
-9.776223
-9.817118
-5.755111
-2.446854
-1.373401
0.632749
0.785398
-0.682317
1.134169
0.942000
0.896055
-0.982794
-0.418224
-1.190290
-2.512796
-3.030935
2.622447
-1.494024
-3.141593
-9.206109
-1.604117
-8.961130
-3.278659
0.321751
-5.742766
-2.746802
-9.888426
-1.212026
-2.466852
1.989021
0.885067
-0.321751
-1.165905
-2.819842
-10.830426
-1.620755
-2.677945
2.297439
-0.388319
-2.439336
-0.367174
-2.185459
-9.227382
-1.249046
-2.408778
1.760785
0.463648
0.708626
4.285761
-6.283185
2.536048
-2.498092
-0.785398
-9.483534
-2.095592
-1.063698
-0.083141
-0.260602
-1.030377
-3.141593
-1.471128
-9.424778
-1.107149
-2.306236
-2.356194
-1.784857
2.408778
0.927295
-3.874408
-1.657535
1.892547
-0.554307
-1.670465
-1.405648
-2.731465
-1.451367
-9.834905
0.685730
1.647568
0.970746
-4.897737
0.058756
1.989021
-0.753151
-0.117109
-2.736701
3.141593
-0.519146
-2.543174
-2.626044
1.438245
0.704494
-10.099519
-1.460139
0.519146
-0.410127
0.380506
-1.428899
-3.785094
-2.896614
1.706324
1.051650
0.885067
1.880499
-9.573668
-1.647568
1.712693
-2.483704
-1.760785
2.034444
-9.424778
1.647568
2.223643
-10.099519
-0.927295
1.107149
-1.570796
0.152649
1.418147
-1.030377
-0.394791
-8.866179
2.356194
-1.756144
-11.095243
-1.304544
-2.111216
0.418224
1.712693
-2.521343
-0.480887
-3.360262
-2.896614
1.460139
-11.048157
-10.012781
-11.192970
1.051650
-0.484478
-4.326506
-1.343997
-1.735945
-0.904827
-2.553590
-1.849096
0.339293
1.849096
-2.432966
-0.507099
-1.761981
-9.424778
0.197396
-2.408778
2.053310
-2.677945
0.558599
-0.982794
-1.428899
-1.735945
-0.837981
-0.226799
-2.158799
-2.553590
-0.398522
-9.661627
-2.147172
-4.110102
-9.066007
-1.570796
-2.761086
0.540420
0.528074
-2.613518
1.165905
-2.622447
-3.141593
-2.886410
-4.248741
-1.272297
1.249046
0.785398
0.432408
0.528074
1.182478
-1.703348
-2.098871
2.265535
1.487655
-1.789465
-0.628796
2.642246
-2.677945
0.817645
-2.245537
-1.750650
0.486899
1.869295
1.325818
0.507099
-2.057696
-1.428899
-1.190290
-3.103150
-2.798569
-9.353470
2.104505
0.298499
0.610726
-0.197396
-9.888426
0.718830
-9.861405
2.446854
-1.717875
-0.927295
-9.612999
-2.530867
-9.560306
-3.338988
-2.356194
-9.697787
-2.736701
-2.944197
-1.806341
1.487655
-1.405648
-0.358771
1.037088
-2.777614
1.165905
-1.515298
0.358771
-3.232253
1.063698
0.083141
1.004067
-5.497787
0.000000
0.945311
-10.558947
0.499347
0.185348
-2.819842
-10.099519
0.558599
-2.553590
0.148890
-3.141593
0.965252
1.373401
-0.197396
1.570796
-0.588003
-1.789465
-3.809882
-10.276744
-0.837981
1.570796
-9.424778
-0.862170
-1.670465
-2.356194
-1.423718
-2.677945
2.089942
-0.348771
-10.624683
-0.927295
0.566729
-0.915101
-1.616220
-9.767802
1.325818
0.124355
-2.034444
2.111216
-2.819842
0.110657
-9.682102
-2.236766
-0.110657
-2.327631
0.321751
-2.969402
-1.249046
-2.843094
-11.317325
-2.466852
-2.714965
-2.528385
-2.846152
0.502843
-10.352073
0.540420
1.325818
-0.632749
-0.321751
0.291457
-1.446441
0.124355
5.176037
-1.849096
2.330559
-3.556100
-1.165905
-3.248328
-2.319174
-1.347320
-0.414507
0.418224
-9.496085
-9.325109
-1.989021
-2.289626
-0.588003
-0.685730
-9.622174
-11.459222
0.620249
-0.519146
-2.792822
-4.679068
-3.425387
-9.491346
-9.179799
-2.530867
-11.090526
-1.657535
-11.485532
-0.970746
-9.544207
-10.035504
-4.957368
-2.677945
-9.383135
1.612439
1.279340
-0.674741
-1.642104
1.249046
-1.653938
-2.077895
-2.521343
1.460139
-1.876675
1.789465
0.519146
-4.010132
-0.266252
0.278300
1.869295
0.643501
-10.488476
-10.531927
2.034444
0.174672
-1.460139
0.554307
-3.034857
-2.506566
-9.381327
-0.605545
-2.944197
0.785398
0.418224
0.110657
1.825979
-3.082837
-0.141897
0.321751
-2.236766
-1.212026
1.124691
-9.487197
2.530867
-1.532354
-6.085790
-0.574305
1.647568
-1.750650
0.942000
-0.141897
-9.341637
-1.203622
-0.588003
-1.134169
-1.854590
-2.300696
1.570796
0.851966
