1.603043
-2.152177
1.768192
2.748535
1.107149
-2.703256
0.060532
2.649783
-2.333976
-1.740575
0.260602
1.686556
-0.690446
9.451798
-2.639989
0.726642
0.449760
2.692869
2.547379
-3.041924
2.740364
0.531724
-0.497343
-1.446441
-2.653259
-2.586099
2.811295
1.289024
9.400973
-0.558599
-0.989416
2.875341
1.862253
-0.463648
-1.232918
-1.570796
1.670465
-1.073454
2.111216
-1.473543
-0.883125
2.605157
1.343997
-2.436024
-3.013269
3.170156
-1.134169
0.321751
-2.637427
2.102520
-0.785398
9.319901
2.440738
1.040581
1.933341
0.534955
-1.425486
3.334293
-2.228685
1.306833
0.134321
0.296546
2.498092
-1.385448
-2.706922
-2.518393
-1.965587
9.360351
-1.249046
-2.430134
0.024995
-2.755710
3.109346
2.020556
1.961403
0.401229
2.316216
0.603749
-1.297788
1.017502
-2.151553
0.055499
0.544864
1.074374
-0.862170
2.654693
1.083897
-0.211093
-2.770701
3.048116
-1.911775
1.020943
2.356194
-1.159732
-3.038511
-3.141593
1.975688
-1.337053
-2.553590
0.718830
0.628796
-0.346539
-3.048836
-2.317752
9.372195
1.267911
1.373401
-3.141593
0.610726
1.723446
-2.619189
1.929567
-0.312042
-0.785398
-0.165149
1.622033
0.076772
0.000000
1.463106
2.194819
1.044730
0.138006
-1.436475
-0.202322
2.279423
9.222456
-2.399645
-0.479519
-2.478390
0.093477
-2.903757
3.195594
2.819842
-1.675673
0.967047
2.429235
0.361729
-0.346539
-0.555494
0.138006
2.339247
1.691420
2.010639
1.130954
-1.815775
-2.912361
1.401695
-0.499347
-0.637549
0.160763
0.229232
0.950547
1.169568
0.637549
-1.040581
-1.181480
-2.767259
1.839964
2.299651
0.827041
-1.319794
1.535097
1.597817
-2.492597
-0.463648
-2.066348
-2.609869
1.815775
0.916714
2.852617
2.526930
1.880499
-2.688814
-2.291768
-0.436627
-0.441179
-0.968509
9.081754
-1.325818
-1.670465
2.498092
-1.325818
2.553590
1.267911
2.178598
-2.867425
-0.954499
-2.692869
-1.341564
-2.767259
0.463648
-2.521343
-2.533791
-1.516795
-0.120624
2.770701
2.508844
-1.922241
-1.257895
9.325109
1.173717
2.209116
0.321751
1.935998
0.244979
-1.118642
-0.856706
0.218669
2.214297
0.945311
-1.020943
-0.812419
-2.743070
2.446854
-2.143762
-1.821799
2.819842
-0.764993
-1.783735
-2.284887
-0.463648
-3.283490
0.236849
-1.035841
1.607816
-0.927295
-2.968347
1.122073
1.801887
-1.716106
-2.545394
-1.410883
0.090660
-2.606638
-0.024385
-1.378748
0.000000
1.869295
2.809533
3.141593
-0.851966
-1.989021
-2.723368
-2.072400
0.623199
0.420663
2.107232
-2.317752
-0.404892
0.548549
-1.093451
0.258771
2.561590
-2.223643
-0.229232
-0.735440
3.045119
-0.302885
-3.070285
-0.244979
0.927295
-1.373401
1.508378
2.553590
0.449760
-0.716542
2.149871
9.247182
1.319106
-0.896055
2.776391
-2.166995
-1.792878
0.244979
-0.115759
2.284887
0.551655
-1.439969
2.769525
2.337329
2.926235
2.226492
0.150371
2.785957
1.597817
0.535811
-0.836202
1.570796
0.526066
-1.238737
-1.919567
0.099669
-2.504044
-0.281772
2.709185
0.344647
-2.712815
0.572966
-0.260602
-2.829551
1.428899
2.374374
-0.192048
0.588003
-2.356194
-0.991722
-1.342300
-0.526066
0.485622
2.956245
2.046492
-1.492012
2.690931
-2.589938
-1.622033
1.877842
1.312025
0.581380
2.505084
1.359703
1.789465
0.535811
1.022247
-1.926432
-2.111216
1.489892
-0.450661
-1.446441
2.882822
-2.265535
-0.054002
-1.396124
2.201876
1.130954
-2.596729
1.162647
0.209023
-2.471071
-2.714965
-1.975688
-1.808632
-1.546411
2.410686
-1.597817
-2.546833
-1.597106
-1.570796
-2.199593
0.654083
2.019520
2.096863
-0.313621
-0.643501
-0.564569
2.310771
-2.338652
-0.352990
-2.124091
1.833791
1.965587
1.989021
0.147078
2.070143
1.595791
-2.034444
2.381830
0.226799
-0.452154
-1.865031
2.896614
-2.570255
1.653938
-0.497343
0.956133
2.023575
-2.276365
0.385158
1.119343
-2.478390
1.649580
-2.546833
0.296546
0.302885
-1.130954
0.146012
-3.041924
-0.441179
-2.430134
2.553590
0.544864
1.414194
-1.823351
-2.139321
1.999574
-1.428899
1.922241
-0.104877
0.463648
0.224711
-0.430693
0.866302
2.850136
-1.935998
-1.249046
-1.249046
-0.694738
9.160814
-2.292451
2.320495
-2.885441
-1.420425
1.653938
1.076855
-0.540420
-1.808632
2.677945
-1.595791
2.932570
2.588298
-1.545802
-1.249046
-1.085174
2.475623
-2.181522
0.479519
1.664273
0.620249
-2.553590
-0.962994
0.819867
-0.478352
1.425486
1.707863
-1.432790
-0.496423
-2.720173
0.209023
1.489892
2.034444
-1.594601
-1.119343
-0.989416
1.687905
-2.944197
1.428899
1.997424
2.045807
-0.588003
0.865228
-2.795054
-0.669639
-0.441179
-0.620249
0.076772
-2.310771
0.418224
-0.421419
-2.475623
-1.989021
-1.822486
1.060308
-1.800028
-1.296629
0.300920
-3.141593
2.129396
-1.745469
-1.752965
-1.030377
1.963136
1.859772
-2.870646
2.689439
2.756435
-2.334921
-0.916714
-0.294235
1.274251
0.974597
0.340979
1.400061
-2.059130
-1.165905
-1.140104
-1.852568
-1.373401
-2.188552
0.512389
2.521343
-2.319174
9.247182
-1.619538
2.701750
1.095101
-1.821799
2.619189
3.116598
2.048142
-2.356194
0.785398
-0.741947
2.131960
-1.739898
-2.436024
-2.070143
1.969319
-1.516795
1.815775
1.803353
1.815775
0.370891
1.080839
2.214297
1.107149
2.374374
2.714965
-1.795507
1.957672
-2.034444
-1.992216
0.222082
-1.229817
2.870646
-3.062809
-0.804264
2.986596
-2.077895
2.116451
-1.862253
-2.335789
-2.528385
0.683709
2.077895
-1.908675
-0.846546
1.501940
1.963136
1.170556
-0.876058
1.783735
-0.064427
1.721168
-2.948892
0.512389
-0.489957
0.358771
-2.356194
-0.691337
0.880350
-2.151553
-0.083141
-2.902983
2.129396
0.222082
1.761981
0.974597
-0.680521
2.034444
-2.767259
-2.064738
2.301703
-2.710900
-0.113792
1.083897
-2.122451
-1.923787
-2.339803
-0.533708
2.639989
3.009041
-9.463221
0.274167
-0.270947
-2.954613
-1.185639
-2.601173
-1.093451
-2.882822
-2.756435
0.876058
1.518213
-0.888480
-1.026516
-3.030935
-2.795054
0.093477
3.141593
2.981680
0.960070
-2.629203
1.698306
1.768192
0.034469
-2.843094
2.457883
0.785398
-0.712358
-0.141897
-2.408778
-2.111216
-1.849096
-1.997424
-2.003204
-2.733444
1.681454
-2.453921
-2.568627
2.644250
-3.058451
-0.408908
-2.553590
-2.634494
0.418224
0.626743
-0.708626
-1.892547
-2.093200
1.633215
0.375961
-1.852568
2.401618
1.002272
2.782822
-0.110657
2.736701
2.482787
2.184004
-2.480549
1.107149
1.107149
-0.138006
-3.115283
3.114572
9.424778
9.476015
2.390664
-1.257895
1.901892
-1.997424
-1.667270
-3.107124
-2.417343
-1.684588
-0.687671
-1.279340
-1.107149
2.338015
0.900275
2.299651
-2.755710
1.352127
0.876058
-0.670522
-0.369334
-1.196463
-2.606638
-0.892134
-1.653938
2.375060
2.699218
0.932477
2.410686
-1.867342
-0.624023
-2.920278
-0.581380
-0.337878
-0.182168
-2.984991
-1.908675
2.077895
1.828120
-3.246470
-2.903757
1.699120
-0.888480
0.687671
9.394484
2.022950
-2.755710
-0.588003
1.055247
0.083141
-0.954499
2.785957
-2.191046
-1.757776
1.595791
9.338040
-1.107149
