0.152649
-1.997424
0.426627
-0.554307
-1.396124
-0.519146
-10.090747
1.231504
-1.337053
-1.892547
-0.982794
-1.824470
-2.723368
0.321751
0.785398
-2.034444
-3.050933
0.890275
-1.144169
-1.460139
0.000000
-1.690225
-3.141593
0.915101
-1.753907
-10.247196
-2.714965
0.950547
-0.278300
-2.145101
2.129396
-0.486899
-2.976444
-9.770334
-1.390943
-2.654693
1.007480
-2.976444
2.553590
-2.819842
-3.809882
-2.057696
-9.661627
1.107149
-1.249046
-2.293776
1.037088
-0.076772
-1.570796
0.745419
0.519146
-1.363300
-9.805284
-10.656282
-11.160723
0.844154
-2.677945
-2.850136
1.007480
-2.279423
-10.129272
-0.620249
1.892547
-0.992894
-9.716235
0.348771
-0.486899
-0.554307
-10.995574
1.919567
-1.152572
-11.148224
-11.119929
-9.529655
0.876058
-0.896055
-10.646803
-0.674741
-2.214297
0.132552
1.453688
-0.412410
-10.032580
-1.071450
-0.309703
-3.386571
-0.380506
-9.888426
-10.210176
-2.214297
-10.085821
0.185348
-1.134169
1.134169
1.695151
-0.605545
-1.107149
1.965587
-4.570492
-0.110657
-1.760785
0.439843
-2.853537
-0.218669
2.003204
0.748378
-9.907291
2.709185
-2.508844
1.465919
-0.298499
-0.888480
-0.785398
-10.590683
-1.412141
-10.293317
-1.471128
0.302885
0.489957
0.566729
0.000000
0.785398
1.347320
-2.034444
-2.645170
-3.141593
-0.564569
-9.888426
-11.498417
-1.396124
0.000000
0.896055
-10.577350
-2.191046
0.083141
1.051650
-1.753907
-9.914735
-10.300836
-10.170197
-9.703078
1.423718
-2.245537
-1.387686
-1.824470
0.000000
-0.128323
-10.286948
-4.957368
1.849096
1.004067
-2.312744
-0.231091
1.373401
1.352127
-1.937970
-3.682012
-10.210176
-9.746529
-0.909753
0.753151
-2.060754
-0.934288
-2.279423
-2.896614
0.718830
-2.647651
1.325818
-2.819842
-10.465359
-3.189176
-10.656282
-0.348771
-1.400061
-0.380506
-3.072736
-1.629552
-2.498092
0.945311
-10.830426
-0.785398
1.398606
-2.647651
-9.227382
2.356194
-2.922924
-5.139016
1.249046
-1.570796
-10.166725
-0.714091
-0.099669
-1.570796
-0.942000
-9.791952
-1.182478
-1.222025
1.390943
-9.682102
-1.390943
0.124355
-2.259721
0.000000
-0.812419
1.279340
-0.811034
-11.170246
-1.807645
-10.750596
-1.892547
-0.851966
-10.788078
0.982794
-0.579074
-10.210176
-10.133404
0.119429
-3.228331
-2.396173
-2.134113
-9.716235
-9.943924
1.165905
1.989021
-1.570796
-11.137471
-1.862253
-10.012781
-10.436975
-9.773549
-0.480887
0.000000
-2.147172
-2.437099
1.494024
-0.688924
-11.100451
-10.531927
-2.498092
-1.815775
-0.785398
0.380506
-10.068279
-0.432408
-0.785398
-0.657889
1.325818
2.034444
0.380506
-1.892547
1.833791
-11.281626
1.529154
-9.837188
-3.277120
1.307802
-1.222025
-3.898427
-1.768192
-11.180922
-2.199593
-0.825377
-1.222025
-0.876058
0.558599
-0.785398
0.661043
1.892547
0.741947
-0.124355
-0.049958
-10.360548
-0.124355
-11.422202
-1.665748
-3.082837
0.404892
1.405648
1.869295
2.191046
-2.506566
0.278300
-0.278300
1.789465
-11.549882
1.051650
-1.529154
-1.352127
-1.412141
-10.068279
0.917950
-3.261022
-1.910089
-0.110657
0.291457
-2.147172
-2.289626
-10.119516
-1.801887
-10.320833
-9.677332
-9.661627
-5.541238
-2.422763
-1.359703
0.605545
0.856706
-0.748378
0.927295
0.896055
0.885067
-1.199905
-1.107149
-1.325818
-2.574863
-3.050933
2.089942
-1.570796
-2.944197
-9.424778
-1.541393
-9.239430
-3.326941
0.321751
-5.467493
-2.914794
-10.293317
-1.279340
-2.601173
1.837048
1.030377
-0.231091
-1.735945
-2.709185
-11.152176
-1.685673
-2.863293
2.199593
-0.610726
-2.634494
-0.512389
-2.185459
-9.566675
-1.337053
-2.498092
1.854590
0.334737
0.588003
4.353618
-5.742766
2.446854
-2.723368
-0.785398
-9.622174
-2.095592
-1.071450
-0.266252
-0.197396
-1.182478
-3.321446
-1.570796
-9.767802
-1.190290
-2.221873
-2.329174
-1.833791
2.356194
0.896055
-3.926991
-1.570796
1.943784
-0.643501
-1.723446
-1.310194
-2.718739
-1.441094
-10.099519
0.348771
1.616220
0.870903
-4.767887
0.055499
1.789465
-0.563316
-0.380506
-3.141593
3.141593
-0.643501
-2.477546
-2.562518
1.190290
0.756835
-10.061286
-1.222025
0.463648
-0.345556
0.345556
-1.789465
-3.785094
-2.988943
1.618379
0.968509
0.750929
1.784857
-9.823300
-1.629552
1.681454
-2.461071
-1.839964
1.892547
-9.716235
1.647568
2.384758
-9.958486
-1.158386
1.359703
-1.433730
0.197396
1.428899
-1.428899
-0.197396
-9.227382
2.331809
-1.876675
-11.376081
-1.390943
-2.396173
0.380506
1.570796
-2.782822
-0.576375
-3.407845
-2.999696
1.279340
-11.119929
-9.991507
-11.240553
0.945311
-0.524796
-4.162536
-1.310194
-1.776192
-0.982794
-2.677945
-2.191046
0.426627
1.626295
-2.634494
-0.499347
-1.691420
-9.566675
0.047583
-2.704965
1.750650
-2.677945
0.463648
-1.325818
-1.438245
-1.784857
-1.051650
-0.410127
-2.207305
-2.498092
-0.484478
-9.746529
-2.104505
-4.227911
-9.314121
-1.570796
-3.141593
0.463648
0.367174
-2.647651
0.851966
-2.553590
-3.004526
-2.969402
-4.390638
-1.396124
1.063698
0.574305
0.390607
0.545655
1.144169
-1.969319
-1.951303
1.975688
1.487655
-1.929567
-0.685730
2.414950
-2.922924
0.881872
-2.388441
-1.849096
0.628796
1.494024
1.138389
0.321751
-2.111216
-1.190290
-1.203622
-3.141593
-2.956245
-9.703078
2.034444
0.000000
0.499347
-0.298499
-10.035504
0.507099
-10.012781
2.158799
-1.712693
-1.030377
-9.732831
-2.516108
-9.658521
-3.338988
-2.356194
-9.870884
-2.553590
-2.966920
-1.843805
1.165905
-1.373401
-0.610726
1.030377
-2.788602
1.012197
-1.750650
0.266252
-3.075024
0.881872
0.165149
0.965252
-5.469223
-0.124355
0.970746
-10.624683
0.569313
0.104877
-2.746802
-10.143608
0.519146
-2.498092
0.141897
-3.218365
0.982794
1.222025
-0.244979
1.490966
-0.571337
-1.951303
-3.899970
-10.428845
-0.741947
1.647568
-11.583577
-0.917950
-1.647568
-2.601173
-1.428899
-2.634494
2.013171
-0.426627
-10.700133
-1.405648
0.588003
-1.012197
-1.706324
-9.843002
1.361773
-0.358771
-1.997424
1.997424
-3.141593
0.110657
-9.861405
-2.265535
-0.062419
-2.297439
0.363979
-2.906048
-1.446441
-3.009041
-11.400466
-2.530867
-2.727086
-2.356194
-2.863293
0.576375
-10.692689
0.321751
1.335251
-0.822418
-0.394791
0.165149
-1.352127
0.000000
5.300392
-2.034444
2.356194
-3.484617
-1.249046
-3.221423
-2.297439
-1.530818
-0.394791
0.321751
-9.687773
-9.424778
-2.158799
-2.265535
-0.571337
-0.737815
-10.068279
-11.459222
0.278300
-0.718830
-2.761086
-4.712389
-3.331581
-9.474736
-9.622174
-2.536048
-11.222373
-1.657535
-11.494921
-1.051650
-9.601487
-10.085821
-4.854286
-2.574863
-9.470201
1.490966
1.222025
-0.785398
-1.639653
1.039072
-1.642104
-2.284887
-2.530867
1.212026
-1.907471
1.768192
0.507099
-4.153790
-0.309703
-0.124355
1.929567
0.558599
-10.563167
-10.776905
1.695151
-0.055499
-1.759018
0.554307
-3.038511
-2.565217
-9.369279
-0.832981
-2.922924
0.785398
0.124355
-0.231091
1.784857
-2.896614
-0.244979
0.124355
-2.323948
-1.279340
1.089909
-9.783549
2.356194
-1.607816
-9.669757
-0.512389
1.637364
-1.797595
0.832981
-0.463648
-9.501550
-1.343997
-0.745419
-1.165905
-1.904041
-2.158799
1.352127
0.817645
