-2.003204
1.804540
0.291457
0.726642
1.849096
-0.352990
1.222025
-0.915101
2.312744
-2.777614
0.041643
-0.370891
-2.833540
0.688924
-2.459276
2.034444
-1.653938
-0.321751
2.034444
1.993650
-2.034444
2.390664
-2.729182
-0.885067
2.863293
1.907471
-1.421906
-0.110657
0.045423
0.996491
-1.292497
-2.570255
-1.504228
-1.570796
1.446441
-2.356194
0.390607
0.785398
0.856706
0.927295
-2.976444
-1.390943
-0.148890
2.819842
2.843094
0.588003
2.553590
-2.134113
-1.629552
-0.305879
-0.996491
2.356194
-0.321751
1.681454
1.907471
-0.233743
1.923787
1.700499
3.096169
1.849096
-1.152572
1.951303
2.102520
2.297439
0.628796
-2.798569
1.997424
-1.130954
3.091634
0.152649
2.390664
-2.819842
-0.278300
-2.936197
-0.422854
-0.334737
-1.653938
-0.117109
-1.862253
1.022247
-1.618379
1.107149
1.206817
-0.674741
-0.950547
1.249046
1.004067
-2.034444
-0.685730
-0.904827
1.279340
2.034444
-1.249046
-0.305879
-2.802300
2.064738
-2.530867
-1.815775
1.337053
-0.152649
-1.527345
2.863293
1.147942
2.003204
2.526930
-1.126377
0.851966
-0.785398
-1.969319
0.722979
-0.507099
2.446854
1.837048
-0.404892
2.459276
2.199593
0.348771
0.785398
-3.009041
-2.226492
-0.927295
-1.570796
2.966920
2.553590
-2.774419
-0.682317
2.455863
3.099950
0.927295
-1.421906
-0.819867
1.421906
2.185459
-1.007480
1.923787
-1.961403
2.422763
-1.989021
-0.055499
-2.265535
1.997424
2.111216
-0.104877
-1.325818
2.565217
-1.975688
2.567288
-1.993650
1.418147
0.000000
-0.726642
-0.674741
0.286051
1.249046
1.892547
-1.130954
0.785398
-1.190290
1.267911
-2.833540
2.158799
-2.750986
-0.817645
1.989021
0.165149
-2.089942
1.647568
1.745469
-0.566729
-0.363979
-1.825979
-0.058756
-0.244979
1.504228
-2.297439
-0.298499
-1.675673
-1.313473
-2.855541
3.089010
1.934775
-0.999459
-1.071450
0.390607
1.428899
-0.148890
2.918116
0.996491
1.373401
-0.352990
0.141897
2.466852
0.148890
-2.446854
-1.570796
3.091634
2.214297
-1.304544
-3.070285
0.737815
-2.934096
-1.723446
-1.866237
1.487655
-2.316216
-1.989021
2.804918
-1.980924
-2.516108
0.982794
-0.321751
2.863293
-0.950547
1.063698
-1.703348
2.601173
-0.935770
-2.055274
-0.602287
-1.446441
-1.892547
0.945311
2.736701
0.486899
0.278300
2.137526
1.665748
-2.231839
-1.727398
1.735945
-1.892547
2.245537
-1.618379
-2.521343
-2.819842
-2.976444
2.743070
-2.196281
2.158799
2.034444
2.231839
2.083186
-2.077895
-2.553590
-0.588003
0.528074
-2.498092
0.049958
-0.463648
2.196281
2.927532
2.843094
1.414194
1.234122
-0.896055
-0.620249
2.804918
2.593043
1.441094
1.315614
-2.325901
-2.466852
-2.736701
-0.291457
2.111216
-2.303611
0.404892
0.828849
-0.442374
2.111216
1.435269
0.685730
0.785398
-2.089942
-0.571337
-1.993650
-2.356194
2.231839
2.976444
1.249046
-0.885067
1.460139
-3.096169
-2.459276
-3.054854
-0.148890
-2.214297
2.034444
-0.266252
0.970746
-1.570796
2.634494
1.421906
0.909753
2.723368
0.620249
1.670465
-1.719686
0.917950
-0.260602
-1.275355
-0.524796
-1.880499
-2.459276
2.677945
-0.380506
-0.755104
2.969402
2.356194
1.907471
2.356194
-2.319174
-0.094952
-2.896614
-1.272297
-0.499347
-1.523213
0.837981
3.141593
0.255182
-0.540420
2.176341
-2.863293
-1.653938
1.919567
3.054854
2.699218
2.526930
-0.909753
-1.249046
2.414950
3.006065
-2.512796
-3.091634
-2.697173
0.197396
0.902507
1.570796
-0.652847
1.690225
0.750929
1.222025
2.701750
2.253113
1.815775
-2.312744
-2.245537
-1.520838
-1.249046
2.396173
-0.819867
2.944197
-2.907849
2.356194
-2.788602
-3.054854
2.231839
-0.086738
-0.558599
-2.863293
-2.677945
-2.553590
0.278300
0.817645
-1.849096
-1.745469
0.000000
1.390943
-0.404892
2.850136
-2.792822
0.945311
-1.405648
2.418613
-2.239086
-0.982794
-2.239086
-0.837981
-1.222025
2.284887
1.234122
1.723446
-0.785398
-0.753151
1.518213
-2.356194
-1.951303
1.570796
2.265535
2.289626
1.695151
2.647651
-2.677945
-1.862253
-1.455920
1.363300
0.822418
-3.050933
-3.061763
0.305879
0.244979
2.013171
-1.428899
3.141593
-0.165149
-0.755104
1.929567
1.190290
2.593043
1.907471
-2.356194
-0.531724
-2.147172
2.422763
-0.661043
-0.785398
-1.768192
-2.191046
-1.279340
-2.806856
-2.034444
-3.061763
2.601173
-3.098142
-0.868539
0.817645
2.446854
-2.677945
-2.356194
2.570255
0.094952
-3.011890
-1.759018
1.618379
2.284887
2.578276
-0.135528
1.712693
-2.944197
-2.714965
2.422763
-1.831399
-2.629203
-0.927295
1.428899
2.414950
2.158799
0.682317
2.007423
-0.785398
3.141593
-2.003204
0.336675
1.642104
2.293776
0.463648
-0.463648
1.004067
0.321751
1.128422
0.124355
0.708626
1.172274
2.396173
0.404892
2.788602
-1.729452
-2.485897
-1.389147
1.460139
0.927295
0.047583
-2.736701
0.674741
-1.815775
-2.570255
-1.700499
2.699218
-2.498092
0.888480
-1.004067
1.512041
2.498092
3.141593
-1.570796
-1.304544
-2.102520
-0.785398
-0.083141
-1.249046
-1.128422
-0.233743
-0.135528
1.837048
-2.910502
2.806856
0.463648
0.090660
-2.918116
2.158799
-1.703348
0.442374
0.463648
1.212026
0.352990
-0.819867
2.804918
1.264917
2.137526
2.988943
2.223643
0.052583
1.128422
-0.982794
1.750650
2.659079
1.706324
2.677945
1.144169
2.843094
0.000000
0.062419
0.047583
-0.708626
1.382575
2.390664
-0.278300
-2.875341
-2.265535
-2.196281
-1.199905
0.343024
-1.735945
2.863293
2.896614
-0.718830
2.875341
1.299849
-1.781890
-2.055274
2.736701
2.119346
-2.743070
2.622447
1.712693
2.526930
-1.279340
1.618379
0.493941
-0.745419
-1.878849
0.442374
1.222025
-2.833540
-2.323948
-1.616220
0.620249
3.050933
1.815775
-0.708626
-1.217806
-2.992703
2.976444
0.404892
2.095592
0.519146
-0.785398
-0.817645
0.551655
-0.750929
2.761086
1.147942
-3.054854
-0.358771
0.223477
1.249046
2.966920
2.199593
0.507099
2.293776
0.732815
-0.968509
0.844154
0.718830
1.789465
2.095592
2.134113
-0.722979
3.041924
2.293776
-2.111216
1.428899
-1.304544
-2.578276
-0.197396
-0.463648
0.493941
2.634494
-2.634494
2.142134
1.616220
2.422763
-2.325901
-0.266252
-1.325818
1.373401
-1.292497
0.588003
2.574863
-0.558599
-2.034444
-0.970746
2.098871
-0.819867
-0.179853
-0.888480
0.207496
0.927295
-1.007480
-1.471128
2.642246
-2.819842
-0.370891
-1.292497
2.736701
2.782822
-1.993650
1.975688
-1.570796
-2.279423
2.677945
-1.681454
-0.588003
-2.601173
-1.570796
-2.850136
-0.844154
-0.398522
2.196281
-2.077895
-1.675673
1.768192
-0.643501
0.278300
2.003204
-2.944197
-0.785398
2.634494
0.643501
0.148890
-1.849096
1.862253
2.013171
0.661043
2.356194
-1.849096
-2.270689
3.030935
-0.876058
-2.539305
2.886410
1.279340
-0.566729
1.837048
1.249046
2.356194
0.896055
-1.570796
-0.885067
-1.107149
-1.152572
-2.782822
-1.959115
-2.565217
-1.343997
1.414194
0.076772
-0.226799
-0.211093
-1.570796
0.291457
2.158799
2.999696
-1.134169
0.614663
-1.778293
-0.502843
-1.107149
1.719686
-2.015216
