0.197396
-1.892547
0.540420
-0.499347
-1.249046
-0.197396
2.819842
1.405648
-1.304544
-1.570796
-0.244979
-1.781890
-2.976444
0.418224
1.249046
-1.712693
-2.875341
0.785398
-0.960070
-0.785398
0.321751
-1.570796
-2.944197
1.446441
-1.712693
2.498092
-2.709185
1.405648
0.278300
-2.289626
2.129396
-0.197396
-2.746802
2.677945
-1.107149
-2.521343
0.785398
-2.746802
2.399645
-2.279423
2.819842
-1.712693
-2.966920
1.695151
-1.310194
-2.289626
1.222025
-0.099669
-1.107149
0.862170
0.785398
-1.396124
2.944197
2.158799
1.249046
1.292497
-2.723368
-2.896614
1.107149
-2.158799
2.746802
-0.540420
2.356194
-1.071450
3.030935
0.588003
0.000000
-0.499347
1.570796
1.797595
-1.012197
1.892547
1.975688
3.030935
0.851966
-0.982794
1.989021
-0.124355
-2.289626
0.463648
1.735945
-0.110657
2.574863
-1.071450
-0.152649
3.058451
-0.358771
3.141593
2.601173
-1.965587
2.111216
0.000000
-1.107149
1.152572
1.815775
-0.674741
-1.107149
1.997424
2.553590
0.380506
-1.815775
0.708626
-2.798569
0.165149
2.158799
1.051650
2.574863
2.709185
-2.553590
1.670465
-0.226799
-0.708626
-0.726642
2.432966
-1.373401
2.582993
-1.292497
0.558599
0.785398
0.463648
0.519146
1.325818
1.325818
-1.929567
-2.709185
-3.030935
-0.463648
2.976444
1.165905
-1.292497
2.677945
1.892547
2.034444
-2.034444
-0.090660
1.570796
-1.637364
2.498092
2.622447
2.819842
-2.976444
1.499489
-2.256526
-1.325818
-1.797595
0.000000
0.000000
2.521343
1.570796
2.034444
0.566729
-2.034444
-0.141897
1.712693
1.695151
-2.181522
2.746802
2.530867
-3.017238
-0.950547
0.862170
-2.142134
-1.019141
-2.089942
-2.792822
0.785398
-2.634494
1.272297
-2.714965
2.003204
3.141593
2.466852
-0.380506
-1.138389
0.321751
-3.041924
-1.801887
-2.414950
1.004067
1.570796
-0.694738
1.570796
-2.647651
3.141593
2.034444
-2.714965
1.051650
1.279340
-0.785398
3.141593
-0.588003
0.165149
-1.487655
-0.885067
2.988943
-0.927295
-0.982794
1.304544
-3.041924
-1.373401
0.165149
-2.034444
0.000000
-0.588003
1.165905
-0.726642
1.768192
-2.064738
2.158799
-1.892547
-0.896055
1.735945
1.428899
-0.278300
2.432966
3.017238
0.321751
-2.914794
-2.553590
-1.919567
-2.356194
2.498092
1.373401
2.214297
-1.212026
1.768192
-1.471128
2.782822
2.480549
2.792822
-0.165149
0.519146
-2.003204
-2.512796
1.642104
-0.348771
1.570796
2.181522
-2.446854
-1.735945
-0.851966
0.463648
2.634494
-0.165149
-0.885067
-0.726642
1.570796
2.226492
0.540420
-1.768192
2.245537
1.735945
1.570796
3.030935
-3.058451
1.144169
-1.405648
2.297439
-1.695151
1.892547
-2.181522
-0.950547
-0.950547
-0.620249
0.896055
-0.785398
0.726642
1.989021
1.051650
0.124355
-0.165149
2.446854
-0.141897
1.405648
-1.373401
-2.956245
0.519146
1.107149
1.965587
2.582993
-2.422763
0.404892
-0.090660
1.695151
1.107149
1.165905
-1.487655
-1.249046
-1.352127
2.714965
1.107149
-3.064821
-1.768192
0.099669
0.321751
-1.989021
-1.768192
2.613518
-1.849096
2.736701
2.966920
2.838708
0.610726
-2.356194
-1.480136
0.785398
1.051650
-0.588003
1.325818
1.176005
0.837981
-0.982794
-0.643501
-0.785398
-2.622447
-2.922924
2.521343
-1.390943
2.961739
-2.944197
-1.428899
-2.634494
2.896614
0.124355
0.463648
-2.677945
3.017238
-0.950547
-2.158799
2.034444
1.071450
-0.358771
-0.982794
-2.498092
1.768192
-1.661456
-2.736701
2.512796
-0.432408
-2.279423
-0.124355
-2.077895
-2.819842
-1.012197
-2.356194
1.815775
0.348771
0.674741
-1.892547
0.785398
2.736701
-2.819842
-0.732815
3.141593
-1.997424
-1.042722
0.000000
0.000000
-0.785398
3.041924
-1.446441
2.999696
-1.012197
-2.176341
-2.439336
-1.570796
2.399645
1.570796
2.613518
-1.487655
2.111216
-0.566729
-1.471128
-1.390943
-2.819842
-1.428899
2.714965
1.051650
1.494024
1.012197
1.385448
-0.432408
2.034444
-0.718830
-0.124355
-2.819842
2.944197
-0.463648
-2.677945
-2.629203
1.428899
0.628796
2.642246
-1.446441
0.785398
-0.499347
0.566729
-0.982794
2.498092
-2.944197
1.661456
1.405648
0.927295
1.797595
3.050933
-1.292497
1.570796
-2.158799
-1.712693
2.356194
2.782822
1.997424
2.356194
2.521343
-1.051650
1.249046
-1.508378
0.000000
1.487655
-0.588003
-0.540420
-2.622447
2.303611
-1.570796
1.107149
-1.480136
-2.158799
0.380506
1.735945
-2.279423
-0.394791
3.017238
-2.736701
1.570796
1.212026
2.289626
1.815775
1.107149
-0.266252
2.007423
-1.203622
-1.653938
-0.950547
-2.677945
-1.849096
0.418224
2.191046
-2.677945
-0.463648
-1.695151
-3.017238
0.321751
-2.677945
2.034444
-2.677945
0.380506
-0.982794
-1.292497
-1.735945
-0.674741
-0.083141
-2.034444
-2.279423
-0.197396
2.976444
-2.070143
2.498092
-2.466852
-1.570796
-2.677945
0.588003
0.540420
-2.746802
1.768192
-2.589938
-3.030935
-2.831890
2.191046
-1.107149
0.950547
0.785398
0.124355
0.685730
1.107149
-1.570796
-1.797595
2.622447
1.570796
-1.471128
-0.628796
2.613518
-2.677945
0.844154
-2.214297
-1.735945
0.463648
2.034444
1.695151
0.540420
-2.034444
-1.030377
-1.144169
-2.999696
-2.677945
-2.896614
2.070143
0.141897
0.540420
0.165149
2.843094
0.674741
2.782822
2.446854
-1.570796
-1.107149
3.141593
-2.512796
2.976444
2.976444
-2.129396
3.141593
-2.589938
-2.944197
-1.768192
1.570796
-1.343997
-0.785398
1.138389
-2.792822
1.107149
-1.735945
0.620249
3.050933
1.249046
0.380506
1.325818
0.927295
0.141897
1.190290
2.111216
0.463648
0.244979
-2.875341
2.498092
0.694738
-2.498092
0.110657
3.141593
1.165905
1.343997
-0.124355
1.504228
-0.785398
-1.681454
2.422763
2.265535
-0.885067
1.723446
2.896614
-1.012197
-1.570796
-2.356194
-1.310194
-2.408778
2.199593
-0.165149
1.862253
-0.785398
0.528074
-0.785398
-1.499489
2.736701
1.190290
0.278300
-1.965587
2.356194
-2.736701
0.358771
2.819842
-2.432966
0.124355
-2.466852
0.426627
-2.843094
-0.982794
-2.446854
1.030377
-2.422763
-2.553590
-2.356194
-2.976444
0.418224
2.761086
0.643501
1.418147
-0.463648
-0.141897
0.218669
-1.165905
0.463648
-1.249046
-1.712693
2.356194
2.709185
-0.982794
3.141593
-1.929567
-1.373401
-0.394791
0.358771
3.141593
-3.041924
-2.089942
-2.077895
-0.507099
-0.785398
3.141593
1.107149
0.620249
-0.708626
-2.850136
1.703348
3.064821
2.850136
-2.677945
-2.512796
1.570796
-1.735945
1.107149
-1.004067
2.988943
2.634494
1.249046
-2.850136
3.141593
1.647568
1.249046
-0.463648
-1.499489
1.190290
-1.570796
-2.034444
-2.601173
1.352127
-1.989021
1.768192
0.558599
2.279423
-0.426627
0.244979
1.869295
0.588003
1.789465
2.446854
2.129396
0.218669
-1.570796
0.785398
3.141593
-2.356194
-2.792822
-0.358771
-2.944197
1.249046
0.244979
-0.266252
1.919567
3.017238
-0.404892
0.000000
-2.289626
-1.212026
1.249046
2.944197
2.414950
-1.249046
-0.809784
-0.358771
1.892547
-1.325818
1.165905
0.197396
-2.988943
-1.325818
-0.519146
-1.158386
-1.653938
-2.199593
1.849096
0.982794
