-1.165905
0.099669
-2.356194
1.428899
-0.045423
-2.158799
-2.961739
-1.626295
-0.117109
-0.813962
1.480136
1.934775
0.750929
2.736701
0.218669
-2.802300
1.951303
2.927532
2.508844
2.231839
2.553590
1.307802
-1.700499
2.077895
0.652847
3.141593
0.558599
0.278300
-1.841743
-3.099950
-2.297439
-2.850136
0.426627
-1.046001
2.119346
-1.107149
-0.999459
2.057696
-0.370891
-2.000559
-0.876058
-1.158386
-0.207496
0.851966
-2.593043
-1.919567
2.701750
1.165905
-2.102520
1.892547
-0.540420
0.158655
2.297439
0.507099
-0.418224
-1.695151
1.076855
-1.610775
0.909753
-2.870646
2.446854
-1.037088
1.675673
2.750986
1.275355
-0.994421
2.953371
1.460139
-2.677945
-1.385448
0.436627
-1.227772
-0.909753
0.945311
-2.181522
0.291457
2.843094
-2.293776
1.776192
-3.098142
-1.975688
1.934775
-2.498092
1.396124
0.270947
-0.404892
1.570796
0.507099
3.006065
0.099669
1.292497
0.588003
-1.182478
-1.866237
1.959115
-0.970746
2.475623
-2.147172
1.421906
2.265535
1.907471
1.428899
-2.158799
-2.969402
-0.540420
-0.722979
0.343024
-0.207496
2.761086
-2.677945
2.245537
0.614663
-2.253113
0.828849
-2.761086
2.145101
2.034444
-1.750650
1.262744
0.682317
-2.356194
-1.969319
-3.099950
-1.923787
0.291457
-1.570796
-0.214061
-2.677945
1.080839
-2.992703
-2.530867
-2.731465
-1.480136
2.870646
3.054854
-0.270947
1.012197
-0.334737
-2.526930
0.643501
-1.435269
-1.453688
-2.677945
0.815692
-0.117109
0.000000
0.620249
0.117109
-0.702257
-0.702257
-1.264917
2.388441
3.050933
0.244979
0.339293
-0.909753
-1.523213
1.892547
0.047583
-2.388441
-2.205823
-2.570255
-0.694738
-2.868584
-0.099669
-2.125104
2.701750
-0.917950
1.876675
1.843805
1.037088
1.570796
0.602287
1.172274
0.602287
2.792822
2.356194
-1.804540
0.524796
2.536048
1.687905
-3.058451
-2.321725
-0.418224
2.992703
-1.623379
-0.600050
2.325901
0.968509
1.279340
-1.030377
-0.909753
2.553590
0.960070
1.480136
-0.758378
-2.158799
0.321751
-2.475623
2.111216
-0.614663
1.520838
0.927295
-0.442374
0.785398
1.390943
1.212026
1.484058
-2.411693
0.862170
2.777614
-2.356194
-2.553590
-0.442374
1.712693
1.675673
-1.661456
1.929567
-1.058407
-1.778293
0.785398
-0.927295
2.473303
-1.022247
2.804918
-1.480136
0.286051
-1.480136
-2.677945
-1.390943
2.119346
-2.953371
0.741947
-0.574305
2.802300
-1.794273
-0.141897
-1.067953
-2.321725
-2.446854
1.325818
-1.959115
1.959115
-0.750929
0.158655
1.665748
2.016902
3.103150
0.753151
1.703348
2.697173
0.917950
-1.446441
3.054854
0.308053
-1.080839
2.593043
2.701750
0.862170
-0.602287
-1.051650
1.951303
2.173084
-1.745469
2.953371
-0.110657
2.976444
-2.541542
-0.339293
-2.835714
0.982794
-0.548549
-2.622447
2.034444
-1.088283
-2.083186
-2.085248
-1.165905
1.152572
1.347320
0.702257
1.363300
-1.570796
2.284887
-0.714091
2.185459
-2.386488
1.337053
0.233743
2.850136
0.463648
2.819842
1.512041
0.632749
-2.158799
-0.956133
-1.107149
-1.396124
-0.339293
-0.348771
-0.817645
1.126377
1.706324
-0.218669
0.047583
-2.498092
-2.850136
2.677945
1.633215
-1.907471
0.174672
-2.530867
-2.323948
2.223643
0.614663
1.706324
1.892547
0.058756
-1.828120
-1.614247
-0.336675
-2.714965
1.373401
-1.892547
0.965252
-2.516108
1.616220
-0.574305
2.896614
1.570796
1.428899
1.339706
-1.527345
0.956133
1.165905
0.643501
0.000000
-1.943784
1.460139
1.088283
-2.147172
-1.165905
2.699218
-0.278300
-1.941688
-1.837048
0.708626
-2.654693
-2.390664
0.785398
2.907849
-1.801887
2.089942
-1.804540
1.249046
-0.358771
-2.293776
-2.427502
-0.090660
-2.386488
0.815692
-1.441094
-1.299849
0.363979
-0.614663
2.170847
1.983207
2.083186
-1.446441
0.207496
2.806856
-1.943784
0.588003
-0.363979
-2.788602
0.785398
-2.699218
-1.299849
0.308053
0.339293
-3.098142
-1.465919
1.231504
-1.815775
2.205823
-2.034444
-1.742987
2.718739
2.475623
1.460139
0.745419
-2.388441
-2.714965
-0.336675
-2.875341
-1.012197
2.119346
0.702257
-1.007480
-0.862170
-1.665748
1.347320
-1.496857
-0.094952
-1.385448
-0.576375
2.475623
0.512389
3.030935
3.064821
1.661456
-2.119346
2.743070
1.264917
1.396124
1.130954
-0.045423
0.856706
0.418224
-0.052583
-2.414950
-2.466852
2.321725
1.629552
1.130954
1.951303
1.086318
-0.370891
1.128422
-0.968509
2.677945
2.936197
-1.267911
1.284745
-2.191046
0.726642
2.701750
-2.582993
-1.107149
0.862170
-0.463648
0.422854
2.802300
-0.174672
-2.833540
-1.929567
-1.661456
-2.907849
-0.588003
-2.010639
2.356194
2.095592
-0.062419
-2.835714
2.992703
-0.876058
-1.570796
0.694738
-2.488746
-1.620755
1.390943
0.000000
-0.965252
-1.067953
-2.761086
-2.587285
-2.846152
-2.746802
-0.960070
1.989021
1.499489
2.356194
-2.466852
2.053310
2.439336
0.244979
-1.176005
0.308053
1.529154
1.172274
-2.918116
0.099669
1.107149
-3.096169
1.657535
-2.170847
-0.233743
-1.828120
-2.802300
-1.249046
-2.231839
0.753151
0.000000
1.570796
2.102520
2.475623
-0.418224
1.523213
0.643501
-2.934096
-0.994421
-1.616220
-1.943784
-2.441700
-2.053310
2.647651
0.994421
-2.356194
2.323948
-0.260602
-2.452668
0.982794
0.945311
-1.866237
1.180189
-1.929567
3.141593
-0.422854
0.982794
3.046641
1.961403
1.428899
1.343997
0.815692
2.191046
1.695151
-2.927532
2.439336
0.321751
0.336675
-0.148890
0.260602
0.179853
-3.030935
0.099669
2.927532
1.339706
-2.609869
-1.529154
-0.270947
1.525373
-1.007480
1.657535
-2.007423
-0.832981
2.253113
2.297439
-1.126377
2.701750
-2.521343
2.185459
1.993650
-2.432966
0.000000
1.695151
-0.574305
2.158799
0.231091
-1.107149
-2.119346
-0.291457
1.789465
0.321751
-2.147172
0.463648
-2.245537
-0.904827
-1.225241
2.976444
0.043451
-2.629203
-2.297439
-0.708626
-1.165905
2.736701
0.674741
2.988943
-2.034444
-3.046641
-2.356194
-0.066568
0.244979
-0.486899
0.489957
-1.878849
-2.541542
-3.094010
-2.984991
2.095592
-1.647568
2.158799
-0.927295
-1.134169
-1.071450
2.976444
-0.148890
2.422763
-1.959115
-1.107149
-2.966920
2.325901
-2.536048
2.223643
-0.620249
1.815775
-0.945311
0.398522
-2.010639
2.593043
-0.334737
-1.675673
1.687905
-0.336675
-2.214297
-0.851966
-1.849096
2.323948
-1.837048
3.141593
-0.418224
1.849096
-0.489957
1.515298
0.426627
1.339706
-2.934096
0.625485
2.253113
2.239086
2.601173
-2.506566
2.015216
-1.190290
2.057696
0.058756
-1.446441
-0.174672
-2.119346
-1.299849
-2.589938
-1.325818
3.017238
2.016902
0.748378
-0.917950
-0.519146
-0.172191
-0.244979
1.719686
1.831399
-0.571337
-1.086318
-2.701750
1.570796
1.176005
0.828849
-1.421906
-1.405648
2.896614
1.745469
-1.776192
2.553590
1.831399
-1.657535
-2.969402
0.094952
-1.609239
0.881872
2.976444
-0.339293
-1.490966
0.094952
2.007423
-2.319174
-2.927532
0.039979
2.356194
2.910502
0.531724
-2.170847
2.158799
-0.463648
1.687905
-1.446441
-1.292497
1.441094
2.488746
-0.750929
-0.463648
0.339293
