1.570796
-2.325901
1.719686
2.731465
1.180189
-2.875341
0.000000
2.677945
-2.284887
-1.849096
0.207496
1.530818
-0.655696
3.006065
-2.697173
0.661043
0.418224
2.601173
2.498092
-2.910502
2.896614
0.404892
-0.554307
-1.484058
-2.616797
-2.657115
2.761086
1.234122
2.833540
-0.661043
-1.107149
2.896614
1.856848
-0.442374
-1.484058
-1.570796
1.570796
-1.206817
2.129396
-1.616220
-0.956133
2.441700
1.249046
-2.526930
-2.934096
3.094010
-1.190290
0.188222
-2.582993
2.055274
-0.917950
3.011890
2.414950
1.134169
1.910089
0.571337
-1.529154
-3.099950
-2.226492
1.206817
0.090660
0.233743
2.553590
-1.414194
-2.723368
-2.659079
-2.147172
2.934096
-1.525373
-2.677945
-0.129703
-2.835714
3.086094
1.892547
1.969319
0.257324
2.245537
0.463648
-1.310194
0.785398
-2.239086
0.000000
0.548549
1.165905
-1.086318
2.506566
1.007480
-0.124355
-2.886410
3.141593
-1.989021
1.007480
2.321725
-1.325818
-3.086094
3.101614
1.849096
-1.490966
-2.638749
0.682317
0.404892
-0.404892
-3.058451
-2.388441
3.011890
1.231504
1.264917
-3.086094
0.524796
1.661456
-2.736701
1.768192
-0.439843
-0.881872
-0.218669
1.525373
-0.090660
0.047583
1.390943
2.319174
1.022247
0.090660
-1.475845
-0.233743
2.158799
2.961739
-2.459276
-0.244979
-2.541542
0.052583
-2.961739
-3.091634
2.804918
-1.750650
0.956133
2.432966
0.223477
-0.444419
-0.632749
0.156602
2.327631
1.735945
1.862253
0.982794
-1.880499
-2.966920
1.398606
-0.404892
-0.588003
-0.099669
0.174672
0.812419
1.086318
0.602287
-1.212026
-1.405648
-2.835714
1.681454
2.073640
0.785398
-1.480136
1.339706
1.484058
-2.593043
-0.588003
-2.051684
-2.677945
1.629552
0.896055
2.792822
2.386488
2.060754
-2.768605
-2.411693
-0.512389
-0.486899
-1.030377
2.944197
-1.460139
-1.700499
2.582993
-1.299849
2.541542
1.231504
2.060754
-2.944197
-0.982794
-2.582993
-1.339706
-2.855541
0.412410
-2.593043
-2.475623
-1.719686
-0.156602
2.638749
2.488746
-1.989021
-1.299849
3.036716
1.107149
2.265535
0.086738
1.750650
0.207496
-1.249046
-0.917950
0.135528
2.214297
0.919720
-1.022247
-0.828849
-2.944197
2.293776
-2.253113
-1.919567
2.753274
-0.856706
-1.892547
-2.616797
-0.507099
3.017238
0.052583
-1.039072
1.570796
-0.856706
-3.017238
1.107149
1.849096
-1.878849
-2.616797
-1.460139
-0.099669
-2.475623
-0.165149
-1.480136
-0.090660
1.892547
2.870646
3.026716
-1.016489
-2.089942
-2.731465
-2.055274
0.502843
0.295441
2.034444
-2.356194
-0.605545
0.482513
-1.158386
0.094952
2.567288
-2.384758
-0.231091
-0.605545
3.024484
-0.486899
-3.058451
-0.352990
0.862170
-1.446441
1.570796
2.422763
0.442374
-1.030377
2.253113
2.896614
1.128422
-0.950547
2.553590
-2.185459
-1.876675
0.083141
-0.283794
2.073640
0.486899
-1.657535
2.642246
2.205823
2.896614
2.102520
0.207496
2.699218
1.618379
0.380506
-1.030377
1.471128
0.588003
-1.190290
-1.934775
0.052583
-2.553590
-0.380506
2.622447
0.114877
-2.777614
0.484478
-0.286051
-2.788602
1.508378
2.386488
-0.233743
0.412410
-2.446854
-1.107149
-1.490966
-0.574305
0.334737
2.855541
1.862253
-1.525373
2.593043
-2.677945
-1.612439
1.776192
1.249046
0.463648
2.536048
1.396124
1.618379
0.463648
1.176005
-2.095592
-2.158799
1.325818
-0.512389
-1.484058
2.761086
-2.473303
-0.179853
-1.347320
2.102520
1.022247
-2.506566
1.067953
0.132552
-2.638749
-2.819842
-1.941688
-2.077895
-1.657535
2.356194
-1.665748
-2.768605
-1.794273
-1.626295
-2.356194
0.600050
1.951303
2.077895
-0.463648
-0.694738
-0.602287
2.273053
-2.414950
-0.334737
-2.205823
1.781890
1.934775
2.060754
0.628796
1.993650
1.570796
-2.111216
2.312744
0.124355
-0.524796
-1.993650
2.792822
-2.629203
1.570796
-0.600050
0.785398
1.959115
-2.325901
0.214061
1.107149
-2.642246
1.570796
-2.677945
0.179853
0.156602
-1.217806
0.000000
-3.011890
-0.694738
-2.356194
2.629203
0.352990
1.304544
-1.989021
-2.275290
1.934775
-1.480136
1.892547
-0.223477
0.410127
0.278300
-0.563316
0.785398
2.697173
-2.073640
-1.292497
-1.264917
-0.785398
2.863293
-2.356194
2.289626
-3.061763
-1.616220
1.525373
1.058407
-0.665969
-1.907471
2.729182
-1.825979
3.141593
2.418613
-1.525373
-1.441094
-1.165905
2.526930
-2.323948
0.551655
1.841743
0.602287
-2.541542
-1.080839
0.755104
-0.512389
1.356736
1.626295
-1.570796
-0.436627
-2.819842
0.257324
1.421906
2.013171
-1.742987
-1.182478
-1.030377
1.727398
-3.006065
1.190290
2.055274
1.975688
-0.750929
0.682317
-2.833540
-0.714091
-0.563316
-0.610726
-0.043451
-2.466852
0.463648
-0.439843
-2.452668
-2.007423
-2.102520
1.051650
-1.768192
-1.428899
0.257324
-3.041924
2.013171
-1.907471
-1.907471
-1.197809
1.961403
1.815775
-3.011890
2.638749
2.736701
-2.319174
-1.046001
-0.370891
1.337053
0.896055
0.207496
1.107149
-2.010639
-1.313473
-1.304544
-2.034444
-1.570796
-1.989021
0.321751
2.582993
-2.388441
2.875341
-1.825979
2.593043
0.996491
-1.975688
2.488746
3.099950
1.892547
-2.418613
0.753151
-0.938047
2.053310
-1.742987
-2.498092
-2.055274
1.943784
-1.570796
1.665748
1.661456
1.687905
0.380506
1.325818
2.273053
0.996491
2.289626
2.743070
-1.892547
2.034444
-2.259721
-2.083186
0.207496
-1.373401
2.907849
-3.099950
-1.022247
2.884269
-2.147172
2.191046
-2.034444
-2.553590
-2.578276
0.507099
2.176341
-1.919567
-0.917950
1.512041
2.057696
1.107149
-0.745419
1.706324
-0.110657
1.570796
-3.011890
0.507099
-0.652847
0.418224
-2.439336
-0.753151
0.785398
-2.231839
-0.104877
-2.999696
2.073640
0.270947
1.892547
0.968509
-0.588003
2.083186
-2.701750
-2.214297
2.289626
-2.792822
-0.218669
0.968509
-2.191046
-1.975688
-2.356194
-0.343024
2.629203
3.024484
-3.079174
0.305879
-0.388319
-2.961739
-1.249046
-2.777614
-1.284745
-2.896614
-2.927532
0.718830
1.304544
-1.126377
-1.261093
-2.992703
-2.792822
0.099669
3.098142
2.922924
0.917950
-2.743070
1.570796
1.892547
0.000000
-2.857799
2.432966
0.652847
-0.708626
-0.257324
-2.414950
-2.253113
-1.980924
-2.170847
-2.000559
-2.736701
1.570796
-2.593043
-2.297439
2.578276
-2.819842
-0.442374
-2.677945
-2.833540
0.348771
0.548549
-0.982794
-1.989021
-2.170847
1.633215
0.255182
-2.015216
2.396173
0.994421
2.642246
-0.094952
2.777614
2.488746
2.158799
-2.616797
1.126377
1.107149
-0.148890
-3.096169
3.096169
3.022164
2.999696
2.325901
-1.325818
1.778293
-2.015216
-1.789465
3.089010
-2.480549
-1.828120
-0.674741
-1.405648
-1.190290
2.231839
0.881872
2.289626
-2.984991
1.279340
0.785398
-0.851966
-0.390607
-1.299849
-2.459276
-1.046001
-1.750650
2.321725
2.768605
0.847817
2.321725
-1.923787
-0.512389
-3.061763
-0.729900
-0.291457
-0.363979
-2.927532
-2.147172
2.034444
1.794273
2.884269
-2.850136
1.735945
-0.960070
0.625485
2.984991
1.768192
-2.896614
-0.694738
1.107149
0.047583
-1.030377
2.723368
-2.356194
-1.866237
1.570796
2.922924
-1.107149
