-0.997830
1.706324
-0.418224
0.380506
-1.144169
1.849096
0.086738
0.000000
-3.006065
-2.703256
-1.279340
3.006065
-2.143762
-2.330559
2.275290
-0.205395
0.982794
-2.740364
2.314552
1.779819
1.373401
-1.190290
-1.222025
2.601173
0.137066
-2.282255
0.691337
1.071450
0.741947
2.057696
2.761086
-2.317752
1.975688
-2.135366
-1.961403
-2.485897
-0.365201
1.687905
2.356194
1.542233
-1.093451
1.297788
0.982794
0.321751
2.772259
-2.493781
0.996491
-2.131960
1.284745
-0.312901
-2.142134
0.477345
-1.373401
-1.609239
-1.089909
1.418147
0.785398
-1.165905
1.699120
-2.356194
-2.142134
1.083897
-0.994421
-2.804918
-2.116451
-2.197539
0.488334
-0.288975
-0.982794
2.336589
-1.212026
-3.014083
-2.609869
1.599360
-1.433730
0.753151
-1.866237
2.053310
1.849096
-2.712815
-3.107124
2.158799
-0.805803
-1.365401
0.415492
-1.699120
0.785398
-1.916352
-1.058407
-1.144169
0.902507
-0.244979
2.616797
2.158799
1.661456
-2.325901
1.653938
1.086318
0.605545
2.971814
-1.677532
1.339706
-2.205823
2.197539
-1.955954
-1.373401
-1.261093
1.480136
-1.396124
-0.337878
-0.363979
1.661456
-2.521343
-0.203045
-2.506566
-1.056345
-2.480549
0.300171
2.450256
0.110657
1.093451
-2.677945
-0.558599
-1.929567
0.763180
2.184004
0.748378
1.107149
-1.356736
2.988943
-1.956679
-1.849096
-0.291457
-1.080839
-0.147078
-2.594804
1.849096
-2.855541
-0.805803
-0.085505
1.199905
2.666582
-2.234842
-1.923787
1.299849
1.266285
1.717875
-2.607884
-2.152177
-1.997424
-2.819842
0.093477
1.699120
3.107124
1.190290
1.405648
3.030935
-0.463648
-1.854590
-0.934288
0.000000
1.390943
-2.746802
-2.753274
-0.674741
-2.767259
-2.034444
3.099950
1.471128
0.726642
-2.627141
-1.229817
0.588003
-1.776192
-2.356194
-2.446854
-1.373401
0.856706
2.047264
-1.815775
0.674741
1.287002
-2.239086
2.181522
-0.380506
2.882822
-0.588003
-2.937575
-0.476467
-0.463648
-0.165149
-2.642246
-2.637427
3.141593
0.753151
-2.480549
0.605545
-2.086345
0.758378
3.141593
-2.920278
1.910089
1.841743
-1.978945
1.361773
-2.601173
1.513716
1.086318
-0.942000
1.471128
2.390664
-1.831399
1.815775
0.688924
-2.788602
2.613518
1.810028
2.480549
0.603749
1.518213
-2.394637
-1.229817
1.719686
-1.570796
-1.876675
2.356194
0.355636
-2.768605
0.099669
-1.206817
-0.380506
0.090660
2.462930
0.049958
-1.152572
0.683709
-2.001489
1.147942
-0.278300
-2.574863
-0.721655
2.514850
1.076855
-2.514850
2.185459
1.862253
0.000000
-1.892547
1.940130
-0.030294
2.850136
-2.356194
1.451367
-2.638749
-0.767856
0.380506
0.965252
-0.424194
0.682317
1.063698
2.999696
2.150799
-2.459276
0.507099
2.226492
2.999696
0.386876
2.333976
2.419938
-2.096863
1.373401
1.926432
-2.843094
-2.145101
-1.540503
-0.110657
-1.184914
-0.683709
-1.352127
-1.892547
1.951303
-2.152177
2.663240
-1.781890
0.086738
-0.881872
2.073640
-0.231091
-3.066733
-0.804264
2.543174
-2.889903
2.723368
2.297439
-0.197396
-0.680521
-0.909753
0.000000
2.250210
-0.965252
-2.697173
1.438245
2.770701
2.565217
-0.665969
0.269167
2.706922
-3.070285
-2.622447
2.166995
1.649580
-1.869295
2.750986
-0.062419
1.343997
0.043451
-2.034444
0.888480
0.463648
-1.610775
1.533776
1.815775
-2.690931
0.029403
3.087591
2.403778
-2.137526
-0.522403
3.017238
-2.922924
2.819842
-0.257324
0.251690
-1.892547
-1.642104
0.828849
1.238737
-2.615526
2.922924
-3.060689
1.229817
-1.618379
2.196281
-1.862253
2.607884
-1.614247
0.691337
-0.687671
1.809406
1.875307
-2.009133
0.000000
0.970746
-1.570796
-2.466852
0.515549
-2.374374
1.080839
-0.819867
1.623379
0.270947
-1.055247
-2.111216
1.055247
2.510513
-0.244979
-2.022249
2.944197
0.909753
-1.390943
0.502843
-0.698660
2.753274
-1.496857
2.504044
-2.158799
-1.515298
-2.896614
-0.643501
3.060689
-1.170556
0.965252
0.982794
0.256151
-1.325818
1.916352
-2.701750
-2.649783
-2.429235
1.972025
-1.923787
-0.484478
2.158799
2.053310
2.022249
0.602287
1.155304
2.909036
-1.405648
-1.217806
-1.839964
-1.134169
-1.768192
-0.358771
-0.422854
2.214297
-2.471954
0.252554
-0.113792
2.010639
-2.158799
-3.064821
-0.841942
0.179853
0.577902
-0.785398
3.027801
-2.197539
2.578276
1.460139
2.129396
-3.084512
0.336675
-1.506369
2.855541
-2.645170
3.105894
2.453921
0.957589
-2.251318
-0.263964
2.064738
3.024484
2.746802
2.718739
0.110657
-2.753274
0.119429
0.398522
-2.403778
-0.132552
-1.487655
1.120135
2.498092
-2.158799
0.148890
1.961403
-0.507099
-2.219128
-2.417343
2.498092
-1.272297
2.961739
1.347320
-1.750650
1.740575
0.346539
-1.653938
-1.919567
-1.943784
-0.404892
2.591739
-2.744513
2.999696
-2.158799
-2.710900
-0.027020
2.106608
-2.753274
-0.197396
0.524796
-2.010639
-0.358771
-0.748378
1.523213
-0.571337
-1.768192
-0.866302
-2.321725
1.745469
0.904827
-2.432966
1.845706
2.677945
-2.857799
-1.570796
0.954499
0.218669
0.099669
-1.929567
-2.565217
-2.690140
1.205595
1.292497
2.595938
-1.940130
3.034857
2.863293
0.000000
0.351445
0.730907
0.233743
-1.279340
0.278300
0.442374
-2.284887
2.475623
-0.909753
1.015303
1.992216
-2.171870
-0.564569
-2.976444
2.498092
0.617191
0.519146
-2.279423
3.050933
-0.944053
-1.046001
-1.119343
1.570796
0.939717
1.040581
-2.203545
1.983207
-2.170847
-2.736701
-0.321751
2.634494
0.099669
-2.150799
0.057081
0.828849
-2.480549
-2.731465
1.778293
0.000000
-1.883698
0.822418
1.184914
1.428899
1.639653
-0.507099
-2.526930
-2.852617
2.870646
2.819842
0.463648
-0.238609
1.570796
1.570796
1.325818
-0.235545
1.618379
2.802300
-2.512796
-1.815775
2.356194
2.718739
0.652847
-0.291457
-1.465919
-2.262133
1.128422
0.688924
-0.907593
-0.159913
1.249046
-0.688924
-1.808632
-0.679414
-2.992703
2.804918
0.982794
-1.735945
0.888480
0.967047
0.165149
2.325901
1.134169
-2.498092
-0.724250
1.249046
1.951303
-0.823841
-2.980830
-1.455920
0.484478
2.582993
1.421906
1.180189
-2.173084
-1.843805
2.417343
2.777614
-2.875341
0.607802
3.070285
-2.577023
1.997424
-1.701624
2.045807
1.778293
-2.601173
2.699218
-2.884269
-2.664247
-2.746802
2.169215
0.851966
-0.935770
2.694073
2.356194
2.638749
-0.883125
0.117109
-0.909753
2.170847
1.452306
-0.165149
1.147942
-0.262995
-0.968509
-0.039979
1.034985
-2.303611
-3.036716
-2.863293
-1.487655
-0.658806
2.158799
1.513716
-1.107149
3.105894
-0.266252
-0.682317
-1.373401
2.282255
-0.688924
0.896055
-0.533708
0.876058
1.801887
-2.565217
-2.010639
-2.629203
-0.711459
0.099669
2.055274
0.688924
2.846152
0.844154
0.186979
-0.446106
0.844154
-1.304544
1.482789
-1.991460
-0.614663
3.141593
-1.910089
1.190290
-1.695151
1.008875
3.036716
1.319794
-2.642246
-0.545655
-2.253113
-1.390943
-2.819842
2.828691
-1.837048
2.214297
1.596432
-0.486899
2.060754
1.750650
2.647651
-2.087027
2.736701
0.370891
0.058756
-2.666582
-0.104877
2.852617
-1.878849
2.761086
2.498092
