2.263131
2.463884
1.234122
-2.134880
-0.302885
-1.331053
-2.316216
-2.813039
1.536327
1.885554
0.715092
2.083186
-2.947971
2.121182
2.607197
-2.527823
-2.202487
1.275355
0.816638
-3.105894
1.236059
-0.400241
-1.013895
-1.299849
2.170847
1.415201
-1.570796
0.275426
2.521343
1.249046
-0.363147
0.831519
0.827627
-0.600050
-2.137526
-0.101689
0.110657
-3.107124
2.480549
2.239839
3.047531
-0.704494
1.157107
-1.833791
-2.521343
2.834547
-0.407632
-1.242676
0.717012
1.978428
-2.461071
0.463648
-2.201198
-1.679458
1.225241
-0.363147
-1.904041
1.079633
0.526627
-0.967566
2.133294
0.480887
0.208465
-1.742987
-1.752445
3.123737
1.099019
-1.647568
0.081452
0.759763
-0.618144
3.098142
-1.299849
2.922924
-2.397267
-0.083141
-0.228497
2.825622
-1.519118
2.935269
-0.114877
2.848004
1.810539
3.030935
0.284730
1.764418
-2.610819
-2.221873
1.181088
1.024007
0.750119
2.230106
-0.643501
3.102397
-2.887919
-2.653756
2.944197
1.142532
0.785398
1.053764
-0.092756
-0.669043
2.594030
-3.071532
1.058407
-0.669043
-1.715609
-1.742175
0.813962
1.904041
2.616009
1.748889
-2.420621
2.444571
-2.186416
-0.061148
0.020830
-1.030377
-0.407632
-0.200954
-0.813962
0.375961
-0.814801
2.431054
2.179960
2.058633
-2.083186
-2.813473
-2.710454
2.206635
0.814801
2.955106
2.604308
-2.901850
-1.658292
1.418147
-2.645170
0.094952
0.971621
0.967566
0.524796
-2.218188
-1.070129
1.954614
2.553590
1.508378
1.904041
2.577023
-0.681298
-1.026964
-1.489344
-1.706324
-0.643501
3.043866
-2.542417
0.084902
0.493941
0.034469
3.028865
-2.947971
2.846152
1.255181
0.333945
0.811034
-3.014620
-1.589662
-0.613770
1.263751
-0.935770
-2.553590
-0.492486
-2.863293
2.640579
-0.485622
-0.694738
0.839400
-0.540420
2.777614
0.647392
2.158799
0.388319
-1.203622
-1.758225
-2.134113
1.492525
0.435353
1.934775
-0.321751
0.019997
0.204018
1.943784
-0.463648
0.811708
-2.655971
-1.739003
-1.030377
-1.880499
-1.046877
-0.071307
-1.418147
-0.049958
2.097424
0.550386
-2.195432
-0.999459
-1.730148
0.066568
1.588338
-0.087495
-0.350728
-1.635223
-1.218752
-0.615620
-2.667193
-1.825164
-0.286051
-2.064738
-0.112728
-2.922924
-2.181522
-1.652248
-2.582993
2.437099
2.260596
-2.074423
1.783228
2.948892
1.999060
1.821799
1.074374
2.660705
-3.071532
0.193622
-0.278300
1.821239
-2.743965
-2.661418
-3.043866
-0.253674
-2.926777
-2.098871
-0.658806
-0.446106
2.636302
-1.707863
1.784857
1.051650
2.214297
1.784857
1.607144
1.529154
0.547562
-2.906048
1.993650
1.551931
2.711830
2.548243
-0.056543
2.686873
-1.289959
0.665969
-1.390943
0.177596
3.011890
1.267911
1.434394
-1.049362
-0.386876
2.739272
-1.994465
-3.066264
0.076772
-0.651869
2.850136
-2.731465
1.004067
-1.898197
-0.785398
0.369906
1.216091
2.999696
0.019228
-0.509071
2.224879
2.045807
1.116077
-1.723446
-0.257324
0.851966
-0.594214
-0.448723
1.533078
2.104505
-1.927016
2.707639
2.807648
0.063743
-2.104505
-2.616797
-2.026247
-1.325818
-0.437791
0.348771
-0.785398
0.798056
-2.302193
0.165149
1.173168
1.851634
-2.833540
0.283794
0.845930
-1.348135
-0.218669
1.115696
2.882261
-1.796073
3.061763
-3.086094
0.813169
-2.902361
2.586597
-2.001935
-1.840645
0.966491
0.536435
0.240171
2.813473
2.507570
-2.584993
-2.343208
-0.368696
2.356194
-1.570796
-2.613518
3.026716
2.594030
2.267818
-3.119857
1.237552
1.033512
-1.810967
-1.911178
2.582993
-0.871604
-1.254826
0.500668
0.855705
1.768192
0.244979
-1.405648
0.583077
-1.663126
3.141593
-2.079867
-0.510488
0.798384
-2.761086
-1.387686
-2.505084
2.059649
0.684295
-1.831399
-1.163540
0.785398
1.116494
0.892134
-1.570796
-1.972667
2.063282
-2.757423
0.842479
-0.083141
2.143256
-0.216550
-1.681454
-0.831519
-0.883672
1.186627
0.553294
-1.462526
0.000000
1.755121
-0.961633
-0.038443
-1.551931
1.552280
0.388319
-2.831890
-0.432408
-1.465919
0.019605
0.692642
2.614965
-2.891150
1.190290
0.156602
-2.245537
-0.565149
-0.639386
-1.661456
2.654693
-2.073640
1.436985
-2.614965
2.542417
-0.229904
-1.932000
-1.670465
2.999696
1.638873
-0.275426
2.123638
0.947597
2.482283
0.716542
2.302193
-0.117109
-2.784973
1.177738
0.173671
1.668050
0.000000
1.590794
-1.839964
-1.533078
0.212432
1.060308
-3.082837
1.345520
2.356194
-2.918932
0.706614
2.714965
0.209640
0.428264
0.744325
-0.463648
2.964884
0.259332
-1.115696
-2.624898
-2.956245
-2.694750
-2.092231
-0.231091
1.595182
2.514284
0.165149
0.771700
0.907593
-1.074374
-0.643501
2.536048
-1.289959
-1.661456
-2.466852
1.214577
-1.570796
1.677532
0.236849
0.162199
-1.550799
3.141593
-0.481664
-1.340892
-0.168597
1.297788
-2.307054
-3.049263
-1.273732
-1.516305
-1.464061
2.267818
-2.994514
-1.666655
0.961633
-3.022164
2.327631
-1.181480
-0.540420
-0.402321
-2.158799
0.000000
1.128422
-2.303611
2.871743
0.603230
0.755104
1.158386
1.262744
-0.530773
-0.892677
-1.849096
2.560212
1.858852
-1.924794
-2.518922
-2.034444
0.414507
-0.677386
-2.808348
0.607802
3.032931
0.435353
0.501013
0.866302
1.134169
-1.373401
0.135528
2.287808
0.126973
-0.706614
-1.392703
-0.512389
1.593520
-1.284745
0.073939
-1.107149
0.674741
-3.054854
-0.288055
-2.425849
1.306308
1.425486
1.954966
2.315122
-0.422005
-2.356194
2.710454
-1.757283
0.301619
0.384169
0.267910
1.343997
1.934775
1.516305
1.687905
1.045213
2.214297
1.496857
-0.599175
-0.540420
2.104505
2.911688
3.019750
1.069783
-0.147849
2.925042
0.185348
2.003204
1.757283
2.498092
0.610726
3.100799
-2.498092
1.789465
-2.268187
-0.394791
2.999696
-0.982794
-1.760785
-1.225241
-2.573488
3.019750
0.950547
0.577902
-0.485622
-1.027319
2.646041
1.026964
-1.915015
-2.214297
1.216091
2.764683
-0.531724
-2.670133
-1.815775
0.492486
0.662730
2.649107
-1.325818
-1.844456
1.124691
-1.037952
0.691921
1.759995
-2.541542
2.990577
0.694738
0.211093
0.193959
0.797446
-0.850242
0.521434
-0.197396
-2.384758
-2.594030
-2.310073
0.316286
1.862253
-0.422005
-2.701750
0.332620
-1.732634
-1.386853
1.171281
2.034444
-2.982241
0.603230
1.056345
-2.082027
-0.280838
0.117109
-0.687124
0.934958
-2.601173
1.531601
-1.170556
0.521434
2.233526
0.000000
-2.782822
-2.095592
-2.592218
1.879727
-1.027319
2.087491
-3.060141
1.218752
-1.133005
-1.627340
-0.259332
-1.983207
1.453688
-1.332187
2.976444
-0.566729
1.639653
0.717012
1.517276
0.870903
-2.383215
1.973117
-1.284745
1.480136
0.038443
-2.133294
1.362331
1.968424
-0.104877
-3.035608
2.129396
-0.893088
-2.780389
2.087491
-1.281293
2.381189
2.466852
-2.711830
-0.809784
-2.696292
0.862170
0.853785
3.009041
-2.318238
0.866302
-1.725115
-0.214815
0.965252
-1.805519
3.064821
0.000000
-0.608325
-1.941688
2.553590
1.915015
-0.728317
-2.317253
0.724866
0.000000
1.069783
1.464812
-0.692334
2.548590
2.255091
-2.987274
2.248505
-1.055724
1.197809
