-3.103150
-2.153873
-2.636302
0.101689
1.115696
0.429762
-0.967566
0.772066
0.076772
0.513606
-1.911178
-0.365747
-2.076087
-1.008298
1.207649
2.587285
-2.863293
2.411693
2.626520
-1.476735
-0.999459
2.320066
1.200890
2.206635
-2.117585
-0.185348
0.939106
-2.214297
1.962496
-0.472907
2.836600
-2.260596
0.842479
0.240846
0.000000
2.260596
0.079830
2.570255
-0.570040
0.618144
-0.588003
1.649067
-0.436627
-0.463648
1.789465
2.217844
-3.124051
-2.320915
-1.774814
-1.670465
-1.343997
-2.089942
-1.839964
1.010109
3.052543
-2.944197
-1.139658
-1.441886
-1.904741
-0.084902
-2.799977
0.880996
-0.919720
0.799482
-1.824470
2.102520
-2.442400
1.532354
-2.622447
-1.828120
-2.916316
-0.962994
-0.636508
2.061960
-0.174672
2.289626
0.315970
0.126973
0.172191
2.813473
-1.879727
2.809533
-0.746457
-1.951303
0.220829
0.165149
-0.110657
2.410196
-2.655561
-1.350303
-1.970312
1.514253
-2.887225
0.772412
0.549374
0.122195
-0.734161
0.448723
-2.071810
-1.973451
2.325901
0.147078
1.962496
0.967566
0.536911
2.269989
-0.938047
2.884269
-2.100043
1.507053
0.643501
-2.991780
-1.792878
1.526381
-0.940395
-1.182478
-0.321751
1.249046
0.977446
-0.388319
1.464061
2.659929
2.501823
-1.661456
2.218608
-1.886767
-0.973038
-1.911178
0.911486
2.994514
2.572279
-0.327739
0.218669
-0.593750
-0.110657
3.141593
-2.863293
-2.868584
1.490966
-2.214297
-3.105894
-3.124051
1.973117
-2.884269
1.791625
-2.896614
-1.909120
0.603230
2.926777
-0.901753
1.824470
-1.116077
0.117109
2.291350
-0.819867
-2.356194
-1.082960
1.302886
2.307453
2.092231
1.352127
1.024007
-1.074374
-1.835285
-2.754069
-0.222661
2.042918
-0.491164
-0.582739
-2.117585
1.369479
1.892547
-1.174715
2.612003
-2.108081
-0.444419
0.000000
0.886502
0.233743
-1.873681
1.008298
1.089133
-1.415201
-1.061725
1.943784
-0.889498
-1.898197
1.530003
0.930708
-2.601173
-1.846602
-0.830144
-1.230414
-1.692991
2.940276
-2.537287
0.630034
3.141593
0.197396
3.005190
-0.530773
2.148698
2.757423
-1.771751
-2.050971
0.906022
1.875789
0.034469
-1.969319
-2.449258
0.558599
-0.564084
1.046877
0.040794
-2.576443
1.259798
-2.576109
-2.242402
-0.797446
-0.321751
-1.829049
0.244979
-2.997151
2.929161
-1.384309
-2.529440
2.677945
0.923404
-1.091883
0.308931
-2.761086
-2.140110
1.720609
-1.207649
2.494545
-2.670133
-0.333244
-1.704607
-2.782822
-0.040794
-2.835714
-0.193959
-0.887605
-2.207305
3.141593
-2.548590
-2.129396
0.573441
-0.446842
2.686492
1.004067
2.627141
-0.416439
-0.390607
-0.958644
1.715238
3.049263
-2.637966
3.141593
-1.820048
3.081664
-2.700842
-0.018866
0.528074
-2.711830
1.042722
-2.133294
-2.010639
2.017639
-0.063743
1.471128
-1.898197
-0.036348
-2.813854
-0.982794
2.529440
-2.253113
-0.270947
1.717875
-0.463648
-2.369892
2.754069
0.982794
1.186979
2.865787
-0.962994
-0.811708
1.810967
2.964884
-0.124355
-0.613770
-0.035699
-1.400061
0.269849
0.635838
0.639770
-2.277411
2.034444
1.116494
-2.610819
1.141034
0.722191
-2.120171
2.034444
-0.597758
0.255182
-0.516695
-1.321544
-0.344219
2.776858
-1.800701
-3.034857
0.149812
2.808973
-0.529590
-2.875341
2.988943
-1.499489
-1.797595
2.931953
0.181649
0.665969
-0.761593
-2.258941
3.012682
0.240534
3.068993
1.269876
3.083964
1.300947
0.726642
2.016902
-0.772066
-0.035699
2.720173
2.944197
1.241747
1.588652
2.317253
0.684295
1.881795
1.183921
-1.027319
0.301619
-1.115696
-2.022950
-0.448723
0.223477
2.677945
-2.576443
-2.173084
-2.406153
-1.261093
-0.455451
0.677708
-1.156289
2.370686
1.225241
-2.660705
-2.153536
-1.097890
1.051650
-3.026716
-2.399645
-1.720609
1.068706
-1.715238
0.037718
-1.107149
-1.968424
-0.225277
3.052543
-2.591207
0.400241
0.689800
-0.426627
-2.514284
-2.226492
-0.341615
-2.342497
1.978052
0.565149
-0.840897
2.741352
2.563068
-1.605870
1.171281
1.673878
1.448954
-2.918932
0.000000
-2.188941
-3.064821
1.702112
-3.004526
2.163799
2.530867
-3.063322
2.200830
-0.598419
2.107707
2.315122
2.118359
2.283857
-0.264488
-0.017855
1.975688
-1.376837
-1.390943
2.721396
-2.852089
0.240534
0.896055
-0.121842
-3.105245
-0.149812
1.851634
1.707199
-1.670465
0.328120
-0.982794
-2.356194
0.000000
1.080839
-2.976444
0.809784
-2.449258
0.036348
2.407432
-0.851966
2.896614
2.342497
2.287808
2.587285
-0.316286
-0.295441
0.267910
-0.436627
1.609239
-2.431054
2.025897
1.236851
-1.116494
-2.426501
-1.570796
1.249046
1.186979
2.970857
-2.778446
-2.129396
2.051684
-2.394151
-0.020830
0.321751
0.811034
0.896055
-1.668523
-1.958320
-0.551655
-0.710538
0.231091
-0.864182
-1.312544
-0.823355
0.308053
-0.835357
1.805519
0.054491
-2.382504
-2.472550
-0.772066
-2.796037
2.868584
0.435353
2.727086
-1.177346
1.739003
-2.419401
-3.109346
1.631944
-0.813169
1.611590
-1.156289
2.451793
-0.133811
0.868539
0.446842
3.032931
-0.942000
3.104573
2.617673
-0.090660
-2.661418
-2.622447
-1.849096
-1.216091
-3.030935
2.910502
0.683191
-0.886502
-2.515331
3.034857
-2.319174
-2.870646
-0.770015
-0.718830
-0.668289
1.148791
3.099065
1.990993
-0.062419
1.377174
2.999696
1.685673
2.329885
-2.837592
2.643476
-2.694073
-0.609163
-1.142532
-0.757628
-0.997356
2.485897
-2.515331
-1.510868
-0.038443
3.123076
1.962496
-2.432966
2.994514
0.810393
-0.204642
2.296026
1.317122
-0.732815
2.597760
-2.558220
-2.612003
-2.043293
-1.774814
-2.083186
0.126973
0.908067
1.944523
1.608514
2.116963
2.782822
1.681454
-2.632863
-1.776192
-0.615620
-2.653756
0.321751
1.115696
0.472907
2.632522
0.593350
-0.175940
-0.862170
-0.860258
1.412141
2.077895
-2.662679
-0.973620
-1.589313
1.960505
-0.556599
3.056691
-1.237552
1.412141
-1.590402
-1.249046
-1.377174
-0.934958
-0.165149
-0.523919
2.478863
2.231839
0.487836
-2.892006
-3.105894
2.094716
-1.046877
-3.030935
-1.173168
-1.012197
-1.712693
2.316216
2.201198
2.579095
0.722191
3.043866
-0.300920
2.976444
0.726642
-1.904041
0.543832
-2.302193
2.927532
2.164546
0.523919
-2.807648
-1.965587
0.367174
-1.027319
-0.799482
0.703231
2.174026
2.806856
0.075329
1.089133
-1.016489
2.181522
-1.089909
-2.137526
-2.191046
-1.089909
-1.741532
1.012197
0.341615
0.678119
2.831205
-2.370278
1.236851
2.234842
-2.332943
2.072887
1.810967
0.576375
2.181522
2.068619
-3.121595
-1.134169
-0.423669
-1.871717
1.513168
1.309083
0.420197
1.925502
0.361729
1.377174
-0.931882
-1.433730
-3.035608
3.141593
1.726391
-3.108272
-1.150600
-2.061960
0.680521
1.922841
1.117458
-0.961633
-2.677945
-1.772113
0.694738
-2.929161
-0.812419
-1.373401
1.968424
2.024640
-0.664046
-1.702112
1.787347
1.177346
2.369892
-2.937575
-0.152649
0.327400
0.934958
0.757628
0.754158
0.982794
-2.642246
-2.487022
-2.074423
0.039196
2.584993
0.017542
0.463648
-1.570796
1.872415
-2.736701
1.467715
3.124051
2.253988
0.529590
0.039196
2.536048
-1.927416
