0.049958
2.563691
-2.768605
2.452668
-0.043451
-3.094010
2.516108
1.335251
2.553590
-1.279340
1.650626
-2.526930
-0.699893
2.388441
0.729900
0.398522
0.388319
-2.918116
3.061763
-0.110657
2.796037
0.602287
0.817645
-1.614247
-2.473303
0.172191
1.815775
-2.169215
-0.197396
0.038443
2.736701
1.088283
-2.521343
-1.287002
-1.275355
1.467715
-1.959115
-2.792822
1.197809
-0.076772
-2.782822
-0.699893
-1.878849
-2.582993
0.588003
-0.176709
0.674741
2.034444
-2.833540
-1.756144
0.233743
-1.141034
2.214297
1.760785
1.690225
-2.207305
-3.004526
-0.563316
-1.315614
2.896614
-0.334737
2.553590
-2.147172
0.484478
3.141593
-0.982794
1.892547
-2.441700
-1.520838
2.070143
-1.797595
0.129703
-2.253113
-0.479519
1.083897
2.205823
1.275355
-0.214061
1.030377
0.866302
-1.455920
-1.165905
1.614247
-0.496423
-0.463648
0.729900
2.466852
0.729900
1.789465
-0.321751
0.086738
-3.101614
-2.930499
-2.677945
1.768192
0.540420
3.104573
-1.212026
-2.697173
-1.784857
0.574305
-2.505084
-0.950547
1.190290
0.000000
-0.972377
-1.623379
-2.944197
0.674741
2.937575
2.178598
-0.363979
2.746802
-2.645170
2.526930
-0.815692
2.642246
0.374334
2.988943
-1.016489
-2.273053
0.970746
0.614663
1.570796
-2.638749
0.124355
1.212026
-0.847817
-1.529154
2.306236
0.732815
-3.098142
0.266252
1.390943
1.604117
2.356194
-2.770701
-1.471128
1.768192
1.837048
-2.329174
-1.124691
-1.570796
1.841743
0.685730
2.958482
2.327631
0.785398
-1.335251
2.034444
-0.785398
-0.444419
2.616797
-0.694738
0.614663
0.000000
-0.909753
2.441700
-1.599360
0.661043
-1.723446
2.275290
2.944197
1.997424
-0.214061
2.782822
0.610726
2.034444
0.463648
0.000000
-0.973620
-0.484478
1.387686
-1.781890
-0.635027
-2.297439
-1.919567
2.191046
2.792822
-0.380506
-2.907849
-1.670465
-2.857799
3.141593
1.929567
2.214297
1.067953
2.777614
-1.614247
1.661456
1.390943
1.873681
1.750650
1.612439
1.862253
-3.064821
-1.088283
1.398606
-2.461071
-0.919720
-1.287002
-2.422763
0.851966
-2.695487
-1.854590
-1.943784
-2.543174
0.785398
2.411693
2.506566
-2.516108
-2.951604
0.291457
1.012197
0.753151
0.266252
1.839964
2.753274
-0.588003
0.837981
-0.600050
-1.825979
2.077895
-0.482513
3.141593
2.473303
-1.916352
0.576375
1.825979
2.958482
-3.006065
-1.866237
0.785398
-1.249046
1.046001
-0.909753
-2.137526
-1.279340
-1.570796
-2.574863
-0.255182
2.819842
-2.089942
0.172191
0.482513
1.292497
2.819842
0.380506
-3.046641
2.053310
-0.785398
-2.228685
-2.356194
-2.657115
-3.099950
2.073640
2.695487
-3.036716
-2.553590
-0.620249
-0.614663
-2.169215
2.992703
-2.003204
-1.523213
-0.514451
1.983207
2.070143
0.179853
2.541542
0.000000
-0.519146
-1.266285
0.524796
0.231091
-0.291457
-2.714965
2.147172
2.855541
-1.412141
-1.876675
0.726642
-2.922924
-0.708626
-2.736701
0.759763
-0.244979
2.386488
-1.570796
2.111216
1.527345
-2.498092
-0.558599
2.297439
1.916352
3.091634
2.875341
0.135528
2.137526
-0.758378
-0.244979
-1.373401
0.000000
2.736701
2.125104
1.510264
-0.563316
-1.815775
2.843094
2.388441
-1.862253
-2.053310
-0.576375
-1.806341
-3.054854
-1.570796
1.681454
1.727398
-1.182478
-0.856706
0.278300
0.426627
2.356194
1.190290
-1.756144
-1.325818
-1.030377
-0.370891
-2.104505
1.623379
2.788602
2.016902
0.732815
2.944197
-0.114877
-2.777614
-2.723368
1.570796
2.293776
0.165149
-1.695151
0.499347
0.726642
-2.855541
2.896614
1.421906
-1.016489
-0.493941
1.088283
-0.410127
0.000000
1.854590
1.778293
1.212026
0.295441
-2.437099
-1.989021
-2.085248
0.755104
1.609239
-2.439336
0.404892
2.356194
-2.134113
-1.412141
1.107149
-1.128422
2.984991
-1.756144
-2.994514
1.382575
-1.217806
0.038443
2.411693
-2.543174
-1.037088
1.520838
-2.142134
0.558599
-0.680521
0.507099
-0.047583
-2.736701
-0.722979
0.412410
1.237552
0.152649
-2.906048
-0.321751
0.226799
1.025141
2.332943
-2.388441
-1.768192
2.356194
-2.777614
-0.704494
-2.699218
-2.886410
-2.201876
-0.620249
-2.064738
0.334737
2.067219
-0.305879
-0.073939
2.452668
1.480136
-0.174672
-2.638749
1.343997
1.804540
-0.266252
-0.380506
1.849096
2.910502
-2.553590
1.778293
-2.384758
0.283794
-0.558599
2.918116
1.647568
-1.405648
2.906048
1.532354
-2.506566
-2.102520
1.465919
-1.412141
0.463648
-1.606495
2.145101
-1.824470
0.331096
-1.107149
-3.048116
-0.358771
-2.034444
-2.034444
2.191046
0.152649
2.831890
-2.356194
2.142134
-0.524796
2.034444
-1.390943
1.262744
-0.688924
-3.006065
2.936197
-2.418613
-1.880499
-2.944197
-0.669639
0.610726
-0.885067
-1.165905
-2.329174
0.308053
1.849096
-0.480887
-2.601173
1.037088
-2.147172
-1.499489
0.278300
2.727086
2.587285
1.570796
-0.394791
-2.984991
1.951303
-0.625485
0.726642
-1.093451
-1.892547
0.000000
-0.902507
0.295441
-2.714965
-1.612439
-1.315614
2.111216
1.499489
2.137526
2.677945
2.329174
2.414950
2.147172
-2.452668
2.782822
-0.708626
-1.152572
-0.380506
1.203622
-3.104573
-0.148890
1.089909
-1.272297
-3.099950
-2.356194
-2.488746
2.572279
-2.868584
-0.158655
1.480136
-0.970746
0.188222
1.107149
-0.244979
0.502843
-1.989021
0.970746
3.141593
0.756835
1.706324
2.659079
-1.951303
-3.096169
-1.633215
-1.385448
2.660705
2.601173
1.685673
-0.954499
-3.030935
-2.259721
-0.610726
1.107149
-0.090660
3.099950
-2.425849
-2.638749
-1.088283
2.085248
-1.929567
0.179853
-1.130954
2.053310
-2.104505
-0.566729
2.245537
-0.576375
-0.674741
-0.305879
-2.565217
-2.089942
1.510264
0.632749
-1.699120
-0.086738
-1.876675
3.096169
1.396124
1.975688
-2.158799
-2.578276
1.923787
1.866237
-0.870903
2.976444
-1.806341
0.876058
0.090660
-0.566729
-1.382575
0.094952
-1.841743
2.530867
2.077895
-2.356194
0.546789
2.459276
0.588003
-0.694738
-0.493941
-2.498092
-1.612439
2.000559
-2.863293
-2.796037
-0.519146
2.279423
-2.306236
-1.418147
-0.266252
1.529154
1.837048
-1.609239
2.466852
-1.428899
-0.785398
-1.335251
-1.267911
0.756835
-0.235545
-0.699893
-2.695487
-0.554307
1.919567
1.107149
-1.141034
-1.343997
1.828120
0.600050
1.815775
0.960070
2.273053
-2.777614
2.015216
1.128422
0.844154
-0.563316
-1.337053
2.553590
-2.553590
-1.487655
2.422763
-0.255182
-0.950547
2.761086
-0.066568
-1.412141
-0.129703
-0.244979
-1.892547
1.451367
0.996491
2.284887
-2.270689
-0.291457
2.553590
-2.259721
-0.588003
-0.785398
2.541542
2.214297
-2.850136
-1.717875
0.397079
-1.126377
-2.659079
-0.507099
2.806856
1.398606
0.694738
-1.199905
2.053310
2.753274
1.700499
-1.866237
-1.333948
1.700499
-2.384758
1.969319
-0.426627
-0.463648
1.382575
-2.060754
1.975688
-0.343024
0.881872
0.607802
-3.105894
-0.321751
1.428899
0.255182
-0.165149
-2.863293
-2.490516
2.070143
1.690225
0.512389
1.815775
-0.257324
-2.736701
-0.197396
1.759018
2.070143
-1.815775
-1.616220
2.984991
-2.231839
3.030935
-0.999459
-2.969402
-3.070285
-0.463648
