2.992703
-2.356194
-2.886410
-0.099669
1.089909
0.141897
-0.992894
0.699893
-0.188222
0.129703
-2.158799
-0.563316
-2.205823
-1.004067
1.190290
2.356194
-2.918116
2.205823
2.498092
-1.750650
-1.249046
2.261243
1.272297
2.111216
-2.148698
-0.372988
0.785398
-2.379446
1.760785
-0.625485
2.761086
-2.414950
0.844154
0.211093
0.086738
2.191046
-0.045423
2.461071
-0.856706
0.410127
-0.817645
1.494024
-0.566729
-0.367174
1.673878
2.148698
3.099950
-2.477546
-1.862253
-1.892547
-1.570796
-2.158799
-1.933341
0.714091
2.937575
3.141593
-1.523213
-1.570796
-2.125104
-0.363979
-2.936197
0.688924
-1.126377
0.439843
-1.869295
2.050316
-2.563691
1.455920
-2.714965
-1.913820
-3.099950
-1.076855
-0.598419
1.712693
-0.273009
2.169215
0.141897
0.000000
0.047583
2.654693
-2.034444
2.779048
-0.885067
-2.089942
0.000000
-0.104877
-0.211093
1.989021
-2.741352
-1.343997
-2.119346
1.365401
3.141593
0.482513
0.528074
0.039979
-0.890275
0.321751
-2.181522
-2.034444
2.013171
0.099669
1.854590
0.758378
0.398522
2.199593
-1.123276
2.786887
-2.140110
1.292497
0.482513
-3.070285
-1.862253
1.172274
-1.039072
-1.176005
-0.661043
1.067953
0.753151
-0.722979
1.394087
2.480549
2.466852
-1.570796
2.015216
-2.137526
-1.024007
-2.158799
0.962994
3.022164
2.521343
-0.426627
0.170735
-0.996491
-0.321751
3.107124
-2.988943
3.141593
1.128422
-2.325901
3.141593
-3.072736
1.768192
-2.880990
1.653938
-2.950408
-2.019520
0.657889
2.843094
-0.996491
1.681454
-1.313473
-0.214061
2.199593
-0.785398
-2.480549
-1.156289
1.124691
2.178598
2.019520
1.307802
0.844154
-1.183921
-1.975688
-2.846152
-0.334737
2.003204
-0.614663
-0.661043
-2.098871
1.083897
1.881795
-1.317122
2.388441
-2.214297
-0.718830
-0.278300
0.602287
0.000000
-2.147172
0.847817
1.022247
-1.325818
-1.304544
1.784857
-1.107149
-2.034444
1.527345
0.901157
-2.786887
-2.034444
-0.844154
-1.156289
-1.937970
2.642246
-2.659079
0.636508
3.141593
0.598419
2.914794
-0.817645
2.085248
2.541542
-1.933341
-2.191046
0.661043
1.854590
-0.183111
-2.116451
-2.483704
0.398522
-0.588003
0.748378
-0.129703
-2.714965
1.227772
-2.649783
-2.148698
-0.835357
-0.576375
-1.997424
0.049958
-2.853537
2.782822
-1.695151
-2.645170
2.601173
0.704494
-1.030377
0.041643
-2.808348
-2.380580
1.653938
-1.418147
2.451146
-2.937575
-0.577902
-1.774814
-2.754717
-0.129703
-2.937575
-0.418224
-1.056345
-2.356194
2.961739
-2.512796
-2.228685
0.636508
-0.643501
2.746802
0.855053
2.530867
-0.493941
-0.688924
-1.122073
1.570796
2.907849
-2.645170
3.070285
-1.869295
2.886410
-2.754717
-0.189988
0.321751
-2.786887
0.890275
-2.356194
-2.085248
1.837048
-0.308053
1.412141
-2.111216
-0.038443
-2.872425
-0.992894
2.461071
-2.265535
-0.310998
1.677532
-0.688924
-2.677945
2.490516
0.881872
1.007480
2.753274
-0.994421
-0.680521
1.618379
2.863293
-0.321751
-0.607802
0.038443
-1.537475
0.094952
0.576375
0.708626
-2.356194
1.975688
1.071450
-2.831890
1.051650
0.528074
-2.331809
1.854590
-0.956133
-0.104877
-0.577902
-1.570796
-0.540420
2.662073
-2.104505
-3.107124
0.039979
2.741352
-0.718830
-3.004526
2.922924
-1.570796
-1.880499
2.634494
-0.129703
0.514451
-0.809784
-2.451146
2.886410
0.152649
2.976444
1.156289
2.819842
1.128422
0.482513
1.843805
-0.847817
-0.038443
2.754717
2.896614
0.896055
1.460139
2.275290
0.321751
1.712693
0.785398
-1.107149
0.244979
-1.197809
-2.145101
-0.493941
-0.090660
2.498092
-2.777614
-2.049149
-2.498092
-1.455920
-0.729900
0.442374
-1.225241
2.034444
1.071450
-2.936197
-2.512796
-1.380808
0.954499
3.141593
-2.607884
-1.862253
1.047518
-1.854590
0.000000
-1.076855
-2.104505
-0.363979
3.034857
-2.753274
0.432408
0.563316
-0.722979
-2.753274
-2.488746
-0.463648
-2.300696
1.854590
0.363979
-0.945311
2.601173
2.660705
-1.774814
1.128422
1.604117
1.494024
-3.061763
-0.183111
-2.279423
3.046641
1.532354
-3.108272
1.980924
2.205823
3.046641
2.147172
-0.722979
1.815775
2.095592
1.892547
2.077895
-0.600050
-0.037020
1.804540
-1.464061
-1.394087
2.697173
-2.927532
0.226799
0.858439
-0.266252
3.108272
-0.374334
1.609239
1.525373
-1.741532
0.295441
-0.906750
-2.530867
-0.176709
0.935770
-3.030935
0.732815
-2.432966
-0.223477
2.380580
-0.837981
2.951604
2.073640
1.957672
2.231839
-0.374334
-0.502843
0.197396
-0.851966
1.644735
-2.533791
2.016902
1.128422
-1.373401
-2.461071
-1.700499
0.945311
1.225241
2.930499
-2.936197
-2.332943
1.905533
-2.446854
-0.223477
0.432408
0.759763
0.704494
-1.892547
-2.231839
-0.688924
-0.840897
0.043451
-1.083897
-1.428899
-0.809784
0.094952
-0.982794
1.527345
0.000000
-2.695487
-2.498092
-1.037088
-2.964884
2.649783
0.086738
2.741352
-1.352127
1.717875
-2.408778
-3.108272
1.494024
-0.935770
1.365401
-1.325818
2.265535
-0.363979
0.785398
0.333244
2.951604
-1.042722
3.061763
2.565217
-0.103082
-2.896614
-2.768605
-2.018316
-1.359703
-2.950408
2.723368
0.735440
-1.030377
-2.429235
2.887919
-2.455863
-2.999696
-1.030377
-1.107149
-0.956133
1.156289
2.819842
1.849096
-0.172191
1.275355
3.141593
1.530818
2.306236
-2.944197
2.498092
-2.912361
-0.699893
-1.304544
-0.759763
-1.076855
2.196281
-2.761086
-1.719686
-0.129703
3.030935
1.934775
-2.408778
2.906048
0.811034
-0.354706
2.356194
1.343997
-0.847817
2.506566
-2.736701
-2.806856
-2.077895
-1.831399
-2.169215
-0.090660
0.785398
1.665748
1.609239
2.034444
2.677945
1.435269
-2.798569
-2.089942
-0.668289
-2.677945
0.358771
1.107149
0.141897
2.083186
0.444419
-0.442374
-1.042722
-1.074374
1.182478
1.963136
-2.709185
-1.107149
-1.647568
1.904041
-0.837981
2.736701
-1.418147
1.107149
-1.735945
-1.373401
-1.496857
-1.107149
-0.295441
-0.588003
2.498092
2.207305
0.244979
-2.843094
3.141593
1.980924
-1.275355
3.067654
-1.347320
-1.071450
-2.057696
2.095592
2.034444
2.631104
0.493941
3.103150
-0.354706
2.853537
0.548549
-2.051684
0.266252
-2.543174
2.622447
1.969319
0.129703
-2.922924
-2.196281
0.345556
-1.030377
-1.190290
0.616297
2.016902
2.887919
-0.039979
0.996491
-1.086318
1.993650
-1.176005
-2.270689
-2.228685
-1.390943
-1.677532
0.753151
0.058756
0.422854
2.843094
-2.441700
0.982794
2.214297
-2.332943
1.965587
1.866237
0.278300
1.993650
1.965587
2.886410
-1.304544
-0.447520
-1.925502
1.236059
1.076855
0.309703
1.957672
-0.104877
1.197809
-1.313473
-1.642104
3.006065
3.107124
1.661456
3.103150
-1.236059
-2.205823
0.444419
1.849096
0.602287
-1.088283
-2.709185
-1.657535
0.418224
-3.098142
-0.902507
-1.570796
1.892547
1.712693
-0.762147
-1.943784
1.824470
1.089909
2.408778
-3.009041
-0.253674
0.218669
0.813962
0.486899
0.571337
0.847817
-2.886410
-2.483704
-2.081285
-0.045423
2.677945
-0.188222
0.321751
-1.706324
1.465919
-2.872425
1.060308
3.022164
2.178598
0.404892
-0.124355
2.321725
-2.098871
