-1.837048
2.857799
2.491722
1.236059
0.463648
-1.833791
3.064821
-2.381830
0.390607
0.890275
-2.356194
2.886410
-2.477546
-1.343997
-0.083141
2.829551
-0.079830
2.761086
0.960070
-2.999696
-1.016489
-1.282741
0.815692
0.422854
-2.638749
0.785398
-1.806341
-3.101614
-2.808348
-2.098871
-3.109346
-1.570796
1.249046
1.373401
-1.484058
2.490516
0.047583
1.405648
-0.255182
0.890275
-2.327631
-0.844154
-0.442374
2.270689
-1.784857
2.214297
-2.441700
1.843805
-2.754717
1.160669
-2.512796
0.132552
-0.152649
-2.275290
-2.207305
-0.602287
0.283794
-1.965587
-1.644735
-3.054854
-2.768605
2.782822
1.446441
-0.785398
1.435269
-2.261243
-2.331809
-2.553590
2.418613
-1.681454
-0.135528
-3.110353
2.516108
-2.050316
1.047518
-2.645170
-2.563691
0.785398
-2.330559
-1.717875
0.763180
-2.129396
2.833540
0.266252
0.463648
-2.064738
-0.563316
0.124355
-2.741352
-1.880499
1.657535
0.482513
-1.262744
-2.677945
-2.441700
-1.916352
2.064738
-2.863293
-2.782822
-2.331809
-0.785398
2.094075
-1.681454
-2.406153
0.909753
-1.435269
-0.266252
0.563316
1.849096
1.380808
2.753274
1.490966
-2.049149
-2.231839
-1.825979
2.102520
-0.321751
-1.532354
2.572279
1.980924
1.650626
3.067654
-2.572279
0.942000
-0.785398
-2.727086
-1.126377
0.110657
-0.610726
2.677945
-1.807645
-0.896055
-1.905533
1.570796
-1.373401
2.178598
1.735945
-2.089942
1.279340
-0.607802
3.070285
-0.174672
-0.588003
3.105894
-2.214297
-2.544416
-0.189988
-2.930499
-1.030377
-2.111216
-2.191046
-0.372988
0.785398
0.295441
-0.735440
-0.756835
0.694738
0.295441
-2.521343
0.394791
0.950547
-2.356194
0.352990
2.158799
-2.401618
0.083141
2.117585
2.191046
-2.746802
-2.134113
-1.690225
1.804540
-0.934288
2.034444
2.714965
-1.405648
1.365401
-2.994514
-2.782822
-0.262995
0.041643
1.197809
1.642104
-1.405648
1.839964
1.356736
1.919567
0.334737
-1.753907
-1.024007
2.270689
-1.074374
2.792822
-1.212026
2.067219
0.577902
0.090660
0.273009
-2.896614
0.442374
-0.390607
-2.145101
-0.444419
2.969402
2.214297
-2.819842
-0.866302
-1.123276
-1.275355
1.854590
-2.378413
-1.325818
2.245537
-0.785398
2.582993
0.345556
1.016489
-1.742987
-1.183921
2.303611
-0.273009
1.997424
2.432966
-2.111216
1.695151
-0.244979
2.386488
2.808348
1.843805
1.768192
1.056345
-0.283794
1.609239
0.588003
-0.309703
2.205823
2.589938
1.533776
3.061763
2.516108
0.785398
0.124355
-0.358771
-1.206817
-0.715744
-0.463648
1.212026
2.015216
-1.046001
-0.915101
2.441700
2.000559
0.079830
-1.261093
-0.034469
1.421906
1.774814
-2.741352
-2.533791
0.605545
0.000000
1.657535
0.635027
0.661043
0.343024
2.085248
3.026716
1.307802
0.223477
-2.207305
-0.994421
-2.565217
0.876058
-0.625485
-0.418224
-1.529154
-0.785398
-0.110657
2.466852
-0.172191
3.098142
0.685730
-1.975688
-1.091277
1.074374
1.267911
1.880499
2.831890
2.587285
-2.574863
-1.089909
0.866302
2.840672
2.134113
-0.598419
2.455863
2.887919
-0.278300
0.726642
2.498092
2.427502
-0.533708
-0.426627
-2.875341
-2.332943
1.943784
1.951303
-2.455863
0.625485
-1.610775
-1.825979
0.616297
2.137526
-0.813962
-2.645170
-1.913820
2.081285
-2.432966
-2.988943
0.000000
0.902507
-1.880499
1.287002
-2.616797
2.944197
-0.737815
-0.110657
0.651077
2.064738
3.141593
1.446441
-1.249046
2.512796
-1.719686
2.245537
-2.936197
-2.067219
3.026716
1.141034
1.074374
-0.262995
-2.594804
-1.460139
-1.670465
-2.647651
0.158655
2.886410
0.414507
-1.612439
-2.631104
-0.463648
0.960070
2.384758
-0.086738
1.833791
1.262744
2.170847
-3.099950
-1.797595
-2.727086
-0.165149
1.878849
-3.034857
-1.677532
2.999696
1.892547
2.930499
2.265535
-0.183111
-2.642246
-0.880350
-1.176005
-1.051650
1.405648
1.012197
0.380506
-1.160669
-2.944197
2.329174
2.330559
-3.103150
2.951604
0.598419
2.490516
0.600050
2.327631
-1.570796
-0.321751
2.170847
1.046001
0.204018
-1.536327
-0.041643
-0.982794
0.321751
0.533708
-1.380808
-2.982937
1.176005
-2.329174
-2.178598
0.197396
-0.970746
-2.896614
1.222025
1.797595
-1.056345
0.484478
1.647568
2.384758
1.107149
-2.384758
1.249046
3.141593
-1.225241
1.807645
3.026716
2.167973
-2.953371
2.327631
-2.137526
-2.613518
0.815692
-0.950547
-1.837048
2.677945
-2.662073
1.067953
-0.309703
0.218669
0.367174
-1.455920
1.642104
0.566729
-1.604117
-0.197396
0.000000
0.214061
1.681454
-2.988943
2.356194
-2.406153
1.060308
-0.380506
-1.373401
-1.487655
2.214297
-2.129396
-2.327631
2.380580
3.141593
-0.785398
2.158799
-2.506566
2.483704
-1.535097
0.110657
-1.530818
-2.067219
2.543174
-1.905533
-1.494024
0.000000
-2.170847
-0.507099
1.343997
-1.937970
2.850136
-0.354706
-2.786887
2.887919
1.490966
-1.144169
-1.690225
3.103150
0.909753
3.091634
-0.840897
2.034444
2.868584
-1.405648
-2.761086
2.111216
1.862253
-0.398522
2.104505
0.902507
2.158799
2.251318
-1.451367
1.236059
0.690446
-1.533776
0.041643
-1.612439
-0.502843
0.358771
1.387686
2.853537
1.138389
-2.356194
-3.011890
2.356194
2.525296
-2.498092
-0.992894
2.104505
2.220667
-1.001483
-1.418147
1.398606
2.461071
0.348771
1.975688
1.997424
1.866237
1.776192
1.480136
1.644735
0.035699
-2.868584
-1.222025
-1.122073
0.815692
2.331809
-2.432966
-2.283154
-0.628796
-0.038443
-3.108272
-2.034444
2.181522
-2.887919
-2.148698
-0.726642
-1.037088
-1.499489
0.896055
2.777614
-1.570796
-2.718739
-1.086318
-1.088283
1.487655
1.016489
-1.398606
-1.866237
-1.490966
1.717875
2.089942
3.064821
-0.189988
0.972377
1.969319
-1.183921
-1.165905
-0.333244
0.233743
2.158799
-1.071450
2.914794
-2.512796
2.530867
0.262995
-2.245537
0.499347
-1.695151
3.070285
1.685673
0.576375
1.717875
-1.352127
2.976444
2.070143
-1.892547
-2.743070
1.441094
1.134169
0.685730
2.541542
2.034444
-0.183111
-3.038511
-2.563691
2.808348
2.403778
-2.819842
2.432966
2.073640
0.844154
1.197809
-2.798569
1.759018
-1.236059
-1.373401
-1.892547
-1.806341
-2.505084
0.211093
-2.239086
-2.727086
1.965587
-0.244979
-2.306236
2.214297
-2.969402
-0.152649
-2.896614
-1.496857
1.182478
2.308611
0.479519
-1.661456
1.387686
1.653938
3.104573
2.936197
-0.862170
-0.758378
-2.796037
3.017238
1.071450
0.571337
1.609239
2.662073
-2.408778
0.510488
-1.423718
-2.741352
0.110657
2.792822
1.685673
0.218669
1.880499
-0.844154
-2.270689
-0.260602
-2.694073
3.041924
0.205395
-2.137526
0.141897
-1.126377
1.768192
-0.321751
-0.935770
-3.054854
-0.651077
0.885067
0.244979
-0.972377
2.073640
-0.283794
0.372988
2.356194
0.682317
0.523278
1.325818
0.950547
2.016902
-1.768192
0.685730
2.303611
-0.333244
2.111216
-2.543174
2.969402
2.441700
1.183921
-2.167973
1.418147
0.704494
-0.447520
-0.033321
-0.598419
-2.541542
0.982794
1.854590
0.729900
-1.695151
-2.239086
-0.447520
-1.282741
-0.896055
2.767259
-2.279423
-2.521343
-2.129396
2.329174
2.853537
