2.631104
-1.190290
1.307802
0.235545
0.528074
0.694738
-8.518028
2.455863
-0.759763
0.253674
0.158655
-1.107149
-0.534955
1.400061
2.087491
-0.919720
-1.605265
1.533776
-0.333244
0.447520
1.183921
-1.236059
-2.129396
2.005467
-0.934288
-7.565926
-2.019520
2.595938
1.387686
-1.249046
3.077166
0.624023
-2.105751
-7.508426
-0.137066
-1.366778
1.881795
-1.945130
2.994514
-1.249046
-2.951604
-0.643501
-8.689338
2.256526
-0.569313
-1.196463
2.117585
1.074374
-0.300920
1.412141
1.831399
-0.345556
-8.836775
-8.819233
-9.103027
2.512796
-0.540420
-1.076855
1.570796
-1.196463
-9.248069
1.138389
2.863293
-0.273009
-8.766889
1.261093
0.756835
0.073939
-8.347923
2.798569
0.033321
-9.024537
-8.990108
-8.077458
1.609239
-0.244979
-8.228315
1.156289
-1.467715
2.148698
2.553590
0.832981
-8.977258
-0.444419
0.479519
-2.356194
0.321751
-9.155610
-9.050444
-1.387686
-7.360040
2.830594
-0.034469
2.050316
2.455863
1.925502
0.374334
2.937575
-1.824470
1.642104
-0.862170
1.644735
-2.207305
1.637364
2.896614
2.129396
-9.309901
3.105894
-0.386876
2.613518
0.726642
0.504166
-0.124355
-8.961130
-0.809784
-9.161783
0.211093
1.644735
2.003204
1.287002
1.317122
2.111216
2.051684
-0.534955
-2.137526
-1.637364
0.729900
-8.065075
-8.866179
0.189988
2.525296
3.045119
-8.490490
-1.012197
1.536327
2.356194
-1.124691
-7.706903
-9.037902
-8.663765
-7.853982
2.228685
-1.670465
-0.463648
-1.216091
1.237552
1.297788
-9.331301
-3.107124
2.461071
1.570796
-1.122073
0.759763
2.408778
2.976444
-1.004067
-3.104573
-8.889823
-7.887303
1.341564
1.951303
-0.214061
-0.737815
-0.141897
-1.800028
1.455920
0.278300
2.000559
-2.050316
-8.976055
-0.890275
-8.977258
1.609239
0.546789
1.380808
-1.063698
-1.160669
-1.433730
1.537475
-7.853982
1.501940
2.330559
-1.418147
-7.885221
2.755710
-2.228685
-2.830594
2.521343
0.110657
-8.332334
0.226799
2.544416
-0.298499
-0.033321
-8.497483
-0.674741
0.000000
1.916352
-8.478005
-0.236849
1.723446
-0.785398
0.358771
0.906750
2.618314
0.176709
-9.091534
-1.297788
-9.113780
-0.962994
-0.103082
-8.544428
2.111216
0.657889
-8.836775
-8.441984
0.837981
-2.483704
-1.227772
-1.176005
-7.295382
-7.947458
2.779048
2.663240
-0.400241
-9.220760
-0.624023
-8.873123
-9.264865
-9.006554
0.309703
1.673878
-1.806341
-1.916352
2.330559
0.165149
-9.044272
-9.146478
-0.321751
-0.708626
0.321751
2.694073
-8.730040
0.870903
-0.033321
1.042722
2.572279
2.607884
2.306236
-1.060308
3.141593
-9.024537
2.178598
-8.689338
-2.381830
2.297439
-0.432408
-2.958482
-0.354706
-8.377260
-0.954499
-0.447520
0.253674
-0.073939
2.228685
0.197396
2.308611
2.809533
1.951303
1.019141
2.111216
-9.091534
1.637364
-8.884358
-0.785398
-0.880350
1.412141
2.904744
3.177292
3.212900
-1.249046
1.677532
0.463648
3.004526
-8.846876
2.050316
-0.628796
-0.288055
0.885067
-9.062234
2.148698
-2.286540
-0.891383
1.301629
1.642104
-1.335251
-0.528074
-8.928355
-0.496423
-8.992370
-9.057604
-9.057604
-2.944197
-0.321751
1.423718
1.494024
2.034444
0.432408
2.356194
1.707863
2.988943
0.218669
0.625485
1.352127
-1.501940
-1.989021
3.105894
-0.269167
-0.392340
-8.234488
0.664046
-8.566339
-0.991722
1.815775
-8.827601
-1.849096
-8.781277
0.343024
-1.535097
2.663240
1.776192
0.577902
0.785398
-1.768192
-8.750037
0.076772
-1.925502
2.958482
0.421419
-0.880350
0.704494
-0.597177
-7.747246
0.493941
-1.504228
2.408778
1.717875
2.767259
1.570796
-9.197979
-0.811034
-1.570796
-0.189988
-8.518028
-0.616297
-0.463648
0.965252
2.466852
0.110657
-1.570796
-0.176709
-8.639380
-0.404892
-1.325818
-1.980924
-0.960070
3.075024
2.887919
-3.141593
0.510488
2.574863
0.189988
-0.211093
1.047518
-1.723446
-0.732815
-9.146478
2.356194
1.937970
1.869295
-2.970857
1.315614
2.830594
0.079830
1.012197
-1.442473
6.085790
1.019141
-0.429762
-1.815775
2.429235
1.530818
-8.914290
1.570796
1.768192
0.680521
1.160669
-0.124355
-3.070285
-1.570796
2.490516
2.140110
2.553590
2.512796
-8.760732
-0.262995
2.958482
-1.717875
-1.141034
3.110353
-7.888451
2.853537
-0.942000
-7.237685
0.333244
2.786887
-0.870903
1.971037
2.694073
0.000000
1.394087
-8.187226
3.026716
-0.410127
-8.917679
-0.597177
-0.851966
1.423718
2.889038
-1.237552
0.566729
-1.537475
-0.835357
2.677945
-8.691963
-7.688833
-9.150611
1.776192
0.463648
-3.067654
-0.205395
-1.107149
0.404892
-1.839964
-0.273009
2.234842
2.833540
-1.535097
1.249046
-1.004067
-8.142037
2.251318
-0.690446
2.574863
-1.925502
2.606638
0.367174
-0.404892
-1.056345
0.114877
0.394791
-1.343997
-1.208252
0.862170
-8.961130
-1.605265
-2.887919
-7.754313
0.394791
-1.394087
2.005467
1.925502
-1.267911
2.207305
-2.050316
-0.620249
-2.489724
-3.064821
-0.183111
1.957672
2.122451
1.642104
2.356194
1.729452
-0.528074
0.147078
3.244674
3.041924
-0.448723
0.345556
2.880990
-1.768192
1.412141
-1.091277
-0.737815
2.808348
2.694073
2.221873
1.261093
-0.920926
-0.540420
1.530818
-2.553590
-1.494024
-8.562608
2.887919
1.789465
0.927295
1.570796
-9.325109
1.464061
-8.511870
2.930499
-0.785398
0.165149
-8.836775
-1.854590
-9.057604
-0.973620
-1.216091
-9.057604
-1.902856
-0.643501
-1.138389
2.356194
0.170735
1.025141
1.695151
-2.000559
2.626044
-1.001483
1.605265
-0.103082
2.220667
1.499489
2.000559
-2.896614
1.123276
1.723446
-8.412581
1.768192
2.019520
-0.624023
-9.070072
1.670465
-1.681454
2.505084
-1.800028
1.644735
2.016902
1.892547
2.016902
1.945130
-0.447520
-3.070285
-9.113780
2.051684
2.251318
-9.248069
0.588003
0.035699
-1.607816
-0.885067
-1.849096
2.746802
0.954499
-8.788270
0.000000
1.297788
-0.129703
-0.685730
-9.050444
1.892547
1.170556
-1.091277
3.038511
-1.333948
1.499489
-9.070072
-1.570796
1.261093
-1.815775
1.088283
-2.169215
0.071307
-1.460139
-8.930837
-1.741532
-1.019141
-0.759763
-2.239086
1.225241
-8.730040
1.532354
2.018316
0.309703
0.588003
1.152572
-0.321751
1.343997
1.945130
-0.554307
3.022164
-0.880350
-0.099669
-2.786887
-0.954499
0.386876
0.690446
2.976444
-8.750037
-8.208687
-0.540420
-0.927295
0.235545
-0.321751
-8.345791
-9.155610
1.570796
1.496857
-1.768192
-2.607884
-2.483704
-8.667943
-7.617133
-0.418224
-9.024537
-1.325818
-8.774908
-0.598419
-8.750037
-8.917679
-2.166995
-0.034469
-8.364470
2.451146
2.937575
0.885067
-0.762147
2.207305
-0.309703
-1.527345
-1.753907
2.692869
-1.030377
2.999696
1.824470
-3.104573
0.785398
1.637364
2.880990
1.605265
-7.787413
-9.003359
2.819842
0.934288
-0.712358
1.373401
-2.329174
-1.282741
-8.804528
0.197396
-1.892547
2.958482
1.074374
0.785398
2.796037
-0.835357
1.307802
2.937575
-0.901157
0.000000
2.265535
-8.739048
3.034857
-0.758378
-2.819842
0.973620
2.425849
0.099669
1.916352
1.042722
-8.345791
-0.558599
1.307802
-0.298499
-1.227772
0.712358
2.563691
1.126377
