3.141593
-2.181522
-2.609869
-0.104877
1.051650
0.363979
-1.107149
0.674741
-0.049958
0.512389
-2.223643
-0.336675
-2.055274
-1.030377
1.325818
2.657115
-2.804918
2.498092
2.677945
-1.712693
-1.130954
2.297439
1.570796
2.185459
-2.279423
-0.124355
0.665969
-2.181522
1.892547
-0.390607
2.976444
-2.199593
1.012197
0.380506
0.000000
2.214297
0.000000
2.622447
-0.635027
0.588003
-0.745419
1.750650
-0.218669
-0.321751
1.661456
2.214297
9.379355
-2.466852
-1.653938
-1.570796
-1.620755
-1.997424
-1.837048
0.881872
3.360262
-2.944197
-1.325818
-1.520838
-1.989021
-0.049958
-2.654693
0.785398
-0.945311
0.600050
-1.951303
2.214297
-2.356194
1.570796
-2.654693
-1.919567
-2.835714
-0.927295
-0.558599
1.941688
-0.291457
2.356194
0.380506
0.244979
0.286051
2.804918
-1.961403
2.792822
-0.785398
-2.095592
0.000000
0.000000
0.090660
2.259721
-2.466852
-1.051650
-2.057696
1.570796
3.298195
0.463648
0.540420
0.049958
-0.708626
0.266252
-2.055274
-2.077895
2.191046
0.099669
1.828120
1.063698
0.370891
2.582993
-0.851966
2.677945
-2.297439
1.460139
0.655696
-2.850136
-2.034444
1.523213
-0.868539
-1.681454
-0.305879
1.152572
0.851966
-0.418224
1.480136
2.616797
2.629203
-1.768192
2.316216
-1.892547
-1.012197
-1.876675
1.063698
9.334118
2.273053
-0.244979
0.000000
-0.718830
0.000000
3.141593
-2.746802
-2.907849
1.414194
-2.223643
-2.961739
3.338988
1.951303
-2.819842
1.768192
-2.819842
-2.034444
0.643501
9.227382
-1.279340
1.670465
-1.172274
0.000000
2.530867
-0.418224
-2.356194
-1.152572
1.152572
2.634494
2.231839
1.428899
1.012197
-0.950547
-1.854590
-2.819842
-0.244979
2.289626
-0.370891
-0.524796
-1.951303
1.264917
2.034444
-1.190290
2.567288
-2.119346
-0.632749
-0.165149
0.825377
0.165149
-1.910089
0.896055
1.190290
-1.570796
-1.231504
1.892547
-1.046001
-2.034444
1.629552
0.950547
-2.480549
-1.969319
-0.785398
-1.212026
-1.661456
2.788602
-2.427502
0.785398
-2.976444
0.643501
9.103027
-0.694738
2.214297
2.804918
-1.989021
-2.095592
0.927295
1.768192
0.179853
-1.997424
-2.422763
0.588003
-0.718830
0.785398
-0.124355
-2.466852
1.373401
-2.601173
-2.034444
-0.927295
-0.412410
-1.856848
0.049958
-2.714965
2.835714
-1.525373
-2.553590
3.141593
1.030377
-0.960070
0.156602
-2.677945
-2.231839
1.745469
-1.234122
2.601173
-2.774419
-0.643501
-1.570796
-2.843094
-0.049958
-2.761086
-0.321751
-0.927295
-2.245537
2.944197
-2.480549
-2.111216
0.862170
-0.507099
2.819842
1.152572
2.601173
-0.380506
-0.576375
-0.927295
1.670465
3.141593
-2.792822
-3.050933
-1.750650
9.307669
-2.677945
0.000000
0.463648
-2.746802
0.927295
-2.422763
-2.055274
1.910089
-0.188222
1.471128
-2.134113
-0.110657
-2.601173
-1.249046
2.677945
-2.070143
-0.099669
1.681454
-0.574305
-2.422763
2.802300
1.231504
1.107149
2.770701
-1.030377
-0.718830
1.789465
9.259629
-0.165149
-0.558599
-0.090660
-1.570796
0.218669
0.643501
1.051650
-2.393215
2.185459
1.212026
-2.677945
1.130954
0.463648
-2.297439
2.102520
-0.813962
0.119429
-0.519146
-1.657535
-0.588003
2.819842
-1.993650
3.352686
0.156602
2.850136
-0.748378
-2.746802
3.141593
-1.471128
-1.750650
2.701750
0.231091
0.463648
-0.643501
-2.231839
2.896614
0.507099
3.321446
1.279340
3.141593
1.199905
0.741947
1.768192
-0.708626
0.000000
2.761086
9.259629
1.063698
1.460139
2.356194
0.558599
1.989021
1.051650
-1.063698
0.090660
-1.180189
-2.007423
-0.463648
0.321751
2.582993
-2.677945
-2.414950
-2.297439
-1.222025
-0.661043
0.588003
-1.152572
2.319174
1.176005
-2.743070
-2.125104
-1.249046
1.279340
-3.017238
-2.388441
-1.892547
1.012197
-1.768192
0.000000
-0.844154
-2.095592
-0.052583
9.424778
-2.677945
0.348771
0.602287
-0.558599
-2.516108
-2.418613
-0.540420
-2.289626
1.951303
0.540420
-0.950547
2.530867
2.677945
-1.670465
1.299849
1.670465
1.570796
-2.934096
0.000000
-2.181522
-3.058451
1.661456
3.141593
2.196281
2.567288
3.187016
2.119346
-0.643501
1.841743
2.203545
2.185459
2.223643
-0.291457
-0.099669
1.951303
-1.735945
-1.279340
2.934096
-2.723368
0.321751
0.661043
-0.165149
9.669757
-0.226799
1.951303
1.471128
-1.647568
0.412410
-1.152572
-2.289626
0.165149
1.190290
-2.677945
0.909753
-2.480549
-0.179853
2.480549
-0.927295
3.141593
2.356194
2.214297
2.541542
-0.380506
-0.512389
0.124355
-0.682317
1.892547
-2.601173
2.422763
1.107149
-1.373401
-2.289626
-1.629552
1.231504
0.982794
2.819842
-2.819842
-2.231839
2.034444
-2.526930
-0.110657
0.358771
0.708626
0.915101
-1.712693
-2.034444
-0.486899
-0.851966
0.179853
-0.982794
-1.373401
-0.718830
0.231091
-0.785398
1.815775
0.000000
-2.565217
-2.422763
-0.862170
-2.875341
3.041924
0.339293
2.875341
-1.279340
1.768192
-2.289626
-3.141593
1.661456
-0.896055
1.570796
-0.785398
2.284887
-0.129703
0.822418
0.321751
3.064821
-1.012197
9.369279
2.819842
0.000000
-2.850136
-2.677945
-1.951303
-1.487655
-3.050933
2.875341
0.927295
-0.817645
-2.601173
-3.232253
-2.214297
-2.601173
-0.785398
-0.982794
-0.682317
1.352127
3.041924
1.934775
0.000000
1.570796
-2.930499
1.756144
2.521343
-2.819842
2.714965
-2.642246
-0.718830
-1.284745
-0.708626
-0.909753
2.539305
-2.657115
-1.618379
-0.055499
3.050933
2.007423
-2.356194
9.379355
0.785398
-0.197396
2.432966
1.279340
-0.942000
2.654693
-2.642246
-2.654693
-2.173084
-1.797595
-2.185459
0.000000
0.862170
1.750650
1.661456
1.989021
2.761086
1.475845
-2.530867
-1.727398
-0.620249
-2.498092
0.218669
1.051650
0.540420
2.565217
0.531724
-0.291457
-0.822418
-1.063698
1.249046
2.289626
-2.709185
-1.107149
-1.750650
2.003204
-0.674741
2.944197
-1.313473
1.515298
-1.623379
-1.264917
-1.373401
-0.982794
-0.110657
-0.486899
2.723368
2.289626
0.270947
-2.761086
3.407845
2.111216
-1.012197
-2.896614
-1.304544
-1.071450
-1.784857
2.196281
2.308611
2.875341
0.643501
9.424778
-0.588003
3.058451
0.602287
-1.923787
0.486899
-2.259721
2.850136
2.245537
0.442374
-2.714965
-1.969319
0.358771
-0.960070
-1.007480
0.610726
2.070143
2.961739
0.000000
1.012197
-0.968509
2.158799
-1.249046
-2.214297
-2.289626
-1.190290
-1.837048
0.982794
0.148890
0.519146
9.044272
-2.279423
1.217806
2.356194
-2.122451
1.789465
2.077895
0.412410
2.111216
2.231839
3.141593
-1.107149
-0.380506
-1.653938
1.520838
1.279340
0.418224
1.789465
0.257324
1.363300
-1.063698
-1.570796
9.477361
-2.988943
1.735945
-2.976444
-1.058407
-1.989021
0.558599
1.862253
1.007480
-1.039072
-2.714965
-1.570796
0.708626
-2.918116
-0.965252
-1.570796
1.989021
1.856848
-0.674741
-1.969319
2.129396
1.471128
2.553590
-3.050933
-0.099669
0.507099
0.927295
0.531724
0.661043
0.982794
-2.567288
-2.714965
-2.034444
-0.099669
2.850136
-0.049958
0.463648
-1.719686
1.706324
-2.850136
1.190290
3.187016
2.582993
0.463648
-0.218669
2.390664
-1.862253
