1.894147
-2.114371
0.041409
2.098579
-2.230643
-0.359424
0.766061
1.927905
-2.500742
-2.194828
-0.309000
-0.028685
-0.374909
-0.207531
-0.111187
-0.435150
-0.075815
-0.179134
-2.331524
-1.144685
-0.191029
-0.137176
-2.354763
-2.239398
-0.418208
0.025504
1.844207
0.705164
-0.296190
2.074595
1.783039
-0.305120
-0.085524
-2.235960
-0.147949
-0.079884
-0.152221
-0.262863
-0.067374
-2.258847
-0.394962
-0.150135
-0.156257
-0.132685
-0.379162
-0.121931
-0.525322
-0.162918
1.847625
-2.244946
-0.385227
-2.661964
0.037639
-0.297954
-2.395028
-2.485810
-2.365624
-0.274067
-0.127097
-1.107244
-0.362696
-0.076100
-0.241613
0.015604
-0.210305
1.978952
2.073615
-0.360104
0.040241
1.988658
-2.436098
-0.440410
-0.132388
-0.306842
2.076310
-0.329127
-0.373234
-2.319561
-2.423124
1.994007
-0.180770
-0.411735
0.717122
0.006263
-0.050428
-0.399466
-2.394271
-0.019531
-0.378664
1.898054
-2.219060
-2.429778
-0.105987
-0.381825
-0.376284
-0.312801
-0.076082
-0.367358
-0.451643
-0.251803
-0.252030
-0.096407
-0.540806
-0.382923
-0.200593
-0.231134
-0.108389
-2.277828
-0.036526
0.104715
-0.078393
-0.095989
-0.406265
1.847048
1.927782
-0.132424
-0.040657
-0.139234
-0.149292
-0.181940
-0.075327
-0.353428
-0.324603
-2.280492
-0.286841
-0.441225
-0.200066
2.063788
-2.380063
-0.072942
1.978354
-0.059281
1.901995
-0.202786
-0.077386
-0.063494
-2.376480
1.917631
-0.143957
-0.158263
0.809678
-0.274319
-0.025738
-0.489184
-0.333564
-0.333663
-0.039398
-0.430945
-0.231328
1.979358
1.994596
-0.082731
-2.272083
-2.361804
-0.013321
-2.405356
-0.246929
-0.094482
-0.401178
0.029761
-2.269671
1.882892
-0.026092
-0.135186
1.925448
-0.112872
-0.098971
-0.174059
-0.477011
1.825201
1.968111
-0.198512
1.969440
-0.142602
0.009207
-0.152529
-2.348196
-0.399472
-0.411738
2.011223
-0.017261
2.082992
-0.160328
-0.161058
-0.190197
-0.203559
-0.065624
-2.276266
2.036952
-0.156110
-0.021285
-0.220980
0.000223
-0.076633
-0.067263
-2.162224
-0.056897
-0.001101
-0.498807
-0.002466
-0.080654
-0.272907
-0.095002
-1.352487
-0.228487
-0.363579
-0.130220
-0.192683
-0.188254
-2.120555
2.121747
-0.259435
-0.160214
-0.059596
0.005485
-0.082989
-0.277408
-2.485982
-0.284670
-0.125938
0.010291
-0.098235
-0.170384
-0.236462
-0.184559
-2.302539
-0.119928
-1.262434
-0.060265
-2.328402
-2.163461
-2.372781
-0.228681
-0.059574
-0.258112
-0.137033
-0.247064
-0.150660
0.573398
-0.049527
-2.248166
-0.169685
-0.055873
-0.032090
-2.273449
1.928874
-0.205029
-0.240291
-0.087762
-0.235924
-0.055362
-0.185645
-0.017849
-0.123400
-0.079344
-0.242690
-2.108976
-0.287194
-0.269049
0.010954
-0.043379
-0.194573
-2.337366
-2.286432
0.047328
-0.052111
0.819017
-0.137326
-0.051392
-0.319825
-0.147145
-0.371587
-0.001272
-2.459650
-0.118493
2.087958
-0.131818
-2.390751
-0.006935
-0.018805
0.767696
-2.247783
1.860501
-0.008991
-2.262273
-2.355296
-0.241320
-0.099243
-0.050266
-0.376006
-0.054825
2.204581
0.864403
-0.129303
-0.145161
-2.244820
0.835721
-2.435275
-2.234009
-0.111752
-0.116794
-2.515870
2.142910
-0.487331
-0.315194
-0.209281
-0.146477
-0.371414
-2.391195
-0.211128
1.929692
-2.393063
-0.170921
-0.093022
-0.378727
1.916826
-0.275924
-0.304423
-0.306756
-0.003305
-2.355249
-0.315955
-0.209489
-0.378531
-2.203287
-2.251358
-0.095470
-2.181851
-0.166409
0.834348
-0.121068
-0.075292
-0.018967
-2.424014
2.207398
-0.515082
-0.308440
0.745248
-2.280531
0.081554
-0.093087
-0.400808
-0.082102
-0.521354
-0.286711
0.030603
0.018564
-0.159786
1.992749
1.992210
-0.144065
-2.234356
-0.067427
-0.136906
-0.123384
-2.307781
-0.115191
-1.437980
-0.206848
-0.378893
-0.176574
0.005093
-2.731519
-0.102529
-0.345354
-0.188373
-0.449521
-0.058206
-0.064840
-0.476893
-0.079451
-0.216906
-0.002977
-2.218504
2.076216
-0.067276
-0.030573
-2.549740
-0.103817
-0.136911
-0.545112
-0.012278
-2.258950
-0.085181
-2.228643
-0.090984
-0.171299
-0.121577
-0.114691
-0.029290
-0.110600
2.091251
-2.292121
-0.222377
-2.358106
-2.389841
-0.116472
-2.527750
-2.238240
-0.350853
1.914303
-2.405298
-0.402550
-0.461608
-0.145667
-0.231863
-0.263761
-0.028193
-0.092285
-0.114898
-2.220025
-0.331700
-2.228102
-0.457703
-0.061502
-0.054008
-1.368329
-0.060042
-0.368200
-0.058215
-0.313033
-0.344156
-2.267496
-0.088246
-0.315046
-0.006971
-0.467366
-0.173588
-2.337090
-0.106730
2.022489
2.078849
-0.172025
-2.238595
-0.179810
-0.145470
-0.125634
-2.244313
-2.238569
-0.403714
-0.163943
1.800040
-2.180510
-0.358839
-0.077687
-0.138227
-0.125304
-0.361985
-0.283176
-0.228038
-0.436490
-0.181743
-0.157103
-0.391702
-0.079445
1.967246
-0.034045
-0.239092
-0.198280
-0.073330
1.999779
-0.201335
0.001329
-0.377961
-0.251288
-2.168752
-2.401907
0.717863
-2.376621
-0.393155
-0.023432
-0.152376
-0.109977
-0.352635
-2.419847
-2.556446
-0.295632
-0.155123
-0.095310
-0.064542
-0.165348
-0.325863
0.055753
-0.174244
-0.118500
-0.094960
-0.123231
-0.152515
-0.083797
-0.217355
-0.221706
-2.369428
1.941043
-0.074310
-0.154479
-2.278132
0.018024
-2.191831
0.826737
-0.219543
-2.497979
-0.329691
-0.066922
-0.038527
-0.441183
-0.053457
-0.077879
-0.089099
-0.224762
-0.196814
-0.180577
-0.164018
-0.013138
-0.169143
-0.112071
-0.147699
-0.046880
-2.117672
-0.119920
-0.082928
-0.412326
-0.207269
-0.121789
-2.270159
-0.174524
-0.289631
-0.404479
-0.030673
2.036128
-0.383678
-2.501132
-0.074314
-0.407841
-0.226118
-0.138776
-0.161815
1.860446
-2.201972
-0.221421
1.912942
-0.440000
-0.130497
-0.090145
-0.255429
-2.198421
-0.079407
1.975830
-0.120348
-0.180229
-0.055416
-0.427468
-0.069185
-2.220337
-0.169868
-0.102410
-0.125607
0.029359
-0.058993
-0.143883
-0.123655
-1.361592
-0.458720
-1.262732
0.089696
-0.290329
-2.249377
1.883933
-0.415487
-0.130806
-2.464980
-2.151964
-0.049750
-1.320951
-0.028694
1.929046
-0.437573
-2.160061
-0.312705
-2.271445
-0.088354
-2.229627
-0.154493
-2.476041
-0.432372
0.692254
-0.076148
-2.487947
-0.128902
-0.226179
-0.295549
-2.228349
-0.290647
-0.300782
-0.158869
-0.161328
-0.255841
-0.192542
-0.354303
-0.252697
1.834494
-0.387171
-0.052297
-0.119667
-0.373754
-0.138085
-0.371621
0.051242
-0.434203
-0.133987
-0.140980
-0.069293
0.085709
1.991021
-2.171338
-2.109071
-0.299299
0.001298
-2.288825
-0.002969
-2.491599
0.636659
-2.190043
-0.096176
-0.137263
-2.026630
-0.348682
-0.019569
1.996205
-0.353624
0.078208
-0.053405
-0.144499
0.001391
-0.150113
0.000732
-0.394027
-0.443292
-0.301411
-0.438761
-0.128337
1.937858
0.017659
-0.184848
-0.111645
-0.094287
-0.150773
-2.557167
-2.365588
-2.184126
0.004997
-0.130772
-0.174094
-0.205883
-2.408406
-0.160439
-2.111599
-2.333661
-0.236277
-2.344639
-0.166632
-0.213746
-2.296470
-0.160936
-0.085130
-0.226327
-0.321412
-2.086075
-0.091518
0.141074
-0.247882
-2.241393
0.126757
-0.152477
0.068013
-0.102631
-0.350272
-2.261271
-0.158317
-2.314165
1.908699
-0.321724
0.027135
-0.090997
-0.063364
-1.380138
-0.346208
-0.338033
-0.419892
-0.102376
0.030941
