-0.206129
-2.153443
-0.213774
-0.158083
-0.406920
-0.210543
1.997026
-0.130249
-2.515857
-0.374884
-0.110609
-0.223934
-0.493607
1.830725
-0.097230
-0.024459
-2.312503
-0.431446
-0.143461
-2.233940
-2.172716
-0.131549
-0.222092
-0.305768
1.867789
-0.527792
-2.584716
-2.373222
-2.485536
-0.368895
-0.058189
-0.400554
-0.082815
-0.555569
-0.371236
-0.321353
-2.544326
-0.661557
-0.259709
-0.222201
-0.203726
-2.187845
-2.328842
-0.144827
-0.164940
-0.464229
-2.159531
-0.422218
-0.251391
-0.115647
-0.518401
-0.179247
2.020221
-0.139395
-0.118720
-0.263755
-2.222632
-0.148418
-0.196110
-0.384606
-2.515278
-2.309526
-0.056123
-0.356382
-0.437180
-0.429793
-2.432186
-0.221756
-0.017630
-0.324946
-0.303806
0.717842
-0.570923
-0.253481
-0.185424
-2.214855
1.949610
-0.170373
-0.167372
-0.554841
-2.489968
-0.184666
-0.196618
-0.140696
-0.099998
1.817896
-2.398227
-0.278564
-0.153650
-0.196008
-2.272481
1.929941
0.774838
-0.253348
-2.199861
-0.268478
-2.302479
-2.558321
-2.322318
-0.193875
-0.479699
-2.342762
-0.318219
-0.234138
-0.427678
1.839091
-0.080903
-2.310720
1.992350
-0.248192
-2.314148
-0.071057
-0.468035
-2.543660
-0.316770
0.047108
-0.512443
-0.331945
-0.195443
-0.138425
-2.508423
-0.587833
-2.283213
1.880810
-2.353748
-0.083647
-0.132947
-0.243790
-0.039693
-1.283394
1.907859
-0.250775
-0.095224
-0.271817
-0.237268
-0.463836
-2.299711
-2.512057
-0.217860
-0.112359
-2.576972
-0.296980
-0.270363
-0.324590
-0.275627
-0.229612
-2.325061
-0.362371
-0.528059
-0.433593
-2.496201
-0.128163
-0.316795
0.760755
-0.251977
-2.358921
0.695892
-2.245481
1.952093
-0.234207
-0.110045
-2.352996
-2.457654
-0.360159
-2.143206
-0.568057
-0.285587
-0.040925
-2.102269
-2.354842
-0.299791
-0.197103
-2.325570
-0.346077
-0.411872
-0.369013
-0.092391
-2.450658
-0.221342
1.923031
-2.293332
-0.137874
-0.342846
-0.092404
-0.107936
-0.196504
-0.157594
-2.492437
-0.216810
-0.135514
-0.049694
-0.413793
-0.453288
-1.349366
-2.214405
-0.318567
-0.271935
-0.365209
-2.240407
-0.436324
-2.572471
-2.392827
-2.358047
-0.641474
-0.251922
0.854859
-0.191687
-2.224619
-0.224597
-2.127016
-0.069149
-0.411317
-0.082324
-2.206853
-0.390402
-0.127259
-0.225356
0.004830
-2.363618
-2.248094
-0.503966
-0.181481
-2.147972
-0.114243
-0.421752
-0.295215
-2.444926
-0.331868
2.064546
-0.117058
-0.215484
0.075300
-0.246397
-0.038524
-0.084899
-2.354135
-0.446297
-2.229552
0.000195
-0.454864
-0.076827
-0.281783
-2.315722
-0.494602
-0.140422
-2.205819
-0.039311
-0.389366
-0.326697
-0.101866
0.627781
-0.502542
-2.244202
-0.418767
-0.228513
-2.308225
-0.126489
-0.296613
-2.201367
-2.331191
-0.128958
-0.269963
-0.374730
-2.459574
-0.116200
-0.433896
-0.191374
-0.203084
-0.245426
-0.459497
-2.192115
-0.231564
-2.541033
-0.341491
-0.187287
-0.112683
-0.350345
-0.200331
-0.166276
2.031214
-0.128698
-0.381525
-0.179697
2.000997
-2.325612
-0.064229
-0.036480
-2.571032
-1.475718
-0.219664
-0.124568
-0.397941
-0.114707
0.014680
0.050591
-0.040847
-0.097974
-0.216806
-0.157842
-0.060419
-0.381564
1.999281
-0.145588
-0.185539
-0.232318
-0.076640
-0.320474
-1.291820
-0.378085
-0.309465
-2.297010
1.745911
-2.122150
-0.180066
-2.223814
0.013206
-0.421270
-2.192793
-2.175530
2.016680
-2.265502
-2.126188
-0.490678
-2.369521
0.638293
-2.094396
-0.324092
-0.187724
-1.327522
-0.519300
-2.040684
2.028295
-0.170933
1.806691
-0.129004
-2.400957
-2.355392
-0.488932
-0.136687
-0.453736
-0.219545
-0.177235
-0.072514
1.826697
-0.079468
1.994101
-2.482972
-0.214328
-2.227677
-2.319921
1.883169
-0.085816
-2.153813
-0.108027
-0.303552
-2.392213
-0.456470
-0.253542
-0.212536
-0.324919
-0.158966
-0.232934
-2.560387
-0.318115
-0.352762
-0.087782
-0.480860
0.740851
-2.410122
-0.035644
-2.295943
-0.198403
-0.015444
-0.272452
-0.063652
-2.427034
-0.182455
-0.442361
-0.327404
0.724579
-0.132742
-0.501336
-0.200244
-0.147836
-0.218693
-2.206723
-0.555735
-0.479472
-0.465422
-2.565633
1.856371
-0.053320
-0.119274
-0.127752
-0.181704
-2.180398
-0.239477
-0.222637
-0.194413
-0.221176
-0.505260
-0.244991
2.047250
-0.036694
-2.388485
-0.199713
-0.563882
1.919213
-0.124950
-0.135288
-0.289453
-0.382778
-0.141239
0.077556
-2.333865
-0.178289
-0.153033
-0.435389
-0.113042
-2.154425
-0.072951
-0.459962
0.015054
2.040437
-0.175136
-0.341173
-2.454349
-0.151671
-2.499322
-0.248176
-0.115008
-0.201718
0.641939
-0.175218
-0.071818
-0.084198
-0.323602
0.019108
-2.369810
-0.263785
-0.107686
-0.085676
-2.313148
-0.054054
-0.383676
-0.075513
-0.280209
-2.409675
-0.458738
-0.519514
-0.081844
-0.197385
0.804660
-0.005477
-0.093944
-0.261718
-2.330435
-0.157563
-0.269779
-0.264386
-0.009607
-0.156953
-0.783919
-0.299245
-0.415701
-0.622817
-0.140981
-0.274364
-0.316080
-0.111634
-2.242899
1.848553
-0.180984
-0.025411
-0.138624
-0.204117
1.991393
-0.108882
-0.410290
-0.517397
-2.304682
-0.417573
-0.398185
-0.221787
-0.400265
-0.418491
-2.351340
-0.124213
2.024059
-2.374602
-0.241278
-0.557890
-2.380486
-0.085349
-0.061308
-0.358075
-1.358597
-0.046843
-0.281494
-0.266444
-2.415638
-0.160047
-0.202592
-0.096981
0.109093
-2.475387
-0.150707
-0.190136
-2.424989
-2.395443
-0.558270
-0.126971
-2.492363
-0.028217
-0.154347
-2.318748
-0.386046
0.817003
-0.274700
-0.034563
-0.165673
-2.239088
-2.524660
-2.538328
-2.640276
-0.197513
-0.314211
-0.436126
0.021454
-0.012071
-0.214758
-0.450555
-0.203039
-2.339020
-0.271433
-0.392145
-2.336869
-0.041429
1.862014
-2.400592
-0.289368
-0.199917
-2.319627
-2.291887
-0.393244
-0.487369
-2.255420
-0.319236
-2.335423
-0.231474
-0.208056
-0.262366
-0.159150
-0.076743
-2.303863
0.725646
-0.403639
1.883279
-0.173643
-2.153880
-2.219209
-0.020458
-0.273907
-0.357619
-2.227085
0.082804
-0.230379
-0.288486
-2.387048
-0.049880
-0.445400
-0.198686
-0.444964
-1.234316
-2.280575
1.886782
-2.298307
-2.368468
2.156714
-0.143249
-2.402956
-0.401200
-0.223593
-0.311276
-0.204172
-0.262076
-2.600504
-0.070470
-2.033617
-0.084688
-2.245863
-2.528764
-0.483368
1.923795
-0.108517
-2.133131
-0.379070
-2.168550
0.743744
-0.485627
-0.246818
-0.218947
-0.135814
-0.176993
-0.399909
-0.064217
-0.572307
-0.428573
-0.372869
-0.101979
0.031459
-0.003115
0.760371
-0.186253
0.059584
-0.191930
-0.302078
-0.125963
-0.024114
-2.304447
-0.077898
-2.238804
-0.139832
-0.157230
-2.229841
-0.278293
-0.420719
-2.601121
-0.403265
1.869161
-0.126346
-0.190183
-2.353720
-0.011327
-1.360561
-2.276500
-0.225863
-0.214984
-0.206763
-0.090896
-2.160269
-0.053563
-0.155534
-0.263974
-0.245088
1.847926
-0.341516
-0.204010
-0.043714
-0.187388
-2.297431
-0.110642
-2.212924
-0.015241
-2.259475
-2.300829
-0.140836
-0.213786
-0.469705
-0.126421
0.795001
-0.466513
-2.444994
1.991944
-2.416632
0.718689
-2.413718
-0.388112
-0.328928
-0.683913
-0.266048
-0.359849
-0.074895
1.965532
-0.259189
-0.237020
-0.575999
-2.249780
-2.169480
-0.287988
-0.394027
-0.183986
-2.301176
-0.108381
-0.564126
-0.266288
-0.139858
-0.143755
0.004680
-0.110776
