3.036716
-2.129396
-2.802300
-0.174672
1.107149
0.244979
-0.982794
0.708626
-0.058756
0.489957
-2.319174
-0.463648
-2.057696
-0.927295
1.199905
2.567288
-2.922924
2.396173
2.582993
-1.862253
-1.158386
2.279423
1.570796
2.111216
-2.191046
-0.132552
0.643501
-2.158799
1.929567
-0.463648
3.030935
-2.077895
1.012197
0.321751
-0.071307
2.356194
-0.066568
2.553590
-0.625485
0.489957
-0.828849
1.661456
-0.124355
-0.278300
1.570796
2.214297
9.275888
-2.191046
-1.661456
-1.629552
-1.633215
-1.892547
-1.768192
0.785398
3.546484
-2.922924
-1.382575
-1.508378
-1.856848
-0.055499
-2.729182
0.785398
-1.012197
0.486899
-1.789465
2.356194
-2.356194
1.570796
-2.704965
-1.789465
-2.922924
-0.950547
-0.404892
1.873681
-0.463648
2.279423
0.588003
0.463648
0.260602
2.701750
-1.929567
2.922924
-0.620249
-2.077895
-0.047583
-0.110657
0.124355
2.158799
-2.601173
-1.107149
-2.111216
1.789465
3.252250
0.286051
0.519146
-0.058756
-0.588003
0.358771
-2.102520
-1.768192
2.158799
0.358771
1.745469
1.165905
0.302885
2.553590
-0.718830
2.819842
-2.158799
1.385448
0.588003
-2.992703
-1.768192
1.373401
-0.927295
-1.352127
-0.439843
1.083897
0.785398
-0.486899
1.471128
2.539305
2.570255
-1.570796
2.356194
-1.969319
-1.165905
-1.989021
1.325818
9.325109
2.256526
-0.358771
-0.141897
-0.750929
-0.052583
3.141593
-2.792822
-3.030935
1.352127
-2.245537
-3.017238
3.252250
1.923787
-2.677945
1.719686
-2.792822
-1.919567
0.785398
9.314121
-1.313473
1.712693
-1.284745
-0.066568
2.582993
-0.463648
-2.393215
-1.107149
1.165905
2.677945
2.289626
1.712693
0.950547
-0.785398
-1.892547
-2.896614
-0.179853
2.279423
-0.489957
-0.602287
-2.034444
1.080839
2.214297
-1.165905
2.508844
-2.203545
-0.745419
-0.244979
0.702257
0.124355
-1.913820
0.868539
1.076855
-1.570796
-1.212026
1.841743
-1.039072
-2.129396
1.637364
1.051650
-2.422763
-2.102520
-0.785398
-1.165905
-1.471128
2.750986
-2.508844
0.876058
-3.041924
0.785398
9.424778
-0.909753
2.214297
2.701750
-1.815775
-2.102520
0.942000
1.735945
0.218669
-1.989021
-2.356194
0.512389
-0.358771
0.785398
-0.197396
-2.521343
1.165905
-2.498092
-1.892547
-0.927295
-0.519146
-1.892547
0.000000
-2.782822
2.750986
-1.570796
-2.553590
2.976444
0.915101
-0.708626
0.058756
-2.677945
-2.129396
1.768192
-1.217806
2.582993
-2.723368
-0.694738
-1.405648
-2.746802
-0.165149
-2.582993
-0.321751
-0.950547
-2.214297
2.870646
-2.432966
-1.989021
0.982794
-0.531724
2.896614
1.325818
2.634494
-0.278300
-0.652847
-0.708626
1.695151
3.091634
-2.622447
-2.863293
-1.768192
9.239430
-2.677945
0.000000
0.463648
-2.761086
0.785398
-2.427502
-2.083186
1.831399
-0.257324
1.570796
-2.173084
0.165149
-2.498092
-1.428899
2.634494
-2.034444
0.000000
1.849096
-0.588003
-2.508844
2.761086
1.107149
1.058407
2.729182
-1.019141
-0.785398
1.815775
9.227382
-0.174672
-0.404892
0.000000
-1.460139
0.124355
0.785398
1.051650
-2.396173
2.102520
1.165905
-2.723368
1.030377
0.463648
-2.129396
2.010639
-0.847817
0.043451
-0.321751
-1.706324
-0.558599
2.850136
-2.034444
3.386571
0.117109
2.782822
-0.822418
-2.850136
3.141593
-1.460139
-1.681454
2.601173
0.197396
0.620249
-0.620249
-2.214297
2.819842
0.463648
3.252250
1.471128
3.141593
1.080839
0.643501
1.695151
-0.745419
0.099669
2.922924
9.325109
1.058407
1.695151
2.622447
0.436627
2.191046
0.945311
-0.950547
0.110657
-1.284745
-2.122451
-0.321751
0.302885
2.485897
-2.736701
-2.736701
-2.158799
-1.152572
-0.588003
0.512389
-1.152572
2.191046
1.249046
-2.802300
-2.134113
-1.325818
1.373401
-2.999696
-2.427502
-1.919567
1.212026
-1.841743
-0.124355
-0.851966
-2.145101
-0.124355
9.524447
-2.677945
0.507099
0.512389
-0.620249
-2.567288
-2.526930
-0.643501
-2.279423
1.862253
0.493941
-0.876058
2.782822
2.819842
-1.460139
1.249046
1.712693
1.695151
-3.030935
0.110657
-2.129396
-3.187016
1.768192
3.321446
2.102520
2.475623
3.094010
2.158799
-0.745419
1.831399
2.142134
2.129396
2.173084
-0.370891
0.000000
1.831399
-1.570796
-1.352127
2.884269
-2.782822
0.278300
0.708626
-0.185348
9.829670
-0.197396
1.789465
1.414194
-1.570796
0.260602
-1.107149
-2.356194
0.197396
1.165905
-2.736701
0.950547
-2.279423
-0.305879
2.723368
-0.785398
3.241261
2.319174
2.446854
2.422763
-0.358771
-0.571337
0.000000
-0.822418
1.975688
-2.432966
2.356194
0.999459
-1.165905
-2.129396
-1.570796
1.249046
0.950547
2.819842
-2.880990
-2.158799
1.919567
-2.582993
-0.185348
0.278300
0.982794
0.832981
-1.727398
-2.034444
-0.512389
-0.862170
0.094952
-1.128422
-1.570796
-0.694738
0.244979
-0.643501
1.768192
0.000000
-2.616797
-2.191046
-0.868539
-2.677945
2.896614
0.286051
3.041924
-1.165905
1.892547
-2.129396
-3.050933
1.789465
-0.982794
1.637364
-0.785398
2.173084
-0.197396
0.745419
0.519146
3.050933
-1.051650
9.300423
2.651635
0.099669
-2.855541
-2.729182
-1.815775
-1.446441
-3.017238
2.743070
1.051650
-0.819867
-2.582993
-3.141593
-2.034444
-2.582993
-0.828849
-1.039072
-0.785398
1.570796
2.934096
1.907471
0.000000
1.570796
-2.875341
1.637364
2.677945
-2.863293
2.634494
-2.622447
-0.643501
-1.325818
-0.785398
-0.708626
2.432966
-2.654693
-1.681454
-0.117109
3.030935
1.913820
-2.446854
9.329826
0.896055
-0.278300
2.356194
1.570796
-0.960070
2.601173
-2.553590
-2.677945
-2.191046
-1.768192
-2.191046
-0.117109
1.051650
1.618379
1.815775
1.929567
2.999696
1.518213
-2.498092
-1.735945
-0.694738
-2.356194
0.321751
1.292497
0.484478
2.488746
0.512389
-0.352990
-0.868539
-0.982794
1.212026
2.356194
-2.714965
-0.950547
-1.570796
1.997424
-0.745419
2.910502
-1.352127
1.460139
-1.681454
-1.352127
-1.292497
-0.950547
-0.185348
-0.540420
2.782822
2.521343
0.286051
-2.819842
3.360262
2.111216
-1.107149
-2.875341
-1.313473
-1.030377
-1.815775
2.173084
2.199593
2.944197
0.785398
9.314121
-0.321751
3.141593
0.436627
-2.034444
0.436627
-2.356194
2.782822
2.245537
0.321751
-2.521343
-2.010639
0.694738
-0.927295
-1.086318
0.708626
2.077895
3.141593
0.000000
0.927295
-1.058407
2.142134
-1.051650
-2.316216
-2.158799
-1.234122
-1.681454
0.950547
0.058756
0.528074
9.206109
-2.273053
1.231504
2.634494
-2.070143
1.815775
2.279423
0.278300
1.975688
2.356194
3.141593
-1.212026
-0.358771
-1.670465
1.396124
1.325818
0.358771
1.849096
0.218669
1.267911
-1.083897
-1.460139
9.424778
-2.761086
1.687905
-2.819842
-1.107149
-2.083186
0.436627
1.892547
0.927295
-1.080839
-2.634494
-1.695151
0.655696
-2.984991
-1.042722
-1.460139
2.129396
1.801887
-0.588003
-1.989021
2.446854
1.428899
2.819842
-2.819842
0.000000
0.358771
1.107149
0.512389
0.614663
0.868539
-2.629203
-2.782822
-1.815775
-0.174672
3.017238
-0.104877
0.412410
-1.675673
1.570796
-2.677945
1.352127
3.089010
2.432966
0.412410
0.000000
2.356194
-1.910089
