-0.492653
1.169600
-0.276781
-1.106080
0.451999
-0.083343
0.550611
-0.529818
1.918919
-0.419212
0.029621
-0.270453
-0.477441
1.049526
-0.430530
0.006654
-0.836122
-0.058286
0.241184
0.433862
-0.322490
0.421345
-0.659428
-0.424287
0.440110
0.335932
-0.181435
-0.002809
-0.115260
1.032793
-1.021422
-0.788206
-0.532957
0.258136
0.151463
-0.368127
-0.199580
-0.013687
1.000100
0.814803
-1.047553
-0.237522
0.002323
1.290142
1.507326
1.080175
0.137970
-1.107187
-0.569257
-0.085869
-0.142741
0.434981
-0.742535
0.426046
0.404017
-0.088082
1.198298
0.427110
-2.476737
0.417001
-0.914098
0.105624
0.278349
2.138911
0.761502
-0.997504
0.501842
-0.211934
-2.455506
-0.260526
0.513398
-0.489263
0.704562
0.254286
0.869730
-0.015514
-0.888189
-0.116231
-0.327611
0.138934
-0.302975
0.995743
1.002887
-0.827535
-0.521454
0.081632
-0.851521
-0.709897
-0.522677
0.569434
0.188949
0.448370
-0.199768
0.010463
-0.714438
1.542038
-0.874955
0.152597
1.107344
-0.249323
-1.065652
-2.205407
0.273778
0.040736
0.572706
-0.166784
1.079144
-0.236877
-0.327835
0.988297
-0.831185
0.501254
-0.313605
-0.236215
0.455573
0.024860
-0.327826
-0.194241
1.739175
-0.550658
-0.174114
-0.488074
0.099085
0.496993
-0.789215
-0.396411
1.364284
-2.356889
-0.405326
-0.333367
-0.177495
0.319608
0.346422
-0.227496
0.510830
-0.425403
0.440012
-0.356627
0.002301
-0.565611
-0.226693
-0.140645
-0.785043
-0.669987
0.490421
-1.343766
0.509897
-1.127347
0.809225
-0.113193
0.732198
-0.143363
0.651436
-0.854092
0.401935
-0.309847
-1.377064
-1.012329
0.027063
-0.665889
0.424463
-0.808148
-0.156575
1.209447
0.927773
-0.559148
-0.123237
0.231809
-0.533381
-0.047504
-0.328106
-0.241212
-0.578551
-0.033800
-0.497503
-0.364566
-0.455801
-0.188850
-0.548154
-0.721207
0.377918
-0.520408
-0.184869
-0.027900
1.045415
-0.102078
-2.460838
1.065167
0.381326
-0.103932
-0.572904
0.018928
0.847650
0.056044
-0.645794
-0.653357
0.254196
-0.637576
-0.941015
-0.131760
-0.592122
-0.655640
-1.096389
-0.126852
-0.686671
-0.944433
0.517616
0.490069
-0.453383
0.315210
-0.467993
1.684203
-0.400602
0.950142
0.140942
0.591811
-0.194257
-1.153696
-0.060128
-0.508373
-0.266849
1.089596
1.327571
0.986326
0.988089
0.003986
0.220051
-0.403274
-0.331414
0.014544
-0.083667
0.547060
-0.195399
-1.269935
-0.576485
-0.052551
0.487142
-0.395273
0.445183
1.242746
-0.241204
0.375162
-1.098441
-0.152938
-0.492648
-0.215730
-0.826467
-0.014443
-0.125888
0.482688
-2.110577
1.617749
1.104897
0.370594
-0.602354
-0.283358
-2.092457
0.433980
0.382723
0.309946
-0.428704
0.015466
-1.149894
0.031532
1.179249
0.091018
-0.773943
-0.069216
-0.121987
-0.054983
1.122872
-0.038800
0.952425
0.180139
-0.399801
-0.426846
-0.410000
-0.151751
0.534853
1.028703
-0.520926
0.284221
-2.390276
-0.482162
0.313852
-0.144232
-0.810200
-0.186884
-0.387900
0.983611
-0.241348
0.376576
0.339539
0.715427
1.309995
-1.094185
-0.054234
-1.102266
0.926892
-0.231145
-0.206909
-0.171342
-0.278359
-0.515716
1.224292
-0.282688
0.733429
-2.178914
0.465070
0.271302
0.418899
-0.412399
-0.090070
-0.941741
-0.689207
-0.655641
-0.320129
-0.907404
1.775813
0.909798
-0.518887
0.301292
0.135923
-0.222389
0.426467
-2.430630
0.523679
0.451272
-0.110004
-0.054056
0.181626
-0.661398
0.023571
-0.606191
0.385664
-0.487186
1.002216
2.242688
-0.055835
0.414620
0.966568
0.283672
1.800316
0.487083
-0.057679
0.256670
-0.696765
0.662920
-0.388835
1.687824
-0.113177
1.734880
0.390834
-0.027250
-0.510307
0.255478
0.336877
0.013571
-0.371761
-0.504232
-0.947673
-0.903891
-0.176207
1.115398
-0.448036
-1.316601
0.040276
-0.306524
-0.007469
0.444109
-0.784255
0.203966
-0.519689
0.531020
-0.412070
-0.633018
-0.387393
-0.314386
-0.499255
0.452340
1.167759
-0.070534
-0.138345
-0.183704
0.290945
-1.037969
-0.114757
-1.410208
1.094096
0.525956
0.078454
0.080475
-0.548427
-0.391426
-0.246426
1.070359
1.048085
-0.508625
-0.580769
0.815813
-0.253838
0.296061
-0.704150
0.208749
-0.260905
-0.120677
0.020480
0.414807
0.604039
0.335656
0.095192
0.702173
-1.158939
1.184100
-0.209541
-0.593760
-0.615016
-0.191250
-0.167927
-0.471121
-1.117097
-2.340263
1.655161
0.338993
-0.308604
1.013933
0.331524
-0.495514
-0.512270
-0.261002
0.073539
0.212121
-0.400401
0.338108
0.463920
0.481682
0.016190
0.322485
-0.942127
-0.490313
1.311576
-1.449309
-0.661934
-0.232022
-0.047901
2.329495
0.398811
0.124506
0.016478
-0.220409
-0.607259
0.113582
0.004619
0.018706
0.478461
0.425421
-0.118206
-1.196530
0.918499
0.257544
-0.282334
0.011887
0.219163
0.262056
-0.195450
0.567996
-0.243057
-0.675933
-0.282109
-0.175966
0.211206
0.093362
-0.975033
0.952226
-1.417347
-0.563668
-0.351501
0.381997
-0.909794
1.035419
-0.756004
1.150839
1.762374
-0.829514
-0.305660
-0.172724
-0.340750
-0.204438
0.355723
-0.193177
-0.138750
0.007394
0.016842
0.370421
-0.776109
-2.205172
0.999074
-0.018350
0.245187
1.136263
-0.663708
0.060989
0.105019
-0.224311
-0.013182
-0.155613
-2.254048
0.263629
0.117997
-1.213395
0.376056
0.048837
0.217373
-0.387450
0.333553
0.508675
0.368461
-2.008639
-0.290238
1.692268
-0.626349
0.670432
-0.003029
-0.830248
0.316615
0.393416
-0.069532
-0.542313
-0.455694
-0.430223
-0.365996
-0.285907
-0.713414
-0.023528
0.869801
-0.041146
0.547411
1.133325
-0.720985
-0.338081
0.564085
0.432791
-0.460304
0.733598
-1.349250
0.510710
-0.241218
0.349214
0.742438
-0.285970
-1.187902
0.919679
0.600584
-0.483584
-1.285836
-1.047542
-0.415232
1.673599
0.431808
-0.742706
-0.454533
-0.566192
-0.637618
0.927223
0.406320
-0.595318
-0.193545
-0.093480
-0.035032
-0.187254
0.547203
1.183410
0.305093
0.151116
0.072116
-0.148608
-0.091791
0.090727
0.875429
0.425050
-0.236353
-0.288678
0.734316
-1.103974
0.879557
0.343040
0.263475
0.714409
0.213083
0.402634
-0.059328
0.351593
-0.916849
-0.444108
0.865997
-0.075578
0.753793
-2.633551
-0.452767
0.117999
0.365651
0.489325
-1.212664
-0.419821
-0.244323
0.008916
-0.218613
0.014050
1.575149
-0.785700
-0.863833
-0.111363
0.016524
-0.101273
-0.526308
-0.202585
0.056365
0.994590
-0.309081
-0.826195
0.146230
0.086543
0.751931
-0.274597
1.041203
1.689058
-0.331472
-0.290470
0.442789
-0.620349
0.573508
-0.457479
0.808441
-1.034706
-0.144459
-0.520114
-0.683033
0.914470
0.508659
-0.467370
-0.305613
1.110100
0.525679
-0.318157
0.188632
-0.707223
0.622375
0.174269
-0.441272
-0.020573
-1.216425
-0.174065
0.327295
0.486970
0.456968
-1.089482
-0.430184
1.449224
-0.186473
-0.585311
-1.331170
0.324158
-0.668908
-0.097563
-1.496249
0.440113
-1.376077
0.065154
-0.441157
-0.673737
-0.168629
-0.851808
-0.219652
-0.425317
-0.659500
0.309508
-0.428094
-0.539314
-0.538830
-0.396426
0.054813
0.517205
2.024828
-0.313199
0.960169
-1.073353
0.862732
-0.179035
0.280107
-1.190421
