-0.162513
0.863912
-0.461906
0.248960
0.053046
-0.467101
-0.472403
-1.302887
-0.233260
0.716962
0.255683
0.338305
0.893476
0.554418
0.031508
0.276079
0.330418
-1.290163
0.359745
0.392900
0.353060
0.295353
-0.311794
0.379360
1.021444
0.288284
0.968040
0.978504
-1.197701
-0.576407
-0.414313
0.406845
0.946709
-0.122619
0.432803
-0.253923
-0.199534
0.388690
-0.143815
-1.129782
-0.100018
-0.319139
-0.171393
1.053907
-0.471803
-1.143598
-2.193742
0.053986
-1.307279
0.413048
-0.226245
0.975122
0.440606
0.891616
-0.041629
-0.386351
0.316699
-0.189026
1.061290
-0.618659
0.450810
-0.170651
1.093543
0.391119
1.211939
-0.078514
-2.253252
1.113301
-0.409233
-0.480120
0.110441
-0.450565
-0.103652
1.071952
-1.170277
0.964348
-2.191272
-0.416084
0.423674
0.358627
-0.302256
0.449961
-0.407081
0.995122
0.874870
-0.305981
0.248489
0.826032
-2.499890
0.041116
0.123336
-0.038556
-0.137007
-1.126646
0.500950
-0.208404
0.471697
-1.071508
0.315238
0.424402
0.347682
0.298752
-0.343199
0.377983
-0.073066
0.730534
-0.179227
-0.071885
-2.187655
-0.450371
0.371075
1.153736
-0.330040
0.006185
-0.527638
0.558537
0.296047
-1.151493
0.276480
0.197713
-0.444401
-1.066091
0.318766
-0.346043
0.855707
-0.218056
-0.092368
-0.415347
1.005313
0.301734
-0.437999
-0.462451
-0.135167
0.063974
-0.593552
0.580160
1.053494
0.811722
-0.558714
0.090999
-0.193461
-0.376671
-0.608692
1.046955
-0.138036
-0.076611
0.272804
-0.907330
0.487364
-0.277848
-0.242884
0.461940
-2.113028
0.888557
0.879814
-0.132603
-0.256571
0.343171
-0.019052
-0.377910
-0.322994
-0.567458
-0.242032
-0.435312
0.040333
-1.080517
0.428603
-0.194116
0.356254
0.422663
0.249306
0.335664
0.953904
0.230993
0.943528
0.551796
0.646518
-1.015550
0.192659
0.402791
0.314257
-0.554976
-1.177748
0.001946
-2.566286
0.451627
-0.034725
0.440005
1.000871
0.306831
-0.146510
-0.199389
0.446705
1.145529
0.396180
-0.017172
-0.333221
-0.075938
-0.453328
0.413109
-0.133566
1.184026
0.120420
0.695147
0.197566
0.342618
0.285323
1.096876
-0.384625
0.085897
0.537854
-1.189477
-0.413092
-0.012551
0.404000
1.212332
-0.456945
0.332880
-0.203918
-0.297387
0.119028
-0.198972
0.449620
-0.087991
0.579998
-0.188516
0.076616
-0.275592
-0.381595
-0.293716
0.430295
-0.612169
0.904695
-0.090042
0.448413
-0.269309
0.032517
-0.099938
-1.191587
-0.400330
1.008018
-1.220098
0.405214
-0.184772
0.890389
1.343378
0.559874
0.362174
0.944992
0.186129
0.532501
1.049826
-0.365617
-0.488395
0.065295
-0.242105
0.607677
0.471225
0.240524
-0.119633
-0.346034
0.316228
0.399584
-0.479543
-2.896395
-0.111312
0.136331
-0.423729
-0.111117
0.196030
0.998143
-0.009489
-0.357618
0.198134
-0.135084
-0.469262
-1.185892
-0.138498
0.226303
1.134406
-0.013354
1.003948
-1.141939
0.528102
-0.255383
0.498464
-0.567711
1.178802
0.026185
0.425102
0.051155
-2.168140
0.380024
0.896813
-0.457977
-0.200682
-0.229800
-0.340017
-0.207600
-0.073900
-0.144827
0.282923
0.360005
0.747541
-0.005930
-0.554784
-0.462915
0.502379
0.031740
-0.249113
-0.038650
-0.510205
-0.346265
0.483212
0.988414
0.398402
0.416622
-0.045559
-0.348828
-0.317855
-0.055667
-0.441876
0.269019
-0.417839
-0.964460
-0.413312
1.095951
-0.123622
0.373873
1.147622
0.307954
0.203153
-0.173882
1.076195
0.355375
-0.038394
0.926429
-1.131894
0.235425
0.293028
-1.111936
-0.121547
0.549796
-0.139170
-0.339296
-0.247827
1.024819
-0.444302
-0.488431
1.062483
-2.118663
-0.342357
0.456487
-0.266256
1.287242
-0.002259
-0.478500
-0.509980
0.075036
-0.428858
0.225771
-0.172212
-0.186208
0.975018
-0.031590
0.415011
0.416054
0.323778
-0.135985
-0.016871
0.531773
-0.313770
0.051063
0.803571
-0.559192
0.214146
-0.566851
-0.323225
1.000595
0.009331
-0.498702
-1.080834
0.190697
-0.250666
0.530881
-0.522090
-0.419607
0.461443
0.424639
0.210031
0.878822
-0.289991
0.327337
-0.076569
-0.464084
-0.158943
0.478981
0.125980
-0.230703
-0.233018
-0.221276
1.180223
-0.145666
0.047721
-0.287751
0.751052
0.405575
0.132416
0.233421
-0.039523
0.380759
-0.348476
0.415854
0.235129
0.185804
-0.646295
0.001620
1.049009
1.023721
0.025647
-1.214087
-0.359947
0.492031
0.153525
0.979330
0.301008
0.272556
-0.074132
0.185616
-0.294744
0.530538
-2.022010
-0.259640
0.266989
-0.353684
1.163864
0.504546
-0.579072
0.761027
0.953758
-0.477386
0.946020
0.479917
-0.056976
-0.431584
-1.241319
-1.008939
-0.597014
-0.031147
-0.336459
0.477184
0.382512
-0.172894
0.274255
0.607900
-0.228821
-0.495675
0.934268
-0.356095
-0.286053
1.128786
0.041338
-0.352722
-0.187884
-0.476650
-0.307772
-0.422559
-0.490045
-0.050223
1.217920
0.031719
0.441582
-0.402844
0.417915
0.235699
0.003343
-0.153917
0.951013
1.135095
1.068485
-0.515987
0.851262
1.102521
0.254446
0.334206
-0.469482
-0.102028
-0.384612
-0.521941
-0.328005
-0.417531
1.076515
0.032586
0.143125
0.420211
0.355235
-0.065929
0.311500
0.801359
0.211786
-0.127144
-0.211765
-0.298783
-0.370336
-1.141192
0.397329
1.004985
-0.298869
0.428692
-0.293397
-1.246906
0.205175
1.118055
-0.369650
1.059687
-0.261370
-0.668870
-0.041605
1.184998
-2.093655
0.427830
0.285808
0.146614
1.068572
0.227949
0.390402
-0.543155
0.375798
0.755030
0.086589
-0.078175
-0.085933
0.840549
-0.593282
0.901515
-2.074977
1.098556
-0.541401
-1.073958
-0.025109
0.366067
-0.202334
0.390836
-0.192204
-0.222807
0.511381
0.464962
-0.190227
0.481002
-0.537443
0.501625
0.533005
-0.418001
-0.026127
0.266044
0.727360
0.355246
0.724141
-0.177295
-0.348185
0.905111
0.307683
0.949854
-0.223170
0.982359
-0.544910
-0.204245
-0.225399
-2.193399
0.843421
-1.418131
-0.393901
-0.346893
-0.193272
-2.243257
1.017371
0.569687
-0.365447
-0.486001
-1.195711
-0.161118
0.031949
-0.072160
0.199052
0.439875
-1.268159
-0.628248
-0.690406
0.429099
-0.325141
0.385144
-0.262983
-0.327817
-0.131909
-2.498095
-0.009693
0.270384
-1.172634
-0.253807
-0.744781
0.487100
-0.678327
0.444116
-0.097482
0.199801
-0.188700
0.153795
-1.213599
0.520278
-0.040316
-0.427634
0.243356
0.003048
-0.478276
-0.155433
-1.075592
0.405652
-1.200302
-0.563478
-0.006474
0.441157
0.624175
1.261792
1.006572
1.108848
-0.586623
0.932337
0.420335
0.489693
0.584974
-0.338228
0.396283
-0.352441
1.196008
-0.047759
-1.232591
-0.062467
-1.179551
-0.343958
-0.576810
-0.192491
-2.045278
0.433537
1.010505
-0.167415
-0.034508
0.050931
0.066537
1.186041
1.097332
-0.087532
-0.164399
-0.685302
0.445616
0.343931
0.987301
-0.311424
-0.192947
-2.120818
0.267532
-0.206768
0.480934
0.343449
-0.310621
0.353517
0.852788
-0.240309
0.972593
-1.225674
-0.109181
-0.180974
0.020657
0.295543
-0.529175
-0.478450
0.083894
0.469567
0.546033
-0.597948
-0.441368
0.324288
-0.053272
0.299775
-0.353371
-0.435795
0.348333
0.587456
-0.177676
-0.287203
0.075658
