0.124355
2.631104
-2.533791
3.030935
0.165149
-2.868584
2.714965
1.451367
2.677945
-1.126377
2.095592
-1.642104
-0.291457
2.930499
0.912908
1.039072
0.510488
-2.727086
-3.105894
0.266252
2.904744
0.935770
2.214297
-1.535097
-2.308611
0.189988
3.041924
-1.453688
0.090660
0.197396
2.944197
1.190290
-1.570796
-1.030377
-1.091277
1.570796
-1.729452
-2.601173
1.359703
-0.034469
-2.289626
-0.507099
-1.471128
-2.270689
0.812419
0.257324
0.785398
2.321725
-2.506566
-1.717875
0.226799
-0.991722
2.934096
1.892547
1.876675
-2.034444
-2.981680
-0.426627
-0.785398
-2.593043
-0.211093
2.677945
-1.719686
0.429762
-2.944197
-0.785398
2.098871
-2.055274
0.055499
2.187093
-1.629552
0.950547
-1.279340
-0.197396
1.412141
2.455863
1.675673
0.620249
1.670465
1.089909
-1.292497
-1.042722
1.729452
-0.528074
-0.414507
0.808650
2.589938
0.785398
2.053310
0.426627
0.172191
-2.958482
-1.570796
-2.466852
2.622447
0.620249
-3.030935
-1.092444
-2.677945
-1.570796
1.134169
-2.379446
-0.674741
1.307802
0.235545
-0.934288
-0.785398
-2.863293
0.962994
3.077166
2.356194
0.718830
3.041924
-2.553590
2.660705
-0.321751
2.936197
0.714091
3.075024
-0.809784
-1.843805
1.156289
0.890275
1.959115
-1.647568
1.249046
1.520838
-0.370891
-1.190290
2.587285
0.927295
-2.944197
0.685730
1.941688
1.729452
1.703348
-2.677945
-1.355439
1.866237
2.034444
-1.504228
-1.047518
-0.785398
2.221873
1.494024
3.034857
2.406153
0.822418
-0.825377
2.553590
-0.244979
-0.288055
2.782822
-0.577902
1.203622
0.079830
-0.699893
2.498092
-1.533776
0.785398
-0.661043
2.379446
3.038511
2.169215
0.148890
3.141593
0.598419
2.228685
0.699893
0.110657
-0.938047
-0.339293
1.745469
-1.610775
-0.607802
-2.081285
-1.892547
2.408778
2.819842
-0.588003
-2.319174
-1.535097
-2.694073
-2.570255
2.170847
1.985303
1.107149
-2.651635
-1.446441
1.747505
1.446441
-2.922924
1.880499
1.862253
2.067219
-3.009041
-0.934288
1.665748
-1.892547
-0.785398
-0.982794
-2.251318
1.756144
-2.477546
-1.063698
-1.741532
-1.965587
0.732815
2.455863
2.642246
-2.330559
-2.485897
0.844154
1.373401
0.840897
0.179853
1.837048
2.843094
-0.507099
1.653938
-0.047583
-1.570796
-2.777614
-0.414507
-3.064821
2.966920
-1.712693
0.909753
1.951303
3.070285
-2.265535
-1.815775
0.972377
-1.455920
1.156289
-0.729900
-2.050316
-0.994421
-1.400061
-2.239086
0.000000
-2.880990
-1.945130
0.321751
0.620249
1.428899
2.914794
1.063698
-2.796037
2.214297
-0.607802
-2.081285
-2.191046
-2.137526
-2.999696
2.169215
2.835714
-2.731465
-2.553590
-0.309703
-0.499347
-1.856848
-2.356194
-1.712693
-1.007480
-0.343024
2.329174
2.356194
0.152649
2.695487
0.308053
-0.434670
-0.862170
0.479519
0.000000
-0.174672
-2.746802
2.256526
3.026716
-1.196463
-1.004067
1.494024
-2.831890
0.055499
-2.574863
0.890275
0.156602
2.490516
-1.359703
2.111216
1.607816
-2.331809
0.152649
2.446854
2.245537
-2.356194
-2.642246
0.283794
2.308611
-0.649870
1.012197
-1.170556
0.037020
2.906048
2.234842
1.570796
-0.345556
-1.537475
-2.526930
2.437099
-1.681454
-1.789465
-0.394791
-1.650626
-3.030935
-0.785398
2.057696
2.034444
-0.870903
-0.482513
0.554307
0.496423
2.956245
1.272297
0.708626
-1.088283
-0.563316
0.291457
-2.034444
1.862253
-3.050933
2.019520
0.785398
3.041924
0.000000
-2.677945
-2.512796
2.034444
-2.922924
0.785398
-1.180189
0.600050
0.919720
-2.819842
-2.907849
1.530818
-1.194835
0.090660
1.756144
-0.354706
0.197396
1.945130
1.866237
1.423718
0.394791
-2.283154
-1.837048
-1.653938
1.024007
1.741532
-2.506566
-2.553590
2.408778
-1.570796
-1.269876
1.315614
-0.558599
3.067654
-0.661043
-2.912361
1.570796
-1.016489
0.204018
2.432966
-2.442933
-0.785398
1.717875
0.000000
1.768192
-0.179853
-1.637364
0.152649
-2.613518
-0.410127
0.588003
1.475845
0.310998
-2.887919
0.049958
0.463648
0.962994
2.593043
-1.815775
-1.530818
2.461071
-2.694073
-0.614663
-2.064738
-2.536048
-2.325901
-0.523278
-1.951303
1.071450
2.122451
-0.135528
0.000000
2.731465
1.951303
0.278300
-2.627141
1.373401
1.965587
-0.141897
-0.273009
2.053310
-2.356194
-2.380580
2.034444
-2.256526
0.400241
-0.348771
-1.951303
1.712693
-1.261093
-2.782822
1.892547
-1.428899
-1.843805
2.761086
-1.203622
1.815775
-1.570796
2.329174
-1.525373
0.386876
-0.635027
-2.701750
-0.211093
-1.727398
-0.566729
2.356194
0.278300
3.061763
-2.383215
2.999696
-0.363979
2.251318
-0.643501
1.394087
-0.598419
-2.060754
3.030935
-2.191046
-1.428899
-2.414950
-0.463648
1.030377
-0.862170
-1.004067
-2.234842
0.446106
2.403778
-0.370891
-2.819842
1.665748
-2.003204
-1.355439
0.410127
3.089010
2.692869
1.647568
-0.226799
-2.906048
2.117585
-0.410127
0.598419
-1.107149
-1.570796
0.034469
-0.735440
0.546789
-2.594804
-1.467715
-1.123276
2.221873
2.393215
2.283154
-2.743070
2.451146
2.533791
2.429235
-1.570796
-2.746802
1.929567
-0.994421
1.325818
1.428899
-2.932570
0.380506
1.259798
-1.176005
-2.944197
-1.892547
-2.331809
2.638749
-2.736701
-0.076772
2.539305
-0.291457
0.298499
2.003204
-0.236849
0.546789
-1.460139
1.453688
-2.634494
1.292497
2.498092
2.767259
-1.831399
-2.944197
-0.643501
-1.203622
2.754717
2.714965
2.134113
-0.785398
-2.750986
-1.919567
-0.135528
1.642104
0.188222
-3.017238
-2.275290
-2.095592
-1.035841
2.782822
-1.781890
0.463648
-0.152649
2.104505
-1.985303
-0.491809
2.356194
-0.496423
-0.480887
1.460139
-2.306236
-2.034444
1.527345
0.950547
-1.750650
-0.076772
-1.647568
-3.030935
1.618379
1.849096
-2.129396
-1.892547
2.129396
2.085248
-0.835357
3.141593
-1.639653
0.762147
0.558599
-0.410127
-1.152572
0.447520
-1.729452
-2.736701
2.117585
-2.098871
0.674741
-2.774419
0.694738
-0.158655
-0.257324
-2.488746
-1.499489
2.356194
3.067654
-2.736701
-0.410127
2.843094
-2.214297
-1.333948
-0.035699
1.747505
1.892547
-1.504228
2.533791
-1.212026
-0.588003
-1.196463
0.000000
0.994421
-0.343024
-0.558599
-2.284887
-0.400241
2.094075
1.527345
-1.030377
-1.219352
2.245537
0.812419
-2.709185
1.815775
2.441700
-1.343997
2.117585
2.034444
1.024007
-0.414507
-1.056345
2.466852
-0.540420
-0.785398
2.553590
-0.222082
0.124355
2.896614
0.000000
-0.851966
-0.148890
-0.183111
-1.373401
1.570796
1.756144
2.521343
-2.148698
-0.205395
2.706922
-2.207305
0.152649
-0.321751
3.141593
2.437099
-2.414950
-1.359703
0.141897
-1.042722
-2.265535
-0.170735
3.141593
1.394087
0.244979
-0.463648
2.178598
2.878598
2.677945
-1.723446
-1.275355
2.129396
-2.111216
2.137526
-0.362544
0.141897
2.231839
-1.985303
2.191046
1.051650
0.992894
0.358771
-2.999696
-0.083141
1.570796
0.394791
-0.129703
-2.422763
-2.013171
2.187093
1.781890
0.729900
-0.868539
0.073939
-2.083186
0.390607
2.158799
3.041924
-0.832981
-1.234122
-2.541542
-1.325818
3.141593
-0.577902
-2.553590
-2.922924
-0.321751
