-1.144169
2.000559
1.122073
1.665748
2.016902
-0.147078
2.205823
0.266252
-2.804918
-2.572279
0.141897
0.702257
-2.711830
0.759763
-2.221873
2.896614
-0.099669
0.086738
2.356194
2.051684
-0.785398
2.677945
-2.067219
-0.367174
3.101614
2.085248
-1.272297
0.041643
0.298499
1.236059
-1.012197
-1.776192
-1.170556
-0.785398
2.015216
-2.187093
1.089909
1.451367
1.315614
1.907471
-1.745469
-1.203622
0.079830
-2.289626
-2.293776
0.636508
3.101614
-1.951303
-1.074374
0.000000
-0.729900
2.425849
0.812419
1.929567
2.178598
-0.114877
2.051684
1.673878
-3.038511
1.985303
0.291457
2.777614
2.466852
-2.969402
1.471128
-1.825979
2.064738
-0.927295
-3.064821
0.699893
2.574863
-2.553590
0.000000
-2.786887
-0.321751
-0.183111
-0.422854
0.519146
-1.681454
1.335251
-1.325818
1.490966
1.570796
1.190290
0.244979
1.866237
1.804540
-0.812419
0.348771
-0.363979
1.460139
2.251318
-1.056345
0.000000
-1.854590
-2.634494
-1.760785
-0.819867
1.609239
0.682317
-1.467715
-3.104573
1.380808
2.875341
2.660705
-1.122073
1.089909
-0.519146
-1.747505
0.890275
1.022247
2.662073
2.506566
0.110657
2.660705
2.868584
1.750650
1.532354
-2.380580
-1.494024
-0.628796
-1.024007
-3.067654
2.711830
-1.862253
-0.043451
-2.432966
-3.038511
2.699218
-1.042722
-0.367174
1.609239
2.408778
-0.809784
2.089942
-1.647568
2.543174
-1.858852
0.114877
-1.570796
2.896614
2.746802
0.235545
0.135528
2.746802
-0.813962
2.627141
-1.869295
1.907471
0.226799
-0.507099
-0.533708
1.304544
2.356194
2.125104
-0.704494
1.904041
-0.124355
2.390664
-2.483704
2.408778
-1.943784
-0.558599
1.971037
0.244979
-1.365401
2.613518
2.231839
0.380506
-0.226799
-1.637364
0.600050
0.732815
2.196281
-2.050316
0.600050
-1.197809
-1.071450
-2.070143
-2.878598
2.140110
-0.244979
-0.785398
0.661043
1.753907
0.099669
3.141593
1.160669
1.570796
-0.141897
1.083897
-3.064821
0.446106
-1.373401
-0.896055
-2.886410
2.802300
-0.336675
-2.275290
1.412141
-2.607884
-0.960070
-1.673878
2.506566
-1.529154
-1.222025
3.064821
-1.741532
-2.330559
1.089909
0.729900
-2.239086
0.090660
1.343997
-0.950547
2.723368
-0.809784
-1.806341
-0.321751
-0.661043
-1.753907
1.141034
-2.627141
0.651077
0.463648
2.907849
2.125104
-2.051684
-1.272297
2.205823
-0.960070
2.356194
-1.352127
-1.107149
-2.432966
-1.570796
2.831890
-1.989021
2.300696
-3.011890
3.054854
2.256526
-1.869295
-0.927295
0.785398
1.471128
-1.570796
0.410127
-0.226799
2.483704
2.988943
-2.677945
1.644735
1.451367
-0.502843
-0.071307
3.022164
2.857799
1.533776
1.690225
-2.105751
-1.418147
-1.063698
-0.038443
-2.253113
-1.165905
1.784857
1.665748
-0.218669
2.906048
1.639653
1.190290
0.901157
-1.365401
0.418224
-1.681454
-2.051684
2.868584
-2.994514
1.373401
0.076772
1.650626
-2.994514
-2.170847
-2.964884
0.197396
-0.888480
3.094010
0.718830
1.236059
-1.272297
2.843094
1.494024
1.969319
-2.270689
1.862253
2.999696
-1.451367
1.056345
0.041643
-1.107149
-0.189988
-1.699120
-2.085248
-1.929567
0.172191
-0.636508
3.034857
2.461071
2.329174
2.660705
-1.985303
0.189988
-1.858852
-0.554307
0.574305
-1.301629
1.570796
-2.521343
0.367174
0.295441
2.753274
-2.543174
-1.394087
2.085248
-3.026716
3.061763
2.853537
-0.759763
-0.598419
2.982937
-2.999696
-1.222025
-2.936197
-2.553590
1.067953
1.107149
-2.944197
-0.480887
1.815775
0.919720
1.428899
-2.657115
2.466852
2.622447
-1.471128
-1.570796
-1.282741
-0.348771
-2.896614
-0.577902
-2.490516
-2.868584
-3.050933
-2.553590
-2.774419
2.582993
0.244979
0.214061
-2.695487
-1.843805
-1.570796
1.307802
0.942000
-0.124355
-1.225241
0.129703
2.553590
-0.262995
-3.105894
-2.384758
1.170556
-0.652847
2.498092
-2.049149
-0.141897
-1.902856
-0.043451
-0.837981
2.473303
1.418147
2.231839
-0.386876
-0.479519
1.892547
-1.570796
-1.088283
2.806856
-2.743070
2.466852
2.329174
-3.072736
-2.631104
-1.570796
-1.282741
1.650626
1.160669
-3.075024
-2.853537
0.722979
0.620249
2.761086
-0.680521
-2.819842
0.620249
-0.540420
2.884269
2.961739
2.746802
2.125104
-1.535097
-0.298499
-1.951303
-2.441700
-0.400241
0.124355
-0.935770
-0.785398
-1.074374
-2.677945
-1.858852
-2.976444
-2.868584
-2.964884
-0.223477
0.972377
2.878598
-2.505084
-2.050316
-2.958482
0.298499
-2.774419
-1.237552
1.904041
2.455863
2.731465
0.295441
1.880499
-2.085248
-2.594804
-2.095592
-1.182478
-2.049149
-0.651077
2.231839
-2.660705
2.329174
0.844154
2.777614
-0.598419
-2.878598
-1.190290
0.514451
2.601173
2.490516
1.876675
-0.367174
1.929567
0.410127
1.499489
0.600050
1.428899
1.335251
2.857799
0.950547
2.994514
-1.570796
-1.735945
-1.091883
2.137526
1.141034
0.262995
-2.034444
0.960070
-1.570796
-1.975688
-1.387686
-3.061763
-1.729452
1.141034
0.233743
2.111216
-2.906048
-2.488746
-1.359703
-1.107149
-1.723446
-0.514451
1.471128
-1.152572
-0.896055
-0.043451
0.039979
2.003204
-2.270689
3.067654
0.607802
0.158655
-2.613518
-2.642246
-1.088283
0.628796
0.607802
1.997424
0.620249
-0.566729
3.101614
1.484058
2.819842
-1.665748
2.461071
0.255182
1.455920
-0.533708
1.925502
2.868584
1.951303
-2.922924
1.907471
-2.808348
1.107149
0.902507
0.367174
0.502843
1.532354
2.695487
1.527345
-2.677945
-1.837048
-1.825979
-0.566729
1.337053
-0.847817
-2.988943
-2.982937
-0.463648
3.141593
1.455920
-0.576375
-1.833791
2.914794
2.303611
-2.694073
-2.982937
2.477546
2.642246
-1.076855
1.825979
1.249046
-0.041643
-1.605265
0.628796
1.937970
-2.563691
-1.985303
-1.335251
1.414194
-2.356194
1.965587
0.073939
0.000000
-2.754717
-3.004526
0.657889
2.303611
2.158799
-0.499347
-0.598419
1.337053
-0.496423
3.104573
1.380808
-2.831890
1.030377
0.499347
2.393215
-2.677945
2.677945
0.866302
2.461071
1.989021
-0.444419
1.570796
1.315614
-2.677945
2.379446
2.356194
-0.463648
-2.914794
2.441700
-0.960070
1.535097
0.099669
-2.329174
-0.038443
-0.410127
1.414194
-2.988943
-2.306236
2.999696
1.685673
2.512796
-2.117585
0.110657
-1.074374
2.214297
-1.030377
1.225241
-2.731465
0.398522
-1.335251
-0.973620
2.982937
-0.577902
1.152572
-0.708626
0.463648
1.138389
-0.540420
-0.336675
3.070285
-1.471128
-0.197396
-1.060308
3.103150
-2.083186
-1.753907
2.819842
-1.197809
-1.742987
2.819842
-0.817645
-0.598419
-1.843805
-1.394087
-2.490516
0.422854
-0.298499
2.283154
-1.690225
-1.236059
2.000559
-0.106736
0.982794
2.622447
-2.543174
-0.321751
2.896614
1.876675
0.309703
-1.570796
2.601173
2.098871
1.804540
2.466852
-1.570796
-1.913820
-2.461071
-0.657889
-2.199593
3.107124
1.297788
0.896055
3.011890
2.414950
2.582993
2.077895
-0.380506
0.000000
-0.090660
-1.042722
-1.929567
-1.781890
-2.329174
-0.680521
1.650626
1.007480
1.012197
1.206817
-0.722979
0.546789
2.330559
-2.736701
-0.699893
0.811034
-1.644735
-0.380506
-0.890275
2.050316
-1.753907
