-1.249046
0.211093
-2.231839
1.463106
-0.150371
-2.238102
-2.809533
-1.497756
-0.286051
-0.808650
1.489892
1.951303
0.803578
2.995580
0.389317
-2.756435
1.999574
3.086094
2.484518
2.228685
2.588298
1.474323
-1.537475
2.158799
0.679414
-3.086094
0.691337
0.447520
-1.752965
-3.013269
-2.187093
-2.884269
0.624023
-1.047518
2.219128
-1.332187
-0.887087
1.712693
-0.231091
-1.833791
-0.830821
-1.161888
0.025635
0.876058
-2.622447
-1.639653
2.688814
1.212026
-1.826948
2.199593
-0.475011
0.176709
2.553590
0.623199
-0.270947
-1.701624
1.044730
-1.405648
1.152572
-2.919511
2.626044
-0.946773
1.951303
2.546833
1.494024
-0.939717
2.944197
1.477320
-2.750986
-1.272297
0.571337
-1.096945
-0.887087
0.855053
-2.094075
0.312042
2.903757
-2.234842
1.975688
-2.932570
-1.635223
2.021458
-2.536048
1.194835
0.305879
-0.284730
1.595791
0.553294
3.027801
-0.083141
1.240499
0.572966
-1.063698
-1.768192
2.064738
-0.849141
2.314552
-2.214297
1.489892
2.480549
2.034444
1.474323
-2.149871
-2.976444
-0.579074
-0.450661
0.463648
-0.258771
2.976444
-2.803714
2.321725
0.636508
-2.226492
0.732815
-2.761086
2.096863
2.066348
-1.730709
1.348714
0.823841
-2.105751
-1.768192
-2.961739
-1.719686
0.390607
-1.424784
-0.120624
-2.505084
1.231504
-2.914794
-2.333976
-2.694073
-1.405648
2.944197
-2.904744
0.078784
0.950547
-0.380506
-2.322873
0.551655
-1.301629
-1.138389
-2.642246
0.858439
0.078784
0.097253
0.732815
0.218669
-0.657075
-0.785398
-1.142018
2.629203
3.141593
0.569313
0.270947
-0.759763
-1.205595
1.873681
-0.113792
-2.306236
-1.963136
-2.588298
-0.602287
-2.545394
0.000000
-1.992216
2.819842
-0.827041
2.010639
2.283154
1.365401
1.768192
0.509592
1.355439
0.748378
2.880990
2.337329
-1.831399
0.449760
2.453921
1.465919
-2.919511
-2.203545
-0.544864
3.071938
-1.520838
-0.595410
2.241318
1.227772
1.176005
-0.962994
-0.785398
2.618314
1.060308
1.570796
-0.605545
-2.021458
0.251690
-2.301703
2.261243
-0.613207
1.596432
0.982794
-0.380506
0.942000
1.400061
1.051650
1.606495
-2.396173
0.921801
2.723368
-2.048142
-2.537843
-0.478352
1.792878
1.768192
-1.449444
2.068139
-0.932477
-2.106608
0.661043
-0.872894
2.498092
-1.019141
2.819842
-1.304544
0.478352
-1.279340
-2.709185
-1.249046
2.250210
-2.819842
0.605545
-0.428778
2.827361
-1.730709
0.158655
-0.901157
-2.258468
-2.306236
1.338239
-1.774814
2.178598
-0.441179
0.253674
1.725793
2.356194
-3.081061
0.876058
1.862253
2.859038
0.911990
-1.158386
-2.938547
0.496423
-1.199905
2.606638
2.890590
0.732815
-0.544864
-1.162647
2.010639
2.322873
-1.757776
3.039386
-0.048742
3.052937
-2.377468
-0.238609
-2.896614
0.821097
-0.489957
-2.622447
2.077895
-1.035841
-2.191046
-1.760785
-1.122073
1.332187
1.537475
0.730907
1.538549
-1.387686
2.282255
-0.588003
2.279423
-2.158799
1.453688
0.117109
2.761086
0.340979
2.709185
1.410034
0.749699
-2.068139
-0.785398
-0.846546
-1.325818
-0.424194
-0.110657
-0.763180
1.269876
2.034444
-0.216085
0.380506
-2.530867
-2.954613
2.568627
1.468590
-1.881795
0.340979
-2.425849
-2.261243
2.158799
0.811034
1.892547
2.034444
0.104877
-1.828120
-1.482789
-0.152649
-2.589938
1.570796
-1.832916
1.128422
-2.619189
1.844964
-0.499347
2.863293
1.664273
1.537475
1.274251
-1.152572
1.063698
1.203622
0.804264
0.117109
-1.629552
1.457004
1.060308
-1.917335
-1.142018
2.662073
-0.202322
-1.986288
-1.637364
0.698660
-2.746802
-2.391894
0.636508
2.954613
-1.748392
2.377468
-1.756144
1.212026
-0.253674
-2.116451
-2.337329
-0.099669
-2.158799
1.091277
-1.415800
-1.241172
0.551655
-0.566729
2.335789
2.131960
2.158799
-1.190290
0.321751
3.038511
-1.862253
0.767856
-0.179853
-2.655971
0.763180
-2.690140
-1.169568
0.414507
0.278300
-3.067654
-1.570796
1.497756
-1.748392
2.251318
-2.034444
-1.699120
3.048116
2.375800
1.645656
0.620249
-2.254506
-2.782822
-0.404892
-2.677945
-1.096396
2.129396
0.555494
-1.008875
-0.767218
-1.707863
1.607816
-1.123276
0.114877
-1.302430
-0.613207
2.577023
0.876058
2.925508
3.141593
1.707863
-1.975688
2.802300
1.401018
1.420425
1.222025
0.066568
0.858439
0.401229
0.177596
-2.262133
-2.283154
2.310771
1.983207
1.155304
1.997424
1.176005
-0.231091
1.343997
-1.063698
2.733444
2.863293
-1.199905
1.438245
-2.191046
0.735440
2.811295
-2.471071
-1.078987
0.670522
-0.519146
0.510488
2.665125
-0.270947
-2.866683
-1.892547
-1.624798
-2.902983
-0.664046
-2.096863
2.446854
1.992216
0.113792
-2.910502
2.877629
-0.911990
-1.257895
0.726642
-2.666582
-1.487655
1.602036
0.211093
-0.975386
-0.974597
-2.896614
-2.574863
-2.767259
-2.663240
-0.694738
1.859772
1.502720
2.378413
-2.618314
2.140110
2.605781
0.332059
-0.933248
0.321751
1.647568
1.095101
-2.810497
0.141897
1.487655
-3.068552
1.881795
-1.862253
-0.137066
-1.540503
-2.761086
-1.144169
-2.269456
0.851966
0.176709
1.719686
2.083186
2.553590
-0.424194
1.453688
1.073454
-2.928654
-0.855053
-1.420425
-1.684588
-2.303611
-1.881795
2.701750
1.136126
-2.142134
2.492597
-0.141897
-2.203545
0.806672
1.107149
-1.745469
1.301629
-1.695151
-3.003587
-0.380506
1.219352
2.991221
2.111216
1.637364
1.368475
0.890275
2.425051
1.735945
-2.904744
2.373737
0.572966
0.354706
-0.117109
0.394791
0.229232
-2.902983
0.209023
2.976444
1.258754
-2.709185
-1.450173
-0.244979
1.570796
-0.876058
1.992216
-2.034444
-0.752077
2.142134
2.332943
-1.055247
2.827972
-2.323948
2.122451
2.300696
-2.503273
-0.099669
1.875307
-0.564569
2.399645
0.404892
-0.922464
-2.089942
-0.197396
1.647568
0.263964
-2.094075
0.478352
-2.034444
-0.691337
-0.939717
3.079174
0.068856
-2.282255
-2.184004
-0.522403
-1.093451
2.914794
0.868539
3.141593
-2.176341
-2.963996
-2.292451
-0.231091
0.367174
-0.424194
0.602287
-1.801887
-2.422763
-3.089010
-2.837082
2.331809
-1.249046
1.992216
-0.654083
-1.009633
-0.785398
2.934096
-0.024995
2.782822
-1.792878
-1.040581
-2.803714
2.396173
-2.372586
2.378413
-0.463648
1.867342
-0.965252
0.439843
-1.908675
2.736701
-0.244979
-1.495936
1.596432
-0.499347
-2.224879
-0.737815
-1.753907
2.530867
-1.789465
3.062809
-0.610726
1.983207
-0.380506
1.494024
0.523278
1.312025
-2.765632
1.066630
2.166206
2.439336
2.572279
-2.429235
2.187093
-1.155304
1.963136
0.270947
-1.543026
-0.057081
-2.174546
-1.118018
-2.530867
-1.325818
3.141593
2.167973
0.946773
-0.896055
-0.408908
-0.197396
0.000000
1.747505
1.926432
-0.580756
-0.990040
-2.712815
1.570796
1.380808
0.821097
-1.393200
-1.224257
2.926235
1.651700
-1.598567
2.532903
1.975688
-1.460139
-2.937575
0.165149
-1.307802
1.008875
3.104573
-0.337878
-1.325818
0.088007
2.338015
-2.299651
-2.970857
0.197396
2.245537
2.666582
0.426627
-2.209116
2.258468
-0.237836
1.859772
-1.727398
-1.234122
1.477320
2.586099
-0.724250
-0.394791
0.397079
