2.642246
-1.273732
1.190290
0.092756
0.335639
0.442374
-2.460294
2.399645
-0.815692
0.042528
0.066568
-1.337053
-0.372988
1.446441
2.022950
-0.927295
-1.653938
1.457645
-0.540420
0.183943
1.107149
-1.421906
-2.221873
1.835285
-0.878875
-1.416478
-2.111216
2.466852
1.147942
-1.214577
2.976444
0.639386
-2.329174
-1.026516
-0.223477
-1.549523
1.872415
-2.104505
2.918116
-1.609239
3.048836
-0.868539
-2.714965
2.226492
-0.729900
-1.168475
1.915444
0.994421
-0.410127
1.325818
1.612439
-0.463648
-2.780389
-2.597760
-2.714965
2.402316
-0.463648
-1.067953
1.548073
-1.373401
3.141593
1.016489
2.622447
-0.336675
-2.608749
1.075245
0.524796
-0.043451
-1.997424
2.768605
-0.083141
-2.956245
-2.831890
-1.947287
1.570796
-0.308053
-2.089942
0.785398
-1.570796
2.054243
2.297439
0.674741
-2.761086
-0.700854
0.179853
-2.473303
0.211093
-2.906048
-2.813854
-1.504228
-0.988443
2.806856
-0.083141
2.140837
2.518922
1.873681
0.244979
2.819842
-1.959115
1.657535
-0.960070
1.455037
-2.270689
1.530818
2.601173
2.158799
-2.961739
3.011890
-0.272146
2.516108
0.420663
0.384169
-0.068076
-2.831890
-0.799890
-3.119374
0.038443
1.342300
2.082027
1.343997
1.182478
2.025098
1.960113
-0.674741
-2.171870
-1.735945
0.548549
-1.878849
-2.777614
-0.021273
2.430683
2.914794
-2.295662
-1.174355
1.480136
2.103640
-1.298650
-1.365401
-2.931953
-2.400941
-1.650626
1.984486
-1.776192
-0.703614
-1.179096
1.126377
1.177738
3.064821
3.058451
2.274410
1.570796
-1.097890
0.570040
2.279423
2.731465
-0.988891
2.983824
-2.742077
-1.815775
1.297788
1.864385
-0.291457
-0.859887
-0.205395
-1.929567
1.270625
0.172191
1.921524
-2.196281
-2.777614
-0.927295
-2.799977
1.475845
0.272146
1.190290
-1.107149
-1.194835
-1.532354
1.382575
-1.653938
1.262744
2.241940
-1.548073
-1.690225
2.714965
-2.435394
-3.011890
2.484518
0.043451
-2.386488
0.088656
2.170847
-0.422854
-0.197396
-2.356194
-0.950547
-0.090660
1.768192
-2.315122
-0.283794
1.750650
-0.950547
0.284730
0.923404
2.677945
0.045423
-2.792822
-1.168926
-2.990577
-1.037952
-0.266252
-2.430683
2.034444
0.284730
-2.756988
-2.281706
0.620249
-2.627987
-1.316428
-1.478040
-0.909753
-1.609239
2.711830
2.677945
-0.521834
-3.103150
-0.732815
-2.677945
-3.017238
-2.819842
0.022219
1.441094
-1.947287
-1.975688
2.084402
-0.049958
2.953371
-2.979755
-0.372988
-0.678119
0.363979
2.597760
-2.634494
0.801790
-0.124355
0.976583
2.542417
2.287338
2.193467
-1.168926
2.756988
-3.095115
2.218608
-2.573068
-2.541542
2.253113
-0.348771
-2.906870
-0.482513
-2.235571
-1.277207
-0.499347
0.129703
-0.223477
1.978428
0.129703
2.079867
2.746802
1.919567
0.896055
2.134113
-2.777614
1.735945
-2.668686
-0.800322
-0.931410
1.279340
2.857799
2.987274
-3.096169
-1.311465
1.484058
0.428778
3.017238
-2.523837
2.024135
-0.708626
-0.404892
0.800782
-2.796037
2.024640
-2.416727
-0.839400
1.275355
1.487655
-1.409421
-0.576375
-2.790865
-0.570040
-2.754069
-2.896614
-2.976444
-2.976444
-0.363979
1.262744
1.364472
1.825979
0.234723
2.281706
1.650626
3.096169
0.065125
0.380506
1.206817
-1.695151
-2.147172
-2.976444
-0.244979
-0.463648
-2.050316
0.521834
-2.218608
-0.977446
1.959115
-2.624898
-2.053310
-2.660705
0.165149
-1.614247
2.601173
1.570796
0.536435
0.688924
-1.959115
-2.521343
0.065125
-1.997424
2.777614
0.489957
-0.993604
0.433953
-0.772066
-1.529154
0.209640
-1.729452
2.265535
1.712693
2.731465
1.487655
-3.011890
-0.722979
-1.451367
-0.291457
-2.324955
-0.728317
-0.502843
0.785398
2.225367
-0.045423
-1.768192
-0.295441
-2.507570
-0.610726
-1.507053
-2.044648
-1.263751
2.846152
2.677945
3.002953
0.295441
2.466852
0.066568
-0.165149
0.994421
-1.942864
-0.816638
-2.972996
2.170847
2.014245
1.879727
-2.927532
1.712693
2.753274
0.000000
0.862170
-1.451367
-0.244979
0.844154
-0.384605
-2.077895
2.310073
1.432157
-2.731465
1.337053
1.653938
0.601074
0.913721
-0.152649
-2.982937
-1.527345
2.389515
1.989021
2.530867
2.340811
-2.706239
-0.588003
3.017238
-1.967238
-1.159732
2.994514
-1.529154
2.601173
-1.014630
-0.906022
0.189199
2.642246
-0.854255
2.061960
2.466852
-0.129703
1.165905
-1.980924
3.094010
-0.630401
-2.668686
-0.668289
-1.004067
1.347320
2.843094
-1.382575
0.321751
-1.768192
-1.016489
2.521343
-2.541542
-1.373401
-2.958482
1.545802
0.086738
3.141593
-0.336675
-1.202100
0.144812
-1.905533
-0.348771
2.114629
2.677945
-1.441094
1.315614
-1.048962
-1.837048
2.152701
-0.529590
2.507570
-2.070143
2.543174
0.266252
-0.588003
-1.249046
0.044415
0.192701
-1.548073
-1.229181
0.504861
-2.772897
-1.653938
-3.050933
-1.610775
0.135528
-1.570796
1.929567
1.739393
-1.352127
2.125104
-2.122451
-0.785398
-2.574863
3.066733
-0.250443
1.919567
1.898916
1.712693
2.210182
1.709436
-0.547562
-0.179853
-3.099950
2.819842
-0.554307
0.278300
2.792822
-1.916352
1.354711
-1.283515
-0.870903
2.826835
2.677945
2.191046
0.945311
-0.972377
-0.422854
1.570796
-2.638749
-1.635921
-2.416727
2.841421
1.681454
0.917950
1.570796
3.099950
1.315614
-2.227871
2.833540
-0.931882
0.158655
-2.565217
-1.877842
-2.841421
-1.016489
-1.182478
-2.980218
-2.034444
-0.770906
-1.190290
2.324955
0.000000
1.160669
1.475845
-2.183334
2.574863
-1.067953
1.315614
0.000000
1.999060
1.361156
1.934775
-3.037800
0.982794
1.663553
-2.293776
1.638873
1.892547
-0.684295
-2.906870
1.610775
-1.825979
2.432966
-1.965587
1.718646
1.899846
1.815775
1.878849
1.905533
-0.661043
3.141593
-2.843094
1.980924
2.024640
-3.101614
0.463648
0.043451
-1.674589
-0.965252
-2.016902
2.667193
0.844154
-2.632522
-0.129703
1.128422
-0.197396
-0.909753
-2.846152
1.810028
0.970746
-1.171281
2.714965
-1.490966
1.405648
-2.772897
-1.695151
1.046001
-1.768192
1.030377
-2.196281
0.000000
-1.706324
-2.669471
-1.776192
-0.999459
-1.000756
-2.271651
1.138389
-2.597760
1.435269
1.858078
0.113151
0.416065
1.037088
-0.484478
1.206817
2.053310
-0.785398
2.925508
-0.966491
-0.124355
-2.927532
-1.080839
0.356220
0.717012
3.022164
-2.669096
-1.959115
-0.635027
-0.889498
0.206324
-0.430693
-2.414950
-2.886410
1.530818
1.398606
-1.650626
-2.658146
-2.790865
-1.946067
-1.412141
-0.661043
-2.948381
-1.235158
-2.574863
-0.625485
-2.625362
-2.911688
-2.169215
-0.043451
-2.183334
2.371119
2.936197
0.401871
-0.896055
2.230106
-0.291457
-1.668050
-1.750650
2.711830
-1.097440
3.050933
1.784857
-3.011890
0.819867
1.405648
2.632522
1.616220
-1.532354
-3.026716
2.731465
0.739277
-0.741947
1.181480
-2.305391
-1.593520
-2.727903
0.135528
-1.959115
2.875341
0.995372
0.849825
2.698144
-0.737815
1.315614
2.806856
-0.839400
-0.124355
2.191046
-2.612003
3.141593
-0.927295
-1.570796
0.785398
2.226492
-0.165149
1.637364
0.909753
-2.085248
-0.635027
1.227772
-0.600050
-1.330625
0.713061
2.441700
0.932477
