-1.877842
2.869447
2.553590
1.214577
0.502843
-1.970312
9.300423
-2.235571
0.244979
1.135443
-2.371119
2.730528
-2.396173
-1.428899
-0.065125
2.754717
-0.084902
2.677945
0.755104
-9.264015
-1.163165
-1.321209
0.706199
0.483447
-2.616797
0.688924
-1.885554
3.058451
-2.886410
-1.958320
-3.103150
-1.661456
1.441094
1.237552
-1.386853
2.385598
-0.027771
1.320353
-0.528074
0.814801
-2.356194
-0.918927
-0.574305
2.183334
-1.759018
2.259721
-2.589938
1.825979
-2.369892
1.107149
-2.537287
0.000000
-0.158655
-2.341703
-2.257921
-0.648996
0.234723
-1.995628
-1.489344
-9.424778
-2.707639
2.768605
1.419781
-0.785398
1.349482
-2.133294
-2.169215
-2.668237
2.512796
-1.570796
-0.049958
-3.218365
2.493261
-2.085248
1.089909
-2.677945
-2.505754
0.691921
-2.341703
-1.742987
0.677708
-2.166995
9.019886
0.121352
0.463648
-1.985303
-0.563316
0.233743
-2.852089
-1.864385
1.706324
0.441179
-1.140104
-2.784973
-2.507570
-1.997424
1.978052
-2.857799
-2.860360
-2.214297
-0.931882
1.985303
-1.989021
-2.342497
0.976037
-1.524318
-0.350728
0.685730
1.904041
1.222025
2.667741
1.614247
-2.186416
-2.070143
-1.826948
2.034444
-0.341615
-1.504228
2.431054
1.870967
1.661456
2.996780
-2.624898
0.886502
-1.138389
-2.749893
-1.220068
0.041643
-0.588003
2.630362
-1.717875
-0.864597
-1.892547
1.699120
-1.220068
2.210566
1.633215
-2.073640
1.266285
-0.704494
9.343326
-0.032247
-0.581380
-3.141593
-2.388441
-2.588751
-0.165149
-2.951604
-1.061725
-1.978052
-2.043703
-0.493941
0.804264
0.307046
-0.770906
-0.736257
0.688924
0.260602
-2.493781
0.335639
0.915101
-2.312744
0.375271
2.052460
-2.318238
-0.022219
1.999060
2.107707
-2.839974
-2.245537
-1.739393
1.768192
-1.030377
2.100386
2.785373
-1.325818
1.262744
-2.940276
-2.731465
-0.358771
0.110657
0.982794
1.647568
-1.331053
1.824470
1.359703
1.963854
0.426627
-1.712693
-0.931410
2.291768
-1.124691
2.730528
-1.125495
2.137526
0.631691
0.047583
0.218669
-2.930499
0.463648
-0.397079
-2.074962
-0.473356
9.297268
2.140110
-2.846152
-0.977047
-1.237552
-1.373401
1.878849
-2.158799
-1.436475
2.270689
-0.839400
2.591207
0.157769
0.963809
-1.647568
-1.148791
2.277411
-0.401871
1.972667
2.327631
-2.265535
1.612439
-0.328553
2.371578
9.149352
1.927016
1.674589
1.089133
-0.105984
1.629552
0.497343
-0.301619
2.145101
2.536048
1.490966
3.037800
2.410686
0.913721
-0.086738
-0.348771
-1.150133
-0.708626
-0.617756
1.202100
2.055274
-1.063698
-1.203622
2.476818
1.924794
0.000000
-1.261866
-0.076772
1.495936
1.824470
-2.906870
-2.619758
0.438859
-0.244979
1.706324
0.606988
0.594759
0.309703
1.995628
9.289250
1.275355
0.221314
-2.191046
-0.982794
-2.706239
0.734594
-0.588003
-0.387524
-1.695151
-0.923404
-0.294235
2.432966
-0.088656
9.448583
0.770906
-1.964247
-1.061725
0.966491
1.272297
1.837048
2.756988
2.553590
-2.523837
-1.174355
0.842479
9.079222
2.171870
-0.445301
2.411693
9.160290
-0.404892
0.674741
2.493781
2.396173
-0.588003
-0.891383
-2.896614
-2.251318
1.947287
1.866237
-2.469986
0.700854
-1.549061
-1.975688
0.624635
2.006150
-0.965252
-2.622447
-1.849096
1.968424
-2.498092
-2.963500
0.022219
0.909753
-1.858078
1.405648
-2.654693
2.931953
-0.643501
-0.088007
0.722979
1.985303
9.325109
1.428899
-1.152572
2.451793
-1.778293
2.248916
-3.052937
-2.073640
9.210717
1.390943
1.069783
-0.254368
-2.649107
-1.405648
-1.892547
-2.686873
0.068076
2.856862
0.501013
-1.592532
-2.460294
-0.593750
0.989416
2.248916
-0.262120
1.846222
1.168926
2.209710
3.094010
-1.732634
-2.780389
-0.278300
1.869295
-3.329814
-1.570796
2.944197
1.886011
2.914794
2.287338
-0.110657
-2.696292
-0.631691
-1.214577
-0.927295
1.413028
0.883672
0.197396
-1.116952
-2.969402
2.186416
2.181522
-3.409959
2.832662
0.526627
2.297439
0.657075
2.276995
-1.428899
-0.502843
2.256526
0.654083
0.152649
-1.431700
-0.022219
-1.089133
0.321751
0.463648
-1.431700
-3.163328
1.194306
-2.536048
-2.210182
0.185348
-1.065935
-3.050933
1.157107
1.676781
-1.163165
0.441179
1.700499
2.281706
1.117458
-2.475623
1.176005
-3.121187
-1.345520
1.768192
9.279965
2.225367
-3.060689
2.170847
-2.183334
-2.794531
0.962107
-0.977047
-1.869295
2.687291
-2.799977
1.138389
-0.361204
0.124355
0.352044
-1.467004
1.681454
0.635027
-1.570796
-0.255182
0.065125
0.118490
1.674589
2.913096
2.256526
-2.356194
1.033512
-0.566729
-1.451367
-1.480136
2.188552
-2.181522
-2.356194
2.381830
2.930499
-0.802940
2.126963
-2.474287
2.313966
-1.533078
0.000000
-1.489344
-1.951303
2.570255
-1.978945
-1.549966
-0.076772
-2.183334
-0.638320
1.331053
-1.965587
9.118899
-0.384169
-2.914794
2.806856
1.315614
-1.171281
-1.754740
3.141593
0.841942
2.709185
-0.982794
1.886011
2.731465
-1.405648
-2.649107
2.070143
1.837048
-0.415492
2.079867
0.639386
2.006150
2.297439
-1.467004
1.154732
0.537285
-1.697769
-0.021736
-1.617274
-0.516231
0.328553
1.441094
9.174799
1.097890
-2.498092
-3.002953
2.324955
2.451793
-2.601173
-1.061725
1.927016
2.199593
-1.214176
-1.509648
1.369034
2.498092
0.256151
2.056418
1.995628
1.852029
1.750650
1.428899
1.630724
-0.020405
-2.901850
-1.249046
-1.150600
0.734594
2.101570
-2.399645
-2.370278
-0.647392
-0.124355
3.034857
-2.083186
2.103640
-2.906048
-2.217844
-0.801270
-1.135443
-1.644735
0.977047
2.443690
-1.681454
-2.756435
-1.231504
-1.117458
1.501142
1.019141
-1.409421
-1.842942
-1.507053
1.742987
2.034444
-3.265948
-0.321751
1.079633
1.815775
-1.190290
-1.087349
-0.214061
0.202322
2.356194
-1.067953
9.169596
-2.570255
-3.758784
0.249979
-2.183334
0.544280
-1.735945
3.082837
1.570796
0.350728
1.650626
-1.186627
9.329826
2.034444
-1.978945
-2.717398
1.390943
1.060308
0.839400
2.488746
1.892547
-0.297064
-3.181571
-2.594030
9.115847
2.421039
-2.920278
2.295662
1.946757
0.708626
1.232918
-2.878598
1.719686
-1.277207
-1.331053
-1.899349
-1.866237
-2.530867
0.197396
-2.158799
-2.757423
1.905533
-0.228497
-2.356194
2.158799
-3.010765
-0.126973
-2.869447
-1.529154
1.343997
2.316216
0.511231
-1.723446
1.446441
1.862253
3.082837
2.869447
-0.799482
-0.830144
-2.882261
9.196281
0.982794
0.449760
1.796073
2.833540
-2.466852
0.523919
-1.514253
-2.819842
0.179853
2.752276
1.721812
0.158655
1.919567
-0.737815
-2.283857
-0.571337
-2.696292
3.015001
0.161375
-2.043703
0.000000
-1.172274
1.685673
-0.287281
-0.878875
-3.188071
-0.687124
1.004067
0.281232
-0.982794
2.064738
-0.396441
0.284730
2.342862
0.938047
0.537285
1.222025
1.037952
1.927016
-1.728565
0.624635
2.221873
-0.278300
2.014245
-2.489724
3.002953
2.356194
1.261093
-2.175102
1.512041
0.694738
-0.571337
-0.039979
-0.662730
-2.462930
0.837981
1.951303
0.770474
-1.637364
-2.185459
-0.511231
-1.158386
-0.909753
9.014651
-2.275290
-2.593043
-2.201876
2.400941
2.925042
