-1.126377
0.179853
-2.325901
1.626295
-0.083141
-2.119346
-2.927532
-1.520838
0.000000
-0.870903
1.527345
1.980924
0.750929
2.806856
0.321751
-2.609869
1.983207
2.927532
2.553590
2.297439
2.609869
1.352127
-1.653938
2.119346
0.635027
-3.096169
0.643501
0.278300
-1.759018
-3.101614
-2.270689
-2.878598
0.499347
-1.107149
2.158799
-1.107149
-0.785398
2.170847
-0.308053
-1.951303
-0.870903
-1.039072
-0.094952
0.902507
-2.521343
-1.825979
2.819842
1.279340
-1.951303
1.815775
-0.548549
0.114877
2.300696
0.625485
-0.380506
-1.570796
1.080839
-1.570796
0.935770
-2.736701
2.498092
-1.074374
1.768192
2.718739
1.275355
-0.960070
2.961739
1.520838
-2.657115
-1.107149
0.558599
-1.030377
-0.935770
0.960070
-2.221873
0.363979
2.853537
-2.325901
1.723446
-3.061763
-1.943784
1.929567
-2.483704
1.475845
0.336675
-0.165149
1.657535
0.600050
3.058451
0.043451
1.313473
0.632749
-1.160669
-1.892547
1.929567
-0.960070
2.593043
-2.137526
1.475845
2.300696
1.934775
1.451367
-2.111216
-2.914794
-0.554307
-0.688924
0.588003
-0.090660
2.850136
-2.659079
2.259721
0.625485
-2.205823
0.856706
-2.777614
2.223643
2.095592
-1.685673
1.236059
0.785398
-2.303611
-1.907471
-3.061763
-1.876675
0.380506
-1.525373
-0.197396
-2.622447
1.325818
-2.850136
-2.446854
-2.796037
-1.487655
3.011890
3.141593
-0.148890
1.107149
-0.273009
-2.293776
0.643501
-1.365401
-1.217806
-2.539305
0.813962
0.000000
0.174672
0.588003
0.321751
-0.574305
-0.722979
-1.234122
2.473303
3.098142
0.278300
0.418224
-0.847817
-1.382575
1.951303
0.086738
-2.325901
-2.125104
-2.432966
-0.540420
-2.886410
-0.124355
-2.070143
2.677945
-0.876058
1.892547
1.833791
1.056345
1.570796
0.688924
1.206817
0.674741
2.857799
2.422763
-1.695151
0.554307
2.582993
1.719686
-2.988943
-2.205823
-0.422854
3.050933
-1.570796
-0.635027
2.270689
1.022247
1.325818
-1.074374
-0.840897
2.553590
0.972377
1.530818
-0.758378
-2.158799
0.321751
-2.323948
2.205823
-0.576375
1.480136
1.152572
-0.442374
0.722979
1.365401
1.234122
1.487655
-2.384758
0.956133
2.846152
-2.356194
-2.541542
-0.444419
1.661456
1.750650
-1.441094
2.055274
-0.862170
-1.742987
0.851966
-0.785398
2.473303
-1.088283
2.819842
-1.570796
0.363979
-1.435269
-2.697173
-1.315614
2.293776
-2.819842
0.856706
-0.442374
2.934096
-1.768192
-0.090660
-0.960070
-2.231839
-2.418613
1.471128
-1.880499
2.000559
-0.652847
0.114877
1.750650
2.034444
-3.064821
0.756835
1.856848
2.714965
1.067953
-1.249046
3.141593
0.358771
-0.996491
2.622447
2.819842
0.851966
-0.484478
-1.107149
1.989021
2.321725
-1.727398
2.868584
0.000000
3.141593
-2.506566
-0.370891
-2.718739
1.107149
-0.563316
-2.587285
2.203545
-1.089909
-1.993650
-2.117585
-1.088283
1.128422
1.398606
0.851966
1.475845
-1.570796
2.289626
-0.524796
2.231839
-2.265535
1.365401
0.321751
2.969402
0.574305
2.819842
1.570796
0.819867
-1.892547
-0.970746
-1.107149
-1.373401
-0.336675
-0.321751
-0.785398
1.212026
1.742987
-0.148890
0.083141
-2.452668
-2.886410
2.855541
1.665748
-1.892547
0.270947
-2.498092
-2.325901
2.181522
0.643501
1.735945
1.854590
0.270947
-1.742987
-1.644735
-0.278300
-2.695487
1.441094
-1.804540
1.107149
-2.553590
1.712693
-0.444419
2.999696
1.616220
1.435269
1.428899
-1.494024
1.067953
1.236059
0.785398
-0.083141
-2.034444
1.570796
1.071450
-2.129396
-1.160669
2.659079
-0.185348
-1.849096
-1.735945
0.718830
-2.578276
-2.356194
0.785398
2.927532
-1.661456
2.125104
-1.750650
1.182478
-0.333244
-2.245537
-2.196281
-0.086738
-2.300696
0.844154
-1.405648
-1.172274
0.321751
-0.668289
2.214297
2.077895
2.134113
-1.405648
0.257324
2.768605
-1.869295
0.674741
-0.348771
-2.677945
0.817645
-2.638749
-1.217806
0.348771
0.266252
-3.101614
-1.428899
1.382575
-1.665748
2.205823
-1.876675
-1.929567
2.835714
2.539305
1.570796
0.862170
-2.386488
-2.711830
-0.278300
-2.886410
-0.935770
2.181522
0.718830
-1.030377
-0.785398
-1.653938
1.446441
-1.460139
-0.086738
-1.337053
-0.546789
2.609869
0.822418
3.141593
-3.017238
1.657535
-1.959115
2.875341
1.315614
1.475845
1.337053
0.041643
0.945311
0.531724
0.094952
-2.446854
-2.490516
2.325901
1.620755
1.234122
1.923787
1.067953
-0.404892
1.107149
-0.982794
2.792822
2.831890
-1.172274
1.373401
-2.010639
0.708626
2.835714
-2.390664
-1.156289
0.927295
-0.339293
0.372988
2.896614
-0.141897
-2.768605
-1.907471
-1.647568
-2.833540
-0.576375
-1.923787
2.356194
2.089942
0.094952
-2.792822
2.982937
-0.748378
-1.385448
0.862170
-2.452668
-1.484058
1.347320
-0.037020
-0.862170
-1.071450
-2.753274
-2.565217
-2.878598
-2.782822
-0.927295
2.013171
1.670465
2.411693
-2.483704
2.089942
2.498092
0.223477
-1.141034
0.283794
1.490966
1.325818
-2.868584
0.188222
1.222025
-3.061763
1.650626
-2.147172
-0.172191
-1.759018
-2.699218
-1.128422
-2.191046
0.755104
0.043451
1.801887
2.134113
2.539305
-0.336675
1.441094
1.019141
-2.863293
-0.960070
-1.610775
-1.905533
-2.411693
-2.051684
2.802300
0.994421
-2.384758
2.386488
-0.165149
-2.386488
0.982794
0.970746
-1.753907
1.206817
-1.916352
-3.061763
-0.422854
0.896055
3.141593
2.034444
1.484058
1.629552
0.756835
2.356194
1.690225
-2.906048
2.609869
0.404892
0.388319
-0.043451
0.439843
0.283794
-2.863293
0.135528
2.944197
1.363300
-2.488746
-1.532354
-0.218669
1.487655
-0.935770
1.742987
-2.015216
-0.665969
2.275290
2.327631
-1.144169
2.833540
-2.321725
2.196281
1.980924
-2.259721
0.099669
1.841743
-0.444419
2.170847
0.305879
-0.968509
-1.959115
-0.336675
1.849096
0.336675
-2.125104
0.422854
-2.214297
-0.688924
-1.203622
2.982937
-0.039979
-2.459276
-2.356194
-0.558599
-1.236059
2.804918
0.748378
3.026716
-1.919567
-2.969402
-2.275290
0.000000
0.205395
-0.524796
0.531724
-1.843805
-2.530867
-3.098142
-2.835714
2.125104
-1.606495
2.231839
-0.960070
-1.007480
-1.071450
3.046641
-0.045423
2.553590
-1.880499
-1.124691
-2.804918
2.356194
-2.284887
2.293776
-0.463648
2.010639
-0.960070
0.363979
-1.862253
2.659079
-0.372988
-1.525373
1.804540
-0.295441
-2.095592
-0.902507
-1.794273
2.293776
-1.784857
-3.058451
-0.334737
1.907471
-0.339293
1.570796
0.480887
1.471128
-2.896614
0.661043
2.323948
2.327631
2.587285
-2.530867
2.070143
-1.172274
2.034444
0.207496
-1.337053
0.099669
-2.073640
-1.234122
-2.393215
-1.325818
3.017238
1.971037
0.817645
-0.785398
-0.496423
-0.165149
-0.135528
1.742987
1.941688
-0.422854
-0.996491
-2.697173
1.529154
1.089909
0.856706
-1.441094
-1.398606
2.887919
1.670465
-1.685673
2.616797
1.873681
-1.653938
-2.976444
0.172191
-1.533776
0.909753
2.944197
-0.197396
-1.455920
0.041643
2.279423
-2.253113
-2.896614
0.114877
2.325901
2.961739
0.688924
-2.111216
2.289626
-0.380506
1.804540
-0.999459
-1.012197
1.487655
2.506566
-0.718830
-0.370891
0.422854
