-0.348838
1.155800
-0.559155
0.257038
-0.053977
-0.422178
-0.668118
-1.745415
-0.149942
0.997650
0.209114
0.303571
1.233960
0.501787
-0.074454
0.680529
0.373990
-0.547850
0.422950
0.312281
0.418924
0.129703
-0.517948
0.415583
1.335704
0.550425
1.295789
1.229218
-1.658109
-0.732810
-0.580155
0.637167
1.237051
-0.300804
0.314814
-0.304657
-0.384891
0.267748
-0.096667
-1.852015
-0.288391
-0.309548
-0.107886
1.311487
-0.632081
-1.776495
-1.858330
0.184150
-1.765161
0.261784
-0.203848
1.218364
0.373654
1.290373
-0.175214
-0.405647
0.258853
-0.487621
1.305876
-0.660824
0.365048
-0.311351
1.475001
0.617781
1.468064
-0.301294
-1.738357
1.527594
-0.562407
-0.441402
-0.076153
-0.338153
-0.234173
1.361312
-1.840054
1.246729
-1.907934
-0.532086
0.340720
0.522529
-0.453576
0.355948
-0.611331
1.416138
1.277993
-0.083861
0.230089
1.248990
-2.192922
-0.041136
0.282257
0.046106
-0.292237
-1.735946
0.378228
-0.310297
0.514005
-1.768546
0.226724
0.344665
0.315014
0.252321
-0.580237
0.580441
-0.283289
1.038451
-0.008657
-0.222508
-1.808536
-0.640664
0.413189
1.366102
-0.482852
0.195404
-0.607315
0.353713
0.408818
-1.683530
0.171652
-0.016422
-0.635573
-1.797888
0.506666
-0.416271
1.185401
-0.466608
-0.196040
-0.668850
1.327521
0.608708
-0.738094
-0.681598
-0.382869
0.139629
-0.823152
1.132280
1.399982
1.037220
-0.645653
-0.041055
-0.377808
-0.475614
-0.587061
1.305537
-0.056753
-0.169230
0.043282
-1.317402
1.105961
-0.211226
-0.314950
0.374042
-1.773761
1.309527
1.299586
-0.349804
-0.451374
0.316252
0.019711
-0.557378
-0.508318
-0.528044
-0.217172
-0.750587
-0.052833
-1.781954
0.429790
-0.302075
0.286028
0.263455
0.118813
0.290062
1.366976
0.120158
1.308511
0.471867
0.447348
-1.659407
-0.006748
0.388594
0.300761
-0.751796
-1.835368
-0.142437
-2.154554
0.864601
-0.250340
0.373810
1.358978
0.246940
-0.267311
-0.366926
0.403404
1.370232
0.256661
-0.232257
-0.592627
-0.043730
-0.584764
0.325478
-0.236840
1.503213
0.072646
1.104908
0.048787
0.172614
0.215906
1.426459
-0.535371
-0.086415
0.496421
-1.869343
-0.577371
-0.182969
0.286630
1.548252
-0.426320
0.407861
-0.359424
-0.366377
0.008022
-0.300798
0.452693
-0.320160
0.566322
-0.461754
0.008667
-0.383662
-0.580438
-0.425902
0.270835
-0.686543
1.306676
-0.303513
0.577272
-0.447473
-0.213192
-0.302595
-1.835404
-0.589703
1.487984
-1.842256
0.259424
-0.308652
1.151367
1.559382
0.330712
0.511143
1.355946
0.282562
0.428839
1.380952
-0.403067
-0.746718
-0.060918
-0.288562
0.410879
0.563288
0.114557
-0.264980
-0.221776
0.302762
0.327566
-0.371707
-3.075837
-0.102426
0.191576
-0.567977
-0.231854
0.595375
1.356283
-0.264225
-0.603716
0.293143
-0.324519
-0.490873
-1.750244
-0.360163
0.139520
1.384618
0.090506
1.444510
-1.706128
0.441974
-0.238409
0.391957
-0.624186
1.530252
-0.008890
0.492190
0.031536
-1.834147
0.362260
1.293110
-0.503632
-0.332755
-0.334729
-0.316599
-0.182807
-0.255747
-0.242896
0.144434
0.224814
1.210146
-0.137217
-0.676050
-0.668748
0.581386
0.273673
-0.412562
-0.010599
-0.605397
-0.530382
0.422897
1.323104
0.255826
0.339962
-0.173029
-0.497752
-0.444727
-0.221527
-0.596444
0.140319
-0.408253
-1.077453
-0.547756
1.503411
-0.188692
0.585845
1.453166
0.220140
0.281243
-0.356974
1.429954
0.235487
0.056419
1.245848
-1.769670
0.162481
0.154366
-1.920941
-0.331366
0.442992
-0.062965
-0.450384
-0.483073
1.335020
-0.518189
-0.578888
1.351243
-1.865607
-0.453780
0.255642
-0.427772
1.436286
-0.158297
-0.557770
-0.654988
-0.070377
-0.651941
0.029053
-0.503874
-0.358875
1.262188
-0.262452
0.310629
0.330528
0.417587
-0.376996
-0.038646
0.448362
-0.548838
0.021977
1.060489
-0.639405
0.032769
-0.635841
-0.329942
1.253548
-0.020097
-0.697880
-1.610259
0.289461
-0.535722
0.408156
-0.408162
-0.414713
0.402171
0.470489
0.235436
1.339156
-0.545812
0.622621
-0.192850
-0.682636
-0.262399
0.310261
0.035969
-0.337352
-0.276667
-0.438533
1.378448
-0.456829
-0.145082
-0.340950
1.071844
0.458479
-0.063184
0.283730
0.322096
0.200998
-0.520308
0.431946
0.171437
0.289732
-1.170681
-0.093002
1.343383
1.210076
-0.197242
-1.871632
-0.580667
0.358542
0.475887
1.459964
0.333564
0.134189
-0.187435
0.109798
-0.283574
0.518371
-1.756823
-0.338799
0.171956
-0.493050
1.385618
0.382286
-0.547216
1.059024
1.420009
-0.155841
1.248809
0.478466
-0.032822
-0.693182
-1.621244
-1.714247
-0.685305
-0.170598
-0.534613
0.433487
0.385056
-0.218753
0.630129
0.586051
-0.138333
-0.358436
1.390095
-0.564719
-0.376041
1.451671
-0.139555
-0.228511
-0.321254
-0.604213
-0.676456
-0.631759
-0.621649
-0.302450
1.603748
0.307930
0.370562
-0.577777
0.316838
0.376175
-0.050006
-0.359204
1.189998
1.465666
1.485294
-0.620035
1.164187
1.349968
0.527461
0.172024
-0.556049
-0.160369
-0.439968
-0.606339
-0.452388
-0.566504
1.360050
-0.077106
0.268911
0.368752
0.431766
-0.173226
0.204291
1.108262
0.644408
-0.339440
-0.430842
-0.496995
-0.602705
-1.838214
0.592828
1.342280
-0.601856
0.386693
-0.143727
-1.855012
0.136884
1.373991
-0.560349
1.359369
-0.447564
-0.758915
-0.262809
1.320438
-1.815575
0.381292
0.193516
0.177238
1.375388
0.334673
0.285793
-0.727257
0.374226
1.222697
-0.041493
-0.125181
-0.059074
1.146439
-0.705561
1.166928
-1.795303
1.462280
-0.557782
-1.657528
-0.193511
0.312300
-0.340240
0.161122
-0.335718
-0.210267
0.390826
0.359208
-0.381762
0.497286
-0.607548
0.363333
0.336077
-0.535066
-0.114991
0.297991
1.043997
0.312016
1.262645
-0.316203
-0.539664
1.083192
0.300983
1.291468
-0.482914
1.242922
-0.559624
-0.321127
-0.415271
-1.828340
1.184578
-1.905175
-0.595082
-0.322158
-0.306443
-1.882491
1.243791
0.789164
-0.635581
-0.683395
-1.851221
0.072276
-0.004500
-0.193856
0.084586
0.782907
-1.833029
-0.625391
-0.775720
0.361012
-0.516045
0.371334
-0.383611
-0.287969
-0.273065
-2.157957
-0.163011
0.285014
-1.765697
-0.388612
-0.662470
0.376598
-0.601567
0.291990
-0.161997
0.309164
-0.288991
0.041744
-1.793195
0.431949
-0.219433
-0.434629
0.298735
-0.129799
-0.440996
-0.322592
-1.751703
0.361105
-1.822997
-0.680139
-0.216912
0.322343
1.098620
1.478815
1.247523
1.477281
-0.711391
1.201262
0.452872
0.335133
0.516138
-0.604807
0.313549
-0.338831
1.610111
-0.189334
-1.590785
-0.183831
-1.732024
-0.332335
-0.606252
-0.343913
-1.792004
0.313035
1.338191
-0.321192
-0.167608
-0.128579
-0.170747
1.526992
1.591716
-0.243785
-0.318475
-0.601457
0.241608
0.150934
1.432853
-0.355382
-0.363867
-1.808632
0.333309
-0.531857
0.504687
0.339706
-0.385140
0.584873
1.234181
-0.434167
1.341300
-0.486140
-0.181681
-0.446497
-0.001973
0.396124
-0.551252
-0.686945
-0.186759
0.442291
0.567799
-1.360658
-0.571606
0.436825
-0.287292
0.270701
-0.518531
-0.380519
0.202883
0.406988
-0.264788
-0.261058
-0.054936
