-0.298976
0.224809
-0.416522
0.335421
-1.981571
0.538087
-0.736031
1.452973
1.173627
-0.366424
-1.830411
-1.656766
-0.352431
-0.112120
-0.342711
-0.535467
-0.368316
-0.571601
-1.738974
-0.105795
0.380970
-0.601367
-0.515791
0.062739
-1.946126
-0.784373
1.970027
-0.615843
0.977366
-1.808908
-0.096694
-0.621360
1.349891
-0.627063
0.094807
1.740870
-0.816006
-0.329660
0.456574
1.416724
0.263830
1.439196
-0.217480
-0.718133
0.988551
-0.546119
-0.025834
-0.177301
-0.158366
-3.297427
1.539657
-0.363889
-0.320654
-0.848284
0.436444
-0.276903
-0.328402
-1.731803
-0.750682
0.302549
-0.412465
1.399509
1.218286
-0.684538
0.956317
-0.034859
-1.867167
-0.530294
-0.638661
-1.747285
-0.786624
0.000835
-0.767725
-0.496858
0.138091
0.326715
1.585678
-0.606669
1.211550
-1.716257
0.624326
1.442264
-0.106911
-0.448069
-0.342142
-0.538855
0.326987
-0.385184
0.488281
-1.748149
-0.959567
-0.285059
-1.555412
-2.394636
-0.531231
1.448836
1.277875
1.496291
-0.472169
1.183087
-1.792409
-0.524283
-0.588857
0.324908
1.287876
-0.336069
1.260952
0.372967
0.456174
-0.335134
1.405769
0.448060
0.320388
2.323587
0.947474
0.464248
0.225862
1.186888
-0.839728
0.285606
-0.301286
-0.566606
0.592262
-0.024513
0.000061
-1.822401
1.559313
0.322962
-1.882323
-0.441798
0.268993
-0.198021
-1.829652
1.475110
1.386849
-0.487755
-0.171082
1.133235
1.470912
-0.344014
-1.992350
-0.485635
-0.330392
-0.624842
-0.577041
0.208151
-0.996276
0.986369
-0.189895
-0.525582
-1.546255
-0.723131
-0.056958
-0.189035
-0.102601
-0.184126
0.404754
-0.290927
1.554579
-0.702301
-0.027984
-0.398214
0.365023
-0.326794
-1.830725
0.501885
0.771455
1.912310
-0.379414
1.305529
-0.588507
-0.483747
-2.130834
-0.445685
1.589536
-0.418861
-1.649051
-0.077296
-0.185442
-1.856821
-0.265610
-0.517430
-0.175514
1.397692
-0.157836
0.566780
1.333002
1.837926
0.588885
-0.946207
1.241134
1.340123
-0.733285
0.224198
-0.560995
0.120709
1.356000
-1.877689
-0.624985
-0.420531
1.139684
1.385650
0.555319
1.356874
-0.775174
1.301505
-0.322470
1.506671
0.330745
-0.337634
-0.161545
-0.094725
-0.138296
-0.776520
-0.468014
-0.474875
0.089836
-1.691016
-0.360534
1.679595
-0.618980
1.739421
0.348782
-0.376940
1.043121
-0.467151
1.699978
0.998259
-0.569183
-0.435976
1.484233
-0.269265
-0.834181
1.349455
1.323776
0.206581
-0.331805
0.315697
-0.263616
-1.718722
1.217918
-0.875180
1.395005
-0.734454
1.641615
-0.536647
1.582219
-0.289278
0.439737
0.353368
-0.338377
0.391222
-0.773045
-0.554495
0.333669
-0.616978
-0.100316
-0.171234
-0.109234
1.534059
-0.099812
-0.579779
1.330145
-0.583817
-0.240171
-1.642966
-0.704372
1.414778
0.756892
-0.898373
-0.620325
0.498046
-0.782574
1.379276
0.517695
0.198332
0.316468
-0.733098
-0.787244
-0.558251
-0.568879
1.067834
1.386670
-0.685802
-1.817427
-1.136909
-0.164371
-0.160197
0.188213
-0.383051
-0.175641
1.279186
-0.047256
0.348271
-1.102098
-0.383155
-0.185962
-0.263979
-0.406444
-0.114929
-1.656693
-0.334592
-0.628078
-0.626097
1.348169
0.121309
1.346534
-0.249359
1.227169
-0.326259
0.754080
-0.655238
0.307969
1.241581
0.119192
1.416584
1.400033
-0.070913
-2.058696
-0.505505
-0.969550
-0.122026
0.483281
0.068333
0.292159
-0.150698
-0.379413
0.147620
-1.786846
0.293798
1.422970
-0.152363
1.380838
-0.689102
-1.538239
-0.695359
-0.085915
-1.821477
-0.578310
-0.298861
1.441425
1.423879
0.164426
0.960826
-0.087663
0.986778
1.691012
0.313828
0.454558
0.449325
-1.375466
-0.109331
-1.695416
-0.646157
0.337730
-1.662456
1.365868
-0.468361
-0.401241
-0.137884
1.310236
1.541705
-1.839314
-0.690606
-0.379185
-0.736319
-0.271535
0.411685
-0.425560
1.237631
-1.521268
-0.612485
-1.667084
-1.737068
-0.595865
-0.641897
-0.426139
-0.543791
-1.832867
-0.190228
-1.718959
-0.642274
-0.203887
0.490603
2.750658
0.556654
-0.166156
-0.469041
-0.529068
-0.263656
1.527982
-0.271618
-0.544357
2.749502
1.235275
1.587073
1.312442
-0.505293
-0.666044
0.310901
-0.193781
-0.547780
1.225514
2.771556
0.172730
-0.383687
1.177038
0.361109
0.396132
-0.509308
-0.843035
-1.837435
-0.089400
0.228145
-1.732805
1.505691
0.295292
-0.239942
-0.591500
-1.938992
-1.877417
-0.582095
-0.484292
-0.591529
-0.410581
1.232405
-0.433967
-0.653803
1.277871
-0.064336
0.275665
0.079196
-0.555785
-1.758645
-0.067164
0.509569
-0.639557
0.290298
0.196537
-1.729650
1.677888
0.302605
-0.423353
-0.727977
2.918019
0.101511
1.268722
1.018244
-0.339488
-0.393232
-0.360734
0.653381
-0.219782
0.532619
-1.631579
1.283066
-0.311145
-0.049259
-0.677696
-0.989204
2.052291
-2.415826
-0.897960
-0.780142
0.056087
-1.451812
-1.740374
-1.483762
-0.587157
-0.229102
-1.755770
-2.023399
0.988253
-0.766621
-0.070445
0.142440
0.363791
0.364479
-0.236493
-0.826355
-0.052994
-0.522906
-2.065700
-0.155894
-0.748110
-0.824182
-0.375986
-1.810148
-0.342402
-2.027486
-1.816120
-0.271589
0.369750
-1.839863
-0.934881
-0.382091
1.192138
0.405528
0.420354
-0.280518
0.515881
-0.241342
-2.000144
-1.219946
1.561043
-0.621048
0.200813
-1.873970
-0.712425
1.484682
0.568900
0.448464
-0.668713
0.545019
-0.778024
-1.744420
1.173577
0.380772
-1.117508
-0.464686
0.488137
-0.539673
1.342150
-0.733008
-0.763701
0.401390
0.281289
-0.660221
0.881488
0.259242
-0.127135
1.290883
-0.378492
-0.561133
-0.390785
-1.785907
1.316262
0.017001
-1.053900
-0.317486
-0.443864
1.334450
1.321279
0.551416
-1.115097
0.689122
-0.277859
0.838583
-0.075132
-1.888054
-0.149437
-0.517747
0.253465
1.743806
-0.211481
-0.484511
-1.451723
-0.312257
0.217983
0.085784
-0.701966
-1.071046
-0.172458
-0.122810
0.114889
-0.329769
0.318096
1.709759
-1.858770
-0.502238
-0.244264
0.442896
-0.450639
0.408188
-0.652665
-0.235500
1.037643
1.258671
0.503056
1.343167
-0.316539
-0.284857
-0.576888
-0.049775
-0.850332
-0.788879
2.090990
-1.458878
-0.133328
-0.263710
-0.520450
-0.536544
1.565247
0.919152
-0.307891
1.617924
-0.646400
1.425963
-0.421389
0.445452
-0.728929
-0.447868
1.571376
0.490515
-1.746101
0.268475
-1.812935
1.310797
-1.705554
-0.377110
0.409963
0.295882
1.357953
1.772238
0.565825
0.719420
-0.334084
0.364679
-0.446575
0.564470
-0.045803
-0.067360
1.630555
-0.927970
-1.671118
-0.683731
0.155255
1.305274
1.283297
-0.718671
-2.170769
0.392874
0.334021
1.398276
-0.390836
1.234397
-1.828789
2.836825
-1.735820
-0.214017
-1.779916
-1.947005
-1.669495
-0.257250
0.951540
-0.732963
-0.182476
1.360366
-1.701437
-1.615317
1.636283
0.026863
0.415534
0.485021
0.341567
-0.474323
-0.288269
-0.410933
0.254300
2.816952
-0.813673
2.944315
-0.141447
1.239558
1.344910
-0.239891
1.443801
-0.858310
0.046281
-0.365140
-0.212166
0.480562
-0.259602
0.172886
-0.652259
0.362560
-0.306996
3.063162
1.315408
-1.340360
-0.199898
1.611138
0.305254
-0.364945
1.521547
0.370889
-0.282671
-0.365442
-0.633015
-0.855888
