-0.127577
0.460845
-0.628809
2.934153
-1.662375
-0.822735
0.387340
0.131278
0.442019
-0.385254
0.148983
0.406504
-0.522350
1.432698
1.248544
1.037545
1.259374
-0.769935
-0.547585
1.071427
0.483991
-0.139715
-0.261831
-1.694128
-0.579849
1.189012
1.464280
0.572038
-0.256908
-0.282462
1.552353
1.441189
-1.051782
-1.707440
-0.373854
2.616646
-1.840002
-0.684420
0.182008
-0.076863
-1.021200
-0.376418
-0.643766
-0.775746
1.235752
-0.328486
1.246887
1.686392
-0.767165
-0.520924
0.008747
-1.647321
1.570911
1.478347
0.281614
-0.575454
-0.791038
-0.281029
-1.854601
0.349355
-0.286507
-0.857241
-0.824913
-0.028010
0.208994
-0.366061
0.352935
0.588150
-3.199759
0.376524
0.550525
-0.310916
0.338837
-1.565130
-1.182866
0.366982
-0.039762
-0.354371
-0.101991
0.085043
-0.406535
-0.391623
1.528580
-0.123694
-0.277402
1.415450
0.410014
1.328054
0.206980
-1.737820
1.234389
-1.999285
-0.999719
-0.723767
1.280987
1.318077
-2.116316
-0.418632
-0.588801
-0.409640
1.998913
-0.556787
-0.435741
0.089985
-0.151996
-0.343123
-0.731146
0.582979
-0.057426
-0.510570
1.555262
-0.569543
-1.161468
-0.666620
0.458410
-1.759449
0.389867
-0.179140
-1.743251
-0.289391
-0.688465
0.106499
1.222210
0.200394
0.408999
-0.616156
0.135916
-0.415542
-0.501980
1.568441
0.042710
-0.759394
-0.297430
0.021756
-1.157775
-1.159466
1.724987
-0.289877
0.218211
0.238597
-0.902827
-0.328663
-0.560773
0.232307
-0.224791
-1.841168
0.411729
-0.073971
-1.871387
0.111632
-0.506588
-0.234174
0.397882
1.015771
-0.330133
-0.170689
-0.305350
0.437853
-0.419025
1.248379
-0.925899
0.350837
-1.773544
0.317991
-0.357389
0.420598
1.300439
0.338013
1.190835
-0.235721
-0.347074
0.949875
0.003889
-0.635813
-0.291429
-0.603828
-1.695182
0.331991
0.497384
-0.266019
0.412702
-0.558777
-0.675732
0.267229
0.150777
-0.122945
1.406852
1.429444
-1.743304
1.514761
0.123907
1.315131
1.556812
0.142388
0.274385
-2.036303
-0.353884
-1.157804
-0.708493
-0.319718
-0.583333
-0.626823
0.830963
-0.689600
-0.705384
-1.768623
-0.879206
2.354996
0.319379
0.440520
-0.656325
0.456850
-0.212782
0.004482
1.393445
1.762284
1.388714
0.525350
-0.181340
-0.289804
-1.642098
-0.550528
1.009600
-0.186419
-2.142430
1.600995
-0.600549
-0.166986
0.249379
-1.806429
0.304534
-1.787043
1.306753
-1.650414
1.401211
-0.344434
-0.522448
-0.440434
-1.676650
-0.757720
-0.218490
0.510844
-0.563776
-0.046292
1.224459
0.264283
0.462702
-0.313907
0.477079
0.207536
-0.269415
-0.609469
-0.692910
-2.186772
-2.125692
0.361651
-0.686329
-0.897666
0.585458
-0.322739
-0.297048
-0.798287
0.094978
-0.765951
-0.728981
-0.196201
0.155927
2.614715
1.178612
0.413396
-0.276800
-0.202179
-0.520657
0.058742
-0.210393
-1.620396
-0.592503
0.349011
0.301074
-0.365651
-0.770883
1.155496
-0.741248
-1.761689
-0.725328
1.271417
0.983747
0.333217
-0.480597
0.359816
1.501404
-0.598342
-0.527210
0.336086
0.114827
-0.966129
0.331157
1.182403
0.358950
-0.282960
-1.668064
-1.580094
-0.176459
0.422597
0.395379
1.323191
-0.187572
-1.771598
0.960150
0.417694
-0.503786
-0.538991
0.960681
0.712005
-2.098439
-0.791726
0.115467
0.003517
-0.537022
-0.443426
-0.166670
1.281325
0.155791
0.159385
-0.815480
-1.672028
-0.575271
-0.386665
-0.470335
1.487599
-0.630958
0.398069
1.295486
0.479835
1.224646
-0.670750
-0.652635
0.120309
0.341326
-1.592020
-0.620403
1.259677
1.356827
0.466525
-0.612651
0.220983
-0.072386
-0.362844
-0.160173
-0.178193
-0.168039
0.346120
1.499546
0.102874
-0.109234
-0.696958
-0.663975
-1.875336
1.310505
0.191266
-0.845299
0.031232
2.822482
0.547150
-0.433560
0.104533
-0.432290
0.491457
0.374253
-0.709674
0.202827
-0.312877
-0.092511
0.459274
-0.610840
0.964921
1.534576
-2.114975
-0.068609
-0.492484
2.000665
1.125710
-0.688173
-0.352526
-0.076318
0.052018
1.189134
-0.690116
-0.093274
-1.382499
-1.159358
1.634005
-0.918047
-0.490793
0.471685
-0.637385
-0.325399
-0.921208
0.448438
-0.742830
-0.188073
-0.470561
-0.245267
0.307747
-0.189082
-0.267907
0.379724
1.391462
-1.538247
-0.649773
0.192559
0.275550
1.171732
-0.170708
0.202402
-1.034038
-0.581614
0.109274
-0.615387
1.249327
-0.207451
0.156390
1.474751
-0.457540
1.411590
1.301130
0.379418
-0.659939
2.674654
-0.375199
-1.602129
-1.721232
0.423686
-0.634321
-1.196108
-0.781671
-1.179727
-0.196818
0.636628
-1.184407
0.304510
-0.686211
-0.529702
-0.673418
1.226725
-0.367205
0.344502
-0.713357
0.193239
-0.234576
-1.001923
0.551113
-0.585950
-0.657091
0.422713
-0.334661
-1.394323
-0.244300
-0.412024
-0.518971
1.289486
0.146963
-0.124061
-0.984976
-0.137318
-0.578691
-0.415470
1.165650
-0.604637
0.450111
1.548895
-0.245601
1.635297
0.215181
0.950373
1.106542
-0.167711
-0.486335
-0.165508
-0.339333
1.243371
-0.657583
-0.427615
-0.396490
0.341052
1.329943
0.294185
0.987682
0.385269
0.434237
1.503989
0.482493
0.574724
-2.149513
-0.419580
-1.655462
-0.030811
-2.095512
-0.236091
1.323125
-1.684031
-0.662792
-0.767000
-0.531160
2.911099
-0.723812
-0.236850
-0.169956
-1.771868
1.248431
-0.146369
1.175206
1.283295
-1.866484
-0.019664
-0.959953
-0.250028
0.139541
0.481376
-1.803996
-0.708342
-2.014285
-1.615231
0.411614
2.988690
0.105787
-0.402529
0.417916
0.557754
-0.341153
-0.093396
-0.826935
-0.771792
-0.631772
0.481248
-0.279826
2.599493
-0.453125
1.128134
-1.922482
0.358762
-1.796336
-0.151198
0.416186
-0.262610
-0.244703
-1.715213
-0.596416
-0.525302
1.340415
-0.071149
-1.617750
-0.322559
-1.786073
0.179537
0.120326
-0.646821
-0.531040
0.452414
0.310790
0.214024
-0.275932
0.723645
-1.741687
0.495969
0.988167
-0.291572
-0.442918
-0.135938
-0.418875
1.308570
0.297522
0.483410
1.231168
2.852407
-0.001308
-0.463223
-0.512485
1.214170
-0.384774
1.515796
-0.670581
-0.629183
1.013536
1.496667
-0.773399
-0.352996
1.110555
1.475898
1.434711
-1.725730
0.436710
-0.420210
-0.306049
-0.365888
-3.393293
-0.050574
-0.175091
-0.309470
-2.432622
-0.239319
1.534854
-0.017049
-1.622953
-0.313560
0.162566
1.274583
2.460922
-0.362636
0.391321
0.339666
0.295914
-0.333951
1.373630
-0.290648
-0.435780
1.815077
-1.047595
-0.694169
0.486407
-0.157010
-2.050149
0.555336
-0.281766
-0.641381
1.097198
-0.141277
-0.646478
0.168236
-0.082130
0.296200
-1.963865
-0.181588
0.389936
-0.574640
-1.887330
-0.476815
0.265972
0.280095
0.155836
-0.704433
0.010300
-0.287153
-0.789093
-0.532547
-0.402271
0.134443
-1.143856
-1.925461
0.335592
0.452549
2.525143
-0.519719
-0.324356
0.142909
-0.595354
0.253302
-0.219454
-1.612732
1.276669
-0.619825
0.237510
-0.543886
1.370133
1.718547
-0.818117
-0.207565
0.191795
1.054817
-0.178583
0.440083
0.500813
0.320562
1.561100
0.060676
1.470495
1.044652
0.371832
-0.303303
0.161840
0.101329
0.495040
-0.472255
1.405914
-0.793714
0.494485
-0.588796
-0.795285
-0.901741
-0.176775
