-0.372212
1.570484
-0.348993
0.015955
-0.434923
0.196547
-1.308664
-0.198432
0.552414
-0.616975
-0.351851
0.414263
-0.573577
-1.824377
0.375303
-0.114216
1.274946
-0.635068
0.341572
1.469700
1.413839
-0.420527
-0.454860
0.317880
-1.388292
-0.702535
1.070377
1.227853
1.184167
0.230162
0.343149
-0.532388
0.357021
-0.669059
-0.591725
-0.499869
0.926309
-0.005370
0.286062
0.158763
-0.459888
1.352227
1.322852
-0.105926
0.455569
-0.609593
1.523455
-0.599183
0.111361
-0.217650
-0.622194
-0.132662
-1.632986
-0.516676
-0.363745
0.181754
1.332170
-0.319714
0.186454
-0.537672
0.864389
1.386719
-0.305629
-0.689145
-0.536137
-0.550993
1.096975
-0.300925
-0.402636
0.254633
-0.466415
-1.717079
-0.703836
0.214782
-0.440932
1.316790
-1.767080
0.322406
0.353088
-0.751934
0.842520
0.270191
-0.340656
-0.331515
-0.090929
-1.772138
1.189799
-0.486757
-0.310724
-0.421702
1.294320
-1.419224
-1.926688
0.182320
1.520840
-0.508095
1.443240
1.112814
1.195088
0.373984
-0.574696
1.305109
-0.470272
0.312102
-0.634714
-1.766138
-0.341451
1.442709
-1.645218
-0.311629
1.065866
0.320383
-0.669502
0.987277
-0.500084
-0.264331
-0.819671
-0.231960
0.398031
-0.130563
1.299036
-0.741908
1.077471
-1.776289
1.267804
0.329700
-0.030235
0.159512
-0.351749
-0.437661
-1.791280
-0.427312
-0.194538
-0.505969
-0.226072
-0.779757
1.535517
0.515913
-0.346072
-0.137265
1.166909
0.257793
-0.481609
-0.520058
0.080636
0.168248
1.363118
-0.672677
-0.676071
-0.494630
0.664990
-0.169223
0.114703
-1.820260
0.188261
1.346706
-1.755519
1.149332
-1.718905
-0.369554
-0.125074
1.309847
0.668674
-0.635597
0.870602
-0.808627
-0.495988
0.524321
1.487063
1.273326
-0.611708
-0.356518
1.351553
-0.444743
-0.577212
-0.670976
-0.350944
1.241967
0.318295
-1.772242
1.300358
0.133091
-0.468480
0.313962
-0.226181
0.456764
-0.317455
0.588947
-0.236856
-0.228625
-0.062529
-0.616480
-0.687744
-0.830948
1.349939
-0.518934
-0.203794
-0.578483
1.390622
-0.748663
0.544670
1.451710
1.413681
-0.706272
0.121833
-1.967439
0.201018
1.321104
-0.426231
1.549866
0.435982
-0.626711
0.338978
1.376836
-0.651026
0.395116
0.250916
0.452599
1.199672
1.507843
-0.620559
-0.358196
1.557380
-0.520690
-0.553341
0.228824
1.230647
-0.596859
-1.372012
-0.366070
-0.272726
0.028592
0.211373
-0.046674
-0.302426
1.278546
-0.641418
1.462910
-0.128046
-0.640603
-0.270577
0.299653
1.393751
-0.763762
0.375072
1.584672
-0.122709
-0.544496
0.225734
-0.147181
-1.972445
-0.673808
1.433631
-0.578304
-0.335534
1.201243
0.258377
-0.194674
1.410454
1.320397
0.478631
0.228948
-0.591784
1.181640
0.287232
-0.426545
-0.050412
0.265517
0.335811
-0.564956
1.495398
0.191703
0.510602
-0.517009
-0.403271
-0.146760
-0.463798
-0.367297
-0.423826
-1.672911
0.279922
-0.595112
0.427830
-1.741240
1.228210
-0.255586
0.356496
0.825444
-0.947483
-0.374993
0.371496
-0.818530
0.407301
0.455300
-0.086244
-0.235057
-0.308858
-0.214718
0.323941
-0.318771
-0.600279
-1.164216
0.461185
0.357345
-0.293688
-0.091237
0.269426
-0.793449
-0.559363
0.269999
1.469481
-1.938797
1.746563
-0.240304
1.387004
-0.128668
-0.605552
1.329001
1.265776
-1.646764
1.474450
1.572954
-0.674516
1.133440
-1.792403
1.663095
-0.403938
-0.278515
-0.507934
-0.682704
1.766715
-1.384940
-0.145358
-1.869754
-0.433338
1.294695
1.291797
-0.759418
0.429761
-0.496350
0.117863
-0.450364
0.417205
-1.834980
0.483011
-1.643737
1.240472
-0.269331
1.555881
1.448159
-1.767130
-0.225443
1.370869
-0.468523
-0.586873
1.218105
-0.590956
0.123021
-0.328746
0.079781
-0.090631
-0.390540
0.556863
0.045840
0.256482
-0.173834
-0.668207
-1.784507
1.205158
-0.327532
1.221382
-0.316238
0.496799
-0.474155
0.475847
0.674467
-0.452864
-0.379196
-0.139119
-1.779363
-0.333537
-0.136575
0.106340
-0.229203
-0.454798
1.532448
-0.703211
-0.725227
-0.668867
1.277365
-1.776907
-0.123385
0.307343
0.253963
0.282833
1.404074
0.165526
0.373225
-0.478882
-0.459370
-0.592992
-0.352315
-1.706176
-0.149648
0.995487
0.230635
-0.769917
-1.416919
-0.200048
0.425338
-0.550014
-0.726897
-0.386910
0.000786
1.175051
-0.314987
0.448563
-0.646212
0.401293
1.590039
0.376561
-0.753143
-0.059267
-1.640597
0.471487
-0.619666
1.583546
0.330209
1.179311
-0.484512
-0.204310
0.221530
-1.813038
0.477741
0.465565
-0.104293
-0.596451
-0.025303
1.212230
-0.576414
-0.222553
-0.355304
1.364139
0.490571
-0.606268
-0.111586
0.216985
1.019285
-0.659680
-0.753243
0.449611
-0.440212
-1.732791
0.091707
-0.376151
0.258398
1.255932
-0.381214
-0.403943
-0.416498
-0.181801
0.423569
-0.836431
0.459809
-0.671115
-0.789615
-0.136580
0.160589
-0.635615
-0.166571
1.291069
-1.708754
-0.259221
-0.234831
0.216208
-0.296025
-1.751278
-0.275399
-0.629457
-0.015022
1.385787
-0.669303
0.118062
0.314884
-0.734621
-0.485285
1.287966
-0.204282
-1.360629
0.818527
-0.564753
-0.796012
1.431576
0.162481
0.372502
-0.495126
-0.518207
0.496297
-0.267894
-0.114514
1.196093
0.059797
-0.440606
-0.156688
0.055059
0.659656
0.393754
-0.318248
1.280383
1.426373
-0.616949
-0.219183
0.602666
0.408088
-0.076004
1.282050
-0.510523
-1.766746
-0.373690
-0.276498
-0.368328
1.513142
1.233369
1.218858
0.719724
0.231665
-0.542307
-0.626692
-0.038000
0.453951
-0.162067
-0.595267
-0.212597
1.301958
-0.536248
-0.694322
1.378112
-0.099563
-1.857488
1.283314
0.165235
0.216514
1.476004
1.180461
-0.648571
-0.700877
1.714937
0.160852
1.256909
-0.248035
0.144295
0.203885
0.135614
-0.121944
1.372660
-1.797660
-0.630303
-1.772870
0.368608
1.745260
1.347079
-0.150089
-0.492769
-0.640609
1.432385
0.070751
-0.369027
-0.294868
1.275128
-0.165158
-0.579989
-0.453342
-0.700153
-0.498679
1.374858
-1.739563
1.383133
1.212527
-1.197157
0.347923
1.277063
-0.634760
-0.366862
0.099220
0.293549
-0.378542
0.424933
-0.325382
1.230725
0.448562
1.486827
1.147695
-0.635128
-1.760490
0.355153
1.782477
-0.648448
1.346189
-1.833716
-0.713524
0.281214
-0.523362
0.307598
0.302393
-0.640088
0.390663
-0.820786
-0.690186
-0.606977
0.386303
0.101484
-0.243228
-1.802676
0.409011
0.484691
-0.349375
-0.221496
-0.289409
0.547676
1.434816
-0.191727
1.340894
-0.250275
-0.310652
1.259236
0.065021
-0.629820
0.470661
-0.688359
-1.715661
-0.259611
0.241402
1.372785
-0.332079
-0.547955
1.155533
-0.348826
-0.461605
0.298403
-0.231482
1.299001
-0.232164
0.112780
0.203220
-0.583320
-1.834893
-0.548369
-0.371650
-0.066700
0.356104
1.320195
0.444907
1.341837
-0.043538
1.143117
1.314948
-0.468132
0.123385
-0.694380
-0.226221
-1.758768
-0.558474
1.247076
-1.708228
1.238619
-1.835037
1.275292
-0.618605
-0.323205
-0.775540
-0.488051
-0.545219
0.464457
-1.756995
0.187699
0.228194
-0.566673
1.549050
1.567204
0.323454
-0.505146
0.348774
1.382181
-0.132460
-0.739682
-0.252238
0.431876
-0.439159
0.526916
0.494909
