1.849096
-1.905533
2.016902
2.976444
1.387686
-2.572279
0.528074
2.958482
-2.221873
-1.533776
0.598419
1.919567
-0.288055
9.527860
-2.356194
0.812419
0.785398
2.964884
2.896614
-2.727086
3.178613
0.726642
-0.321751
-1.176005
-2.330559
-2.286540
3.022164
1.644735
9.501550
-0.540420
-0.844154
3.208161
2.158799
0.000000
-1.126377
-1.275355
1.869295
-0.844154
2.207305
-0.912908
-0.566729
2.662073
1.570796
-2.356194
-2.695487
3.377138
-0.890275
0.540420
-2.228685
2.270689
-0.732815
9.589927
2.714965
1.484058
2.221873
0.870903
-1.335251
3.377138
-1.815775
1.405648
0.308053
0.463648
2.786887
-1.047518
-2.356194
-2.329174
-1.695151
9.601487
-1.088283
-2.384758
0.165149
-2.662073
3.474837
2.228685
2.245537
0.625485
2.613518
0.785398
-0.858439
1.126377
-1.854590
0.183111
0.960070
1.570796
-0.704494
2.819842
1.144169
0.129703
-2.589938
3.377138
-1.605265
1.275355
2.677945
-1.012197
-2.746802
-2.887919
2.170847
-1.176005
-2.245537
0.811034
0.753151
-0.083141
-2.833540
-2.085248
9.577427
1.532354
1.490966
-2.613518
0.927295
1.965587
-2.380580
1.916352
-0.071307
-0.566729
0.000000
1.815775
0.211093
0.179853
1.653938
2.642246
1.325818
0.429762
-1.107149
0.041643
2.446854
9.549133
-2.129396
-0.039979
-2.239086
0.244979
-2.645170
3.368392
2.958482
-1.352127
1.212026
2.808348
0.635027
-0.086738
-0.283794
0.380506
2.563691
1.943784
2.297439
1.297788
-1.681454
-2.270689
1.690225
-0.165149
-0.380506
0.235545
0.576375
1.071450
1.484058
0.890275
-0.588003
-1.071450
-2.406153
1.985303
2.384758
1.089909
-1.051650
1.729452
1.742987
-2.466852
-0.358771
-1.904041
-2.483704
2.034444
1.249046
3.104573
2.727086
2.356194
-2.512796
-2.034444
-0.129703
0.152649
-0.785398
9.640136
-1.024007
-1.359703
2.761086
-0.972377
2.782822
1.606495
2.451146
-2.711830
-0.729900
-2.308611
-0.885067
-2.533791
0.756835
-2.149871
-2.050316
-1.249046
0.110657
2.896614
2.731465
-1.781890
-0.674741
9.535435
1.533776
2.466852
0.426627
2.051684
0.722979
-0.982794
-0.482513
0.446106
2.563691
1.107149
-0.785398
-0.226799
-2.613518
2.572279
-1.951303
-1.650626
3.104573
-0.426627
-1.530818
-2.158799
-0.235545
-2.958482
0.309703
-0.735440
2.455863
-0.367174
-2.746802
1.380808
1.957672
-1.490966
-2.461071
-1.182478
0.309703
-2.330559
0.197396
-1.249046
0.255182
2.408778
3.103150
3.437033
-0.680521
-1.825979
-2.383215
-1.843805
0.815692
0.514451
2.356194
-2.170847
0.079830
0.726642
-0.657889
0.482513
2.878598
-2.051684
0.000000
-0.165149
3.395267
-0.295441
-2.843094
0.045423
1.249046
-1.236059
1.971037
2.638749
0.840897
-0.813962
2.356194
9.384799
1.441094
-0.502843
2.896614
-1.843805
-1.570796
0.426627
-0.076772
2.384758
0.588003
-1.365401
2.914794
2.498092
3.274144
2.356194
0.546789
2.914794
1.866237
0.729900
-0.668289
1.606495
0.970746
-0.837981
-1.824470
0.309703
-1.904041
-0.223477
2.922924
0.358771
-2.437099
0.668289
0.000000
-2.582993
1.849096
2.677945
-0.086738
0.785398
-2.214297
-0.896055
-1.016489
-0.333244
0.620249
3.283490
2.070143
-1.212026
2.831890
-2.221873
-1.315614
1.892547
1.644735
0.668289
3.017238
1.639653
1.997424
0.610726
1.501940
-1.794273
-1.904041
1.700499
-0.114877
-1.165905
2.914794
-2.034444
0.035699
-1.056345
2.383215
1.307802
-2.251318
1.412141
0.643501
-2.411693
-2.565217
-1.735945
-1.570796
-1.373401
2.473303
-1.387686
-2.437099
-1.496857
-1.282741
-2.051684
0.950547
2.221873
2.228685
-0.189988
-0.410127
-0.283794
2.490516
-2.147172
-0.129703
-1.815775
1.880499
2.214297
2.533791
1.681454
2.327631
1.934775
-1.904041
2.383215
0.295441
-0.255182
-1.609239
3.141593
-2.034444
2.000559
-0.214061
1.051650
2.327631
-2.018316
0.533708
1.390943
-2.275290
1.824470
-2.411693
0.576375
0.414507
-0.870903
0.554307
-2.727086
-0.345556
-2.148698
3.030935
0.635027
1.616220
-1.570796
-1.943784
2.356194
-1.203622
2.034444
0.000000
0.729900
0.410127
-0.308053
1.071450
3.064821
-1.707863
-0.876058
-0.809784
-0.510488
9.466421
-2.148698
2.627141
-2.697173
-1.335251
1.919567
1.212026
-0.463648
-1.639653
2.796037
-1.530818
3.474837
2.792822
-1.107149
-1.225241
-0.866302
2.830594
-2.003204
1.024007
2.187093
0.876058
-2.234842
-0.551655
1.016489
-0.147078
1.690225
2.003204
-1.107149
-0.083141
-2.429235
0.732815
1.768192
2.239086
-1.418147
-0.813962
-0.756835
1.985303
-2.695487
1.337053
2.231839
2.356194
-0.540420
0.942000
-2.437099
-0.400241
-0.334737
-0.345556
0.295441
-2.140110
0.758378
-0.211093
-2.034444
-1.570796
-1.501940
1.343997
-1.317122
-1.170556
0.463648
-2.711830
2.293776
-1.460139
-1.570796
-0.840897
2.228685
2.169215
-2.553590
2.936197
2.937575
-1.916352
-0.722979
-0.183111
1.653938
1.156289
0.388319
1.451367
-1.604117
-1.037088
-0.812419
-1.797595
-1.160669
-1.329043
0.635027
2.994514
-2.070143
9.424778
-1.490966
2.831890
1.275355
-1.532354
2.819842
3.440092
2.308611
-2.117585
1.016489
-0.628796
2.330559
-1.279340
-2.256526
-1.824470
2.251318
-1.317122
1.989021
2.016902
2.178598
0.598419
1.653938
2.582993
1.236059
2.677945
2.964884
-1.532354
2.607884
-1.858852
-1.644735
0.588003
-1.156289
3.178613
-2.768605
-0.668289
3.215532
-1.869295
2.694073
-1.781890
-2.205823
-2.207305
0.726642
2.631104
-1.695151
-0.674741
1.753907
2.297439
1.380808
-0.482513
2.018316
0.039979
1.929567
-2.622447
0.870903
-0.345556
0.785398
-2.098871
-0.410127
1.348714
-1.965587
0.076772
-2.731465
2.384758
0.598419
2.085248
1.107149
-0.226799
2.297439
-2.461071
-1.925502
2.574863
-2.480549
0.110657
1.315614
-1.916352
-1.681454
-2.003204
-0.189988
3.141593
3.141593
-9.151769
0.546789
-0.165149
-2.768605
-0.982794
-2.521343
-0.866302
-2.505084
-2.627141
1.016489
1.653938
-0.729900
-0.912908
-2.645170
-2.553590
0.235545
3.283490
3.288671
1.335251
-2.437099
1.892547
2.205823
0.273009
-2.714965
2.808348
0.876058
-0.528074
0.000000
-2.016902
-1.985303
-1.570796
-1.815775
-1.833791
-2.408778
1.776192
-2.388441
-1.997424
2.857799
-2.582993
-0.035699
-2.498092
-2.530867
0.651077
0.927295
-0.588003
-1.310194
-1.747505
2.067219
0.444419
-1.647568
2.782822
1.335251
3.017238
0.147078
3.072736
2.833540
2.530867
-2.245537
1.343997
1.570796
0.197396
-2.727086
3.414601
9.583433
9.577427
2.574863
-1.089909
2.117585
-1.673878
-1.380808
-2.896614
-2.207305
-1.504228
-0.499347
-1.261093
-0.785398
2.627141
1.249046
2.677945
-2.406153
1.706324
1.088283
-0.588003
-0.037020
-0.919720
-2.207305
-0.815692
-1.480136
2.677945
3.061763
1.160669
2.677945
-1.609239
-0.283794
-2.857799
-0.429762
0.000000
-0.129703
-2.695487
-1.695151
2.356194
2.134113
-2.843094
-2.437099
2.015216
-0.651077
0.927295
9.577427
2.306236
-2.543174
-0.426627
1.343997
0.551655
-0.732815
3.061763
-2.051684
-1.570796
1.905533
9.461798
-0.785398
