2.634494
-0.900275
1.538549
0.463648
0.694738
0.912908
-8.317629
2.649783
-0.540420
0.404892
0.463648
-0.835357
-0.463648
1.631328
2.296026
-0.724250
-1.480136
1.723446
-0.068856
0.841942
1.325818
-0.927295
-1.892547
2.208345
-0.624023
-7.449090
-1.823351
2.838708
1.537475
-0.973620
3.171886
0.868539
-1.792878
-7.265979
0.128323
-1.165905
2.132718
-1.725793
3.306741
-1.044730
-2.709185
-0.448723
-8.405637
2.399645
-0.321751
-0.974597
2.380580
1.258754
-0.117109
1.681454
1.994991
-0.066568
-8.575636
-8.705948
-9.015870
2.677945
-0.331096
-0.901157
1.824470
-0.957589
-9.019886
1.318242
3.045119
-0.073939
-8.639380
1.471128
1.012197
0.380506
-8.262889
2.976444
0.191184
-8.879123
-8.869284
-8.142037
1.807645
0.032247
-8.156867
1.292497
-1.219352
2.245537
2.736701
1.025141
-8.793699
-0.244979
0.718830
-2.126290
0.540420
-8.961130
-8.851812
-1.152572
-7.417354
2.956245
0.132552
2.236766
2.677945
2.034444
0.504166
3.172832
-1.756144
1.756144
-0.669639
1.913820
-1.975688
1.792878
3.111299
2.379446
-9.081754
3.356950
-0.310998
2.830594
0.973620
0.683709
0.106736
-8.828579
-0.491809
-8.920612
0.380506
1.858852
2.176341
1.535097
1.601090
2.292451
2.283154
-0.321751
-1.902856
-1.446441
0.982794
-7.953650
-8.827601
0.386876
2.595938
3.252250
-8.451158
-0.785398
1.750650
2.525296
-0.785398
-7.562525
-8.836775
-8.533395
-7.725658
2.498092
-1.373401
-0.288055
-0.939717
1.508378
1.535097
-9.111877
-2.926235
2.761086
1.730709
-0.933248
1.025141
2.579671
3.238066
-0.761013
-2.850136
-8.700528
-7.679309
1.325818
2.187093
0.000000
-0.354706
-0.031240
-1.542233
1.703348
0.348771
2.279423
-1.741532
-8.709034
-0.739975
-8.787229
1.792878
0.739975
1.664273
-0.900275
-0.982794
-1.288241
1.703348
-7.937123
1.695151
2.517570
-1.170556
-7.707969
2.966920
-1.989021
-2.761086
2.746802
0.191184
-8.186041
0.507099
2.429235
-0.068856
0.252554
-8.234488
-0.400241
0.215358
2.178598
-8.278176
0.000000
1.853351
-0.566729
0.636508
1.019141
2.867425
0.404892
-8.990108
-0.982794
-8.932969
-0.715744
0.128323
-8.425319
2.356194
0.880350
-8.684803
-8.358148
1.149377
-2.214297
-1.093451
-0.982794
-7.204111
-7.823688
2.938547
2.889038
-0.165149
-9.121893
-0.358771
-8.659785
-9.012368
-8.819233
0.649870
1.862253
-1.602036
-1.536327
2.606638
0.463648
-8.992370
-8.990108
-0.252554
-0.551655
0.597177
2.732685
-8.503852
1.107149
0.191184
1.216091
2.767259
2.786887
2.425849
-0.828849
3.370825
-8.901500
2.471954
-8.433056
-2.184004
2.455863
-0.159913
-2.809533
-0.124355
-8.288652
-0.694738
-0.068856
0.424194
0.165149
2.356194
0.351445
2.471954
3.110353
2.187093
1.190290
2.226492
-8.879123
1.875307
-8.804528
-0.449760
-0.674741
1.605265
3.056087
3.278659
3.386571
-1.093451
1.792878
0.772066
3.109346
-8.781277
2.356194
-0.386876
-0.033321
1.051650
-8.909229
2.356194
-2.105751
-0.620249
1.539556
1.892547
-1.152572
-0.392340
-8.781277
-0.343024
-8.703123
-8.866179
-8.889823
-2.838708
-0.124355
1.538549
1.670465
2.273053
0.613207
2.510513
1.992216
3.174914
0.463648
0.628796
1.504228
-1.325818
-1.761981
3.258701
0.027771
-0.244979
-7.991988
0.830821
-8.450181
-0.887087
2.034444
-8.770695
-1.603043
-8.533395
0.545655
-1.333948
2.859038
2.117585
0.862170
0.901157
-1.539556
-8.580624
0.222082
-1.730709
3.269916
0.655696
-0.674741
0.934288
-0.421419
-7.551097
0.698660
-1.310194
2.677945
1.913820
2.961739
1.471128
-9.195546
-0.669639
-1.184914
0.032247
-8.345791
-0.362544
-0.132552
1.201463
2.577023
0.408908
-1.450173
-0.034469
-8.470279
-0.185348
-1.136126
-1.741532
-0.735440
3.301506
3.048116
-2.843094
0.534955
2.840672
0.463648
0.093477
1.158386
-1.499489
-0.434670
-8.932969
2.512796
2.269456
2.149871
-2.809533
1.723446
3.079174
0.278300
1.196463
-1.267911
6.192525
1.222025
-0.321751
-1.644735
2.601173
1.789465
-8.726118
1.792878
1.979704
0.906750
1.359703
0.090660
-2.838708
-1.379612
2.677945
2.289626
2.744513
2.692869
-8.578232
-0.099669
3.075024
-1.604117
-0.832981
3.252250
-7.757508
2.986596
-0.855053
-7.184343
0.551655
2.919511
-0.566729
2.214297
2.970857
0.159913
1.570796
-8.008978
3.288671
-0.236849
-8.869284
-0.274167
-0.679414
1.604117
3.024484
-1.161888
0.785398
-1.367751
-0.807617
2.855541
-8.684803
-7.616146
-9.076007
2.050316
0.762147
-2.904744
0.000000
-0.858439
0.637549
-1.629552
-0.066568
2.356194
3.034857
-1.318242
1.510264
-0.835357
-7.823688
2.310771
-0.519146
2.840672
-1.695151
2.690931
0.605545
-0.090660
-0.828849
0.300920
0.669639
-1.107149
-0.982794
1.107149
-8.734332
-1.238737
-2.767259
-7.601427
0.558599
-1.267911
2.254506
2.158799
-1.015303
2.379446
-1.807645
-0.448723
-2.199593
-2.951604
0.066568
2.062606
2.265535
1.774814
2.570255
1.925502
-0.278300
0.392340
3.415760
3.171886
-0.291457
0.624023
3.141593
-1.510264
1.639653
-0.858439
-0.530216
2.944197
2.872425
2.477546
1.504228
-0.679414
-0.229232
1.605870
-2.333976
-1.405648
-8.467189
3.105894
1.992216
1.288241
1.881795
-9.062234
1.673878
-8.345791
3.141593
-0.540420
0.302885
-8.552641
-1.606495
-8.827601
-0.896055
-0.906750
-8.889823
-1.570796
-0.519146
-0.785398
2.510513
0.434670
1.222025
1.807645
-1.849096
2.782822
-0.807617
1.815775
0.031240
2.378413
1.703348
2.286540
-2.790148
1.373401
2.081285
-8.373128
1.975688
2.149871
-0.507099
-8.873123
1.919567
-1.501940
2.637427
-1.656302
1.849096
2.286540
2.089942
2.220667
2.007423
-0.332059
-2.840672
-8.934821
2.074962
2.589938
-9.158526
0.808650
0.236849
-1.433730
-0.588003
-1.600200
2.944197
1.249046
-8.682831
0.185348
1.570796
0.147078
-0.432408
-8.793699
2.098871
1.420425
-0.808650
3.232253
-1.196463
1.768192
-8.862856
-1.288241
1.535097
-1.637364
1.317122
-1.957672
0.260602
-1.333948
-8.862856
-1.480136
-0.785398
-0.493941
-2.000559
1.433730
-8.639380
1.735945
2.245537
0.528074
0.808650
1.361773
-0.103082
1.604117
1.979704
-0.332059
3.312328
-0.851966
0.030294
-2.477546
-0.739975
0.631079
1.035841
3.024484
-8.515025
-8.039330
-0.421419
-0.807617
0.434670
-0.038443
-8.156867
-9.038895
1.792878
1.504228
-1.508378
-2.521343
-2.306236
-8.387690
-7.484648
-0.252554
-8.932969
-1.030377
-8.763735
-0.269167
-8.589421
-8.774908
-2.116451
0.060532
-8.258873
2.720173
3.050933
1.063698
-0.540420
2.376600
-0.103082
-1.317122
-1.474323
2.772259
-0.763180
3.141593
2.005467
-2.904744
0.982794
1.823351
3.141593
1.902856
-7.795226
-8.836775
2.971814
1.190290
-0.477345
1.642104
-2.098871
-1.196463
-8.593957
0.414507
-1.699120
3.109346
1.301629
1.122073
2.904744
-0.643501
1.570796
2.961739
-0.764125
0.222082
2.536048
-8.509677
3.332777
-0.447520
-1.570796
1.208252
2.690931
0.260602
2.111216
1.394087
-8.140033
-0.229232
1.433730
-0.103082
-0.849141
0.825377
2.800614
1.467715
