0.254907
-0.724327
0.251059
0.398452
0.315203
-0.333828
0.282234
0.425673
-0.363918
0.438835
0.196045
0.263886
-0.533841
2.560412
-0.233319
-0.458425
0.205915
0.471321
0.488226
-0.283372
0.457864
-0.380370
0.035731
-0.049433
-0.274479
-0.265313
0.445990
0.241959
2.084150
-0.064445
0.020027
0.512869
-0.173260
0.233230
-0.065618
0.060540
0.273128
-0.033347
0.182810
-0.446725
0.048708
0.288379
0.180983
-0.302438
-0.240181
2.037050
-0.014116
-0.502581
-0.179990
0.293458
-0.016168
2.722173
0.411127
-0.326581
0.299896
-0.426258
-0.089461
2.485318
0.480408
-0.404398
0.110778
0.087449
0.397160
-0.054558
-0.223178
-0.262384
-0.092356
2.180334
-0.047528
-0.271605
0.072479
-0.428944
2.562904
0.323235
0.389617
-0.501032
0.411745
-0.471013
0.034749
0.061690
0.476940
0.090400
0.320260
0.280147
0.009127
0.460410
-0.440208
0.188949
-0.374245
1.972414
-0.155339
-0.413307
0.420167
0.481365
-0.355262
-0.350228
0.291003
-0.026967
-0.241630
-0.434664
0.045766
0.111105
-0.940071
-0.226188
2.092753
0.258191
0.151365
-0.714730
-0.440392
-0.225048
-0.280048
-0.375343
0.084636
0.064602
0.046282
0.243191
0.039582
0.071415
-0.361915
0.389103
0.279270
-0.432029
0.564440
0.194695
0.347617
2.743133
-0.252370
0.129714
-0.237082
0.132931
-0.830065
2.009106
0.349613
0.536970
-0.393279
0.423273
-0.461726
0.112182
0.193995
0.166020
0.293206
0.277042
-0.153053
-0.382267
-0.183323
-0.065076
0.251592
0.072033
0.080481
-0.620804
0.247780
-0.350789
0.272463
-0.433009
0.137454
-0.047581
-0.239325
-0.224876
0.298442
-0.306739
-0.069072
-0.333899
0.260916
-0.324982
-0.041906
-0.245232
-0.385087
-0.225082
-0.313560
0.406220
0.315505
0.328570
-0.322906
-0.194392
0.153874
0.273625
-0.067003
2.853771
0.006437
0.589500
0.317327
-0.560163
0.374767
0.354642
0.340419
-0.371888
-0.044792
-0.245314
0.183891
-0.324787
-0.518065
-0.157984
-0.104055
-0.039657
0.125685
0.361965
0.312288
-0.251529
0.187568
2.119625
-0.306122
0.305628
-0.512652
-0.369801
0.342635
-0.005560
0.113213
0.160913
0.339550
-0.413571
0.004049
0.185475
-0.350729
0.271253
-0.204431
-0.213440
0.478394
0.128440
-0.124943
-0.320243
0.057455
-0.226211
0.106902
0.034641
0.535119
0.162140
-0.329331
0.118861
-0.314190
0.513377
-0.370942
-0.052606
0.191786
-0.230400
0.110319
-0.085206
-0.535344
0.418102
0.397418
-0.066286
-0.062422
-0.251762
-0.232080
-0.249629
-0.401796
0.153373
0.306944
-0.330451
-0.423002
-0.490860
0.112541
0.177792
0.442793
-0.215469
-0.500291
-0.556393
2.001668
-0.041783
-0.379109
0.177200
-0.397313
-0.112995
1.000713
0.221771
0.219795
-0.078038
0.251803
2.692889
0.209134
0.239543
0.438480
-0.175190
-0.143920
-0.476340
0.030886
0.292103
-0.032505
-0.040603
0.319280
0.372763
-0.104873
0.144908
0.225371
0.332242
0.319651
-0.451282
-0.101327
0.110426
0.313901
0.026023
-0.227000
0.138975
-0.036660
-0.059768
0.421060
-0.542541
-0.259412
-0.530099
0.046315
-0.313742
0.342219
0.457334
0.018618
0.168812
-0.269945
0.526937
0.102174
0.052525
-0.509626
-0.063091
0.129198
0.570986
0.367369
-0.174230
-0.182122
-0.267281
0.350309
-0.482868
0.471641
-0.337932
0.268241
-0.594504
0.960114
0.493737
-0.247928
0.242318
-0.547330
-0.002168
0.295906
-0.221235
-0.587776
-0.095533
0.305037
-0.358712
-0.194756
0.205440
0.323793
-0.286168
-0.342294
-0.188016
0.507788
-0.021384
0.214654
0.555500
-0.252420
0.413786
0.465396
-0.292077
-0.469248
0.311802
0.203349
0.057325
0.000864
0.169213
0.283656
-0.218393
0.139362
-0.209366
0.149685
0.328796
0.422828
0.758228
0.278698
0.317856
-0.265274
0.185584
0.052241
0.109439
-0.170389
0.427323
-0.139346
0.333066
-0.469387
0.089776
0.288668
-0.212722
-0.451551
-0.326722
-0.227762
-0.409924
-0.279452
-0.492209
0.053370
-0.014390
0.268247
-0.864144
0.049747
-0.268412
0.566158
0.113200
0.241649
-0.148601
-0.182185
0.341789
0.004039
0.274370
0.083324
-0.420292
-0.523769
0.005371
0.232065
0.412412
0.439930
0.075185
0.095932
-0.057999
2.755730
-0.274233
0.369827
-0.276842
0.449819
-0.304672
-0.448700
0.052584
-0.134545
0.312533
0.466197
2.651322
0.480173
0.541733
-0.137104
0.021286
0.409779
-0.240119
0.347373
-0.067306
0.227030
-0.241897
0.069232
-0.382793
0.158019
0.299761
0.338993
0.555593
0.172020
-0.232666
0.210013
0.249016
0.288214
0.469940
0.118961
0.014470
-0.292164
-0.224263
-0.349820
0.206458
0.337354
-0.644411
-0.491792
-0.305541
0.087731
0.026454
0.122922
0.196072
-0.280268
0.241469
0.096846
-0.124311
-0.090580
0.475308
-0.391202
0.594894
0.431325
0.157308
-0.804233
0.369378
0.522456
0.422153
-0.020163
0.328411
-0.171929
-0.236353
0.369697
0.415032
-0.098387
0.026063
0.017719
0.281621
-0.507292
-0.459716
0.137268
-0.040854
-0.105566
0.076942
0.356297
0.560147
0.160583
-0.498477
0.497654
-0.243376
2.630604
-0.070548
0.333096
-0.388607
-0.041556
0.368111
2.577222
0.415619
-0.257082
-0.406062
-0.037121
0.270427
0.564484
-0.271485
-0.142842
0.354279
-0.088085
0.239213
0.323113
0.389032
-0.529263
0.293499
0.350534
-0.436069
0.416127
0.406263
0.504852
0.484279
-0.239751
-0.106534
0.217724
-0.126742
0.503731
-0.334393
-0.029035
0.403739
0.460447
0.452229
0.345011
-0.247989
-0.159833
-0.561440
0.405066
0.530230
-0.021260
0.215049
-0.221007
0.322287
0.101226
-0.260483
-0.035869
0.293916
-0.244177
0.247192
0.076750
0.272923
-0.208927
-0.549378
0.312391
-0.293850
0.086756
-0.884287
0.360958
0.188115
0.346036
-0.471804
0.158679
0.287985
-0.299881
-0.217350
0.347482
-0.274052
0.186240
-0.390930
-0.118533
-0.211272
-0.191405
0.102469
0.510238
0.350744
-2.511331
0.218443
0.009170
-0.928161
-0.095911
-0.394878
0.038702
-0.244029
-0.258565
-0.441915
-0.302635
0.027526
-0.063751
-0.883592
-0.345800
0.034586
1.885983
2.509739
-0.312299
-0.282328
0.166504
0.323715
0.131663
-0.304389
0.431335
-0.428290
0.038173
0.045024
-0.166855
0.337654
-0.702059
0.449870
0.392513
-0.307623
-0.433813
-0.324338
-0.211264
0.442621
-0.265495
0.681985
-0.299850
-0.286627
-0.482463
-0.384403
-0.596327
-0.015894
-0.115592
0.423109
-0.529141
-0.048503
0.392455
-0.271139
0.407162
0.110877
0.425385
0.446459
0.395215
-0.236532
-0.385830
-0.253983
0.183567
-0.247724
2.497567
2.690671
2.699064
0.378965
-0.106466
-0.288701
-0.203280
0.529807
-0.899495
-0.184290
-0.082810
-0.675036
0.453770
0.041239
0.431354
-0.277589
0.415448
-0.278862
0.337778
0.119850
0.037480
0.158928
0.015672
-0.741969
-0.107318
0.009009
0.445125
0.464725
0.194398
0.327844
0.519813
0.108966
-0.978180
-0.675333
0.077765
0.033694
-0.293196
0.418229
0.336119
0.345753
-0.281810
-0.220170
-0.204251
0.045307
-0.434078
2.648749
0.283998
-0.308049
0.063212
-0.373212
0.260805
0.024754
0.355386
-0.257219
0.389474
0.360217
2.669426
0.064830
