0.538063
0.363293
-0.250054
0.149599
-0.658099
0.321599
-0.026773
-0.453942
0.084283
0.285155
-0.275399
0.144760
-0.079381
-0.276556
-0.330882
0.491687
-0.237651
0.490432
0.329872
0.484499
-0.017999
0.106629
-0.391154
0.365570
-0.415929
-0.494225
-0.588630
0.289439
0.117432
0.132479
-0.102520
-0.239339
-0.510682
-0.050458
0.122272
-0.301431
0.151565
0.302262
0.322788
-0.347599
0.067740
-0.362992
0.585416
-0.674015
0.069174
0.087238
2.631045
-0.322610
0.328602
-0.127204
-0.249620
0.384392
0.203417
-0.337736
-0.128181
-0.398227
-0.021334
0.553334
-0.169515
0.284802
-0.760325
-0.348018
-0.019010
-0.385718
-0.256752
0.281895
-0.330102
-0.475328
-0.234240
0.430944
-0.735022
-0.061612
-0.021044
0.338651
-0.135168
0.409088
-0.530576
0.159805
0.236406
0.576544
0.452010
0.372038
-0.011796
-0.171155
0.133559
0.198692
0.661975
0.377180
-0.360364
-0.666869
-0.110823
-0.516411
2.050118
-0.563080
0.107741
0.106630
-0.017765
-0.614181
-0.145995
0.246710
0.336403
0.078585
0.268493
-0.591770
-0.438436
0.430321
-0.808056
0.097480
-0.504443
0.251720
-0.444278
-0.790909
0.308480
-0.092181
0.711822
0.160467
0.261558
-0.369711
-0.428286
0.138461
0.119306
0.348264
0.495198
-0.215669
0.494851
0.416670
-0.097098
-0.117196
-0.498850
2.675952
0.201933
0.138496
0.013890
0.173440
0.276716
-0.372838
-0.386745
-0.831749
-0.287679
-0.209010
-0.379039
-0.190695
0.387559
-0.417274
0.290547
-0.487147
-0.208811
-0.593475
2.015686
-0.114507
0.084201
0.083141
0.061959
0.273377
0.000094
-0.224687
-0.080728
0.125184
0.473778
0.289947
-0.577907
-0.298674
-0.164577
-0.037532
-0.354362
-0.009145
0.337198
0.093713
0.145311
0.296006
-0.307710
0.036188
0.004963
0.409335
-0.160110
0.016336
0.086325
-0.385456
-0.431134
-0.125158
-0.433510
-0.395611
-0.281041
-0.047646
0.290538
0.068385
0.238846
-0.294707
-0.490057
-0.311184
0.391493
0.094919
0.249366
0.363207
1.050412
-0.238878
-0.489777
-0.444699
0.742337
2.465668
0.069225
0.183590
0.480533
-0.860681
-0.147454
-0.283546
-0.327915
0.142933
0.405380
-0.387586
0.229017
0.038179
-0.266563
0.027312
-0.162202
-0.412234
-0.353868
-0.318708
-0.192267
0.035813
-0.195504
0.067238
-0.275250
0.353147
-0.005546
-0.296195
-0.266115
-0.323359
-0.152855
0.066423
-0.428301
0.203767
-0.290109
-0.007300
0.373643
-0.521455
-0.078285
0.482055
-0.496822
0.118973
-0.371456
0.344664
0.494883
-0.316735
0.290086
-0.905861
-0.375272
-0.502880
0.124142
0.486001
-0.439735
0.214924
-0.598942
-0.584913
-0.139191
0.174650
0.571802
-0.394735
-0.930773
-0.182583
2.129623
-0.400448
0.135180
0.034855
-0.467600
-0.610293
-0.305085
-0.173267
0.218821
0.108792
-0.448535
-0.192490
0.098755
-0.433509
0.336333
0.370196
-0.298581
-0.624016
0.163527
0.142203
-0.155751
0.442478
-0.266196
-0.368035
0.347663
-0.071876
-0.014598
0.276465
2.666448
0.176052
-0.018752
0.433821
0.278705
-0.495260
0.037919
0.754711
-0.293246
0.433983
0.163369
-0.237060
-0.428164
-0.671599
-0.448801
0.384815
0.104048
0.294791
0.015586
0.455775
-0.002349
-0.311153
0.401529
-0.175853
0.154674
0.135605
0.048782
-0.468356
-0.225006
0.516516
0.445216
0.329718
0.200722
-0.555201
-0.002153
-0.379352
0.415445
0.132143
-0.239954
-0.315134
0.262076
-0.353631
-0.412310
0.015971
0.128767
0.054979
0.398645
2.600667
-0.223816
-0.383875
0.224812
-0.444571
0.190323
-0.274767
-0.192586
0.685060
-0.011077
-0.122179
-0.028846
0.285539
0.274053
-0.339809
-1.057574
-0.347509
-0.154182
-0.138755
-0.407958
0.504098
0.375964
-0.461062
-0.872141
-0.145286
-0.750428
-0.352277
-0.547457
-0.233474
-0.224905
-0.503633
0.412597
0.017196
-0.006445
-0.249042
0.219601
2.001573
-0.263486
-0.618726
0.201285
0.079356
-0.149953
-0.253789
-0.731570
-0.278315
-0.411959
0.209018
-0.026453
-0.338498
0.266462
-0.080955
0.353378
0.132277
0.265131
-0.336854
-0.570587
-0.297311
0.312965
0.126964
-0.332350
0.428922
0.548694
0.531595
0.305760
0.171663
0.223194
0.247547
0.407919
0.371941
0.179001
0.034132
0.419698
-0.240372
-0.206255
0.545014
-0.741598
0.038181
-0.460759
-0.468611
2.692510
0.649050
0.291305
0.143192
-0.279677
-0.429343
-0.179648
-0.155336
-0.068802
-0.270071
-0.889884
-0.514570
-0.286585
0.084897
0.261746
-0.174257
-0.243460
0.421278
0.392111
0.429933
-0.109299
-0.629561
0.132934
0.013456
0.255829
-0.414861
0.313668
-0.448680
0.510755
-0.306971
0.499488
-0.295972
-0.602452
0.160718
-0.888815
-0.418311
0.108481
-0.376186
0.145065
0.069497
0.089783
-0.373106
-0.049160
-0.118587
-0.479837
-0.183663
0.233855
-0.024065
0.425313
0.071320
-0.445205
0.506969
0.304679
-0.120819
-0.231907
-0.265687
0.006456
-0.427503
-0.200503
-0.377393
0.342448
-0.117943
0.041058
-0.187198
-0.493929
0.166960
-0.009660
-0.254439
-0.037936
0.285127
0.256994
-0.420481
0.136624
0.404499
0.424418
2.664028
0.397029
-0.624369
-0.337996
-0.286210
-0.258885
-0.253558
-0.342222
0.521745
-0.475538
0.132236
-0.366674
-3.118615
-0.312882
-0.231939
0.177683
-0.031813
0.158861
-0.401913
0.498128
0.340593
0.151356
-0.192565
-0.368417
0.282774
0.400564
-0.583198
0.190647
-0.558733
0.425108
-0.044707
-0.074828
-0.080878
0.466433
-0.262117
0.536363
0.158023
-0.917459
-0.304354
-0.273000
2.746784
0.166250
0.406767
0.371739
-0.540860
-0.135175
0.460383
-0.347806
-0.270893
-0.288127
-0.160052
0.361698
0.083847
-0.457292
-0.275764
-0.445355
-0.022151
0.218976
0.186008
-0.337700
0.605736
0.007683
-0.455695
0.119822
-0.074450
0.951399
0.542391
0.204704
0.211489
0.005661
-0.090151
0.172534
0.283515
-0.478201
-0.202757
0.260981
0.106960
-0.566453
0.507691
-0.025091
-0.211062
0.542786
0.550551
-0.044807
-0.176049
0.124071
0.083556
0.299056
0.292333
0.124022
-0.482141
2.545020
0.234379
0.072284
-0.440891
0.026062
-0.117626
0.037717
0.325359
0.344154
0.381513
-0.442395
2.639006
-0.072402
-0.084791
0.107739
-0.169728
-0.437959
-0.203001
0.399372
0.513889
-0.397209
-0.299803
-0.104172
0.073934
-0.116759
0.078444
-0.013354
0.182908
-0.782890
0.564329
0.238793
0.075724
0.327617
-0.116467
-0.289931
-0.352180
-0.001358
0.234634
-0.396616
0.219054
-0.421959
2.556078
-0.191655
-0.245940
0.252913
-0.342555
0.048600
0.124493
-0.480500
0.324950
0.144625
-0.005995
0.008869
-0.101348
0.518139
-0.196300
0.164007
0.070651
0.183768
0.336474
0.187977
0.174821
-0.198717
2.251160
-0.325919
0.265773
-0.581276
0.033374
-0.175354
-0.455504
0.139301
-0.210977
0.488621
-0.420480
-0.026346
-0.334485
-0.279730
-0.078888
-0.247022
0.075395
-0.297713
-0.058156
0.328204
0.281575
-0.419079
0.270650
-0.484511
0.451463
0.689083
-0.413687
0.243662
0.294474
-0.403942
-0.177754
-0.486654
-0.264574
-0.528784
0.250397
-0.489827
0.159394
0.461610
-0.237635
-0.358255
-0.167417
0.483431
0.245680
-0.477167
0.423417
0.335508
-0.064769
