-0.831486
1.640332
-0.529647
1.867976
-1.138514
3.214879
0.033394
2.293244
1.674992
-0.480808
-0.438293
-3.280807
-1.293578
1.455616
-0.576516
-0.592906
0.243988
-0.245046
-3.269575
-0.553839
0.223144
-0.358555
-0.247676
0.143171
-0.588102
-0.159297
0.984260
2.997842
0.631701
0.072466
-0.906434
-0.263478
1.496837
-0.211084
0.146317
2.981030
0.041210
-0.472108
0.199922
3.709577
0.238912
2.083321
1.294758
0.280483
1.919142
-0.620271
-0.658422
1.956877
-0.605531
-0.667868
-0.010964
-0.588462
-0.513846
2.006709
0.231251
-0.780669
-0.776750
0.235624
0.399635
-0.055644
-0.416575
1.253051
2.410781
-0.437477
2.588419
2.191891
-2.158123
-0.977770
-0.229690
-2.309130
1.394860
0.345071
-0.175777
0.136836
0.206436
0.274432
2.623217
0.562188
3.565204
-0.352556
3.082695
1.817238
-0.237997
1.450053
-0.470168
-0.766438
-0.460194
1.421259
-0.080498
-0.381186
1.225425
-0.763559
0.085200
-0.583551
-0.349286
1.969610
0.847490
0.814096
-0.646430
1.562490
-3.520071
-0.377587
-0.456030
0.455942
2.399435
-0.817482
1.454761
-0.129458
-0.393712
-0.154049
3.702304
0.070664
0.544745
4.579904
0.809680
-0.112527
0.075873
1.712459
1.941106
0.668750
-1.123714
-0.393726
2.556172
1.111047
1.235955
-2.430209
0.510189
0.042231
1.885429
-0.459427
0.182647
-0.625217
-3.654954
2.929765
2.286271
-1.432128
0.092406
1.969478
2.553034
-0.599343
0.051341
-1.192117
-0.604488
-0.194386
-0.307809
1.412107
-2.734802
1.658749
-0.888317
2.300553
0.229168
-0.221095
-1.138060
0.729615
0.196103
-0.864199
-0.237762
-0.379924
2.473255
0.308717
-0.701186
-0.398306
0.380598
-0.547699
-0.073654
2.753057
3.563958
2.127833
0.104249
2.103687
2.429507
-0.100983
0.208290
0.265796
3.065772
-0.863370
-0.442964
-0.753355
-0.413614
-3.305738
-0.817122
-0.429613
-0.626791
2.928223
1.538526
2.169361
1.532571
1.859679
2.816618
-1.578630
2.154935
1.946357
-0.034905
2.718741
-0.541137
-0.086817
2.227504
-1.491684
-0.317529
-0.471331
1.094256
2.357319
1.777809
2.487566
-0.986628
2.137904
-0.847050
2.554580
0.080881
-0.780889
-0.694353
-0.893841
-2.201538
-0.013545
-0.351744
-0.496396
-0.490100
-3.356466
-0.667309
3.001194
-0.496874
0.665364
-0.175557
-0.752485
1.816646
-0.607326
2.116032
1.868665
-0.618112
-0.938087
1.069183
-1.071602
0.138779
1.801076
2.663508
-0.292469
-0.463108
-0.021774
-0.395613
-0.516053
2.071094
-0.360664
2.478401
-0.014860
1.161729
-0.516008
3.252420
0.528985
-0.943111
0.342802
-0.031634
0.012435
0.037413
-0.943095
2.627124
-0.218392
-0.156218
-0.907029
-0.979307
2.461883
-0.966802
0.006561
2.341779
-0.537549
-0.534291
-3.623809
-0.217472
2.227866
3.426553
0.459704
-0.153216
2.545571
-0.541727
2.587662
2.838623
0.742820
0.174814
-1.376371
0.315514
-0.927050
-0.365115
4.215593
1.976550
-0.256560
-0.441293
0.349139
-0.822101
-0.746307
2.905829
-0.895801
-0.536639
2.204695
-0.109061
2.208987
-2.933386
1.475775
-2.886262
-0.609239
-0.248020
-0.875234
-3.349180
-0.518807
-0.315781
-0.342648
2.630581
0.069813
1.790958
-0.539381
2.300889
-0.892165
-1.247767
1.210608
-0.282102
2.212179
1.309665
2.411743
2.282281
0.868344
-0.541752
-0.603280
0.377587
-0.798789
-0.080859
1.413434
0.251076
-0.890011
-0.512165
0.028268
-3.287910
0.067139
0.913534
1.827169
2.214214
-0.539947
-3.096703
0.984833
-0.128230
-3.444436
-0.380498
-0.356399
1.697104
2.398826
-0.045019
2.770517
0.031240
2.814874
3.059040
0.386850
0.307068
-0.215907
-0.208660
-0.674757
-3.628166
-0.513856
-0.179051
-3.295311
2.529927
-0.722674
-0.272334
1.484756
1.354944
1.730023
1.153936
-0.286561
-0.716489
-0.128420
-0.142486
-0.175214
-0.978334
1.549759
0.763809
-0.849358
-3.448698
-0.380341
0.131810
0.496704
-0.107345
-0.767885
-3.194478
-0.234575
-1.509414
-0.443637
-0.897222
0.232463
3.372263
2.496359
-0.662960
-0.451690
-0.638652
-0.358202
0.812640
-0.738381
-0.561555
4.040592
1.454138
2.438443
2.106056
-0.535959
-0.055248
-0.174668
-0.739285
1.749562
1.701238
3.652772
-0.116817
-0.624321
2.485789
0.002077
3.204424
-0.339084
-0.242104
-3.825841
-0.828376
-0.202999
-3.429720
2.158512
3.126844
-0.926581
-0.099170
-1.759191
-3.299531
-0.435526
-0.176101
-0.270727
-0.170151
1.962888
-0.766483
0.041280
2.678935
-0.384397
0.213526
-0.467821
-0.574033
-3.201597
-0.748560
1.649472
-0.422258
0.041007
-0.056520
0.090387
3.256137
0.484198
-0.448988
-0.264694
3.408219
0.002496
2.232959
2.201161
2.767436
-0.386815
0.463929
2.666849
-0.389176
2.476240
-0.911281
1.883620
-0.452930
-0.980095
-0.486387
0.445120
1.689544
-2.569011
0.217763
-0.057608
-2.597469
-0.356293
-0.393397
-3.945909
-0.421359
1.646722
-0.103818
-0.850725
2.858070
0.979712
1.686439
-0.158659
-0.240135
1.580005
-0.501898
-1.214548
0.436995
-0.264126
-0.606882
-0.889399
-0.280485
2.455849
-0.637556
-0.245453
-0.748475
-1.999366
-3.104939
-0.742478
3.184081
-0.698393
-3.396901
-0.318900
1.957937
-1.244571
3.044147
-0.637624
-0.171303
-0.597274
-1.984690
0.601316
2.981994
-0.320768
-0.226354
0.147765
0.858316
2.637984
-2.018881
3.328357
0.033955
3.214416
-0.401024
-3.237646
1.735604
0.485292
1.556906
-0.744591
-0.173304
-0.828796
2.468864
0.118025
1.079357
3.059468
0.980214
-1.596876
1.912401
2.702504
-0.138917
0.999610
-0.316320
-1.199218
1.529080
-3.421928
2.100194
0.826236
1.520525
-0.387303
-0.340052
2.541674
2.376797
2.899378
0.065898
2.677773
-0.863161
2.583272
-0.600773
-0.328127
-0.475613
-0.048271
0.100450
2.617138
-1.171629
0.501370
-3.361602
-0.637247
1.170560
0.357544
-0.358699
1.978972
-0.345455
-0.316734
1.032806
-0.405364
0.182109
1.914873
-3.317695
0.409631
-0.007080
0.424196
-0.305018
-0.154547
-0.590481
0.608094
1.747206
2.052676
2.193522
1.922479
-0.312357
-0.226404
-0.395667
-0.945270
-2.235820
-0.320761
1.467339
-0.737266
-0.720686
-0.648206
-0.400230
-0.304991
0.794440
1.266990
1.954355
1.020261
-0.145318
2.992685
-0.362890
3.052315
0.017736
-0.350825
0.411808
-0.290548
-3.242173
0.692822
-0.420543
2.748863
-2.127261
-0.453431
0.070636
0.523477
2.549552
0.421789
2.452113
0.075507
0.384266
0.352173
-0.327558
3.033378
0.257684
2.757904
0.305070
0.338252
-3.466059
-0.324929
0.167993
4.364158
2.036902
0.468272
1.641906
0.327925
-0.208564
2.478318
-0.583035
1.954107
0.687655
3.141687
-3.403952
0.142603
-3.128511
-0.698895
0.086966
-0.211809
-0.208734
0.170044
0.235413
1.776508
-2.972148
-3.208413
0.836244
0.771335
0.410294
0.239435
3.377184
-0.556257
-0.506137
-0.566954
-0.239909
4.328511
-0.121745
4.683716
-0.636015
3.140752
2.043959
-0.422598
1.542000
2.442591
1.133124
-1.248922
-0.725934
2.602170
-0.771143
-0.021354
-0.220225
3.268324
-0.528291
3.179068
2.482575
0.466028
-0.475287
3.803996
0.075736
1.309854
1.582570
0.053698
-1.141269
-0.709677
-0.375680
0.112514
