-0.396644
2.007836
-0.339031
-0.216962
-0.697015
-0.374804
-0.122166
-3.390249
-0.856487
2.341452
-0.174205
0.166007
1.909203
0.032550
-0.371097
2.284299
0.048341
2.548169
-0.001145
0.751871
0.266409
-0.067494
-0.444309
-0.063537
1.983055
2.678777
1.996465
2.263618
-3.579915
0.134717
-0.346484
2.464071
2.124520
-0.532435
-0.386579
-0.303440
-0.672466
-0.486909
-0.477972
-3.091602
-0.699262
-0.482095
-0.475847
2.539882
-0.519305
-3.299906
-0.676920
-0.382421
-3.184492
0.035061
-0.677076
1.724424
0.480621
2.089246
-0.586310
-0.378740
0.141872
-0.178066
2.441559
-0.410270
-0.053448
-0.613276
2.382905
-0.109690
1.368210
-0.682389
-0.341229
2.816019
-0.252610
-0.688321
-0.558872
-0.148406
-0.684621
1.864868
-3.167192
2.351802
-0.317147
-0.595305
0.117880
2.537102
-0.488638
0.094738
-0.440446
2.256866
2.329096
-0.187447
-0.287722
2.196073
-0.366610
-0.815204
-0.386854
-0.579130
-0.553435
-3.212785
0.095217
-0.271736
-0.264033
-3.168985
-0.205248
0.011229
0.040429
-0.132471
-0.160789
2.575262
-1.014816
2.713063
-0.431225
-0.239049
-0.387255
-0.176061
0.098957
2.022515
-0.409947
0.057522
-0.171760
0.030319
-0.286300
-3.262401
-0.021496
-0.003383
-0.384366
-3.226679
2.539346
-0.473767
1.448858
-0.578929
-0.349777
-0.393278
2.271990
2.524809
-0.484931
-0.184405
-0.661294
-0.390200
0.073425
2.695229
2.516196
1.989199
-0.398188
-0.571268
-0.289902
-0.435294
-0.278482
2.686960
-0.078479
-0.589746
0.577717
-3.264610
2.213530
-0.757748
-0.456682
-0.188813
-0.123251
2.261592
2.324230
-0.779305
-0.354376
0.175510
-0.396702
-0.548116
-0.261737
-0.416090
-0.560808
-0.327992
-0.762475
-3.104636
-0.348674
-0.789513
0.080374
0.756257
0.067242
0.376121
2.897579
-0.047609
2.751727
0.052591
0.047967
-3.238350
-0.509662
-0.376447
-0.250589
-0.027508
-3.151147
-0.680137
-0.412347
2.386566
-0.500584
-0.127062
2.391852
0.041560
-0.602506
-0.760473
0.313149
2.462449
-0.216632
-0.524520
-0.527796
-0.270679
-0.250734
-0.131230
-0.986415
2.678479
-0.209835
2.299253
0.478171
-0.002457
-0.269146
2.755667
-0.544262
-0.120396
0.159261
-2.907673
-0.404652
-0.696221
0.326611
2.538304
-0.480684
0.055631
-0.700023
-0.549664
-0.605481
-0.762468
0.449080
-0.557242
-0.361423
-0.639768
-0.476399
-0.251201
-0.260722
-0.326376
-0.073126
-0.109884
2.059518
-0.728236
0.090543
-0.517687
-0.788990
-0.738833
-3.130991
-0.584928
2.141004
-3.147826
0.074915
-0.296352
2.505275
2.538786
0.618157
2.681110
2.642013
0.197466
-0.336746
1.784917
-0.345123
-0.059196
-0.692657
-0.772102
0.252256
0.047867
-0.750524
-0.558460
-0.442986
0.082548
0.105270
-0.810531
-3.146176
-0.458678
-0.119192
-0.205921
-0.552380
2.466656
2.259155
-0.638842
-0.302364
-0.251450
-0.569584
-0.481350
-3.093611
-0.504154
0.015300
2.799136
0.045448
2.806381
-3.459373
0.119294
-0.514473
-0.127761
-0.387622
2.878388
-0.638075
0.185309
-0.372677
-0.156454
-0.213337
2.016964
-0.500074
-0.729206
-0.691123
-0.533419
-0.716516
-0.521711
-0.799357
0.066335
-0.184236
1.832134
-0.254442
-0.499941
-0.114605
-0.197524
-0.228835
-0.378477
-0.328263
-0.417324
-0.658806
-0.058094
1.988078
0.265694
0.102306
-0.222345
-0.465056
-0.547128
-0.628780
-0.316506
-0.243627
-0.282620
-2.449954
-0.263597
2.514986
-0.614984
0.001139
2.676407
-0.157260
-0.046424
-0.309434
2.470210
0.035944
0.030962
2.480759
-3.240624
-0.132285
0.201075
-3.175223
-0.463474
-0.459106
-0.309949
-0.681767
-0.417174
1.952143
-0.359725
-0.255515
1.969513
-0.384570
-0.440878
0.129998
-0.358655
2.348317
-0.513445
-0.405983
-0.282399
-0.773133
-0.709524
0.289696
-0.643539
-0.427219
2.197577
-0.988433
-0.175461
-0.318984
-0.035918
-0.368313
-0.306058
0.066512
-0.212719
-0.717278
1.919134
-0.297275
-0.767900
-0.415160
-0.417470
2.312816
-0.254190
-0.272699
-3.108083
-0.102794
-0.645312
-0.136638
-0.583068
-0.300062
-0.008427
-0.283212
0.435378
2.063828
-0.372761
2.382934
-0.393981
-0.186568
-0.561449
0.012899
-0.592440
-0.609181
-0.312445
-0.484671
2.786543
0.384858
-0.087570
-0.317401
2.163919
-0.149454
-0.037782
0.000816
-0.106486
-0.355606
-0.534781
0.144835
-0.107856
-0.092458
-2.633417
-0.900699
1.819486
2.309969
-0.160554
-3.078274
-0.554919
-0.139349
0.265506
2.341373
0.023000
0.152268
-0.569535
0.057966
-0.538132
-0.289917
-0.327003
-0.386354
-0.065775
-0.400964
1.958245
-0.295911
-0.484018
2.051681
1.998596
-0.513576
2.219767
-0.285964
-0.649353
-0.519213
-3.125761
-3.389984
-0.448903
-0.991112
-0.478300
-0.286334
0.091171
-0.576577
2.470561
0.040257
-0.243263
-0.244731
1.987744
-0.365903
-0.543325
2.716573
-0.126360
-0.643935
-0.657612
-0.088609
-0.396106
-0.136431
-0.241455
-0.060618
2.446926
-0.147723
-0.269468
-0.328632
-0.024325
-0.063660
-0.343977
-0.616210
2.407910
1.213445
2.316741
-0.089310
2.061332
1.365962
2.686178
-0.427103
-0.669021
-0.605099
-0.193694
-0.171318
-0.463140
-0.662485
2.639849
-0.156837
0.029393
-0.016141
-0.106250
-0.434771
-0.165604
2.233454
2.516560
-0.697828
-0.182885
-0.344494
-0.492998
-3.078678
0.220320
2.450114
-0.367111
-0.301526
-0.547205
-3.143863
-0.836255
1.683605
-0.329142
2.976803
-0.403837
0.076100
-0.481254
2.399386
-0.514150
0.025147
-0.294883
-0.551772
2.687224
0.019895
0.368444
0.037494
-0.254644
2.942105
-0.366237
-0.699417
-0.397361
2.436060
-0.078013
1.708243
-0.370111
2.322298
-0.423101
-3.500317
-0.873150
-0.237133
-0.747827
0.211425
-0.197652
-0.374854
0.007235
-0.213168
-0.541590
-0.339429
-0.270821
-0.074630
-0.067310
-0.641583
-0.770396
-0.043906
2.090258
-0.198997
2.276657
-0.223707
-0.563479
2.126146
-0.405380
1.927336
-0.126569
2.180198
-0.484596
-0.928956
-0.562684
-0.451406
1.774335
-3.101893
-0.368727
-0.520024
-0.525268
-0.351818
2.619758
2.788372
-0.777057
0.026543
-3.377868
-0.588590
-0.874571
-0.647396
0.116119
2.549473
-3.278988
-0.326933
0.009920
-0.164063
-0.186947
0.120579
-0.396057
-0.548353
-0.222398
-0.790115
-0.751921
-0.189022
-3.170210
-0.495869
-0.120050
-0.256264
-0.386060
-0.167095
-0.631826
0.185448
-0.661642
0.014712
-3.460767
0.215427
-0.514747
-0.427320
-0.327366
-0.740736
-0.340292
-0.870184
-3.194673
-0.046444
-3.552767
-0.197853
-0.551156
-0.162372
2.319371
2.008912
2.182465
2.219215
-0.281305
1.819181
-0.400592
0.068467
0.340480
-0.496775
0.000399
-0.445943
2.379446
-0.680189
-3.505196
-0.743473
-3.225666
-0.419428
-0.416998
-0.274699
-0.053195
0.019391
2.573359
-0.745863
-0.403726
-0.663104
-0.008489
2.553673
2.467621
-0.271613
-0.606181
-0.351391
-0.201914
0.058850
2.665544
-0.569633
-0.296165
-0.300479
-0.311716
-0.477995
-0.410498
0.095061
-0.471351
2.601028
1.726032
-0.181933
2.534582
2.520039
-0.523299
-0.272601
-0.133692
0.123864
-0.635669
0.010140
-0.175647
-0.112082
-0.260958
-3.367174
-0.432420
0.182474
-0.547020
0.261986
-0.627342
-0.753478
-0.206658
-0.128394
-0.415929
-0.714767
-0.327162
