0.204139
0.338941
-0.112135
-2.668971
2.374204
-0.147946
0.408452
0.275584
-1.000696
0.211726
0.529308
-0.639349
0.483624
-1.460113
-0.745378
-0.307533
-0.876682
-0.164675
1.265622
-0.672796
0.400169
0.507481
0.912854
0.992104
-0.112186
-1.030609
-1.216182
-0.728442
0.317850
0.529878
-0.904854
-0.729920
0.579529
1.225507
0.144263
-2.630028
1.154180
-0.185695
0.242481
0.186048
1.665598
0.205072
0.358178
0.048042
-0.771202
0.504477
-0.768949
-0.681547
-0.055935
0.143795
0.139364
0.981485
-1.507311
-0.637417
0.470594
-0.033790
1.094618
0.258178
2.221897
-0.828179
0.190339
1.496574
0.696079
0.173391
0.423672
0.124518
0.312383
-0.758259
4.558794
0.423463
-0.645437
0.671251
-0.281590
1.439548
1.467658
0.347931
0.725337
0.693342
0.596932
0.280186
0.022404
0.060737
-0.637002
0.089317
0.178292
-0.870092
0.393748
-0.843624
0.754438
2.314360
-0.897671
2.174517
0.619648
-0.056579
-1.426069
-0.754551
2.242692
0.070053
-0.211413
0.113129
-2.690763
-0.193352
0.398304
0.204752
0.192409
0.040793
0.779535
-1.226364
0.285632
1.257492
-1.889724
1.029568
1.885242
-0.165691
0.483117
1.858630
0.670318
0.536061
2.294740
0.147662
0.240262
0.201316
-0.786355
0.522163
-0.535267
0.703936
0.429214
0.497171
0.157097
-1.900149
0.189198
-0.055877
0.798231
0.640910
1.110433
0.710329
-1.926705
-0.075969
0.288941
0.435412
0.670421
0.050142
0.565303
0.512169
0.656490
2.270226
0.305031
0.600934
1.514470
0.571011
0.586696
0.137435
0.454336
-1.002306
0.571540
0.245173
0.245505
0.295924
-0.076717
-0.782349
0.446094
0.357991
2.201552
0.407991
0.550203
0.682829
-0.815990
0.293786
-0.735714
0.387201
0.027514
-0.547883
0.973531
0.316181
0.136671
-0.120080
0.813571
0.497612
0.427672
-0.015685
-0.700717
-0.055990
-0.208631
-0.957261
0.501542
0.169205
-0.787045
-1.286841
1.115381
-0.748556
0.202307
-1.106265
-0.683788
0.403122
0.339837
2.158978
0.068219
1.421640
0.214244
0.130470
0.436547
-0.178695
-0.314464
-0.148025
1.093003
0.985686
0.337991
-2.422115
0.353420
0.474204
-0.217802
-0.719990
0.733499
0.415973
-0.851571
-3.305288
-1.990417
0.433445
0.140681
0.634299
1.608796
0.090413
-1.474595
0.128332
2.221656
-1.617111
0.214571
0.310733
0.252824
2.253904
-0.604463
0.906429
-0.769670
0.751749
-0.732214
0.190064
-0.152434
0.236544
1.029520
0.140580
0.341005
-0.683288
-0.075908
0.292467
-0.752354
0.166127
0.391227
1.251863
-1.036941
0.419261
0.165154
-0.110218
-0.081445
1.453295
2.269736
0.266520
0.366972
-0.004546
-1.544331
0.389785
0.226527
0.593725
-0.547742
0.743961
0.501535
0.182151
0.476252
-2.414978
-1.168412
0.457473
0.475222
0.144556
0.583017
0.179703
0.990124
1.760288
-0.176239
0.359630
0.492009
0.085941
0.651269
-1.101177
-0.263023
1.427295
-0.174132
-0.612215
-0.751697
0.363648
0.061478
0.270411
-0.719304
-0.189389
1.106961
0.400764
0.433836
0.465270
-0.577016
-0.924417
0.359157
0.043200
1.893797
1.108177
0.264695
0.511373
0.310852
-0.618896
0.237132
1.033370
-1.589418
0.237261
-0.005182
-0.092358
-0.884604
-0.770612
2.128482
0.677927
0.649455
0.501599
0.304150
0.388806
0.452041
-0.897909
0.899408
0.245885
1.252464
1.191791
0.453660
0.700108
-0.140226
-0.422808
0.073503
0.217570
-0.902657
0.429041
-0.908685
-0.166366
-0.063213
0.534884
-0.233108
2.296818
0.378202
-0.894133
-0.767413
-1.294118
0.270828
0.406907
-0.003371
0.692324
0.778178
0.150564
0.360395
0.261669
-0.605434
0.454065
0.220381
-0.143502
0.233309
1.205900
-0.642341
0.240080
-0.588936
-0.409473
-2.134468
-0.265016
-0.002190
0.270993
0.481075
0.537934
-0.191793
-0.300532
0.311300
0.124083
0.159834
0.353631
-0.206690
-0.627435
-0.595368
2.938422
0.773742
0.427171
-2.547166
-0.935402
-0.151310
0.248899
0.365407
0.485454
-0.888804
-0.299621
-0.132350
1.454999
1.393633
-1.822392
1.022035
0.116622
0.231747
-0.360421
0.530214
0.347088
-0.484071
-0.172434
0.154000
-0.103453
1.098863
0.284222
0.181428
0.327033
0.404004
-1.424081
1.336707
-0.275830
0.222497
0.336197
-0.846404
0.187499
0.573652
0.069645
-0.150395
0.393409
-0.147040
-0.949319
0.194406
-0.668416
-0.661752
0.059986
-0.225376
-0.320959
0.078345
0.051273
-2.120219
0.105043
2.030113
0.935330
0.265011
0.274961
1.402095
0.274254
0.328272
0.114722
-0.889527
0.882310
0.310218
2.132968
-0.095610
1.417367
-1.603032
0.386368
0.419398
0.790503
0.243914
0.063312
0.627974
0.405098
-0.043881
0.431085
-0.869230
0.261403
1.606336
-0.004564
0.143925
-0.193391
-0.866268
0.668817
0.248503
1.305860
0.686067
-0.091775
-0.061184
-0.883865
0.243258
0.373032
-0.715917
0.257165
-2.096318
0.446602
-0.912323
-1.453452
1.439311
0.089211
0.303673
0.194275
-0.794079
-0.193799
0.038957
0.061516
0.391780
-0.198003
0.364681
-1.635462
0.377906
0.423900
-0.626466
-0.360340
-0.327403
2.139682
0.083729
1.898302
0.465711
2.157433
0.438629
-0.770764
1.412286
-0.171316
0.282256
-0.168367
-3.007430
-0.077368
0.133477
0.769671
1.835959
-0.935867
0.910090
-0.960629
-0.809165
1.510753
0.490250
0.229153
0.767557
0.660986
0.404192
0.942339
-0.224123
1.614759
0.902995
0.358687
-2.919562
0.581121
0.120812
-1.010805
-0.866084
0.518564
0.799618
0.477126
-0.196924
-0.057613
-1.017313
-0.018153
-1.746852
0.018155
-0.577373
1.560003
0.302746
0.961150
0.114858
0.354697
0.079861
0.204225
1.993252
-0.067725
-0.210838
-0.570578
0.543972
0.863726
0.259463
1.081166
0.262071
0.417160
1.160886
-0.221644
-0.765024
0.362587
0.390626
-0.028676
-0.991985
1.000060
0.227559
-0.517313
0.108378
0.139656
0.290957
-0.027441
-1.382407
0.266013
-0.350376
-0.890774
-2.278777
0.296601
0.357265
0.727643
-1.606947
0.035377
-1.611794
-0.493491
-0.284657
-0.993742
-1.591003
0.745069
0.064640
-0.793704
-0.662315
-1.892015
0.998753
0.241515
0.121407
0.165887
-0.039569
3.374829
0.307380
-0.164028
0.121241
-0.326079
0.167042
-0.581181
0.526070
1.044683
-0.008091
0.527808
-0.766047
-2.042487
0.544488
0.483405
-0.149430
0.277845
1.007876
-0.772084
0.215505
0.207311
-0.707282
1.117829
0.690957
0.409585
0.096350
2.503437
0.380127
0.462572
0.616471
-0.894675
0.140434
0.332377
0.309945
0.840664
0.396976
0.888387
0.141948
0.427157
-0.116418
1.881363
0.613897
-0.189876
0.419175
-0.981831
0.627902
0.152225
0.162682
0.052881
0.249036
-0.128294
0.229230
0.451508
1.665619
0.269678
0.429456
-2.390978
-0.026316
0.108776
0.680790
-0.115317
0.386135
0.096801
1.768796
-1.309062
-0.217021
0.410970
0.954387
-0.755460
-2.043502
-0.026727
0.109476
0.290269
-0.794049
0.153273
-1.013480
-0.951589
0.298409
-0.718674
0.391887
-1.654665
-0.683754
-0.856295
0.548181
0.703359
-0.119645
-0.107042
0.131867
-1.838067
0.492375
0.585412
0.259678
0.029641
-0.113314
0.191599
