0.188816
0.567857
0.013991
-0.308278
2.399906
-0.241142
0.047757
-0.775977
-0.400414
0.080203
2.377234
1.112761
0.089695
0.492644
0.128147
-0.115459
0.485197
0.586013
0.847444
0.118238
-0.299453
-0.117708
0.180799
0.485428
2.953849
0.442991
-2.237238
0.078569
-1.539601
1.695870
0.118217
0.208754
-1.144973
-0.095558
0.228425
-0.642750
-0.164324
0.200995
0.390577
-0.287064
0.345187
-0.066698
0.729408
1.470528
-0.501264
0.198546
0.118134
0.338158
0.174745
3.137133
-0.286888
-0.083004
0.655143
-0.179912
0.367749
0.119020
0.221578
1.317781
0.104316
0.176197
0.041161
-0.610922
-0.902252
0.466256
-0.900273
-0.337033
1.276578
0.009228
-0.277027
1.195724
0.039433
-1.214951
-0.038976
0.154217
0.240969
0.340269
-0.731702
0.738348
-0.197658
1.406676
-0.582958
-1.666755
0.405989
0.991667
0.147686
-0.008322
0.228454
0.724755
0.404532
2.326118
1.008441
0.140106
1.381006
2.775488
-0.017169
-0.708227
-0.445211
-1.717542
-0.125208
-1.117103
0.893925
-0.198193
-0.075586
0.427877
-0.895603
0.183014
-0.606051
0.310380
0.434328
0.070361
-0.507287
0.411298
0.410960
-2.682522
-1.031729
0.550827
0.287761
-1.054465
0.274500
0.373082
0.124800
-0.140908
-1.181043
0.597046
1.104279
1.132727
-1.536690
0.243539
1.046052
-0.064488
0.230729
0.159263
1.115683
-0.802173
-0.762368
0.796138
0.118721
-0.848693
-1.882987
0.142941
2.079701
0.655576
0.093768
-0.335013
-0.121762
0.577722
1.523624
-0.558854
0.180363
1.348161
1.687819
-0.121729
0.355618
0.583593
0.869702
0.356526
0.333065
0.217997
-0.708455
1.105229
0.234444
0.172644
0.362034
0.040218
2.175712
-0.646110
-0.532350
-2.129799
0.513793
-0.836136
1.455692
0.288633
2.259091
0.023712
-0.639096
0.057977
1.073800
0.183337
0.183332
1.236045
0.047302
0.038118
0.175393
-0.706554
0.185088
-0.759026
-1.005560
-2.131647
0.657314
0.688843
-0.820880
-0.721213
-0.273705
-1.027886
0.186518
0.161745
-0.884949
2.526508
-0.087469
0.586660
-0.536264
-0.749158
-1.052058
-1.940825
1.484513
-0.773845
1.118053
-0.633791
0.372484
0.068745
0.184870
0.129047
0.304361
-0.197929
0.220519
0.154816
-1.601274
1.056732
0.035107
-0.630116
0.003893
-1.825866
0.496276
0.012614
-0.942326
0.198363
-2.645161
-0.492731
0.419759
0.483276
-1.677973
0.164674
-0.001062
-0.810441
-0.767390
0.568976
0.016725
0.403158
0.131939
2.233217
-0.786386
1.699093
-0.706388
-0.060630
-1.912895
-0.202823
-0.663727
0.181704
-0.115365
0.579451
0.408448
0.496290
0.561219
0.323032
-0.495654
-0.083027
0.168573
0.291884
0.197689
-0.659944
0.356325
-0.152062
-0.800894
0.255109
0.222188
1.103880
0.142203
-0.630650
-0.679353
0.083815
-0.280325
-1.224664
-0.095462
-0.793862
-0.508372
0.332551
0.455479
1.667923
-0.039506
0.613776
-0.243039
-0.111064
-1.256871
-0.202990
2.219328
1.056037
0.037019
0.325449
-0.191507
0.055166
0.180741
-0.836204
0.187886
0.738599
-0.353343
0.996507
0.706541
0.039921
-0.031240
0.270314
1.179342
0.047683
-0.133199
-0.163875
-0.820907
0.151756
-1.952279
0.424420
-0.880636
0.105085
-1.153702
0.197839
0.197292
-0.822435
0.524602
-1.292250
-0.746128
0.535064
1.957064
0.071410
0.838378
0.199575
0.395659
0.426705
0.301183
0.193020
-0.030056
0.356485
1.047496
0.342397
-1.321943
0.350418
-0.647838
-0.154380
1.658790
0.294003
-1.290268
1.180369
-0.123032
0.075151
-1.872105
-0.333523
0.218374
-2.168718
0.148688
-0.645235
-0.582251
0.186557
0.330760
0.299952
1.125815
0.271669
1.206110
0.582164
0.346368
1.244820
-0.782863
0.066180
0.265820
0.522027
-1.331927
-2.094112
1.765232
-0.277906
-0.103243
-0.205588
0.206022
0.274273
0.130254
-0.894777
1.170758
0.505584
0.955186
2.285391
0.252248
0.027103
0.627509
-0.112480
1.066145
0.061276
0.993378
-0.224889
0.053115
0.452746
-1.742964
-1.012727
0.221107
0.040534
-0.185835
0.076635
-1.753494
0.188424
-0.029171
-3.005537
-1.482750
-0.620848
-0.883952
-0.072221
-0.154754
0.287757
0.227149
1.603979
-0.931110
-2.609266
0.315316
0.180263
-0.988662
0.314382
-0.882496
-0.183200
0.329312
1.205566
0.303718
0.367079
1.023783
-1.059194
-0.959145
0.244706
-0.210828
1.255250
1.037467
-0.047231
0.119222
-0.088484
0.198050
-0.133115
0.098909
-0.141032
-0.571259
0.213474
0.289299
0.264361
-0.015223
0.961078
0.075646
-2.228417
-0.195700
0.329654
0.356251
1.014119
-0.605028
0.251953
0.134567
-0.068391
-2.212805
0.354921
-0.871298
-0.855213
0.191312
0.060391
-0.788764
-0.809241
0.062294
-1.092319
2.176635
-0.769815
-0.017555
0.266617
-0.196917
0.424283
-1.580881
3.258882
-0.028124
-0.187349
0.848304
0.779154
2.169005
1.326917
-0.153900
0.531042
2.319638
0.857115
-0.773592
0.620933
0.966591
0.274801
0.427084
0.496007
0.000491
1.449181
0.830269
-0.177856
2.464592
0.465648
0.459669
1.094132
0.137334
2.277797
0.076614
1.482972
0.885764
0.087495
-0.656900
2.218303
-0.136474
-0.143292
-0.787607
-1.405389
-0.836188
0.106569
0.282965
0.091713
1.458487
1.278640
-0.429905
-0.037278
0.241226
-0.211034
0.195874
-0.749514
0.421836
-1.132698
-0.166598
-0.976843
0.020619
1.041872
-0.397288
0.603033
0.730453
0.249184
0.403868
0.000431
-0.749330
-0.264606
0.790147
-0.597905
0.573383
0.144775
0.734680
-0.224528
0.234999
-1.564519
0.084279
0.059360
0.621930
0.972175
-0.779157
0.505178
0.719539
0.087303
-0.183699
-0.765610
-0.012231
-0.921746
1.172359
-0.122441
0.088051
-0.809832
0.219735
2.336703
0.295411
0.516473
0.321174
-2.165619
0.273999
0.339294
-0.981030
0.007870
0.289065
0.193708
0.249956
-0.023234
0.097572
0.202392
0.623676
0.086050
0.285381
-1.991762
0.954870
0.330996
0.232901
0.231094
-0.034245
0.436017
-0.063506
1.003047
-0.436493
-0.639840
-0.473652
-0.853326
0.201721
0.129713
-0.102001
0.293982
-0.337377
0.004878
-1.828875
1.417305
0.247514
0.066943
-0.163445
0.367899
-1.328030
-0.504290
0.906893
-1.726910
-0.191222
-0.735512
0.223788
-0.945881
-0.595196
0.140911
-1.821585
0.383098
0.994336
0.481542
2.284698
-0.738093
1.517202
0.049873
0.539135
0.509834
-0.702840
-1.475847
-1.211568
0.439009
0.081044
0.424039
-0.061841
-0.963053
-0.850666
-0.711589
-0.183267
0.102007
1.096019
-0.245659
0.332394
-0.673934
-0.759299
-0.014257
1.351370
0.428004
0.364889
-1.503677
0.092271
-0.774553
1.430965
-2.596123
1.108707
0.648531
1.110835
2.312047
1.556817
0.068890
-1.684034
0.210064
0.554977
-0.831433
1.837681
1.059451
-1.801815
0.689141
0.400300
0.329290
-1.177484
0.069685
0.093480
0.149431
0.288321
-2.951850
0.117680
-3.898403
0.188147
-0.779011
-0.806186
0.074768
-1.625665
1.197232
0.674561
0.192311
0.092743
-0.939207
0.093057
0.258624
1.349362
-0.195934
0.110909
-2.798130
-0.660301
0.394287
0.227078
-0.577597
0.400318
1.170527
-1.694469
0.269941
0.191612
0.203538
-0.121876
0.388532
