1.512041
-2.231839
1.675673
2.753274
1.190290
-2.884269
0.000000
2.622447
-2.316216
-1.727398
0.260602
1.529154
-0.745419
3.050933
-2.634494
0.682317
0.439843
2.589938
2.565217
-2.966920
2.934096
0.524796
-0.563316
-1.441094
-2.609869
-2.743070
2.743070
1.279340
2.886410
-0.682317
-1.088283
2.910502
1.801887
-0.418224
-1.347320
-1.616220
1.570796
-1.182478
2.158799
-1.484058
-0.888480
2.480549
1.382575
-2.466852
-2.976444
-3.189176
-1.231504
0.197396
-2.570255
2.119346
-0.956133
2.999696
2.418613
1.199905
2.034444
0.655696
-1.484058
-3.011890
-2.142134
1.249046
0.148890
0.197396
2.521343
-1.414194
-2.704965
-2.616797
-2.034444
2.976444
-1.414194
-2.565217
-0.094952
-2.850136
-3.141593
1.961403
1.969319
0.257324
2.273053
0.531724
-1.267911
0.847817
-2.158799
0.000000
0.652847
1.107149
-0.982794
2.516108
1.067953
-0.278300
-2.863293
-3.141593
-1.856848
1.022247
2.245537
-1.236059
-3.024484
-3.141593
1.907471
-1.490966
-2.553590
0.632749
0.502843
-0.291457
-3.017238
-2.319174
3.046641
1.284745
1.325818
-3.141593
0.682317
1.657535
-2.677945
1.801887
-0.463648
-0.753151
-0.185348
1.618379
-0.049958
0.099669
1.421906
2.356194
1.063698
0.000000
-1.525373
-0.223477
2.185459
2.961739
-2.427502
-0.358771
-2.480549
0.104877
-2.934096
-3.141593
2.743070
-1.706324
1.022247
2.399645
0.321751
-0.336675
-0.632749
0.099669
2.386488
1.687905
1.951303
1.022247
-1.854590
-2.966920
1.398606
-0.493941
-0.708626
0.000000
0.185348
0.844154
1.172274
0.665969
-1.107149
-1.315614
-2.855541
1.801887
2.185459
0.748378
-1.390943
1.453688
1.618379
-2.567288
-0.554307
-2.111216
-2.616797
1.633215
0.996491
2.804918
2.414950
1.975688
-2.677945
-2.414950
-0.512389
-0.558599
-0.970746
2.838708
-1.414194
-1.653938
2.521343
-1.352127
2.578276
1.313473
2.007423
-2.934096
-0.950547
-2.677945
-1.339706
-2.855541
0.512389
-2.498092
-2.485897
-1.719686
-0.207496
2.677945
2.488746
-1.929567
-1.352127
3.030935
1.080839
2.223643
0.244979
1.862253
0.218669
-1.234122
-0.881872
0.094952
2.284887
0.960070
-0.996491
-0.896055
-2.886410
2.321725
-2.253113
-1.892547
2.697173
-0.822418
-1.706324
-2.553590
-0.512389
-3.352686
0.055499
-0.996491
1.499489
-0.927295
-3.098142
1.190290
1.815775
-1.794273
-2.498092
-1.460139
-0.055499
-2.601173
-0.124355
-1.480136
-0.049958
1.937970
2.838708
3.011890
-0.994421
-2.055274
-2.622447
-1.989021
0.563316
0.363979
2.104505
-2.323948
-0.620249
0.540420
-1.267911
0.207496
2.609869
-2.356194
-0.286051
-0.741947
-3.265948
-0.486899
-3.099950
-0.352990
0.868539
-1.435269
1.570796
2.553590
0.558599
-0.876058
2.279423
2.969402
1.152572
-1.058407
2.593043
-2.083186
-1.841743
0.135528
-0.214061
2.134113
0.489957
-1.616220
2.714965
2.223643
2.802300
2.173084
0.218669
2.699218
1.661456
0.442374
-1.126377
1.414194
0.643501
-1.325818
-2.057696
0.110657
-2.582993
-0.321751
2.642246
0.223477
-2.761086
0.507099
-0.358771
-2.855541
1.508378
2.293776
-0.197396
0.519146
-2.418613
-1.058407
-1.390943
-0.602287
0.404892
2.802300
1.923787
-1.475845
2.567288
-2.553590
-1.570796
1.706324
1.313473
0.482513
2.439336
1.325818
1.719686
0.486899
1.144169
-1.989021
-2.173084
1.475845
-0.463648
-1.398606
2.723368
-2.386488
-0.156602
-1.264917
2.034444
1.046001
-2.459276
1.147942
0.000000
-2.567288
-2.743070
-2.034444
-2.055274
-1.614247
2.388441
-1.670465
-2.714965
-1.815775
-1.687905
-2.297439
0.718830
2.007423
2.119346
-0.442374
-0.625485
-0.714091
2.356194
-2.386488
-0.321751
-2.158799
1.781890
2.034444
2.060754
0.463648
2.055274
1.570796
-1.969319
2.403778
0.197396
-0.463648
-1.892547
2.792822
-2.729182
1.661456
-0.524796
0.847817
1.993650
-2.356194
0.244979
1.107149
-2.587285
1.661456
-2.565217
0.291457
0.165149
-1.190290
0.052583
-3.054854
-0.625485
-2.265535
2.622447
0.418224
1.382575
-1.941688
-2.231839
1.993650
-1.570796
1.841743
-0.336675
0.444419
0.291457
-0.524796
0.832981
2.819842
-2.013171
-1.234122
-1.199905
-0.745419
2.850136
-2.284887
2.321725
-3.054854
-1.620755
1.618379
1.058407
-0.702257
-1.892547
2.677945
-1.700499
-3.258701
2.422763
-1.484058
-1.428899
-1.206817
2.466852
-2.284887
0.463648
1.789465
0.643501
-2.539305
-1.051650
0.785398
-0.489957
1.398606
1.695151
-1.475845
-0.493941
-2.782822
0.231091
1.471128
2.013171
-1.700499
-1.147942
-1.051650
1.675673
-3.041924
1.373401
1.989021
2.158799
-0.714091
0.718830
-2.718739
-0.643501
-0.574305
-0.610726
0.000000
-2.439336
0.512389
-0.390607
-2.427502
-1.975688
-1.862253
0.965252
-1.789465
-1.279340
0.197396
-3.086094
1.993650
-1.828120
-1.804540
-1.088283
1.910089
1.804540
-2.953371
2.634494
2.743070
-2.393215
-1.046001
-0.370891
1.390943
1.030377
0.156602
1.212026
-2.057696
-1.339706
-1.249046
-1.951303
-1.518213
-1.984127
0.418224
2.539305
-2.284887
2.961739
-1.815775
2.567288
1.039072
-1.892547
2.516108
-3.187016
1.892547
-2.390664
0.785398
-0.862170
2.073640
-1.700499
-2.508844
-2.119346
1.959115
-1.518213
1.735945
1.712693
1.629552
0.422854
1.352127
2.279423
1.058407
2.289626
2.699218
-1.815775
1.951303
-2.185459
-2.060754
0.185348
-1.339706
2.835714
-2.999696
-0.982794
2.870646
-2.053310
2.191046
-1.983207
-2.422763
-2.539305
0.602287
2.191046
-1.907471
-0.888480
1.570796
2.083186
1.249046
-0.785398
1.706324
-0.165149
1.570796
-2.953371
0.574305
-0.632749
0.418224
-2.446854
-0.785398
0.915101
-2.119346
-0.165149
-2.953371
2.077895
0.286051
1.892547
1.058407
-0.694738
2.173084
-2.761086
-2.158799
2.231839
-2.736701
-0.218669
1.039072
-2.226492
-1.959115
-2.297439
-0.463648
2.567288
2.976444
-3.141593
0.286051
-0.321751
-2.999696
-1.190290
-2.677945
-1.299849
-2.944197
-2.833540
0.714091
1.382575
-1.030377
-1.160669
-2.992703
-2.761086
0.104877
-3.232253
-3.316265
1.039072
-2.677945
1.706324
1.768192
-0.058756
-2.875341
2.396173
0.682317
-0.694738
-0.270947
-2.388441
-2.203545
-1.892547
-2.013171
-1.959115
-2.718739
1.570796
-2.526930
-2.223643
2.578276
-2.880990
-0.463648
-2.622447
-2.777614
0.363979
0.463648
-0.881872
-1.951303
-2.073640
1.629552
0.308053
-1.993650
2.356194
1.007480
2.677945
-0.104877
2.819842
2.526930
2.191046
-2.526930
1.126377
1.134169
-0.110657
-3.094010
-3.091634
2.999696
3.046641
2.323948
-1.325818
1.892547
-1.989021
-1.681454
-3.197091
-2.498092
-1.759018
-0.714091
-1.352127
-1.147942
2.289626
0.982794
2.321725
-2.855541
1.373401
0.785398
-0.785398
-0.439843
-1.267911
-2.553590
-0.945311
-1.665748
2.388441
2.792822
0.909753
2.390664
-1.828120
-0.605545
-3.011890
-0.668289
-0.291457
-0.352990
-2.907849
-2.015216
2.015216
1.804540
-3.241261
-2.870646
1.670465
-0.902507
0.614663
3.030935
1.876675
-2.819842
-0.610726
1.130954
0.099669
-1.080839
2.743070
-2.279423
-1.804540
1.570796
2.936197
-1.080839
