-1.876675
2.835714
2.553590
1.234122
0.463648
-1.776192
3.098142
-2.446854
0.244979
0.935770
-2.325901
2.750986
-2.383215
-1.365401
-0.086738
2.831890
-0.045423
2.422763
1.007480
-3.009041
-1.022247
-1.275355
0.819867
0.489957
-2.634494
0.785398
-1.837048
-3.098142
-2.819842
-1.907471
-3.096169
-1.612439
1.231504
1.287002
-1.398606
2.516108
-0.185348
1.405648
-0.404892
0.822418
-2.321725
-0.881872
-0.602287
2.245537
-1.815775
2.323948
-2.452668
1.919567
-2.699218
1.190290
-2.498092
0.124355
-0.188222
-2.459276
-2.293776
-0.785398
0.308053
-1.951303
-1.653938
-3.372683
-2.788602
2.638749
1.570796
-0.785398
1.421906
-2.181522
-2.259721
-2.654693
2.319174
-1.620755
-0.132552
-3.096169
2.427502
-1.959115
1.128422
-2.659079
-2.441700
0.785398
-2.316216
-1.849096
0.729900
-2.356194
2.736701
0.104877
0.442374
-2.077895
-0.574305
0.117109
-2.718739
-1.905533
1.675673
0.507099
-1.212026
-2.622447
-2.422763
-1.919567
2.111216
-2.863293
-2.616797
-2.223643
-0.935770
2.053310
-2.098871
-2.356194
0.856706
-1.475845
-0.404892
0.643501
1.959115
1.414194
2.718739
1.675673
-2.214297
-2.057696
-1.815775
2.122451
-0.308053
-1.471128
2.512796
1.993650
1.768192
3.058451
-2.452668
0.956133
-1.222025
-2.782822
-1.172274
0.141897
-0.635027
2.565217
-1.685673
-1.083897
-1.837048
1.570796
-1.352127
2.196281
1.504228
-1.961403
1.212026
-0.610726
3.011890
-0.165149
-0.665969
-3.261022
-2.102520
-2.553590
-0.179853
-3.011890
-1.126377
-2.053310
-1.993650
-0.398522
0.832981
0.278300
-0.819867
-0.851966
0.652847
0.404892
-2.488746
0.321751
0.960070
-2.327631
0.141897
2.125104
-2.300696
-0.043451
2.111216
2.147172
-2.768605
-2.057696
-1.815775
1.778293
-0.750929
2.013171
2.723368
-1.382575
1.441094
-3.050933
-2.714965
-0.135528
0.094952
1.083897
1.570796
-1.390943
1.717875
1.396124
1.876675
0.398522
-1.681454
-0.994421
2.102520
-1.074374
2.723368
-1.144169
2.125104
0.661043
0.099669
0.278300
-2.804918
0.270947
-0.551655
-2.356194
-0.418224
2.922924
2.104505
-2.850136
-0.817645
-1.141034
-1.382575
2.098871
-2.270689
-1.465919
2.327631
-0.753151
2.553590
0.380506
0.917950
-1.633215
-1.203622
2.300696
-0.302885
1.892547
2.411693
-1.985303
1.759018
-0.390607
2.480549
2.788602
1.815775
1.854590
0.888480
-0.214061
1.685673
0.436627
-0.321751
2.245537
2.356194
1.529154
-3.288671
2.356194
0.785398
0.083141
-0.418224
-1.165905
-0.643501
-0.652847
1.128422
2.073640
-1.012197
-1.165905
2.446854
1.943784
0.049958
-1.262744
-0.124355
1.396124
1.892547
-2.736701
-2.553590
0.577902
-0.141897
1.614247
0.665969
0.602287
0.348771
2.055274
3.091634
1.382575
0.110657
-2.191046
-0.945311
-2.677945
0.785398
-0.682317
-0.380506
-1.520838
-0.927295
-0.367174
2.289626
-0.148890
2.984991
0.785398
-1.742987
-1.107149
1.147942
0.927295
1.989021
2.578276
2.616797
-2.565217
-1.086318
0.982794
2.819842
2.196281
-0.554307
2.418613
2.984991
-0.358771
0.750929
2.452668
2.536048
-0.554307
-0.614663
-2.884269
-2.356194
1.919567
2.015216
-2.388441
0.652847
-1.612439
-1.892547
0.635027
2.095592
-0.815692
-2.677945
-1.916352
2.051684
-2.388441
-3.058451
-0.047583
0.917950
-1.905533
1.421906
-2.750986
2.896614
-0.704494
-0.278300
0.745419
2.034444
3.187016
1.475845
-1.152572
2.593043
-1.831399
2.319174
-2.927532
-2.134113
2.976444
1.147942
1.172274
-0.334737
-2.541542
-1.529154
-1.873681
-2.539305
0.049958
2.750986
0.444419
-1.618379
-2.393215
-0.519146
0.968509
2.323948
-0.047583
1.837048
1.234122
2.185459
-3.091634
-1.784857
-2.761086
-0.214061
1.735945
-3.241261
-1.657535
2.953371
1.959115
2.906048
2.356194
-0.148890
-2.695487
-0.785398
-1.144169
-0.982794
1.363300
0.982794
0.334737
-1.217806
-2.927532
2.297439
2.265535
-3.189176
2.819842
0.588003
2.386488
0.563316
2.259721
-1.339706
-0.278300
2.223643
0.956133
0.152649
-1.441094
0.045423
-1.024007
0.321751
0.531724
-1.490966
-3.050933
1.217806
-2.356194
-2.158799
0.308053
-1.144169
-2.999696
1.217806
1.742987
-1.147942
0.463648
1.670465
2.356194
1.063698
-2.473303
1.165905
-3.185044
-1.249046
1.776192
3.141593
2.231839
-3.030935
2.393215
-2.323948
-2.677945
0.896055
-0.935770
-1.907471
2.699218
-2.697173
1.083897
-0.380506
0.233743
0.388319
-1.570796
1.529154
0.625485
-1.606495
-0.172191
0.000000
0.165149
1.612439
3.141593
2.356194
-2.265535
1.051650
-1.071450
-1.356736
-1.465919
2.196281
-1.993650
-2.253113
2.553590
3.046641
-0.868539
2.265535
-2.508844
2.526930
-1.527345
0.099669
-1.490966
-2.055274
2.530867
-2.010639
-1.373401
0.043451
-2.196281
-0.819867
1.570796
-1.989021
2.743070
-0.480887
-2.868584
2.846152
1.570796
-1.126377
-1.768192
3.006065
1.107149
2.880990
-0.851966
1.993650
2.819842
-1.382575
-2.723368
2.259721
1.873681
-0.551655
2.134113
0.574305
2.147172
2.253113
-1.441094
1.222025
0.726642
-1.527345
0.049958
-1.675673
-0.643501
0.321751
1.428899
2.850136
1.165905
-2.321725
-3.041924
2.356194
2.480549
-2.651635
-0.956133
2.145101
2.137526
-1.147942
-1.335251
1.421906
2.490516
0.321751
1.941688
2.053310
1.862253
1.815775
1.570796
1.695151
-0.041643
-2.875341
-1.279340
-1.030377
0.822418
2.356194
-2.432966
-2.297439
-0.651077
-0.086738
3.141593
-2.015216
2.119346
-2.927532
-2.158799
-0.851966
-1.126377
-1.647568
0.819867
2.541542
-1.661456
-2.835714
-1.396124
-1.107149
1.484058
0.938047
-1.480136
-1.878849
-1.527345
1.841743
1.919567
-3.141593
-0.141897
1.046001
1.892547
-1.086318
-1.152572
-0.352990
0.058756
2.145101
-1.107149
2.927532
-2.565217
2.488746
0.244979
-2.245537
0.602287
-1.706324
2.969402
1.735945
0.502843
1.742987
-1.292497
3.079174
2.057696
-1.983207
-2.896614
1.570796
0.785398
0.699893
2.609869
1.735945
-0.172191
-2.953371
-2.642246
2.835714
2.441700
-2.855541
2.480549
1.951303
0.851966
1.180189
-2.886410
1.768192
-1.234122
-1.356736
-1.919567
-1.735945
-2.446854
0.197396
-2.289626
-2.622447
1.907471
-0.244979
-2.239086
2.158799
-2.896614
-0.188222
-3.006065
-1.490966
1.570796
2.388441
0.643501
-1.815775
1.337053
1.789465
3.094010
2.788602
-0.909753
-0.750929
-2.819842
3.094010
1.172274
0.463648
1.706324
2.578276
-2.593043
0.484478
-1.390943
-2.819842
0.094952
2.743070
1.612439
0.255182
1.866237
-0.785398
-2.275290
-0.632749
-2.718739
2.988943
0.257324
-2.134113
0.197396
-1.217806
1.878849
-0.380506
-0.851966
-3.141593
-0.668289
0.970746
0.266252
-0.960070
2.073640
-0.295441
0.363979
2.466852
0.674741
0.688924
1.304544
0.876058
2.073640
-1.719686
0.625485
2.329174
-0.266252
2.095592
-2.388441
2.855541
2.422763
1.249046
-2.034444
1.441094
0.714091
-0.463648
0.000000
-0.652847
-2.609869
0.994421
2.089942
0.817645
-1.712693
-2.356194
-0.625485
-1.275355
-0.996491
2.961739
-2.386488
-2.539305
-2.256526
2.356194
2.806856
