0.426627
-1.892547
0.628796
-0.566729
-1.352127
-0.348771
-3.700192
1.279340
-1.405648
-1.849096
-0.558599
-1.892547
-2.761086
0.179853
0.909753
-1.849096
-3.141593
0.628796
-1.107149
-1.471128
-0.110657
-1.703348
-3.058451
1.107149
-1.703348
-3.926991
-2.553590
1.012197
0.000000
-2.297439
1.892547
-0.620249
-2.819842
-3.433049
-1.352127
-2.432966
0.785398
-2.850136
2.439336
-2.432966
-3.708322
-1.750650
-3.208161
1.107149
-1.352127
-2.466852
1.272297
0.000000
-1.670465
0.404892
0.708626
-1.414194
-3.274144
-4.124386
-5.034140
0.909753
-2.875341
-2.944197
1.004067
-2.289626
-3.770389
-0.404892
2.289626
-1.249046
-3.306741
0.566729
-0.197396
-0.732815
-4.712389
1.815775
-1.152572
-4.877538
-4.836744
-3.252250
0.844154
-0.960070
-4.434089
-0.321751
-2.214297
0.321751
1.570796
-0.463648
-3.770389
-1.042722
-0.298499
-3.241261
-0.343024
-3.816334
-3.708322
-2.064738
-3.974574
0.124355
-1.134169
0.851966
1.460139
-0.737815
-1.144169
1.892547
1.735945
0.000000
-1.869295
0.643501
-2.880990
0.000000
2.214297
0.785398
-3.816334
2.439336
-2.356194
1.570796
-0.141897
-0.851966
-1.076855
-4.068888
-1.570796
-3.868235
-1.249046
0.463648
0.404892
0.321751
0.218669
0.785398
1.249046
-2.077895
-2.746802
-3.050933
-0.486899
-3.419892
-5.071160
-1.373401
0.785398
0.674741
-4.313867
-1.989021
-0.090660
1.460139
-1.703348
-3.653982
-3.850219
-3.836331
-3.141593
1.438245
-2.256526
-1.385448
-2.034444
0.000000
-0.066568
-3.850219
-4.803049
1.919567
0.737815
-2.129396
-0.110657
1.446441
1.352127
-2.007423
-3.708322
-3.985747
-3.433049
-0.960070
0.909753
-2.007423
-1.051650
-2.265535
-2.843094
0.785398
-2.677945
1.272297
-2.819842
-4.279981
-3.141593
-4.353618
-0.165149
-1.227772
-0.141897
-3.141593
-1.828120
-2.422763
1.071450
-4.789161
-0.694738
1.249046
-2.536048
-2.922924
1.471128
-2.961739
1.222025
1.176005
-1.570796
-3.546484
-0.661043
0.278300
-1.637364
-0.785398
-3.419892
-1.004067
-1.249046
1.390943
-3.407845
-1.480136
0.110657
-2.098871
0.099669
-0.999459
0.896055
-0.528074
-4.854286
-1.975688
-4.205290
-1.951303
-0.960070
-4.353618
1.165905
-0.493941
-3.761842
-3.660739
0.244979
-3.064821
-2.191046
-1.997424
-3.306741
-3.926991
1.325818
2.089942
-1.670465
-5.071160
-1.750650
-3.648691
-4.193243
-3.574000
-0.278300
0.218669
-2.064738
-2.356194
1.637364
-0.785398
-4.514993
-4.213042
-2.191046
-2.034444
-0.785398
0.463648
-3.700192
-0.380506
-0.927295
-0.737815
1.212026
2.158799
0.278300
-1.815775
2.070143
-4.712389
1.405648
-3.605240
-3.368392
1.144169
-1.203622
2.181522
-1.989021
-4.877538
-2.098871
-1.039072
-1.304544
-0.785398
0.694738
-0.960070
0.726642
1.892547
0.718830
-0.110657
-0.218669
-4.037648
0.000000
-4.957368
-1.570796
-3.075024
0.278300
1.063698
1.965587
2.034444
-2.530867
0.321751
-0.152649
1.570796
-5.373432
1.030377
-1.418147
-1.460139
-1.373401
-3.729595
0.785398
-3.141593
-2.181522
0.179853
0.165149
-1.919567
-2.356194
-3.816334
-1.815775
-4.294165
-3.480885
-3.500363
0.643501
-2.761086
-1.325818
0.708626
0.950547
-0.844154
1.012197
0.896055
0.885067
-1.352127
-0.785398
-1.051650
-2.613518
-3.141593
1.975688
-1.653938
-3.079174
-3.058451
-1.460139
-2.961739
-3.338988
0.090660
-5.439031
-2.774419
-3.500363
-1.152572
-2.677945
1.735945
0.876058
-0.558599
-1.405648
-2.677945
-4.712389
-2.034444
-2.736701
2.303611
-0.507099
-2.466852
-0.321751
-2.181522
-3.283490
-1.176005
-2.485897
1.712693
0.426627
0.718830
-1.951303
-6.283185
2.356194
-2.792822
-0.885067
-3.360262
-2.070143
-1.051650
-0.152649
0.197396
-0.896055
-3.141593
-1.661456
-3.850219
-1.222025
-2.176341
-2.312744
-1.712693
2.403778
0.927295
-3.827322
-1.712693
2.003204
-0.685730
-1.735945
-1.292497
-2.677945
-1.494024
-3.770389
0.896055
1.405648
0.982794
1.363300
-0.110657
1.862253
-0.726642
-0.321751
-2.819842
3.017238
-0.558599
-2.729182
-2.701750
1.165905
0.785398
-3.879408
-1.144169
0.463648
-0.551655
0.540420
-1.570796
-3.850219
-3.070285
1.570796
1.063698
0.643501
1.570796
-3.360262
-1.352127
1.681454
-2.265535
-1.801887
2.245537
-3.500363
1.642104
2.512796
-3.926991
-1.107149
1.203622
-1.629552
0.062419
1.446441
-1.107149
-0.321751
-2.819842
2.256526
-1.989021
-5.300392
-1.325818
-2.422763
0.463648
1.373401
-2.582993
-0.463648
-3.338988
-2.819842
1.480136
-4.892242
-3.836331
-4.836744
0.982794
-0.348771
2.034444
-1.176005
-1.781890
-0.844154
-2.677945
-2.089942
0.499347
1.849096
-2.723368
-0.507099
-1.789465
-3.141593
-0.218669
-2.677945
2.034444
-2.729182
0.348771
-0.982794
-1.453688
-1.723446
-1.107149
-0.298499
-2.176341
-2.512796
-0.321751
-3.306741
-2.137526
2.077895
-2.944197
-1.508378
-2.944197
0.785398
0.463648
-2.709185
1.190290
-2.709185
-2.896614
-2.868584
2.070143
-1.107149
0.896055
0.785398
0.124355
0.643501
0.909753
-1.951303
-1.756144
2.265535
1.438245
-1.789465
-0.694738
2.414950
-2.875341
0.851966
-2.231839
-1.837048
0.588003
1.570796
1.107149
0.588003
-2.181522
-1.570796
-1.487655
-3.141593
-2.723368
-3.141593
1.937970
0.000000
0.463648
0.071307
-3.605240
0.566729
-3.648691
2.089942
-1.831399
-1.222025
-3.463343
-2.480549
-3.463343
-3.232253
-2.446854
-3.419892
-2.601173
-3.141593
-1.873681
1.249046
-1.343997
-0.785398
1.042722
-2.677945
0.862170
-1.570796
0.499347
-3.141593
1.004067
0.165149
1.107149
0.896055
-0.110657
0.982794
-4.248741
0.551655
0.099669
-2.819842
-4.003763
0.643501
-2.498092
0.394791
-3.306741
0.896055
1.272297
0.124355
1.504228
-0.643501
-2.034444
-3.926991
-4.171969
-0.868539
1.712693
-4.712389
-0.927295
-1.499489
-2.677945
-1.373401
-2.677945
2.245537
-0.343024
-4.547240
-1.249046
0.463648
-0.862170
-1.653938
-3.926991
1.199905
-0.110657
-2.034444
1.965587
-3.041924
0.000000
-3.605240
-2.111216
0.000000
-2.466852
0.244979
-2.930499
-1.325818
-2.677945
-5.206330
-2.613518
-2.709185
-2.356194
-2.843094
0.348771
-4.017651
0.519146
1.359703
-0.694738
-0.298499
0.083141
-1.352127
0.278300
-1.030377
-1.815775
2.158799
-3.419892
-1.670465
-3.212900
-2.158799
-1.418147
-0.174672
0.426627
-3.141593
-3.041924
-2.181522
-2.530867
-0.110657
-0.702257
-3.407845
-5.387130
0.519146
-0.708626
-2.896614
1.781890
-3.352686
-3.338988
-3.463343
-2.651635
-4.844941
-1.869295
-5.323115
-1.071450
-3.352686
-3.868235
1.373401
-2.746802
-3.386571
1.494024
1.107149
-0.507099
-1.695151
1.107149
-1.781890
-2.158799
-2.677945
1.190290
-2.034444
1.570796
0.507099
-4.248741
-0.493941
0.099669
1.849096
0.507099
-4.317598
-4.353618
1.989021
-0.110657
-1.815775
0.499347
-3.208161
-2.356194
-3.141593
-0.876058
-2.875341
0.785398
0.244979
0.000000
1.735945
-2.961739
-0.321751
0.141897
-2.356194
-1.373401
1.042722
-3.463343
2.303611
-1.438245
-0.872894
-0.620249
1.695151
-1.670465
0.862170
-0.278300
-3.283490
-1.292497
-0.862170
-1.199905
-1.831399
-2.176341
1.570796
0.896055
