-0.103212
2.024207
-0.123837
-0.111916
0.245668
0.043132
0.245954
-0.101498
0.032391
-1.646973
0.283771
-0.193303
1.959723
-1.508772
0.072487
1.822086
0.245913
-0.119072
-0.142700
0.164683
-0.076356
1.876422
0.272697
0.265964
0.057240
0.072356
-0.147388
-0.115130
0.454441
0.249476
0.257606
-0.152743
1.855531
0.323677
0.267069
0.269236
-0.130559
0.268631
-0.152435
2.096827
0.261540
-0.137968
-0.116854
0.024158
0.118260
0.671140
0.251632
1.869581
0.115115
-0.146990
0.224471
-1.396126
-0.150237
1.951020
-0.098241
1.947239
0.211179
-1.425801
-1.588542
1.852938
0.208594
0.174559
-0.131183
0.284942
0.126459
0.015414
0.312750
0.475482
0.254381
-0.010002
0.221544
0.048646
-1.283649
-0.120174
-0.166609
1.885027
-0.133096
1.875125
0.342207
-0.118061
-1.654868
0.243774
0.244615
-0.061370
0.250693
-0.176607
1.846080
0.322388
0.046593
0.642334
0.107100
1.822651
-0.132850
-1.648904
0.123929
0.109162
-0.104306
0.233863
0.040112
1.864447
-0.158006
0.246839
2.014730
0.039679
0.520401
-0.082333
-0.148885
2.143783
1.884014
1.827732
0.101320
1.806731
0.278610
0.274727
0.310693
-0.073795
0.195222
0.246798
1.871721
-0.108251
-0.118951
1.860467
-1.676022
0.256860
-0.175192
-1.452016
0.095104
0.357034
0.033178
0.235390
2.082025
0.590031
-0.138416
-1.667140
1.913989
-0.071011
1.886357
0.228783
0.322990
0.202786
-0.170738
-0.127930
1.861904
1.857688
0.054189
0.153838
-0.103491
0.335951
0.286044
1.823694
0.311587
1.825082
-0.151748
1.907565
0.405526
0.209943
0.122696
1.818989
-0.167654
1.861302
0.257800
1.854549
-0.137491
0.011562
0.186678
0.107069
0.019958
1.849626
1.856541
-0.133740
-0.191195
-0.090777
0.071771
0.086837
0.256985
0.307446
0.239119
-1.363088
0.258857
-1.621130
-0.129842
2.026374
-0.156842
0.296073
-0.155726
0.059847
0.265180
0.091242
0.294915
0.057266
1.908159
0.049922
0.064485
0.257987
0.239916
-0.149292
-0.099974
0.098214
0.287096
0.494454
1.925268
-0.147095
1.807392
1.821330
0.255880
0.252209
0.287273
0.244065
-0.108520
1.871098
0.262264
0.396587
0.020709
-0.156191
0.061853
0.066249
-0.137477
0.323534
0.050711
0.026166
0.224405
2.006252
0.224376
0.314915
0.001773
0.311264
0.034107
-0.063781
1.860407
-1.672008
-0.009751
0.252162
0.201800
0.016662
0.240784
0.250084
1.835816
-0.039693
-0.122841
-0.122269
0.258850
0.052985
0.058523
0.064580
1.860018
0.224140
-0.175625
0.035003
1.940278
1.902580
0.354120
0.275233
-0.085739
0.068769
1.918990
1.996618
0.672287
0.247773
0.021719
0.256917
1.857504
0.274075
-1.656979
-0.127086
0.290723
0.186683
-0.188014
-1.516563
-0.151588
0.242345
-0.184128
0.141650
0.075202
1.861110
0.243107
-0.150962
0.254470
0.229637
-0.170798
-0.170975
1.894489
-0.155045
0.281306
-0.221478
-0.124178
1.854509
0.239621
-0.152239
0.267091
0.345265
0.056657
0.237600
0.187222
0.226465
-0.114768
1.845270
0.034667
1.819967
0.310132
0.027452
-0.102849
-0.159789
0.252969
0.249977
0.034149
-1.712073
0.251426
0.270034
1.848392
1.834443
-0.185069
-1.600490
-0.146976
0.046570
0.089447
1.788558
-0.117859
1.826107
-0.053241
1.896222
-0.206989
1.894303
-1.670039
-1.664839
0.086681
-0.114065
1.938661
0.291432
-0.196230
-0.012412
1.868493
0.387704
-0.156334
1.829592
0.045016
-0.123268
0.291073
0.025616
0.029417
0.117548
-1.638488
0.307258
-0.185828
-1.621506
0.001762
-1.662447
-1.602341
0.008515
1.871534
-0.154055
-0.202248
0.244246
0.230300
0.187866
-0.065111
0.033143
0.302242
0.087751
-0.163342
-0.140445
-0.096777
0.478106
-0.182117
-0.096364
0.036593
-0.177243
0.206920
0.259698
0.065697
-0.106192
0.145348
-0.109765
1.918066
-0.170927
-0.167965
0.088331
1.818948
1.903690
0.034286
1.838358
0.019648
1.876461
0.214806
0.272092
0.257785
2.014507
0.211052
0.042419
-0.096866
0.259113
-0.149535
0.076317
0.090669
-0.102121
0.240950
-0.176481
0.278154
1.845796
1.885078
0.201587
0.309614
-0.149779
-1.552521
0.259065
0.301879
0.293536
-1.475155
0.036382
-0.166103
0.060304
-1.652039
1.878872
1.881616
0.284756
0.301609
-0.151459
-1.664306
-1.263890
-0.191394
-1.627929
0.247692
0.223942
-0.123040
0.067631
0.270047
1.885508
0.215121
0.103834
0.323679
1.850870
0.265129
-0.129994
-0.095736
-1.626193
0.345430
0.061117
0.369814
-0.094694
-0.168849
-1.633154
0.317051
0.281858
1.822916
0.141000
1.866133
-0.145705
-0.130355
1.859773
1.872266
0.070430
0.339338
0.292567
0.243500
0.220458
0.058392
0.259965
0.222681
0.054439
0.114697
-1.613170
1.935788
-1.577897
-1.601178
0.233021
2.116797
-0.159019
-1.645484
-1.621172
0.274675
-0.122234
1.864147
0.032905
-0.178218
-0.187967
0.147192
0.247318
0.240207
-0.144814
1.898642
1.800397
-0.210170
0.139320
0.262497
0.282644
-1.639261
-1.700747
0.234964
1.813032
-0.027299
0.018398
-1.455119
0.226841
-0.144536
1.816611
0.326746
-0.154369
-1.318257
-0.096775
0.055859
1.874596
0.253198
-0.089459
-1.612290
0.057281
0.071334
-0.135594
0.307714
-0.144135
-0.148071
-0.148986
1.871799
-0.037445
-0.061056
1.831947
-0.165166
-0.108256
-1.597468
-0.078661
0.098110
0.111718
0.305944
0.270680
-0.104499
0.066501
0.214661
-0.139448
-1.675810
-0.076866
-1.651326
0.026450
0.119956
1.872484
-0.024109
-1.614972
0.277160
-0.115204
1.855590
0.319222
0.288537
1.809548
0.219786
-0.170541
0.057736
0.283917
0.325720
0.298199
0.097107
1.919794
0.358974
0.027329
0.248387
2.012692
-0.135302
0.299780
-0.059896
1.854946
0.346958
-0.129818
0.090796
0.032898
-0.133368
0.055815
0.283478
1.866075
0.095137
0.118777
0.057271
0.332510
-0.043775
-0.177885
1.441830
0.230878
0.222614
2.058675
0.247942
-0.002272
0.205174
0.045423
0.029564
1.836568
1.816848
0.225450
0.217910
2.091170
0.050028
0.235977
0.617363
-1.289458
1.877831
0.030032
-0.153503
-0.167257
0.243943
0.069293
-0.110104
1.874916
0.287379
0.254774
0.066745
-1.687966
1.986326
-1.694215
-1.643699
0.058638
1.851303
0.071758
0.084017
-0.143059
0.120959
-1.732788
-0.006571
0.057658
1.876161
1.868028
1.883016
0.365337
0.082692
-0.100881
1.834789
0.281486
-0.097360
1.919792
-0.151640
0.227493
-0.092477
-0.120771
-0.094194
0.024822
1.863830
1.911647
0.298109
0.113137
-1.313794
-1.477472
-1.498290
-0.183566
0.273131
1.870402
0.099938
-1.598736
2.059786
0.084457
0.316628
1.886168
-1.679932
0.272741
-0.128353
1.904866
-0.119319
0.061366
-0.096821
-0.168629
0.270561
0.261376
0.281302
2.073462
0.227093
0.317736
-0.124119
-0.126258
-0.168535
-0.119133
-1.620374
0.275069
1.971504
1.938654
0.277852
0.262444
0.094700
-1.643335
-0.119401
-0.148901
0.236253
0.081699
1.857182
0.239155
1.919855
-1.458785
-0.102761
0.071664
0.285862
1.920521
0.314389
0.276200
-0.141558
0.031917
-1.614786
-0.145600
-1.466546
0.312995
