0.322969
-0.236308
0.256925
-0.326532
-1.341135
2.321260
0.149946
1.878586
2.110501
0.294945
-1.435921
-1.637759
0.119857
-0.061357
0.240921
0.082818
0.441291
0.482967
-1.655918
0.205751
-0.557255
0.075229
0.250907
0.003713
-1.120812
0.291323
0.786715
-0.148143
1.583461
-1.641996
0.268377
0.344378
1.546222
0.095799
-0.135685
1.788005
0.080007
0.272382
-0.169467
2.025195
-0.164152
2.244673
0.078871
0.505652
2.103093
0.320679
0.191942
-0.172957
0.275307
-3.409864
2.576637
0.031132
0.436128
-0.015721
-0.130873
0.260994
0.286730
-1.826395
-0.049022
-0.176163
0.253652
1.912912
1.814286
0.503146
1.732471
-0.304452
-1.674884
0.314230
-0.001156
-1.641673
-0.125812
-0.444593
0.163772
-0.004020
-0.082859
-0.175537
1.821954
0.533358
1.925899
-1.881530
1.885538
1.465660
0.310444
0.445382
0.299289
0.239877
-0.182412
0.008945
-0.103929
-1.457883
0.679608
0.218902
-1.771640
-1.416130
0.114580
1.877723
1.901353
1.455300
0.103082
1.652548
-1.623485
0.002044
0.111036
-0.101933
1.812135
0.295827
1.913880
-0.175737
-0.157945
0.216814
1.702888
-0.110900
0.020382
3.462290
1.775530
0.015713
-0.133912
1.735344
0.317256
-0.233824
0.192709
0.044930
2.082357
0.000476
0.136231
-1.787558
1.352409
-0.200973
-1.902942
0.064700
-0.168237
0.258113
-1.613711
1.835732
1.889526
0.566330
0.055670
1.772458
1.222399
0.270830
-1.650138
0.347804
0.282967
-0.027268
0.052599
-0.079882
-1.812691
2.004883
0.281389
0.489862
-1.812361
0.079678
0.303331
-0.039543
0.067782
0.287882
-0.125843
0.289987
1.819779
0.436292
0.278305
0.330045
-0.154852
0.260700
-1.455825
2.196916
1.940855
1.168482
0.144292
1.873447
0.533014
0.236388
-1.872774
-0.008789
1.841290
0.232920
-1.785152
0.228433
0.182796
-1.502948
0.273955
0.331238
0.251233
1.956731
-0.297114
2.075669
1.693716
1.088682
-0.418928
0.940022
1.889348
1.807709
0.009749
1.975982
0.201065
-0.153357
1.839364
-1.423225
0.042410
0.427148
2.002730
1.949794
-0.457781
1.026184
0.961350
1.846900
0.621290
1.869175
-0.149215
0.234072
0.235107
0.235015
0.422596
0.069113
0.340783
0.300622
-0.836700
-1.624599
0.303843
1.808386
0.049774
1.200398
-0.112668
0.279528
1.870803
0.253438
1.191256
2.080096
0.457104
0.494457
1.507291
0.272523
0.067069
1.838798
1.946533
-0.115306
0.215633
-0.118115
0.223868
-1.521643
1.901916
1.282742
1.874626
0.085625
1.166717
-0.015228
1.805368
0.261172
-0.791680
-0.090445
0.292460
-0.076418
0.297468
0.459602
2.208225
0.236842
0.203673
0.327637
0.204889
1.918759
0.295024
0.077362
1.869362
0.199521
0.273616
-1.677920
0.123804
1.903312
1.886883
0.202991
-0.011589
2.031396
0.134933
1.864217
2.169326
-0.365881
-0.083015
1.428567
-0.054262
0.638308
0.072861
2.075373
1.695051
0.053788
-1.478922
0.518855
0.231283
0.317843
2.283378
0.231441
0.255407
1.881380
0.212064
-0.029034
-2.370681
0.165900
0.623935
0.244188
0.254714
0.202989
-1.511923
0.229540
0.076016
0.048418
1.876794
-0.113237
2.209613
0.299908
1.823755
0.231557
-0.509988
0.236605
-0.148482
1.864519
-0.094845
1.458013
1.831350
-0.006219
-1.289135
0.301821
0.535209
0.191198
-0.183800
-0.240923
-0.154478
0.270079
0.217102
-0.046813
-1.606815
-0.152064
1.571423
-0.135848
1.960913
0.083867
-1.465651
0.158598
-0.692314
-1.517866
0.062878
0.193137
1.301861
2.034502
-0.194963
1.393348
0.220475
1.909646
1.846907
-0.190715
-0.173301
-0.151312
-1.772458
0.250701
-1.504077
0.564947
-0.170326
-1.541525
1.895526
0.262502
0.068430
-0.115150
1.635615
1.065914
-1.299127
0.026738
0.180713
0.037404
0.322225
-0.185754
0.279628
1.813812
-2.017791
0.432354
-1.643105
-1.496809
0.314836
0.242972
0.361476
0.067674
-1.597615
0.214091
-1.698529
0.032534
0.246248
-0.093008
3.622380
1.991288
0.237884
0.260132
0.046727
0.255763
1.387857
0.292035
0.138237
3.044141
1.432267
1.850809
1.808549
0.085424
0.069614
-0.167522
0.273975
0.779820
1.802913
3.315610
-0.041699
0.264679
1.786455
-0.154107
1.923451
0.042261
0.213768
-1.509544
0.312528
-0.089181
-1.626841
1.508090
2.049006
0.317248
0.046206
-1.624042
-1.597377
0.098461
0.235949
0.081348
0.311227
2.041994
0.293895
0.151182
1.852871
0.216960
-0.172857
0.212378
0.107039
-1.629330
0.167930
1.490377
0.007167
-0.119801
-0.113623
-2.234796
1.732035
-0.130021
0.397923
0.079561
3.464848
-0.043793
1.830308
1.928474
-0.141663
0.265350
-0.694440
1.960805
0.225477
2.045538
-1.516545
1.858532
0.219411
0.259323
0.020679
0.235115
0.972707
-4.621051
0.151207
0.025546
0.840309
-2.223331
-1.515304
-1.461540
0.028700
0.093585
-1.524338
-1.901527
1.861106
0.314179
0.099936
-0.095386
-0.103264
0.006497
0.210046
-2.105012
0.075582
0.044736
-0.936494
0.253019
0.326151
0.572273
0.306972
-1.474145
0.267369
-1.770431
-1.652615
0.241234
2.129493
-1.513543
-2.281965
0.037408
1.883459
-0.600582
2.006552
0.256659
-0.162488
0.268214
-1.710940
0.588923
1.852395
0.081319
-0.120688
-1.946393
-0.020468
1.823203
-0.602446
2.003793
0.029801
1.801681
0.213436
-1.634953
2.027378
0.062153
0.269371
0.392251
-0.195127
0.132208
1.876825
0.033757
0.475957
2.139518
-0.042507
0.386087
2.669275
2.192093
0.243085
1.316795
0.285419
0.306397
0.371268
-1.635243
1.890526
0.005476
0.924671
0.255414
0.019259
1.857485
2.611401
2.036259
0.751804
2.112599
0.281071
1.924157
0.261829
-1.396618
0.350495
0.370899
-0.104334
0.947961
0.348503
0.321758
-2.749419
0.201734
-0.104454
-0.132425
0.213915
0.252358
0.204071
0.304209
-0.064799
0.231783
-0.148502
1.143867
-1.639412
0.422422
0.241866
-0.228843
0.056428
-0.108039
0.114191
0.137766
2.156833
1.942354
2.297416
2.039312
0.262259
0.226564
0.041713
0.272136
-2.394108
0.124692
1.147701
-1.695143
0.308316
0.233853
0.084308
0.385151
1.455418
2.065470
0.167873
1.254107
0.068248
1.804844
0.326278
1.950643
-0.531241
0.306101
1.184126
-0.112407
-1.622024
-0.126928
-1.481481
1.906887
-1.563463
0.270058
-0.131670
-0.116948
1.939386
5.235602
1.986506
-0.081460
0.189632
-0.166568
0.125937
1.945863
-0.528842
2.193878
2.300939
0.162980
-1.608217
0.042865
-0.117753
1.568223
1.874474
0.060172
-1.558548
-0.093775
-0.117200
1.492954
0.299892
1.853917
-1.962145
3.323421
-1.591829
0.383138
-1.636843
-1.434957
-1.652076
0.258167
-1.062294
0.156217
0.038228
1.872942
-1.394192
-1.655393
1.263763
-0.055830
-0.201009
-0.166843
2.018284
0.302961
0.269050
0.372289
-0.097064
3.090930
0.179132
2.793300
0.246972
1.729555
1.850950
0.221049
1.096030
0.654906
0.094403
0.456234
0.237141
1.962149
0.247192
-0.122648
0.826027
2.080799
0.257644
3.363394
1.943762
-2.234049
0.249537
1.732987
-0.110545
0.245471
1.502943
-0.191563
0.393325
0.276645
0.109739
0.293922
