-1.610047
1.792148
-0.287085
-1.807085
1.755673
0.078247
-1.495012
-1.789470
1.870122
1.724410
0.012216
-0.105345
-0.032075
0.244082
0.221129
-0.150675
0.264891
-0.093912
1.891136
1.434711
0.329379
0.136460
1.925774
1.734484
0.050472
0.138695
-1.630341
-1.303569
0.017224
-1.773257
-1.743952
0.264788
-0.314517
1.823790
0.206232
-0.184541
0.273297
-0.090131
0.213312
1.790666
0.025925
0.256224
0.287272
-0.190954
0.039737
-0.319946
0.121424
-0.305599
-1.825812
1.822848
0.055596
1.957793
0.160030
0.061639
1.970157
1.910694
1.850053
0.048074
0.214897
1.433477
0.009488
-0.223311
-0.097721
0.204782
-0.111680
-1.702882
-1.799756
-0.064681
-0.325847
-1.744826
1.640879
-0.156332
-0.114087
0.031179
-1.846546
0.025118
0.023574
1.870331
1.912421
-1.862186
-0.326752
0.105509
-1.513956
0.188530
0.242879
0.061614
1.895108
0.150620
-0.005832
-1.636051
1.822045
1.843961
0.092936
-0.023823
0.096568
0.011010
-0.265973
-0.010004
0.010881
-0.056339
0.385884
-0.221244
0.240793
-0.069041
-0.136429
0.270659
0.302577
1.756809
-0.356802
0.288070
-0.151706
-0.283710
0.006028
-1.623398
-1.673641
-0.108067
0.299108
0.159313
-0.201121
-0.156308
-0.239806
-0.072812
-0.114803
1.761092
0.067640
0.002201
0.308363
-1.828789
1.947259
-0.174385
-1.766835
0.145404
-1.661789
-0.243599
0.128781
-0.262973
1.928835
-1.755961
-0.101605
0.191114
-1.553908
0.420986
0.274447
-0.099907
0.009544
-0.017301
0.211321
-0.085134
0.271540
-1.744817
-1.834088
0.229410
1.792186
1.846737
0.191257
1.872374
-0.098775
0.277706
0.052872
0.208910
1.877363
-1.688104
0.272184
-0.144286
-1.684418
0.276937
-0.266064
-0.142719
-0.117084
-1.605469
-1.736057
-0.141642
-1.707753
-0.212387
-0.215616
0.246102
1.925430
-0.063757
0.005143
-1.803788
0.175482
-1.731368
-0.279830
0.285479
-0.254727
-0.201464
-0.226843
1.819128
-1.749782
0.252759
-0.122000
0.274737
-0.122004
0.191436
-0.256546
1.749670
0.218107
0.232755
0.027165
0.263902
0.371364
0.103960
0.229129
0.468264
-0.210173
-0.054464
0.256567
0.240921
0.231244
1.712252
-1.792730
0.300870
-0.085575
0.265344
-0.204905
0.181849
-0.128973
1.752431
0.328393
-0.196115
0.289525
-0.127074
-0.206972
-0.020648
-0.213276
1.861003
-0.159725
0.371358
-0.277993
1.869021
1.730557
1.782548
-0.183415
0.251942
-0.096311
-0.149590
-0.065671
-0.290494
-1.374275
-0.039861
1.885860
0.305331
0.234108
0.184962
1.766535
-1.824455
-0.234378
-0.120800
0.245765
0.368643
-0.137512
-0.284275
0.221542
0.236614
0.116166
-0.186218
1.789923
-0.021273
-0.030186
0.229521
0.264820
-0.151570
1.715261
1.894215
0.175260
-0.145776
-1.511504
-0.164462
0.245341
-0.013584
0.209906
0.094697
0.211117
1.906446
0.073311
-1.606618
0.172149
1.906538
-0.269788
0.244459
-1.599120
1.749939
-1.791844
0.208334
1.764660
1.941213
-0.212847
-0.349002
-0.249491
-0.080484
0.236607
-1.835887
-1.647997
-0.176702
0.042015
1.659502
-1.612983
1.904393
1.848053
-0.147567
-0.164178
1.942285
-1.601824
0.069398
-0.124982
-0.182410
-0.217336
-0.027804
1.908903
0.237199
-1.598336
1.761076
-0.124779
0.208841
0.052821
-1.657988
-0.232709
0.021764
0.027073
0.109589
1.910490
0.083651
-0.213751
0.106203
1.839264
1.735088
0.275131
1.831085
-0.183389
-1.520173
-0.139322
0.127465
-0.229540
2.061615
-1.945464
0.101879
-0.063120
-1.416423
1.688200
0.173573
0.283088
0.030574
0.134710
0.106839
-0.041012
0.222602
-0.105081
-0.216114
-1.630269
-1.807346
0.177679
1.890613
-0.145651
0.271138
-0.175908
1.856612
-0.145648
0.629909
0.306922
-0.020297
0.243643
-0.116397
2.044375
0.131857
-0.231109
-0.136688
-0.201701
-0.152113
0.064607
0.071494
0.033091
0.294641
0.234294
1.754921
-1.785419
0.192692
0.228840
2.009753
-0.213476
-0.223682
0.010609
-0.173698
1.815814
-0.211337
1.811259
-0.124367
0.193999
0.239346
-0.173525
0.287514
0.181284
-1.823876
1.803921
0.311049
1.809272
1.815309
0.283102
2.010859
1.772564
0.039397
-1.606664
1.812328
0.363286
0.045197
-0.210550
-0.242127
0.154435
0.260869
-0.230214
-0.170240
1.896116
0.046921
1.670538
-0.004419
0.214353
-0.297219
0.475952
-0.268588
0.190008
-0.253952
0.042724
0.069982
1.832313
0.209452
0.100197
-0.248098
0.033531
-0.205446
1.886208
0.161325
-1.729940
-1.629326
-0.257488
1.797677
0.180851
0.285001
0.246503
1.849906
1.779092
-0.148041
-0.154986
-1.829367
1.776311
0.507455
0.155689
0.224229
-0.130453
0.009717
0.047035
-0.371437
-0.008293
0.130957
-0.111258
0.092555
-0.263284
-1.698369
0.164294
0.305879
-0.039008
-0.191007
-1.637299
0.176402
0.140328
0.052994
0.322399
1.778967
1.913545
-1.491994
1.792093
0.008923
-0.226974
-0.207387
0.246306
0.092559
1.793976
1.748055
-0.086003
0.243353
-0.193499
-0.104628
0.240758
-0.033827
-0.362498
-0.189322
0.292610
-0.200719
0.268060
-0.164096
-0.279641
0.212469
-0.169696
1.768135
-1.615969
0.223311
0.267338
1.924095
0.094346
1.757461
-1.537087
-0.390495
1.904997
-0.089990
-0.169646
-0.288614
0.147984
0.131200
-0.321226
-0.161316
0.217546
0.271369
-0.159946
-0.093789
0.259970
-0.189999
-0.130000
-0.113662
-0.255662
1.914675
-0.070289
0.181773
0.044959
0.270510
0.139884
1.874040
-0.228477
0.021603
-0.048025
0.194494
-1.739453
-0.171498
1.873721
-0.116290
-0.025942
0.236513
0.269748
0.264569
-1.781367
1.752528
0.006513
-1.754831
0.051288
0.393678
0.181977
-0.111946
1.831164
0.293333
-1.746918
0.250469
-0.322757
-0.120772
-0.090586
0.161806
1.840682
-0.133407
0.202558
0.233951
0.121337
0.323149
-0.188557
0.266084
0.444774
0.042582
1.216794
0.179445
0.041714
1.693604
-1.593127
-0.207081
-0.093727
1.950391
1.773298
0.134382
0.402974
-0.242620
-1.647351
0.047019
1.742706
-0.085261
1.800278
-0.112934
1.871244
0.136022
1.986874
0.079972
-1.639762
-0.225451
2.095510
-0.179870
-0.113638
-0.140208
1.804949
-0.094246
-0.160677
0.258993
0.209420
0.284297
0.214671
-0.020328
-0.173857
-1.755802
0.045459
-0.289585
0.191086
0.048754
-0.298643
0.068228
0.229480
0.023930
0.236985
-0.391275
-0.304347
0.204829
-1.607016
1.743053
1.773327
-0.149756
-0.154925
1.824172
0.214823
2.010213
-1.471935
1.834083
0.312984
-0.353516
1.642915
0.090461
0.118526
-1.649101
0.020489
0.171029
-0.117199
-0.189542
0.134107
-0.169692
0.184921
0.089452
0.456431
-0.039281
-0.198864
0.216681
-1.692800
0.249463
0.283811
-0.237760
0.217308
0.193538
2.101965
1.868997
1.784417
0.135336
0.234138
-0.146890
0.358233
1.910449
-0.216611
1.714513
1.788651
-0.070662
1.819462
-0.200939
0.043659
1.822655
-0.160460
0.177627
-0.085860
0.026155
1.839580
-0.280837
0.146154
0.003717
1.770908
0.140299
0.219842
0.221160
0.145713
0.059680
1.786587
-0.326895
1.779654
-1.649487
0.064442
0.216835
0.117266
0.156435
0.421091
-0.043777
0.020560
0.116643
-0.353882
-0.230389
