0.249670
-0.202695
0.061403
3.362310
-1.169652
0.169771
-0.081865
-0.105734
-0.685242
0.264803
-0.089609
2.090074
0.352165
1.525244
1.921591
2.026549
1.858946
0.080084
0.449869
1.959884
-0.144207
0.332063
0.073603
-1.611450
0.060489
1.792678
1.409814
2.032728
0.205134
0.352432
1.683431
1.891536
0.222283
-1.636420
0.275897
3.395032
-1.581484
0.048073
-0.145040
0.216406
0.754019
0.283393
0.400938
0.172104
1.912310
0.351404
1.910213
2.038577
0.084900
0.135585
0.219517
-1.664546
1.371265
1.865285
-0.286715
0.031324
0.581379
0.331313
-0.832063
2.100252
0.270791
-1.761626
0.462252
0.222897
0.055720
0.241926
-0.166699
2.084144
-2.826440
-0.101589
2.114520
0.441083
2.178278
-1.619128
-1.689042
-0.169078
0.083409
-0.101546
-0.061062
-0.123218
0.331482
0.321839
1.938017
0.222964
0.261597
1.856668
-0.118499
1.855988
0.043640
-1.642873
1.793106
-1.288330
0.282466
0.103553
1.206302
1.887395
-1.244517
0.283603
0.136880
0.331409
3.263459
0.027339
0.339649
-0.113322
0.160321
0.273729
0.414438
2.015742
0.267003
0.433375
1.287410
0.498912
-1.556095
0.061456
-0.103599
-1.614197
0.030810
0.313020
-1.481246
0.262632
0.272535
-0.137315
1.887995
-0.113182
2.116717
0.324865
-0.165073
0.331551
0.271174
1.300263
-0.171248
0.166935
0.484110
-0.032406
-2.337826
-2.316644
1.463607
0.271253
-0.178987
-0.050211
0.403075
0.258504
0.334080
-0.130111
-0.012746
-1.491013
-0.188361
0.046232
-1.551475
-0.112606
0.320153
0.256218
-0.079128
1.860385
-0.056059
0.300632
0.296841
-0.123099
0.038298
1.889488
0.290463
-0.121274
-1.526362
-0.117815
0.441481
-0.016200
1.875799
-0.157753
1.909570
0.288554
0.235286
2.019436
0.047525
0.328255
0.293870
0.117974
-1.707263
-0.080215
-0.144437
0.235520
2.226441
0.245243
0.032157
1.943865
-0.081936
-0.512406
1.832014
1.505230
-1.589221
1.834586
-0.117278
1.513516
1.825542
-0.311953
-0.147468
-1.304332
0.255975
-1.740352
0.369504
0.307559
0.138264
0.138405
1.801380
0.176237
0.733093
-1.619261
0.355588
4.197795
-0.166277
-0.103522
0.075037
2.179156
-0.107588
-0.126217
1.852986
0.072296
1.129219
-0.141462
0.258066
0.097445
-1.537261
0.293542
1.555558
0.281141
-1.349596
1.325568
0.254017
-0.213444
-0.182956
-1.491371
2.137434
-1.654708
1.868924
-1.679650
1.835877
0.284174
0.059485
0.320109
-1.624146
0.141020
0.254249
1.931201
0.079608
0.321007
1.845886
-0.141354
-0.112903
0.360263
2.147739
-0.086222
0.290742
-0.000154
0.099049
-1.682682
-1.252762
-0.177633
0.323297
0.138701
1.539541
0.389712
0.280361
0.517478
2.087418
0.401401
0.459631
0.305079
-0.063417
3.260800
1.460021
-0.135405
0.447007
0.286087
0.451558
0.309906
-0.282560
-1.437833
0.076022
-0.165550
-0.142848
0.232945
0.394055
1.641640
0.038209
-1.767449
0.074419
1.864689
1.915920
-0.154551
0.264699
-0.205537
1.868828
0.021927
0.521404
-0.123145
-0.258074
0.303382
2.073634
1.877917
-0.146573
0.256781
-1.506260
-1.674957
0.350348
-0.107836
-0.115715
1.706325
0.261212
-1.624923
1.525110
-0.172419
0.130199
0.109227
1.918231
2.268807
-1.333298
0.514191
-0.068476
-0.136420
0.292140
0.301214
0.421060
1.855529
0.151846
-0.141416
0.471766
-1.749078
0.385311
0.075898
0.058945
2.017386
-0.008511
-0.195227
1.837508
-0.112105
2.001790
0.059711
0.154221
-0.096729
-0.331374
-1.493714
0.383646
1.747227
1.878697
1.909754
0.053130
-0.057869
0.322123
0.430335
0.087488
0.258051
0.311574
-0.177889
1.891600
0.337657
0.232116
0.031986
0.259227
-1.584846
1.921161
-0.159988
-0.187598
2.310181
3.400693
2.343876
0.231272
-0.103163
0.399837
-0.052380
2.293046
0.053460
-0.107086
0.266344
0.228745
-0.169338
0.048462
1.978149
1.872421
-1.300595
0.026826
0.237388
1.024695
1.805185
0.076272
0.318839
0.277149
-0.136953
1.861158
-0.028621
0.034393
-1.920089
-1.874484
1.201788
0.614097
0.300417
-0.229774
0.013473
0.585251
0.228656
2.348568
-0.081393
0.298280
0.055264
0.253236
-0.156017
0.288092
0.202868
-0.060164
1.385535
-1.767293
0.036522
-0.142439
-0.152541
1.923060
0.257588
0.014834
0.198862
0.077191
-0.101910
0.063737
1.860216
0.144232
2.092709
1.716701
0.292145
2.060942
1.972157
2.320165
0.126389
3.473157
0.257378
-1.559301
-1.656307
-0.099140
0.297809
-1.507734
0.209495
0.430685
0.224619
1.997748
0.475909
-0.173602
-1.737170
-0.098749
0.810144
1.280524
0.350829
-0.130751
0.281074
-0.126034
0.242777
0.343202
-0.192897
0.103561
0.377430
2.093958
0.310164
-1.767164
0.186077
0.279514
0.058621
1.861129
0.026942
0.600459
0.816750
0.020464
0.107105
0.233688
1.844562
0.081511
-0.178883
1.869660
0.317527
1.410317
-0.079270
1.981542
1.176475
0.934101
0.192665
0.442329
0.283280
1.868698
0.028953
0.260109
0.295761
-0.135065
2.015475
-0.137022
1.593726
-0.171990
-0.180259
1.799433
2.114778
2.055710
-1.727318
0.294304
-1.596816
-0.045059
-1.302274
-0.091753
1.864997
-2.168295
0.084566
0.311682
0.059667
3.105339
0.187370
0.285458
-0.002840
-1.454662
1.845803
0.093145
1.907569
1.866019
-1.596449
-0.073820
0.154952
0.000477
-0.023679
-0.120813
-1.636665
0.051562
-1.665069
-2.078432
-0.150199
3.204659
-0.063066
0.266713
1.944917
2.034474
0.475114
0.008916
0.240356
0.124445
0.107588
2.054281
0.224458
3.525062
0.313443
1.887851
-1.775021
-0.211601
-1.681236
0.256026
-0.140537
0.281146
0.306834
-1.574669
0.105027
0.027900
2.078261
0.356127
-1.866909
0.261840
-1.616809
-0.027504
-0.017587
-2.149320
0.047264
2.191563
-0.107114
-0.081555
0.221837
1.996148
-1.628981
0.132792
1.963941
0.121959
0.348221
0.305635
0.078128
1.446186
-0.144905
2.379274
1.800917
3.492619
0.263026
0.247764
0.515497
1.640764
0.307464
1.394125
-0.069198
0.002664
1.923495
1.348428
0.384204
0.297480
2.009458
1.941325
1.404286
-1.600278
-0.163040
0.303500
0.272991
0.197489
-3.341505
-0.089021
0.002430
0.297181
-2.634021
0.276553
1.858427
-0.048738
-1.670664
0.271144
-0.141012
1.889055
3.601110
-0.079080
-0.070981
2.264582
-0.187173
0.131219
1.855839
0.260075
0.311755
1.990157
0.369174
0.506720
-0.128276
0.285267
-1.131897
-0.167968
0.472024
0.414761
1.854972
0.211783
0.356991
-0.241552
-0.015232
-0.112089
-1.654122
0.290299
-0.101106
0.017993
-1.574124
0.582662
-0.280179
-0.133080
2.023435
0.530648
0.250284
0.294478
0.086403
0.347563
-0.316636
-0.150145
-2.607671
-1.460576
-0.168704
-0.178264
3.419489
0.135078
0.274377
-0.014777
0.040352
-0.137044
0.306713
-1.539415
1.498771
-0.152143
-0.073073
0.353913
1.880898
1.672793
0.159487
0.263396
-0.120309
1.875878
0.246387
2.068141
1.951508
-0.177841
1.820167
0.318574
-0.808608
2.010128
2.075477
0.390446
-0.048707
-0.400475
2.232080
0.254135
1.502395
0.323908
-0.068900
0.295647
0.202066
0.215860
0.283759
