0.256151
2.761086
-2.356194
-2.968347
2.316216
-2.831205
2.929161
1.892547
-2.976444
-0.862170
2.372586
-1.249046
0.380506
-2.453921
1.079633
1.299849
0.529590
-2.670133
-2.952394
0.432408
2.985998
1.061725
2.399645
-1.402199
-2.316216
0.281772
-2.589938
-1.080839
0.321751
1.030377
-1.637364
1.257176
-0.909753
-0.474400
-0.955176
2.746802
-1.590794
-2.501823
1.451367
-0.073041
0.188222
-0.189988
-0.726642
-2.217555
0.931410
0.904827
0.873406
2.034444
-2.191046
-0.960070
0.293589
-1.023234
-2.948892
1.975688
3.027801
-1.883698
-2.761086
-0.365747
0.602287
-2.170847
-0.021736
2.970214
-0.572966
0.785398
-2.837592
-0.739277
2.168555
-1.473543
0.687671
2.169215
-1.259798
1.487655
-0.519146
0.421419
1.515298
2.542417
2.150799
1.453688
1.875307
1.302430
-1.249046
-0.994421
1.659452
-0.186979
-0.259332
0.889498
2.594804
0.908067
3.086094
1.610775
0.554307
-2.844528
-1.405648
-2.283857
-2.843094
0.847817
-2.961739
-0.993604
-2.727903
-1.373401
2.647651
-2.273053
-0.060532
1.448954
0.418224
-0.814801
-0.270947
-2.798569
0.978369
-3.017238
-2.994514
1.396124
2.924719
-2.564400
2.746802
1.165905
2.851746
1.520838
-3.080444
-0.728317
-1.832510
1.283515
0.977794
2.521343
-0.785398
1.518213
2.010639
0.146012
-1.048962
-3.056087
1.144169
-2.746802
1.195526
2.514850
2.111216
2.081285
-2.613518
-1.292497
2.118359
2.239086
-0.099669
-0.961633
-0.058756
2.313966
1.955401
3.120762
2.460294
1.929567
-0.263964
3.041924
0.485622
-0.178093
2.931953
-0.454302
1.935998
0.365747
-0.617756
2.594804
-1.325818
0.976583
-0.551655
2.408778
-3.037800
2.370686
0.741947
-3.124353
0.862170
2.231839
0.935770
0.885067
-0.041643
0.426627
3.017238
-0.982794
-0.519146
-2.026247
-1.703348
2.501823
2.940638
0.302885
-2.010639
-1.089133
-2.426501
-2.158799
3.067654
1.826948
1.206817
-2.106608
-1.405648
1.854590
1.570796
-2.320495
1.989021
2.034444
2.245537
-2.920764
-0.837981
2.140110
-0.124355
-0.906022
-0.628796
-2.343208
2.098871
-2.643770
-0.165149
-1.704607
-0.336675
-2.850136
2.704965
2.768605
-2.138901
-1.833791
1.687905
1.762844
0.869942
-2.677945
2.677945
2.925042
-0.455101
1.881184
0.394791
-1.471128
-2.801211
-0.328120
-2.948381
-2.765632
-1.046001
1.388628
2.235571
-2.996780
-1.405648
-1.590402
1.216799
-1.051650
1.287002
-0.454302
-2.004750
-0.988891
-1.365401
-1.772559
0.144812
-1.983207
-2.034444
0.321751
0.753151
1.570796
2.999696
2.408778
-2.637966
2.553590
-0.550386
-1.951303
-1.954966
-1.107149
-2.940276
2.259721
-2.645170
-2.505754
-1.815775
-0.291457
-0.075329
-0.765793
-1.570796
-0.298499
-0.614663
-0.291457
2.316216
-2.384758
0.549853
2.948381
0.232104
-0.429762
0.463648
0.631691
1.325818
1.570796
-2.506566
2.251318
3.013269
-1.165905
-0.231091
2.663240
-2.646041
0.000000
-2.480549
1.195526
0.502843
2.668686
-1.292497
2.299114
1.787347
-2.235571
0.569313
2.543174
2.744513
-1.919567
-1.882838
0.536911
2.439336
-0.537285
1.687905
-1.116952
0.176709
3.076467
2.276995
2.356194
-0.347062
-1.392703
-2.514284
2.730528
-1.723446
-1.676781
-0.201762
-1.484058
-2.980218
-0.185348
2.790148
2.080389
-0.658806
-0.051237
0.583077
0.697391
-2.830594
1.420984
0.478352
-0.690446
-0.192701
1.296629
-1.951303
1.999060
-2.875341
2.297439
0.993604
3.052543
-0.117109
-2.525973
-2.507210
2.596729
-2.060754
1.892547
-0.669639
0.830821
0.982794
-2.408778
-2.376600
1.687905
-1.042722
0.179853
2.601173
-0.185348
0.267910
2.052460
2.071810
1.423718
0.532844
-2.147989
-1.288241
-1.410034
1.071450
1.917858
-1.997424
-2.746802
-2.191046
-0.705568
-1.098299
1.418147
0.134321
3.106519
-0.197396
-2.739272
1.570796
-0.915101
0.388319
2.578276
-2.356194
-0.451453
1.795031
1.292497
2.022249
0.334737
-1.627877
0.495552
-2.383215
-0.334737
0.669043
1.975688
0.582739
-2.700413
0.214061
1.282741
1.607816
3.108272
-0.321751
-1.349482
2.736701
-2.397267
0.215358
-1.339706
-1.706324
-1.653938
-0.437791
-1.863983
1.833791
2.270689
0.023252
0.369334
3.061763
-3.075024
0.308053
-2.573068
1.489344
2.235571
-0.081452
-0.040794
1.941688
-2.034444
-2.236766
2.312744
-2.164146
0.509071
0.110657
-1.735945
2.226492
-1.126377
-0.165149
2.944197
-0.607802
-1.640857
-2.706922
-1.107149
2.167973
-1.527345
2.622447
-0.551655
0.732815
-0.819867
-1.249046
-0.040794
-1.396124
-0.674741
2.889038
-1.325818
-2.828691
-2.261243
2.896614
-0.610726
2.285888
0.207496
1.499489
-0.453339
-1.570796
-3.120762
-2.206635
-0.940395
-2.068139
-0.348771
1.536327
-0.375271
-0.908067
-2.118359
0.558599
3.086094
0.257324
0.191184
2.301703
-1.745469
-1.190290
0.674741
-2.439336
2.757423
1.852029
-0.119429
-2.629203
2.502679
-0.097727
0.661043
-1.266285
-1.538549
-0.073939
-0.593750
0.785398
-2.525973
-1.205049
-0.960070
2.414950
2.984991
2.469986
-2.567288
2.704965
2.668686
2.283857
-0.849141
-1.373401
1.703348
-0.565149
1.546991
2.034444
-2.988943
0.974597
1.292497
2.498092
-2.825977
-1.249046
-2.279423
-3.054854
-2.034444
0.000000
2.395136
0.917950
0.481664
2.451146
-0.186487
0.722979
-1.190290
1.892547
-2.507570
2.111216
2.492597
2.873682
-1.649067
-2.736701
-0.073939
-0.830821
2.831890
2.922924
2.688814
-0.438337
-2.265535
-1.518213
-0.066568
2.462179
-0.137066
-2.813473
-1.979704
-1.927416
-0.934958
-2.132718
-1.402199
1.051650
0.394791
2.139321
-1.695151
-0.429762
2.559240
-0.482513
-0.295441
1.834760
-2.329174
-1.913820
2.289626
0.919720
-1.570796
0.165149
-1.683524
-2.905347
1.787347
1.684588
-2.111216
-1.368475
2.214297
2.407432
-0.657075
-2.886410
-1.550391
0.785398
1.184914
0.000000
-1.266795
0.445301
-1.644735
-2.819842
2.384758
-0.906750
1.082462
-1.837048
1.040023
0.251690
1.107149
-2.502207
-1.287002
2.995580
-2.666582
-2.612003
-0.259332
-2.896614
-0.588003
-1.297788
0.054491
1.630724
2.850136
-1.458069
2.725528
-1.079633
-0.445301
-0.906022
1.735945
1.388628
-0.244979
-0.273009
-0.463648
-0.368696
2.016902
1.548578
-1.007480
-1.123954
2.910502
0.844154
-2.485897
1.937970
2.594804
-0.375961
2.218608
2.850136
1.144169
-0.225277
-0.896055
2.491722
-0.544864
-0.798731
2.686873
-0.315215
1.529154
2.982241
0.851966
-0.556166
0.231091
0.000000
-1.152572
1.856848
2.419938
2.731465
-1.898916
-0.192701
2.837592
-2.076087
0.805003
0.946773
-2.199593
2.740364
-2.528385
0.244979
0.558599
-1.026516
-2.276995
-0.363979
-2.867425
1.591627
-0.298499
0.233743
2.235571
3.011890
-2.934096
-1.589662
-0.669639
2.601173
-2.137526
2.226492
-0.298499
1.107149
-2.896614
-1.465919
2.473303
0.785398
1.069783
-0.418224
-2.312744
0.145310
1.690225
0.551655
0.124355
-1.906435
-1.597817
2.307054
1.849096
0.628796
-0.700854
0.070061
-1.436475
0.960070
2.665897
-2.533791
-0.034469
-1.030377
-2.289626
-0.805003
3.141593
-0.635838
-2.616009
-2.142134
-0.334737
