-1.147942
0.104877
-2.388441
1.418147
-0.047583
-2.203545
-2.961739
-1.629552
-0.124355
-0.813962
1.471128
1.951303
0.750929
2.777614
0.218669
-2.782822
1.892547
2.918116
2.475623
2.170847
2.553590
1.343997
-1.706324
2.077895
0.652847
3.141593
0.588003
0.278300
-1.856848
-3.099950
-2.265535
-2.850136
0.426627
-1.022247
2.119346
-1.130954
-0.950547
2.119346
-0.370891
-1.929567
-0.876058
-1.158386
-0.218669
0.881872
-2.567288
-1.892547
2.701750
1.134169
-2.102520
1.878849
-0.540420
0.158655
2.327631
0.524796
-0.390607
-1.687905
1.019141
-1.570796
0.909753
-2.922924
2.441700
-1.037088
1.719686
2.629203
1.262744
-0.994421
2.944197
1.453688
-2.723368
-1.373401
0.489957
-1.227772
-0.909753
0.982794
-2.181522
0.291457
2.868584
-2.321725
1.825979
-3.054854
-1.951303
1.934775
-2.498092
1.396124
0.270947
-0.463648
1.570796
0.486899
2.999696
0.099669
1.292497
0.571337
-1.182478
-1.919567
1.919567
-0.982794
2.475623
-2.147172
1.471128
2.239086
1.951303
1.435269
-2.119346
-2.969402
-0.502843
-0.688924
0.278300
-0.156602
2.743070
-2.654693
2.245537
0.574305
-2.284887
0.741947
-2.743070
2.173084
1.989021
-1.750650
1.249046
0.614663
-2.327631
-1.923787
-3.058451
-1.989021
0.336675
-1.618379
-0.223477
-2.607884
1.080839
-3.036716
-2.418613
-2.731465
-1.480136
2.884269
3.054854
-0.321751
1.058407
-0.283794
-2.459276
0.643501
-1.480136
-1.396124
-2.709185
0.815692
-0.124355
0.055499
0.610726
0.124355
-0.741947
-0.702257
-1.313473
2.422763
3.054854
0.197396
0.358771
-0.847817
-1.523213
1.892547
0.047583
-2.388441
-2.205823
-2.622447
-0.741947
-2.819842
-0.099669
-2.111216
2.701750
-0.888480
1.907471
1.815775
1.089909
1.570796
0.588003
1.172274
0.632749
2.833540
2.422763
-1.768192
0.563316
2.485897
1.633215
-3.058451
-2.321725
-0.370891
2.934096
-1.681454
-0.576375
2.293776
0.968509
1.337053
-1.030377
-0.909753
2.553590
0.994421
1.480136
-0.729900
-2.089942
0.339293
-2.432966
2.170847
-0.588003
1.523213
0.927295
-0.422854
0.817645
1.390943
1.134169
1.480136
-2.384758
0.904827
2.804918
-2.327631
-2.553590
-0.352990
1.700499
1.675673
-1.665748
1.929567
-1.012197
-1.815775
0.828849
-0.896055
2.446854
-1.046001
2.804918
-1.435269
0.321751
-1.525373
-2.677945
-1.390943
2.185459
-2.953371
0.828849
-0.507099
2.802300
-1.750650
-0.094952
-0.994421
-2.284887
-2.418613
1.339706
-1.919567
1.997424
-0.750929
0.158655
1.706324
2.051684
3.103150
0.753151
1.695151
2.697173
0.888480
-1.385448
3.054854
0.348771
-1.051650
2.593043
2.701750
0.896055
-0.558599
-1.134169
1.892547
2.214297
-1.756144
2.927532
0.000000
2.966920
-2.516108
-0.339293
-2.819842
0.982794
-0.484478
-2.601173
2.003204
-1.088283
-2.034444
-2.085248
-1.107149
1.152572
1.337053
0.702257
1.405648
-1.527345
2.356194
-0.748378
2.185459
-2.388441
1.337053
0.223477
2.804918
0.463648
2.846152
1.570796
0.632749
-2.158799
-0.996491
-1.086318
-1.453688
-0.358771
-0.348771
-0.817645
1.165905
1.759018
-0.197396
0.047583
-2.459276
-2.896614
2.622447
1.637364
-1.969319
0.117109
-2.506566
-2.293776
2.223643
0.588003
1.661456
1.892547
0.058756
-1.828120
-1.616220
-0.305879
-2.697173
1.337053
-1.961403
0.927295
-2.526930
1.616220
-0.614663
2.910502
1.618379
1.471128
1.352127
-1.527345
0.956133
1.190290
0.685730
-0.047583
-1.959115
1.396124
1.126377
-2.085248
-1.206817
2.699218
-0.298499
-1.892547
-1.804540
0.708626
-2.723368
-2.356194
0.817645
2.907849
-1.789465
2.104505
-1.804540
1.249046
-0.295441
-2.293776
-2.356194
-0.094952
-2.356194
0.815692
-1.390943
-1.339706
0.363979
-0.614663
2.205823
1.983207
2.034444
-1.405648
0.156602
2.806856
-1.892547
0.588003
-0.363979
-2.788602
0.819867
-2.699218
-1.352127
0.363979
0.302885
-3.098142
-1.460139
1.190290
-1.768192
2.205823
-2.064738
-1.825979
2.718739
2.475623
1.453688
0.665969
-2.422763
-2.714965
-0.352990
-2.875341
-0.968509
2.119346
0.708626
-1.046001
-0.862170
-1.712693
1.390943
-1.496857
-0.047583
-1.385448
-0.576375
2.475623
0.588003
2.966920
2.930499
1.614247
-2.185459
2.743070
1.313473
1.385448
1.199905
-0.045423
0.822418
0.486899
0.000000
-2.414950
-2.466852
2.289626
1.629552
1.107149
2.034444
1.086318
-0.398522
1.147942
-1.039072
2.657115
2.918116
-1.325818
1.231504
-2.176341
0.785398
2.701750
-2.582993
-1.190290
0.862170
-0.499347
0.442374
2.870646
-0.185348
-2.833540
-1.929567
-1.614247
-2.884269
-0.548549
-2.010639
2.356194
2.073640
-0.062419
-2.802300
2.934096
-0.876058
-1.647568
0.694738
-2.488746
-1.620755
1.435269
-0.039979
-1.051650
-1.051650
-2.761086
-2.530867
-2.846152
-2.711830
-0.902507
1.983207
1.373401
2.386488
-2.441700
2.053310
2.485897
0.244979
-1.197809
0.321751
1.570796
1.152572
-2.918116
0.099669
1.147942
3.141593
1.614247
-2.158799
-0.233743
-1.828120
-2.802300
-1.249046
-2.196281
0.753151
0.000000
1.504228
2.102520
2.508844
-0.418224
1.525373
0.643501
-2.934096
-0.970746
-1.614247
-1.943784
-2.384758
-2.034444
2.647651
1.030377
-2.325901
2.293776
-0.244979
-2.488746
0.938047
0.945311
-1.815775
1.249046
-1.929567
-3.098142
-0.422854
1.037088
3.046641
2.034444
1.421906
1.343997
0.815692
2.203545
1.700499
-2.927532
2.521343
0.321751
0.380506
-0.141897
0.211093
0.233743
-2.976444
0.148890
2.927532
1.284745
-2.609869
-1.527345
-0.270947
1.525373
-1.007480
1.700499
-2.089942
-0.876058
2.284887
2.325901
-1.147942
2.701750
-2.570255
2.145101
2.034444
-2.427502
0.000000
1.637364
-0.558599
2.185459
0.117109
-1.130954
-2.119346
-0.244979
1.735945
0.270947
-2.147172
0.484478
-2.245537
-0.938047
-1.225241
2.976444
0.041643
-2.677945
-2.325901
-0.785398
-1.126377
2.777614
0.674741
2.982937
-1.934775
-3.046641
-2.325901
-0.197396
0.179853
-0.558599
0.519146
-1.866237
-2.506566
-3.094010
-2.992703
2.134113
-1.609239
2.083186
-0.902507
-1.158386
-1.051650
2.922924
-0.156602
2.390664
-1.959115
-1.088283
-3.017238
2.327631
-2.589938
2.223643
-0.620249
1.815775
-0.970746
0.507099
-1.989021
2.634494
-0.334737
-1.745469
1.695151
-0.352990
-2.253113
-0.881872
-1.862253
2.289626
-1.794273
3.141593
-0.418224
1.849096
-0.519146
1.570796
0.463648
1.385448
-2.992703
0.688924
2.214297
2.297439
2.601173
-2.473303
2.034444
-1.267911
2.010639
0.062419
-1.446441
-0.117109
-2.119346
-1.352127
-2.589938
-1.310194
3.054854
2.034444
0.856706
-0.888480
-0.519146
-0.179853
-0.197396
1.768192
1.849096
-0.571337
-1.107149
-2.750986
1.612439
1.212026
0.785398
-1.421906
-1.441094
2.896614
1.687905
-1.695151
2.539305
1.815775
-1.657535
-2.961739
0.094952
-1.570796
0.847817
2.969402
-0.302885
-1.446441
0.094952
2.007423
-2.393215
-2.886410
0.083141
2.393215
2.896614
0.602287
-2.196281
2.191046
-0.422854
1.681454
-1.310194
-1.249046
1.480136
2.488746
-0.750929
-0.512389
0.286051
