0.000000
2.723368
-2.488746
-3.064821
2.553590
-2.969402
2.638749
1.703348
-2.896614
-1.039072
2.446854
-0.896055
0.426627
-2.553590
0.996491
1.359703
0.463648
-2.768605
9.477361
0.255182
2.884269
0.945311
2.714965
-1.620755
-2.388441
0.141897
-2.356194
-0.718830
0.507099
1.292497
-0.927295
1.107149
-1.051650
-0.674741
-0.896055
-3.265948
-1.618379
-2.601173
1.363300
0.000000
0.218669
0.000000
-0.960070
-2.308611
0.785398
0.844154
0.785398
1.418147
-2.553590
-0.588003
0.058756
-1.180189
-2.966920
1.951303
2.704965
-1.653938
3.338988
-0.390607
0.588003
-2.083186
-0.055499
2.833540
-0.380506
0.404892
-3.006065
-0.896055
2.125104
-1.723446
7.302327
2.119346
-0.927295
1.661456
-0.418224
0.610726
1.441094
2.356194
2.231839
1.487655
1.862253
1.292497
-1.299849
-1.107149
1.727398
-0.076772
-0.442374
0.745419
2.516108
0.643501
2.512796
2.129396
0.785398
3.283490
-1.325818
-2.323948
-2.236766
0.708626
3.197091
-1.086318
-2.802300
-1.484058
-3.402195
-2.393215
0.179853
1.264917
0.463648
-0.888480
0.000000
-2.855541
0.817645
9.372195
-3.232253
1.487655
3.011890
-2.593043
2.697173
1.304544
2.711830
1.249046
9.319901
-0.896055
-1.951303
1.058407
0.815692
2.466852
-0.610726
1.487655
2.003204
0.179853
-1.063698
-2.843094
1.107149
-2.819842
1.279340
2.245537
2.553590
9.259629
-9.001924
-1.620755
1.951303
2.095592
-0.071307
-1.107149
0.000000
2.122451
1.801887
9.374820
2.356194
1.951303
-0.426627
2.930499
0.588003
-0.336675
2.788602
-0.558599
2.158799
0.141897
-0.674741
2.321725
-1.107149
0.708626
-0.588003
2.356194
9.372195
2.289626
0.726642
3.026716
0.708626
2.203545
0.851966
0.785398
-0.218669
0.099669
3.058451
-0.862170
-0.632749
-2.053310
-1.941688
2.300696
2.792822
-0.152649
-2.034444
-1.570796
-2.634494
-2.265535
2.944197
8.542906
1.190290
-1.892547
-1.520838
1.719686
1.512041
-2.137526
1.876675
2.432966
2.185459
3.246470
-1.067953
2.077895
-1.199905
-0.904827
-0.278300
-2.480549
2.265535
-2.804918
0.321751
-1.876675
0.110657
-2.446854
2.677945
2.622447
-2.441700
-1.768192
1.862253
1.735945
0.785398
-2.498092
-2.819842
2.788602
-0.548549
1.620755
0.266252
-1.570796
-9.001924
-0.548549
3.241261
-2.774419
-0.982794
1.487655
1.961403
9.474736
-1.405648
-1.923787
0.956133
-1.249046
1.128422
-0.614663
-2.060754
-0.968509
-1.465919
-1.937970
0.094952
4.145660
-2.034444
0.165149
0.643501
1.299849
2.953371
2.875341
-2.868584
2.422763
-0.548549
-2.034444
-2.134113
-1.063698
3.277120
2.191046
3.648691
-2.659079
-0.694738
-0.429762
-0.388319
-0.915101
-1.325818
-0.197396
-0.463648
-0.422854
2.205823
-1.480136
0.868539
2.788602
0.214061
-0.558599
0.785398
0.305879
2.034444
0.785398
-2.743070
2.185459
2.843094
-1.172274
-0.197396
-3.484617
-2.761086
0.090660
-2.526930
1.272297
0.367174
2.578276
-1.428899
2.057696
1.570796
-2.393215
1.343997
2.452668
3.017238
-1.951303
-1.661456
0.244979
2.321725
-0.785398
1.831399
-1.180189
0.000000
3.036716
2.265535
2.723368
-0.398522
-1.475845
-8.710687
2.485897
-1.750650
-1.778293
-0.270947
-1.815775
3.204011
-0.083141
2.896614
2.089942
-0.661043
-0.076772
0.348771
0.439843
2.961739
1.249046
0.785398
-0.718830
-0.083141
1.373401
-2.095592
1.905533
3.427644
2.083186
0.785398
3.011890
-0.463648
-2.697173
-2.601173
2.553590
-1.750650
1.989021
-0.610726
0.620249
0.856706
-2.111216
3.605240
1.484058
-0.956133
0.079830
2.539305
-0.352990
0.205395
1.876675
1.934775
1.292497
0.302885
-2.259721
-1.107149
-1.249046
1.086318
1.768192
-1.781890
-7.978337
-2.089942
-0.463648
-1.363300
1.325818
-0.244979
2.982937
0.000000
-2.884269
1.465919
-1.007480
0.174672
2.485897
-2.480549
-0.661043
1.650626
1.712693
1.892547
1.063698
-1.071450
0.165149
-2.452668
-0.442374
0.576375
2.289626
0.291457
-2.863293
1.570796
1.051650
1.929567
-2.896614
-0.124355
-1.385448
2.432966
-2.601173
-0.083141
-1.063698
-1.460139
-0.785398
-0.558599
-1.907471
2.356194
2.173084
-0.185348
0.348771
2.761086
-2.863293
0.244979
-2.629203
1.405648
2.057696
-0.321751
-0.257324
1.916352
-2.226492
-2.452668
2.158799
-2.253113
0.321751
0.071307
-1.647568
2.137526
-1.299849
0.197396
2.999696
0.000000
-1.776192
-2.530867
-1.190290
2.792822
-1.687905
2.356194
-0.197396
0.588003
-1.107149
-1.570796
-0.257324
-1.152572
-0.197396
2.792822
0.463648
3.386571
3.926991
-3.338988
-0.674741
2.185459
0.404892
1.390943
-0.655696
-1.695151
3.030935
-2.196281
-1.004067
-1.919567
0.000000
1.768192
-0.551655
-0.982794
-2.245537
0.439843
2.988943
-0.244979
0.000000
1.975688
-1.993650
-1.465919
0.380506
3.747137
2.526930
1.623379
-0.197396
-9.227382
2.485897
-0.380506
1.929567
4.124386
-1.797595
-0.104877
-0.602287
0.655696
-2.654693
-1.475845
-1.107149
2.203545
3.070285
2.459276
-8.795982
2.567288
2.634494
2.485897
-0.785398
4.877538
2.111216
-0.668289
1.570796
2.265535
3.298195
0.851966
1.227772
-2.896614
-2.907849
-1.405648
-2.506566
-2.819842
-2.466852
-0.165149
2.498092
1.570796
0.291457
2.714965
-0.442374
0.674741
-1.071450
2.034444
-2.553590
2.480549
2.746802
2.677945
-1.804540
-2.884269
0.000000
-0.862170
2.723368
-3.141593
2.530867
-0.298499
-2.111216
-1.570796
-0.288055
2.601173
0.380506
-2.953371
-1.892547
-2.010639
-1.086318
-1.735945
-1.665748
0.726642
1.107149
2.089942
-1.892547
-0.548549
2.356194
-0.632749
-0.398522
1.831399
-2.480549
-2.034444
2.356194
0.785398
-1.637364
0.141897
-1.712693
-3.054854
1.570796
8.556239
-2.356194
-1.471128
2.073640
2.214297
-0.828849
3.386571
-1.675673
1.063698
0.942000
-0.152649
-1.292497
0.352990
-1.794273
-2.736701
2.158799
-0.785398
0.942000
-1.941688
0.699893
-0.090660
1.063698
-8.912389
-1.475845
-3.212900
-2.466852
-2.729182
-0.463648
-2.508844
-0.588003
-1.460139
-0.129703
1.515298
-2.944197
-1.525373
2.508844
-1.279340
-0.602287
-1.199905
1.570796
1.292497
0.278300
-0.574305
3.141593
-0.390607
2.034444
1.661456
-1.080839
-1.292497
2.709185
0.785398
-2.356194
2.214297
2.383215
-0.270947
2.129396
3.212900
0.996491
-0.442374
-1.022247
1.892547
-0.278300
-0.563316
2.498092
-0.463648
2.521343
2.846152
0.694738
-0.463648
0.090660
-0.188222
-1.138389
1.951303
2.530867
2.622447
-2.145101
-0.321751
2.677945
-2.259721
0.942000
1.051650
-2.129396
2.914794
-2.191046
0.321751
0.643501
-1.165905
-2.498092
-0.702257
3.568220
1.523213
2.356194
-0.071307
2.158799
2.976444
-2.677945
-1.653938
-1.176005
2.574863
-2.223643
2.095592
-0.484478
1.390943
-2.843094
-0.785398
2.231839
1.570796
0.896055
-1.570796
-2.530867
-0.185348
1.570796
0.602287
-0.141897
-2.098871
-1.494024
2.312744
1.778293
0.502843
-1.042722
0.038443
-1.570796
0.785398
2.642246
-2.077895
0.426627
-1.019141
-8.921935
-0.844154
3.096169
-0.968509
-2.796037
-2.231839
-0.412410
