3.096169
-2.137526
-2.634494
-0.047583
0.909753
0.426627
-1.004067
0.682317
0.000000
0.531724
-2.231839
-0.348771
-2.015216
-1.144169
1.325818
2.587285
-2.819842
2.488746
2.642246
-1.695151
-1.107149
2.256526
1.373401
2.265535
-2.303611
-0.117109
0.708626
-2.356194
1.837048
-0.390607
2.930499
-2.214297
0.927295
0.291457
0.000000
2.297439
0.055499
2.553590
-0.566729
0.643501
-0.682317
1.642104
-0.291457
-0.426627
1.735945
2.199593
9.381327
-2.303611
-1.723446
-1.623379
-1.706324
-2.122451
-1.892547
0.917950
3.141593
-2.976444
-1.297788
-1.435269
-1.862253
0.000000
-2.677945
0.851966
-0.970746
0.635027
-2.070143
2.181522
-2.356194
1.480136
-2.677945
-1.913820
-2.788602
-0.960070
-0.674741
1.969319
-0.426627
2.356194
0.266252
0.165149
0.257324
2.753274
-1.923787
2.774419
-0.785398
-1.997424
0.039979
0.000000
0.000000
2.239086
-2.613518
-1.107149
-2.013171
1.570796
3.338988
0.484478
0.463648
0.045423
-0.726642
0.152649
-2.034444
-2.034444
2.236766
0.083141
1.892547
0.927295
0.398522
2.356194
-1.107149
2.677945
-2.256526
1.520838
0.632749
-2.875341
-1.869295
1.614247
-0.896055
-1.471128
-0.321751
1.147942
0.851966
-0.380506
1.428899
2.657115
2.723368
-1.815775
2.393215
-1.878849
-1.030377
-1.907471
0.982794
9.244924
2.279423
-0.291457
0.076772
-0.661043
0.000000
3.017238
-2.819842
-2.886410
1.421906
-2.205823
-3.064821
3.283490
1.997424
-2.774419
1.837048
-2.944197
-2.034444
0.588003
9.076007
-1.206817
1.653938
-1.190290
-0.052583
2.297439
-0.610726
-2.356194
-1.144169
1.304544
2.574863
2.214297
1.212026
1.063698
-1.144169
-1.768192
-2.804918
-0.244979
2.231839
-0.370891
-0.463648
-2.137526
1.264917
1.892547
-1.203622
2.553590
-2.134113
-0.531724
-0.156602
0.785398
0.218669
-1.892547
0.956133
1.152572
-1.570796
-1.172274
1.907471
-0.994421
-1.965587
1.681454
0.960070
-2.530867
-1.934775
-0.785398
-1.304544
-1.647568
2.761086
-2.459276
0.785398
-3.058451
0.540420
9.158526
-0.643501
2.158799
2.804918
-2.070143
-2.034444
1.030377
1.837048
0.076772
-2.122451
-2.408778
0.625485
-0.566729
0.876058
-0.110657
-2.422763
1.418147
-2.574863
-2.158799
-1.042722
-0.442374
-1.876675
0.045423
-2.843094
2.907849
-1.441094
-2.593043
2.782822
1.039072
-1.107149
0.141897
-2.819842
-2.408778
1.735945
-1.206817
2.601173
-2.914794
-0.643501
-1.681454
-2.761086
-0.047583
-2.746802
-0.394791
-0.942000
-2.256526
2.907849
-2.530867
-2.137526
0.726642
-0.463648
2.896614
1.222025
2.466852
-0.394791
-0.546789
-1.004067
1.661456
3.141593
-2.819842
-3.141593
-1.913820
9.319901
-2.774419
0.083141
0.266252
-2.647651
0.844154
-2.356194
-1.975688
1.907471
-0.129703
1.570796
-2.053310
0.000000
-2.677945
-1.343997
2.574863
-2.199593
-0.090660
1.750650
-0.484478
-2.388441
2.835714
1.130954
1.067953
2.788602
-1.012197
-0.785398
1.923787
9.213685
-0.165149
-0.540420
-0.165149
-1.570796
0.270947
0.540420
0.785398
-2.356194
2.134113
1.212026
-2.601173
1.107149
0.426627
-2.356194
2.119346
-0.759763
0.152649
-0.718830
-1.532354
-0.367174
2.714965
-1.975688
3.283490
0.197396
2.677945
-0.688924
-2.863293
3.070285
-1.494024
-1.837048
2.677945
0.358771
0.566729
-0.726642
-2.356194
2.927532
0.321751
3.058451
1.249046
3.141593
1.199905
0.745419
1.750650
-0.643501
0.000000
2.677945
9.213685
1.172274
1.487655
2.356194
0.574305
1.997424
1.004067
-1.176005
0.223477
-1.107149
-1.961403
-0.566729
0.321751
2.526930
-2.677945
-2.455863
-2.303611
-1.203622
-0.732815
0.625485
-1.249046
2.321725
1.042722
-2.777614
-2.070143
-1.418147
1.249046
-3.041924
-2.293776
-1.806341
1.030377
-1.750650
0.000000
-0.896055
-2.073640
-0.049958
9.348006
-2.657115
0.432408
0.614663
-0.486899
-2.446854
-2.386488
-0.566729
-2.356194
1.937970
0.602287
-0.862170
2.709185
2.530867
-1.750650
1.373401
1.647568
1.570796
-2.896614
-0.141897
-2.245537
-3.061763
1.661456
3.218365
2.239086
2.553590
3.187016
2.253113
-0.600050
1.907471
2.253113
2.259721
2.265535
-0.278300
-0.152649
1.929567
-1.570796
-1.390943
2.953371
-2.761086
0.179853
0.628796
-0.104877
9.524447
-0.260602
1.892547
1.525373
-1.637364
0.390607
-1.222025
-2.231839
0.141897
1.249046
-2.896614
0.942000
-2.530867
-0.165149
2.466852
-1.042722
2.999696
2.388441
2.245537
2.553590
-0.348771
-0.442374
0.218669
-0.661043
1.815775
-2.512796
2.356194
1.152572
-1.390943
-2.279423
-1.623379
1.249046
1.107149
2.774419
-2.835714
-2.297439
1.975688
-2.459276
-0.049958
0.348771
0.661043
0.868539
-1.614247
-1.934775
-0.486899
-0.785398
0.165149
-1.004067
-1.325818
-0.844154
0.270947
-0.982794
1.841743
0.000000
-2.565217
-2.414950
-0.851966
-2.896614
2.850136
0.370891
2.819842
-1.138389
1.661456
-2.297439
-3.212900
1.661456
-0.881872
1.695151
-0.844154
2.356194
-0.165149
0.819867
0.321751
2.999696
-0.960070
9.319901
2.718739
0.076772
-2.819842
-2.677945
-1.965587
-1.570796
-3.070285
2.846152
0.844154
-0.753151
-2.677945
-3.294242
-2.356194
-2.774419
-0.674741
-0.935770
-0.652847
1.279340
3.094010
1.905533
0.052583
1.623379
-3.009041
1.727398
2.480549
-3.050933
2.512796
-2.914794
-0.785398
-1.234122
-0.785398
-0.942000
2.516108
-2.616797
-1.570796
-0.055499
2.976444
1.961403
-2.574863
9.381327
0.785398
-0.348771
2.390664
1.343997
-1.051650
2.699218
-2.647651
-2.634494
-2.077895
-1.703348
-2.145101
0.000000
0.909753
1.815775
1.661456
1.892547
2.642246
1.446441
-2.647651
-1.712693
-0.588003
-2.677945
0.266252
1.107149
0.576375
2.574863
0.588003
-0.165149
-0.819867
-0.960070
1.373401
2.214297
-2.736701
-1.019141
-1.735945
1.913820
-0.614663
2.953371
-1.292497
1.570796
-1.616220
-1.206817
-1.570796
-1.071450
-0.110657
-0.524796
2.601173
2.231839
0.305879
-2.843094
3.321446
2.145101
-0.968509
-2.988943
-1.236059
-1.076855
-1.700499
2.239086
2.265535
2.843094
0.628796
9.501550
-0.566729
2.930499
0.574305
-1.862253
0.463648
-2.231839
2.896614
2.253113
0.422854
-2.677945
-1.907471
0.348771
-1.004067
-0.935770
0.732815
2.089942
2.792822
-0.165149
1.012197
-0.945311
2.173084
-1.176005
-2.185459
-2.297439
-1.182478
-1.869295
1.039072
0.197396
0.571337
9.179799
-2.253113
1.304544
2.356194
-2.176341
1.892547
2.077895
0.418224
2.083186
2.137526
3.141593
-1.083897
-0.493941
-1.797595
1.620755
1.222025
0.291457
1.892547
0.321751
1.373401
-0.945311
-1.637364
9.519730
-3.017238
1.768192
-3.224734
-1.039072
-1.969319
0.548549
1.797595
1.051650
-0.996491
-2.677945
-1.750650
0.714091
-2.969402
-0.904827
-1.723446
2.111216
1.876675
-0.737815
-1.934775
2.111216
1.405648
2.466852
-3.064821
-0.090660
0.244979
0.909753
0.563316
0.694738
0.956133
-2.601173
-2.642246
-2.034444
0.000000
2.798569
0.000000
0.484478
-1.614247
1.700499
-2.746802
1.138389
3.185044
2.356194
0.531724
-0.197396
2.422763
-1.837048
