1.909120
4.315948
1.980924
2.866167
1.343997
-2.469629
0.420197
2.951604
-2.169215
-7.815539
0.516695
1.995628
5.997134
9.625732
-2.487022
7.154089
0.706199
2.955106
2.813473
-2.850136
2.944197
6.895723
-0.334737
-1.186627
-2.410196
-2.356194
2.993743
1.609992
15.913359
-0.438859
-0.859887
3.141593
8.270046
-0.209640
-1.000756
-1.336074
1.911178
-0.830144
2.303611
5.305739
-0.671606
2.761086
1.508378
-2.327631
-2.806856
9.610126
-1.016489
6.805020
-2.277411
2.311448
-0.627308
9.468229
2.668686
7.715342
2.257921
7.110812
-1.295370
3.438657
-8.022188
7.619259
0.255182
0.491164
2.784973
-0.998337
-2.368852
-2.356194
-1.679067
15.897952
-1.041207
-2.268187
0.201762
-2.594804
3.433049
2.296026
2.107707
7.017780
2.620158
7.040020
-0.785398
1.209593
-8.162912
0.244979
0.755104
1.530818
-0.643501
2.896614
7.420028
0.043451
-2.523448
9.528570
-1.570796
7.492778
2.661418
-7.256223
-2.813854
-2.933127
2.152701
-1.171281
-2.356194
7.068583
0.864597
-0.147849
3.386571
-2.142134
15.827392
1.589662
1.509648
3.621768
7.127339
8.253497
-2.317253
8.230891
-0.112728
-0.615620
0.075329
1.780436
0.376909
0.021736
7.917725
2.428532
1.295370
6.782532
-7.501937
-0.000000
2.424581
9.485926
-2.169215
-0.255182
-2.312744
0.229904
3.588435
9.645607
2.944197
-7.698387
7.435757
2.731465
6.922099
-0.193211
-0.328120
0.315616
2.451793
1.866237
8.578848
7.594650
-1.704607
-2.387434
1.549966
-0.193959
-0.356620
6.656173
0.519146
7.417354
1.416478
7.106540
-0.609163
-1.026964
-2.449258
8.291773
2.493781
7.306419
-1.116952
8.088704
1.772559
-2.411693
-0.384169
-1.869295
-2.521343
8.308701
7.435757
3.047531
2.637966
2.228685
-2.601173
-2.051684
-0.135528
0.161837
-0.827627
9.458099
-0.899190
-7.677273
2.731465
5.316694
2.764683
1.455920
2.588751
-2.643770
-0.728317
-2.317253
-0.966491
-2.437099
6.930997
-2.210884
-2.181522
-1.236059
0.133811
2.993743
2.695487
-1.745469
-0.814801
15.783292
7.778653
2.428532
6.719812
8.361080
0.657075
-0.982794
-0.558599
0.420197
2.501823
7.407139
-0.831519
-0.255182
-2.553590
2.645170
-1.849096
-1.756144
3.068993
-0.570040
-1.629552
-1.975688
-0.269849
3.427644
0.402321
-0.798056
2.394151
-0.394791
-2.807648
1.495467
8.244589
-7.754313
-2.454468
-1.163165
0.358771
-2.408778
0.201317
-1.186627
6.472384
2.410196
3.060141
3.391571
-0.631691
-1.821239
-2.505754
-1.973117
7.039180
0.556599
2.253988
-2.176341
6.366327
6.954791
-0.717012
0.404892
2.739272
-1.983207
6.304459
6.138744
9.618400
-0.289504
-2.838708
-0.022219
7.514689
-1.209593
-4.390638
2.640579
0.659310
-0.659310
2.317253
9.385582
1.435269
-0.483447
2.996780
-1.978428
-1.624317
6.699250
-0.038443
2.439336
0.702257
-1.315614
2.896614
2.506566
9.480276
2.370278
0.429762
2.920764
1.725115
7.023837
-0.551655
1.666655
0.785398
-0.919720
-1.801887
0.304001
-1.999060
-0.244979
2.940276
6.737905
-2.451793
6.994095
-0.081452
-2.594804
1.697388
2.624898
-0.000000
0.868539
-2.265535
-7.215662
-1.033886
-0.254368
6.907821
9.583433
2.071810
-7.594650
2.920764
-2.356194
-1.507053
8.309433
1.630724
6.994095
2.972996
7.874812
2.084402
6.935054
-4.731617
-8.033835
-1.886412
1.739393
6.263580
-1.261866
3.005190
-2.052460
6.409777
-1.205049
2.283857
7.543594
-2.482283
1.405648
0.773053
-2.329174
-2.589938
-1.747505
-7.794053
-1.361156
2.399645
-7.685775
-2.356194
-7.584132
-7.484076
-2.025516
7.068583
2.214297
2.210566
-0.101689
-0.481664
-0.286051
2.614965
-2.188552
-0.189199
-1.917858
1.835285
2.129396
2.382504
1.365401
2.283857
1.810539
-1.916352
2.410196
0.281232
-0.244979
-1.633215
3.161198
-2.142134
2.000559
5.993682
1.071450
2.226492
-2.127396
6.865538
7.652219
-2.300696
8.126990
-2.399645
6.802331
0.516695
-0.940395
0.491164
3.468993
-0.297064
-2.329174
2.920764
0.740652
1.526381
-1.532354
-1.939492
2.222665
-1.243058
2.070143
0.076772
6.991812
6.701410
-0.293589
1.116494
3.002497
-8.003794
-1.000756
-0.919720
-0.463648
9.403505
-2.184566
2.521343
-2.650429
-7.538767
8.135214
7.459191
-0.412410
-1.607144
2.806856
-7.729627
3.338988
2.805954
-7.484076
-1.124691
-0.883672
2.767866
-1.954614
0.955176
8.301502
0.832981
-2.304957
-0.505290
7.265979
-0.189988
1.611590
1.975688
-7.443854
-0.189199
-2.397267
0.643501
1.709892
2.176341
-7.698387
-0.918927
-0.770906
8.266392
-2.659079
7.706132
2.140837
2.283857
5.782172
7.191252
-2.514284
-0.431139
-0.193211
-0.446106
0.234723
-2.089942
0.662730
-0.114877
-2.175102
-1.647568
-7.798483
7.652665
-7.663993
-7.503667
0.463648
3.433049
2.308611
-7.743324
-7.811454
-0.840897
2.179960
8.391266
-2.523837
2.866167
2.922924
-1.879727
-0.630401
-0.056543
1.485895
7.421574
6.756541
1.549061
-1.679458
-0.859887
-0.931410
-8.015819
-7.410533
-1.798899
6.905856
2.813039
-2.181522
9.362359
-1.405648
2.911688
7.538767
-1.510868
2.839974
3.303430
2.407432
-2.169972
7.231311
-0.604306
2.356194
-7.609003
-2.178598
-1.851634
2.225367
-1.287002
2.058633
2.025516
2.184566
6.876535
1.460139
2.543174
7.598799
2.650429
2.860755
-7.833984
2.430683
-1.726391
-1.590025
0.499347
-1.072974
3.141593
-2.833540
-0.635027
3.237452
-8.212752
2.559240
-7.908473
-2.164546
-2.342497
7.114705
2.516957
-7.998794
-0.715092
1.702112
8.447731
1.418147
-0.699893
8.334869
0.078271
1.962496
-2.677945
0.713061
-0.328120
0.722979
-2.225367
5.810279
1.321209
-1.943784
0.095859
3.549224
2.297439
0.445301
1.973117
7.380626
-0.229904
2.210182
-2.382504
-1.838707
2.478863
-2.523837
0.099669
7.492778
-1.943784
-1.729452
-2.065930
-0.189988
3.122727
3.201521
-9.323089
0.523919
-0.151015
3.463343
-1.033886
-2.482283
-0.691921
-2.516957
-2.548243
7.299674
8.026172
-0.627308
-0.878462
3.569857
-2.650429
0.101689
9.625732
3.258701
7.492778
-2.430683
1.951303
2.095592
0.283794
-2.748535
2.729182
7.241444
-0.546789
0.084902
-2.230106
-8.256303
4.614662
-8.079258
-8.206026
-2.490516
8.079258
-2.322873
-2.341270
2.882261
-2.713329
-6.338684
-2.384758
-2.416727
6.970310
7.223580
5.819538
-1.307802
-1.797595
2.008588
6.794416
-1.530003
2.778446
7.513600
3.019750
0.076772
3.017238
2.745151
2.601173
-2.281706
7.618437
7.853982
0.181649
-2.813854
3.286405
9.558589
9.645607
2.509902
-1.071450
8.361080
-1.797595
-7.794053
3.355653
-2.275290
-1.369842
5.801522
-7.473475
-0.840897
2.587285
7.455459
2.518922
-2.329174
1.615212
1.088283
-0.554307
0.057628
-0.853785
3.899220
-0.743170
-1.478040
2.584993
2.877104
1.197809
2.668686
-7.875255
-0.388319
3.438657
5.883670
-0.165149
-0.022219
-2.799977
-7.917725
2.245537
2.107707
-2.838708
-2.587285
8.187927
-0.674741
7.166857
9.626095
2.395136
-2.411693
-0.407632
7.488234
0.566729
-0.684295
3.099950
-2.006150
-7.891700
1.759995
9.522505
-0.813169
