2.677945
5.384636
1.499489
0.420197
0.603230
0.726642
-8.489008
-3.581435
-0.496423
6.469672
0.463648
5.316694
6.053953
-4.535680
-4.034270
5.592739
4.865038
1.715609
-0.114877
0.577192
-4.844941
5.289581
-1.902856
2.227498
-0.572460
-7.532231
-1.789465
-3.515926
1.492525
-0.811034
9.524447
0.847048
-1.925502
-0.887605
0.071307
5.028005
2.263131
-1.712693
3.283490
-1.333948
-2.906048
-0.683191
-2.395136
2.494545
-0.386876
5.384352
-4.031868
1.282741
-0.141897
1.800701
1.925502
-0.114877
-8.664375
-8.639380
-15.167544
2.662073
5.961435
5.373432
8.181382
-0.996491
-2.784973
1.292497
2.937575
0.020830
-8.560596
-4.783696
0.893088
0.360837
-8.208687
2.999696
0.170735
-9.057604
-2.677945
-8.155601
1.880499
0.071307
-8.268489
1.056345
5.075536
-3.979574
-3.646883
0.924038
-8.723518
-0.388319
0.657889
-2.173084
0.554307
-8.889823
-8.819233
5.143528
-7.210481
-3.345611
-6.085790
-3.880513
2.819842
-4.257288
0.528074
3.072736
-1.824470
1.892547
-0.654571
1.801887
-1.941688
-4.535680
2.970857
2.477546
-8.877989
3.352686
6.227687
2.814192
0.729900
0.701260
0.244979
-8.984027
-0.344219
-2.784973
0.278300
1.687905
-4.054500
-4.579837
1.433730
-3.975733
2.236766
-0.418224
-1.815775
-1.467715
7.151725
-8.001060
-2.700842
6.480581
-3.769222
-3.172832
-8.474231
5.352159
-4.379145
-3.807562
-1.014197
-7.473475
-2.622447
-8.437058
-7.712085
8.639380
-1.387686
-0.365747
-0.847048
1.499489
-4.831818
-9.155610
-2.999696
2.652740
-4.317598
-0.893410
0.957026
-3.757890
-3.318302
5.689835
-2.802300
-8.752815
-7.820661
-4.815471
-4.068888
-0.101689
-0.390607
6.283185
-1.603043
1.666655
0.211093
2.413275
-1.856848
-8.758809
5.522782
-8.871937
-4.559740
0.562498
1.464061
5.352745
-0.904827
5.000444
-4.529278
-1.673878
1.412141
2.548590
-7.570188
-7.617133
3.111299
-2.137526
-2.914794
2.749893
0.211093
-8.431174
0.383818
-3.939977
-0.152649
0.253674
-8.317629
-0.566729
6.466296
2.195432
-8.252504
0.066568
-4.312148
5.566173
0.582739
1.161359
-3.241261
0.400241
-8.890382
-0.811034
-2.796037
5.599994
0.073939
-8.548720
-3.951376
0.627308
-8.795982
-8.369054
1.056345
-2.228685
-0.967566
5.114710
-0.911486
-7.785125
-3.386571
3.072736
-0.171379
-9.233594
-0.374334
-8.709034
-9.050444
-8.814052
0.480175
-4.529278
-1.679458
-7.792833
2.466852
0.315616
-9.203949
-2.661418
6.064516
5.892578
0.677708
-3.556100
-2.394151
1.071450
0.333244
1.235158
2.875341
2.584993
-3.848207
5.485442
3.064821
-9.143940
2.573488
-8.546316
-2.200830
2.597760
-0.000000
-2.569133
-0.211093
-14.695766
-1.024007
-0.073939
0.386876
0.152649
-4.087754
0.432408
-3.914005
3.105894
-4.086128
1.183921
-4.040426
-8.762048
-4.369365
-15.129439
-0.383818
5.510773
-4.712389
-3.174914
3.303791
3.452591
5.258556
1.747505
0.756835
3.215532
-8.800143
2.369181
5.909458
-0.152649
1.030377
-8.901500
2.356194
-2.092231
5.695183
-4.749409
1.824470
5.159231
-0.374334
-8.795982
-0.262995
-2.614649
-8.887867
-8.935926
-9.213685
6.072092
1.405648
-4.547240
-4.200000
0.564084
-3.770389
-4.357683
3.256469
0.412410
0.533708
1.343997
4.939188
-1.858852
3.463343
0.170735
-0.332059
-8.039330
0.772412
-8.269056
-0.831876
-4.083593
-8.814052
-1.723446
-8.736633
0.546789
-1.282741
2.964884
-4.324070
0.961633
0.890275
-1.570796
-8.650615
6.653091
-1.712693
3.141593
7.118542
5.626484
0.799482
5.803010
-1.341564
0.439843
-7.683246
2.723368
1.940702
2.887919
1.438245
-9.213685
5.658550
5.079563
0.114877
-14.667940
-0.407256
-0.189988
7.473475
2.356194
0.363147
-1.538549
6.246165
-14.951129
-0.278300
5.092895
-1.652248
5.378358
3.210449
-3.404587
3.342547
0.572460
-3.504740
0.438859
0.183111
1.091277
-1.609239
-0.455451
-2.670426
-3.871492
2.427502
-4.061312
-2.782822
1.997424
3.038511
0.418224
1.173168
-1.227772
12.355277
1.122073
5.981566
-1.742987
2.591207
-4.453057
-8.766889
1.475845
-4.390638
0.972377
1.207649
0.066568
3.605240
-1.227772
2.694073
-4.001851
-3.500363
2.732155
-8.730040
-0.216550
-3.030935
-1.628425
5.553286
3.173840
-1.282741
2.850136
5.337024
-7.147367
0.497822
2.999696
-0.422854
-3.963120
2.757423
0.141897
1.496857
-7.953650
9.746529
-0.376909
-15.067875
6.014018
-0.738920
-4.529278
3.045119
5.092895
0.615620
-1.537475
5.446550
2.767259
-14.935898
-7.542983
-9.050444
-4.342483
0.487836
3.391180
-0.040794
-0.827627
0.471460
4.680142
-0.114877
2.406153
2.936197
-1.225241
-4.635617
-0.680521
-7.818283
-4.064997
5.955785
2.837592
-1.703348
-3.619945
0.463648
-0.253674
5.421015
0.352044
0.572460
5.100708
5.295466
0.857735
-8.804528
5.105840
-2.771687
-1.292497
0.372988
-1.400061
-4.096092
1.985303
-1.076855
2.422763
-1.757283
5.768734
-2.158799
-3.206718
0.078271
-4.083593
2.174026
-4.351185
-3.853950
2.085248
-0.249587
6.323164
3.360262
3.075024
-0.262995
0.677708
3.174914
-1.537475
1.683524
5.270988
-0.525584
-3.309799
2.964884
-3.785094
1.373401
5.574559
6.243207
-4.673946
-2.296026
-1.366155
-8.553174
3.268565
1.944523
1.343997
1.768192
-9.179799
-4.635617
-8.254222
3.107124
-0.604306
0.400241
-8.472126
-1.570796
-8.792029
-0.942000
-0.960070
-2.629203
-1.673878
-0.616297
5.485442
2.577509
0.380506
1.394087
-4.471855
-1.820383
-3.496298
-0.760403
1.639653
-0.037020
2.306236
-4.632559
2.206635
-9.175526
1.297788
-4.307497
-8.388377
2.026247
-4.256938
5.770796
-2.643770
-4.411469
-7.739105
-3.744823
-1.670465
2.147172
8.511870
2.034444
8.551003
-4.325513
-0.394791
3.468993
-8.845704
2.070143
2.463884
-15.579640
0.825377
0.309703
4.898876
-0.558599
-1.637364
2.976444
1.225241
-8.720284
0.211093
1.494024
0.081452
-0.499347
-2.634494
8.430357
1.301629
5.460767
3.038511
4.957368
-4.553734
-8.771142
4.889098
1.405648
-1.455920
1.340892
-1.940702
0.253674
-1.513168
-8.808481
-1.506369
5.569095
5.635793
-2.015216
1.513168
-8.696788
-4.565311
2.279423
0.412410
0.748378
1.394087
6.163756
1.464061
2.098871
5.850778
3.335215
-0.896055
0.141897
3.757213
5.473402
0.534395
7.336950
-3.206019
-8.569725
-8.006631
-0.367174
-0.588003
0.556599
0.083141
-8.451158
-9.037902
1.839964
1.606495
5.000444
-2.502207
-2.478863
-7.853982
-7.467106
5.786763
-2.778446
5.373432
-8.688122
-0.208465
-8.599401
-2.548590
-2.122451
6.354493
-8.268489
2.736701
3.141593
-5.554868
5.719102
-3.687759
-0.079830
-1.320818
-1.369842
-3.410760
5.574559
9.595513
2.085248
-2.791278
1.116077
-4.638450
2.891150
1.869295
-7.590987
-9.057604
-3.296589
1.099336
-0.433581
1.609992
-1.936544
-1.289959
-2.434978
0.365747
-1.673878
-3.288671
1.423718
-5.021320
3.082837
5.776087
7.925289
2.896614
5.665041
0.226799
2.494545
-8.627332
3.419892
-0.631691
-30.630528
1.138389
2.548895
6.321628
-4.358392
1.176005
-8.083214
-0.269167
1.441886
-0.253674
5.277873
0.822418
2.727086
1.431700
