3.218365
-8.317629
-2.574863
0.141897
7.418628
0.537285
-0.909753
7.156591
0.178093
0.685730
-1.856848
-0.259332
-2.034444
-0.953041
7.575682
2.703801
-2.739272
2.542417
2.721396
-7.712085
-0.935770
2.315122
7.566700
2.275290
-2.016097
6.174915
7.202113
-8.408289
2.054243
-0.376490
9.300423
-2.188552
7.215662
0.335639
0.061148
8.607133
0.110657
2.605157
-0.387524
7.028605
-0.516695
8.015357
-6.511682
5.881315
1.878849
2.310073
9.535435
-2.279423
-7.978337
-1.530003
-1.261866
-8.212752
-8.063621
7.348691
3.163811
-2.916316
-1.076855
-7.641550
-1.787347
0.041643
3.595895
7.265979
-0.799096
7.184939
-1.742987
2.129396
-2.385598
7.944642
-2.485897
-8.085072
3.470146
-0.857735
-0.554307
2.198105
-0.179853
2.451793
6.618824
0.156602
0.293589
2.887225
-8.068042
2.929161
-0.647811
-1.869295
0.293187
0.262995
-6.241543
2.529440
-2.576443
4.987815
-1.862253
7.809566
9.797766
7.081916
0.571337
0.244979
-0.691921
6.809813
-1.962496
-8.238151
2.420621
0.129703
2.142134
7.305432
6.893911
2.341270
5.442289
2.911688
-2.051684
1.613324
6.980576
3.395961
-8.001060
7.933812
-7.133010
-7.492252
-0.179853
7.675889
7.381485
-0.275426
1.614247
2.813473
2.634494
-1.676781
2.340323
-8.043970
-0.896055
-1.854590
7.201135
9.314121
2.662073
-0.259332
0.223477
-0.488852
0.065125
3.162423
-2.739272
3.529116
7.913910
-2.148698
-3.058451
3.202741
2.050316
-2.850136
1.854590
-2.731465
-1.800701
6.888730
15.498323
-0.876058
1.906435
-1.020410
0.209640
2.356194
-0.799482
-2.315122
-1.078311
1.460139
2.398423
2.222665
7.801399
7.417354
-0.965252
-1.739003
-2.713329
-0.193211
2.084402
-0.454302
-0.526627
-8.258873
7.692144
1.947287
-1.089909
2.642246
-2.000559
-0.380506
0.188222
7.210481
6.663692
-1.750650
7.339530
7.477491
-1.378096
-0.977047
2.007423
-0.830144
-8.114584
7.898397
7.243256
-2.536048
-8.040469
-0.767856
-7.481914
-7.915130
-3.261022
-2.413275
6.837493
-3.099950
-5.983014
9.263403
-0.397628
2.248916
2.901422
4.579837
-1.965587
7.358430
8.175732
0.124355
-8.212752
-2.356194
0.651869
-0.576375
7.373807
0.126973
-2.372066
7.688833
-2.574863
-2.173084
-0.757628
-0.201317
-1.735945
0.315616
-2.952394
3.005190
-1.231504
-2.458401
9.110546
7.344911
-1.124691
0.404892
-2.706239
-8.345145
8.079258
-1.089133
2.571552
-2.570255
-0.287281
-7.829596
-2.729182
0.083141
-2.743965
-6.410158
-7.097147
-2.135946
3.198136
3.754130
-2.054243
6.890173
-0.278300
2.725528
7.370535
2.707639
5.961435
5.905936
-0.899190
1.892547
3.160458
-2.523837
3.206718
-1.756144
15.792865
-2.686873
0.021736
0.588003
-2.619758
7.324392
-2.148698
-1.927416
2.087491
0.061148
7.853982
-1.858852
0.065125
-2.739722
-7.271629
2.630362
-2.153149
6.016933
1.794273
-0.384169
-2.260596
2.901422
7.431128
7.532231
2.944197
-0.883672
-0.697391
1.932000
9.269183
-0.021736
-0.635027
-6.241543
-7.598799
6.659676
0.657075
-5.597456
-2.218188
2.164146
1.177738
-2.472550
7.513600
7.008051
-2.016097
2.186416
-0.546167
0.367174
-0.432408
-7.564135
-0.225277
9.146478
-7.915130
3.306741
0.220829
2.852089
-0.516695
-2.772897
3.056691
-7.681791
-8.011750
3.019750
0.321751
7.023837
-0.755995
-2.193467
3.070285
0.335639
3.101614
7.609003
3.141593
7.624077
7.143072
1.963854
-0.671606
0.000000
2.761086
9.266123
7.619259
7.895624
2.446854
7.114705
1.959115
7.526884
-0.940395
-5.837884
-0.988443
-1.855527
-0.358771
0.350728
2.780389
-2.498092
4.155790
-2.356194
-1.135443
-0.396441
7.054886
-7.399680
2.559240
7.603539
3.708322
-1.983207
5.268555
7.480994
-2.948381
-2.230106
-1.606495
7.372318
-7.926581
0.068076
-0.988891
-1.862253
-0.086738
15.687966
-2.512796
6.802331
0.799482
-0.328553
-2.356194
-2.186416
5.916011
-2.307054
8.354995
0.639386
-0.722979
9.090041
2.587285
-1.570796
1.365401
1.695151
1.570796
-2.807648
6.364637
-2.129396
-2.997151
1.732171
3.346988
2.279423
2.706239
3.256469
2.292988
-0.507099
2.198105
2.383965
2.230106
2.437099
-0.141897
0.088656
2.084402
-1.315614
-1.352127
2.846152
3.578220
0.278300
7.214596
6.283185
9.448030
-6.218060
1.919567
1.810967
-1.549966
6.696875
-0.982794
-2.239839
0.047583
7.518343
3.463343
7.098877
-2.420621
0.089050
2.426501
-0.741947
2.990577
2.525973
2.400941
2.711830
-0.278300
6.124530
0.348771
-0.388319
1.683947
-2.356194
2.188552
7.552363
-7.410533
-2.372066
-7.765326
7.656586
7.532231
3.022164
3.551720
-2.100386
2.135946
-2.397267
0.040794
0.413689
0.869942
7.290665
-1.629552
-1.886412
5.940161
-0.647811
0.321751
-0.759088
-7.525428
-0.739277
6.756541
-7.127339
1.939492
0.157769
-2.275290
-2.386488
-0.627308
-2.819842
9.252587
6.865090
2.839974
-1.033886
1.750650
-2.384758
-3.026716
1.732171
-0.729900
7.967133
-1.026516
2.532429
-0.054491
7.248437
0.473356
3.099950
-7.162060
9.463974
2.713329
6.305909
-2.636302
-2.538363
-1.759995
-1.216799
-2.936197
2.967921
7.019443
-0.785398
-2.530867
3.064821
-2.295662
-2.819842
-0.612538
-0.685730
-0.543832
7.517307
3.226494
2.076087
0.084902
7.790238
-3.221423
1.784857
2.435394
-2.798569
2.669471
-2.578276
-6.884259
-1.071450
-0.671144
-0.915101
2.558853
-2.381189
-7.756255
0.062419
9.465572
8.354995
-2.435394
9.386335
0.922985
-6.480581
2.383215
7.688833
-0.702257
2.749893
-2.498092
-2.498092
-2.043293
-1.723446
-8.248773
0.234723
7.321138
8.309755
7.986533
2.175102
2.873226
1.735945
-2.553590
-7.916400
-0.482513
-2.619758
0.343024
1.126377
-5.623875
2.767866
0.743170
-0.040794
-0.771700
-0.785398
1.471128
2.158799
-2.643770
-0.966491
-7.853982
2.025897
5.856558
3.208161
-1.098299
7.917725
-7.750189
-7.433785
-1.298650
-0.862170
-0.043451
-0.428264
2.605157
2.356194
0.537285
-2.839974
3.249863
2.252095
-0.943488
-2.944197
-1.090621
-0.971621
-1.629552
2.441700
2.303611
2.723368
7.175862
9.446051
-0.273009
9.305349
0.814801
-1.801887
6.922571
-2.158799
3.098142
2.242402
6.903435
-2.745151
-1.835285
0.399515
-0.915101
-0.665969
0.828849
2.186416
9.103027
-6.174915
1.163165
-0.927295
2.265535
-1.078311
-2.070143
-2.171870
-0.961633
-7.973411
7.469377
0.361204
7.117724
9.194874
-2.299114
7.656586
2.312744
-2.273053
2.118359
1.786881
6.888730
2.205823
2.152701
9.569590
-0.994421
-0.380506
-8.126990
7.913910
1.381597
0.463648
1.929567
0.612538
1.513168
-0.785398
-1.373401
15.952942
-3.103150
1.772113
-3.098142
-1.016489
-1.892547
7.055597
2.024135
7.525862
-7.138890
-2.612003
-1.810028
7.100830
-2.843094
-0.769526
-1.275355
2.044152
8.424022
-0.582353
-7.930754
1.907471
7.570188
2.386488
-2.896614
-6.418713
-5.974255
7.340376
0.785398
0.812419
7.327354
-2.509902
-2.493781
-1.959115
6.380912
2.657115
6.373845
0.511231
-7.775710
8.219729
-2.711830
1.453688
3.233922
2.341270
6.922571
-6.190429
2.659929
-1.810967
