-1.943784
1.656302
0.090660
0.563316
2.009133
-0.244979
0.881872
-0.944053
-3.836331
-2.677945
0.212938
0.000000
-2.677945
0.785398
-2.356194
2.094075
-1.570796
-0.088007
1.815775
2.106608
-2.273053
2.561590
-2.485897
-0.982794
2.922924
2.111216
-1.239700
-0.064427
0.085505
1.008875
-1.357858
-2.613518
-1.768192
-1.735945
1.633215
-2.203545
0.354706
0.805003
0.974597
0.896055
-3.294242
-1.184914
0.120624
-10.045027
-9.888426
0.724250
2.256526
-1.856848
-1.691420
-0.174672
-0.764993
2.530867
-0.563316
1.831399
2.111216
-0.209023
1.856848
1.712693
3.114572
1.946067
-1.446441
2.117585
2.150799
-10.315053
0.566729
-2.951604
2.151553
-0.957589
3.024484
0.000000
2.457883
-2.776391
-0.165149
-2.934096
-0.270947
-0.251003
-1.980924
0.146012
-1.808632
1.080839
-1.414194
1.267911
1.306833
-0.785398
-0.945311
1.165905
1.004067
-1.892547
-0.643501
-0.806672
1.383817
2.116451
-0.996491
0.000000
-2.690140
-10.415572
-2.714965
-1.913820
1.542233
-0.211093
-1.460139
9.222456
1.240499
2.007423
2.537843
-1.142018
0.967047
-0.718830
-1.956679
0.785398
-0.661043
2.462930
1.446441
-0.554307
2.504044
1.997424
0.434670
0.732815
-9.472361
-2.149871
-0.851966
-1.699120
-3.352686
2.629203
-2.988943
-0.667306
-10.157593
3.272420
1.030377
-1.453688
-0.643501
1.485291
2.317752
-0.862170
2.101012
-1.815775
2.457883
-2.048142
0.093477
-2.167973
1.869295
2.231839
-0.058756
-1.138389
2.642246
-2.466852
2.690140
-1.795507
1.387686
0.057081
-0.623199
-0.564569
0.515549
0.643501
1.981861
-0.999459
0.486899
-1.480136
1.312025
-2.859821
2.394637
-2.950408
-0.566729
1.983207
0.191184
-2.007423
1.494024
1.570796
-0.566729
-0.134321
-1.622033
-0.032247
-0.507099
1.644735
-2.241318
-0.334737
-1.508378
-1.132460
-2.837082
-3.198673
2.009133
-0.891383
-0.976037
0.534955
1.631328
-0.030294
3.033903
1.173717
1.570796
-0.203045
-0.104877
2.325901
0.231091
-2.475623
-1.570796
-3.141593
2.412738
-1.287002
-2.999696
0.851966
-2.859038
-1.784857
-1.645656
1.570796
-2.492597
-2.388441
2.944197
-1.859772
-2.487510
1.132460
-0.400241
-9.759515
-0.859337
1.132460
-1.923787
2.689439
-0.896055
-2.007423
-0.489957
-1.510264
-1.789465
0.938047
-10.362825
0.493941
0.463648
1.959115
1.740575
-2.034444
-1.506369
1.618379
-2.034444
2.240435
-1.570796
-2.770701
-2.887919
-2.838708
2.889903
-2.143762
2.220667
-10.738251
1.869295
2.208345
-1.892547
-2.563691
-0.554307
0.561922
-2.574863
0.055499
-0.274167
2.514850
9.264015
-9.819569
1.601090
1.339706
-1.022247
-0.809784
9.232730
2.740364
1.570796
1.306833
-2.297439
-2.582993
-2.910502
-0.134321
-10.734972
-2.111216
0.197396
0.933248
-0.375271
1.919567
1.543776
0.668289
0.856706
-2.126290
-0.665969
-1.892547
-2.276365
1.975688
-3.855683
1.256564
-1.006227
1.602036
3.316265
-2.419938
-2.984991
-0.088007
-2.132718
1.937970
-0.244979
1.129617
-1.299849
2.729182
1.506369
0.735440
-10.077625
0.394791
1.441094
-1.510264
1.015303
-0.183111
-1.215160
-0.330297
-1.763497
-2.254506
-10.133404
-0.229232
-0.558599
9.232730
2.503273
2.070143
2.375060
-2.312744
-0.203045
-2.880990
-1.570796
-0.835357
-1.513716
0.785398
-9.607889
0.452778
-0.881872
2.303611
-2.847358
-1.460139
2.233999
3.087591
2.736701
2.615526
-0.691337
-1.508378
2.356194
-3.167902
-2.256526
-3.020969
-2.626044
0.047583
0.975386
-4.712389
-0.555494
1.828120
0.827041
1.436475
-9.937167
2.356194
1.487655
-2.214297
-2.601173
-1.453688
-1.373401
-10.078861
-0.705568
-10.012781
-2.766322
2.067219
-2.579671
-2.999696
2.338015
0.051237
-0.620249
-2.703256
-2.944197
-2.930499
0.380506
0.921801
-2.158799
-1.768192
-0.027771
1.405648
-0.321751
2.867425
-3.098142
0.982794
-1.274251
2.432966
-2.209116
-1.078987
-2.068139
-0.954499
-1.435269
2.203545
1.339706
1.533776
-1.016489
-0.728855
1.540503
-2.651635
-2.196281
1.107149
-10.798179
2.376600
1.687905
2.466852
-2.690140
-1.801887
-1.308676
1.325818
0.849141
-3.252250
-2.859821
0.477345
0.000000
2.120650
-1.504228
-3.141593
-0.119429
-0.617191
1.999574
1.428899
2.875341
2.034444
-2.205823
-0.449760
-1.961403
-10.334531
-0.610726
-0.811034
-1.604117
-2.488746
-1.082462
-2.845047
-1.965587
3.294242
-10.210176
-2.999696
-0.939717
1.006227
2.376600
-2.785957
-2.377468
-3.703514
0.169778
-3.027801
-1.570796
1.716809
2.335789
2.677945
0.030294
1.795507
-3.208161
-2.530867
-10.151420
-1.933341
-2.545394
-0.807617
1.301629
-10.300836
2.181522
0.694738
1.862253
-0.745419
-3.170996
-2.051684
0.412410
1.844964
2.530867
0.480887
-0.424194
0.822418
0.463648
1.401018
0.066568
1.051650
1.195526
2.193996
0.129703
2.910502
-1.545802
-2.545394
-1.272297
1.086318
1.094329
0.117109
-2.846152
0.661043
-1.913820
-2.607884
-1.489892
2.733444
-2.634494
0.990794
-1.004067
1.513716
-10.061286
-3.204011
-1.390943
-1.155304
-2.022249
-0.743756
0.000000
-1.082462
-1.044730
0.027020
0.000000
1.892547
-2.853537
9.218454
0.643501
0.138006
-2.877629
-10.470779
-1.776192
0.463648
0.477345
0.828849
0.321751
-0.643501
9.179799
1.284745
1.892547
-3.338988
2.254506
0.222082
1.319106
-1.006227
1.941688
2.835714
1.705118
2.356194
1.123276
-9.927621
-0.255182
0.321751
0.102207
-1.051650
1.545161
2.429235
-0.519146
-2.750986
-2.325901
-2.093200
-1.264917
0.211093
-1.854590
-3.717968
-3.652081
-0.535811
2.959424
1.474323
-1.901892
-1.967876
2.845047
2.150799
-2.637427
-3.721595
0.968509
2.528385
-1.146602
1.745469
0.694738
-0.904827
-1.834760
0.463648
1.347320
-2.642246
-2.150799
-1.487655
0.129703
-9.589927
1.935998
-1.264917
-1.022247
-2.916881
-3.167228
0.522403
2.208345
0.380506
-0.648996
-0.785398
0.649870
-0.724250
2.828691
1.231504
-2.910502
-0.380506
0.296546
0.942000
-3.332777
2.327631
0.596199
2.453921
0.858439
-0.862170
0.729900
0.558599
-10.815721
2.179486
2.129396
-0.531724
-3.141593
2.498092
-2.085248
1.601090
-1.570796
-2.356194
-0.282555
-0.426627
0.607802
2.785957
-2.582993
2.142134
1.768192
2.485897
-2.203545
-0.620249
-1.195526
1.333948
-1.152572
0.448723
-10.419199
-0.935770
-2.386488
-0.883125
1.975688
-0.683709
-0.041643
-0.724250
0.282555
0.862170
-1.097440
-1.712693
2.214297
-2.691833
-0.321751
-1.144169
2.607884
-9.810661
-1.908675
1.460139
-1.474323
-2.286540
2.847358
-1.735945
-0.438337
-2.770701
-1.363300
-2.761086
-0.906750
-0.340979
2.236766
-2.020556
-1.541393
1.740575
-0.643501
-0.090660
1.902856
-3.108272
-0.634023
2.007423
0.755104
0.165149
-1.795507
1.616220
2.034444
0.610726
2.356194
-1.773842
-2.173084
-10.173156
-0.841942
-2.595938
9.272129
1.453688
-0.636508
1.756144
0.702257
2.356194
0.442374
-1.490966
-0.785398
-1.138389
-1.069192
-2.732685
-1.822486
-2.446854
-1.487655
1.570796
-0.038443
-0.076772
-0.555494
-1.487655
0.369334
2.258468
-9.678452
-1.134169
0.643501
-1.691420
-0.361729
-0.953605
1.829567
-1.841743
