2.132718
2.292451
1.314645
-2.151553
-0.451453
-1.452306
-2.677945
-3.005190
1.504228
1.899349
0.544864
1.922241
-2.984991
2.111216
2.377468
-2.485897
-2.279423
0.563316
0.576375
9.398468
1.240499
-0.597177
-0.975386
-1.837048
2.218188
1.310194
-1.730709
-0.073939
2.356194
1.074374
-0.737815
0.883125
0.872137
-1.009633
-2.194819
-0.115759
-0.424194
2.265535
2.617673
1.784857
2.970857
-1.152572
0.865228
-1.807645
-10.012781
2.553590
-0.450661
-1.730709
0.648996
1.800028
-2.453921
0.438337
-10.110507
-1.631328
0.507099
-0.477345
-9.259629
1.019141
0.463648
-1.965587
2.196281
0.577902
0.192048
-1.762844
-1.919567
3.058451
1.015303
-1.651700
-0.034469
0.605545
-0.626743
2.639989
-10.068279
2.774419
-2.606638
-1.176005
-0.244979
2.838708
-1.612439
2.132718
-0.096474
2.963996
1.262744
2.966920
0.104877
1.701624
-2.697173
-2.279423
1.047518
1.071450
0.363979
2.075658
-1.759018
9.314121
-3.020969
-2.772259
2.694073
-0.847817
-1.465919
1.051650
-0.226799
-0.765793
2.523837
-3.306741
1.058407
-0.933248
1.325818
-1.929567
0.519146
1.703348
1.797595
1.004067
-2.578276
2.430134
-2.332943
-0.579074
-0.421419
-1.020943
-0.380506
-0.482513
-1.217806
0.174672
-0.753151
2.273053
2.020556
1.825979
-2.205823
-2.925508
-2.819842
2.199593
0.947597
2.810497
2.378413
-2.827972
-10.253627
4.601732
-2.754717
-0.023252
0.841942
0.921801
-0.513606
-2.896614
-1.199905
2.007423
2.389515
1.497756
1.865031
2.236766
-0.639386
-0.982794
-1.597106
-1.712693
-0.694738
9.200067
-2.601173
-0.664046
-0.034469
-0.132552
2.455863
9.209420
2.093200
1.231504
0.278300
0.785398
-3.005190
-1.989021
-1.467715
0.348771
-0.996491
-9.519730
-0.549853
-2.889903
2.626044
-1.124691
-0.748378
0.808650
-0.739975
1.849096
0.603749
2.045196
0.211093
-1.173717
-1.823351
-2.401618
1.352127
0.358771
1.741532
-0.477345
0.099669
9.669757
0.942000
-0.535811
0.765793
-2.906870
-2.158799
-3.682012
-9.703078
-1.030377
-0.876058
-10.717275
-0.244979
2.124091
-0.066568
-2.312744
-1.138389
-1.795507
-0.293187
1.612439
-0.386876
-0.455101
-1.913820
-1.378096
-0.721655
-2.597312
-1.900421
-1.313473
-2.053310
-0.334737
2.709185
-2.152177
-1.548578
-2.902983
1.373401
2.158799
-2.096863
1.801887
2.805954
1.969319
1.904741
0.763180
2.437979
-4.712389
-0.321751
-0.297064
1.834760
-2.658146
-2.579671
-3.210449
-1.144169
-9.635871
-2.199593
-0.639770
-0.519146
2.665897
-10.352073
1.332187
-0.685730
2.101012
1.876675
1.543026
1.482789
0.159913
-4.712389
1.703348
1.051650
2.622447
2.158799
0.154319
2.537843
-1.385448
0.429762
-2.607884
0.063743
2.980218
1.120135
1.352127
-1.158386
-0.994421
9.044272
-2.221873
9.372195
-0.732815
-0.736257
2.754717
-2.779863
1.030377
-1.933341
-1.471128
0.484478
0.992894
9.209420
-0.103082
-1.212026
2.176341
1.742987
1.071450
-2.412738
-0.643501
0.828849
-0.728317
8.750037
1.433730
1.925502
-2.011976
2.226492
2.869447
-0.037020
-2.174546
-2.631104
-2.106608
-1.570796
-0.449760
0.258771
-1.048393
0.554307
-2.606638
-0.096474
1.091277
1.901892
-2.853537
0.305879
0.819867
-1.348714
-1.030377
1.237552
2.654693
-1.828120
2.976444
9.192221
0.785398
-2.940276
8.750037
-2.077895
-1.760785
1.107149
0.526066
-0.062419
2.699218
2.441700
-2.508844
-2.425849
-1.074374
2.134113
-1.618379
-2.642246
6.501854
2.514850
11.287031
2.806856
1.219352
1.107149
-2.068139
-2.627141
2.655971
-1.063698
-1.367751
10.210176
0.851966
1.864385
0.226799
-1.533776
0.451453
-1.884417
2.437979
-2.122451
-0.785398
0.607802
-2.830594
-1.450173
-2.425849
1.904041
0.661043
-2.466852
-1.302430
0.669639
1.006227
0.770474
-2.466852
-2.256526
2.024135
-2.841421
0.158655
-0.073041
2.111216
-0.361729
0.868539
-0.911990
-1.155304
0.994421
0.472497
-1.495467
3.200348
1.667270
-0.946773
-0.785398
-1.691420
1.681454
0.355636
-2.739722
-0.546789
-2.843094
-0.480887
10.053574
2.589938
-2.931953
1.196463
0.020405
-2.565217
-1.665748
-0.785398
-1.692639
2.528385
-2.008588
1.379612
-2.727086
1.520838
3.554003
-1.917858
-1.991460
9.152632
1.450173
-0.402321
1.904041
0.994421
2.356194
0.862170
2.256526
-0.237836
-9.596969
1.301629
-0.183111
1.478040
-1.570796
1.691420
-2.199593
-1.508378
0.288055
1.056345
1.849096
1.352127
2.111216
3.108272
0.605545
2.498092
-0.576375
0.110657
0.215358
-4.171969
1.965587
-0.263964
-1.128422
-2.720929
0.321751
-10.950151
-2.262133
-0.514451
1.198729
2.378413
0.064427
9.589927
10.531927
-1.415800
-0.667306
2.493261
-1.339706
-1.892547
-2.480549
1.229817
-1.695151
1.460139
-2.356194
0.000000
-1.647568
1.951303
-0.596199
-1.392703
-0.643501
1.239700
-2.570255
9.424778
-1.379612
-1.570796
-1.465919
2.094075
9.521252
-1.745469
0.876058
-3.190335
2.105751
-1.176005
-0.866302
-1.471128
-2.810497
-0.128323
-0.380506
-9.746529
2.613518
0.434670
0.404892
0.636508
0.973620
-0.667306
-0.939717
-2.843094
1.363300
1.190290
-2.490516
-2.622447
-2.080389
0.313621
-0.946773
-2.966920
0.336675
9.274407
0.231091
0.073939
0.766532
1.169568
-1.570796
-0.197396
2.129396
0.161837
-0.939717
-2.194819
-1.063698
1.206817
-1.355439
-0.321751
-1.048393
0.414507
-3.118869
-0.197396
-2.875341
0.813962
0.922985
1.867342
1.600200
-0.540420
-2.387434
2.736701
-1.913820
-0.273009
0.294235
0.060532
1.276562
1.805519
1.439969
2.356194
0.737815
0.896055
1.424784
-0.617191
-1.441886
1.612439
2.907849
2.840672
1.172274
-0.683709
2.869447
-0.222082
2.092631
1.633215
11.828556
0.418224
2.956245
-2.375800
0.909753
-2.329885
-0.358771
2.954613
-1.934775
-1.803353
-1.467715
-2.720173
2.902361
1.030377
0.478352
-0.858439
-1.176005
2.536048
1.009633
-2.080389
-2.209116
1.063698
1.959115
-0.521834
-2.819842
-1.967876
0.262995
0.515549
2.658146
-1.442473
-1.892547
0.558599
-1.945130
0.685730
1.642104
-2.811968
9.424778
0.614663
-0.263964
-0.372988
0.394791
2.060754
0.491809
-0.253674
-2.446854
-2.506566
-2.474287
0.296546
0.812419
-0.664046
-2.729182
0.179853
-1.744042
-2.011976
1.165905
1.849096
3.045119
0.540420
0.990794
-2.135946
-0.336675
-0.031240
-0.708626
0.741947
-10.798179
1.606495
-1.231504
0.135528
2.142134
-0.028564
0.380506
-2.165010
0.000000
0.708626
-1.107149
1.570796
-3.325536
1.091277
-1.304544
-1.892547
-0.375271
-2.135366
1.046001
-9.861405
2.914794
-0.785398
1.626295
0.321751
4.712389
10.085821
-2.319174
0.960070
-1.359703
1.515298
-0.160763
-2.220667
1.397551
2.081285
-0.066568
-3.141593
1.570796
-1.119343
-2.869447
2.047264
-1.394857
2.158799
1.957672
-2.863293
-1.859772
-2.882261
0.805803
0.705568
2.983824
-2.356194
0.478352
-2.634494
-0.362544
0.839890
-1.875789
2.984991
-0.106736
-0.626743
-2.116451
0.463648
1.824470
-0.739277
-2.427502
0.678119
-0.146012
0.825377
1.394857
-0.678662
2.504044
2.236766
-4.133315
2.201876
-1.272297
1.142018
