0.060532
2.622447
-2.712815
-3.824784
-0.054002
-3.291964
2.574863
1.638873
-3.571355
-1.240499
1.661456
-2.319174
-0.697021
-3.890862
0.749699
0.356620
0.337878
-2.950408
9.449163
-0.170735
2.700413
0.626743
0.916226
-1.570796
-2.553590
0.177596
-4.331883
-2.172251
-0.079830
0.117109
-3.645759
1.044730
-2.356194
-1.282741
-1.227772
-4.501296
-1.991460
-2.800614
1.312025
-0.156602
-2.553590
-0.647811
-1.591627
-2.878598
0.603749
0.034469
0.638320
1.679067
-2.742077
-1.707863
0.236849
-1.172274
-3.976949
1.739898
2.281706
-2.153149
3.375336
-0.705568
-1.287002
-3.174914
-0.389317
2.651635
-1.913820
0.620249
-3.332777
-0.997830
1.963136
-2.477546
4.413890
2.046492
-2.285888
0.273659
-2.230425
-0.327739
1.030377
2.374374
1.081944
0.229232
0.919720
0.982794
-1.494024
-1.169568
1.487655
-0.369334
-0.452154
0.705568
2.412738
0.825377
2.034444
-0.184324
0.231091
3.220377
-2.833540
-2.700413
-4.215966
0.544864
2.948381
-1.190290
-2.802300
-1.716809
-5.330145
-2.452668
-0.924283
1.222025
0.151015
-0.911990
-1.635223
-2.852617
0.479519
9.379355
-3.714052
-0.174672
0.982794
-2.750986
2.491722
-0.657889
1.997424
0.551655
9.322571
-1.020943
-2.694073
1.058407
0.708626
1.677532
-2.399645
-0.312901
1.529154
-0.726642
-1.425486
-3.751051
0.831519
-3.167902
0.090660
1.473069
1.709892
10.460619
-9.424778
-1.989021
1.844964
1.849096
-1.863709
-1.119343
-1.288241
1.772559
0.688924
9.236556
2.356194
0.847048
-1.428899
2.236766
-0.628796
-0.451453
2.591739
-0.632749
0.677386
0.026310
-1.025932
2.475623
-1.387686
0.743756
-1.975688
2.224879
9.372195
2.045807
-0.253674
2.306236
0.682317
2.034444
0.463648
0.186487
-0.671606
-0.588003
1.570796
-1.673878
-0.670522
-2.269456
-1.600200
1.929567
2.744513
0.086738
-3.037800
-1.415800
-2.677945
-3.219864
2.108383
11.082313
1.119343
-3.619945
-1.649580
1.629552
1.405648
-4.256041
1.779819
1.570796
1.910089
3.194176
-1.034985
1.306308
-1.658804
-1.107149
-1.415800
-2.631104
0.614663
-3.036716
-2.019520
-1.883698
-2.214297
-5.627490
2.470449
2.453921
-2.408778
-2.878598
0.356620
1.179096
0.785398
0.315215
-4.559740
2.677945
-0.626743
0.321751
-0.598419
-1.803353
-10.819635
-0.501604
3.089010
-3.739351
-1.802900
0.722191
2.068139
9.401526
-2.761086
-1.783735
0.922464
-0.957589
1.121037
-0.896055
-2.173084
-1.361773
-1.570796
-2.511559
-0.314758
3.048116
-2.214297
0.138006
0.595410
1.355439
2.770701
0.712358
-3.112189
2.131960
-0.785398
-2.158799
-2.316216
-2.440333
3.062809
2.132718
2.846152
-3.246470
-1.957672
-0.840897
-0.451453
-1.944523
-3.077166
-2.009133
-1.783228
-0.509592
1.761981
-3.976949
0.950547
2.639989
-0.588003
-0.658806
-1.122073
0.392340
0.078784
-0.110657
-2.665897
2.047264
2.677945
-1.363300
-1.722172
-5.572647
-2.918116
-0.868539
-2.788602
0.785398
-0.106736
2.525296
-1.516795
2.083186
1.540503
-2.394637
-0.785398
2.265535
2.057696
-3.258701
-3.248328
0.274167
2.191046
-0.785398
-0.066568
-1.418147
-0.197396
2.700413
2.077895
1.747505
-0.564569
-1.809406
-9.931876
2.622447
-2.020556
-2.011976
-0.540420
-1.866237
3.202125
-1.791290
1.916352
1.402199
-1.287002
-0.799096
-0.321751
0.588003
2.177401
1.237552
-1.943784
-1.133005
-1.154358
-0.393451
-2.187988
1.343997
2.761086
2.199593
0.862170
2.828691
-0.281232
-2.772259
-3.189176
1.785612
-3.757890
0.099669
-1.570796
0.581380
0.764993
-2.694073
2.930499
1.428899
-1.570796
-0.906750
1.309083
-0.344647
-0.172191
1.935998
1.913820
0.982794
0.355636
-2.322873
-2.034444
-2.018316
0.714091
1.642104
-1.165905
-12.811349
-3.809258
-2.184566
-1.274251
0.963809
-0.912908
2.695487
-2.121182
-2.944197
1.341564
-1.201463
0.135528
2.319174
-2.568627
-1.098674
1.318242
-2.122451
0.827627
-0.729277
0.785398
0.251690
-2.750986
-0.617191
0.214061
1.301629
0.274910
-2.859821
0.463648
0.288055
1.186192
-3.893296
-2.245537
-1.756144
2.642246
-2.618314
-0.617756
-2.694073
-3.141593
-2.292988
-0.718830
-2.013171
0.131315
2.115077
-0.260602
0.000000
2.582993
-4.712389
-0.090660
-2.637427
1.302430
1.986288
-0.312901
-0.312901
1.304544
-3.256469
-2.524401
1.935998
-2.356194
0.401229
-0.226799
-3.109346
1.879727
-1.363300
-3.338988
1.781890
-2.566520
-2.089942
-4.772317
-1.414194
0.354706
-1.617274
2.064738
-1.631328
0.321751
-1.637364
-3.079174
-0.221314
-1.911178
-2.767259
2.385598
5.794851
3.064821
3.854653
-4.365327
-1.212026
1.975688
-1.249046
1.373401
-0.534955
-3.109346
3.058451
-2.457883
-1.987235
-2.900746
-0.544280
0.620249
-0.504861
-1.205595
-2.319174
0.404892
1.902856
-0.335639
-2.236766
1.203622
-2.070143
-1.289024
0.526066
2.770701
2.567288
1.597817
-0.497343
-9.314121
2.018316
-0.509592
2.466852
5.034140
-2.245537
-1.107149
-0.907593
0.415492
-2.690931
-1.468590
-1.274251
2.129396
1.604117
2.183334
-10.414194
2.526930
2.530867
2.114629
-2.333976
3.141593
-0.658806
-0.942000
-0.193622
1.249046
3.141593
0.038443
1.140104
-7.584814
-2.996283
-2.143256
-2.491722
-3.587698
-2.778446
-0.197396
1.034361
-0.797743
0.203045
1.030377
-0.296546
0.580756
-1.898916
1.014197
-3.476329
0.772741
1.467004
2.649783
-1.803353
-3.003587
-1.668523
-1.238177
2.677945
-3.646883
1.789465
-0.887605
-2.863293
-2.302193
-1.373401
1.297788
-1.249046
-3.115957
-2.410196
-2.509902
-1.051650
-4.062988
-1.744042
0.321751
-1.066630
2.083186
-1.900421
-0.608689
2.322873
-0.613207
-0.569313
-0.035073
-2.766322
-1.983207
1.570796
0.128323
-1.460139
-0.197396
-1.951303
-3.262216
1.196463
10.362825
-2.249459
-2.297439
1.837048
1.951303
-0.705568
2.972491
-1.727398
0.876058
0.275806
-0.341615
-1.512041
-0.025635
-2.016902
-4.089718
2.240435
-2.515331
0.870903
-3.684782
0.610726
-0.448145
-0.273659
-10.364495
-1.487655
-4.335140
-2.356194
-2.756435
-0.441179
-3.943938
-2.020056
-1.449444
-0.426627
1.226149
-4.712389
-1.651700
2.498092
-1.405648
-0.688924
-1.080839
-1.058407
0.935770
0.205395
-0.614663
-2.873682
-0.575425
1.768192
0.912908
-1.180189
-1.299849
2.051684
0.588003
-4.676690
0.404892
2.129396
-2.422763
2.126290
1.075663
0.916714
-0.549853
-1.339706
2.430683
-2.704965
-2.498092
2.450256
-0.476467
-1.035841
2.761086
-0.033321
-1.487655
-0.161375
-0.169778
-2.000559
1.613324
1.077960
2.306236
-2.070143
-0.380506
2.553590
-2.314552
-0.655696
-0.610726
-3.753745
2.315122
-3.585041
-1.601090
0.620249
-1.401018
-2.848004
-1.209067
3.211247
1.519559
0.463648
-1.125495
2.083186
2.788602
-4.497031
-1.921524
-0.958259
1.710236
-2.457883
1.911775
-0.476467
-0.418224
-4.612720
-2.127698
2.034444
-0.845930
0.933248
0.736257
-3.052543
-0.170735
1.457004
0.251690
0.000000
-2.709185
-2.393215
2.115660
1.748392
0.223477
2.286540
-0.493941
-2.586597
-0.104877
1.709892
-4.201901
-1.941688
-1.419781
-9.611265
-2.097740
2.786887
-1.421906
-3.165398
-2.970857
-0.580756
