-0.896055
0.479519
-1.980924
1.685673
0.119429
-2.019520
-2.659079
-1.196463
0.147078
-0.651077
1.849096
2.228685
1.212026
3.103150
0.597177
-2.505084
2.275290
-3.022164
2.809533
2.642246
2.809533
1.614247
-1.398606
2.533791
0.870903
-2.831890
0.982794
0.635027
-1.467715
-2.833540
-1.997424
-2.662073
0.755104
-0.785398
2.553590
-1.042722
-0.598419
2.414950
-0.038443
-1.570796
-0.554307
-0.896055
0.170735
1.051650
-2.383215
-1.446441
3.004526
1.644735
-1.639653
2.196281
-0.309703
0.308053
2.731465
0.862170
-0.218669
-1.499489
1.190290
-1.373401
1.249046
-2.521343
2.857799
-0.674741
2.181522
2.930499
1.616220
-0.732815
-3.022164
1.610775
-2.490516
-0.880350
0.785398
-0.885067
-0.680521
1.160669
-1.905533
0.635027
3.141593
-1.919567
2.034444
-2.782822
-1.650626
2.303611
-2.381830
1.570796
0.598419
0.000000
1.892547
0.759763
-2.951604
0.189988
1.535097
0.942000
-0.950547
-1.612439
2.170847
-0.708626
2.660705
-1.892547
1.753907
2.574863
2.275290
1.806341
-1.929567
-2.642246
-0.244979
-0.295441
0.785398
0.273009
3.141593
-2.572279
2.512796
0.815692
-1.980924
1.042722
-2.530867
2.384758
2.331809
-1.460139
1.570796
1.091277
-1.980924
-1.490966
-2.819842
-1.460139
0.628796
-1.176005
0.119429
-2.356194
1.423718
-2.613518
-2.034444
-2.414950
-1.197809
-2.970857
-2.792822
0.211093
1.261093
-0.076772
-1.992216
0.982794
-1.144169
-0.835357
-2.505084
1.030377
0.321751
0.554307
0.819867
0.577902
-0.434670
-0.446106
-0.919720
2.878598
-2.886410
0.540420
0.598419
-0.600050
-0.982794
2.104505
0.183111
-2.073640
-1.854590
-2.256526
-0.298499
-2.329174
0.090660
-1.806341
3.072736
-0.651077
2.329174
2.297439
1.616220
1.878849
0.685730
1.610775
1.089909
3.104573
2.553590
-1.612439
0.756835
2.853537
1.760785
-2.746802
-2.067219
-0.226799
-2.922924
-1.272297
-0.244979
2.627141
1.398606
1.460139
-0.870903
-0.598419
2.806856
1.182478
1.854590
-0.480887
-1.760785
0.610726
-2.034444
2.498092
-0.273009
1.833791
1.387686
-0.041643
1.046001
1.750650
1.400061
1.892547
-2.199593
1.261093
2.927532
-1.878849
-2.329174
-0.158655
2.016902
2.098871
-1.238737
2.220667
-0.685730
-1.642104
0.994421
-0.607802
2.695487
-0.785398
3.141593
-1.307802
0.610726
-0.960070
-2.480549
-1.030377
2.541542
-2.553590
0.994421
-0.110657
3.141593
-1.487655
0.370891
-0.785398
-2.051684
-2.134113
1.681454
-1.527345
2.297439
-0.218669
0.380506
1.959115
2.414950
-2.868584
1.089909
2.201876
3.058451
1.216091
-1.004067
-2.808348
0.694738
-0.866302
2.846152
3.072736
0.982794
-0.235545
-0.942000
2.329174
2.601173
-1.423718
-2.982937
0.269167
-2.872425
-2.137526
-0.035699
-2.645170
1.123276
-0.235545
-2.441700
2.451146
-0.837981
-1.957672
-1.665748
-0.927295
1.532354
1.742987
1.074374
1.690225
-1.249046
2.512796
-0.298499
2.506566
-1.712693
1.570796
0.463648
-3.110353
0.756835
3.054854
1.681454
1.060308
-1.824470
-0.563316
-0.598419
-1.091277
-0.152649
0.000000
-0.554307
1.451367
2.191046
0.110657
0.576375
-2.169215
-2.694073
2.887919
1.858852
-1.690225
0.588003
-2.170847
-2.125104
2.411693
0.970746
2.034444
2.125104
0.528074
-1.535097
-1.212026
0.045423
-2.414950
1.957672
-1.504228
1.373401
-2.408778
2.089942
-0.278300
3.041924
1.866237
1.729452
1.570796
-1.030377
1.212026
1.365401
1.089909
0.124355
-1.441094
1.869295
1.347320
-1.644735
-0.785398
2.936197
-0.037020
-1.685673
-1.530818
0.902507
-2.437099
-2.050316
0.994421
-3.103150
-1.471128
2.498092
-1.570796
1.390943
-0.041643
-1.892547
-1.929567
0.129703
-1.980924
1.160669
-1.124691
-0.972377
0.694738
-0.363979
2.455863
2.525296
2.330559
-1.147942
0.598419
-3.099950
-1.723446
1.042722
0.083141
-2.505084
1.107149
-2.408778
-0.950547
0.540420
0.576375
-2.875341
-1.216091
1.670465
-1.536327
2.452668
-1.781890
-1.249046
-3.017238
2.677945
1.815775
0.982794
-2.191046
-2.512796
-0.106736
-2.616797
-0.808650
2.432966
0.902507
-0.785398
-0.514451
-1.315614
1.735945
-1.046001
0.278300
-1.091277
-0.358771
2.796037
1.156289
-3.108272
-2.798569
1.919567
-1.570796
3.064821
1.610775
1.530818
1.570796
0.205395
1.126377
0.699893
0.432408
-2.000559
-2.158799
2.553590
1.943784
1.496857
2.158799
1.428899
0.000000
1.390943
-0.785398
3.041924
3.098142
-0.972377
1.570796
-1.815775
0.847817
3.141593
-2.300696
-1.004067
0.942000
-0.244979
0.635027
2.988943
0.000000
-2.544416
-1.760785
-1.352127
-2.645170
-0.372988
-1.723446
2.677945
2.303611
0.496423
-2.677945
3.107124
-0.607802
-1.030377
1.037088
-2.279423
-1.428899
1.653938
0.255182
-0.704494
-0.756835
-2.594804
-2.329174
-2.587285
-2.466852
-0.610726
2.140110
1.831399
2.543174
-2.383215
2.386488
2.922924
0.499347
-0.756835
0.540420
1.815775
1.418147
-2.627141
0.429762
1.618379
-2.786887
2.111216
-1.570796
0.043451
-1.532354
-2.645170
-0.812419
-1.892547
0.982794
0.321751
1.913820
2.356194
2.896614
-0.073939
1.806341
1.428899
-2.677945
-0.704494
-1.335251
-1.533776
-2.073640
-1.776192
2.914794
1.356736
-1.878849
2.808348
0.244979
-2.104505
1.124691
1.337053
-1.494024
1.530818
-1.570796
-2.761086
-0.158655
1.484058
-3.061763
2.323948
1.878849
1.760785
1.086318
2.853537
1.997424
-2.638749
2.774419
0.708626
0.726642
0.197396
0.758378
0.519146
-2.694073
0.463648
-3.101614
1.570796
-2.356194
-1.124691
0.235545
1.776192
-0.668289
1.980924
-2.034444
-0.540420
2.383215
2.437099
-0.837981
3.034857
-2.167973
2.384758
2.223643
-2.129396
0.310998
2.187093
-0.283794
2.498092
0.680521
-0.712358
-1.807645
0.079830
1.951303
0.546789
-1.905533
0.635027
-1.800028
-0.463648
-0.870903
-3.026716
0.295441
-2.050316
-1.965587
-0.235545
-0.972377
-3.105894
1.107149
-2.927532
-1.677532
-2.741352
-2.067219
0.073939
0.588003
-0.244979
0.732815
-1.536327
-2.329174
-2.831890
-2.466852
2.441700
-1.147942
2.329174
-0.380506
-0.685730
-0.718830
-2.994514
0.278300
2.999696
-1.570796
-0.674741
-2.533791
2.594804
-2.034444
2.622447
-0.354706
2.178598
-0.758378
0.446106
-1.717875
2.896614
-0.079830
-1.292497
1.892547
-0.110657
-1.892547
-0.610726
-1.398606
2.782822
-1.536327
-2.863293
-0.262995
2.265535
-0.158655
1.843805
0.756835
1.647568
-2.406153
1.128422
2.512796
2.662073
2.819842
-2.270689
2.325901
-0.919720
2.327631
0.533708
-1.190290
0.205395
-1.929567
-0.920926
-2.356194
-1.124691
-3.058451
2.325901
1.071450
-0.448723
-0.189988
0.000000
0.165149
1.959115
2.148698
-0.273009
-0.674741
-2.403778
1.837048
1.480136
1.091277
-1.170556
-1.024007
-3.103150
1.971037
-1.387686
2.798569
2.148698
-1.262744
-2.714965
0.334737
-1.249046
1.297788
-3.054854
0.000000
-1.176005
0.262995
2.455863
-1.985303
-2.642246
0.482513
2.613518
2.958482
0.935770
-1.858852
2.441700
0.000000
2.169215
-1.301629
-0.862170
1.760785
2.896614
-0.519146
0.035699
0.643501
