1.849096
-1.854590
1.943784
2.976444
1.394087
-2.634494
0.447520
2.958482
-2.251318
-1.653938
0.607802
1.975688
-0.310998
-3.105894
-2.429235
0.811034
0.785398
2.964884
2.857799
-2.727086
3.141593
0.718830
-0.295441
-1.236059
-2.408778
-2.403778
3.022164
1.609239
-3.103150
-0.540420
-0.847817
-3.004526
2.205823
-0.041643
-1.126377
-1.222025
1.869295
-0.876058
2.158799
-0.973620
-0.620249
2.613518
1.570796
-2.303611
-2.746802
-2.868584
-0.950547
0.519146
-2.194819
2.205823
-0.704494
-3.011890
2.677945
1.441094
2.283154
0.862170
-1.325818
-2.944197
-1.824470
1.356736
0.223477
0.444419
2.741352
-1.042722
-2.356194
-2.327631
-1.759018
-2.964884
-1.176005
-2.356194
0.099669
-2.613518
-2.887919
2.214297
2.239086
0.563316
2.709185
0.756835
-0.934288
1.030377
-1.825979
0.147078
0.909753
1.533776
-0.758378
2.768605
1.147942
0.124355
-2.631104
-2.906048
-1.604117
1.275355
2.662073
-1.056345
-2.761086
-2.922924
2.134113
-1.197809
-2.181522
0.759763
0.688924
-0.135528
-2.875341
-2.125104
-3.022164
1.570796
1.484058
-2.662073
0.844154
1.905533
-2.356194
1.869295
-0.110657
-0.566729
0.000000
1.815775
0.189988
0.090660
1.614247
2.642246
1.304544
0.388319
-1.176005
0.079830
2.473303
-3.058451
-2.140110
-0.083141
-2.239086
0.165149
-2.677945
-2.951604
2.906048
-1.380808
1.176005
2.727086
0.540420
-0.172191
-0.334737
0.298499
2.512796
1.943784
2.205823
1.249046
-1.695151
-2.330559
1.650626
-0.197396
-0.380506
0.235545
0.588003
1.126377
1.435269
0.835357
-0.607802
-1.051650
-2.432966
2.018316
2.325901
1.088283
-1.088283
1.650626
1.804540
-2.490516
-0.429762
-1.916352
-2.466852
2.018316
1.335251
2.988943
2.711830
2.356194
-2.543174
-2.016902
-0.165149
0.147078
-0.785398
-2.926235
-1.037088
-1.394087
2.746802
-1.042722
2.731465
1.606495
2.429235
-2.746802
-0.758378
-2.303611
-0.890275
-2.582993
0.674741
-2.111216
-2.067219
-1.297788
0.114877
2.927532
2.642246
-1.833791
-0.785398
-3.070285
1.460139
2.490516
0.388319
2.051684
0.722979
-0.945311
-0.519146
0.372988
2.563691
1.124691
-0.785398
-0.262995
-2.660705
2.543174
-1.951303
-1.653938
3.141593
-0.482513
-1.570796
-2.191046
-0.283794
-2.970857
0.298499
-0.761013
2.401618
-0.414507
-2.782822
1.373401
2.050316
-1.446441
-2.490516
-1.160669
0.283794
-2.228685
0.114877
-1.225241
0.179853
2.381830
3.101614
-2.846152
-0.756835
-1.849096
-2.411693
-1.892547
0.815692
0.496423
2.356194
-2.239086
0.076772
0.694738
-0.708626
0.426627
2.914794
-2.051684
-0.038443
-0.197396
-2.958482
-0.334737
-2.868584
0.090660
1.203622
-1.236059
1.937970
2.578276
0.785398
-0.844154
2.330559
3.061763
1.382575
-0.524796
2.857799
-1.815775
-1.570796
0.348771
-0.119429
2.300696
0.528074
-1.365401
2.896614
2.506566
-3.013269
2.251318
0.514451
2.868584
1.837048
0.661043
-0.811034
1.499489
0.881872
-0.942000
-1.753907
0.283794
-1.971037
-0.188222
2.936197
0.334737
-2.543174
0.661043
-0.083141
-2.618314
1.849096
2.659079
-0.172191
0.785398
-2.297439
-0.896055
-0.994421
-0.288055
0.577902
-3.030935
1.975688
-1.197809
2.806856
-2.251318
-1.356736
1.919567
1.729452
0.600050
2.988943
1.644735
1.959115
0.554307
1.642104
-1.759018
-1.904041
1.700499
-0.226799
-1.236059
2.853537
-2.125104
0.037020
-1.074374
2.300696
1.297788
-2.221873
1.405648
0.569313
-2.356194
-2.578276
-1.735945
-1.647568
-1.335251
2.418613
-1.460139
-2.521343
-1.460139
-1.325818
-2.089942
0.785398
2.178598
2.228685
-0.189988
-0.446106
-0.262995
2.466852
-2.158799
-0.148890
-1.854590
1.892547
2.196281
2.406153
1.703348
2.265535
1.905533
-1.951303
2.303611
0.214061
-0.223477
-1.570796
3.104573
-2.137526
1.929567
-0.255182
0.970746
2.245537
-2.018316
0.426627
1.390943
-2.300696
1.797595
-2.473303
0.502843
0.380506
-0.870903
0.514451
-2.741352
-0.358771
-2.245537
3.030935
0.668289
1.661456
-1.535097
-1.919567
2.325901
-1.170556
2.000559
0.038443
0.758378
0.463648
-0.308053
1.051650
3.026716
-1.747505
-0.909753
-0.809784
-0.510488
3.141593
-2.178598
2.574863
-2.659079
-1.373401
1.892547
1.141034
-0.446106
-1.639653
2.796037
-1.529154
-2.843094
2.768605
-1.141034
-1.225241
-0.896055
2.767259
-2.050316
1.012197
2.228685
0.917950
-2.261243
-0.624023
1.030377
-0.176709
1.653938
1.971037
-1.124691
-0.119429
-2.477546
0.636508
1.729452
2.231839
-1.570796
-0.785398
-0.785398
1.951303
-2.677945
1.570796
2.205823
2.411693
-0.519146
0.896055
-2.466852
-0.463648
-0.295441
-0.321751
0.266252
-2.158799
0.680521
-0.211093
-2.050316
-1.570796
-1.537475
1.343997
-1.272297
-1.237552
0.444419
-2.782822
2.265535
-1.533776
-1.612439
-0.902507
2.228685
2.081285
-2.587285
2.833540
2.951604
-1.806341
-0.722979
-0.226799
1.570796
1.091277
0.308053
1.398606
-1.639653
-1.107149
-0.896055
-1.806341
-1.197809
-1.312025
0.600050
2.988943
-2.181522
3.098142
-1.490966
2.753274
1.262744
-1.570796
2.819842
-2.878598
2.306236
-2.117585
0.960070
-0.628796
2.275290
-1.301629
-2.286540
-1.833791
2.270689
-1.418147
1.951303
2.034444
2.117585
0.563316
1.614247
2.498092
1.262744
2.677945
2.904744
-1.490966
2.521343
-1.880499
-1.677532
0.554307
-1.141034
-3.104573
-2.819842
-0.755104
3.141593
-1.892547
2.607884
-1.781890
-2.181522
-2.199593
0.718830
2.533791
-1.653938
-0.674741
1.712693
2.270689
1.460139
-0.528074
1.985303
0.038443
1.929567
-2.638749
0.844154
-0.429762
0.844154
-2.158799
-0.463648
1.288241
-2.016902
0.000000
-2.768605
2.386488
0.533708
2.085248
1.071450
-0.226799
2.356194
-2.505084
-2.000559
2.498092
-2.565217
0.110657
1.304544
-1.892547
-1.824470
-2.018316
-0.147078
3.038511
3.141593
-2.922924
0.546789
-0.223477
-2.806856
-0.994421
-2.553590
-0.890275
-2.521343
-2.607884
1.016489
1.653938
-0.729900
-0.972377
-2.662073
-2.601173
0.165149
-2.999696
-3.022164
1.236059
-2.473303
1.837048
2.125104
0.235545
-2.736701
2.782822
0.815692
-0.558599
-0.041643
-2.070143
-1.980924
-1.570796
-1.837048
-1.892547
-2.437099
1.735945
-2.356194
-1.959115
2.846152
-2.645170
-0.068856
-2.466852
-2.601173
0.668289
0.960070
-0.635027
-1.373401
-1.781890
2.034444
0.388319
-1.650626
2.741352
1.373401
2.976444
0.141897
3.004526
2.819842
2.521343
-2.300696
1.335251
1.496857
0.189988
-2.796037
-2.846152
-3.017238
-3.026716
2.530867
-1.089909
2.137526
-1.753907
-1.451367
-2.951604
-2.221873
-1.533776
-0.463648
-1.282741
-0.813962
2.642246
1.279340
2.622447
-2.403778
1.700499
1.088283
-0.610726
-0.073939
-0.950547
-2.256526
-0.844154
-1.471128
2.662073
3.022164
1.160669
2.578276
-1.650626
-0.334737
-2.857799
-0.446106
-0.041643
-0.165149
-2.753274
-1.695151
2.300696
2.134113
-2.887919
-2.432966
2.000559
-0.651077
0.896055
-3.026716
2.356194
-2.543174
-0.444419
1.335251
0.551655
-0.712358
3.022164
-2.053310
-1.607816
1.878849
-3.061763
-0.729900
