-0.540420
2.034444
-1.373401
1.414194
1.647568
-0.463648
-1.570796
1.446441
-1.647568
-0.927295
-2.970857
-1.042722
-0.152649
1.797595
-0.815692
-1.719686
0.367174
-0.785398
-1.943784
-0.038443
1.405648
-2.330559
-0.956133
2.256526
1.919567
-0.828849
1.004067
0.588003
-2.767259
0.785398
0.141897
-0.982794
-2.077895
-1.742987
1.446441
2.982937
-2.819842
-0.394791
2.936197
2.536048
2.104505
3.009041
1.712693
0.982794
0.172191
-0.548549
0.000000
1.227772
0.110657
-2.422763
1.735945
-1.418147
1.138389
-1.735945
2.875341
-0.563316
-0.480887
0.358771
-1.815775
1.570796
-1.261093
2.010639
0.404892
-0.745419
0.674741
0.904827
-0.558599
-1.315614
-2.574863
-0.071307
0.702257
2.872425
-2.390664
-2.629203
1.335251
2.111216
1.849096
-0.226799
2.782822
1.292497
-1.989021
-2.553590
0.655696
1.512041
-0.881872
-1.212026
1.929567
2.034444
2.731465
-3.058451
-0.390607
-0.588003
0.463648
1.042722
-1.647568
1.700499
-0.965252
-2.930499
-1.760785
-1.975688
-2.015216
-2.034444
-2.199593
2.731465
0.519146
-0.447520
1.629552
2.530867
2.819842
-0.668289
2.466852
3.058451
2.819842
3.141593
-2.015216
-2.642246
1.490966
2.944197
-1.446441
2.553590
-0.321751
-1.937970
-2.727086
2.480549
-2.953371
-0.367174
-2.356194
2.205823
-1.712693
-1.880499
2.053310
-0.309703
-1.352127
1.487655
1.373401
0.540420
0.000000
0.896055
-0.558599
-0.785398
0.674741
0.129703
-0.753151
-2.638749
-2.034444
2.930499
2.446854
-2.498092
0.295441
-2.896614
0.610726
-2.427502
0.812419
1.768192
2.761086
0.422854
2.677945
-0.499347
2.158799
0.694738
0.528074
-1.001483
2.660705
-0.896055
1.176005
-1.570796
0.463648
0.076772
0.463648
0.758378
-2.930499
-0.418224
0.643501
-2.654693
3.091634
-0.927295
0.463648
0.135528
-0.197396
-0.822418
-1.089909
-1.428899
0.135528
-2.982937
1.304544
-1.107149
-2.034444
-0.298499
-2.553590
-0.674741
0.870903
1.124691
-2.843094
-1.965587
-0.732815
1.614247
0.635027
2.718739
-1.959115
0.302885
-2.273053
1.343997
0.745419
2.601173
-2.158799
0.785398
1.687905
2.016902
2.622447
-1.037088
0.038443
0.295441
0.348771
-2.677945
-0.785398
-1.236059
-2.601173
-1.490966
-0.756835
2.936197
-1.916352
-2.589938
2.711830
-1.123276
-0.404892
-0.463648
-1.892547
1.249046
-0.934288
-0.066568
-2.466852
-0.336675
-2.319174
1.004067
0.935770
2.944197
-0.832981
2.383215
-0.404892
-3.026716
0.909753
-2.553590
1.203622
-2.327631
3.141593
-2.289626
2.701750
-0.062419
-0.463648
2.819842
0.218669
2.774419
-1.768192
-0.999459
-0.844154
-2.070143
0.255182
0.273009
0.278300
2.169215
0.533708
-2.380580
1.236059
-1.438245
-0.372988
-1.160669
-1.892547
1.605265
-1.862253
-2.253113
-2.695487
-2.727086
-2.833540
1.089909
-0.956133
2.455863
2.563691
-1.373401
-1.797595
-0.165149
-2.411693
2.466852
-2.356194
-2.455863
-3.104573
0.244979
-0.636508
0.348771
-0.785398
-0.935770
0.000000
0.643501
0.226799
2.736701
-2.761086
2.176341
1.460139
-0.902507
-1.225241
0.334737
-1.341564
-0.950547
-2.117585
-1.980924
1.126377
1.418147
-2.356194
0.942000
0.635027
-2.944197
-0.076772
-1.030377
1.843805
0.785398
2.819842
-0.982794
1.480136
1.778293
-2.922924
-0.588003
-0.426627
0.141897
3.103150
2.634494
1.997424
0.388319
-1.089909
1.647568
-1.570796
2.293776
-2.553590
1.494024
1.695151
-2.330559
0.540420
-0.540420
-3.009041
-1.012197
-1.892547
-1.056345
2.819842
-0.862170
1.530818
2.704965
0.129703
0.755104
3.009041
1.833791
2.792822
2.587285
0.785398
0.158655
-1.063698
-0.076772
2.541542
-0.851966
1.089909
-1.124691
0.620249
1.997424
-3.050933
2.480549
0.610726
-2.498092
-1.262744
-2.638749
-0.690446
2.459276
-0.785398
0.480887
1.279340
-0.305879
-1.365401
3.141593
-0.982794
0.141897
0.714091
-1.866237
-1.527345
-0.404892
-1.203622
-2.356194
-0.554307
2.982937
-1.570796
-1.637364
0.223477
-1.405648
-2.034444
-0.576375
2.956245
-0.610726
-1.677532
2.930499
2.714965
2.245537
0.817645
-1.741532
-2.613518
2.578276
0.083141
2.536048
0.418224
-3.024484
1.776192
-0.628796
0.336675
2.565217
-1.570796
-2.117585
-1.532354
-1.313473
0.372988
1.833791
-1.607816
1.042722
-2.530867
-0.309703
-2.381830
-0.785398
-1.833791
-1.880499
-1.212026
-1.742987
-1.124691
2.265535
-0.463648
-2.607884
1.815775
0.610726
2.053310
0.718830
-1.685673
-1.460139
0.041643
-1.107149
-2.329174
2.279423
1.644735
1.789465
2.910502
1.797595
-0.665969
-2.356194
-2.111216
1.690225
0.588003
0.141897
0.896055
-1.091277
0.862170
-1.176005
-0.363979
-2.418613
2.003204
1.067953
-1.016489
0.463648
-2.214297
-1.487655
0.321751
0.000000
-2.593043
-2.553590
2.034444
2.408778
3.141593
-0.110657
-2.245537
1.570796
-3.101614
-1.965587
0.244979
-0.110657
2.782822
1.760785
2.660705
-2.677945
-0.205395
3.141593
2.284887
-2.089942
-2.553590
0.896055
-1.304544
-3.022164
-0.785398
3.141593
-1.074374
-0.785398
-1.806341
-0.643501
-1.339706
3.054854
-2.736701
-1.753907
0.982794
-1.134169
-1.504228
-0.756835
2.711830
-0.813962
-2.316216
1.165905
-3.058451
-1.971037
1.866237
1.460139
-2.356194
1.892547
-1.866237
-1.919567
-2.746802
-1.570796
-2.111216
-1.570796
1.703348
3.141593
-0.708626
-0.493941
2.857799
-1.685673
1.356736
-2.846152
0.165149
-1.227772
-3.036716
-1.222025
2.111216
-0.785398
0.463648
-2.819842
-0.708626
-1.130954
0.643501
-1.712693
0.847817
2.761086
-0.463648
-0.970746
-1.815775
1.325818
-0.463648
-1.515298
-0.620249
0.655696
-0.554307
-0.463648
0.039979
-3.067654
-0.071307
-0.278300
2.270689
-0.965252
0.062419
-0.298499
2.634494
-1.249046
2.245537
1.144169
-1.532354
-0.785398
-0.334737
-0.189988
2.356194
-0.635027
2.356194
2.896614
-1.806341
0.132552
0.231091
2.642246
-1.653938
2.914794
-1.985303
2.289626
1.653938
1.046001
-1.083897
1.152572
-0.348771
-0.680521
-2.214297
0.426627
-1.292497
-2.356194
1.138389
1.107149
0.152649
-0.661043
-2.016902
-0.253674
-2.422763
0.244979
2.723368
-2.677945
-2.300696
1.570796
-0.809784
-1.570796
-2.677945
-0.950547
-3.075024
2.951604
-1.913820
2.516108
-3.067654
1.037088
-0.540420
-0.919720
3.141593
2.714965
1.176005
-1.107149
-2.746802
3.141593
0.099669
2.777614
-1.712693
-1.267911
2.034444
-1.570796
-2.988943
-2.761086
-1.206817
-2.498092
1.365401
1.892547
0.970746
-1.975688
-0.862170
2.843094
2.473303
2.922924
-0.866302
1.030377
-0.278300
-2.570255
-1.307802
0.870903
-1.435269
3.101614
0.463648
-0.812419
0.588003
-2.170847
1.405648
1.107149
-1.030377
-2.601173
-2.677945
2.452668
2.677945
2.857799
-2.181522
-1.272297
-0.919720
-1.144169
1.768192
2.819842
-2.259721
-1.768192
0.000000
1.339706
0.844154
-0.588003
2.850136
-2.896614
2.356194
-0.785398
0.156602
-1.837048
-0.576375
1.532354
1.487655
-0.551655
-0.732815
-2.914794
1.380808
1.063698
-0.119429
2.910502
2.386488
2.455863
-2.582993
2.259721
-0.260602
-0.661043
-1.951303
-1.217806
