-1.299849
1.854590
1.086318
1.570796
1.980924
-0.205395
1.913820
-0.071307
3.141593
-2.662073
0.106736
0.463648
-2.806856
0.785398
-2.325901
2.704965
-0.321751
-0.090660
2.321725
2.051684
-0.915101
2.587285
-2.253113
-0.442374
2.976444
2.053310
-1.262744
-0.045423
0.158655
1.107149
-1.190290
-2.119346
-1.206817
-1.158386
1.828120
-2.245537
0.785398
1.172274
1.126377
1.570796
-2.034444
-1.315614
0.000000
-2.455863
-2.553590
0.628796
2.944197
-1.997424
-1.325818
-0.165149
-0.847817
2.408778
0.620249
1.742987
2.034444
-0.189988
1.975688
1.723446
-3.104573
1.980924
0.083141
2.654693
2.388441
-3.218365
1.212026
-2.142134
2.098871
-0.970746
-3.141593
0.486899
2.530867
-2.642246
-0.158655
-2.843094
-0.394791
-0.235545
-0.741947
0.321751
-1.815775
1.147942
-1.412141
1.435269
1.325818
0.785398
0.071307
1.759018
1.703348
-1.284745
0.062419
-0.602287
1.373401
2.181522
-1.089909
-0.047583
-2.236766
-3.041924
-1.923787
-1.267911
1.451367
0.512389
-1.532354
3.026716
1.297788
2.677945
2.642246
-1.141034
0.982794
-0.688924
-1.843805
0.837981
0.643501
2.563691
2.308611
-0.049958
2.565217
2.819842
1.480136
1.363300
-2.422763
-1.620755
-0.785398
-1.292497
-3.101614
2.587285
-2.083186
-0.188222
-2.736701
-3.030935
2.422763
-1.249046
-0.540420
1.530818
2.356194
-0.896055
2.073640
-1.742987
2.530867
-1.929567
0.129703
-1.618379
2.750986
2.723368
0.165149
0.000000
2.613518
-0.868539
2.594804
-1.892547
1.892547
0.039979
-0.588003
-0.610726
0.904827
2.446854
2.018316
-0.844154
1.873681
-0.339293
2.176341
-2.607884
2.306236
-2.129396
-0.643501
1.980924
0.179853
-1.570796
2.475623
2.055274
0.174672
-0.309703
-1.685673
0.352990
0.605545
2.034444
-2.169215
0.463648
-1.262744
-1.147942
-2.393215
-3.098142
1.980924
-0.588003
-0.960070
0.625485
1.570796
0.079830
-3.218365
1.107149
1.480136
-0.172191
1.019141
2.976444
0.334737
-1.797595
-1.107149
-2.953371
2.553590
-0.588003
-2.427502
1.172274
-2.697173
-1.107149
-1.723446
2.273053
-1.626295
-1.405648
2.886410
-1.869295
-2.466852
0.982794
0.394791
-2.446854
-0.270947
1.236059
-1.206817
2.645170
-0.950547
-1.919567
-0.388319
-0.982794
-1.854590
1.051650
-2.601173
0.600050
0.372988
2.570255
1.919567
-2.104505
-1.441094
2.145101
-1.134169
2.323948
-1.494024
-1.227772
-2.516108
-2.122451
2.846152
-1.985303
2.231839
-3.141593
2.677945
2.231839
-1.815775
-1.304544
0.571337
1.190290
-1.756144
0.308053
-0.295441
2.411693
2.951604
-2.870646
1.529154
1.325818
-0.574305
-0.148890
2.927532
2.753274
1.494024
1.530818
-2.178598
-1.675673
-1.325818
-0.165149
-2.634494
-1.343997
1.647568
1.465919
-0.283794
2.855541
1.570796
1.012197
0.858439
-1.616220
-0.058756
-1.825979
-2.125104
2.910502
-3.006065
1.335251
-0.257324
1.570796
-3.058451
-2.239086
-2.999696
0.043451
-1.249046
3.009041
0.571337
1.107149
-1.412141
2.782822
1.480136
1.768192
-2.356194
1.797595
2.553590
-1.527345
1.051650
0.000000
-1.237552
-0.321751
-1.789465
-2.239086
-2.064738
0.049958
-0.680521
3.026716
2.437099
2.137526
2.530867
-2.073640
0.043451
-1.856848
-0.825377
0.278300
-1.423718
1.570796
-2.498092
0.345556
0.132552
2.654693
-2.677945
-1.570796
2.034444
-3.101614
2.846152
2.714965
-0.840897
-0.558599
2.976444
-3.064821
-1.460139
-3.022164
-2.574863
0.904827
1.042722
2.914794
-0.588003
1.712693
0.815692
1.272297
-3.079174
2.297439
2.399645
-1.768192
-1.675673
-1.412141
-0.531724
-3.141593
-0.699893
-2.508844
-2.896614
2.956245
-2.638749
-2.896614
2.441700
0.119429
-0.156602
-2.714965
-2.057696
-1.828120
1.080839
0.950547
-0.278300
-1.518213
0.158655
2.498092
-0.295441
3.061763
-2.356194
1.107149
-0.996491
2.483704
-2.158799
-0.390607
-2.081285
-0.380506
-0.956133
2.300696
1.315614
2.203545
-0.432408
-0.643501
1.706324
-1.727398
-1.264917
2.838708
-2.819842
2.461071
2.203545
3.046641
-2.660705
-1.647568
-1.325818
1.570796
1.030377
-3.067654
-2.994514
0.507099
0.574305
2.723368
-0.822418
-2.944197
0.367174
-0.708626
2.536048
2.677945
2.753274
2.073640
-1.570796
-0.388319
-2.018316
-2.677945
-0.514451
-0.244979
-0.996491
-1.227772
-1.212026
-2.741352
-2.000559
-3.030935
-2.966920
-3.026716
-0.358771
0.870903
2.792822
-2.631104
-2.231839
-3.089010
0.197396
-2.819842
-1.405648
1.735945
2.356194
2.622447
0.045423
1.825979
-2.396173
-2.627141
-2.480549
-1.453688
-2.185459
-0.729900
1.831399
-2.838708
2.239086
0.755104
2.508844
-0.699893
-2.976444
-1.284745
0.482513
2.432966
2.506566
1.494024
-0.410127
1.675673
0.426627
1.480136
0.463648
1.231504
1.236059
2.593043
0.822418
2.896614
-1.570796
-1.862253
-1.225241
2.034444
1.088283
0.183111
-2.236766
0.817645
-1.616220
-2.119346
-1.530818
3.011890
-1.789465
1.030377
0.066568
1.876675
-3.089010
-2.629203
-1.451367
-1.176005
-1.892547
-0.610726
1.076855
-1.156289
-1.030377
-0.086738
0.000000
1.937970
-2.427502
2.914794
0.588003
0.158655
-2.711830
-2.798569
-1.267911
0.628796
0.482513
2.060754
0.576375
-0.756835
2.969402
1.428899
2.654693
-2.245537
2.384758
0.188222
1.365401
-0.729900
1.880499
2.746802
1.880499
-2.944197
1.892547
-2.918116
0.904827
0.489957
0.255182
0.394791
1.446441
2.498092
1.359703
-2.761086
-1.919567
-2.034444
-0.753151
1.249046
-1.249046
-3.096169
-3.050933
-0.588003
3.064821
1.441094
-0.876058
-1.905533
2.886410
2.270689
-2.642246
-3.091634
2.316216
2.638749
-1.124691
1.784857
1.039072
-0.207496
-1.723446
0.480887
1.892547
-2.627141
-2.137526
-1.441094
1.249046
-2.319174
1.905533
0.000000
-0.605545
-2.768605
-3.141593
0.620249
2.214297
2.034444
-0.661043
-0.643501
1.158386
-0.610726
2.944197
1.249046
-2.936197
0.832981
0.321751
2.089942
-2.944197
2.701750
0.643501
2.356194
1.768192
-0.512389
1.453688
1.363300
-2.819842
2.356194
2.329174
-0.600050
-3.058451
2.303611
-1.107149
1.490966
-0.076772
-2.446854
-0.129703
-0.388319
1.076855
-3.141593
-2.411693
2.896614
1.690225
2.437099
-2.199593
0.148890
-1.144169
1.910089
-1.124691
1.130954
-3.141593
0.244979
-1.465919
-0.972377
2.770701
-0.643501
0.785398
-0.785398
0.404892
1.071450
-0.718830
-0.394791
2.934096
-1.735945
-0.205395
-1.190290
3.054854
-2.422763
-1.880499
2.654693
-1.304544
-1.961403
2.792822
-1.063698
-0.610726
-1.910089
-1.490966
-2.642246
0.298499
-0.295441
2.191046
-1.804540
-1.435269
1.866237
-0.207496
0.574305
2.466852
-2.616797
-0.507099
2.884269
1.815775
0.214061
-1.695151
2.570255
2.073640
1.629552
2.414950
-1.735945
-2.191046
-2.508844
-0.785398
-2.297439
3.026716
1.325818
0.661043
2.880990
2.245537
2.473303
1.781890
-0.463648
-0.141897
-0.278300
-1.124691
-2.145101
-1.880499
-2.408778
-0.714091
1.570796
0.828849
0.982794
0.726642
-1.080839
0.444419
2.239086
-2.984991
-0.819867
0.704494
-1.700499
-0.394791
-0.919720
1.929567
-1.880499
