0.352133
0.486610
1.454302
-0.534049
-0.319300
-0.438557
-0.523257
-0.772918
1.689695
0.202598
1.470309
1.778256
0.674243
0.310903
0.446265
-0.591669
-1.987572
0.243736
0.010628
-1.596504
1.584523
1.287500
-0.295267
-1.676137
1.715042
1.650105
-1.863771
0.065750
0.390617
0.232365
1.281147
1.485370
1.541608
-0.352543
-0.553358
-0.232730
-0.123156
0.737637
0.331321
0.450931
0.578954
-0.190481
-0.044391
-1.920910
2.147554
0.491932
1.231928
-0.330681
1.450879
0.302591
-0.702432
1.380862
1.362846
-1.822611
0.271576
-0.260325
1.983348
-1.245723
1.421191
-0.418502
0.368628
-0.029318
-0.108035
-0.449311
-0.452451
0.691866
1.559435
-1.905472
-0.097640
1.503243
-0.291456
1.851534
3.803396
0.582724
-0.662084
-0.256414
-0.152421
0.573647
-0.307838
0.377639
-0.051726
0.825918
0.182783
0.569093
-0.000700
1.722654
-0.576002
-0.465436
1.585235
1.522398
0.151319
0.327905
1.335963
-0.092966
0.699183
-0.727952
0.540076
0.157027
0.241724
1.634204
-0.275431
-0.347448
0.423912
0.325742
1.562805
-0.260372
0.567914
-1.855778
-0.123262
1.902979
0.567088
-1.038233
-0.694854
0.438766
-0.585373
-0.141142
-0.202977
-0.318181
-0.313789
-0.115873
-0.209190
-0.155424
-0.379603
0.462163
1.860555
1.846728
-0.450769
0.673529
-0.669362
0.315497
1.412073
0.630740
0.476462
0.645561
2.519901
-4.334239
-0.578899
-0.174284
0.053892
1.521880
0.903409
-0.439621
-0.319535
0.304635
0.403534
0.220705
1.700818
0.220931
1.070945
-0.293062
-0.425295
-0.538776
-0.268945
-1.653364
-0.586902
1.256729
-0.023005
-0.039139
0.537633
-1.617127
0.359399
0.202610
-0.023824
1.520199
-0.788512
-0.394819
-0.271109
0.130845
-0.307019
0.303368
-0.275678
0.706328
0.492878
-0.237198
-0.265002
0.120836
-0.271225
0.444339
1.449243
0.308549
0.004719
-1.833463
-0.362011
-0.588705
0.134714
-0.118894
0.206233
-0.140935
-0.084168
-1.453142
0.469979
-0.264981
0.058542
-0.698414
-0.455874
-1.031812
2.194356
-0.325232
0.052015
2.942717
-0.231222
0.292366
-0.057312
-0.488086
-0.260191
-0.440073
-1.792181
0.314670
-0.062016
-0.270720
-0.395325
-0.402994
-0.256553
-0.689715
-1.847995
-0.554855
0.783788
-0.124048
2.089783
-0.563172
-0.458515
-0.724935
0.647577
0.345445
-0.482959
1.660865
0.779345
0.244958
0.116674
1.612117
0.456107
-2.650403
-1.251474
-0.282940
1.691208
-0.732756
-0.497807
-0.693874
-0.069138
0.026963
-0.433281
-0.412807
-0.128210
0.459915
2.637722
0.297786
-0.801937
0.337336
1.663399
0.320567
0.209392
0.038798
1.642022
0.308366
0.325446
0.440294
0.427857
-0.150982
0.510854
-0.387219
0.060760
0.838679
-0.132693
-0.531088
0.200187
0.280921
-0.292142
0.034585
-1.671508
-0.559117
-1.601726
-0.284728
1.182200
0.515464
-0.736259
1.513166
-1.862655
-0.347847
-0.038059
-1.300096
-1.521420
-0.156103
-0.195721
0.248460
0.084008
1.629288
-0.569321
-0.109109
0.090274
-0.347633
-1.425485
0.256827
0.291069
-1.977342
0.458552
0.426171
0.033051
-0.474012
-0.641016
-0.470884
-0.488312
-0.215986
-0.042020
-0.382946
0.062581
-0.433565
1.379325
1.592638
1.623800
-0.823673
-0.070956
1.463121
-0.375424
-0.107505
0.112095
0.540937
-1.848426
0.555169
-1.563185
1.528230
-0.856617
-3.060785
-0.477110
-1.876086
1.458157
1.361746
-0.133526
1.950243
0.603666
-0.612049
-0.493169
-0.209935
0.532941
-0.409684
-0.674220
-0.051626
0.407361
-2.125239
0.574840
0.304656
0.203686
-0.545984
-0.457046
0.516386
-0.272132
-0.330863
-1.511918
1.530855
0.266454
-0.116476
-0.283518
1.501973
-1.932400
0.286528
-0.567977
-0.099354
0.028263
-0.611021
-0.356341
-0.573864
0.474369
1.399420
-0.541428
-1.875153
0.077293
1.507440
-0.044094
-0.338253
-0.626858
0.308673
-0.774734
0.173352
-0.114496
0.383444
-0.223917
0.285547
-0.409922
-0.320438
1.590006
1.255226
-0.509932
-1.671746
0.299399
-0.206872
-0.054855
-0.403567
0.281383
-0.068483
0.735519
-0.367569
-0.604019
-0.143606
-1.117572
0.451724
-0.783030
1.562945
-0.264977
-0.684839
-0.286783
-0.233090
-0.582345
0.611740
-2.085811
1.735324
-0.700658
0.688046
3.430326
-0.629475
-0.600250
-1.826562
0.193096
-0.347154
1.752464
-0.025577
0.483681
1.443987
0.402922
1.273354
2.980594
1.457906
1.447578
0.177490
0.965596
0.202201
-0.426401
-0.421666
-0.014556
0.152969
0.750346
1.598210
0.395141
-1.834826
1.499408
0.717564
0.135812
-0.065906
1.573035
4.035454
0.611092
-0.228610
-0.365894
-0.713084
-1.270769
1.564720
-0.579211
-0.163841
-0.007139
0.397240
0.007369
-1.085155
-1.508876
-0.342803
-0.265673
0.378455
-1.662322
-1.627040
-0.644654
1.567229
-0.460120
1.833828
0.916263
-0.020903
-1.863218
0.700337
-0.293267
-0.495401
-0.141459
0.261404
-0.709195
-0.148254
-1.896286
-1.176311
-0.478636
0.458548
-0.157253
-0.412769
1.526956
0.651017
0.472448
-0.491623
-0.233932
-0.183804
-0.670829
-0.079709
0.044869
1.742045
0.428596
0.031891
1.401761
-1.236347
0.121168
-0.223041
-0.306919
0.501803
0.321291
0.508314
-0.392778
-0.578985
-0.525878
-0.025428
-0.321295
-0.701462
0.087256
-1.651905
-0.112076
1.389429
1.512251
1.534742
-1.830481
-0.188038
0.403966
-0.175702
-0.162706
-0.284642
-0.283190
1.831051
-0.279065
-0.040017
-0.321366
1.657322
-0.894081
-0.156817
-0.348301
0.213703
0.006483
1.703625
0.351286
-0.210913
-0.685543
0.609262
-0.451755
-0.067701
1.370129
-0.092249
0.262416
0.132828
0.182728
0.410633
1.645258
0.549894
1.726734
-0.243823
-0.581150
0.567532
0.495165
0.613407
-1.356550
-0.140638
0.396011
-0.080156
0.304438
0.250741
-2.570172
-0.190634
-0.513048
0.741542
0.322192
-0.677026
-0.179469
0.514484
-0.310440
-0.470952
-1.839574
-0.553000
0.534716
1.556208
0.011364
-0.338729
-0.360827
0.309131
1.521234
-0.513913
-0.534061
0.342215
0.587087
-0.338368
-0.639423
-0.414526
0.040501
1.405758
1.774751
-1.803386
-0.464400
1.765334
1.038445
1.405442
0.408932
-0.624449
-1.663446
1.344477
-0.259852
-0.058932
0.125242
0.312900
1.462365
1.391750
-0.563349
-0.661656
-0.588197
1.408788
1.689223
-0.193860
-0.747876
-0.007594
-1.927569
-2.027561
0.124366
0.361648
-1.902079
1.497872
1.526591
-0.595049
-0.242880
-0.052223
-0.192238
1.460005
0.616680
0.215035
-0.376102
0.179443
0.321676
-0.156961
0.123143
-0.578363
0.263987
0.596215
-0.416498
1.820511
-0.821155
1.584873
-0.427323
-0.354474
-0.169150
-0.503030
0.162229
-0.254223
0.597826
-0.169847
1.623568
1.525519
0.890534
-2.642551
-0.648271
0.345036
-0.408151
0.225584
-0.124744
-0.499060
0.215256
0.422983
1.380081
0.284265
1.787872
-0.293627
-0.704132
0.331751
-0.460403
0.493342
0.444995
0.760778
-0.626734
-0.747624
1.541021
1.459167
-0.536616
-0.485087
0.029001
-0.344446
-0.129733
1.494625
-0.636602
0.578463
-0.075590
-0.173405
-0.407602
1.245858
0.373836
-0.288492
-0.467524
1.451634
-0.109577
0.028898
0.160104
-0.292237
0.421338
0.429523
1.482835
0.446132
-0.326153
1.619455
