0.031409
0.394925
-0.198717
-2.637230
2.068267
-0.308047
0.365871
0.364525
-1.637207
0.019119
0.632286
0.053233
0.569553
-1.876892
-0.318820
0.077617
-0.403266
-0.323154
2.220416
-0.335882
0.441923
0.318165
1.177421
0.354551
-0.268030
-0.649756
-1.564375
-0.125179
0.415143
0.728532
-0.832122
-0.338454
0.376268
0.803157
0.095118
-2.266194
0.509791
-0.243836
0.223716
0.060856
1.562869
0.502402
0.217033
-0.146891
-0.398273
0.595988
-0.403684
-0.431624
-0.257120
0.579093
-0.017807
0.390492
-2.153566
-0.127302
0.355215
0.087038
2.053457
0.046512
1.689346
-0.251726
0.170271
1.007643
0.786437
0.045931
0.343672
0.046596
0.349201
-0.247160
5.183729
0.288604
0.318393
0.946325
0.308606
1.176212
1.013760
0.335255
0.926413
0.733931
0.669244
0.369217
-0.024787
-0.079267
-0.241734
0.190006
0.032605
-0.419123
0.316402
-0.530494
0.515429
2.102462
0.047537
2.574478
0.566377
-0.133469
-1.422790
-0.409570
2.625700
-0.079393
-0.428644
-0.032308
-2.317105
-0.302664
0.544559
0.138973
0.275420
0.003316
0.765889
-0.930445
0.249406
2.293372
-2.165624
1.060895
1.552147
-0.310580
0.413113
1.763532
0.549866
0.489004
2.757831
0.077175
0.067646
0.060264
-0.375850
0.640008
0.335734
1.067671
0.462629
0.404404
0.064817
-2.100027
0.312947
-0.253139
0.933735
0.564038
1.088832
2.223387
-2.472448
-0.073754
0.227429
0.337827
1.068625
-0.134827
0.604231
0.404516
0.748607
2.758880
0.296092
0.871710
0.926067
0.601966
0.678578
0.131359
0.443878
-0.611505
1.034346
0.135676
0.142743
0.227168
-0.026586
-0.410984
0.404419
0.293332
2.701054
0.357764
0.463358
0.709075
-0.430422
0.280164
-0.273573
0.581907
0.191175
-0.166195
1.217406
0.468847
-0.011212
-0.152364
0.249741
0.382230
0.364989
0.151509
-0.363473
-0.162228
-0.261464
-0.184493
0.938330
1.282164
-0.321197
-1.569040
0.337683
-0.260409
0.192464
-1.378345
-0.192330
0.493592
0.422799
2.475770
-0.089397
1.305623
0.328958
-0.013746
0.379029
-0.312049
0.906686
-0.362867
1.247306
0.287804
1.163604
-1.116901
0.384212
0.435759
-0.317733
-0.188377
0.888721
0.480929
-0.438911
-2.535439
-1.987255
0.352998
0.028282
0.718376
1.052948
0.068700
-1.961108
0.032605
2.589323
-2.170703
0.407847
0.268283
0.214980
2.808640
-0.044407
0.273799
-0.378040
0.350502
-0.367760
0.118963
-0.245522
0.126717
0.430051
-0.043970
0.281470
0.195888
-0.236723
0.043311
-0.338759
0.149147
0.402393
1.579697
-0.801176
0.426462
0.041797
-0.150711
-0.246293
1.209009
2.654662
0.265124
0.540309
-0.144117
0.740311
0.166904
0.052011
0.527208
0.119973
0.904381
0.646576
0.018626
0.427678
-1.646854
-0.174734
0.441253
0.383122
-0.009292
1.409913
0.025327
2.308782
1.278559
-0.462463
0.300630
0.390222
-0.026066
0.876652
-1.611783
-0.438368
1.060907
-0.230495
-0.183299
-0.384814
0.335519
-0.113092
0.284474
-0.281010
-0.268132
1.257646
0.382825
0.739199
0.308176
0.013974
-0.498423
0.320352
-0.061831
1.507045
0.541996
0.156840
0.588634
0.182647
0.292280
0.105490
0.495139
-2.194777
0.222350
-0.088839
-0.138775
-0.429577
-0.600666
2.518028
0.896030
0.797812
0.380710
0.242230
0.095431
0.380875
-0.588958
0.819060
0.139849
1.317785
0.741859
0.440836
1.014506
-0.268462
-0.114528
0.017588
0.247982
-0.426516
0.413591
-0.836317
-0.328114
-0.135571
0.838514
-0.643510
1.754057
0.391750
-0.270597
-0.348752
-0.648892
0.309000
0.231166
0.233835
0.521875
1.048953
0.037289
0.220858
0.197862
-0.246805
0.318737
0.092123
-0.287615
0.481620
0.684586
-0.200440
0.266672
-0.186786
-0.560949
-1.792677
0.307445
-0.124607
0.317205
0.329849
0.500999
0.379259
-0.414906
0.225086
0.041345
0.132495
0.371177
-0.272578
-0.584782
-0.200991
2.844990
0.733258
1.011072
-1.552219
-0.456897
-0.216344
0.073793
0.253377
0.670145
-0.504208
-0.386744
0.853042
1.250831
1.249266
-2.269143
1.204667
0.086560
0.223719
-0.345316
0.417461
0.677520
-0.243197
0.949336
0.057503
-0.209162
1.503376
0.254801
0.056275
0.356715
0.464034
-1.570289
0.708419
-0.409834
0.248463
0.310110
-0.555368
0.117787
0.472408
0.176423
-0.277986
0.407438
-0.252786
-0.502014
0.341313
0.142876
-0.040493
-0.138529
0.083115
0.524179
0.911336
-0.041826
-2.102893
0.041266
2.070713
0.259202
0.379859
0.699339
1.009560
0.276355
-0.436759
0.041463
-0.418037
1.203854
0.530476
0.624922
-0.063137
2.170021
-2.065622
0.045599
0.355395
0.907505
0.171396
-0.118380
0.694293
0.393772
-0.144927
0.443240
-0.275483
0.756116
1.271816
0.069662
0.074802
-0.239335
-0.541101
1.090860
0.083745
1.221591
0.668992
-0.205827
-0.156564
-0.498040
0.362545
0.368418
-0.334665
0.140051
-2.678119
0.491956
-0.561498
-0.007240
1.701461
-0.068040
0.290785
0.179999
-0.308188
-0.321735
-0.144558
-0.073450
0.345975
0.620272
0.390494
-2.237042
0.439493
0.388389
-0.100048
0.119209
0.490964
2.298841
0.301224
1.472488
0.644437
2.611681
0.599901
-0.389185
0.894616
-0.339847
0.202652
-0.365884
-2.772297
-0.064287
0.054811
0.803740
1.621654
-0.406103
1.224808
-0.660446
-0.378689
0.951557
0.888215
0.139867
0.949035
1.023263
0.343498
0.348814
-0.352380
0.948062
0.726716
0.402693
-2.906224
0.750540
0.337495
-0.258749
-0.304032
0.429573
0.882861
0.698452
-0.229669
0.103723
-0.497242
-0.153067
-1.714346
-0.093567
-0.125757
1.548833
0.217137
0.327115
-0.014243
0.380133
-0.043780
0.151441
1.799112
-0.229420
-0.286958
0.207904
0.348040
0.347825
0.177254
0.381138
0.222796
0.371957
2.029618
-0.388779
-0.220194
0.362962
0.405632
-0.078814
-0.568704
0.387061
0.478001
0.032914
0.258144
-0.050109
0.219278
-0.176987
-1.943954
0.236384
0.246123
-0.335018
-2.009282
0.272496
0.298758
0.821044
-2.233588
-0.092446
-2.068156
-0.122720
-0.381409
-0.587117
-1.526116
0.826519
-0.153577
-0.450747
-0.218577
-1.607644
0.372488
0.247172
-0.062726
0.021157
-0.069575
2.176702
0.281846
-0.005919
0.007086
1.942138
-0.000009
-0.149923
0.277547
0.430844
-0.134652
0.691931
-0.373194
-1.931833
0.718868
0.407186
0.697350
0.314736
1.651830
-0.434357
0.124399
-0.013087
-0.485828
1.139624
0.860432
0.323341
-0.014888
2.129823
0.356642
0.744289
0.693869
-0.365154
0.076207
0.372570
0.427946
1.037747
0.493262
0.332888
0.056298
0.363261
-0.284165
1.382706
0.948028
-0.982459
0.656080
-0.315435
1.471958
0.349629
0.026221
-0.172786
0.006346
-0.026318
0.235835
1.701044
1.077861
0.287045
0.421195
-2.295751
-0.092098
-0.084722
0.671155
-0.193665
0.281949
-0.079190
1.577073
-1.732679
0.797480
0.370530
1.001802
-0.389431
-2.219073
-0.017022
0.051970
0.149885
-0.245800
0.066622
-0.660154
-0.149117
0.391862
-0.285877
0.212675
-1.727497
-0.289820
-0.106646
0.692190
0.715843
-0.893297
0.527867
0.178076
-2.370263
0.647221
0.465643
0.066916
-0.267625
0.082627
0.034965
