0.237347
-0.673755
0.258150
0.382337
0.298261
-0.369441
0.247014
0.463938
-0.396463
0.376739
0.178042
0.238071
-0.512811
2.619203
-0.267551
-0.401086
0.197619
0.464578
0.483627
-0.351866
0.420029
-0.405750
-0.028466
-0.110843
-0.281696
-0.325833
0.402069
0.246753
2.197411
-0.088581
-0.022544
0.484702
-0.151996
0.188962
-0.047763
0.071370
0.254351
-0.075764
0.156893
-0.403103
0.016326
0.275257
0.229532
-0.339686
-0.245984
2.111082
-0.031352
-0.515448
-0.183077
0.261872
-0.015640
2.735068
0.396832
-0.259804
0.274645
-0.398792
-0.092881
2.502688
0.411426
-0.359671
0.110613
0.104713
0.335568
-0.042709
-0.255682
-0.268263
-0.084571
2.298503
-0.066188
-0.310176
0.130555
-0.454984
2.627479
0.290374
0.387904
-0.462892
0.386904
-0.422626
-0.005573
0.040079
0.402456
0.048592
0.327449
0.241269
-0.022769
0.439153
-0.382919
0.141618
-0.360417
2.084671
-0.239316
-0.331104
0.379151
0.366499
-0.388428
-0.348266
0.253067
-0.057062
-0.275916
-0.406353
0.042782
0.102410
-0.943862
-0.255873
2.161566
0.188923
0.156445
-0.719554
-0.417827
-0.145485
-0.311803
-0.353479
0.083189
0.073306
0.007152
0.257417
0.041574
0.019242
-0.303709
0.369302
0.272314
-0.483559
0.466923
0.196136
0.323410
2.804618
-0.278770
0.109106
-0.272762
0.094304
-0.785489
2.085611
0.346642
0.442844
-0.336668
0.431712
-0.449361
0.100741
0.140985
0.124416
0.273751
0.296266
-0.134250
-0.340303
-0.239135
-0.158609
0.257953
0.068862
0.061305
-0.608100
0.268669
-0.314364
0.263822
-0.404933
0.088553
-0.074026
-0.274272
-0.222944
0.271089
-0.271888
-0.037244
-0.273346
0.275360
-0.420582
-0.065355
-0.239748
-0.366770
-0.201414
-0.272806
0.400405
0.300826
0.305264
-0.343570
-0.197491
0.096407
0.236345
-0.134199
2.838451
-0.011672
0.531938
0.304782
-0.541119
0.345323
0.353007
0.351280
-0.375438
-0.079639
-0.222090
0.181367
-0.327290
-0.501881
-0.183210
-0.128247
-0.031286
0.085122
0.391992
0.335554
-0.305311
0.155242
2.190157
-0.287660
0.346862
-0.438988
-0.337564
0.304686
-0.027548
0.111081
0.132828
0.321632
-0.338456
-0.004269
0.222787
-0.417704
0.253483
-0.184621
-0.224646
0.439235
0.143939
-0.129605
-0.286353
0.056566
-0.203696
0.118389
0.030877
0.493727
0.161009
-0.364124
0.075725
-0.279357
0.458981
-0.374388
-0.083247
0.161399
-0.234602
0.064803
-0.128572
-0.572719
0.425861
0.399161
-0.099856
-0.099973
-0.273764
-0.278731
-0.253605
-0.347432
0.116889
0.307034
-0.331774
-0.445555
-0.511777
0.111983
0.118288
0.396014
-0.239100
-0.491880
-0.537847
2.072511
-0.043785
-0.465036
0.178437
-0.335920
-0.152727
0.913044
0.167968
0.214506
-0.114394
0.197365
2.750375
0.204406
0.217477
0.435586
-0.195035
-0.151961
-0.494222
0.023170
0.260558
-0.069540
-0.080170
0.311159
0.314689
-0.042979
0.173486
0.165707
0.370217
0.286464
-0.403155
-0.181310
0.077239
0.242465
-0.011749
-0.338745
0.107402
0.002334
-0.080256
0.450860
-0.515972
-0.295501
-0.461439
0.037019
-0.350877
0.393748
0.508292
0.009702
0.110837
-0.269131
0.470153
0.058762
0.021451
-0.468621
-0.037629
0.153754
0.484868
0.401312
-0.204666
-0.185889
-0.232362
0.322008
-0.468855
0.480393
-0.283280
0.293983
-0.559502
0.906360
0.357478
-0.213991
0.201690
-0.499621
-0.085864
0.235399
-0.183102
-0.534969
-0.075588
0.312159
-0.273343
-0.200165
0.141357
0.256784
-0.326430
-0.347005
-0.209759
0.445454
-0.052131
0.220722
0.415747
-0.290316
0.357643
0.374512
-0.281961
-0.415087
0.261980
0.210251
-0.006581
-0.067027
0.115336
0.268306
-0.252615
0.078080
-0.212906
0.174838
0.252090
0.404584
0.759759
0.285763
0.288283
-0.287453
0.159806
0.002737
0.043070
-0.214939
0.428673
-0.141854
0.315777
-0.440412
0.080389
0.322714
-0.259229
-0.459830
-0.280424
-0.228543
-0.390190
-0.253390
-0.459843
0.054077
-0.017297
0.249806
-0.800633
0.031563
-0.267873
0.526420
0.124091
0.191341
-0.113373
-0.157412
0.341065
-0.075897
0.262476
0.083125
-0.369873
-0.496186
-0.017040
0.247143
0.412845
0.410795
0.015644
0.092328
-0.074742
2.815320
-0.302539
0.314235
-0.280316
0.363601
-0.234739
-0.370783
0.029234
-0.144795
0.243608
0.409460
2.675415
0.471871
0.498463
-0.172751
0.000686
0.437989
-0.227367
0.322434
0.014180
0.227347
-0.242814
-0.006883
-0.312336
0.102791
0.300555
0.323603
0.472044
0.108368
-0.242008
0.215543
0.209622
0.281616
0.369463
0.049178
0.011770
-0.258841
-0.267326
-0.298908
0.236509
0.268955
-0.627047
-0.464943
-0.324474
0.049153
0.007034
0.104762
0.158466
-0.306722
0.177368
0.052503
-0.181963
-0.095979
0.417294
-0.386857
0.543975
0.335748
0.157543
-0.756522
0.338251
0.469038
0.359722
-0.031993
0.301952
-0.173943
-0.256399
0.363136
0.375324
-0.114271
0.024644
0.007947
0.286406
-0.462756
-0.447531
0.144082
-0.045376
-0.143457
0.005050
0.284900
0.477456
0.100963
-0.502308
0.504565
-0.234632
2.684470
-0.069057
0.347798
-0.302646
-0.048835
0.383948
2.597326
0.369702
-0.286844
-0.378875
-0.008675
0.277248
0.523298
-0.300456
-0.184861
0.318584
-0.126090
0.197781
0.306322
0.418648
-0.491751
0.297223
0.327662
-0.377408
0.339827
0.374507
0.400830
0.500302
-0.241275
-0.117469
0.198596
-0.129873
0.465278
-0.373260
0.006551
0.363992
0.414687
0.533434
0.236905
-0.242537
-0.164592
-0.475129
0.389184
0.467107
-0.054625
0.184921
-0.144354
0.306560
0.072145
-0.223728
-0.079780
0.330631
-0.268883
0.246746
0.040883
0.236138
-0.213173
-0.559179
0.333662
-0.319286
0.042678
-0.866391
0.330718
0.165501
0.332161
-0.465891
0.157016
0.294154
-0.280369
-0.235554
0.391138
-0.334295
0.144122
-0.368413
-0.177751
-0.235665
-0.215740
0.052106
0.478826
0.357379
-2.603150
0.262643
0.007614
-0.902098
-0.141722
-0.436794
-0.059368
-0.224890
-0.343925
-0.411793
-0.239753
-0.005117
-0.042334
-0.857374
-0.393246
-0.012542
2.035477
2.522701
-0.286666
-0.294836
0.193376
0.311778
0.086947
-0.356630
0.439035
-0.436882
-0.011458
0.089318
-0.156279
0.259577
-0.660262
0.365020
0.298576
-0.346564
-0.375221
-0.370522
-0.304718
0.392762
-0.290781
0.599606
-0.340699
-0.376323
-0.441304
-0.323645
-0.530741
-0.050267
-0.127437
0.375866
-0.496836
-0.059579
0.347438
-0.257299
0.396933
0.069754
0.458691
0.436774
0.377613
-0.301531
-0.297449
-0.202049
0.109595
-0.279674
2.512461
2.754311
2.720703
0.330030
-0.117952
-0.248477
-0.216587
0.433103
-0.895945
-0.211789
-0.125788
-0.632654
0.369352
0.033027
0.415584
-0.240145
0.356064
-0.310489
0.352908
0.169147
-0.020731
0.118224
-0.073248
-0.746644
-0.119093
-0.041820
0.433259
0.457170
0.135389
0.336162
0.416659
0.090138
-0.973467
-0.606105
0.011339
0.013848
-0.326376
0.350772
0.338670
0.335780
-0.324500
-0.224501
-0.165399
0.013129
-0.374912
2.709188
0.314653
-0.288857
0.039841
-0.330435
0.226708
-0.005017
0.399032
-0.282708
0.330698
0.335674
2.682095
0.031911
