0.508990
0.338365
-0.291296
0.103219
-0.540017
0.307414
-0.041526
-0.459575
0.084482
0.246348
-0.277661
0.142323
-0.150453
-0.233422
-0.283268
0.500655
-0.242762
0.473436
0.306292
0.427280
0.003294
0.137391
-0.364540
0.372837
-0.493847
-0.394803
-0.497489
0.315129
0.076575
0.098429
-0.048867
-0.298912
-0.501338
-0.021756
0.125179
-0.197855
0.112502
0.298347
0.261171
-0.322758
0.005266
-0.303858
0.610146
-0.622229
0.094158
0.094939
2.648678
-0.324945
0.323475
-0.178285
-0.252013
0.302499
0.176435
-0.326533
-0.108705
-0.365276
-0.013095
0.460984
-0.198417
0.284851
-0.728298
-0.341514
0.003083
-0.333082
-0.238028
0.233162
-0.294031
-0.506631
-0.315042
0.327167
-0.710973
-0.132464
-0.058530
0.288593
-0.198707
0.388408
-0.434859
0.082787
0.235469
0.547674
0.369189
0.366481
-0.008825
-0.187862
0.098734
0.162094
0.608238
0.358039
-0.335680
-0.729143
-0.172976
-0.316085
2.138611
-0.482151
0.056121
0.071416
-0.064114
-0.655623
-0.165260
0.125193
0.302432
0.090675
0.292484
-0.473247
-0.421745
0.355554
-0.773575
0.156170
-0.591685
0.255639
-0.397933
-0.781040
0.182341
-0.148288
0.557190
0.037702
0.207809
-0.284895
-0.362011
0.122720
0.117405
0.374256
0.443920
-0.226535
0.539446
0.346671
-0.120084
-0.148619
-0.339092
2.661498
0.151966
0.042888
-0.039851
0.137009
0.231017
-0.377710
-0.429734
-0.819740
-0.239036
-0.234506
-0.434948
-0.192282
0.376833
-0.442399
0.229578
-0.532984
-0.363452
-0.521153
2.098110
-0.136606
0.101337
0.023197
0.062378
0.281056
0.005260
-0.257544
-0.110346
0.184301
0.623658
0.332491
-0.597326
-0.260150
-0.204359
-0.080708
-0.383840
0.037963
0.332251
0.072880
0.124244
0.204011
-0.313713
0.042765
-0.025076
0.395613
-0.202581
-0.021792
0.038249
-0.323723
-0.407088
-0.187620
-0.390309
-0.339190
-0.279804
-0.092100
0.297076
0.034017
0.207244
-0.232733
-0.527016
-0.357468
0.320054
0.009044
0.209267
0.294679
0.910725
-0.246616
-0.456606
-0.509173
0.700887
2.574480
0.045640
0.208066
0.440441
-0.891294
-0.204905
-0.297550
-0.283371
0.150284
0.274942
-0.403519
0.218173
0.034691
-0.228389
-0.023432
-0.198037
-0.321379
-0.323821
-0.296928
-0.239853
0.018681
-0.255757
0.029137
-0.372232
0.350841
-0.039971
-0.346783
-0.120332
-0.289152
-0.157171
0.077604
-0.495018
0.106473
-0.219601
-0.049829
0.372708
-0.574082
-0.146288
0.425201
-0.536904
0.117985
-0.391221
0.318532
0.494674
-0.354588
0.253580
-0.890557
-0.317438
-0.400060
0.108204
0.475927
-0.295851
0.238746
-0.603586
-0.564684
-0.198568
0.192267
0.543158
-0.483760
-0.946070
-0.271976
2.191097
-0.405391
0.063148
0.028129
-0.471517
-0.595175
-0.332851
-0.243823
0.242255
0.105124
-0.400504
-0.225277
0.105717
-0.386290
0.219661
0.404174
-0.371198
-0.670910
0.212026
0.105471
-0.157943
0.437117
-0.161744
-0.306453
0.342288
-0.098736
-0.010554
0.296461
2.655578
0.173313
0.001243
0.369436
0.221972
-0.414221
0.059499
0.705026
-0.359731
0.354338
0.187772
-0.304894
-0.388721
-0.579510
-0.401317
0.320363
0.032395
0.277898
-0.062362
0.402235
0.088155
-0.275354
0.371496
-0.096278
0.119627
0.082662
0.021856
-0.527125
-0.239879
0.417379
0.307913
0.323977
0.244843
-0.497684
-0.095197
-0.334453
0.384300
0.087270
-0.241749
-0.332013
0.307219
-0.262399
-0.390622
-0.046135
0.136581
0.054412
0.364734
2.639468
-0.193272
-0.325341
0.276489
-0.385984
0.244050
-0.251174
-0.291747
0.529012
0.008428
-0.158506
-0.129407
0.258284
0.322857
-0.362934
-1.256023
-0.402530
-0.123397
-0.126995
-0.349909
0.388830
0.354690
-0.427545
-0.822064
-0.166623
-0.670834
-0.316180
-0.552059
-0.269416
-0.233655
-0.422371
0.347217
0.087008
-0.020746
-0.268491
0.217872
2.026410
-0.315469
-0.594783
0.160103
0.058626
-0.214276
-0.285086
-0.681843
-0.273204
-0.376579
0.168208
-0.029334
-0.341122
0.165614
-0.150661
0.353930
0.087352
0.277510
-0.366963
-0.517975
-0.323259
0.284707
0.067975
-0.322642
0.405800
0.481734
0.494180
0.379503
0.148975
0.231903
0.246981
0.408542
0.324323
0.138399
-0.099325
0.365637
-0.239478
-0.185077
0.546178
-0.713085
-0.010161
-0.493868
-0.462165
2.610133
0.539473
0.258467
0.149205
-0.303677
-0.397660
-0.249571
-0.146001
-0.017890
-0.212551
-0.947023
-0.501633
-0.290317
0.080627
0.228349
-0.189730
-0.316740
0.401757
0.453771
0.418529
-0.107306
-0.649737
0.049175
0.024458
0.197552
-0.450774
0.311359
-0.383929
0.328485
-0.200235
0.391562
-0.249590
-0.525689
0.123116
-0.868105
-0.416573
0.057102
-0.359581
0.144152
0.029549
0.037969
-0.345168
-0.052418
-0.134564
-0.461690
-0.232202
0.195499
-0.006277
0.383230
-0.014236
-0.434795
0.402885
0.263429
-0.065851
-0.237223
-0.324959
-0.057399
-0.450463
-0.093701
-0.383705
0.374563
-0.130946
0.071871
-0.220269
-0.500134
0.107522
-0.014818
-0.188557
-0.007846
0.351895
0.217947
-0.355556
0.135938
0.407455
0.460356
2.723243
0.387138
-0.647432
-0.365240
-0.306598
-0.346438
-0.309197
-0.412012
0.478084
-0.467416
0.100442
-0.431784
-3.153102
-0.312045
-0.154622
0.112853
-0.040502
0.131464
-0.299636
0.506933
0.327026
0.105119
-0.132696
-0.428294
0.312982
0.408858
-0.648988
0.248139
-0.536166
0.374614
-0.090184
-0.125550
-0.101222
0.440914
-0.330018
0.480747
0.159398
-0.883455
-0.297513
-0.320999
2.765633
0.076569
0.293898
0.385904
-0.422232
-0.232679
0.451644
-0.371892
-0.313464
-0.292748
-0.175950
0.257771
0.040527
-0.429748
-0.214338
-0.243724
0.005692
0.260365
0.152479
-0.363169
0.545324
0.022099
-0.490908
0.080106
-0.010723
0.800517
0.534575
0.187384
0.167767
0.033797
-0.106815
0.159063
0.349703
-0.414726
-0.179424
0.125162
0.150670
-0.534825
0.466346
-0.054262
-0.150277
0.489495
0.468561
-0.154947
-0.203394
0.170100
0.044467
0.328313
0.295856
0.102460
-0.468432
2.554365
0.202204
0.099178
-0.439425
0.001628
-0.147413
-0.008249
0.307952
0.345799
0.366935
-0.387174
2.630240
-0.037048
-0.087794
0.057203
-0.225334
-0.395665
-0.230682
0.400162
0.434366
-0.355393
-0.304353
-0.130767
0.170200
-0.196836
0.073523
0.018148
0.196322
-0.821605
0.510973
0.215041
0.035591
0.364921
-0.188516
-0.308010
-0.344123
-0.004978
0.230545
-0.319788
0.187083
-0.371427
2.655014
-0.223747
-0.206292
0.260497
-0.378707
0.074942
0.173131
-0.423195
0.293504
0.179260
0.059762
-0.011074
-0.133033
0.509291
-0.177396
0.133569
0.071004
0.129215
0.296636
0.151642
0.079268
-0.264089
2.321315
-0.389659
0.270927
-0.590564
0.014720
-0.195846
-0.409463
0.146738
-0.186779
0.457476
-0.452185
-0.176655
-0.342582
-0.323019
-0.120418
-0.311160
0.127716
-0.220184
-0.087862
0.243901
0.351813
-0.382760
0.334207
-0.548464
0.379037
0.556061
-0.335357
0.209882
0.207664
-0.372049
-0.239779
-0.577459
-0.381059
-0.474956
0.314654
-0.434325
0.179551
0.363313
-0.209429
-0.394722
-0.108495
0.455105
0.197362
-0.435779
0.256730
0.317665
-0.074291
