0.369977
0.392433
-0.304007
-0.280363
0.115976
-0.029060
-0.207694
0.001699
-0.270276
0.369659
-0.399643
-0.153193
-0.883408
0.314340
0.390454
-0.336664
0.378884
0.399444
0.180280
2.769150
-0.298248
-0.610744
-0.145430
0.527357
0.279450
-0.215326
0.410709
0.282049
0.447377
0.408597
-0.539883
-0.196609
-0.485806
0.141766
-0.280933
0.102084
0.234686
0.528277
0.537952
0.383046
0.475950
0.190901
0.504753
0.281785
-2.337587
0.417536
-0.619093
0.123813
-0.358111
0.242977
-0.197942
-0.432029
-2.115252
0.419851
0.390325
-0.012213
-2.198389
0.765408
-0.418313
0.289626
0.379880
0.202530
0.077772
-0.164236
-0.142637
0.465799
-0.478111
0.346523
0.158682
-0.411542
0.011154
0.147673
-2.498035
0.348291
-0.229541
0.390144
0.281294
0.311880
-0.109718
0.721122
-0.022539
-0.198673
0.368465
0.427543
0.202022
-0.187453
-0.056716
-0.279272
-0.277158
-0.419357
0.424474
0.502058
-0.202455
2.281290
-0.847834
-0.318702
0.381322
0.783498
0.815766
-0.431809
0.384414
0.087073
0.634803
0.246439
-0.297848
-0.035795
-1.373433
0.427278
0.224090
-0.207025
0.380094
1.130621
0.052158
0.201482
-0.186979
0.208675
0.147966
-0.116260
0.426739
0.009999
0.099637
0.131972
-0.192998
0.385473
-0.318197
-0.302262
-0.228734
-0.907750
-0.250926
0.222019
-0.278220
0.443036
0.343328
-0.757521
-1.897921
2.967539
-0.186485
0.273133
0.300783
-0.397567
0.443190
-0.060143
-0.127575
0.204848
0.376960
0.364415
-0.319090
0.736252
-0.439639
-0.022472
0.085785
0.326707
0.004472
2.782696
-0.349355
-0.180753
0.417792
0.228251
0.479030
2.796439
0.683669
0.178384
0.051357
-0.350595
-0.297411
-0.065287
0.197442
0.624907
0.044615
-1.957617
-0.016618
-0.821750
0.598825
0.328772
-0.056825
0.304492
-0.029669
0.645783
-0.567354
0.373447
0.145708
0.400002
-0.175464
-0.120422
0.211801
0.097940
0.415202
0.086510
0.191059
0.895079
0.593221
0.082112
0.187711
-0.021738
-0.045220
-0.276527
-2.027800
-0.086370
0.311623
-1.448543
0.207979
0.448191
0.389993
-0.366419
-0.052701
-0.142335
1.726203
0.253187
0.000588
0.457487
-0.133202
-0.114437
-0.012037
-0.103385
0.413283
0.534936
-0.395694
0.026949
-0.003827
-0.167162
0.097223
-0.106803
0.631942
0.337055
-0.222792
-0.246870
-0.452105
0.410577
0.989949
-0.394950
0.556416
-0.010720
0.848971
0.409159
-0.156279
-0.349260
-0.349438
-0.323776
0.268026
-1.972564
-0.242584
0.523664
0.063464
0.363429
-2.062339
0.348017
1.964163
0.412501
-0.092299
0.170981
0.131239
0.341215
0.190907
0.459695
0.405492
0.429927
0.433887
0.124403
0.366038
-0.069710
0.099087
-0.244827
0.408147
0.187081
0.180130
0.184022
-0.052220
0.137459
2.747161
-0.176769
2.750023
0.589430
-0.558580
0.471998
-0.400474
-0.451906
0.271504
0.062544
0.399651
0.783354
2.673912
-0.000240
0.221467
0.622554
0.733684
-0.285568
0.077321
0.139884
0.175858
0.453263
0.951974
0.146122
0.193510
0.440743
0.578204
0.377134
0.151683
-0.226196
-0.299338
-0.240762
0.058124
-0.101062
0.146869
0.068791
0.129536
-0.201613
-0.343597
-0.248236
-0.407743
0.117631
0.034513
-0.229586
-0.147093
0.233818
0.173990
0.511259
0.360799
0.417628
2.787277
-0.365334
0.173990
3.210145
-0.251552
0.451779
-0.237607
-0.433646
-0.003824
0.026383
0.112094
-0.367644
-0.312566
0.128068
0.512962
-0.058376
-0.387471
1.718555
0.603208
2.031360
0.438252
0.064372
0.129406
-0.072938
-0.083717
0.278439
-0.113918
-0.082851
0.800586
-0.357485
0.510500
0.669944
-0.208289
-0.473007
0.328652
0.786919
-0.093089
0.107674
0.174905
-0.414724
-0.197887
-0.359939
0.342566
-0.334851
-0.029037
0.442577
0.197706
-0.325869
0.769094
-0.031877
-0.065849
0.471439
-0.275228
0.391743
0.169356
0.312821
0.170466
-1.041148
0.170301
0.012378
-0.382858
-0.083748
0.376945
1.374464
0.397409
0.075522
0.286911
-0.078682
0.068114
0.177673
-0.841323
0.453546
0.450957
0.110835
1.247299
0.319487
-0.083977
-0.336928
0.572264
0.003950
0.391542
0.174932
0.138701
0.322356
0.623663
-0.226508
-0.379056
0.599308
-1.060650
0.064504
0.003183
2.993239
0.443155
0.366536
-0.233529
0.567975
0.433481
-0.443065
0.131350
-0.636462
-3.041753
-0.394424
-0.473012
0.603677
0.116634
0.203194
-0.223508
-0.247803
0.237940
0.113957
0.844648
-0.082157
0.451898
2.556892
-0.367614
0.418512
0.194034
0.103509
-0.145840
-2.509809
0.716067
0.267898
-0.071808
-0.263622
-1.119997
-1.976478
-0.248753
0.116776
0.576052
0.411933
0.066292
1.042796
0.829563
0.125499
0.063272
0.406427
0.339693
0.354014
-0.383041
-0.352415
-0.070388
-0.213664
0.660795
-0.038761
0.462471
0.744507
0.190180
0.335680
0.205588
0.241688
0.141710
2.247330
0.527816
-0.575568
-0.093187
0.265563
2.126730
-0.205600
-0.298840
-0.762943
0.507223
0.337369
0.175956
0.297782
-0.014310
0.182402
0.757362
-2.329317
0.492625
0.241381
-0.288638
0.767205
0.291312
0.184119
-0.117180
0.647033
0.741874
0.445822
-0.059014
-0.316044
-0.318062
0.106440
-0.018544
-0.316149
0.063459
2.609015
0.288114
-0.320599
-0.287587
-0.332756
0.398586
0.163382
0.256651
0.560626
0.083547
0.140523
0.067407
-0.445999
-0.113874
0.112015
-0.071231
-0.482992
-0.108536
0.217447
-0.297630
0.465590
0.679316
-0.159033
0.534563
0.131297
0.039733
0.200937
-0.175664
0.270501
-0.508172
0.216337
0.193651
0.693900
0.265934
-0.081811
-0.343338
0.671614
-0.309544
0.056989
0.896095
0.347674
0.596828
0.378707
0.886129
0.240178
0.401573
0.313912
0.481272
0.257605
1.835148
0.309262
0.137631
-0.930603
0.553632
0.198772
0.115825
0.389590
0.239370
-0.141624
0.473047
-0.290844
0.375942
-0.289493
0.217799
0.221160
-0.067071
0.621933
-0.238218
-0.248199
-0.369777
0.282402
0.537548
0.408241
-0.460805
-0.265455
0.093340
-0.487876
0.109858
0.558593
-0.247269
-0.251250
-0.339372
-0.203120
0.362601
-0.286820
2.812918
-0.201721
0.346919
0.148359
0.244361
-1.134821
-0.574595
-0.608419
-0.314633
-0.104743
-0.131167
-0.552667
0.180160
0.073537
-0.433231
0.214728
0.444777
0.741399
0.239506
0.404634
2.555733
-0.478921
-0.344643
-0.131177
0.089085
0.024646
-0.010637
-0.313372
-1.781945
0.248931
-0.066870
0.226063
0.353524
0.121572
-1.738008
0.103728
-1.668687
0.665474
0.017025
0.070933
-0.062997
-0.300378
-0.066980
-0.078119
0.033893
-0.112709
0.404046
-1.006265
0.356265
0.125532
-0.321884
-0.353709
0.234069
1.685198
-0.285686
0.677905
-0.067421
0.208021
-0.064862
-0.204332
0.066762
0.167806
-0.626100
0.245322
-0.044012
-0.095501
-0.239580
0.322217
0.057248
0.303500
0.419271
-0.752784
0.638082
0.006895
-0.470923
-0.421800
-0.041763
-0.354864
0.215500
-0.029923
0.103966
-0.365032
0.207867
0.533599
-0.041623
-0.023429
-0.227571
1.192987
0.207131
0.198357
-0.332007
-0.173368
0.105052
0.584228
0.634018
-0.033622
0.352621
0.283446
-1.980146
0.257983
-0.116967
-0.261057
