0.303673
0.339149
0.384402
0.638753
0.248716
-0.431853
-0.063295
0.453092
-0.319195
-0.975253
-0.003889
0.371236
0.426627
-2.233584
-0.298869
0.951030
0.192751
0.461925
0.624064
-0.485272
0.574444
0.894936
0.059776
-0.169849
-0.500697
-0.454268
0.522706
0.323914
-1.505200
0.048553
-0.022727
0.537580
1.103282
0.000075
-0.147857
-0.198780
0.425967
-0.075111
0.410984
0.419579
-0.061257
0.558466
0.397495
-0.308478
-0.501369
-1.899377
-0.151485
0.790382
-0.438436
0.515217
-0.079230
-2.149856
0.597138
1.133270
0.407284
0.809831
-0.062642
-2.342669
-1.116711
1.153251
0.160086
0.209228
0.547112
-0.167375
-0.615594
-0.357694
-0.285523
-1.681317
-0.239826
-0.316970
0.205281
-0.346178
-2.534935
0.471037
0.429351
0.797326
0.400761
0.941802
-0.473272
0.263412
-0.987894
0.149775
0.251741
0.168109
-0.141163
0.492622
1.038191
-0.032891
-0.393390
-1.749401
-0.312068
1.079990
0.545369
-0.809167
-0.501426
-0.367494
0.505713
-0.115853
-0.363753
0.926028
0.289533
0.016470
0.306710
-0.279097
-1.534703
0.200861
0.343539
0.186619
0.918981
0.971894
-0.253748
1.179835
-0.061805
0.016416
0.008823
0.416137
0.129925
0.313535
1.101198
0.433005
0.289419
0.649266
-0.845727
0.192203
0.419117
-2.220979
-0.509982
-0.125121
-0.308311
0.148754
0.098114
-1.828275
0.649168
-0.956874
1.029394
0.540595
0.893246
0.146205
-0.002180
0.123090
0.594073
0.374391
1.176043
1.005248
-0.175018
-0.479928
0.367848
-0.156136
-0.051435
0.881770
0.018982
0.979361
0.293241
0.913148
-0.328917
-0.102911
-0.521522
0.929357
0.551064
0.813854
-0.121397
1.013406
0.464271
-0.383298
0.140468
-0.259193
-0.364888
0.966924
0.904230
0.651477
0.581288
0.215866
-0.277009
-0.373638
-0.041410
-0.003999
-0.056934
-2.341827
-0.283345
-1.042459
0.450833
0.386587
0.584044
0.244884
0.246691
-0.445242
-0.112492
-0.562938
-0.206887
-0.502004
0.911408
-0.422315
-0.490960
-0.224362
0.072269
0.491817
0.564818
-0.266596
-0.211226
-1.625173
0.879544
0.562070
0.906324
1.016173
0.112653
-0.057902
-0.056268
0.100727
0.442868
0.976294
-0.059269
-0.136146
-0.401938
0.518911
-0.312050
-0.209526
0.611955
-0.120363
-0.202107
-0.426446
0.064016
0.905475
0.088128
-0.193842
0.088643
-0.229064
-0.395793
0.294008
1.056095
-0.937204
-0.394712
-0.257863
0.132066
-0.379616
0.071998
-0.254714
0.778826
0.274799
0.566875
-0.239924
-0.019700
-0.204410
-0.327668
-0.341080
0.898252
0.221196
0.632771
-0.230170
0.680638
1.034253
-0.315793
0.160585
0.545909
-0.383304
0.669763
0.502957
-1.911297
-0.032145
-0.483914
-0.029116
0.844328
-0.033977
-0.339518
0.665266
0.165364
0.072559
0.529811
-2.114255
0.353761
-0.308014
0.572336
-0.337976
-0.342952
0.860694
0.135457
0.564237
0.170488
-0.231277
0.625748
0.469708
1.194336
0.531581
0.108009
0.584807
0.433082
0.823282
-0.116621
0.409030
0.239641
-0.364872
-0.169673
0.090014
-0.465629
0.171300
0.582489
0.834164
-0.407807
0.970841
0.052086
-0.543265
0.237749
0.539928
0.139823
0.054431
-0.243929
-0.661533
-0.205418
-0.028688
0.954656
1.182915
0.572774
-0.778279
0.544156
-0.466840
-0.123450
1.063242
0.283458
0.987392
0.329682
0.954328
0.502067
0.978115
-0.999316
-0.928838
-0.323865
0.291170
0.743586
-0.099494
0.677864
-0.296343
0.746619
-0.063210
0.370988
1.022891
-0.294776
0.398845
-0.082375
-0.369087
-0.386423
-0.350504
-0.973228
-0.187031
0.675952
-0.820692
-0.317210
-1.001849
-1.066005
-0.295061
1.024963
0.354464
0.471885
0.038196
0.044888
-0.067071
0.532699
-0.243019
0.102370
-0.269052
0.280135
0.463049
0.281244
-0.206004
0.492428
0.380212
-0.269225
0.509584
0.268523
0.077108
-0.348702
0.526525
-0.583917
0.367522
0.658779
0.278022
0.579144
-0.410833
0.887349
1.005204
-0.280945
1.115112
-0.369818
0.745767
0.117221
-0.144262
0.033797
0.184098
0.069032
-0.184939
0.481973
0.321804
0.361010
-0.368431
-0.289229
0.422602
-0.266151
0.502040
-0.003953
0.946344
0.882156
0.119309
0.127805
0.732290
-1.038437
-0.100310
-0.254823
-0.064094
-2.219305
-0.366754
0.555535
-0.428234
-0.950483
1.056605
0.996010
-0.043448
-0.306318
0.680045
-0.901173
-2.540283
0.534796
-0.901892
-0.172641
-0.015666
0.468004
-0.351112
0.024392
0.871513
0.244873
-0.349947
-0.304285
0.947489
-0.076165
0.326831
0.241648
-0.848361
-0.052850
-0.454796
0.001307
0.417111
0.648905
-0.829618
-0.113465
-0.098521
1.035924
-0.447133
1.151406
0.641135
0.480177
0.711118
0.964388
-0.474718
-0.200564
0.015903
-0.008615
0.133602
-0.531337
0.193545
-0.052056
-0.370086
-0.462446
-0.943401
0.747789
-0.984094
-0.835271
0.103958
0.198164
0.546673
-1.003549
-0.824402
-0.109894
0.434899
1.147166
-0.475872
0.596981
0.729920
-0.277875
-0.131696
-0.076250
0.391664
1.076757
0.836426
0.247059
-0.341373
-0.128076
-0.159351
-0.779853
-0.892369
-0.412752
0.989770
0.549118
-0.283575
-2.210218
-0.281123
0.607108
1.014367
-0.287874
0.730152
-2.496195
0.350867
-0.363894
0.956766
-0.080931
0.468508
-0.927142
-0.426511
-0.352051
0.389928
-0.029052
0.388873
0.473398
0.145837
0.873320
0.316723
0.398147
1.120614
0.570155
0.553015
-0.842903
0.282613
-0.438137
-0.430037
0.092129
-0.336424
0.654958
-0.431852
-0.062012
0.519049
-0.946580
0.372102
-1.028961
-0.316755
-0.521836
0.931157
0.276208
-0.903504
-0.169775
0.378438
1.171855
0.219522
-0.115398
1.054939
0.181740
0.296365
-0.514906
0.271406
-0.013004
0.191361
-0.431596
0.577771
0.049774
-0.224240
0.143640
0.279471
0.516884
0.062611
0.304010
1.041315
-0.172145
0.454577
-0.377344
-0.217298
0.544746
-0.318866
0.088853
1.005649
-0.385545
-0.203186
-0.255063
-0.321333
0.465160
0.659339
2.309491
0.163633
0.168298
0.255952
-0.060101
-0.294335
-0.165602
-0.485185
-0.438532
0.947643
1.103854
-0.101020
-0.125817
0.208231
-0.332898
0.117345
-1.832087
-2.559165
1.012913
-0.352222
0.474773
0.437179
0.019625
-0.264157
0.524613
1.024188
-0.219192
0.052578
-0.332690
-1.024219
0.382455
-0.891934
-0.774708
-0.315300
0.961007
-0.372154
-0.290109
0.536287
-0.647787
-0.715595
-0.339275
-0.280855
0.856661
0.890228
0.521191
-0.353427
-0.274800
0.245509
0.938649
-0.258704
0.341974
1.038805
0.567698
0.106991
0.567075
0.659813
0.481578
-0.370950
0.985873
0.812039
0.063161
-0.417515
-2.489428
-2.246957
-2.194269
0.614750
-0.198768
1.019949
-0.261016
-0.967201
0.104952
-0.359219
-0.284346
0.603149
-0.740820
-0.103105
0.461933
0.907274
0.498519
-0.407250
0.329148
0.230908
0.099431
-0.024507
-0.226874
0.207665
-0.030633
-0.315447
0.538946
0.660400
0.249080
0.566735
-0.948572
-0.043612
0.309155
0.728188
0.084498
0.142218
-0.328657
-0.859036
0.512662
0.391436
-0.484217
-0.356136
0.951825
-0.146406
0.926526
-2.348400
0.419156
-0.464833
0.044918
0.952784
0.026754
-0.124296
0.662202
-0.328083
-0.962371
0.530779
-2.178012
-0.121319
