0.384874
0.434641
1.056011
-0.294379
0.064126
-0.185764
-0.523408
-0.418564
1.012304
0.462597
0.951064
0.994033
0.207490
0.611631
0.453890
-0.199818
-0.927776
-0.187573
0.052050
-2.231185
1.045978
0.518903
-0.097627
-1.107554
1.107524
0.997589
-1.120981
-0.028080
0.511239
0.232069
0.479830
0.981657
1.006376
-0.254440
-0.372440
0.179517
-0.218371
0.135826
0.649400
0.012624
0.528753
-0.452557
0.244033
-0.891830
0.084581
0.486499
0.741529
-0.388734
0.937071
0.318005
-0.310624
0.924314
1.738391
-0.803240
-0.179457
-0.133078
1.648282
-0.437697
0.879973
-0.757278
0.612312
0.255277
0.140455
-0.056914
-0.193549
0.606800
0.978221
-0.843061
0.128602
0.856427
-0.026396
1.224769
1.517087
0.468865
-0.471673
-0.678036
0.081578
0.517909
-0.321651
0.397081
0.123462
0.375888
-0.041542
0.573582
0.064918
1.038738
-0.587598
-0.303044
0.841178
1.041695
-0.209196
0.485064
-0.090512
-1.441345
0.112663
-0.316008
0.502405
-0.714923
-1.167809
0.986687
-0.096312
-0.055312
0.584106
0.284503
0.965652
-0.185739
2.775712
-0.903936
0.220440
0.946648
-0.003942
-1.529162
-0.366710
0.597304
-0.448548
-0.078376
-0.148174
0.037548
0.010294
-0.111326
-0.461300
0.178016
0.096321
0.558032
1.145890
0.824650
-0.515123
0.253908
-0.390202
0.529388
1.002599
0.534096
0.557881
0.297486
1.210876
-0.661448
-0.566659
0.146831
0.157596
0.951088
0.358531
-0.838701
-0.169017
0.494605
0.562583
0.434032
1.172474
0.267335
0.652767
-0.068383
-0.277438
-0.221599
-0.162395
-2.248703
-0.424892
0.315583
-0.250948
-0.153816
0.368279
-2.338080
0.185444
0.387361
0.289645
0.998977
-0.377464
-0.312182
-0.388500
-0.269434
-0.025302
1.420058
0.004741
0.324714
0.681934
-0.237421
-0.005240
0.190898
-0.083965
-0.034625
1.008360
0.438329
0.245342
-0.804688
-0.360255
-0.466000
0.099200
0.208965
0.469366
-0.062933
0.204079
0.391324
-0.292915
0.039440
0.297087
-0.409344
-0.493551
2.884372
1.759993
-0.011645
-0.723076
0.883301
0.206876
0.502328
-0.160030
-0.332977
-0.142652
-0.248492
-0.877640
0.386148
-0.149536
-0.004479
-0.571589
-0.187198
-0.083236
-0.284348
-0.874971
-0.363671
0.318121
-0.146578
1.052216
-0.324798
-0.140106
-0.454685
-0.170854
0.339307
-0.240665
1.061281
0.503095
0.456193
0.380714
0.801002
0.387687
2.113259
-1.527257
0.012380
1.123833
-0.367237
-0.233112
-0.589161
-0.669952
1.480072
-0.316360
0.001703
0.073874
0.607107
0.717539
0.231145
-0.647064
0.352883
1.167459
0.352456
0.414822
0.099757
-0.145388
0.470708
0.054822
0.624984
0.242412
0.265414
0.524374
-0.292444
-0.004667
-0.039231
0.156026
-0.128060
0.271736
0.356272
-0.086380
-0.521993
-2.077988
-0.416604
-2.214686
-0.254841
0.699015
0.551585
-0.405094
1.033259
-0.902315
-0.382838
0.281526
-0.501996
-2.181690
0.158899
-0.628858
0.423018
0.315221
0.922487
-0.430578
-0.227666
0.348062
0.052980
0.300110
0.302111
0.450121
-0.844452
0.274510
0.651449
0.217122
-0.291181
-0.183045
-0.285691
-0.300010
0.032830
0.158512
-0.298508
0.057396
-0.486424
0.770287
0.980696
1.141523
-0.427804
0.255584
0.954972
-0.086059
-0.497566
0.295234
0.616079
-0.918352
0.657678
-2.273019
0.977973
-0.473388
-3.015808
-0.304066
-0.935620
1.065900
0.803776
0.185876
1.232102
0.690568
-0.289793
-0.418750
-0.606932
0.330941
-0.188986
-0.335558
1.051314
0.547920
-0.228399
0.654723
0.376361
0.304648
-0.241049
-0.637873
0.628019
-0.166501
-0.203704
0.397649
0.911485
0.377671
0.257656
-0.201009
0.945292
-1.069519
0.533175
-0.296641
-0.216445
0.023920
-0.315511
-0.196274
-0.285224
0.258959
0.932327
-0.663990
-0.870010
0.205124
0.912253
0.108018
-0.730218
-0.344017
0.505478
-0.446848
-0.028526
0.137018
0.574392
-0.003128
0.939392
-0.034290
-0.085016
1.088391
0.889059
-0.209932
0.675755
0.483335
-0.090457
-0.753185
-0.233881
0.439580
0.103239
0.397890
0.040270
-0.869287
-0.238616
0.294839
0.613565
-0.366807
0.981815
0.220668
-0.449746
-0.862349
-0.080111
-0.224266
0.421147
-0.968957
0.961711
-0.340156
-0.092339
-0.784178
-0.177049
-0.304149
-2.201556
0.348793
0.047941
1.040421
0.278026
0.564798
1.036556
0.518420
0.621015
2.687944
1.105886
0.426620
0.391734
-0.068821
0.369839
-0.458553
-0.164778
0.239175
0.256577
-0.283564
1.025644
0.297090
-2.658068
0.886612
0.529381
-0.191028
-0.020798
0.612901
0.977007
0.092390
-0.225530
-0.058254
-0.385349
1.731707
1.262364
-0.291924
-0.180978
0.164891
0.527704
0.115386
0.419665
0.094805
-0.369075
0.033913
0.546665
-0.778654
-1.308546
-0.398715
0.998900
-0.195637
0.998821
-1.498473
0.033727
-0.815165
0.063712
-0.064527
-0.184491
-0.230856
0.366366
-0.401293
-1.591318
-0.879017
2.990997
-0.200345
0.474182
-1.504446
-0.243409
0.929090
0.121232
0.387704
-0.073195
-0.140900
-0.470059
-0.643942
-0.071061
-0.600567
1.760148
0.748787
0.155864
0.782357
-0.661925
0.071628
-0.154179
-0.096778
-0.216855
-0.265674
-0.372281
-0.574103
-0.355605
-0.322885
0.113845
-0.143282
-0.511826
0.018931
-2.205689
0.163509
0.762949
0.989440
1.050337
-1.025321
0.006272
0.490041
0.141839
-0.140876
-0.580925
-0.384975
0.910339
-0.308212
-0.180950
-0.002816
0.759204
-0.382609
0.185355
-0.732897
-0.049168
0.148875
1.123848
0.143077
-0.003724
-0.219335
0.460791
-0.298476
-0.203200
0.825822
0.245655
0.285580
0.377389
0.419647
0.919134
0.901674
-0.228944
0.874597
0.069949
-0.541751
0.221842
0.569032
0.642876
-0.326310
-0.270212
0.675943
-0.053389
0.493272
0.377596
-0.182992
0.254908
-0.136996
0.364560
-0.024546
-0.350884
0.039218
0.595870
-0.809924
-0.172244
-0.986422
-0.379741
0.702218
0.982807
0.254099
-0.097735
-0.128029
0.537130
1.036681
-0.333630
-0.216958
0.042092
0.163350
-0.112497
-0.436571
-0.300091
0.150467
0.866990
1.145691
-0.777901
-0.254560
0.628393
-0.098402
0.960382
0.376418
-0.325645
-2.093613
0.928218
0.041790
-0.232065
-0.061474
2.752381
0.918504
0.725552
-0.303179
-0.279119
-0.294474
0.837710
0.548345
-0.129043
-0.447753
0.017514
-1.020010
-0.998186
0.336001
0.420405
-2.534584
0.890322
0.974267
-0.297100
0.035280
0.052991
-0.002640
0.832317
1.585687
0.475401
-0.188741
0.019841
0.493318
0.205565
2.417161
-0.341276
3.356051
-0.491324
-0.200932
0.777254
-0.576718
1.035535
-0.274480
-0.441950
-0.000795
-0.302251
0.066119
0.762820
0.550237
-0.289278
1.119322
0.599970
-1.961925
-0.548487
-0.280611
-0.146984
-0.125936
0.339384
0.038414
-0.412745
0.429243
0.457782
0.666085
0.351034
0.889199
-0.095948
-0.331501
0.524184
-0.183726
0.356733
0.267491
0.299214
-0.563407
-0.435427
0.867707
0.940616
-0.157184
-0.372772
0.088125
-0.727640
-0.060706
0.903427
-0.271938
0.638777
0.082236
-0.045133
-0.391985
-1.038996
0.270569
0.036746
-0.656668
0.995360
0.009817
0.261178
0.337527
0.039552
0.504622
0.641968
2.112880
0.359751
-0.273208
1.062614
