0.185430
0.543632
-0.485891
3.203709
-1.118195
-0.620378
0.561770
0.389274
1.839409
-0.125067
0.307967
0.215960
-0.272603
2.358679
0.862623
0.634894
0.886320
-0.455349
-1.511459
0.611258
0.507365
0.102662
-0.044028
-0.911975
-0.352344
0.812367
2.033135
0.310634
0.094925
-0.043751
2.186497
0.952296
-0.725262
-0.722128
-0.117243
2.919797
-0.977902
-0.518339
0.353311
0.130666
-0.986047
-0.072476
-0.181059
-0.613693
0.903644
-0.031957
0.876024
0.911378
-0.463251
-0.228571
0.182286
-0.940734
2.339119
1.007992
0.780057
-0.241252
-1.713809
-0.031196
-1.065949
0.068414
0.091835
-0.104254
-0.461129
0.360750
0.242368
-0.124250
0.414304
0.285605
-3.710176
0.514229
0.283645
-0.005704
0.009381
-0.745506
-0.508977
0.497761
0.166097
-0.086438
0.081240
0.389514
-0.271524
-0.162959
1.067964
0.046596
0.068359
0.797440
0.489475
0.914259
0.425219
-0.914899
0.483752
-2.491623
-0.870645
-0.411111
2.102671
1.007429
-2.513805
-0.153934
-0.347894
-0.247172
2.506422
-0.336677
-0.130288
0.288343
0.104089
0.041407
-0.280783
0.195092
-0.228241
-1.483188
2.467483
-0.232869
-1.271212
-0.442532
0.543705
-1.124234
0.152134
0.128443
-2.261187
-0.180650
-0.692473
0.233750
0.787557
0.332266
-0.152472
-0.790536
0.382371
-0.153407
-0.203593
2.470942
0.293372
-0.444375
0.001077
0.215655
-0.458685
-1.293546
2.031531
-0.818693
0.450707
0.372347
-0.682806
-0.158333
-0.293026
0.293207
-0.096849
-2.137140
0.567907
0.030849
-0.974171
0.416185
-0.116707
-0.093107
0.561371
0.542012
-0.067193
0.143306
-0.081300
0.506476
-0.151790
0.864374
-0.682978
0.479499
-2.197226
0.522677
0.045437
0.203139
1.011972
0.393026
0.897504
0.143304
-0.165810
0.692275
0.258782
-0.237068
-0.044999
-0.327131
-0.956374
0.175303
0.697202
1.179574
0.146258
-0.315853
-0.428279
0.005856
0.265585
-0.056848
1.055311
2.259010
-0.887954
1.120899
0.359564
1.958483
1.002819
0.280501
0.452579
-2.411444
-0.107525
-0.232355
-0.394697
-0.094589
-0.245532
-0.557759
0.377056
-0.591595
-0.472812
-0.965432
-0.695030
2.523195
0.630418
0.522764
-0.426928
0.100676
-0.042824
0.239316
0.947536
0.971607
2.254927
0.553962
-0.036258
-0.376513
-0.771877
-0.187398
1.715292
0.005518
-2.441849
2.452763
-0.287188
0.269322
0.554628
-2.079056
-0.049408
-0.946156
0.918123
-0.480611
1.040618
-0.038037
-0.229446
-0.238922
-0.993764
-0.498707
0.056694
0.285389
-0.357175
0.115623
1.026700
0.353725
0.628094
-0.235235
0.183945
0.404876
-0.001609
-0.281234
-0.370186
-1.206809
-2.452177
0.466223
-0.339260
-0.556664
0.592186
-0.345831
0.086964
-0.558752
-0.206201
-0.535065
-0.520304
0.031359
0.303375
2.789206
1.327835
0.657712
-0.333539
-0.055716
-0.513242
0.135893
-0.435849
-0.745450
-0.352275
0.377948
0.349548
-0.185739
-0.475053
1.963929
-0.445431
-0.965645
-0.381080
0.948411
0.716881
0.642932
-0.254164
0.404176
1.048422
-0.364932
-0.262257
0.444593
0.298665
-0.641718
0.039286
0.774355
0.497314
-0.126165
-0.885962
-0.883936
-0.018210
0.586344
0.342648
1.017247
0.028736
-1.006019
1.959011
0.549437
-0.305619
-0.238707
0.633840
0.427415
-2.481954
-0.561163
0.262699
0.294246
-0.198784
0.005054
-0.375468
0.910261
0.177882
0.283696
-0.683881
-0.786779
-0.198085
-0.265323
-0.291927
0.932553
-0.273519
0.493075
0.958605
0.578576
0.620145
-0.312912
-0.901596
0.273282
1.616684
-0.936167
-0.366767
0.955117
0.868314
0.159753
-0.309450
0.466631
-0.867802
-0.434160
0.040667
0.189228
-0.144676
0.520682
1.172209
0.179359
0.221347
-0.341869
-0.368907
-0.919416
0.910788
0.350516
0.688561
0.477448
2.919007
0.282584
-0.277637
0.300550
-0.240394
0.378903
0.039015
-0.485228
0.331881
-0.131075
0.085144
0.475993
-0.302085
0.528232
0.915903
-1.583678
0.232780
-0.301456
1.455705
0.766020
-0.405639
-0.057603
-0.047367
0.293007
0.754834
-0.362648
0.404427
-0.655373
-0.315034
2.473259
-0.706801
-0.201266
0.582852
-0.393395
0.154363
-0.704278
0.116006
-0.520119
-0.097436
-0.295095
-0.093717
0.506637
-0.002935
0.195016
0.445108
2.099542
-0.481147
-0.340768
0.367906
0.429183
0.704746
0.071642
0.143230
-0.689507
-0.383759
0.484410
-0.349975
0.801042
0.005832
-0.247873
1.131744
-0.196313
1.931393
0.842978
-0.096680
-0.472517
2.672550
-0.272620
-0.779400
-0.918432
0.449859
-0.290201
-0.493334
-0.419022
-1.172372
0.000099
0.400126
-0.785302
0.510436
-1.378808
-0.257743
-1.564734
2.099411
-0.227905
0.364054
-0.557621
0.311447
-0.025868
-0.811523
0.646971
-0.356754
-0.461874
0.107222
-0.158205
-0.670589
0.036210
-0.144173
-0.330021
0.843600
0.409756
0.084536
-0.664968
0.139076
-0.363751
-0.158029
0.851381
-0.343982
0.488932
1.110135
-0.092761
2.216288
0.497834
0.645432
2.083092
-1.532730
-0.731226
-0.862411
-0.105823
0.757234
-0.406788
-0.271824
-0.196471
0.428304
0.808543
0.494800
1.585505
0.566835
0.631928
1.137953
0.117848
0.077101
-1.588602
-0.016745
-0.953169
0.250449
-2.467972
0.044222
0.869128
-0.127482
-0.329753
-0.477355
-0.370792
3.168069
-0.386652
0.108093
-0.099399
-1.048042
0.830252
-0.077568
0.720866
0.940708
-0.883847
0.142974
-0.593651
0.007534
0.326496
0.593322
-0.909625
-0.426685
-1.208456
-0.812373
0.573574
3.354067
0.379694
-0.014757
0.241198
0.360610
-0.767291
0.130188
-0.672461
-0.426276
-0.283449
0.200548
-0.119507
2.784601
-0.261890
0.911276
-1.099385
0.561111
-0.854342
-0.015330
0.546827
-0.071428
0.015453
-1.096205
-0.499950
-0.287744
0.809592
0.032225
-0.715870
0.123821
-0.986102
0.185855
0.166919
-1.012807
-0.398174
0.213277
0.348228
0.301177
-0.083872
0.493109
-0.955987
-0.929266
0.774445
0.022238
-0.220509
-0.010942
-0.376549
1.957189
0.526523
0.078407
0.932460
3.088103
0.188598
0.018870
-0.240528
1.632126
-0.180151
2.343549
-0.293639
-0.342541
0.728931
2.332298
-0.473916
-0.240359
0.656937
0.808801
2.332640
-1.019944
0.623352
-0.082834
-0.047235
-0.232391
-2.245949
0.391438
0.629097
-0.127011
-2.035862
0.003628
1.131942
0.240749
-0.851708
-0.146223
0.389900
0.829928
2.558212
-0.377032
0.239418
-0.038769
0.410009
-0.339986
0.967884
0.021761
-0.316778
1.180197
-0.996982
-1.366931
0.674925
0.016720
-1.441095
0.601028
0.147333
-0.320293
0.792037
0.037048
-0.390415
0.387075
0.104064
0.475394
-0.942168
-0.004800
0.429577
-0.367404
-0.950990
-0.269520
1.637001
0.475461
-0.073663
-0.501831
0.442833
-0.211614
-0.621717
-0.420468
-0.128786
0.528445
-0.631051
-1.147837
0.455091
0.579269
2.753931
-0.312590
0.131427
0.322913
-0.357196
0.390306
0.016252
-0.861274
2.085989
-0.436757
0.408275
-0.337587
0.961045
1.204181
-0.396188
0.023588
0.440411
0.744879
0.025853
0.186829
0.211046
0.416549
1.040486
-0.021604
1.882913
0.502235
0.050788
-0.084488
0.329442
1.384941
-0.051394
-0.080588
2.235966
-0.515251
0.606311
-0.467572
-0.547699
-0.544373
-0.091045
