1.203622
-1.418147
0.837981
-0.189988
-0.244979
0.000000
-2.910502
2.083186
-0.919720
-0.588003
-0.049958
-1.570796
-0.927295
1.152572
1.815775
-1.107149
-2.191046
0.992894
-0.674741
0.674741
0.982794
-1.400061
-2.408778
1.794273
-1.387686
-2.677945
-2.303611
1.975688
0.982794
-1.570796
2.819842
0.291457
-2.530867
-2.089942
-0.862170
-1.941688
1.681454
-2.356194
2.677945
-1.919567
2.863293
-1.249046
-3.104573
1.815775
-0.927295
-1.750650
1.484058
0.507099
-0.661043
1.107149
1.249046
-1.138389
-3.034857
2.999696
3.141593
1.703348
-1.815775
-1.919567
1.460139
-1.712693
2.944197
0.674741
2.677945
-0.657889
-2.907849
0.970746
0.390607
-0.176709
-2.896614
2.303611
-0.463648
2.498092
3.141593
-2.723368
1.287002
-0.463648
2.677945
0.244979
-1.712693
1.670465
2.119346
0.439843
2.969402
-0.762147
0.119429
-2.601173
-0.128323
-2.875341
3.096169
-1.700499
2.792822
0.588003
-0.885067
1.854590
2.388441
-0.566729
-0.358771
2.403778
-2.214297
1.428899
-1.487655
1.130954
-2.455863
0.785398
2.512796
1.727398
3.099950
2.798569
-0.358771
2.083186
0.110657
0.000000
-0.333244
2.944197
-0.982794
2.961739
-0.463648
0.938047
1.637364
1.004067
0.785398
2.034444
1.607816
-1.279340
-2.220667
-2.191046
-0.348771
-2.265535
2.976444
-0.551655
2.316216
2.736701
2.427502
-1.460139
0.694738
1.873681
-1.471128
2.976444
-2.992703
-2.750986
-2.034444
1.741532
-1.965587
-1.212026
-1.530818
0.507099
0.174672
2.896614
2.677945
2.221873
1.144169
-1.382575
0.390607
2.223643
2.356194
-1.284745
2.988943
2.992703
-2.356194
0.000000
1.570796
-1.789465
-0.785398
-1.107149
-2.077895
1.088283
-2.677945
1.650626
-2.490516
2.427502
-1.712693
2.956245
0.197396
-0.741947
1.107149
-2.111216
-1.570796
-2.034444
1.297788
3.141593
-0.244979
1.980924
-2.245537
-2.356194
2.553590
-2.574863
1.951303
1.815775
-0.099669
-2.838708
-0.141897
1.144169
-1.030377
-0.463648
-2.961739
-0.906750
-0.418224
1.742987
-2.593043
-0.785398
1.570796
-1.633215
0.262995
0.132552
2.191046
-0.197396
3.030935
-1.532354
2.651635
-1.206817
-0.499347
-2.819842
1.907471
-0.211093
3.141593
-2.622447
0.394791
-2.786887
-1.623379
-1.644735
-1.504228
-2.111216
2.356194
2.761086
-0.674741
2.677945
-1.190290
-3.098142
3.050933
-2.919511
-0.076772
0.950547
-1.862253
-2.034444
1.904041
-0.204018
2.265535
2.651635
-1.107149
-1.147942
-0.141897
1.849096
-3.036716
0.741947
-0.394791
-0.226799
2.191046
2.181522
1.670465
-1.347320
2.480549
2.634494
1.980924
-2.788602
-2.642246
1.862253
-0.507099
2.875341
-0.785398
-2.432966
-1.866237
-0.737815
-0.463648
-0.380506
1.512041
-0.090660
1.299849
2.553590
1.670465
0.785398
1.212026
3.046641
1.570796
2.622447
-1.107149
-2.622447
1.152572
2.111216
2.386488
2.961739
-1.653938
1.107149
0.197396
2.582993
1.951303
1.815775
-1.037088
-0.785398
-0.463648
3.058451
1.626295
-2.819842
-1.373401
0.785398
1.107149
-1.681454
-0.643501
2.918116
-1.076855
3.061763
3.141593
3.081061
0.643501
-0.643501
-0.785398
1.086318
1.570796
-0.141897
1.681454
1.428899
1.373401
-0.439843
0.358771
0.927295
-2.297439
-2.422763
3.050933
-0.785398
-2.158799
-2.466852
-1.385448
-2.256526
-2.736701
1.292497
0.463648
-2.414950
-2.857799
-0.218669
-1.670465
2.414950
1.138389
0.398522
0.179853
-2.303611
-2.574863
-0.885067
-2.077895
2.613518
0.000000
-1.279340
0.257324
-1.465919
-1.681454
-0.321751
-2.003204
2.207305
0.888480
1.815775
-2.819842
-2.819842
2.034444
-1.862253
-0.463648
-2.657115
-1.405648
-0.685730
0.426627
1.428899
-0.370891
-2.422763
-0.785398
-2.723368
-0.732815
-1.768192
-2.094075
-1.412141
2.589938
2.356194
2.857799
-0.885067
2.245537
-0.158655
-0.588003
-0.643501
-2.245537
-1.074374
2.988943
1.937970
2.034444
1.347320
1.789465
0.380506
2.723368
-0.255182
0.486899
-1.681454
-0.463648
0.321751
-2.070143
-2.425849
2.013171
1.051650
2.907849
-1.570796
1.352127
0.124355
0.712358
-0.463648
3.050933
-2.214297
2.185459
1.794273
2.111216
2.234842
-2.863293
-0.745419
2.677945
-2.067219
-1.398606
2.677945
-2.356194
2.245537
2.034444
-2.677945
-0.321751
1.681454
-1.317122
0.876058
1.815775
-0.358771
0.244979
-2.158799
2.736701
-1.158386
-2.922924
-0.960070
-1.475845
0.927295
2.498092
-1.759018
-0.110657
-2.466852
-1.768192
2.077895
2.466852
3.141593
2.819842
1.390943
-0.129703
2.356194
-1.067953
-1.343997
-0.286051
-2.070143
-1.190290
1.134169
2.578276
-1.892547
0.278300
-1.442473
-2.265535
1.152572
-0.927295
2.303611
-2.303611
1.249046
-0.165149
-1.107149
-1.442473
0.000000
0.035699
-1.806341
-1.687905
0.141897
-3.067654
-1.690225
2.835714
-1.929567
-0.960070
-1.892547
1.789465
1.405648
-1.975688
2.111216
-2.283154
-2.880990
-2.613518
2.498092
-0.486899
1.570796
1.465919
1.080839
1.012197
1.535097
-0.915101
-1.292497
2.850136
2.158799
-0.982794
-0.135528
2.761086
-2.034444
1.197809
-1.756144
-1.325818
0.950547
2.553590
1.892547
0.960070
-1.570796
-0.708626
1.428899
-2.709185
-2.034444
-2.488746
2.530867
1.203622
0.942000
0.244979
2.970857
1.030377
-2.536048
2.792822
-1.249046
-0.321751
-2.804918
-2.034444
-2.944197
-2.191046
-1.480136
-3.009041
-2.256526
-1.670465
-1.494024
2.236766
-0.876058
0.588003
1.238737
-2.245537
1.929567
-1.007480
0.982794
-2.677945
1.530818
1.138389
1.712693
1.849096
0.785398
1.484058
2.961739
1.083897
1.343997
-1.919567
2.961739
1.460139
-2.199593
0.950547
-2.356194
1.951303
1.607816
1.480136
1.831399
0.000000
-1.212026
2.896614
2.792822
-0.643501
1.880499
-2.944197
-0.071307
-0.785398
-1.794273
-1.047518
-2.064738
2.408778
0.218669
2.677945
-0.218669
0.960070
-0.463648
-1.262744
-2.934096
1.420425
0.862170
-1.484058
2.480549
-1.929567
0.950547
-2.819842
-2.089942
0.674741
-1.880499
0.815692
-2.574863
-0.244979
-1.929567
1.937970
-2.003204
-1.983207
-2.077895
-2.512796
0.866302
-2.819842
1.352127
1.644735
-0.141897
0.076772
0.610726
-0.785398
1.107149
-1.107149
-1.212026
2.731465
3.050933
-0.463648
-3.067654
-1.471128
-0.519146
0.233743
0.463648
-2.922924
-2.279423
-1.570796
-1.756144
0.049958
-0.540420
-2.850136
3.141593
1.279340
0.244979
-2.077895
1.892547
-3.064821
-2.723368
-1.446441
-2.158799
2.077895
-1.373401
2.356194
-0.657889
-3.061763
2.953371
-2.356194
-2.034444
-2.659079
1.959115
2.034444
-0.132552
-1.259798
1.849096
-1.107149
-1.690225
-2.015216
2.191046
-1.190290
2.622447
1.446441
3.017238
0.174672
0.950547
2.064738
1.152572
2.553590
2.677945
2.480549
0.554307
-0.862170
0.982794
-2.677945
-2.015216
-2.727086
-0.045423
-2.297439
2.677945
0.956133
0.463648
2.356194
-2.191046
0.896055
2.158799
-1.623379
-0.418224
1.657535
-2.699218
2.930499
-1.156289
1.107149
0.685730
1.989021
-1.051650
1.515298
0.643501
-2.601173
-0.832981
0.507099
-0.950547
-1.535097
-1.815775
2.356194
1.141034
