-1.864385
2.875341
2.539305
1.214577
0.519146
-1.962496
3.037800
-2.239086
0.270947
1.135443
-2.356194
2.761086
-2.382504
-1.408959
-0.043451
2.736701
-0.063743
2.796037
0.726642
-2.984991
-1.144169
-1.302886
0.720971
0.502843
-2.608749
0.661043
-1.858078
3.058451
-2.891614
-1.992801
-3.067654
-1.638873
1.490966
1.237552
-1.409421
2.399645
0.000000
1.352127
-0.463648
0.813962
-2.340323
-0.918927
-0.561163
2.201198
-1.754740
2.245537
-2.571552
1.835285
-2.369892
1.107149
-2.505754
0.066568
-0.119429
-2.313966
-2.248505
-0.610726
0.249979
-2.006150
-1.448954
-3.115283
-2.716760
2.787595
1.443824
-0.785398
1.382575
-2.123638
-2.174026
-2.640579
2.526930
-1.570796
-0.099669
3.104573
2.507570
-2.068619
1.074374
-2.659929
-2.505754
0.722979
-2.356194
-1.729452
0.669043
-2.174546
2.765102
0.141897
0.492486
-2.003204
-0.544280
0.223477
-2.852089
-1.858078
1.728565
0.463648
-1.172274
-2.761086
-2.516108
-1.970312
1.978052
-2.844528
-2.799977
-2.228685
-0.854255
2.001935
-1.892547
-2.315122
0.969723
-1.478040
-0.307046
0.718830
1.858852
1.222025
2.698144
1.592070
-2.148698
-2.080389
-1.781890
2.034444
-0.315215
-1.507053
2.455863
1.885554
1.659452
2.999696
-2.636302
0.883672
-1.123276
-2.723368
-1.198729
0.079830
-0.588003
2.630362
-1.747505
-0.831519
-1.892547
1.695151
-1.220068
2.195432
1.653938
-2.044152
1.281821
-0.677708
3.081664
0.000000
-0.556166
-3.121595
-2.356194
-2.573488
-0.144812
-2.936951
-1.061725
-1.994465
-2.053310
-0.463648
0.821097
0.329050
-0.757628
-0.706199
0.737815
0.260602
-2.489724
0.380506
0.915101
-2.299114
0.404892
2.070143
-2.294544
0.021736
1.999060
2.135946
-2.780389
-2.214297
-1.732634
1.768192
-0.957026
2.125104
2.805954
-1.331053
1.269177
-2.920764
-2.731465
-0.358771
0.135528
1.007480
1.685673
-1.310194
1.824470
1.401695
1.975688
0.418224
-1.729452
-0.915101
2.324955
-1.089909
2.739722
-1.144169
2.137526
0.624635
0.069655
0.255182
-2.907849
0.475011
-0.348771
-2.060754
-0.463648
3.041924
2.158799
-2.819842
-0.960070
-1.197070
-1.325818
1.825979
-2.163494
-1.443287
2.283857
-0.826471
2.601173
0.193211
1.000756
-1.643837
-1.123954
2.291350
-0.404892
1.984486
2.356194
-2.222665
1.631944
-0.275426
2.402316
2.877104
1.932000
1.695151
1.107149
-0.105984
1.628425
0.540420
-0.275426
2.165556
2.589938
1.490966
3.077849
2.425051
0.940395
-0.084902
-0.341615
-1.159732
-0.710538
-0.540420
1.209593
2.107232
-1.054566
-1.170556
2.476818
1.943784
0.020830
-1.267911
-0.037020
1.495936
1.789465
-2.896614
-2.622447
0.463648
-0.216085
1.728565
0.594214
0.634023
0.345556
2.016097
2.990577
1.275355
0.239232
-2.169215
-0.935770
-2.714965
0.737815
-0.540420
-0.350314
-1.695151
-0.880996
-0.231091
2.446854
-0.063743
-3.095115
0.756835
-1.980234
-1.037088
0.961633
1.310194
1.872415
2.780389
2.565217
-2.489724
-1.154732
0.840897
2.808348
2.204819
-0.436627
2.410196
2.901422
-0.361729
0.678119
2.506566
2.432966
-0.543832
-0.900275
-2.879473
-2.253988
1.967238
1.866237
-2.482283
0.734594
-1.549523
-1.932526
0.639770
2.034444
-0.948126
-2.614965
-1.843805
2.009656
-2.494201
-2.963500
0.065125
0.892677
-1.846222
1.389147
-2.644250
2.952394
-0.618144
-0.058756
0.684295
1.978052
3.064821
1.435269
-1.168475
2.449258
-1.719686
2.222665
-3.052937
-2.063282
2.948381
1.373401
1.061725
-0.212432
-2.650429
-1.365401
-1.837048
-2.686492
0.043451
2.869447
0.481664
-1.570796
-2.439336
-0.516695
1.002272
2.279423
-0.216085
1.860300
1.198729
2.227871
3.095115
-1.732634
-2.794531
-0.266252
1.855527
3.017238
-1.570796
2.947971
1.892547
2.922924
2.274410
-0.084902
-2.677945
-0.647392
-1.194306
-0.909753
1.416478
0.896055
0.220829
-1.097440
-2.948381
2.191046
2.214297
2.885441
2.838708
0.543832
2.326791
0.674741
2.293776
-1.405648
-0.473356
2.241940
0.711459
0.147078
-1.453688
0.000000
-1.089133
0.315215
0.472907
-1.412141
3.141593
1.216799
-2.559240
-2.202487
0.181649
-1.019141
-3.052937
1.157107
1.695151
-1.135443
0.463648
1.715609
2.297439
1.127348
-2.446854
1.190290
-3.100799
-1.349968
1.760785
3.017238
2.239839
-3.039386
2.158799
-2.158799
-2.749893
0.942000
-0.988443
-1.855527
2.686873
-2.775845
1.147942
-0.353997
0.144812
0.404892
-1.448954
1.712693
0.639386
-1.533776
-0.209640
0.063743
0.113151
1.692639
2.906870
2.289626
-2.369527
1.058407
-0.528074
-1.428899
-1.504228
2.188552
-2.214297
-2.310073
2.406153
2.980218
-0.768451
2.158799
-2.470449
2.327631
-1.495467
0.000000
-1.487655
-1.962496
2.564400
-1.929567
-1.550799
-0.073939
-2.170847
-0.566729
1.336074
-1.958320
2.866683
-0.345556
-2.878598
2.819842
1.315614
-1.144169
-1.732171
-3.121187
0.872894
2.840672
-0.965252
1.879727
2.749893
-1.405648
-2.622447
2.068619
1.901094
-0.404892
2.079867
0.681298
2.025098
2.312744
-1.467004
1.154732
0.572460
-1.676781
0.021736
-1.593520
-0.504861
0.334737
1.412141
2.916316
1.134169
-2.478863
-3.002953
2.310073
2.463884
-2.553590
-1.061725
1.939492
2.203545
-1.203622
-1.510868
1.390943
2.494201
0.272146
2.098871
1.986861
1.852029
1.742987
1.428899
1.610775
0.000000
-2.866167
-1.227772
-1.148791
0.769526
2.117585
-2.356194
-2.342862
-0.620249
-0.079830
3.038511
-2.057696
2.122451
-2.868584
-2.214297
-0.769526
-1.107149
-1.644735
0.982794
2.462930
-1.635921
-2.710900
-1.231504
-1.076855
1.524318
1.059566
-1.409421
-1.842942
-1.485895
1.784857
2.034444
3.058451
-0.301619
1.071450
1.841743
-1.203622
-1.087349
-0.205395
0.244979
2.356194
-1.078311
2.891614
-2.553590
2.512796
0.240171
-2.170847
0.588003
-1.732171
3.123076
1.610775
0.372068
1.690225
-1.176005
3.094010
2.024135
-1.991460
-2.651635
1.398606
1.076855
0.851966
2.502679
1.911775
-0.249587
3.141593
-2.587285
2.877104
2.434978
-2.890590
2.281706
1.960113
0.724866
1.172274
-2.878598
1.773118
-1.283515
-1.336074
-1.872415
-1.866237
-2.509902
0.183111
-2.164546
-2.764683
1.929567
-0.201762
-2.342862
2.153873
-3.017238
-0.126973
-2.826835
-1.530003
1.325818
2.356194
0.554307
-1.692148
1.490966
1.849096
3.102397
2.901850
-0.799482
-0.813962
-2.863293
2.918116
0.988443
0.463648
1.791625
2.852089
-2.435394
0.505290
-1.515298
-2.807648
0.205395
2.761086
1.718646
0.197396
1.951303
-0.739277
-2.239086
-0.489957
-2.696292
3.070285
0.175940
-2.043703
0.000000
-1.190290
1.650626
-0.239743
-0.881872
3.118869
-0.659310
0.988057
0.315215
-0.966491
2.064738
-0.376490
0.321751
2.342862
0.953605
0.525584
1.249046
1.048962
1.939492
-1.746736
0.628796
2.248505
-0.254368
2.014245
-2.485897
3.025833
2.356194
1.272297
-2.169215
1.513168
0.684295
-0.533708
-0.038443
-0.639770
-2.443690
0.824340
1.942864
0.800322
-1.635921
-2.158799
-0.491164
-1.158386
-0.878875
2.711830
-2.277411
-2.566168
-2.166995
2.399645
2.914794
