3.218365
-8.370677
-2.601173
0.101689
7.407876
0.496423
-0.886502
7.154089
0.136403
0.601074
-1.856848
-0.302885
-2.016902
-0.931410
7.570188
2.677945
-2.831890
2.498092
2.694750
-7.729627
-0.977047
2.329885
7.492778
2.251318
-2.008588
6.135336
7.231311
-8.437058
2.025098
-0.388319
9.243129
-2.181522
7.147783
0.259332
0.039979
8.593259
0.083141
2.597312
-0.410127
6.989800
-0.516695
8.004997
-6.597943
5.860331
1.815775
2.328424
9.479269
-2.303611
-8.006631
-1.611590
-1.287002
-8.286389
-8.098960
7.348691
3.141593
-2.906048
-1.115023
-7.675889
-1.880499
-0.000000
3.566425
7.226673
-0.825377
7.151725
-1.779262
2.104505
-2.395136
7.853982
-2.502207
-8.086085
3.417019
-0.927295
-0.566729
2.147172
-0.147849
2.356194
6.677976
0.232557
0.218669
2.868584
-8.063621
2.887919
-0.651869
-1.927416
0.286051
0.264488
-6.283185
2.498092
-2.574863
5.028005
-1.892547
7.833576
9.727663
7.082281
0.537285
0.149812
-0.715092
6.746833
-1.989021
-8.258873
2.373142
0.158655
2.071810
7.317071
6.871188
2.329174
5.381432
2.892006
-2.120171
1.549061
6.980576
3.414601
-7.960717
7.812339
-7.139891
-7.421574
-0.188222
7.599614
7.320273
-0.314758
1.530818
2.733961
2.574863
-1.649067
2.231839
-8.121892
-0.966491
-1.873681
7.202113
9.344948
2.637966
-0.291457
0.205395
-0.499347
-0.000000
3.160458
-2.802300
3.518502
7.813188
-2.184566
-3.010277
3.159772
2.042918
-2.865787
1.860300
-2.808348
-1.867861
6.887491
15.510568
-0.876058
1.878849
-1.061725
0.141897
2.342111
-0.772066
-2.300696
-1.080839
1.373401
2.331200
2.142134
7.756728
7.364024
-1.012197
-1.783228
-2.703801
-0.208465
2.071810
-0.444419
-0.588003
-8.317629
7.695326
1.954966
-1.115345
2.594030
-2.059649
-0.372988
0.097253
7.182375
6.581684
-1.840645
7.323208
7.399680
-1.381597
-0.977047
2.006150
-0.878875
-8.143485
7.831763
7.225185
-2.584993
-8.047604
-0.753151
-7.457540
-7.971090
-3.346988
-2.457298
6.807105
-3.061763
-6.028003
9.302936
-0.437791
2.202487
2.846152
4.550552
-1.990993
7.283941
8.158974
0.076772
-8.256636
-2.441700
0.622671
-0.572460
7.373094
0.084902
-2.432966
7.627183
-2.523448
-2.196281
-0.785398
-0.220829
-1.768192
0.334737
-2.940276
2.966920
-1.266795
-2.515331
9.110020
7.317071
-1.098674
0.361204
-2.749893
-8.391266
8.055299
-1.142532
2.482283
-2.636302
-0.295441
-7.897433
-2.748142
0.020405
-2.791278
-6.425082
-7.122585
-2.179960
3.141593
3.740768
-2.104505
6.914876
-0.347062
2.731465
7.293295
2.725528
5.937630
5.916011
-0.942000
1.815775
3.103875
-2.624898
3.141593
-1.768192
15.750491
-2.686142
0.019997
0.609163
-2.649107
7.373094
-2.133294
-1.961403
2.077895
0.021273
7.787413
-1.863983
-0.061148
-2.768605
-7.265979
2.574863
-2.188941
6.010177
1.776192
-0.410127
-2.300696
2.832662
7.349120
7.499276
2.901422
-0.919720
-0.743170
1.866237
9.248069
-0.108271
-0.615620
-6.243207
-7.627183
6.631956
0.655696
-5.627490
-2.245537
2.121182
1.127348
-2.482283
7.466458
7.002015
-2.016902
2.158799
-0.588003
0.321751
-0.473356
-7.600906
-0.240171
9.108808
-7.953650
3.303430
0.181649
2.850136
-0.543832
-2.807648
3.041924
-7.695326
-7.998794
3.017238
0.266252
7.025133
-0.731397
-2.248505
3.050933
0.275426
3.063322
7.520737
3.082837
7.648586
7.114705
2.007423
-0.717012
0.000000
2.741352
9.277700
7.603539
7.915130
2.428532
7.083508
1.892547
7.444544
-0.943488
-5.910198
-1.026964
-1.923787
-0.367174
0.293589
2.686873
-2.511191
4.103226
-2.396173
-1.168475
-0.444419
7.041563
-7.407876
2.463473
7.538767
3.685425
-2.025897
5.185745
7.441571
-2.959944
-2.299114
-1.627340
7.339530
-7.962643
0.084902
-1.041207
-1.904741
-0.147849
15.670943
-2.548243
6.764073
0.715092
-0.356220
-2.428532
-2.193467
6.021065
-2.279423
8.300087
0.622671
-0.770474
9.115075
2.614965
-1.570796
1.295370
1.681454
1.570796
-2.887225
6.303183
-2.125104
-3.010277
1.729452
3.294242
2.228685
2.659079
3.300248
2.242402
-0.516695
2.164546
2.302193
2.176341
2.370686
-0.185348
0.020405
2.014245
-1.299849
-1.377174
2.813473
3.502796
0.308931
7.229346
6.222037
9.446514
-6.322381
1.898916
1.729452
-1.626295
6.688077
-0.988057
-2.263131
0.000000
7.446350
3.437033
7.107525
-2.400941
0.090660
2.397267
-0.757628
2.940276
2.454468
2.341270
2.686873
-0.286051
6.048463
0.328120
-0.380506
1.630724
-2.397267
2.107707
7.551097
-7.409562
-2.444202
-7.790238
7.581836
7.497361
2.994514
3.518502
-2.094716
2.107707
-2.407432
0.042528
0.372988
0.862170
7.202113
-1.629552
-1.916352
5.839737
-0.671606
0.267910
-0.798731
-7.599614
-0.785398
6.647164
-7.081916
1.872415
0.097727
-2.316216
-2.384758
-0.689800
-2.806856
9.170410
6.834840
2.819842
-1.056345
1.756144
-2.356194
-3.067654
1.659452
-0.785398
7.938883
-1.078311
2.521343
-0.075329
7.194672
0.454302
3.082837
-7.172683
9.424778
2.704965
6.261912
-2.652740
-2.573488
-1.810967
-1.183273
-2.994514
2.951604
7.026355
-0.827627
-2.516957
3.088072
-2.273053
-2.831890
-0.691921
-0.722191
-0.627308
7.497762
3.162866
2.042918
0.021736
7.692144
-3.218365
1.735945
2.385598
-2.787595
2.693448
-2.660705
-6.918212
-1.152572
-0.681298
-0.919720
2.518922
-2.419401
-7.770840
0.062419
9.483534
8.299283
-2.410196
9.367150
0.840897
-6.514276
2.329885
7.627183
-0.729900
2.687291
-2.512796
-2.541542
-1.959115
-1.789465
-8.292841
0.179853
7.210481
8.317629
7.916400
2.163799
2.854311
1.717875
-2.594804
-7.978337
-0.536911
-2.632522
0.321751
1.134169
-5.684010
2.739272
0.699893
-0.084902
-0.812419
-0.812419
1.469107
2.129396
-2.677945
-0.961633
-7.833576
2.050971
5.819538
3.141593
-1.158386
7.833151
-7.772530
-7.451661
-1.315614
-0.873406
-0.084902
-0.480887
2.530867
2.289626
0.537285
-2.871743
3.223045
2.158799
-0.982794
-2.959944
-1.123954
-0.998337
-1.609992
2.384758
2.256526
2.642246
7.110812
9.404781
-0.321751
9.318042
0.799890
-1.815775
6.893911
-2.191046
3.025833
2.214297
6.860378
-2.723368
-1.917858
0.437791
-0.950547
-0.729900
0.734161
2.198105
9.008713
-6.198284
1.125495
-0.994421
2.248916
-1.026964
-2.087491
-2.248916
-1.030377
-8.001060
7.429149
0.361204
7.052712
9.120777
-2.312744
7.589493
2.302193
-2.317253
2.068619
1.821239
6.883236
2.188552
2.100386
9.484706
-1.041207
-0.380506
-8.175732
7.873587
1.428899
0.436627
1.851634
0.544280
1.446441
-0.847817
-1.418147
15.862282
-3.177292
1.756144
-3.026716
-1.071450
-1.986861
7.016000
1.978428
7.477491
-7.194672
-2.624898
-1.772559
7.052712
-2.868584
-0.785398
-1.281293
2.025516
8.367588
-0.604306
-7.910525
1.846222
7.526243
2.370686
-2.922924
-6.412888
-5.979184
7.265979
0.785398
0.828849
7.260631
-2.525973
-2.506566
-1.989021
6.359957
2.591207
6.336706
0.491164
-7.792833
8.234488
-2.694073
1.441886
3.177292
2.356194
6.871188
-6.200044
2.594030
-1.856848
