2.300696
2.505754
7.572210
-2.085248
-0.278300
-1.256039
-2.248505
-2.677945
7.818283
1.946757
7.083075
8.420711
3.323241
2.206635
2.685819
-2.498092
-8.431174
1.398606
0.913721
9.500107
7.593379
5.920038
-1.012197
-7.515658
8.618974
7.772530
-7.834376
0.314758
2.607884
1.254826
5.949941
7.292818
7.189207
-0.511231
-2.051684
0.040794
0.201762
3.210449
2.622447
2.248505
3.141593
-0.659310
1.177738
-8.116976
-8.730040
3.050933
5.954632
-1.171281
7.039180
2.007423
-2.370278
6.834840
-8.489008
-7.910525
1.231504
-0.315616
-8.175732
-5.195836
6.913587
-0.923749
2.226492
0.571337
0.275426
-1.709436
-1.674589
3.180788
7.390334
-7.915130
0.101689
7.133427
-0.543832
9.533049
-1.287701
2.991780
-2.356194
-0.079830
-0.134321
2.910502
-1.462135
3.060141
-0.081452
9.158526
1.820775
3.086094
0.442374
8.113313
-2.478863
-2.153149
7.503667
7.330062
0.772741
2.310073
5.709745
15.707963
3.440092
-2.610819
2.979394
1.107149
0.773634
7.358848
0.048742
-0.620249
2.698144
-3.032931
7.425717
-0.706614
4.499957
-7.966709
0.869942
8.234488
2.595426
-4.449394
-2.268699
2.490516
-2.059649
-0.059928
0.063743
-0.880996
-0.251003
-0.174672
-0.717012
0.463648
-0.736257
2.512796
8.481290
8.334157
-2.042918
3.557657
-2.651635
2.257921
7.186675
2.991780
2.643770
3.546484
-7.909480
1.501940
-2.553590
0.314232
1.037952
7.332547
7.009828
-2.221873
-1.036401
2.016902
2.677945
1.548578
8.221155
2.765632
5.688972
-0.965252
-1.385448
-1.542233
-0.566729
9.383984
-2.518922
6.488581
0.651869
0.076772
3.049263
9.618400
2.944197
1.297788
0.399515
7.122585
-2.863293
-1.512041
-0.568105
1.315614
-0.832981
-15.076273
-0.416065
3.428874
2.765102
-0.389317
-0.680521
0.919720
-0.489957
2.843094
7.011503
2.218188
0.396441
-7.476733
-1.753907
-1.919567
1.551191
0.426627
2.024135
-0.244979
0.105984
12.777464
1.973117
-0.376909
0.866302
-2.524401
-1.666655
-0.977446
-8.072651
-0.943488
-0.034469
-7.575682
0.115759
2.222665
0.609163
-2.158799
-0.965252
-1.646125
-6.059709
1.589662
-0.037020
-0.197396
-1.637364
-1.142532
-0.509071
-2.518393
-8.022579
-0.223477
4.283611
-0.131315
9.703078
-2.034444
-1.593520
-2.476818
2.458401
2.300696
-2.009656
8.132281
9.397758
2.034444
2.034444
7.422843
2.768605
-9.262579
-6.053281
-0.080904
8.212752
-2.650429
-2.627141
-2.993743
-0.226799
-15.446250
-2.051684
-0.434670
-0.321751
2.703801
-7.986533
1.815775
1.849096
2.263131
8.190656
1.590794
1.525373
0.605545
3.496298
2.015216
1.570796
2.749893
2.634494
0.021273
2.739272
-1.223735
0.665969
4.996183
0.321751
3.165398
1.325818
1.490966
-1.014197
-0.310998
9.169596
-1.921111
9.546620
0.291457
5.731530
2.925042
-2.640579
7.344911
-8.157983
-0.756835
0.473851
-5.023387
9.370287
0.057628
-0.437791
2.377468
2.224879
7.477491
-1.659452
-0.207496
0.908067
-0.428778
12.088018
1.570796
2.202487
-8.154153
2.772897
2.896614
0.088656
-2.034444
-2.625362
-1.951303
-1.116952
-0.428264
0.433953
-0.687124
0.839400
-2.233526
6.504014
7.497361
8.187927
-2.677945
0.272146
7.259768
-1.330625
-0.161837
1.133005
2.944197
-7.983684
3.120762
9.592985
7.189207
-2.819842
2.517570
-1.968424
-8.129408
7.361496
6.946388
0.216550
9.185035
2.453921
-2.565217
-2.302193
-0.333945
2.356194
-1.499489
-2.569133
15.631191
2.709185
8.585378
3.224734
1.287002
1.024007
-1.787347
-1.947706
2.588751
-0.823355
-1.225241
13.118026
7.210481
1.859772
0.489957
-1.385448
6.886415
-7.909480
3.268565
-2.044648
-0.528074
0.798731
-2.774419
-1.387686
-2.458401
2.059649
7.038290
-1.776192
-7.334836
0.837981
7.446350
1.107149
-1.533776
-1.899349
2.152177
-2.667741
0.868539
0.022723
2.206635
-0.168597
-1.623379
-0.671144
-0.799482
7.551097
7.048978
-1.274251
12.637678
1.829049
-0.893088
0.035699
-1.494024
1.609239
0.502843
3.481975
-0.298499
-1.365401
0.059928
13.246279
2.650429
-2.712815
7.505211
0.304511
-2.169972
-0.572460
-0.605545
-1.519559
2.711830
-8.244589
7.770840
-2.649107
2.607884
12.391698
-1.794273
-1.546991
9.400393
1.663553
-0.177596
8.441984
1.094329
2.587285
7.051041
2.342111
6.222037
-2.710454
7.575682
6.473824
1.803353
6.243207
1.695151
-1.904041
-1.492525
0.315215
1.099019
3.214192
7.740831
2.398423
3.364254
7.109656
2.706239
0.281232
0.472497
7.154089
-0.373727
3.038511
0.302885
-1.071450
-2.582993
-2.889038
-8.836775
-2.042918
-0.193622
1.716106
2.587285
0.235545
13.404352
13.652689
-1.046877
-0.570040
2.627987
-7.544279
-7.962643
-2.369892
7.553810
-1.552941
7.991048
0.332059
0.186487
-7.727009
3.185044
-0.380506
-1.194835
-0.144812
1.365401
-2.139321
15.829806
-7.544279
-1.462135
-1.377174
2.279423
15.939054
-1.608514
7.277606
3.316265
2.418613
-1.095101
-0.463648
-0.387524
-2.043703
0.078271
1.275355
-8.480243
2.939830
0.635838
7.127339
-5.140653
1.262744
-0.454719
-0.878875
5.065379
2.668686
1.880499
-1.892547
-2.489724
-2.018316
0.437791
-0.602287
-2.694750
0.588003
9.367150
0.521834
6.737487
7.188012
7.437917
-7.621878
0.179853
2.342497
0.233743
-0.635838
-1.369842
-0.422005
7.922058
-1.223735
0.165149
-1.016489
6.983078
-2.850136
-0.231091
-2.406153
1.380808
1.668050
8.289335
2.449258
-0.376909
-2.158799
2.721396
-1.717875
0.368696
6.699250
0.315616
1.399417
2.001489
1.570796
1.778293
7.390334
2.281335
7.835116
-0.521834
-0.127510
2.169215
3.025833
3.099065
-5.074118
-0.069655
2.993743
0.275426
2.129396
1.830128
8.827020
0.715092
3.262945
3.793462
1.925502
-2.145101
-0.321751
3.028865
-0.927295
-1.695151
-7.418628
-2.516957
3.119857
7.283941
0.624635
-0.411065
-1.020410
2.852617
7.427354
-1.869295
-2.179960
1.237552
2.825977
-0.375271
-2.607197
-1.791290
0.551655
6.998277
8.996000
-7.570188
-1.829049
7.462282
5.277538
7.068583
1.805519
-2.511191
9.334118
7.052712
0.413689
0.258252
0.822418
5.497787
6.865925
6.064516
-2.326791
-2.526930
-2.204819
6.650359
8.317629
-0.402321
-2.653756
0.354706
-7.920550
-7.581836
1.269177
2.111216
3.315264
6.910493
7.381075
-1.960113
-0.178093
0.117109
-0.681298
7.271242
-8.754256
1.549966
-1.115345
0.562498
2.273053
0.065125
3.539221
-2.013171
3.690967
1.968424
-0.946161
8.493368
-2.980218
7.551097
-1.071450
-1.551931
-0.216550
-1.892547
1.489344
-13.830121
3.047531
-0.523919
7.925289
7.097147
1.519118
7.249676
-2.384758
2.067219
-1.183273
1.590025
0.040794
-2.076087
1.489344
2.008588
6.210586
-3.011890
8.464708
-0.870903
-2.698144
2.135946
-1.165905
2.408778
2.565217
3.613715
-0.602287
-2.634494
7.191252
7.185692
3.141593
-2.317253
0.916226
-1.695151
-0.152649
7.313562
-1.731559
3.120762
0.019997
-0.537836
-1.910089
2.694073
1.904041
-0.625485
-2.277411
7.085531
0.083141
1.226149
1.547545
-0.604306
2.579095
2.311448
-2.846152
2.327631
-1.047518
7.578556
