-0.728631
1.029466
-0.199337
-0.910096
0.502822
0.006593
0.259154
-0.417669
2.255182
-0.304519
0.223151
-0.249913
-0.299066
0.923336
-0.238912
0.256788
-0.639273
0.122560
0.105406
0.566228
-0.481707
0.542411
-0.606066
-0.389358
0.676142
0.485169
-0.064819
0.216914
0.040449
0.921998
-0.641694
-0.623361
-0.438234
0.046037
0.248808
-0.296455
-0.144502
0.143628
0.851061
0.598144
-0.970907
-0.173565
0.145259
1.414149
1.964673
0.979914
0.357471
-0.865660
-0.320650
-0.065361
0.007115
0.628015
-0.558891
0.523212
0.515275
0.080884
1.054128
0.517481
-2.509199
0.524825
-0.848529
0.240014
0.545395
2.414052
0.445867
-0.818488
0.541705
-0.090607
-2.554846
-0.156776
0.558094
-0.385600
0.632966
0.212318
0.785972
0.197507
-0.771904
-0.118488
-0.140647
0.370345
-0.215974
0.945067
0.869844
-0.698205
-0.755773
0.159767
-0.513825
-0.555953
-0.451356
0.479916
0.320927
0.539940
-0.044166
0.066565
-0.556816
1.872515
-1.009548
-0.015034
0.991033
-0.263065
-0.808556
-2.239260
0.339601
0.126099
0.682797
-0.026450
0.955453
-0.082008
-0.219240
0.858596
-0.699111
0.509174
-0.173665
-0.236020
0.565650
0.139594
-0.260582
-0.060937
2.036333
-0.552115
-0.127875
-0.477751
0.265443
0.567443
-0.700164
-0.179069
1.743351
-2.501352
-0.431263
-0.226973
-0.037776
0.371537
0.480246
-0.077382
0.565424
-0.335770
0.610126
-0.262487
0.204243
-0.503759
-0.051154
0.299782
-0.559232
-0.721604
0.638055
-1.065224
0.573304
-0.751997
0.847073
0.031614
0.660546
0.018329
0.645585
-0.506910
0.518244
-0.257666
-1.236439
-0.932778
-0.009478
-0.459777
0.469009
-0.533779
0.002646
1.171924
0.754356
-0.475412
-0.087124
0.332816
-0.526215
0.094947
-0.213537
-0.106932
-0.744642
-0.013142
-0.299364
-0.310460
-0.202655
-0.092051
-0.572449
-0.400623
0.603358
-0.408939
-0.091602
0.088158
1.066346
0.076284
-2.528532
0.914947
0.485058
0.129694
-0.363098
-0.159845
0.811717
-0.013576
-0.584840
-0.504646
0.299583
-0.404630
-0.870620
0.134312
-0.497350
-0.645640
-0.708573
-0.105468
-0.518682
-0.937889
0.659018
0.363342
-0.309878
0.440609
-0.449151
1.983032
-0.350230
1.009482
-0.017635
0.698748
-0.073533
-0.919393
0.033578
-0.513200
-0.152288
0.941429
1.596857
0.904661
0.829159
0.083806
0.365844
-0.276274
-0.172695
0.092244
-0.174023
0.490280
-0.099937
-1.057615
-0.539317
-0.143989
0.689433
-0.353176
0.562751
1.544688
-0.027478
0.407823
-0.866236
-0.328626
-0.470022
-0.069432
-0.793747
0.218240
0.023977
0.546154
-2.231357
2.005784
0.933336
0.462295
-0.327724
-0.224407
-2.170043
0.594014
0.428295
0.450398
-0.300579
-0.059105
-1.182326
0.146984
1.637329
-0.124952
-0.511244
-0.010257
0.011198
-0.029474
1.018075
-0.051655
0.861558
-0.038075
-0.278052
-0.273311
-0.298561
-0.056134
0.316896
1.087965
-0.308644
0.398508
-2.431449
-0.365104
0.295007
0.116917
-0.789982
-0.142013
-0.425335
1.013988
-0.120510
0.507854
0.542325
0.519098
1.714404
-1.037535
-0.006206
-0.807396
0.857818
-0.141985
-0.105677
0.024444
-0.126681
-0.468642
1.524935
-0.182643
0.680940
-2.246864
0.577790
0.408144
0.520886
-0.347067
0.039333
-0.823364
-0.683145
-0.455687
-0.136823
-0.486071
2.112845
0.827194
-0.401483
0.094913
0.175316
-0.135171
0.519279
-2.468278
0.602302
0.621180
-0.017769
-0.289970
0.074511
-0.520844
-0.096529
-0.436347
0.296524
-0.303152
0.965814
2.377021
0.219374
0.532744
0.886140
0.339354
2.285264
0.511993
-0.172381
0.031392
-0.692177
0.549615
-0.341056
2.153585
0.044738
1.976722
0.257530
0.006324
-0.374073
0.175827
0.458384
0.138117
-0.197637
-0.257907
-0.766078
-0.778606
-0.221986
0.994400
-0.708251
-0.847026
0.277407
-0.179058
0.196877
0.580628
-0.737934
0.314946
-0.264160
0.711558
-0.259710
-0.412160
-0.266614
-0.203669
-0.654853
0.504296
1.058178
0.106605
-0.130487
-0.038548
0.340017
-1.038039
-0.276068
-1.278804
1.470725
0.521821
0.120990
0.165303
-0.320037
-0.278924
-0.027858
0.904192
0.862674
-0.273085
-0.497730
0.733736
-0.055937
0.345104
-0.498435
0.145165
-0.181490
-0.071979
0.118318
0.250955
0.606531
0.447714
-0.064380
0.602657
-0.842038
1.591157
-0.042291
-0.491590
-0.497815
-0.475466
-0.049732
-0.320877
-0.797827
-2.410439
2.048165
0.250236
-0.196226
0.969374
0.477420
-0.418511
-0.341697
-0.107344
0.183687
0.221455
-0.396577
0.344724
0.590311
0.547140
0.069878
0.471697
-0.877861
-0.330808
1.611329
-1.056754
-0.643078
-0.083469
-0.008849
2.409140
0.537433
0.282757
0.012794
0.008225
-0.431656
-0.075163
0.210619
0.119137
0.503912
0.167774
0.089347
-0.931821
0.847231
0.274163
0.059978
-0.024403
0.258807
0.450455
-0.103535
0.629552
-0.166261
-0.478353
-0.107096
-0.189158
0.281908
0.246373
-0.764690
0.811757
-0.942093
-0.671060
-0.209132
0.535478
-0.819398
0.876343
-0.549928
0.936543
2.050841
-0.824235
-0.125452
-0.106218
-0.149612
-0.081390
0.234766
-0.092062
-0.062397
0.149460
0.129297
0.582357
-0.455551
-2.315744
0.936082
0.274076
0.174945
1.453793
-0.587750
0.224890
0.397688
-0.359661
0.229408
-0.052998
-2.391580
0.338652
0.012432
-0.911834
0.384496
0.270763
0.357851
-0.178079
0.417618
0.658742
0.439795
-2.199599
-0.058182
2.111988
-0.408400
0.559287
0.081897
-0.616245
0.507929
0.519553
-0.495401
-0.378210
-0.251178
-0.348801
-0.259690
-0.186172
-0.785668
-0.037377
0.769505
-0.023795
0.492363
1.008096
-0.659384
-0.251022
0.605286
0.532585
-0.323554
0.695966
-1.160569
0.604873
-0.128471
0.433138
0.539250
-0.230701
-0.806231
0.796123
0.479236
-0.356690
-1.015481
-0.779450
-0.396582
1.948994
0.575783
-0.868988
-0.343607
-0.380541
-0.499504
0.883463
0.437852
-0.640311
-0.059268
0.045758
0.175025
-0.003716
0.555091
1.001749
0.219323
0.028358
0.238370
-0.212695
-0.098009
0.106551
0.758501
0.578867
-0.292207
-0.143298
0.614694
-0.978424
1.166764
0.485664
0.517507
0.651758
0.107269
0.557118
-0.102585
0.495083
-0.803197
-0.232490
0.851737
0.137387
0.556473
-2.725666
-0.286318
0.234799
0.496111
0.524774
-0.828638
-0.562271
-0.140109
-0.117175
-0.075811
0.142379
1.795230
-0.552126
-0.804731
0.021998
0.012799
-0.032185
-0.280919
-0.204298
0.258386
0.878757
-0.125323
-0.615296
0.166313
-0.055216
0.720705
-0.198985
0.811158
2.101939
-0.190997
-0.344282
0.240073
-0.578264
0.706841
-0.393689
0.671382
-0.984976
-0.051951
-0.449508
-0.580350
0.812103
0.559253
-0.307787
-0.212609
1.031513
0.621518
-0.111408
0.334683
-0.617703
0.545902
0.028540
-0.365860
0.172033
-0.879207
-0.119013
0.387926
0.418867
0.575280
-0.882952
-0.255163
1.900918
-0.012185
-0.456514
-1.560536
0.402809
-0.644966
0.005438
-1.123574
0.524783
-1.114269
-0.079730
-0.346701
-0.650894
-0.010094
-0.639062
-0.173960
-0.257165
-0.575945
0.424479
-0.200629
-0.425352
-0.347528
-0.260766
0.236556
0.613304
2.283984
-0.173100
0.917097
-0.713622
0.730830
0.011968
0.344394
-0.798781
