-1.965587
1.768192
0.244979
0.528074
1.876675
-0.370891
0.844154
-0.868539
2.356194
-2.761086
0.094952
-0.179853
-2.743070
0.753151
-2.432966
2.142134
-1.703348
-0.174672
1.919567
2.102520
-2.191046
2.466852
-2.838708
-1.042722
2.896614
1.989021
-1.313473
-0.117109
0.052583
1.083897
-1.249046
-2.677945
-1.712693
-1.712693
1.453688
-2.289626
0.358771
0.819867
0.938047
0.927295
-3.208161
-1.292497
-0.055499
-3.926991
-3.578220
0.614663
2.308611
-2.077895
-1.681454
-0.305879
-0.862170
2.390664
-0.540420
1.789465
2.010639
-0.218669
1.923787
1.759018
-3.189176
1.876675
-1.304544
1.892547
2.083186
-4.218448
0.628796
-2.988943
2.055274
-1.058407
-3.194176
-0.083141
2.466852
-2.699218
-0.291457
-2.907849
-0.352990
-0.188222
-1.937970
-0.104877
-1.828120
1.039072
-1.618379
1.264917
1.337053
-0.588003
-1.063698
1.267911
0.927295
-1.923787
-0.745419
-0.862170
1.279340
2.057696
-1.107149
-0.165149
-2.761086
-4.110102
-2.642246
-2.064738
1.421906
-0.197396
-1.523213
2.953371
1.234122
2.060754
2.582993
-1.128422
0.956133
-0.748378
-1.862253
0.817645
-0.610726
2.516108
1.405648
-0.463648
2.539305
1.849096
0.404892
0.741947
-3.141593
-2.158799
-0.982794
-1.745469
-3.326941
2.567288
-3.009041
-0.753151
-3.926991
-3.141593
0.785398
-1.471128
-0.714091
1.570796
2.214297
-0.945311
2.034444
-1.892547
2.466852
-1.989021
0.000000
-2.089942
1.781890
1.937970
-0.049958
-1.272297
2.677945
-2.622447
2.677945
-1.941688
1.373401
0.049958
-0.661043
-0.531724
0.305879
0.876058
1.997424
-0.950547
0.418224
-1.480136
1.515298
-2.850136
2.289626
-2.770701
-0.661043
1.983207
0.218669
-2.158799
1.499489
1.735945
-0.685730
-0.291457
-1.700499
-0.197396
-0.588003
1.428899
-2.321725
-0.394791
-1.623379
-1.217806
-2.870646
-3.241261
1.961403
-1.051650
-1.067953
0.463648
1.626295
-0.052583
-3.236544
1.058407
1.396124
-0.321751
0.000000
2.199593
0.257324
-2.654693
-1.703348
-3.141593
2.390664
-1.292497
-3.204011
0.785398
-2.855541
-1.869295
-1.794273
1.359703
-2.319174
-2.303611
2.896614
-1.892547
-2.498092
1.039072
-0.628796
-3.321446
-0.917950
1.128422
-1.735945
2.718739
-0.996491
-1.941688
-0.512389
-1.633215
-1.804540
1.039072
-3.802636
0.519146
0.418224
1.797595
1.727398
-2.223643
-1.626295
1.570796
-2.070143
2.316216
-1.475845
-2.875341
-2.819842
-2.976444
2.835714
-2.119346
2.236766
-4.493720
1.869295
2.129396
-1.892547
-2.601173
-0.610726
0.512389
-2.574863
0.148890
-0.390607
2.356194
3.046641
-3.693248
1.465919
1.325818
-1.107149
-0.737815
2.896614
2.677945
1.484058
1.398606
-2.321725
-2.536048
-2.896614
-0.291457
-4.331883
-2.356194
0.000000
0.825377
-0.418224
1.869295
1.523213
0.499347
0.851966
-2.111216
-0.632749
-1.876675
-2.284887
2.034444
-3.648691
1.206817
-0.856706
1.570796
-3.036716
-2.390664
-3.006065
-0.110657
-2.142134
1.735945
-0.298499
1.128422
-1.428899
2.699218
1.515298
0.832981
-3.785094
0.499347
1.647568
-1.570796
0.927295
-0.367174
-1.234122
-0.439843
-1.794273
-2.393215
-3.993559
-0.489957
-0.714091
3.006065
2.459276
2.034444
2.356194
-2.279423
-0.165149
-3.024484
-1.570796
-0.551655
-1.520838
0.785398
-3.440092
0.321751
-0.785398
2.308611
-2.788602
-1.570796
1.993650
-3.187016
2.761086
2.609869
-0.785398
-1.325818
2.480549
-3.141593
-2.536048
-3.036716
-2.657115
0.000000
1.007480
1.390943
-0.486899
1.784857
0.785398
1.313473
-3.494583
2.284887
1.642104
-2.316216
-2.512796
-1.471128
-1.212026
-3.860423
-0.748378
-3.605240
-2.953371
2.064738
-2.677945
-2.992703
2.259721
0.047583
-0.540420
-2.723368
-2.880990
-2.774419
0.380506
0.956133
-2.214297
-1.794273
0.099669
1.304544
-0.270947
2.835714
-3.064821
1.022247
-1.217806
2.422763
-2.170847
-1.190290
-2.196281
-0.785398
-1.304544
2.289626
1.249046
1.508378
-0.507099
-0.785398
1.623379
-2.422763
-1.965587
1.292497
-4.514993
2.393215
1.570796
2.498092
-2.657115
-1.768192
-1.315614
1.363300
0.822418
-2.953371
-3.011890
0.390607
0.244979
2.102520
-1.570796
-3.141593
-0.076772
-0.688924
1.892547
1.138389
2.677945
1.969319
-2.356194
-0.439843
-2.034444
-3.868235
-0.548549
-0.876058
-1.856848
-2.245537
-1.199905
-2.761086
-1.975688
-2.969402
-3.752319
-3.041924
-0.741947
0.927295
2.508844
-2.699218
-2.393215
-3.926991
0.148890
-2.907849
-1.849096
1.675673
2.284887
2.539305
-0.148890
1.768192
-3.258701
-2.567288
-3.985747
-1.856848
-2.654693
-0.868539
1.508378
-3.836331
2.214297
0.708626
1.801887
-0.748378
-3.141593
-1.965587
0.370891
1.570796
2.427502
0.367174
-0.463648
0.718830
0.463648
1.249046
0.000000
0.825377
1.231504
2.284887
0.367174
2.870646
-1.570796
-2.432966
-1.340892
1.222025
1.058407
0.141897
-2.798569
0.632749
-1.801887
-2.647651
-1.570796
2.616797
-2.723368
0.927295
-1.107149
1.471128
-3.883540
-3.197091
-1.465919
-1.217806
-1.969319
-0.748378
-0.185348
-1.234122
-1.107149
-0.141897
-0.090660
1.892547
-2.896614
2.846152
0.614663
0.094952
-2.804918
-4.285761
-1.797595
0.442374
0.370891
1.152572
0.321751
-0.748378
2.855541
1.249046
1.965587
-3.316265
2.284887
0.117109
1.264917
-0.996491
1.804540
2.718739
1.712693
-3.568220
1.076855
-3.407845
-0.165149
0.055499
0.141897
-0.785398
1.471128
2.475623
-0.620249
-2.850136
-2.221873
-2.185459
-1.172274
0.244979
-1.937970
-3.508766
-3.522099
-0.588003
2.918116
1.352127
-1.831399
-2.034444
2.788602
2.214297
-2.654693
-3.797288
0.909753
2.609869
-1.130954
1.727398
0.404892
-0.822418
-1.804540
0.418224
1.249046
-2.743070
-2.185459
-1.471128
0.266252
-3.440092
1.876675
-1.107149
-1.046001
-2.984991
-3.236544
0.484478
2.214297
0.463648
-0.748378
-0.674741
0.620249
-0.714091
2.850136
1.234122
-2.984991
-0.463648
0.321751
1.227772
-3.427644
2.158799
0.574305
2.321725
0.694738
-0.956133
0.732815
0.588003
-4.635617
2.158799
2.253113
-0.714091
-3.141593
2.356194
-2.137526
1.570796
-1.570796
-2.459276
-0.165149
-0.398522
0.343024
-3.564447
-2.526930
2.034444
1.727398
2.393215
-2.259721
-0.588003
-1.264917
1.352127
-1.234122
0.571337
-3.985747
-0.896055
-2.297439
-0.917950
2.137526
-0.748378
-0.226799
-0.888480
0.165149
0.996491
-1.089909
-1.703348
2.231839
-2.770701
-0.286051
-1.206817
2.677945
-3.444478
-1.907471
1.570796
-1.512041
-2.399645
2.802300
-1.618379
-0.574305
-2.875341
-1.421906
-2.701750
-0.982794
-0.339293
2.214297
-2.034444
-1.570796
1.719686
-0.620249
0.156602
2.003204
-3.082837
-0.668289
2.214297
0.726642
0.148890
-1.804540
1.647568
2.013171
0.828849
2.393215
-1.876675
-2.170847
-3.605240
-0.785398
-2.601173
2.976444
1.313473
-0.643501
1.913820
0.785398
2.390664
0.418224
-1.570796
-0.828849
-1.165905
-1.128422
-2.838708
-1.907471
-2.473303
-1.570796
1.515298
-0.071307
-0.211093
-0.436627
-1.471128
0.339293
2.223643
-3.522099
-1.130954
0.643501
-1.675673
-0.484478
-1.063698
1.828120
-1.951303
