0.785401
-1.548853
0.444613
0.299637
0.560892
0.238488
-1.152349
2.282058
0.154378
-1.264554
0.372946
-1.644510
-0.916561
2.166520
2.231773
-1.270405
-1.509490
0.090299
0.118390
0.768763
2.131831
-1.599212
0.036811
0.346440
0.115823
-0.688649
-0.028845
2.355390
0.578429
0.467582
-1.190627
0.435701
-0.019719
-2.398795
0.318611
-1.556734
0.509053
0.028211
0.339548
-0.016030
0.185117
0.185005
-3.069308
0.371344
0.205140
-1.434841
1.997889
0.521863
0.368390
0.734813
0.572649
0.174744
-1.343681
-1.204986
0.926023
0.543048
-1.024807
-1.213124
-1.395028
0.162347
-2.941236
0.703445
0.336177
0.221425
-1.320269
2.010583
0.415027
0.332909
-0.676768
0.405566
0.364288
-1.071444
-2.689381
-1.194426
0.372908
0.282787
-0.943929
0.465031
-1.604905
2.392888
2.151852
0.440621
-1.292849
0.154573
0.352028
-0.005536
0.147888
-1.241622
-1.364186
-1.557937
-0.635450
2.707394
1.674269
2.303081
0.390744
2.587144
0.562196
0.209632
-0.342249
0.541979
0.109505
0.273559
-0.034025
2.251580
0.281699
0.493622
-1.404986
0.300815
-0.861773
0.395313
0.167165
0.483398
0.325577
-1.273349
0.256460
-2.959351
0.506184
0.433359
2.295759
1.942293
0.537234
2.244579
0.222658
0.331498
-0.065376
0.188261
-1.578809
-1.102717
-2.486765
-1.481785
2.341621
2.506689
-1.364676
-1.495722
2.200993
2.128542
0.068953
-0.853220
-2.825357
-1.098678
-1.026885
-1.341627
0.034036
0.091530
0.114711
0.447234
2.079933
-1.173585
0.632750
0.282808
2.115652
0.329543
0.507728
2.233257
2.237668
-1.371064
0.296224
-1.198823
-0.955830
2.355365
2.197089
0.330363
0.139909
-1.157342
0.049601
0.371909
0.894827
0.250325
-0.043145
-1.166082
-1.072862
-1.216539
2.358244
0.467346
0.439604
-1.269875
-0.044866
-1.575875
1.977632
-2.312930
0.853197
0.353625
1.745495
-1.030172
0.749704
-0.126602
-1.060479
0.244114
0.573445
-1.220354
0.365733
2.146935
0.267359
0.205361
-1.209839
0.045418
-1.259480
0.225412
-1.047368
0.444723
2.317236
-1.497090
0.149233
0.529785
2.501901
0.300628
-1.006076
0.177611
-2.968837
-1.391620
0.149394
-0.903140
2.215207
0.032928
-1.264373
-1.023087
0.359299
-0.075874
0.308950
-1.656460
-2.396272
-0.790222
2.228151
0.617107
0.330513
-0.930823
0.281345
-1.322736
-1.261672
-1.346112
0.220380
2.039271
-0.087995
1.742055
0.198621
0.277153
-1.233102
-2.781313
-1.130110
-1.397300
0.449959
2.474435
-2.895193
0.505172
0.217110
0.269433
0.510997
0.045443
2.504150
-1.503405
0.318455
-1.158117
0.405604
-1.206292
0.014813
0.372076
0.227412
-1.234459
0.450727
0.868992
0.116662
0.199506
0.465839
0.360725
2.096214
0.532150
2.113984
0.397987
2.224979
0.545356
2.552993
-1.268846
2.431073
1.037853
0.282347
-1.334367
2.179920
2.444073
0.320558
0.416056
-1.446114
0.524989
0.252922
0.514535
-0.738386
0.383773
-1.534981
0.333519
0.843753
-1.360135
0.575419
0.000823
-1.505957
2.084275
0.656509
-1.648069
0.508749
-1.386892
0.508763
-2.953477
-1.557233
-1.412563
0.831227
-1.112099
0.968285
2.091133
2.160243
0.322368
2.100353
2.032933
1.017339
0.412947
0.448322
0.762470
-1.669093
0.017990
0.642748
0.469736
0.606390
-1.121652
0.394405
-1.164255
0.577063
2.359183
-1.889071
-0.121961
-1.263363
0.665727
0.133316
0.363730
1.911435
0.480529
0.729802
-0.110648
-0.883118
-1.235114
0.105044
0.303197
-1.438725
-1.338404
0.429801
-1.414131
-2.578721
0.518092
1.741975
0.291000
0.313278
0.696517
0.047259
-1.710660
-2.991689
-1.438234
0.210226
0.513510
0.382770
0.252247
-1.376547
0.844635
0.351674
0.207490
-1.400211
0.220539
0.294412
-1.693406
-0.003575
-1.631053
0.358722
2.463412
-1.258661
0.587712
2.054215
0.288924
0.491872
0.867338
-0.064418
0.190191
-2.918647
2.224018
0.377941
1.955530
-1.179710
0.879765
0.436697
0.341113
0.562653
0.276001
-0.556518
0.608522
-1.151245
-0.246035
0.421816
1.879403
-1.381810
0.765475
2.147326
0.430910
0.210438
0.376849
-1.267528
0.183496
0.448416
2.082132
2.439647
0.320129
-1.284198
0.320810
2.281083
-0.041530
-1.588090
0.578791
-2.468150
0.305588
-3.046085
-0.637378
0.481953
0.441884
0.013929
2.373650
0.272786
0.379183
0.632683
-1.036716
-1.306767
0.366827
0.905035
-1.441785
0.277622
2.191760
0.523230
-1.532664
0.223116
0.168968
-1.302359
0.449715
0.990524
-0.522335
-0.924072
1.972585
0.260525
-3.164991
0.153777
0.135328
0.490586
-1.512300
0.476668
0.483282
0.377015
0.222743
2.283147
0.077703
-1.004533
2.359574
-1.026097
0.268559
-0.085563
2.486553
0.535304
0.208267
-1.526829
0.338593
0.215916
-1.751157
-1.346113
0.333905
-1.348835
-1.643538
-1.143129
-2.607954
0.409537
0.223866
2.221520
0.655299
0.213785
0.489837
-0.062943
-1.077628
-0.119479
-1.440408
0.373072
2.135939
0.479606
2.197294
2.283010
0.267890
0.369871
-1.343363
0.457721
0.529147
0.366499
0.363085
0.375487
0.122112
0.164889
-1.488472
0.223809
2.556632
0.509645
2.077170
0.314081
-1.473832
-1.485419
2.371408
-0.119944
0.124612
-1.167730
0.382144
0.538715
0.401226
0.528972
-1.390271
1.953224
-1.085745
0.424662
0.118716
0.398354
-1.205490
0.009431
-1.392398
0.484778
0.356095
-2.911483
-0.081898
0.495275
-1.565943
0.600324
0.415976
0.524712
1.866482
0.001441
2.276262
0.322235
0.456258
0.869342
0.377940
2.065260
0.295007
0.842525
0.505194
2.082339
-0.960395
0.283240
2.120395
-1.229144
-2.915080
2.131235
1.672469
2.386123
0.221705
0.685200
-1.322302
0.775105
-1.356768
2.483416
0.412100
-1.287353
-1.208414
0.960285
0.168666
0.688487
0.596463
0.520892
-1.498425
0.155364
-0.049679
0.332581
0.459480
-1.209006
0.542187
0.402910
0.317612
0.178836
-2.884282
-1.423978
0.616319
-1.555916
0.289746
-1.522559
2.216676
-1.320867
-1.737776
0.444364
0.023651
0.355404
-0.045801
0.572326
0.053482
-1.157426
-0.017338
-1.297379
-1.520345
-0.052872
0.228323
-1.065931
2.196934
0.224662
0.295049
0.274059
0.454270
-1.436221
0.594337
-0.118208
-1.391375
0.366906
0.597112
0.480181
-1.809951
-1.571416
0.435313
-1.265070
2.764142
-1.310170
-1.172927
0.428389
0.395669
0.372211
0.125585
-1.328742
-0.920872
0.559925
0.779094
-1.456925
-1.171834
-0.196595
-0.684364
-0.840298
-1.189455
-2.683847
-1.503244
-0.774662
0.304942
-1.347599
-2.967241
-0.366754
-0.986814
-1.275511
0.364183
0.648495
1.926122
-1.482084
2.178769
0.440862
0.052819
0.019914
2.214311
-1.517205
-0.993661
0.519266
0.380589
0.502508
2.189202
0.049743
0.563648
-0.505125
-1.303215
2.228821
0.362164
0.319301
0.328948
-0.046942
0.005962
-2.949319
0.373484
0.029395
2.572371
0.511102
2.075007
0.484395
-1.034721
-0.957674
0.783331
-1.470238
0.399035
0.331219
-1.276490
0.510770
0.076508
12.231253
0.647123
0.181091
-1.333461
2.087262
0.700617
-1.212584
0.250323
0.787475
0.030378
-1.662909
1.201864
0.441531
0.367819
