-0.906750
4.467410
-1.635223
14.240249
-4.213042
5.919206
-1.172274
7.217473
-1.352127
-1.333948
9.111877
-7.733358
0.358771
2.536048
-1.040581
-1.768192
0.000000
-0.665969
-8.470279
-0.566729
1.975688
-2.589938
-1.341564
14.811908
-3.648691
-1.147942
7.562525
3.306741
-9.088103
-4.451787
0.057081
-1.249046
-1.030377
-1.774814
1.091277
9.179799
-2.912361
-0.661043
2.677945
8.639380
1.844964
7.892424
2.221873
0.305879
5.646677
-0.566729
-0.158655
2.089942
-0.421419
-0.000000
6.158830
-1.873681
1.310194
-0.785398
2.627141
-0.942000
-0.991722
-5.092895
-1.373401
1.156289
-1.656302
7.743324
6.561485
-0.519146
7.068583
14.040693
-6.283185
-1.484058
-2.736701
-6.373845
13.323205
-2.593043
-2.699218
3.386571
1.051650
1.677532
7.892424
0.291457
9.314121
-3.816334
10.784481
-1.570796
0.000000
1.929567
-1.201463
-1.361773
1.539556
2.488746
2.380580
9.019886
0.295441
-1.012197
-5.431219
-4.373096
-2.034444
7.575682
-1.016489
-2.657115
-2.105751
-0.950547
-8.639380
-2.308611
-2.665125
2.533791
6.425082
-1.006227
7.770840
2.098871
2.333976
-0.449760
9.325109
2.790148
2.111216
4.434089
-8.491530
3.926991
1.156289
-3.185044
0.000000
2.530867
-0.321751
-2.276365
3.170996
2.553590
3.141593
-5.742766
-2.147172
2.098871
-4.712389
-2.308611
1.951303
-0.596199
-8.158493
7.698985
7.250232
-0.291457
1.190290
8.317629
6.604936
-1.138389
-4.124386
-0.321751
-0.982794
-2.786887
-2.289626
3.141593
-4.455065
-1.272297
-0.000000
15.804437
-4.514993
-2.819842
0.030294
1.866237
2.601173
-0.000000
2.150799
-0.872137
7.953650
0.482513
0.054002
-1.199905
2.429235
-1.183921
-4.003763
4.659806
7.045332
6.566979
0.643501
6.818140
15.734984
-0.207496
-4.795530
3.700192
9.541887
-1.400061
-3.926991
-0.170735
-0.388319
-7.210481
-1.480136
-1.795507
-0.291457
2.850136
2.819842
4.767887
-1.428899
7.192938
7.210481
-2.819842
6.574642
6.933056
-2.880990
4.712389
-0.321751
1.460139
6.670061
-3.079174
-2.356194
-0.321751
-1.913820
7.248437
14.206023
-1.570796
7.853982
6.683426
1.515298
7.885221
2.471954
-1.510264
-0.132552
0.031240
-0.785398
-2.950408
-0.588003
-1.629552
-1.951303
-7.957063
-1.066630
9.172224
-2.677945
-1.768192
2.191046
-1.513716
5.412282
-0.588003
5.300392
7.729627
-1.570796
-0.588003
-2.129396
-0.643501
-1.670465
6.987679
7.210481
2.466852
-0.499347
2.034444
-0.851966
9.272129
6.806464
7.791563
7.088989
-2.483704
-2.956245
-2.512796
9.369279
0.000000
-5.902679
2.846152
0.380506
2.258468
4.031868
-1.446441
5.387130
-2.265535
0.179853
0.124355
0.037020
7.886229
-0.000000
-2.701750
7.229959
-1.637364
-0.620249
-7.821735
-1.937970
7.344389
11.354345
-2.459276
-2.754717
3.200348
-3.652081
7.192938
4.819125
3.372683
2.245537
6.871188
-1.390943
-0.380506
-2.649783
8.509677
-1.325818
-2.732685
9.083799
0.750929
-0.974597
-0.312042
5.819538
-1.341564
-0.374334
6.586070
0.034469
4.712389
-8.808481
2.203545
-0.000000
-1.066630
-1.477320
0.062419
-8.193274
-1.122073
-2.508844
-2.356194
6.973632
1.178456
-1.190290
1.249046
6.556194
-9.088103
-0.045423
-0.244979
1.474323
6.520034
3.338988
0.278300
7.313562
1.727398
2.601173
-0.540420
0.076772
0.185348
3.075024
3.708322
1.808632
-0.035699
-1.080839
1.178456
-8.234488
1.869295
-2.316216
1.768192
7.330703
-2.619189
-5.924415
0.197396
-2.819842
-8.145438
-2.261243
-1.433730
-2.677945
0.156602
1.373401
3.104573
0.000000
7.092969
9.549133
1.716809
2.512796
2.125104
-4.712389
-0.159913
-8.317629
-0.588003
2.327631
-7.587730
7.229959
-1.501940
0.896055
2.647651
-1.929567
-2.498092
-5.497787
-2.663240
-1.442473
-2.677945
-0.982794
2.214297
-1.373401
6.468533
-2.034444
-0.231091
-7.947458
9.091534
-0.991722
1.325818
0.398522
-2.356194
-8.228315
-0.616297
-7.853982
-2.579671
-0.835357
2.637427
4.588034
4.588034
-0.189988
-1.631328
-2.432966
-0.807617
-3.200348
-1.030377
-2.245537
3.926991
-3.660739
7.888451
6.849915
-2.279423
-2.999696
2.329174
-0.096474
3.030935
6.407540
3.546484
1.390943
-0.643501
6.581684
2.356194
5.300392
-2.419938
-1.878849
-7.701332
-0.096474
1.385448
-8.373128
6.973632
3.926991
-0.904827
-2.279423
-6.283185
-8.449392
-2.214297
-1.570796
-1.959115
-1.538549
7.688833
-0.179853
-3.176062
7.988303
0.244979
1.831399
0.197396
-2.174546
-8.124928
-0.103082
-5.564355
-2.647651
2.021458
1.288241
2.770701
9.193687
1.716809
-1.231504
-2.916881
4.413890
1.178456
7.159243
5.896310
2.819842
-1.190290
7.532231
5.924415
-0.278300
3.208161
-4.124386
6.998929
-1.196463
0.030294
-2.595938
-1.107149
6.977924
-8.673849
-2.422763
-2.863293
-0.982794
2.833540
9.179799
-7.068583
-2.627141
2.122451
9.424778
-6.871188
6.448334
0.785398
3.141593
1.292497
2.122451
4.248741
-0.418224
-2.356194
2.051684
-2.408778
1.892547
0.183111
-1.881795
9.287712
-1.071450
8.836775
-1.627877
-5.961435
-8.377260
-0.992894
5.176037
8.975018
-8.686963
-2.089942
7.411607
-0.426627
5.176037
-0.982794
2.589938
-1.107149
-1.892547
0.872137
9.366022
-2.299651
1.428899
1.768192
4.149073
7.853982
-7.688833
5.176037
-3.072736
5.695183
-2.422763
-8.184279
7.210481
2.245537
0.358771
-0.165149
2.425849
-2.312744
7.189935
-3.141593
0.785398
5.252808
3.141593
-1.570796
6.283185
5.856558
0.099669
-2.137526
-0.846546
-1.390943
1.107149
-8.304643
6.683426
3.141593
0.785398
-1.272297
-1.904041
6.926686
0.165149
4.803049
-0.588003
7.068583
-0.866302
6.178308
-0.496423
9.073333
-0.504166
-0.558599
1.786154
6.497246
-0.321751
0.152649
-9.325109
-1.529154
1.570796
0.927295
-1.681454
-0.197396
-0.569313
-0.477345
3.141593
-0.588003
2.292451
-2.214297
-8.405637
0.528074
0.226799
2.594804
-2.016902
2.471954
-2.537843
1.892547
7.729627
6.761538
4.774808
6.604936
-0.496423
-0.950547
-2.709185
-0.000000
-6.398062
-2.375060
7.367082
-4.434089
-0.103082
-1.092444
-2.265535
-0.493941
-2.393215
6.369924
3.265948
-2.303611
-2.462179
7.467106
-1.284745
5.537766
4.026659
-1.249046
-3.419892
2.622447
-8.343939
2.330559
9.296455
6.880362
-6.604936
-1.196463
2.867425
2.446854
7.045332
4.844941
3.312328
2.544416
0.110657
2.607884
-1.994991
4.931058
-7.656586
5.650436
7.712085
-2.594804
-7.889681
-2.828691
1.208252
8.639380
6.793674
-1.107149
-5.497787
2.525296
2.176341
-2.553590
-0.950547
7.068583
-4.712389
3.554003
-8.033835
0.934288
-8.333501
8.889823
-4.909785
-0.982794
1.176005
-2.886410
1.412141
6.991812
-9.019886
-14.137167
-2.057696
2.279423
2.594804
2.613518
4.426338
-1.684588
-1.165905
-1.712693
1.359703
4.003763
-2.714965
10.895906
-0.150371
7.656586
6.862260
-0.588003
-2.466852
9.233594
2.089942
-1.405648
-0.000000
4.467410
-1.024007
1.178456
1.465919
5.539430
-1.361773
3.338988
7.179241
7.767243
-0.449760
10.099519
1.839964
2.736701
-1.428899
1.937970
-0.380506
-0.880350
-2.158799
-1.292497
