2.642246
-8.212752
-2.961739
-0.362544
7.168252
0.185348
-0.737815
6.704605
-0.037020
0.332059
-2.356194
-0.764125
-2.475623
-0.694738
7.175319
2.299651
-3.265948
2.111216
2.677945
-8.194961
-1.269876
2.498092
7.313562
1.792878
-2.214297
6.010177
6.793674
-8.317629
2.466852
-0.712358
9.085485
-2.422763
7.068583
0.380506
-0.410127
8.317629
-0.255182
3.064821
-0.804264
6.688077
-0.885067
7.622891
-5.819538
5.497787
2.158799
2.553590
9.111877
-1.837048
-7.853982
-1.807645
-1.446441
-8.175732
-8.002872
7.023160
3.522099
-2.521343
-1.397551
-8.090830
-1.881795
-0.291457
3.172832
6.719812
-1.288241
6.746833
-1.997424
2.214297
-2.137526
8.019130
-2.741352
-8.248773
3.141593
-0.588003
-0.540420
1.768192
-0.197396
1.992216
6.802331
0.463648
-0.120624
2.419938
-8.562608
3.070285
-0.278300
-2.394637
-0.107690
-0.258771
-6.183517
2.150799
-2.459276
5.252808
-2.377468
7.853982
9.457025
6.717856
0.132552
-0.064427
-0.737815
6.574642
-2.561590
-8.114584
2.256526
0.197396
1.725793
7.853982
6.498543
2.622447
5.819538
3.141593
-2.089942
1.107149
6.693313
3.112189
-8.098960
7.364024
-7.627183
-7.360040
-0.698660
7.240774
7.004840
-0.631079
1.570796
2.498092
2.256526
-1.797595
2.034444
-8.403835
-0.927295
-2.184004
7.325907
9.353470
2.659079
-0.580003
0.141897
-0.868539
-0.304511
3.091634
-2.701750
3.202125
7.622891
-2.626044
-2.961739
3.265948
1.436475
-2.944197
1.460139
-2.634494
-1.778293
6.926686
15.575412
-1.267911
2.245537
-1.539556
-0.000000
2.553590
-0.785398
-2.819842
-1.019141
1.570796
2.273053
2.226492
7.953650
7.025133
-0.844154
-2.303611
-3.013269
-0.489957
2.256526
-0.809784
-1.020943
-8.562608
7.364024
2.034444
-1.222025
2.142134
-2.485897
-0.694738
-0.147078
6.880362
6.443098
-1.892547
6.987679
7.068583
-1.494024
-1.259798
1.667270
-1.368475
-8.197006
7.295382
7.016000
-2.191046
-8.533395
-0.927295
-7.435757
-7.688833
-3.453635
-2.755710
6.985442
-3.030935
-6.004886
9.507919
-0.950547
2.303611
2.510513
4.803049
-2.276365
7.097147
7.725658
0.244979
-7.937123
-2.709185
0.266252
-0.694738
7.012040
-0.226799
-2.828691
7.688833
-2.446854
-2.003204
-1.012197
-0.392340
-1.858852
-0.215358
-2.863293
2.809533
-1.544487
-2.677945
9.515438
7.163535
-1.107149
0.191184
-2.709185
-8.156867
7.785125
-1.249046
2.843094
-2.396173
0.000000
-7.390334
-2.743070
-0.404892
-2.396173
-5.622142
-7.364024
-1.975688
3.141593
3.402195
-1.910089
7.068583
-0.679414
2.774419
7.322258
3.079174
5.980300
5.604523
-0.558599
2.034444
2.795054
-2.553590
3.204011
-1.706324
15.409464
-2.701750
-0.197396
0.628796
-2.657115
7.302327
-2.553590
-2.312744
1.892547
-0.404892
7.770840
-2.295046
0.000000
-2.553590
-7.459191
2.910502
-2.083186
6.283185
2.356194
-0.906750
-2.704965
2.677945
6.998929
7.188012
2.664247
-1.237552
-0.885067
1.504228
9.259629
-0.291457
-1.004067
-6.407540
-7.532231
6.186712
0.661043
-5.300392
-2.613518
1.801887
1.024007
-2.750986
7.089857
7.009828
-1.570796
1.831399
-0.785398
-0.055499
-0.211093
-7.964639
-0.076772
9.206109
-8.205426
3.375336
-0.159913
3.204011
-1.030377
-2.399645
3.024484
-7.853982
-8.120234
2.589938
-0.033321
7.334836
-0.741947
-2.034444
2.606638
0.398522
3.082837
7.853982
3.480885
7.068583
6.926686
2.256526
-1.170556
0.270947
2.622447
9.314121
7.132327
7.853982
2.231839
6.879384
2.265535
7.086126
-1.012197
-6.283185
-1.464061
-2.297439
-0.321751
0.137066
2.553590
-2.727086
3.463343
-2.102520
-0.982794
-0.197396
6.798734
-7.486808
2.333976
7.390334
3.301506
-2.339247
5.279118
7.282644
-2.843094
-2.677945
-1.923787
7.325907
-8.332334
-0.066568
-0.938047
-2.241318
-0.477345
15.707963
-2.859038
6.841785
0.478352
-0.649870
-2.750986
-2.701750
5.695183
-2.403778
8.221155
0.260602
-0.982794
9.341637
2.601173
-1.508378
0.735440
1.712693
1.712693
-3.075024
6.349753
-1.841743
-3.486240
1.975688
3.605240
1.815775
2.429235
3.027801
2.059130
-1.134169
1.882838
1.963136
1.994991
1.929567
-0.424194
0.071307
1.677532
-1.418147
-1.396124
2.377468
3.079174
0.540420
7.188012
5.949941
9.931876
-6.388062
2.761086
1.212026
-1.504228
6.249864
-1.107149
-2.703256
0.785398
7.173460
3.283490
7.112034
-2.399645
-0.348771
2.553590
-0.915101
2.956245
2.105751
2.875341
2.393215
-0.124355
5.731530
-0.045423
-0.694738
1.781890
-2.570255
2.446854
6.977924
-7.243256
-2.034444
-8.132281
7.237685
7.168252
3.141593
3.176062
-1.723446
2.111216
-2.677945
-0.392340
0.266252
1.051650
7.141624
-2.034444
-2.301703
5.599476
-0.643501
-0.298499
-1.205595
-7.473475
-0.927295
6.453921
-7.068583
1.642104
0.066568
-2.651635
-2.265535
-0.920926
-2.709185
9.227382
6.569237
2.855541
-0.938047
2.077895
-2.142134
-2.356194
1.695151
-1.190290
7.747246
-0.732815
2.060754
-0.572966
6.675525
0.551655
3.197091
-7.243256
9.123858
2.356194
6.283185
-2.810497
-2.932570
-1.629552
-1.134169
-2.999696
2.539305
7.105604
-1.378748
-2.570255
3.208161
-2.064738
-2.880990
-0.866302
-1.080839
-1.006227
7.575682
2.961739
1.719686
-0.103082
7.308327
-3.407845
1.735945
2.761086
-2.880990
2.553590
-2.896614
-6.641956
-1.415800
-0.540420
-0.828849
2.310771
-2.521343
-8.234488
-0.300920
9.424778
7.960717
-2.303611
8.920612
1.176005
-6.604936
1.881795
7.712085
-1.039072
2.331809
-2.536048
-2.677945
-2.663240
-1.661456
-8.556239
-0.103082
7.334836
7.991988
7.925289
2.137526
3.743880
1.249046
-2.609869
-8.262889
-0.680521
-2.388441
0.394791
1.325818
-6.169393
2.394637
0.331096
-0.463648
-1.030377
-0.661043
1.060308
2.736701
-2.677945
-0.942000
-7.736873
1.941688
5.793228
2.872425
-1.325818
7.694069
-8.004353
-7.881752
-0.726642
-1.004067
-0.432408
-0.920926
2.475623
2.466852
0.222082
-2.880990
3.605240
1.983207
-1.249046
-2.701750
-1.570796
-1.190290
-2.115660
2.269456
2.134113
2.819842
7.313562
9.164176
-0.141897
9.300423
0.321751
-2.111216
6.535740
-2.480549
2.810497
1.979704
6.614281
-2.553590
-2.220667
0.732815
-0.785398
-0.944053
0.837981
2.226492
8.212752
-6.097837
0.759763
-1.415800
1.945130
-1.176005
-2.498092
-2.158799
-1.495936
-8.212752
7.210481
0.064427
6.911982
9.369279
-2.691833
7.309118
2.439336
-2.466852
1.869295
1.681454
6.453921
1.858852
2.284887
9.318042
-1.282741
-0.439843
-8.317629
7.602292
1.797595
0.321751
1.849096
0.258771
1.136126
-1.190290
-1.428899
15.575412
-3.141593
1.325818
-3.141593
-1.379612
-2.191046
6.787351
1.937970
7.012040
-7.417354
-2.654693
-1.892547
6.854523
-3.222497
-1.067953
-1.292497
2.158799
7.991048
-0.632749
-8.345791
2.034444
7.473475
2.485897
-3.141593
-6.283185
-5.237185
7.127339
0.421419
0.420663
6.998929
-2.717398
-2.245537
-1.428899
5.776087
2.356194
6.080140
0.033321
-8.148216
7.941989
-2.819842
1.828120
2.829551
2.601173
6.389921
-5.695183
2.231839
-2.101012
