-1.642104
1.706324
0.844154
0.982794
1.837048
-0.321751
1.750650
-0.588003
2.677945
-2.731465
0.083141
-0.211093
-2.833540
0.722979
-2.452668
2.245537
-1.190290
-0.148890
2.089942
2.053310
-1.570796
2.488746
-2.570255
-0.876058
2.819842
1.907471
-1.347320
-0.197396
0.086738
0.982794
-1.275355
-2.312744
-1.396124
-1.438245
1.508378
-2.386488
0.665969
0.938047
0.927295
1.071450
-2.642246
-1.398606
-0.090660
3.141593
-3.058451
0.524796
2.647651
-2.095592
-1.446441
-0.308053
-0.956133
2.297439
0.358771
1.768192
1.969319
-0.266252
1.907471
1.695151
3.141593
1.837048
-0.519146
2.356194
2.111216
2.480549
0.942000
-2.466852
2.000559
-1.063698
3.046641
0.404892
2.388441
-2.761086
-0.321751
-2.961739
-0.463648
-0.334737
-1.325818
0.132552
-1.837048
1.022247
-1.614247
1.264917
1.249046
-0.165149
-0.540420
1.385448
1.418147
-1.703348
-0.404892
-0.904827
1.275355
2.055274
-1.197809
-0.207496
-2.570255
2.289626
-2.245537
-1.647568
1.398606
0.000000
-1.527345
2.875341
1.165905
2.256526
2.446854
-1.212026
0.917950
-0.817645
-1.975688
0.722979
0.000000
2.473303
1.965587
-0.358771
2.452668
2.245537
0.785398
1.019141
-2.863293
-1.951303
-0.888480
-1.460139
3.091634
2.488746
-2.455863
-0.714091
2.944197
3.101614
1.570796
-1.382575
-0.718830
1.480136
2.170847
-0.927295
2.055274
-1.768192
2.388441
-1.951303
0.000000
-1.951303
2.181522
2.466852
-0.135528
-0.785398
2.587285
-1.304544
2.541542
-1.959115
1.637364
0.045423
-0.674741
-0.753151
0.489957
1.849096
1.878849
-1.063698
1.570796
-0.661043
1.712693
-2.819842
2.293776
-2.475623
-0.785398
2.013171
0.099669
-1.873681
1.965587
1.873681
-0.152649
-0.404892
-1.729452
0.000000
0.291457
1.703348
-2.325901
-0.076772
-1.465919
-1.279340
-2.761086
3.046641
1.892547
-0.904827
-1.037088
0.507099
1.527345
-0.047583
2.936197
1.086318
1.382575
-0.291457
0.463648
2.589938
0.244979
-2.356194
-1.385448
3.141593
2.319174
-1.107149
-2.736701
0.999459
-2.934096
-1.499489
-1.866237
1.951303
-2.191046
-1.570796
2.863293
-1.929567
-2.541542
0.994421
-0.165149
3.141593
-0.737815
1.165905
-1.385448
2.587285
-0.994421
-1.993650
-0.588003
-1.190290
-1.892547
0.982794
-3.050933
0.463648
0.233743
2.297439
1.794273
-2.205823
-1.665748
1.781890
-1.480136
2.214297
-1.530818
-1.695151
-2.677945
-2.574863
2.718739
-2.170847
2.214297
2.863293
2.408778
2.102520
-1.934775
-2.034444
0.099669
0.785398
-2.256526
0.094952
-0.398522
2.356194
2.936197
-3.064821
1.382575
1.222025
-0.885067
-0.463648
2.875341
2.699218
1.405648
1.398606
-2.327631
-2.137526
-1.849096
-0.308053
2.466852
-1.815775
0.982794
1.030377
-0.442374
2.414950
1.484058
0.832981
0.726642
-1.801887
-0.551655
-1.919567
-2.297439
2.512796
3.141593
1.222025
-0.643501
1.471128
-3.094010
-2.459276
-3.061763
-0.094952
-1.797595
2.356194
0.000000
0.982794
-1.441094
2.699218
1.373401
1.107149
-2.736701
1.152572
2.129396
-1.670465
0.982794
-0.231091
-1.315614
-0.548549
-1.843805
-2.386488
-2.761086
-0.321751
-0.785398
2.936197
2.356194
1.959115
2.388441
-2.173084
-0.047583
-2.574863
-1.165905
-0.426627
-1.484058
1.203622
-2.999696
0.308053
-0.244979
2.446854
-2.804918
-1.695151
1.997424
3.046641
2.677945
2.601173
-0.935770
-0.851966
2.736701
3.098142
-1.869295
-3.094010
-2.714965
0.726642
0.902507
2.356194
-0.635027
1.644735
0.753151
1.262744
2.838708
2.205823
1.965587
-2.158799
-1.892547
-1.484058
-0.876058
2.677945
-0.817645
-2.792822
-2.961739
2.466852
-2.699218
-3.050933
2.231839
-0.045423
-0.519146
-2.875341
-2.466852
-2.256526
0.566729
0.844154
-0.896055
-1.735945
-0.047583
1.789465
-0.363979
2.850136
-2.642246
0.945311
-1.249046
2.414950
-2.245537
-0.885067
-2.147172
-0.732815
-0.999459
2.245537
1.234122
1.937970
-0.655696
-0.785398
1.618379
-1.919567
-1.570796
2.432966
2.677945
2.388441
1.873681
2.802300
-2.714965
-1.735945
-1.490966
1.428899
0.881872
3.141593
-3.058451
0.339293
0.358771
2.034444
-1.144169
3.141593
0.298499
-0.726642
2.064738
1.570796
2.578276
1.951303
-1.869295
-0.463648
-2.089942
3.141593
-0.610726
-0.528074
-1.428899
-1.695151
-1.315614
-2.819842
-2.070143
-3.101614
2.819842
-3.061763
-0.605545
0.817645
2.582993
-2.711830
-2.323948
2.736701
0.090660
-3.006065
-1.700499
1.616220
2.323948
2.516108
-0.233743
1.742987
-2.736701
-2.714965
2.761086
-1.633215
-2.466852
-0.888480
1.499489
-3.050933
2.170847
0.643501
2.122451
-0.851966
3.141593
-1.570796
0.336675
2.070143
2.356194
0.862170
-0.484478
1.359703
0.321751
1.313473
0.197396
0.927295
1.147942
2.356194
0.628796
2.804918
-1.650626
-2.273053
-1.402199
1.723446
0.945311
0.041643
-2.512796
0.643501
-1.873681
-2.403778
-1.657535
2.870646
-2.034444
0.917950
-0.540420
1.570796
2.677945
-3.009041
-1.525373
-1.236059
-1.975688
-0.718830
0.380506
-1.287002
-1.126377
-0.188222
-0.188222
1.854590
-2.761086
2.846152
0.463648
0.041643
-2.806856
3.017238
-1.570796
0.484478
0.422854
1.653938
0.398522
-0.785398
2.835714
1.299849
2.199593
-2.792822
2.265535
0.104877
1.262744
-0.982794
1.768192
2.622447
1.706324
3.086094
1.249046
3.141593
0.463648
0.348771
0.086738
-0.785398
1.365401
2.422763
0.896055
-2.927532
-2.223643
-2.119346
-1.107149
0.540420
-1.570796
3.082837
3.024484
-0.688924
2.936197
1.325818
-1.647568
-2.034444
2.753274
2.134113
-2.657115
2.651635
1.892547
2.508844
-1.304544
1.661456
0.825377
-0.655696
-1.784857
0.463648
1.570796
-2.736701
-2.196281
-1.523213
0.718830
-2.746802
1.794273
-0.291457
-0.965252
-2.953371
3.061763
0.484478
2.073640
1.428899
-0.718830
-0.847817
0.942000
-0.722979
2.777614
1.107149
-3.050933
0.110657
0.278300
1.750650
3.079174
2.403778
0.574305
2.265535
1.249046
-0.965252
1.071450
1.144169
2.553590
2.125104
2.181522
-0.785398
3.141593
2.196281
-1.570796
1.435269
-0.694738
-2.578276
-0.244979
-0.540420
0.851966
2.819842
-2.526930
2.480549
1.612439
2.388441
-2.265535
0.000000
-1.292497
1.637364
-1.262744
0.828849
2.875341
-0.558599
-1.723446
-0.982794
2.512796
-0.718830
0.099669
-0.847817
0.257324
0.970746
-0.968509
-1.152572
2.709185
-2.356194
-0.291457
-1.287002
2.855541
3.064821
-2.053310
2.553590
-1.520838
-2.176341
2.699218
-1.453688
-0.600050
-2.297439
-1.570796
-2.699218
-0.558599
-0.422854
2.111216
-1.941688
-1.570796
1.750650
-0.489957
0.302885
2.191046
-2.798569
-0.785398
2.601173
1.249046
0.045423
-1.768192
2.137526
1.919567
1.030377
2.289626
-1.804540
-2.231839
-2.782822
-0.844154
-2.466852
2.896614
1.262744
0.197396
2.356194
1.929567
2.356194
1.570796
-1.107149
-0.674741
-0.785398
-1.126377
-2.589938
-1.943784
-2.553590
-0.927295
1.471128
0.463648
0.358771
0.000000
-1.385448
0.291457
2.134113
2.944197
-1.058407
0.635027
-1.750650
-0.588003
-1.088283
1.794273
-1.959115
