-1.182478
0.188222
-2.323948
1.515298
-0.086738
-2.158799
-2.918116
-1.518213
-0.052583
-0.870903
1.527345
1.980924
0.785398
2.792822
0.398522
-2.723368
1.873681
2.927532
2.526930
2.231839
2.609869
1.307802
-1.657535
2.119346
0.625485
-3.094010
0.632749
0.278300
-1.804540
3.141593
-2.297439
-2.906048
0.499347
-1.088283
2.095592
-1.180189
-0.856706
2.147172
-0.363979
-1.985303
-0.902507
-1.039072
-0.156602
0.876058
-2.530867
-1.825979
2.770701
1.363300
-1.969319
1.815775
-0.558599
0.119429
2.245537
0.588003
-0.398522
-1.618379
1.030377
-1.570796
0.935770
-2.777614
2.473303
-1.091277
1.768192
2.699218
1.275355
-0.982794
2.918116
1.570796
-2.743070
-1.180189
0.558599
-1.030377
-0.935770
0.909753
-2.245537
0.336675
2.843094
-2.293776
1.729452
-3.099950
-1.905533
1.929567
-2.512796
1.520838
0.305879
-0.197396
1.665748
0.588003
3.011890
0.000000
1.352127
0.588003
-1.212026
-1.892547
1.916352
-0.970746
2.539305
-2.137526
1.435269
2.245537
1.919567
1.446441
-2.111216
-2.936197
-0.554307
-0.694738
0.519146
-0.090660
2.850136
-2.677945
2.259721
0.614663
-2.196281
0.896055
-2.819842
2.196281
2.055274
-1.729452
1.236059
0.785398
-2.329174
-1.862253
-3.058451
-1.862253
0.352990
-1.523213
-0.205395
-2.622447
1.313473
-2.896614
-2.480549
-2.782822
-1.484058
2.944197
3.096169
-0.148890
1.128422
-0.283794
-2.323948
0.682317
-1.356736
-1.249046
-2.508844
0.755104
-0.052583
0.124355
0.554307
0.286051
-0.602287
-0.753151
-1.292497
2.414950
3.058451
0.188222
0.390607
-0.881872
-1.428899
1.934775
0.045423
-2.356194
-2.111216
-2.396173
-0.620249
-2.896614
-0.172191
-2.089942
2.657115
-0.876058
1.907471
1.843805
1.004067
1.570796
0.652847
1.190290
0.674741
2.819842
2.388441
-1.742987
0.524796
2.570255
1.675673
-3.022164
-2.259721
-0.442374
3.006065
-1.570796
-0.694738
2.239086
0.996491
1.356736
-1.037088
-0.870903
2.541542
0.950547
1.484058
-0.785398
-2.158799
0.278300
-2.356194
2.170847
-0.610726
1.435269
1.107149
-0.484478
0.722979
1.325818
1.279340
1.487655
-2.441700
0.927295
2.806856
-2.408778
-2.578276
-0.463648
1.657535
1.712693
-1.484058
2.034444
-0.896055
-1.794273
0.856706
-0.785398
2.414950
-1.051650
2.777614
-1.620755
0.336675
-1.435269
-2.697173
-1.365401
2.293776
-2.907849
0.856706
-0.463648
2.884269
-1.776192
-0.094952
-0.994421
-2.259721
-2.418613
1.460139
-1.965587
1.965587
-0.652847
0.152649
1.661456
2.016902
-3.101614
0.785398
1.856848
2.753274
1.046001
-1.299849
3.141593
0.283794
-1.039072
2.638749
2.743070
0.888480
-0.548549
-1.083897
1.941688
2.321725
-1.675673
2.819842
-0.049958
3.141593
-2.516108
-0.439843
-2.761086
1.058407
-0.600050
-2.607884
2.129396
-1.089909
-1.951303
-2.117585
-1.144169
1.147942
1.441094
0.714091
1.471128
-1.610775
2.289626
-0.574305
2.196281
-2.265535
1.275355
0.295441
2.918116
0.512389
2.819842
1.518213
0.785398
-1.961403
-0.945311
-1.088283
-1.421906
-0.352990
-0.334737
-0.815692
1.182478
1.742987
-0.244979
0.043451
-2.488746
-2.875341
2.838708
1.623379
-1.878849
0.231091
-2.565217
-2.325901
2.147172
0.635027
1.742987
1.866237
0.286051
-1.750650
-1.647568
-0.321751
-2.714965
1.398606
-1.804540
0.982794
-2.553590
1.712693
-0.444419
2.934096
1.616220
1.390943
1.421906
-1.451367
1.046001
1.206817
0.785398
-0.041643
-1.997424
1.570796
1.071450
-2.081285
-1.222025
2.601173
-0.174672
-1.862253
-1.742987
0.714091
-2.593043
-2.356194
0.785398
2.875341
-1.712693
2.070143
-1.742987
1.165905
-0.345556
-2.239086
-2.259721
-0.086738
-2.297439
0.876058
-1.398606
-1.199905
0.380506
-0.722979
2.181522
2.057696
2.055274
-1.451367
0.207496
2.731465
-1.869295
0.665969
-0.348771
-2.697173
0.785398
-2.697173
-1.217806
0.321751
0.278300
-3.099950
-1.421906
1.373401
-1.719686
2.170847
-1.876675
-1.916352
2.850136
2.475623
1.518213
0.745419
-2.388441
-2.731465
-0.380506
-2.927532
-0.909753
2.111216
0.714091
-1.030377
-0.881872
-1.695151
1.398606
-1.460139
-0.135528
-1.325818
-0.588003
2.582993
0.748378
3.091634
-3.075024
1.614247
-1.919567
2.777614
1.304544
1.471128
1.337053
0.000000
0.982794
0.507099
0.000000
-2.418613
-2.521343
2.293776
1.735945
1.217806
1.941688
1.046001
-0.422854
1.086318
-0.996491
2.761086
2.831890
-1.172274
1.325818
-2.034444
0.704494
2.770701
-2.459276
-1.141034
0.938047
-0.412410
0.404892
2.884269
-0.104877
-2.753274
-1.876675
-1.650626
-2.833540
-0.600050
-1.989021
2.323948
2.053310
0.000000
-2.777614
2.976444
-0.785398
-1.385448
0.868539
-2.488746
-1.525373
1.390943
-0.037020
-0.938047
-1.107149
-2.792822
-2.506566
-2.868584
-2.796037
-0.935770
1.969319
1.570796
2.411693
-2.512796
2.070143
2.498092
0.223477
-1.156289
0.255182
1.530818
1.313473
-2.868584
0.099669
1.206817
-3.098142
1.650626
-2.158799
-0.223477
-1.815775
-2.788602
-1.172274
-2.158799
0.785398
0.000000
1.815775
2.158799
2.539305
-0.336675
1.484058
0.927295
-2.907849
-0.960070
-1.612439
-1.959115
-2.437099
-2.070143
2.729182
0.994421
-2.384758
2.356194
-0.339293
-2.356194
1.046001
0.935770
-1.760785
1.190290
-1.904041
-3.099950
-0.442374
0.902507
3.141593
2.057696
1.484058
1.570796
0.785398
2.356194
1.695151
-2.944197
2.539305
0.442374
0.363979
-0.090660
0.439843
0.266252
-2.918116
0.141897
2.896614
1.363300
-2.488746
-1.532354
-0.218669
1.527345
-0.970746
1.742987
-1.959115
-0.702257
2.239086
2.327631
-1.144169
2.777614
-2.356194
2.196281
1.980924
-2.284887
0.099669
1.841743
-0.444419
2.134113
0.207496
-1.022247
-1.934775
-0.380506
1.876675
0.305879
-2.147172
0.442374
-2.203545
-0.718830
-1.203622
2.944197
-0.041643
-2.459276
-2.329174
-0.632749
-1.236059
2.788602
0.748378
2.951604
-1.866237
-3.011890
-2.300696
0.000000
0.119429
-0.524796
0.558599
-1.843805
-2.565217
-3.050933
-2.884269
2.111216
-1.607816
2.223643
-0.927295
-1.022247
-1.037088
3.041924
-0.099669
2.526930
-1.892547
-1.124691
-2.884269
2.297439
-2.319174
2.289626
-0.507099
1.892547
-0.970746
0.352990
-1.941688
2.601173
-0.372988
-1.523213
1.815775
-0.308053
-2.158799
-0.909753
-1.804540
2.293776
-1.784857
-3.096169
-0.295441
1.892547
-0.390607
1.620755
0.480887
1.421906
-2.835714
0.661043
2.289626
2.265535
2.565217
-2.498092
2.053310
-1.199905
1.993650
0.156602
-1.421906
0.055499
-2.134113
-1.325818
-2.432966
-1.373401
2.976444
1.937970
0.822418
-0.817645
-0.514451
-0.165149
-0.179853
1.742987
1.983207
-0.507099
-1.046001
-2.699218
1.529154
1.089909
0.822418
-1.435269
-1.398606
2.831890
1.675673
-1.685673
2.634494
1.856848
-1.661456
-3.017238
0.135528
-1.535097
0.909753
2.906048
-0.257324
-1.460139
0.043451
2.236766
-2.284887
-2.936197
0.119429
2.323948
2.944197
0.576375
-2.111216
2.253113
-0.404892
1.815775
-1.080839
-1.012197
1.487655
2.506566
-0.753151
-0.439843
0.398522
