-1.837048
2.833540
2.498092
1.197809
0.444419
-1.854590
3.026716
-2.356194
0.286051
0.866302
-2.384758
2.804918
-2.432966
-1.373401
-0.165149
2.809533
-0.124355
2.466852
0.960070
-2.984991
-1.107149
-1.307802
0.785398
0.463648
-2.616797
0.722979
-1.905533
3.101614
-2.819842
-2.085248
3.103150
-1.614247
1.249046
1.325818
-1.484058
2.446854
0.000000
1.347320
-0.363979
0.785398
-2.356194
-0.960070
-0.507099
2.293776
-1.794273
2.170847
-2.414950
1.866237
-2.662073
1.107149
-2.543174
0.058756
-0.197396
-2.325901
-2.221873
-0.708626
0.197396
-1.980924
-1.690225
3.091634
-2.753274
2.768605
1.405648
-0.755104
1.325818
-2.261243
-2.356194
-2.587285
2.388441
-1.644735
-0.197396
3.141593
2.418613
-2.050316
1.024007
-2.677945
-2.563691
0.694738
-2.245537
-1.806341
0.758378
-2.191046
2.731465
0.179853
0.404892
-2.034444
-0.576375
0.124355
-2.761086
-1.943784
1.661456
0.548549
-1.292497
-2.677945
-2.488746
-1.980924
2.064738
-2.914794
-2.886410
-2.303611
-0.996491
2.034444
-1.873681
-2.329174
0.917950
-1.525373
-0.334737
0.524796
1.833791
1.365401
2.714965
1.570796
-2.158799
-2.253113
-1.878849
1.969319
-0.394791
-1.484058
2.533791
1.997424
1.610775
2.982937
-2.662073
0.840897
-0.927295
-2.768605
-1.165905
0.039979
-0.635027
2.622447
-1.753907
-0.960070
-1.959115
1.570796
-1.347320
2.117585
1.626295
-2.015216
1.249046
-0.680521
3.022164
-0.055499
-0.600050
3.058451
-2.205823
-2.594804
-0.197396
-2.964884
-1.071450
-2.050316
-2.104505
-0.463648
0.856706
0.233743
-0.866302
-0.847817
0.625485
0.283794
-2.565217
0.372988
0.919720
-2.329174
0.270947
2.085248
-2.379446
0.000000
2.067219
2.085248
-2.727086
-2.145101
-1.776192
1.815775
-0.972377
2.085248
2.753274
-1.398606
1.365401
-3.022164
-2.782822
-0.170735
0.041643
1.190290
1.570796
-1.412141
1.768192
1.249046
1.866237
0.295441
-1.690225
-1.089909
2.205823
-1.091277
2.736701
-1.212026
2.085248
0.588003
0.099669
0.214061
-2.918116
0.352990
-0.358771
-2.129396
-0.482513
2.953371
2.149871
-2.843094
-0.927295
-1.156289
-1.356736
1.878849
-2.356194
-1.352127
2.191046
-0.811034
2.613518
0.426627
0.935770
-1.768192
-1.249046
2.251318
-0.278300
1.959115
2.383215
-2.199593
1.750650
-0.363979
2.384758
2.746802
1.815775
1.806341
0.960070
-0.244979
1.609239
0.463648
-0.372988
2.223643
2.647651
1.570796
2.951604
2.498092
0.753151
0.165149
-0.372988
-1.190290
-0.708626
-0.600050
1.160669
1.919567
-1.086318
-1.203622
2.325901
2.034444
0.083141
-1.325818
-0.037020
1.421906
1.849096
-2.819842
-2.473303
0.514451
-0.141897
1.657535
0.652847
0.588003
0.262995
2.034444
3.017238
1.335251
0.207496
-2.199593
-1.016489
-2.622447
0.881872
-0.682317
-0.479519
-1.610775
-0.880350
-0.390607
2.441700
-0.129703
3.050933
0.657889
-1.913820
-1.124691
1.089909
1.227772
1.905533
2.677945
2.530867
-2.622447
-1.144169
0.896055
2.774419
2.073640
-0.628796
2.411693
2.878598
-0.352990
0.661043
2.414950
2.508844
-0.554307
-0.410127
-2.918116
-2.261243
1.866237
1.929567
-2.437099
0.600050
-1.570796
-1.815775
0.577902
2.158799
-0.870903
-2.642246
-1.916352
2.064738
-2.437099
-3.022164
-0.090660
0.876058
-1.866237
1.365401
-2.634494
2.846152
-0.737815
-0.185348
0.668289
2.081285
3.104573
1.480136
-1.190290
2.490516
-1.768192
2.245537
-3.011890
-2.104505
2.976444
1.206817
1.160669
-0.380506
-2.677945
-1.570796
-1.681454
-2.594804
0.045423
2.804918
0.410127
-1.612439
-2.574863
-0.546789
0.996491
2.297439
-0.094952
1.806341
1.249046
2.134113
-3.098142
-1.797595
-2.782822
-0.278300
1.907471
-2.964884
-1.644735
2.906048
1.919567
2.887919
2.321725
-0.214061
-2.695487
-0.862170
-1.197809
-1.051650
1.390943
0.992894
0.288055
-1.144169
-3.026716
2.251318
2.275290
3.141593
2.868584
0.546789
2.466852
0.540420
2.325901
-1.570796
-0.444419
2.119346
0.881872
0.137066
-1.460139
0.000000
-1.004067
0.244979
0.463648
-1.460139
-3.099950
1.165905
-2.406153
-2.191046
0.189988
-1.067953
-3.011890
1.165905
1.776192
-1.042722
0.336675
1.653938
2.327631
1.107149
-2.441700
1.216091
3.103150
-1.297788
1.833791
2.982937
2.187093
-2.984991
2.388441
-2.170847
-2.695487
0.815692
-1.004067
-1.892547
2.695487
-2.711830
1.007480
-0.273009
0.244979
0.345556
-1.490966
1.642104
0.576375
-1.604117
-0.283794
-0.041643
0.179853
1.685673
3.141593
2.323948
-2.408778
1.060308
-0.588003
-1.496857
-1.484058
2.147172
-2.089942
-2.327631
2.383215
3.054854
-0.753151
2.147172
-2.498092
2.432966
-1.570796
0.079830
-1.570796
-2.034444
2.512796
-1.993650
-1.490966
-0.038443
-2.205823
-0.682317
1.382575
-1.951303
2.788602
-0.528074
-2.914794
2.857799
1.446441
-1.160669
-1.685673
3.061763
0.938047
3.082837
-0.840897
2.000559
2.782822
-1.446441
-2.768605
2.067219
1.856848
-0.439843
2.104505
0.732815
2.089942
2.300696
-1.487655
1.249046
0.636508
-1.570796
0.000000
-1.695151
-0.563316
0.295441
1.441094
2.857799
1.056345
-2.356194
3.141593
2.325901
2.490516
-2.601173
-0.942000
2.111216
2.207305
-1.141034
-1.455920
1.356736
2.414950
0.321751
2.073640
1.997424
1.837048
1.706324
1.527345
1.685673
0.000000
-2.927532
-1.206817
-1.156289
0.750929
2.279423
-2.461071
-2.279423
-0.651077
-0.197396
3.141593
-2.064738
2.181522
-2.951604
-2.178598
-0.815692
-1.051650
-1.570796
0.815692
2.593043
-1.650626
-2.804918
-1.199905
-1.128422
1.484058
0.960070
-1.347320
-1.837048
-1.570796
1.729452
1.913820
3.098142
-0.205395
1.016489
1.969319
-1.138389
-1.165905
-0.372988
0.148890
2.185459
-1.071450
2.857799
-2.553590
2.553590
0.244979
-2.265535
0.482513
-1.742987
2.958482
1.647568
0.502843
1.717875
-1.380808
2.969402
1.993650
-1.907471
-2.922924
1.487655
1.051650
0.680521
2.516108
1.951303
-0.235545
-2.999696
-2.553590
2.711830
2.380580
-2.804918
2.466852
2.013171
0.844154
1.206817
-2.958482
1.804540
-1.262744
-1.412141
-1.959115
-1.789465
-2.512796
0.152649
-2.191046
-2.711830
1.843805
-0.308053
-2.303611
2.167973
-2.992703
-0.158655
-2.969402
-1.490966
1.128422
2.234842
0.388319
-1.719686
1.335251
1.742987
3.026716
2.792822
-0.919720
-0.756835
-2.878598
2.961739
1.107149
0.571337
1.690225
2.587285
-2.473303
0.514451
-1.423718
-2.819842
0.000000
2.718739
1.650626
0.235545
1.806341
-0.876058
-2.327631
-0.436627
-2.695487
3.004526
0.179853
-2.158799
0.083141
-1.182478
1.768192
-0.426627
-0.909753
3.141593
-0.729900
0.912908
0.205395
-1.004067
2.034444
-0.295441
0.336675
2.383215
0.665969
0.636508
1.315614
0.870903
2.034444
-1.750650
0.643501
2.228685
-0.358771
2.073640
-2.530867
2.961739
2.384758
1.170556
-2.191046
1.418147
0.643501
-0.533708
0.037020
-0.729900
-2.567288
0.973620
1.907471
0.756835
-1.695151
-2.323948
-0.554307
-1.317122
-0.935770
2.819842
-2.228685
-2.516108
-2.142134
2.356194
2.878598
