2.976444
-2.432966
-2.927532
-0.207496
1.182478
0.047583
-1.042722
0.722979
-0.233743
0.135528
-2.223643
-0.625485
-2.259721
-1.042722
1.165905
2.293776
-3.011890
2.111216
2.429235
-1.778293
-1.292497
2.199593
1.237552
2.034444
-2.178598
-0.348771
0.714091
-2.379446
1.768192
-0.652847
2.694073
-2.329174
0.847817
0.119429
0.000000
2.169215
-0.188222
2.483704
-1.051650
0.334737
-0.817645
1.418147
-0.620249
-0.429762
1.681454
2.199593
3.011890
-2.483704
-1.849096
-1.905533
-1.570796
-2.187093
-1.913820
0.652847
2.964884
3.070285
-1.523213
-1.650626
-2.147172
-0.442374
-2.969402
0.682317
-1.144169
0.390607
-1.937970
2.019520
-2.582993
1.529154
-2.777614
-1.904041
3.099950
-1.123276
-0.680521
1.706324
-0.283794
2.158799
0.000000
0.000000
-0.049958
2.553590
-2.034444
2.727086
-0.890275
-2.089942
-0.058756
-0.286051
-0.176709
1.989021
-2.741352
-1.387686
-2.145101
1.365401
3.099950
0.422854
0.499347
-0.041643
-0.950547
0.298499
-2.231839
-2.051684
1.993650
0.034469
1.706324
0.729900
0.270947
2.125104
-1.122073
2.741352
-2.094075
1.234122
0.463648
3.141593
-1.839964
1.058407
-1.083897
-1.206817
-0.753151
1.039072
0.714091
-0.722979
1.455920
2.386488
2.437099
-1.609239
2.015216
-2.089942
-1.071450
-2.223643
0.919720
2.857799
2.441700
-0.463648
0.114877
-1.039072
-0.380506
3.030935
-3.064821
3.096169
1.107149
-2.323948
3.070285
3.105894
1.759018
-2.872425
1.612439
-3.004526
-2.049149
0.610726
2.819842
-1.130954
1.695151
-1.421906
-0.266252
2.169215
-0.866302
-2.553590
-1.141034
1.197809
2.178598
1.975688
1.373401
0.847817
-1.272297
-2.013171
-2.918116
-0.348771
1.971037
-0.643501
-0.722979
-2.191046
1.152572
1.858852
-1.387686
2.356194
-2.205823
-0.753151
-0.321751
0.540420
-0.104877
-2.111216
0.785398
0.996491
-1.356736
-1.304544
1.735945
-1.249046
-2.018316
1.523213
0.832981
-2.819842
-2.053310
-0.945311
-1.237552
-1.904041
2.601173
-2.753274
0.558599
3.141593
0.546789
2.868584
-0.888480
2.158799
2.452668
-1.937970
-2.147172
0.652847
1.866237
-0.183111
-2.201876
-2.461071
0.352990
-0.643501
0.588003
-0.135528
-2.697173
1.160669
-2.677945
-2.169215
-0.832981
-0.643501
-2.034444
0.000000
-2.808348
2.753274
-1.695151
-2.677945
2.505084
0.699893
-1.165905
0.000000
-2.808348
-2.380580
1.614247
-1.418147
2.455863
-2.878598
-0.620249
-1.789465
-2.786887
-0.188222
-3.004526
-0.496423
-1.089909
-2.381830
2.961739
-2.587285
-2.214297
0.546789
-0.699893
2.607884
0.919720
2.441700
-0.514451
-0.750929
-1.123276
1.607816
2.777614
-2.711830
3.103150
-1.965587
2.846152
-2.741352
-0.226799
0.262995
-2.761086
0.840897
-2.427502
-2.034444
1.750650
-0.363979
1.412141
-2.134113
0.000000
-2.863293
-0.962994
2.381830
-2.308611
-0.298499
1.647568
-0.785398
-2.699218
2.411693
0.847817
1.022247
2.659079
-1.067953
-0.785398
1.618379
2.727086
-0.404892
-0.577902
0.041643
-1.570796
0.148890
0.635027
0.674741
-2.356194
1.951303
0.982794
-2.896614
1.007480
0.566729
-2.356194
1.794273
-1.039072
-0.231091
-0.657889
-1.618379
-0.558599
2.631104
-2.147172
3.105894
0.000000
2.741352
-0.819867
-3.030935
2.936197
-1.642104
-1.880499
2.567288
-0.041643
0.554307
-0.906750
-2.455863
2.886410
0.165149
2.994514
1.091277
2.857799
1.107149
0.482513
1.919567
-0.876058
-0.152649
2.727086
2.904744
0.785398
1.455920
2.214297
0.348771
1.707863
0.745419
-1.091277
0.052583
-1.262744
-2.145101
-0.540420
-0.094952
2.441700
-2.804918
-2.018316
-2.512796
-1.533776
-0.708626
0.463648
-1.307802
2.055274
1.176005
-2.961739
-2.466852
-1.315614
0.972377
3.141593
-2.565217
-1.907471
1.060308
-1.837048
-0.038443
-1.152572
-2.147172
-0.426627
2.982937
-2.736701
0.414507
0.442374
-0.753151
-2.806856
-2.539305
-0.426627
-2.446854
1.892547
0.398522
-0.970746
2.543174
2.695487
-1.815775
1.086318
1.642104
1.530818
3.141593
-0.273009
-2.275290
2.870646
1.530818
3.104573
1.959115
2.147172
2.992703
2.073640
-0.851966
1.815775
2.095592
1.907471
1.993650
-0.635027
-0.079830
1.759018
-1.464061
-1.343997
2.638749
-3.006065
0.158655
0.811034
-0.321751
3.105894
-0.414507
1.570796
1.441094
-1.753907
0.233743
-0.927295
-2.638749
-0.197396
0.847817
-3.034857
0.759763
-2.490516
-0.305879
2.356194
-0.785398
2.896614
2.073640
1.925502
2.223643
-0.447520
-0.524796
0.165149
-0.851966
1.647568
-2.563691
2.085248
1.063698
-1.365401
-2.512796
-1.759018
0.917950
1.182478
2.857799
-2.969402
-2.381830
1.997424
-2.565217
-0.442374
0.358771
0.785398
0.643501
-1.907471
-2.158799
-0.785398
-0.837981
0.045423
-1.180189
-1.496857
-0.811034
0.099669
-1.037088
1.527345
-0.037020
-2.806856
-2.533791
-1.051650
-3.022164
2.589938
0.043451
2.694073
-1.359703
1.735945
-2.441700
3.107124
1.412141
-1.067953
1.304544
-1.352127
2.158799
-0.398522
0.714091
0.283794
2.927532
-1.071450
3.058451
2.553590
-0.147078
-2.927532
-2.792822
-2.018316
-1.359703
-3.009041
2.654693
0.708626
-1.067953
-2.483704
2.796037
-2.512796
-3.030935
-1.107149
-1.147942
-1.039072
1.089909
2.718739
1.706324
-0.223477
1.262744
3.105894
1.530818
2.245537
-2.944197
2.451146
-2.937575
-0.815692
-1.347320
-0.785398
-1.107149
2.095592
-2.768605
-1.768192
-0.266252
3.064821
1.849096
-2.521343
2.846152
0.837981
-0.400241
2.306236
1.317122
-0.817645
2.386488
-2.774419
-2.875341
-2.129396
-1.858852
-2.214297
-0.207496
0.726642
1.618379
1.653938
2.051684
2.587285
1.382575
-2.809533
-2.125104
-0.753151
-2.613518
0.363979
1.124691
0.094952
2.055274
0.404892
-0.463648
-1.056345
-1.124691
1.126377
1.925502
-2.694073
-1.138389
-1.609239
1.880499
-0.950547
2.657115
-1.487655
1.107149
-1.742987
-1.471128
-1.570796
-1.190290
-0.348771
-0.652847
2.437099
2.228685
0.214061
-2.782822
3.141593
1.959115
-1.212026
3.030935
-1.525373
-1.124691
-2.102520
1.993650
2.013171
2.563691
0.414507
2.982937
-0.386876
2.843094
0.484478
-2.085248
0.278300
-2.553590
2.638749
1.969319
0.086738
-2.982937
-2.259721
0.283794
-1.042722
-1.292497
0.607802
2.034444
2.819842
-0.083141
0.968509
-1.147942
1.969319
-1.212026
-2.356194
-2.265535
-1.356736
-1.642104
0.755104
0.000000
0.380506
2.746802
-2.480549
1.016489
2.207305
-2.403778
1.943784
1.837048
0.257324
1.993650
1.878849
2.761086
-1.275355
-0.528074
-1.904041
1.197809
1.016489
0.283794
1.945130
-0.257324
1.165905
-1.414194
-1.677532
2.907849
3.104573
1.665748
3.141593
-1.275355
-2.293776
0.422854
1.869295
0.574305
-1.144169
-2.727086
-1.614247
0.418224
-3.094010
-0.935770
-1.570796
1.833791
1.675673
-0.809784
-1.934775
1.833791
1.176005
2.384758
-3.004526
-0.235545
0.205395
0.844154
0.390607
0.588003
0.847817
-2.927532
-2.521343
-2.081285
-0.141897
2.642246
-0.321751
0.233743
-1.712693
1.396124
-2.922924
1.056345
2.936197
2.085248
0.348771
-0.083141
2.356194
-2.178598
