-0.992894
0.514451
-2.034444
1.570796
0.183111
-1.975688
-2.695487
-1.138389
0.172191
-0.674741
1.723446
2.228685
1.071450
3.022164
0.558599
-2.553590
2.270689
9.504608
2.741352
2.587285
2.887919
1.532354
-1.451367
2.384758
0.896055
-2.922924
0.960070
0.668289
-1.499489
-2.951604
-2.067219
-2.694073
0.732815
-0.890275
2.411693
-1.107149
-0.546789
2.384758
-0.114877
-1.768192
-0.643501
-0.870903
0.176709
1.089909
-2.429235
-1.570796
9.309901
1.365401
-1.707863
2.147172
-0.345556
0.321751
2.553590
0.832981
-0.189988
-1.535097
1.249046
-1.380808
1.141034
-2.627141
2.753274
-0.785398
2.053310
2.843094
1.570796
-0.759763
9.498717
1.570796
-2.543174
-0.912908
0.817645
-0.890275
-0.732815
1.190290
-1.943784
0.610726
9.387758
-2.070143
1.985303
-2.830594
-1.570796
2.169215
-2.331809
1.570796
0.598419
-0.035699
1.797595
0.712358
3.345611
0.189988
1.530818
0.870903
-1.004067
-1.690225
2.051684
-0.708626
2.677945
-1.925502
1.723446
2.483704
2.169215
1.690225
-1.971037
-2.695487
-0.295441
-0.348771
0.885067
0.114877
9.424778
-2.477546
2.381830
0.785398
-2.034444
1.037088
-2.574863
2.303611
2.303611
-1.496857
1.460139
0.992894
-2.098871
-1.612439
-2.796037
-1.535097
0.610726
-1.212026
0.000000
-2.437099
1.373401
-2.677945
-2.148698
-2.466852
-1.212026
-3.072736
-2.857799
0.183111
1.261093
-0.038443
-2.018316
0.935770
-1.160669
-0.927295
-2.505084
1.051650
0.288055
0.482513
0.785398
0.588003
-0.400241
-0.546789
-0.896055
2.782822
9.501550
0.519146
0.620249
-0.643501
-1.107149
2.034444
0.183111
-2.137526
-1.880499
-2.256526
-0.309703
-2.490516
0.124355
-1.880499
3.030935
-0.651077
2.270689
2.085248
1.435269
1.815775
0.761013
1.610775
0.994421
3.105894
2.466852
-1.570796
0.729900
2.843094
1.806341
-2.741352
-2.085248
-0.218669
3.345611
-1.307802
-0.372988
2.441700
1.275355
1.428899
-0.919720
-0.620249
2.792822
1.123276
1.760785
-0.514451
-1.833791
0.499347
-2.067219
2.411693
-0.333244
1.723446
1.387686
-0.158655
1.030377
1.610775
1.400061
1.729452
-2.228685
1.190290
2.878598
-1.980924
-2.330559
-0.189988
1.943784
1.965587
-1.259798
2.228685
-0.699893
-1.642104
0.960070
-0.708626
2.677945
-0.844154
3.067654
-1.141034
0.576375
-1.037088
-2.498092
-1.071450
2.441700
-2.607884
0.982794
-0.152649
3.107124
-1.609239
0.188222
-0.759763
-2.070143
-2.125104
1.647568
-1.650626
2.125104
-0.298499
0.321751
1.919567
2.300696
-2.964884
0.972377
2.207305
2.976444
1.156289
-0.994421
-2.906048
0.563316
-0.811034
2.768605
3.004526
0.994421
-0.244979
-0.919720
2.221873
2.582993
-1.455920
9.383135
0.253674
-2.922924
-2.251318
-0.041643
-2.607884
1.183921
-0.205395
-2.512796
2.356194
-0.866302
-1.869295
-1.878849
-0.950547
1.490966
1.650626
1.060308
1.723446
-1.275355
2.411693
-0.309703
2.414950
-1.880499
1.685673
0.414507
3.075024
0.661043
9.272129
1.735945
1.042722
-1.768192
-0.668289
-0.674741
-1.123276
-0.158655
-0.079830
-0.610726
1.380808
2.089942
0.034469
0.463648
-2.207305
-2.694073
2.951604
1.833791
-1.690225
0.554307
-2.245537
-2.137526
2.381830
0.927295
2.016902
2.067219
0.588003
-1.533776
-1.380808
0.000000
-2.437099
1.781890
-1.605265
1.333948
-2.455863
2.034444
-0.269167
3.108272
1.815775
1.681454
1.494024
-1.212026
1.212026
1.317122
1.037088
0.124355
-1.695151
1.833791
1.287002
-1.768192
-0.919720
2.868584
0.000000
-1.729452
-1.532354
0.909753
-2.461071
-2.148698
1.016489
9.463221
-1.460139
2.437099
-1.570796
1.315614
-0.079830
-1.951303
-2.067219
0.152649
-2.051684
1.141034
-1.212026
-1.012197
0.668289
-0.422854
2.432966
2.437099
2.256526
-1.197809
0.598419
3.099950
-1.753907
0.950547
0.039979
-2.505084
1.007480
-2.432966
-1.004067
0.540420
0.446106
-2.944197
-1.237552
1.537475
-1.533776
2.411693
-1.747505
-1.460139
3.141593
2.677945
1.797595
0.972377
-2.245537
-2.525296
-0.189988
-2.645170
-0.862170
2.384758
0.815692
-0.756835
-0.566729
-1.343997
1.685673
-1.144169
0.223477
-1.107149
-0.321751
2.782822
1.156289
-3.004526
-2.774419
1.880499
-1.650626
2.994514
1.494024
1.609239
1.405648
0.189988
1.182478
0.699893
0.429762
-2.070143
-2.279423
2.574863
1.833791
1.460139
2.205823
1.262744
-0.119429
1.365401
-0.759763
2.988943
9.266123
-1.004067
1.612439
-1.854590
0.812419
3.099950
-2.330559
-0.973620
1.056345
-0.170735
0.620249
3.064821
0.039979
-2.606638
-1.768192
-1.460139
-2.746802
-0.358771
-1.880499
2.574863
2.279423
0.463648
-2.694073
3.070285
-0.598419
-1.004067
0.994421
-2.306236
-1.428899
1.650626
0.114877
-0.699893
-0.759763
-2.631104
-2.330559
-2.660705
-2.533791
-0.598419
2.148698
1.815775
2.582993
-2.356194
2.270689
2.831890
0.588003
-0.866302
0.463648
1.700499
1.387686
-2.647651
0.410127
1.484058
-2.831890
1.951303
-1.797595
0.038443
-1.455920
-2.662073
-0.866302
-1.971037
0.972377
0.266252
1.951303
2.330559
2.868584
-0.114877
1.690225
1.412141
-2.677945
-0.785398
-1.335251
-1.650626
-2.221873
-1.843805
2.982937
1.261093
-2.053310
2.774419
0.273009
-2.169215
1.141034
1.222025
-1.533776
1.455920
-1.690225
-2.872425
-0.119429
1.234122
9.544207
2.134113
1.789465
1.760785
0.960070
2.875341
1.965587
-2.694073
2.694073
0.735440
0.588003
0.114877
0.729900
0.447520
-2.607884
0.463648
9.463221
1.484058
-2.306236
-1.272297
0.172191
1.768192
-0.726642
1.965587
-1.985303
-0.510488
2.306236
2.483704
-0.840897
2.999696
-2.207305
2.441700
2.181522
-2.129396
0.321751
2.239086
-0.446106
2.441700
0.628796
-0.699893
-1.815775
0.086738
1.965587
0.546789
-2.034444
0.668289
-1.797595
-0.414507
-0.972377
9.496085
0.295441
-2.098871
-2.000559
-0.321751
-0.962994
9.300423
0.970746
3.218365
-1.673878
-2.830594
-2.137526
0.071307
0.588003
-0.348771
0.813962
-1.570796
-2.256526
-2.878598
-2.587285
2.384758
-1.373401
2.275290
-0.496423
-0.785398
-0.815692
3.288671
0.309703
2.914794
-1.609239
-0.785398
-2.533791
2.563691
-2.003204
2.638749
-0.343024
2.104505
-0.758378
0.496423
-1.681454
2.951604
-0.158655
-1.325818
1.916352
-0.147078
-1.957672
-0.620249
-1.530818
2.642246
-1.535097
-2.930499
-0.253674
2.170847
-0.158655
1.815775
0.756835
1.606495
-2.521343
1.030377
2.505084
2.613518
2.796037
-2.303611
2.279423
-0.942000
2.327631
0.563316
-1.176005
0.309703
-1.965587
-0.962994
-2.381830
-1.144169
9.501550
2.199593
1.051650
-0.546789
-0.211093
0.041643
0.135528
1.959115
2.085248
-0.295441
-0.726642
-2.483704
1.735945
1.356736
1.074374
-1.190290
-1.088283
9.314121
1.858852
-1.464061
2.727086
2.205823
-1.412141
-2.768605
0.410127
-1.405648
1.275355
9.424778
0.037020
-1.190290
0.298499
2.490516
-2.098871
-2.627141
0.410127
2.437099
2.999696
0.785398
-1.937970
2.411693
-0.083141
2.158799
-0.972377
-0.813962
1.760785
2.806856
-0.499347
-0.073939
0.588003
