0.256151
2.761086
-2.356194
3.314838
-3.966970
-2.831205
2.929161
1.892547
-9.259629
-0.862170
2.372586
5.034140
0.380506
-2.453921
7.362818
7.583035
6.812775
-2.670133
15.897162
6.715593
2.985998
1.061725
2.399645
-7.685385
-2.316216
6.564957
-2.589938
5.202346
0.321751
1.030377
-1.637364
7.540361
-0.909753
-6.757585
-0.955176
2.746802
-7.873979
-2.501823
1.451367
-0.073041
0.188222
-0.189988
-0.726642
-2.217555
7.214596
0.904827
7.156591
8.317629
-2.191046
-0.960070
0.293589
-7.306419
-2.948892
8.258873
3.027801
-1.883698
9.805284
-0.365747
-5.680898
4.112339
-0.021736
-3.312972
-0.572966
0.785398
-2.837592
-0.739277
2.168555
4.809642
0.687671
2.169215
5.023387
1.487655
5.764039
-5.861766
-4.767887
2.542417
2.150799
1.453688
1.875307
1.302430
-1.249046
-0.994421
7.942638
-0.186979
-0.259332
7.172683
2.594804
7.191252
3.086094
-4.672410
6.837493
3.438657
-1.405648
-2.283857
-2.843094
7.131002
3.321446
-0.993604
-2.727903
-1.373401
2.647651
-2.273053
-0.060532
1.448954
0.418224
-0.814801
-0.270947
3.484617
0.978369
15.832318
-2.994514
1.396124
-3.358466
-2.564400
2.746802
-5.117281
2.851746
1.520838
9.485926
-0.728317
-1.832510
1.283515
7.260979
2.521343
5.497787
1.518213
2.010639
0.146012
-1.048962
-3.056087
1.144169
-2.746802
1.195526
2.514850
-4.171969
8.364470
-8.896704
-1.292497
2.118359
2.239086
-0.099669
-0.961633
-0.058756
2.313966
1.955401
9.403948
2.460294
1.929567
-6.547149
3.041924
0.485622
-0.178093
2.931953
5.828883
1.935998
0.365747
-0.617756
2.594804
-1.325818
7.259768
-0.551655
2.408778
9.528570
2.370686
0.741947
3.158832
7.145355
2.231839
7.218955
0.885067
-0.041643
6.709813
3.017238
-0.982794
-0.519146
-2.026247
-7.986533
2.501823
2.940638
0.302885
4.272546
-1.089133
-2.426501
4.124386
3.067654
14.393318
7.490003
-2.106608
-7.688833
8.137776
1.570796
-2.320495
8.272206
2.034444
2.245537
3.362421
-0.837981
-4.143076
-0.124355
-0.906022
-0.628796
-2.343208
8.382056
-2.643770
-0.165149
-7.987793
-0.336675
3.433049
2.704965
2.768605
-2.138901
4.449394
1.687905
1.762844
7.153127
3.605240
-3.605240
2.925042
-0.455101
1.881184
-5.888394
-1.471128
-9.084396
-0.328120
3.334804
-2.765632
-1.046001
1.388628
2.235571
9.569590
4.877538
-7.873587
7.499984
-7.334836
7.570188
-0.454302
-2.004750
-0.988891
-7.648586
-1.772559
0.144812
10.583164
-2.034444
0.321751
7.036337
1.570796
2.999696
2.408778
3.645219
2.553590
-0.550386
-1.951303
-1.954966
-7.390334
3.342910
2.259721
3.638015
-2.505754
4.467410
-0.291457
-0.075329
-0.765793
4.712389
-0.298499
-0.614663
-0.291457
2.316216
3.898427
6.833038
2.948381
0.232104
-0.429762
0.463648
0.631691
1.325818
-4.712389
-2.506566
2.251318
3.013269
-1.165905
-0.231091
-3.619945
-2.646041
-6.283185
-2.480549
7.478711
6.786029
2.668686
-1.292497
2.299114
8.070532
-2.235571
0.569313
2.543174
2.744513
-1.919567
4.400347
6.820096
2.439336
-0.537285
-4.595280
-7.400138
0.176709
3.076467
2.276995
8.639380
-0.347062
-7.675889
-8.797470
2.730528
-1.723446
-1.676781
6.081423
4.799127
3.302968
-0.185348
2.790148
2.080389
-0.658806
-0.051237
0.583077
6.980576
3.452591
1.420984
0.478352
-6.973632
-0.192701
1.296629
-1.951303
8.282246
3.407845
2.297439
7.276789
3.052543
6.166077
-2.525973
-2.507210
2.596729
-8.343939
-4.390638
-0.669639
7.114007
7.265979
3.874408
3.906585
1.687905
-1.042722
0.179853
2.601173
-0.185348
0.267910
2.052460
8.354995
1.423718
0.532844
-2.147989
-1.288241
-7.693219
7.354635
1.917858
-1.997424
-9.029987
4.092139
5.577617
-1.098299
1.418147
0.134321
3.106519
6.085790
-2.739272
1.570796
-0.915101
0.388319
2.578276
-2.356194
5.831732
8.078216
-4.990689
2.022249
0.334737
4.655308
6.778737
-2.383215
-0.334737
0.669043
1.975688
6.865925
-2.700413
0.214061
-5.000444
-4.675369
-3.174914
-0.321751
-1.349482
2.736701
-2.397267
0.215358
-1.339706
4.576861
-1.653938
-0.437791
-1.863983
1.833791
2.270689
0.023252
0.369334
3.061763
-3.075024
-5.975133
-2.573068
1.489344
2.235571
6.201733
-0.040794
1.941688
-2.034444
-2.236766
2.312744
-2.164146
6.792256
0.110657
4.547240
8.509677
-1.126377
-0.165149
9.227382
5.675383
-1.640857
3.576263
-1.107149
-4.115212
-7.810531
2.622447
-0.551655
-5.550370
-0.819867
-1.249046
-0.040794
4.887061
-0.674741
2.889038
4.957368
3.454494
10.305128
-3.386571
-0.610726
2.285888
0.207496
1.499489
-0.453339
-1.570796
3.162423
-2.206635
-0.940395
4.215046
-0.348771
-4.746858
-0.375271
-0.908067
-2.118359
6.841785
3.086094
0.257324
0.191184
2.301703
-1.745469
-1.190290
6.957926
3.843850
2.757423
8.135214
-0.119429
-8.912389
2.502679
6.185458
6.944228
11.300085
-1.538549
-0.073939
-0.593750
7.068583
-2.525973
-1.205049
-0.960070
2.414950
9.268176
2.469986
-8.850473
2.704965
2.668686
8.567042
5.434044
11.192970
-4.579837
-0.565149
-4.736194
2.034444
3.294242
0.974597
7.575682
-16.351464
-2.825977
-1.249046
-2.279423
3.228331
-2.034444
-0.000000
2.395136
-5.365236
6.764849
2.451146
6.096698
7.006165
-7.473475
1.892547
-2.507570
2.111216
2.492597
2.873682
-7.932253
-2.736701
-6.357124
-7.114007
2.831890
2.922924
2.688814
-0.438337
4.017651
4.764972
-0.066568
2.462179
-0.137066
-2.813473
-1.979704
4.355769
-0.934958
4.150467
-1.402199
7.334836
-5.888394
2.139321
-7.978337
-0.429762
2.559240
-0.482513
-0.295441
-4.448425
-2.329174
-1.913820
8.572812
0.919720
-7.853982
0.165149
-7.966709
-2.905347
1.787347
7.967774
-2.111216
4.914711
2.214297
2.407432
-0.657075
9.679960
-7.833576
0.785398
7.468099
0.000000
-1.266795
0.445301
-1.644735
-2.819842
2.384758
5.376435
7.365648
4.446137
1.040023
0.251690
1.107149
-8.785392
-1.287002
-3.287605
-2.666582
-2.612003
6.023854
-2.896614
-0.588003
-1.297788
6.337677
7.913910
-3.433049
-7.741254
2.725528
-1.079633
-0.445301
-0.906022
-10.830426
1.388628
-0.244979
-0.273009
-6.746833
-0.368696
8.300087
1.548578
-7.290665
-1.123954
2.910502
7.127339
3.797288
1.937970
2.594804
5.907224
2.218608
2.850136
7.427354
-0.225277
-0.896055
8.774908
-0.544864
-0.798731
2.686873
-0.315215
-4.754032
2.982241
0.851966
-0.556166
6.514276
-0.000000
-1.152572
1.856848
2.419938
2.731465
-8.182102
-0.192701
2.837592
-2.076087
-5.478182
0.946773
-8.482778
2.740364
3.754800
0.244979
0.558599
-1.026516
-2.276995
-0.363979
3.415760
1.591627
-6.581684
-6.049442
2.235571
3.011890
3.349089
-1.589662
-0.669639
2.601173
-2.137526
2.226492
-0.298499
-5.176037
-2.896614
-1.465919
2.473303
0.785398
7.352968
5.864961
-2.312744
0.145310
1.690225
6.834840
0.124355
4.376750
4.685369
2.307054
8.132281
0.628796
-0.700854
6.353246
4.846710
0.960070
2.665897
-8.816976
6.248716
-1.030377
-8.572812
-0.805003
3.141593
-0.635838
-2.616009
-2.142134
-0.334737
