2.299114
2.591207
7.773078
-2.025516
-0.126592
-1.085174
-2.199593
-2.452668
7.893960
2.150799
7.143072
8.505058
3.386571
2.174026
2.693448
-2.398423
-8.291773
1.358364
0.857735
9.544207
7.699663
5.931141
-0.957026
-7.521362
9.037902
7.815539
-7.732139
0.436627
2.669471
1.307802
6.021472
7.378971
7.206170
-0.399515
-2.016097
0.083141
0.297064
3.202125
2.949545
2.218188
3.180035
-0.549374
1.363300
-8.012637
-8.719667
3.177940
5.914489
-1.107149
7.097987
2.142134
-2.265535
6.944228
-8.333501
-7.873587
1.297137
-0.289504
-8.166024
-5.076368
7.004157
-0.898549
2.324955
0.684295
0.348771
-1.617274
-1.608514
3.252250
7.400643
-7.853982
0.099669
7.131790
-0.499347
9.684110
-1.254510
3.010277
-2.239839
-0.034469
0.030294
2.944197
-1.480136
3.106519
-0.041643
9.638839
1.843805
3.121987
0.499347
8.242300
-2.356194
-2.097424
7.604729
7.407876
0.772066
2.521343
5.713872
15.767891
3.488654
-2.558853
2.967921
1.199087
0.874054
7.357559
0.232557
-0.526627
2.935269
-3.032931
7.492778
-0.717012
4.581074
-7.889681
0.982794
8.292841
2.609869
-4.369365
-2.003204
2.614965
-1.992801
0.037020
0.097727
-0.943488
-0.028564
-0.189988
-0.669043
0.575425
-0.620249
2.563691
8.525588
8.416480
-1.985303
3.585041
-2.565217
2.313966
7.322258
3.072736
2.736701
3.614499
-7.955328
1.539556
-2.397267
0.463648
1.125495
7.398881
7.379582
-2.096380
-1.014197
2.101570
2.651635
1.692148
8.275987
3.002497
5.927549
-0.831519
-1.261866
-1.078987
-0.463648
9.424778
-2.446854
6.554132
0.677708
0.165149
3.089010
9.683030
3.063322
1.365401
0.453844
7.231311
-2.667193
-1.483301
-0.499347
1.358364
-0.674741
-15.038920
-0.376490
3.534651
2.896614
-0.372988
-0.593350
0.971621
-0.454719
2.904744
7.054092
2.356194
0.482513
-7.456354
-1.650626
-1.937970
1.664858
0.482513
1.989021
-0.183111
0.154319
12.844670
2.001935
-0.295441
0.896055
-2.356194
-1.644735
-0.927295
-8.024717
-0.906022
-0.000000
-7.463375
0.239232
2.402316
0.626261
-2.176341
-0.889498
-1.590025
-5.022092
1.647568
-0.057628
0.110657
-1.673878
-1.141034
-0.455451
-2.317752
-7.953650
-0.159913
4.621729
-0.095859
9.707333
-1.951303
-1.363300
-2.411693
2.571209
2.341270
-1.975688
8.226969
9.526985
2.193996
2.601173
7.382522
2.865787
-9.285338
-5.910198
0.215358
8.361080
-2.523837
-2.553590
-2.920764
-0.132552
-15.396965
-2.034444
0.000000
-0.258252
2.825977
-7.991048
1.840645
2.254506
2.343208
8.307320
1.728565
1.570796
0.729900
3.493037
2.122451
1.553557
2.813473
2.669096
0.186979
2.806856
-1.163165
0.593350
5.007119
0.610726
3.508766
1.428899
1.570796
-0.977446
-0.316569
9.282881
-1.903416
9.634418
0.365747
5.839737
3.010277
-2.525973
7.362818
-8.132281
-0.759088
0.688924
-4.948634
9.388430
0.078271
-0.438859
2.850136
2.470449
7.539224
-1.490966
-0.204018
1.063698
-0.080904
12.031416
1.646125
2.199593
-8.011750
2.837592
3.046641
0.141897
-1.959115
-2.573068
-1.898916
-1.107149
-0.402321
0.501013
-0.605545
0.839400
-2.169215
6.623567
7.595729
8.169597
-2.356194
0.394791
7.412802
-1.262744
-0.147078
1.197809
3.005190
-8.015357
3.141593
9.589927
7.165057
-2.512796
2.761086
-1.869295
-8.026172
7.455459
7.068583
0.249587
9.316507
2.441700
-2.547843
-2.221873
-0.299776
2.454468
-1.451367
-2.525973
15.807632
2.863293
8.677336
3.230642
1.331053
1.116077
-1.729452
-1.913820
2.650429
-0.823355
-1.186627
13.203441
7.260232
2.149871
0.885067
-1.349968
6.914876
-7.872847
3.409503
-1.899846
-0.431139
0.869536
-2.770701
-1.343997
-2.419401
2.111216
7.133010
-1.730148
-7.313562
0.855705
7.499984
1.482789
-1.539556
-1.783228
2.356194
-2.547379
0.904827
0.211093
2.287808
-0.083141
-1.538549
-0.657075
-0.745419
7.520737
7.377514
-0.872137
12.618049
1.892547
-0.824340
0.000000
-1.492525
1.634540
0.643501
3.585041
0.025635
-1.269876
0.056543
13.385464
2.733961
-2.491722
7.545929
0.572966
-2.043703
-0.502090
-0.483447
-1.215160
2.677945
-7.885221
7.853982
-2.538363
2.609869
12.478875
-1.497756
-1.413028
9.622174
1.735945
0.156602
8.394401
1.379612
2.604682
7.195176
2.327631
6.239734
-2.655561
7.678042
6.437130
2.102520
6.283185
1.746736
-1.673878
-1.405648
0.492486
1.071450
3.255847
7.902723
2.498092
3.474837
7.097987
2.753274
0.266252
0.505290
7.173460
-0.228103
3.045119
0.391700
-1.007480
-2.480549
-2.810497
-8.807977
-2.025516
-0.133811
2.015216
2.607884
0.264488
13.414976
13.549164
-1.004067
-0.424832
2.769525
-7.492778
-7.897433
-2.369527
7.647658
-1.419421
8.024717
0.300920
0.179853
-7.740831
3.244674
-0.301619
-1.004067
-0.076772
1.441094
-1.899846
15.897162
-7.441571
-1.411445
-1.279340
2.342862
15.957550
-1.551191
7.321138
3.360262
2.463473
-0.739975
-0.387524
-0.433581
-2.034444
0.205395
1.259798
-8.433546
3.049263
0.687124
7.214596
-5.071160
1.361156
-0.348771
-0.832981
5.679436
2.694073
1.806341
-1.833791
-2.356194
-1.962496
0.473356
-0.592697
-2.652740
0.607802
9.404373
0.605545
6.816893
7.277606
7.490003
-7.543594
0.269849
2.386488
0.476467
-0.615620
-1.321834
-0.419880
7.752293
-1.212026
0.179853
-0.927295
7.040020
-2.666582
-0.063743
-2.393215
1.462135
1.821239
8.338460
2.464206
-0.205395
-1.849096
2.807648
-1.661456
0.435353
6.764849
0.463648
1.448954
2.292451
1.674589
1.732634
7.437543
2.267539
7.872847
-0.413689
0.097253
2.239839
3.191551
3.121187
-4.793293
0.088656
3.141593
0.367174
2.414950
1.810967
8.914290
0.799890
3.470642
3.822891
1.911775
-1.716809
-0.269849
3.121595
-0.887605
-1.631944
-7.407139
-2.449258
3.141593
7.440292
0.643501
-0.289504
-0.943488
3.060689
7.581836
-1.862253
-2.125104
1.287002
2.780756
0.033321
-2.613518
-1.789465
0.558599
7.040020
9.166007
-7.469812
-1.797595
7.526243
5.276473
7.273225
1.872415
-2.485897
9.492854
7.233732
0.497822
0.293187
0.847048
5.509281
6.876535
6.110994
-2.262718
-2.158799
-2.107232
6.719812
8.309433
-0.315616
-2.646459
0.321751
-7.802744
-7.514689
1.390943
2.181522
3.306741
6.918212
7.427354
-1.892547
-0.129703
0.124355
-0.643501
7.332547
-8.531690
1.661456
-1.080839
0.588003
2.329174
0.151015
3.590316
-1.673003
3.743880
1.948327
-0.923404
8.583881
-2.796945
7.648586
-0.998337
-1.534449
-0.181649
-1.867861
1.533078
-13.738644
3.007782
-0.437791
8.001060
7.110812
1.536911
7.265979
-2.276995
2.056023
-1.180189
1.672485
0.079830
-2.000559
1.527345
2.071810
6.243207
-2.948381
8.598307
-0.827627
-2.493781
2.201198
-1.076855
2.408778
2.548590
3.663027
-0.491164
-2.356194
7.198286
7.214596
3.319189
-2.206635
0.923749
-1.679458
-0.095859
7.400138
-1.390943
3.205336
0.042528
-0.548549
-1.825164
2.720173
1.867861
-0.443448
-2.303611
7.221233
0.108271
1.386853
1.862253
-0.536911
2.617673
2.341270
-2.730136
2.281706
-1.047518
7.644342
