-0.785398
1.846602
-1.520838
-2.096863
-1.157466
-2.113986
-1.820383
1.450173
1.450173
-1.066630
3.003587
-1.169568
-0.479519
0.873775
-0.990040
-1.962496
-0.749269
-1.954614
-1.901892
-0.137066
2.134113
-2.653259
-1.549966
-2.896614
-1.066630
-2.286540
2.782822
-1.292497
1.951303
-1.001483
0.252554
-1.526381
2.312744
-2.176341
1.212026
2.944197
3.020241
-0.702257
2.766322
1.911178
1.815775
1.899349
0.370891
-1.752965
-0.430693
-1.302430
-0.031240
0.523919
-0.078784
-2.994514
1.359703
-1.515298
-0.057628
-2.723368
2.761086
-0.765793
-0.822418
-0.551655
-2.562518
1.512041
-1.457004
1.448954
0.305879
-1.710236
-0.178093
-2.845047
-1.446441
-1.380808
-2.625362
-1.030377
2.701750
-1.859772
-2.813854
2.925042
1.095101
1.883698
1.779819
-1.542233
1.748889
-0.510488
-3.004526
2.214297
0.229904
-0.565484
-1.190290
-1.241747
1.994991
0.618144
2.665897
3.013269
-2.775845
-0.785398
-0.350314
-2.421039
-1.892547
1.658804
2.356194
2.286540
-1.841743
1.747505
-1.963136
-2.191046
-2.505084
2.427502
0.424194
-0.674741
1.150600
2.376600
2.647651
-0.655696
1.892547
2.896614
2.327631
0.785398
2.045196
2.774419
1.269876
0.737815
-2.723368
2.169972
-0.544280
-2.072400
-2.889038
1.243698
1.570796
-1.093451
2.825307
2.173084
-2.367959
-2.086345
1.919567
-0.451453
-1.695151
1.378748
1.363300
-0.815692
-0.175940
0.321751
0.902507
-0.982794
-1.339706
-0.842479
-0.975386
-2.677945
-2.241318
1.987235
2.198105
0.639386
0.104877
-3.014083
-0.604306
-2.677945
0.312042
0.878462
1.363300
0.071307
2.439336
-0.823841
1.917335
-1.570796
0.321751
-1.257895
2.601173
-1.008875
-1.005312
-2.501823
-0.811034
2.151553
-0.588003
0.694738
3.030935
-1.020410
-2.649783
-3.103150
2.725528
-1.129617
0.073939
0.000000
-0.408149
-1.499489
-1.173717
-1.570796
-0.090660
3.013269
0.797446
-2.207305
1.989021
1.989021
2.526930
-2.323948
0.620249
0.741947
-2.870646
-2.754717
-1.394087
1.513716
0.523278
0.321751
-2.320495
-0.990040
1.229817
1.160669
-0.920926
1.605265
-2.764683
0.655696
0.073939
1.786154
2.356194
-1.190290
-0.085505
0.258771
-0.158655
-2.934096
-1.467715
-1.647568
-0.492836
-1.661456
-0.805003
2.896614
-2.394637
2.776858
2.279423
-1.238737
-0.626743
-1.203622
0.664046
0.410127
-1.815775
-0.873406
2.593043
-0.485622
-2.716760
1.060308
0.764993
2.239086
-1.284745
2.120650
-0.711459
-3.033903
0.746956
2.994514
0.999459
-2.904744
2.558853
-2.201876
2.547843
-0.855705
1.807645
2.371119
-0.249979
2.356194
2.764683
-1.469107
-2.279423
-2.106608
0.150371
0.066568
0.333244
1.892547
0.218669
-2.677945
1.373401
-2.329174
-0.643501
-1.373401
-2.643770
1.208252
-2.970857
-3.101614
-2.665897
-2.980830
3.033903
1.012197
-2.299114
2.443690
2.191046
-2.379446
-2.579095
-1.091277
-2.492597
0.940762
1.783228
-2.665897
3.060689
-1.932526
-0.620249
0.030294
-2.863293
-1.158386
-0.218669
0.558599
0.150371
1.670465
-1.063698
0.286051
0.176709
-0.960070
-1.274251
0.146012
-1.712693
-0.990040
-2.226492
-2.151553
0.999459
1.348714
1.800028
0.289504
0.515549
0.529247
2.439336
-1.697388
1.774814
0.504166
1.862253
2.603757
1.339706
0.923749
-2.831890
-1.152572
-2.487022
-0.107690
2.956245
1.663126
1.901892
0.204018
-1.094329
1.249046
-1.595182
2.105751
2.034444
0.839400
1.332960
-2.537843
-0.321751
-1.604117
-1.401695
-2.075658
-2.236766
-1.134169
1.637364
2.388441
1.357858
-1.963854
-0.029403
0.411065
2.791278
1.815775
2.677945
2.521343
0.147078
-0.093477
-1.707863
-1.768192
2.471071
-1.441886
1.008875
-1.319106
-0.298499
0.746457
1.335251
1.904041
-1.065935
-2.574863
-1.257895
-2.896614
-1.183921
2.439336
-1.075245
0.408908
0.298499
-1.193547
-1.373401
3.066733
-1.471128
-1.203622
-0.380506
-2.022249
-1.810028
-0.476467
-1.606495
-2.391894
-0.564569
2.700413
2.701750
-2.289626
-0.049958
-1.570796
-2.176341
-0.705568
1.983207
-0.846546
-2.070143
2.356194
0.912908
1.975688
0.661043
-2.034444
-2.937575
2.299651
-0.137066
-0.099669
0.345556
2.399645
1.355439
-1.065506
0.296546
2.492597
-2.579671
-2.142134
-2.422763
-1.650626
0.027771
1.512041
-1.892547
0.708626
-3.067654
-0.643501
-2.634494
-1.849096
-2.007423
-2.176341
-1.432790
-2.004750
-1.449444
1.107149
-0.931410
-2.802300
1.525373
0.491809
1.951303
0.588003
-2.022249
-1.570796
0.078784
-2.177401
-2.546833
2.116451
1.401018
-2.940638
2.608749
1.667270
-1.241747
-2.609869
2.656366
1.292497
0.428264
-0.197396
-0.244979
-1.257895
-2.912361
-1.980234
-0.358771
-2.889903
0.179853
0.872137
-1.078987
0.237836
-2.335789
-2.944197
2.116451
-1.190290
3.041924
-2.891150
1.122073
-1.524318
3.141593
-0.604306
-2.508844
0.588003
-3.089010
-2.754717
-0.273009
-1.940130
1.099336
1.512041
2.375800
2.662073
-0.127510
2.686873
0.993604
-2.245537
-3.020969
0.380506
-2.553590
-3.027801
-0.999459
2.855541
-1.258754
-1.903416
-1.792878
-0.785398
-2.749253
2.843094
-0.648996
-1.815775
0.599175
1.338239
-2.516957
-0.887087
2.729182
-0.915101
3.045119
-1.595182
2.710900
-2.466852
1.653938
-2.343849
2.896614
1.773842
2.219792
-2.505084
-2.988943
-2.491171
-2.733961
-1.723446
0.773351
2.202487
-2.896614
-1.036401
2.782822
-2.034444
1.107149
-2.939271
-2.048142
-2.622447
2.475623
-1.800028
-0.121842
-2.691833
0.154997
1.824470
-0.839890
-1.203622
-0.650421
-1.875307
0.669639
1.535097
-2.944197
-1.229817
-1.778293
1.051650
2.474684
-2.003204
3.024484
-1.012197
-0.626743
-0.946161
-0.093477
2.884269
-0.386876
-1.144169
2.080389
1.510264
-0.463648
-0.798384
-1.601090
-1.325818
1.768192
0.950547
-2.407432
-3.017238
-0.369334
-0.515549
1.467715
-0.623199
2.240435
2.677945
-1.965587
-1.000413
-0.141897
2.586099
-1.867342
2.619189
-2.292451
0.577902
0.640088
0.652847
-2.461071
0.927295
-0.601074
-0.900275
-2.498092
0.169778
0.000000
3.062809
2.561590
0.528074
-0.085505
-0.846546
-2.106608
-0.954499
2.411693
-0.661043
0.674741
2.451146
-2.453921
1.368475
-1.373401
-2.525296
-1.299849
-1.264917
2.428532
2.810497
-2.251318
2.122451
3.141593
0.767856
-1.434394
-1.121037
2.752276
2.287808
0.965252
-0.597177
-2.867425
2.863293
-0.665969
2.601173
-1.997424
-2.255413
0.734161
-2.919511
2.398423
3.066733
-1.515298
-2.700413
1.035841
1.183273
0.746956
-2.700842
-2.782822
2.510513
2.336589
1.433730
-1.069192
0.694738
-1.400061
2.548895
-1.508378
0.333244
-1.839163
2.835714
-0.493941
-0.855053
-3.006821
-3.097177
0.635838
1.094329
-1.476735
0.679909
2.662073
1.750650
2.503273
2.810497
-3.121987
-1.543026
-1.051650
-1.494024
1.570796
2.026570
-3.066264
1.314645
-0.174672
0.998337
0.766532
-0.683709
1.787347
-3.084512
1.330262
-1.116952
-0.115759
-2.576109
-0.687671
1.325818
-0.997356
-2.594804
-0.933248
2.734337
0.974597
3.113822
-0.331096
2.553590
1.999574
0.488852
2.533791
2.166206
-0.497822
-0.903490
-2.210182
-2.530867
