0.156621
2.030330
0.432686
0.435156
0.590755
0.498222
1.765200
-1.399813
0.394276
2.239976
0.482351
2.037801
2.223932
-1.442283
-1.397705
2.124815
2.135575
-0.015750
0.531820
0.710234
-1.437256
2.012835
0.252846
0.076454
0.463792
2.112432
0.178662
-1.372984
0.543893
0.531949
1.897784
0.511107
0.325593
3.671181
0.556682
2.128878
0.021645
0.341901
-0.064277
0.395432
0.140928
0.478697
3.574957
0.089547
0.443636
2.084045
-1.409550
0.476088
0.502833
0.480236
0.528087
0.507127
1.750494
1.789229
0.330297
0.122445
2.215611
2.175457
1.880310
0.284294
3.551254
0.588040
0.008022
0.466250
1.711419
-1.434254
0.511356
0.441439
1.854216
-0.036119
0.507208
1.842919
3.679403
1.870061
0.408262
0.465364
1.860383
0.623601
2.157072
-1.301036
-1.402155
0.436836
1.716873
0.383700
0.447536
0.260060
0.333132
1.704294
1.711890
2.095124
2.091042
-1.194921
-1.406287
-1.457141
0.032439
-1.222420
0.537816
0.032451
1.150460
0.124235
0.451236
0.137844
0.192491
-1.323313
0.035499
0.056250
1.702995
-0.056192
2.230074
0.086191
0.458138
0.520369
0.362182
1.694840
0.464156
3.648685
0.614425
0.551169
-1.469424
-1.510100
0.471733
-1.330369
-0.011425
0.530613
0.181599
0.360565
2.057360
1.776788
3.737958
2.130504
-1.346832
-1.278491
1.805075
2.064932
-1.316448
-1.328087
0.344075
1.974363
3.671441
1.774494
1.861990
1.977662
0.227683
0.489319
0.444734
0.514360
-1.395416
1.720664
0.274911
-0.009124
-1.483010
0.458832
0.490745
-1.502181
-1.365548
2.078939
0.159490
1.670481
1.897468
-1.267952
-1.399748
0.560334
0.386361
2.281611
0.288395
0.439796
0.621846
0.056522
0.168101
1.747640
2.253229
1.749910
-1.212286
0.618864
0.218312
2.243445
0.375246
2.150164
-1.495105
3.730682
0.682135
0.065686
-1.288599
1.846749
-0.063838
0.260646
1.686714
0.039191
0.588118
1.791504
0.465868
-1.201504
0.546513
0.536687
1.765788
0.400288
2.079887
0.000666
1.717284
0.528636
-1.403465
2.108525
0.380643
0.511498
-1.337658
0.441053
1.861943
0.419112
3.653646
2.129048
0.453061
1.858087
-1.421842
0.526370
1.717376
1.729349
0.468727
0.207687
0.490494
2.072000
3.624276
1.891938
-1.414354
0.031427
0.548992
2.204536
0.556092
1.695548
1.635048
1.608563
0.512941
-1.313066
0.187613
-1.307092
-0.000495
0.428119
1.876475
3.655743
2.205425
2.060931
0.486070
-1.308718
3.569115
0.449626
0.532514
0.174097
0.086128
-0.045413
-1.304507
2.070132
0.033566
1.973718
-0.034686
1.740546
0.212229
-0.007609
0.430896
1.570242
0.521434
0.427506
0.449772
0.417456
0.548637
0.504177
-1.396240
0.431298
-1.336734
-0.011031
-1.428185
0.447690
-1.357589
1.817949
-1.371437
0.398039
0.526960
2.212157
-1.519361
-1.348534
0.075009
0.012594
2.079823
0.465327
0.424690
0.042780
1.879596
0.041109
2.078858
0.460144
0.642145
1.702134
0.491972
0.285667
2.125589
-1.389795
0.562333
2.026090
0.580991
1.706989
0.567205
3.561377
1.595179
1.608690
0.206245
2.214243
0.727764
-1.427500
-1.396290
0.549651
-1.302185
-1.468008
0.548583
0.573902
0.467463
0.669332
2.197398
0.310357
-0.075553
0.614811
0.657300
1.745704
0.686543
1.563711
0.588833
-1.418902
0.037247
0.298253
1.731472
0.648188
0.300168
0.024196
-1.470480
0.489476
0.604571
0.298383
1.885252
2.219418
0.290641
0.016821
2.004293
2.257164
0.465004
2.205432
3.671541
0.538883
-1.345129
0.040591
0.124929
0.187249
-1.740073
0.214784
1.101796
2.038431
0.452329
0.122259
0.569264
0.434930
2.005250
0.305786
0.552437
0.384298
2.128125
0.084337
0.422946
2.074352
0.168856
2.055376
-0.009773
-1.308833
1.968764
0.621112
-1.491322
0.486147
0.621581
0.616061
0.226616
0.449891
3.549190
-1.281605
-0.085354
-1.392630
1.673246
0.472361
0.022809
0.430541
0.576262
0.518429
1.584042
0.568482
2.150996
0.210670
0.062597
-1.399641
1.637133
0.814747
-1.364738
0.443536
0.418278
0.593205
2.068184
0.483126
-0.035490
-1.380406
-1.325007
-0.003842
1.656483
0.574057
-1.381181
0.246161
2.125525
0.468864
3.710259
0.011691
1.099657
2.083417
0.571953
0.161414
0.522872
-1.300166
0.056987
0.575603
0.503437
1.695383
1.834921
0.527407
0.394454
2.109880
0.547136
-1.396826
0.003548
2.127213
0.477314
0.453484
2.205414
0.045621
0.449115
1.948910
1.838169
-1.456843
0.496893
3.409208
0.469997
0.462970
0.595104
2.073005
0.644241
0.161198
0.098376
0.406232
-1.297512
0.467921
1.778615
-1.389344
2.160463
0.018494
0.260773
-1.338709
0.501677
0.456343
2.047328
0.493066
0.420927
2.101259
2.092421
0.573269
1.626236
2.107758
1.597002
3.640080
0.588152
0.399756
-1.358324
0.484140
0.446791
0.140110
0.264873
2.328513
0.252348
1.519735
0.583134
-1.504710
0.184187
-1.466120
-1.331258
-0.039384
0.539027
2.259935
0.005674
0.076365
0.610958
0.493723
-0.056953
0.364308
-0.023805
2.090394
0.472875
-1.290520
0.096680
-1.347882
0.483295
2.107568
2.173762
-1.258026
0.154334
0.329772
1.637074
0.068163
0.576941
0.391676
0.666169
1.643296
-1.473146
1.762507
-0.069747
0.450801
0.474729
1.685305
0.186350
1.609272
0.581288
0.443105
3.525407
0.248119
0.632993
2.049951
0.020903
0.665899
0.119017
-1.460611
0.304493
-1.336184
0.402600
0.542152
0.804301
0.100932
-1.303282
0.048986
0.339795
0.487913
-1.398044
1.859139
0.105844
-1.404558
2.219882
3.585037
-1.451337
-1.325779
-1.319170
0.299628
0.470697
1.860202
0.538128
1.849269
-1.315126
0.546306
1.990378
1.725498
0.712121
0.013901
0.355245
0.571258
0.607956
2.104352
0.440799
0.270344
0.031816
0.483872
1.787536
0.530016
0.438052
0.455774
0.520616
3.586455
1.833987
0.616079
2.122997
0.009701
2.158247
-1.276237
1.687570
2.022893
0.543877
0.129303
0.367631
0.198367
0.551064
0.331655
1.862057
0.301190
2.213694
2.221972
0.139922
0.020992
1.845634
-1.440599
0.066355
0.496516
0.501317
0.482429
2.128554
0.508305
-1.713591
2.191445
-0.038355
0.647885
0.527056
2.092435
2.123668
0.562388
2.005989
-1.238599
1.672202
1.734054
0.552848
0.576263
0.512311
0.415272
1.769894
1.861688
0.490731
0.590736
2.115164
1.724157
0.253016
1.975410
1.978884
2.158930
3.699823
1.962725
1.943058
0.405302
1.621695
3.594470
1.119165
2.228812
1.628333
0.080707
0.121292
-1.296802
2.039007
-1.356024
0.482905
0.214352
0.226587
-1.460645
2.099292
1.933984
0.508384
0.145928
0.400106
-1.370326
0.021740
0.463373
2.081959
1.848368
-1.383088
0.504705
0.414767
0.471210
0.196987
0.292077
3.541998
0.466619
0.331635
-1.286776
0.451367
-1.448793
0.085122
2.223613
2.114402
0.324355
2.138482
0.616600
0.060614
1.699403
-0.110188
0.455490
-6.819153
0.515906
-0.008937
2.201873
-1.497014
0.608826
1.728911
0.510281
0.648405
0.437099
2.035757
0.709450
0.035279
0.419011
