-0.107601
-1.589498
0.043840
0.315915
1.729399
0.263856
0.165386
1.732690
0.247886
0.243021
0.144092
0.358714
0.050410
0.161275
1.698315
-0.154713
0.132861
-0.124701
-0.236105
-1.441366
0.271845
-0.317544
1.712872
-0.160300
0.009336
1.747021
1.725499
-1.609552
-0.291330
0.282836
1.609566
0.028366
1.700561
0.138954
0.251713
1.603813
0.269499
-0.321494
0.393097
1.713145
0.259166
1.698215
-1.647945
1.794140
-0.290366
-0.287323
-1.585412
-0.075374
-1.665179
0.072367
0.233976
-1.577317
-1.578372
1.777587
-0.193090
-0.094341
0.345519
-1.487044
0.098615
0.279444
1.958259
1.809937
0.305953
1.854313
0.301846
-0.296865
-0.012208
1.659241
0.078263
-1.661481
1.956026
0.196015
0.235349
-0.132680
0.150000
-0.137983
1.606736
0.115731
0.261695
-0.069638
-1.486890
-0.266445
0.167157
0.123743
0.384678
0.370642
-1.719218
-0.067110
-0.063382
1.772090
0.167481
1.598907
0.426036
1.742056
0.223133
0.259622
0.243827
1.695859
0.107267
-1.563847
-0.172963
0.128270
-0.117113
1.565233
1.769088
-0.279028
1.679766
-0.346235
0.016331
-0.092373
1.724685
1.933686
-1.631904
1.865807
-1.482859
-1.695215
0.251315
1.826454
1.741585
0.322357
-0.210020
-0.149040
-0.152907
0.262950
-0.177542
-1.513039
0.247503
0.092982
1.644727
-1.707873
-0.199427
0.211176
0.163629
0.345820
0.284980
-0.204985
-0.026685
1.954498
1.743971
0.088041
-0.021043
-0.146279
-0.093702
0.009349
-0.156163
-0.029787
0.190902
1.660946
0.149081
0.325451
-0.281405
0.438906
0.241048
-0.287157
0.175854
0.101240
0.214830
-0.263120
-0.246565
-0.196581
1.710858
1.776405
0.166618
0.107826
0.060721
0.233506
-0.333964
0.253879
0.284437
-1.530392
1.776465
-0.328041
0.236308
-0.122093
0.112822
0.270954
0.290612
1.773642
1.766425
0.054023
1.714900
1.790847
0.209565
0.233197
-0.172976
0.310943
-1.587426
1.789349
1.638982
-0.056499
-1.489425
0.256944
-1.634166
-1.672675
-1.731835
0.060272
1.620061
-0.044340
-1.569587
-1.764215
0.395650
-0.279816
-0.118104
1.768506
0.108896
1.779122
1.703606
0.142524
-1.656004
0.015084
0.282390
0.235577
1.763533
0.279753
0.083871
1.724541
-0.054810
-0.023604
0.195520
0.242601
0.058456
0.293874
-0.036929
-0.167837
0.295299
0.012120
1.593657
1.663038
0.144642
0.181105
-0.043806
-1.641183
1.727475
0.249076
-0.260712
0.016883
0.091244
-1.626377
-0.086199
0.274244
-0.039267
-1.798824
-1.552845
-0.012151
-0.241767
1.898404
-0.003681
1.632944
0.263181
-0.225986
1.707583
-0.264347
1.728503
1.773803
-0.210060
-0.239981
-0.163121
0.022078
1.915166
0.228685
0.255426
0.002667
0.209850
0.152632
-0.040377
1.609711
0.033851
0.082972
-0.213727
0.275843
1.685335
0.131113
0.242117
-0.070351
-1.600208
-0.262320
-0.021202
1.633005
-0.312872
0.346256
0.099835
-0.174100
1.761265
1.756542
-0.149202
0.257126
0.243923
-0.130113
-1.653333
0.228393
0.159624
-1.694088
-1.607818
1.822277
0.190502
-1.683732
0.075341
-0.165254
-0.154649
0.061597
1.728969
1.611793
-0.101500
-0.164472
0.327605
0.323050
0.132682
-1.449620
0.196173
1.544538
-1.508060
-0.157238
0.222767
-0.303007
0.334450
-0.058256
-0.113409
-1.606918
-1.573589
-0.119194
0.274068
1.664315
0.110652
-0.020697
-0.126422
0.150202
-0.148833
1.647032
-0.342516
1.750440
1.707382
-0.319604
0.276728
0.096402
-0.259648
-1.699896
1.795011
1.667987
-0.241621
1.740423
-0.349246
1.819631
0.170317
-1.611974
0.247086
0.111661
0.286024
0.210263
-0.181829
0.010164
2.010144
-0.085629
0.221339
0.152272
1.714579
-1.601265
-0.109683
1.725349
1.917310
0.108614
1.698477
1.694915
-0.018299
0.130077
0.059189
1.724878
-1.519354
0.194454
0.203536
0.084861
0.259082
0.230359
0.098497
1.694339
0.254225
0.207072
0.103542
0.086962
1.753507
-0.035275
1.691892
0.266737
0.246265
1.587791
-0.287306
0.148102
0.341371
-0.270361
-0.250360
0.094700
1.673986
-0.038823
0.049822
-0.331499
-0.249231
-0.114313
-0.135650
-0.150901
-0.261527
0.374799
-0.173557
-0.157363
-0.175520
-0.080001
0.213244
0.188889
-0.169215
0.189984
0.160444
-0.150705
2.037013
0.126878
1.676519
1.773891
-1.771086
-1.626314
-0.352273
-0.099009
0.183753
1.749316
0.234153
0.067648
0.144420
1.784425
1.882611
1.639119
-0.078560
0.288296
-0.210534
0.238240
-0.102366
-0.120437
-0.225816
-0.137373
0.211589
1.857111
0.253942
0.258788
-0.251470
0.017874
-0.252402
1.764650
-1.669429
-0.036611
-1.513363
1.790704
1.763450
-0.221844
1.935488
-0.031204
-0.245408
-0.005951
0.297884
0.241108
0.118214
1.685914
0.129879
0.105875
1.804236
0.181428
0.367193
0.346438
-1.654774
0.238599
1.759244
-1.639638
-0.165802
0.228710
0.095415
-0.029557
0.269421
-0.120520
1.607578
1.730722
-0.205940
0.240232
-0.336004
-0.021145
0.073878
-0.258743
0.310100
1.692824
0.163729
-0.123508
0.293351
1.777033
0.196409
-0.302596
-1.637267
-1.619461
-0.215487
1.625627
-0.009026
0.096046
0.254460
0.122611
0.083177
-0.109256
1.644416
0.316665
-0.079923
3.076620
-0.055311
0.032969
0.292149
0.283455
0.358260
1.671728
-0.150111
-0.165885
0.250269
1.768701
0.023369
-0.220685
-0.267569
-0.040863
-0.287570
0.051298
-1.670285
0.260291
0.220979
0.173835
-0.184687
0.021049
-1.498782
0.232316
1.767989
1.759098
-0.020212
-1.586148
0.188781
-1.718641
-0.161322
1.702910
0.283887
-0.114892
-0.039387
0.012177
0.059180
0.243203
-1.563321
0.265611
1.745528
1.716034
1.735092
-0.219172
-0.365408
-0.119684
0.016156
-1.529320
0.249631
-0.068656
0.183725
-0.208179
-1.513519
-0.098889
0.253562
0.390420
0.207148
0.218059
-0.166497
-0.337055
-0.019049
0.234070
-1.708398
-0.248054
1.742523
-0.148614
0.255605
1.698605
-1.546837
-1.468004
0.126360
0.169643
0.241689
0.297135
-0.232123
-0.223072
0.233134
0.014955
-1.593977
-0.203665
0.234781
-0.110044
0.303474
0.245442
0.109916
-0.212405
-0.216740
-0.200430
1.658730
-1.559308
0.134987
1.568152
0.250020
0.054096
1.755898
0.063714
-0.175009
-0.197587
1.744418
-0.034810
0.085674
0.121446
0.163314
0.302121
-0.150239
-0.301551
1.835242
-1.715551
0.274488
0.326285
-0.202436
0.157941
0.063827
0.004443
0.321281
-1.519871
1.710164
0.274782
1.771617
-1.611779
0.050848
1.747614
-0.300724
0.021333
-0.252464
-0.316346
1.740530
-0.184782
-0.265925
1.733953
0.224388
0.190281
-1.585594
1.685288
-0.309095
0.186784
-0.246475
0.342930
-0.101491
0.328644
0.214245
0.242366
-0.011282
-0.132630
-0.068416
0.268473
0.092505
1.759596
-0.293313
1.835197
-1.567143
-0.012569
0.176611
1.712503
0.170961
0.167455
0.173942
-0.276526
1.750214
0.194078
-1.528417
-0.269640
1.697804
-0.282240
0.052170
-1.780522
-1.807699
1.778785
0.306740
0.255775
1.785600
0.065167
-0.061129
-0.109916
1.879246
-0.172045
1.832325
0.256124
-1.526022
1.722890
0.018985
-0.361660
-0.119184
-0.298497
1.782787
-1.739261
-0.107755
0.041277
