-1.531694
1.626379
-0.279616
-1.706611
1.616850
0.073047
-1.679468
-1.720538
1.795933
1.686194
0.015728
-0.135302
-0.066959
0.217822
0.220066
-0.138407
0.243418
-0.134633
1.732734
1.517774
0.291295
0.131675
1.792698
1.655455
0.057344
0.182038
-1.535547
-1.438931
0.014035
-1.673890
-1.623921
0.243825
-0.361410
1.718159
0.219487
-0.173745
0.267119
-0.151501
0.222771
1.675547
-0.010928
0.276720
0.310004
-0.174653
0.043245
-0.329291
0.113172
-0.338539
-1.776401
1.687527
0.057604
1.828810
0.127449
0.031198
1.848627
1.766128
1.717693
0.040868
0.229252
1.561462
-0.022930
-0.271949
-0.156577
0.223277
-0.107132
-1.610508
-1.645045
-0.043166
-0.322634
-1.629133
1.484898
-0.141902
-0.196415
0.011844
-1.782565
0.046995
0.012371
1.725387
1.825923
-1.729950
-0.321781
0.102379
-1.627037
0.205025
0.227947
0.032895
1.735682
0.136858
-0.033406
-1.522392
1.677963
1.666116
0.073078
-0.070261
0.080027
0.022075
-0.287702
0.025506
-0.001758
-0.041609
0.358437
-0.255316
0.194022
-0.028402
-0.167072
0.249179
0.261030
1.656193
-0.344491
0.224570
-0.184810
-0.296710
-0.037290
-1.490159
-1.600340
-0.162620
0.279149
0.147234
-0.204477
-0.186553
-0.255441
-0.091200
-0.106529
1.639192
-0.022999
-0.033280
0.300872
-1.686390
1.791778
-0.204927
-1.691175
0.137048
-1.546376
-0.266494
0.150223
-0.208681
1.802015
-1.675326
-0.154393
0.155407
-1.696626
0.333654
0.218915
-0.077140
0.007890
-0.011076
0.212936
-0.089539
0.279584
-1.609877
-1.711661
0.225305
1.695799
1.750862
0.144660
1.752496
-0.154640
0.260547
0.034273
0.238106
1.711525
-1.534450
0.283218
-0.186547
-1.535976
0.250839
-0.254206
-0.171558
-0.083459
-1.485318
-1.639548
-0.155054
-1.538927
-0.227499
-0.213826
0.244179
1.833001
-0.076183
-0.000750
-1.746160
0.191415
-1.648813
-0.295689
0.279431
-0.291521
-0.240116
-0.246180
1.676797
-1.606945
0.248724
-0.166924
0.246692
-0.157161
0.172507
-0.318915
1.636903
0.238468
0.223702
-0.014575
0.306563
0.354756
0.092912
0.204529
0.224076
-0.248914
-0.050233
0.228652
0.171277
0.246164
1.561414
-1.641491
0.274810
-0.132162
0.221024
-0.224424
0.160224
-0.163550
1.593611
0.247077
-0.219895
0.296887
-0.178144
-0.228258
-0.056217
-0.254662
1.739752
-0.205581
0.157330
-0.264362
1.720569
1.644295
1.643710
-0.224596
0.205424
-0.095895
-0.189568
-0.120776
-0.303181
-1.455112
-0.104627
1.749192
0.252986
0.204748
0.190271
1.669388
-1.757188
-0.241202
-0.182196
0.252677
0.343496
-0.147264
-0.284551
0.220088
0.238317
0.152701
-0.210447
1.699843
0.018053
0.005157
0.239984
0.333821
-0.185912
1.567028
1.761356
0.108996
-0.216100
-1.672200
-0.167042
0.255826
-0.007269
0.162720
0.077094
0.242249
1.793510
0.081441
-1.524208
0.181187
1.839658
-0.244037
0.269781
-1.724888
1.646160
-1.733749
0.206494
1.641511
1.789611
-0.301500
-0.251199
-0.237375
-0.060718
0.216224
-1.744640
-1.728852
-0.229112
0.002865
1.524793
-1.760930
1.776208
1.748622
-0.225784
-0.175797
1.850949
-1.439372
0.055703
-0.081373
-0.230306
-0.248919
-0.048895
1.761513
0.220073
-1.468681
1.641291
-0.122553
0.202218
0.033519
-1.540487
-0.272669
0.031985
0.022182
0.106059
1.802112
0.067429
-0.226266
0.099445
1.664019
1.645381
0.282427
1.657750
-0.244924
-1.647748
-0.129610
0.136154
-0.332346
1.928155
-1.884802
0.080324
-0.021481
-1.533997
1.537067
0.153260
0.258824
0.038961
0.140747
0.091794
0.018278
0.261838
-0.105159
-0.225271
-1.540486
-1.713182
0.179351
1.716293
-0.188154
0.275051
-0.189331
1.708164
-0.211110
0.389875
0.272053
-0.019247
0.242653
-0.147256
1.997450
0.132779
-0.293899
-0.187861
-0.198777
-0.158803
0.082831
0.049461
0.011892
0.288877
0.217063
1.612504
-1.671200
0.180506
0.211232
1.929507
-0.233275
-0.221305
0.001569
-0.184739
1.710388
-0.210384
1.676909
-0.122673
0.185089
0.232683
-0.189840
0.309301
0.192607
-1.693325
1.672977
0.334333
1.675306
1.687624
0.237734
1.891854
1.695117
0.049040
-1.538207
1.594531
0.310582
0.050150
-0.214369
-0.244828
0.150064
0.292247
-0.255552
-0.196516
1.756034
0.041382
1.647888
-0.041145
0.211209
-0.278676
0.227284
-0.300243
0.193021
-0.259801
0.066964
0.082499
1.707408
0.200557
0.104115
-0.295047
0.016469
-0.215311
1.777368
0.155601
-1.691178
-1.552531
-0.325442
1.697591
0.185621
0.263189
0.206874
1.749524
1.687488
-0.058882
-0.205570
-1.754293
1.654973
0.467516
0.160597
0.211525
-0.174715
0.002307
0.032510
-0.421405
-0.019963
0.117289
-0.178939
0.081871
-0.275937
-1.606756
0.163797
0.255718
-0.035435
-0.200473
-1.501062
0.153952
0.099694
0.038164
0.294987
1.647406
1.808060
-1.634088
1.713431
0.001283
-0.278067
-0.212772
0.234271
0.039051
1.683686
1.660846
-0.126229
0.220590
-0.206141
-0.158272
0.255704
-0.045396
-0.380405
-0.194624
0.292093
-0.215364
0.203418
-0.173998
-0.325743
0.226797
-0.157550
1.659164
-1.500646
0.194863
0.277297
1.834720
0.104719
1.639869
-1.654616
-0.316846
1.772296
-0.040507
-0.202500
-0.319074
0.102850
0.137002
-0.294649
-0.257296
0.238420
0.285092
-0.220079
-0.181372
0.233736
-0.159440
-0.187902
-0.164699
-0.314667
1.878751
-0.110818
0.167157
0.052537
0.260953
0.109873
1.710958
-0.300882
0.016320
-0.029115
0.219156
-1.680245
-0.125021
1.744788
-0.171367
-0.007038
0.240227
0.263325
0.235329
-1.627707
1.621004
-0.055613
-1.643578
0.057041
0.379786
0.209843
-0.119564
1.714459
0.275259
-1.572698
0.265708
-0.347748
-0.137077
-0.078503
0.173061
1.731340
-0.120656
0.192323
0.224767
0.128963
0.263733
-0.261541
0.285953
0.174888
-0.032272
1.294334
0.169669
0.011369
1.599854
-1.493449
-0.210566
-0.132056
1.822858
1.655814
0.127582
0.177602
-0.256573
-1.533525
0.105435
1.635645
-0.104012
1.686851
-0.192678
1.772109
0.094726
1.856329
0.061904
-1.741462
-0.267667
1.964658
-0.261431
-0.102247
-0.159200
1.654569
-0.085845
-0.217762
0.266716
0.201999
0.271233
0.230331
-0.025183
-0.213664
-1.663759
0.032374
-0.300733
0.190694
0.024188
-0.294441
0.051197
0.251919
-0.006674
0.227399
-0.422798
-0.311264
0.242991
-1.511940
1.665720
1.641903
-0.171749
-0.154358
1.724411
0.212052
1.913290
-1.568548
1.741370
0.283873
-0.377446
1.506972
0.071940
0.105198
-1.531916
0.028365
0.160265
-0.154996
-0.217173
0.119568
-0.229728
0.193198
0.113363
0.431829
-0.031802
-0.226245
0.179498
-1.596851
0.256529
0.261310
-0.234327
0.217158
0.144798
1.987151
1.752132
1.596984
0.099688
0.237373
-0.178321
0.314034
1.765507
-0.223212
1.635226
1.602016
-0.101534
1.644339
-0.226099
0.011898
1.696238
-0.206993
0.158024
-0.127409
0.005118
1.740820
-0.291940
0.124781
-0.016115
1.622095
0.161020
0.205169
0.223030
0.159861
0.040874
1.707105
-0.352443
1.672803
-1.531956
0.097709
0.238633
0.126883
0.127543
0.158212
-0.061974
0.014139
0.136216
-0.385515
-0.245585
