0.364953
1.776709
0.378877
-1.407605
-0.161489
0.273282
2.040595
0.425059
1.525886
0.045703
0.227957
0.385560
0.011986
1.739576
0.085356
0.081020
0.538330
0.255384
0.027863
-0.224722
2.154416
-0.179987
0.121834
0.384318
-0.133083
-0.144835
0.226640
0.290320
0.327637
1.787520
-1.472720
0.201380
0.413315
2.060689
-0.130495
0.090310
0.389534
0.038495
1.805097
1.916790
0.350612
0.264901
0.188545
1.764312
1.659983
1.730806
-0.049784
-1.539402
0.432533
0.255758
0.270928
-0.210361
0.479905
-0.222946
-0.165228
0.274415
1.785071
-0.140662
-1.390736
-0.157439
0.560603
-0.014603
-0.109351
3.610681
1.888711
0.229013
-0.189985
0.315654
-1.373921
0.340585
-0.188256
0.074317
1.855278
2.014931
1.783673
0.254794
0.505684
0.441292
0.051611
-0.075685
0.272214
1.811246
1.760727
0.559640
0.569071
0.020676
-1.476263
0.436210
0.499605
1.901485
-0.116333
-0.145847
0.236981
0.240843
0.263398
1.794074
0.249042
2.102796
1.714796
0.458017
-1.548735
-1.561546
-0.139535
0.040942
-0.173015
0.263077
1.747283
0.335384
0.069937
1.747422
0.613187
-0.120813
0.047700
0.356618
-0.112045
-0.013199
0.529267
0.446187
1.709816
0.233936
0.253592
0.367110
0.091777
-0.204632
0.297745
0.424691
1.752419
-1.519080
0.511089
0.344723
0.274306
-0.104416
-0.132273
0.248584
-0.141814
0.345690
-0.172814
0.142383
0.226344
0.184738
0.021085
-0.073868
-1.592942
0.506613
-0.177458
0.499273
-0.196921
-1.562729
1.865617
0.268533
1.749520
0.259899
1.873777
0.162365
-0.098889
0.307712
-1.374970
0.477245
0.125357
0.114169
-0.226983
0.200569
0.278679
1.745318
1.756916
0.233459
0.098236
0.005420
0.461386
0.217218
0.311732
0.424351
0.484383
-0.080970
0.041264
0.459663
0.322506
0.291741
0.169523
0.158624
-0.177502
0.352980
0.246886
0.302356
1.712356
0.216561
-1.462494
1.812403
-0.184096
0.269262
0.411315
0.027253
1.770650
2.093065
0.468470
0.152758
-0.039262
0.528365
0.156387
-0.022785
0.055278
0.436169
-1.534473
-0.030748
0.286263
0.496894
-0.151977
1.828854
0.056196
-0.170976
0.472415
1.734669
0.422050
1.791429
2.020345
-0.184629
0.299867
-1.500149
0.259068
0.437277
0.282183
1.738549
1.711313
1.774157
1.737064
0.017810
-0.098703
0.015272
0.245428
-0.015761
2.077684
-0.168138
0.310119
0.505355
0.168780
2.147407
-0.171530
0.049813
-0.114371
1.782999
0.056497
-0.102203
-1.513045
2.189627
0.467044
0.097116
0.228015
0.309662
0.287024
-0.152316
-1.567307
1.691496
1.749556
-0.182777
0.353235
0.427722
-1.551419
-0.127315
-0.116996
-0.065082
0.091690
2.072710
0.549782
0.269455
1.925637
2.093400
0.517487
0.038628
0.285705
-0.011232
1.713323
0.338619
1.756957
2.061228
0.516718
0.338931
0.061170
0.021920
2.049220
1.778254
0.418945
-0.159381
-1.520116
0.154537
1.900466
0.330093
0.463994
0.054679
0.423566
1.786988
0.213446
-0.143312
-0.082575
1.985615
1.794245
-1.402718
0.100959
-1.519770
1.761076
0.318582
0.242701
0.231389
0.087766
0.140301
1.808196
0.286196
1.745290
-1.560987
-0.155523
-0.176770
-0.111934
0.106445
0.260914
0.268241
0.528007
0.529744
0.295199
-1.446816
1.625895
1.735630
0.433768
-0.093526
1.986328
0.257935
-0.173401
-1.398677
-0.087722
-0.173143
0.205325
2.070857
-0.036511
0.145670
2.009692
0.079049
1.888630
0.431144
1.750247
3.561162
0.278544
-0.187471
1.787914
-0.193310
1.712450
-0.168713
0.102792
2.066154
0.264969
1.882620
0.485496
1.729907
0.272273
1.695007
1.952285
0.066240
0.035020
1.987868
-0.110400
0.255730
0.500121
0.083073
0.289040
0.351593
0.088480
1.774032
2.244359
-1.422133
0.292507
0.094404
0.221307
-0.136366
0.209971
-0.148064
0.388905
-0.179881
0.099106
0.473038
0.086717
0.483648
0.434158
-0.139652
1.764987
-0.008179
0.402386
0.304086
-0.060889
0.208733
2.086815
-1.322264
1.777562
-0.122230
-0.045697
-0.039832
0.077607
0.100116
0.248618
1.819603
1.822721
0.166815
0.065830
1.820202
0.367852
-0.062263
0.435624
1.952704
0.448842
0.250035
0.011760
1.938346
-0.167782
-0.141647
1.984404
1.805210
-1.572960
1.776056
0.316617
0.433813
0.428117
2.163503
0.280099
0.025576
-1.556322
-1.440487
1.736552
1.983617
0.437923
1.739058
-0.082803
0.052725
0.097399
0.111519
0.270758
1.985314
0.333086
-0.166986
-0.118035
-0.211554
0.193144
-0.165057
0.302169
0.047789
1.846031
-1.363572
0.155994
0.311791
0.367554
3.661697
-0.165138
0.263023
-0.001200
0.241106
0.169133
2.003888
0.258707
-0.012895
-0.180688
2.044179
0.243154
-1.486578
1.770310
-0.106627
0.383188
-0.160489
-0.069039
-0.077598
0.393979
-0.135851
0.270683
0.220365
0.314769
0.388543
-0.152197
0.254137
0.197715
1.801024
-1.445655
0.203718
0.303889
-0.059896
0.314918
1.786232
0.501783
1.844870
1.684149
0.243149
0.240221
0.282505
0.143161
0.342482
2.046010
0.303409
0.283897
0.250801
0.255660
-0.165342
0.226022
-1.548903
1.751314
0.282328
1.993553
1.717030
0.482035
0.303034
0.238792
0.444711
0.281329
0.274523
-1.563963
-0.084794
-0.038093
0.443807
-0.107221
0.289356
-0.125794
0.390208
-0.196481
-0.151517
-0.087521
0.597089
0.004517
1.726697
0.577894
1.843552
0.226728
0.528503
-0.140666
-0.143927
2.122190
0.050379
0.239680
0.167119
0.389059
0.520633
0.503884
0.143393
1.907054
0.271910
-0.115326
1.707154
0.491590
0.128495
-0.148488
-0.098325
0.022043
1.976709
-1.398140
-0.096602
0.269539
-0.128899
1.852742
0.484793
-1.498571
1.809996
1.832266
0.050636
-1.475370
-1.502909
0.517177
1.735252
-0.175125
0.536757
0.497866
0.064092
0.094689
1.758105
-0.167647
0.104709
0.270056
0.279671
0.052180
0.335327
-0.139386
1.780383
1.961870
2.019036
0.311389
0.455357
2.008130
-0.050453
1.781506
-0.190073
0.101625
0.435317
1.939356
-1.383788
1.812816
-0.107969
-0.106765
1.808994
1.982018
-0.209753
2.039232
-0.175750
0.611402
0.044348
1.823708
0.263433
1.862169
-1.368804
0.130174
0.079738
-0.212067
-0.162104
-1.559866
0.509411
0.234059
0.035269
0.284912
0.443706
1.815988
0.539609
0.253448
0.306350
0.041603
0.266381
0.479664
0.231685
0.245868
1.816632
0.434068
0.555126
-0.019758
2.105020
1.828270
0.270550
1.805692
1.768575
0.086687
0.019199
1.935407
0.189998
-0.137095
0.456772
1.775958
0.283177
0.241606
0.034954
0.477546
1.781933
-0.178537
0.157465
0.327946
1.738560
1.932238
0.412284
-0.037266
0.151619
1.913065
0.038172
0.052853
0.242681
-1.504436
0.043223
-0.186608
2.028237
-0.123138
-1.504718
0.047143
1.732499
0.281299
0.127174
0.208321
-0.195990
0.582800
0.042839
-1.356922
-0.091247
-1.409976
2.131062
0.500478
0.559619
0.269354
0.180727
0.047507
0.072159
0.456434
-0.167707
0.422841
0.489101
0.576749
0.531136
0.215318
-0.193864
1.605810
0.362088
1.772961
-1.496401
1.794106
0.267798
-0.138822
-1.515593
