-0.068005
-2.010741
-0.410699
0.119748
-0.044867
-0.132746
-0.365839
1.755530
0.133366
-2.060165
-0.103027
-0.062444
-1.995237
-0.011403
0.071617
-2.048466
0.026860
-0.796012
0.010732
-0.152243
0.114668
-0.164357
-0.142981
-0.091371
-1.948080
-2.119120
-1.915554
-2.072220
1.786582
-0.433190
-0.311990
-2.194353
-1.919307
-0.144327
-0.068606
0.042841
-0.053933
-0.186794
0.030186
1.538449
-0.169014
0.014115
0.159731
-1.927582
-0.269140
1.662051
1.177900
-0.156468
1.726032
-0.063077
0.083799
-2.046324
-0.093327
-1.916376
0.112418
-0.036680
0.040837
-0.169719
-1.976857
-0.415878
-0.089216
-0.148320
-1.886943
0.080962
-1.962862
-0.047138
1.087385
-1.822896
-0.300891
0.047464
0.013873
0.036938
-0.122046
-1.945947
1.546629
-2.048922
0.984600
-0.367591
-0.061887
-2.225048
-0.136685
-0.000842
-0.274802
-1.842131
-1.941883
0.219416
0.035186
-1.924356
0.985253
0.098862
0.179973
0.050772
-0.061115
1.655094
-0.077056
-0.017952
0.081997
1.659074
-0.061858
-0.003578
-0.016988
-0.187313
-0.283858
-2.219568
-0.088212
-2.117140
0.159242
0.001434
1.076970
-0.268758
0.091050
-1.920194
-0.261482
0.163267
-0.360161
-0.022461
0.037324
1.676253
-0.147818
0.058181
-0.334186
1.650084
-2.232981
-0.250263
-1.903713
-0.169454
-0.009932
-0.359039
-1.828779
-2.113522
-0.421135
-0.489619
-0.198283
0.049072
-0.458520
-1.937925
-1.897520
-2.116234
-0.283560
-0.037074
-0.107230
-0.112874
-0.162763
-2.014794
0.075234
-0.051581
-0.230293
1.896530
-1.895462
-0.030893
-0.106463
-0.045479
1.101886
-1.957919
-1.856583
-0.146065
-0.095177
-0.020052
0.146732
-0.368384
-0.290003
-0.247808
0.110905
-0.479128
-0.016250
1.741452
0.062546
-0.042097
-0.092628
-0.144820
-0.256653
-0.115017
-1.852587
-0.190852
-1.976023
0.067108
0.071661
1.687075
-0.000568
0.089432
-0.012156
-0.393541
1.744639
-0.018141
0.982035
-2.061383
-0.121979
-0.081590
-2.009540
-0.036851
-0.076725
-0.101064
-0.039125
-1.912889
-0.117437
-0.150861
-0.371606
-0.065456
-0.292220
-0.068319
-0.037946
-1.948121
0.150252
-2.120440
-0.271477
-0.214223
0.185908
-1.969496
-0.361802
0.131952
0.079486
1.542829
-0.344446
-0.063237
-0.137596
-1.785241
-0.016085
0.118888
0.179639
-0.239836
0.068111
-0.011010
-0.018815
-0.138521
0.019169
-0.074600
0.074116
-0.227796
-0.345950
-0.187433
-0.070821
-0.368336
-1.879256
-0.076953
0.048557
-0.251536
-0.146080
-0.084528
1.725721
-0.355842
-1.907293
1.631598
-0.143150
-0.058466
-2.090071
-1.911743
-0.057377
-2.231692
-1.995299
0.015645
-0.009396
-1.898436
-0.131711
-0.472965
-0.243734
0.007754
0.021987
0.156580
0.072373
-0.041015
0.054771
0.043561
-0.014201
-0.226411
2.996619
0.032547
0.094977
-0.316481
-0.012359
-2.141827
-1.777625
-0.171143
-0.376402
-0.006587
-0.133652
-0.209927
1.589328
-0.069953
-0.107273
-1.932126
0.124545
-1.893787
1.641235
0.057312
0.010304
-0.044860
-0.373983
-1.904628
-0.021942
0.113865
0.117977
1.011137
-0.025933
-1.925960
-0.131230
-0.171322
-0.174388
-0.100941
0.102609
-0.132999
-0.133243
-0.117540
-0.126643
-1.912590
-0.073999
-0.304181
-0.357649
0.196107
0.034132
-0.273745
0.085081
-0.424941
-0.290598
-0.029281
-1.971307
-0.147329
-0.018133
0.038545
-0.181910
-0.207143
-0.090627
-0.350173
-0.106263
-0.189994
2.043122
-0.246259
-1.942738
0.088777
0.197092
-1.937619
-0.075162
0.005757
-0.203562
-1.908921
-0.079608
0.105788
-1.936213
1.589412
-0.049028
-0.123323
1.546201
-0.158573
-0.036575
0.118268
-0.230185
-0.104375
-1.856136
-0.327580
-0.323254
-1.983045
1.072134
-0.195907
-0.061268
-0.139736
-1.973282
-0.114392
-0.328722
-0.267299
-0.007343
-0.315872
-0.160043
-0.171959
0.093158
-2.061100
-0.085683
-0.004644
-0.067861
0.078297
-0.161649
0.073791
-0.072102
-0.130511
0.132857
-2.160165
-0.293589
0.043494
-0.341270
0.020155
-2.013636
0.024316
-0.404691
1.746003
0.073893
-0.025179
-0.077948
-0.168509
-0.494260
-0.011980
0.132505
0.074017
-1.903925
-0.284426
-2.200843
0.016666
-0.397893
-0.072641
-0.107389
0.058257
-0.066639
-0.009666
-0.306043
-1.960998
-0.264847
-0.082314
-0.019801
-2.061527
0.188681
0.092261
0.106232
0.143710
-0.123408
-0.430647
0.067584
-0.006932
0.017538
1.900448
0.068586
-1.944344
-2.030315
-0.045597
1.566676
-0.369143
-0.066229
-0.055160
-1.891676
0.115937
-0.166201
-0.039666
-0.123641
-0.024585
0.009923
1.094758
-0.031596
-0.099704
-0.247712
-1.972370
-0.019604
-0.195735
-1.997232
-1.857276
0.131649
-2.011379
0.107780
0.095917
-0.373037
1.838303
1.749920
-0.335721
-0.005995
-0.222111
-0.020734
-0.064064
0.109189
-2.076435
0.077234
0.044915
-0.000457
-1.803992
-0.312380
-0.051813
-1.950653
-0.041769
0.079563
-0.053328
-0.353936
-0.426240
-0.399907
-0.373554
-0.112777
-1.785445
0.023846
0.005858
-0.361960
-0.108870
0.082530
0.020745
-0.149321
-2.049867
-1.939221
-1.853891
-0.333363
-1.980157
-1.981171
-2.210707
-0.225355
-0.287843
-0.034367
-0.198673
-0.262757
-0.024273
-0.308216
-1.945072
-0.042222
0.143901
-0.003711
0.055898
-0.040906
-0.104918
-1.923544
-2.114084
-0.086875
-0.185725
-0.185292
-0.419740
1.626184
0.240870
-2.000130
-0.448601
-0.082339
-0.062604
1.689930
0.177544
-1.975382
-0.173629
-1.884878
-0.332286
-0.406769
-0.051758
-2.147992
1.218512
-0.003716
-0.106352
0.009920
-2.061734
-0.010742
-0.085140
-0.433144
0.115747
-1.907737
-0.013902
0.026872
0.132365
-2.045148
-0.167404
-2.089769
1.046343
-1.896158
-0.284435
1.677086
-0.074299
-0.123373
-0.099154
-0.124152
-0.033627
0.136673
0.007464
0.002704
-0.142626
0.107655
-0.212661
-0.032918
0.025184
-0.216767
0.045719
-0.086960
-1.975031
-0.020847
-1.890175
-0.091302
-0.222140
-2.123520
0.019161
-1.928745
-0.302926
-1.930092
-0.263084
0.095259
-0.084749
1.051014
-2.057137
1.760237
-0.334287
0.017543
-0.035617
1.025449
-1.942205
-2.252312
-0.319702
-0.350811
1.615900
0.156263
-0.226318
-0.066938
0.114305
-2.160870
1.750078
-0.282829
-0.381052
-0.012361
-0.232752
-0.035463
-0.176896
0.000131
-0.195148
1.122809
-0.076972
-0.092167
1.618127
-0.252789
-0.214094
-0.010059
-0.237037
-0.090361
0.165677
0.021172
-0.096149
0.117980
1.758809
0.059216
-0.077696
-0.056945
0.046188
0.006418
-0.241512
-0.030947
1.604962
-0.055822
1.692139
-0.350737
0.025958
-0.170714
-1.947820
-1.925675
-2.007170
-1.842904
-0.414428
-2.037747
0.068365
-0.082333
-0.037788
-0.397271
-0.045400
0.046426
-1.858909
-0.008144
1.781191
0.077492
1.752574
-0.077775
-0.147889
-0.047370
1.052113
-0.079760
-1.952031
-0.034755
-0.046996
0.009939
-0.074313
-1.911203
-1.745111
0.054628
-0.184624
-0.300521
-0.143622
-0.295166
-1.848988
-0.043186
-0.186139
1.039401
0.034123
-0.177115
0.135974
0.091331
-0.201345
-2.262216
-1.955697
-0.193911
-1.958102
-0.778405
0.151061
-0.180538
0.009378
0.124198
-0.239815
-0.467780
-0.086297
-0.034620
0.140650
1.761969
-0.299895
0.097991
-0.076100
-0.083294
0.030480
0.031862
-0.108822
-0.069669
-0.056719
0.001811
0.031509
