0.051295
-0.197432
-0.157271
0.427386
0.462742
-2.870220
-0.363707
-1.887466
-2.754754
-0.025107
1.047361
1.746294
-0.326307
-0.633800
-0.152602
-0.378833
-0.469671
-0.701779
1.741124
0.021167
-0.003608
-0.325888
-0.326765
0.000741
0.401544
-0.898698
-0.932262
-1.095425
-1.537426
0.854216
0.126121
-0.299222
-2.063930
-0.415485
-0.136276
-1.734880
-0.376867
-0.116438
0.007492
-2.080939
-0.073712
-2.046693
-0.818648
-0.965678
-2.270854
-0.309669
0.036447
-0.539329
-0.075510
2.714202
-1.608110
-0.210242
-0.604998
-0.720181
-0.028835
-0.055555
-0.137373
1.236711
-0.793013
-0.055958
-0.152819
-2.099612
-2.014689
-0.670225
-2.353186
0.304951
1.131085
-0.187380
-0.320918
1.244344
-1.455306
0.038169
-0.626103
-0.715267
-0.109635
-0.093516
-1.851982
-0.843598
-2.433705
0.917112
-2.720145
-2.106519
-0.162351
-1.058832
-0.168366
-0.141356
-0.031684
-0.874775
0.026916
1.149884
-1.135003
0.024515
1.328305
0.017030
-0.349768
-1.883084
-2.720442
-1.973158
-0.235228
-2.480462
1.799896
-0.238452
-0.300509
-0.096085
-1.948377
-0.119833
-2.152614
-0.000777
0.040252
-0.086699
-2.209949
-0.017988
-0.092543
-4.534998
-2.197949
-0.268421
-0.079058
-2.366359
-0.811305
-0.255086
-0.151704
-0.360798
-2.188807
-0.631338
-0.734515
1.486443
-1.885072
-0.040733
1.107198
-0.228850
-0.038353
-0.000462
1.623811
-1.882807
-1.931320
-0.002202
-0.065890
-2.348236
-1.361392
-0.078336
0.555815
-0.485573
-0.187035
-0.359205
-0.328557
-0.428831
1.859857
-2.841029
-0.036296
-0.728378
1.225721
-0.455425
0.090839
-0.533962
-0.208712
-0.115279
-0.001225
-0.110737
-1.918663
-1.253860
0.025208
-0.059870
0.018942
-0.021571
0.741508
-2.680129
-2.620957
-0.841535
-0.616550
-1.928446
-0.794031
-0.362507
-0.188809
-0.532027
-1.967222
-0.130599
1.496557
0.027359
-0.106594
1.401362
-0.029590
-0.197660
0.003435
-1.808106
-0.691502
-2.616216
-2.352441
-0.794204
-0.532112
-0.801838
-1.970674
-1.968924
-0.349381
-2.457063
-0.382454
-0.070538
-1.911845
0.569202
-0.419353
-0.370615
-2.792814
-1.828121
-0.184307
-2.011140
-0.793649
-1.942797
-0.799274
-1.806717
-0.133128
-0.056933
0.082426
0.043627
-0.103368
-0.385449
-0.464842
-0.213091
0.811380
1.800232
-0.077250
-1.744474
-0.426880
-1.789919
-0.077132
-0.073738
-2.113606
-0.353504
-0.719082
-2.354543
-0.413904
-0.340092
-2.100539
-0.107565
-0.750448
-1.787521
-1.960481
-0.194526
-0.290609
0.008598
-0.076887
1.143836
-2.020599
-0.525697
-1.870527
-0.107587
-1.643519
-0.300451
-1.956062
-0.292620
-1.322513
-0.168689
-0.330056
-0.023151
-1.140765
-0.291457
-2.781959
-0.227540
0.025571
0.095375
0.048634
-1.855534
-0.044799
-0.294942
-1.900379
-0.697960
-0.010119
1.736277
-0.611447
-1.850288
-2.757631
-0.648337
-0.313581
-2.190472
-0.503531
-1.936653
-2.690147
-0.290428
-0.059884
-0.729577
-0.715144
-0.521707
-0.304488
-2.670096
-2.296999
-0.321373
1.184696
-1.302617
-0.014258
-0.049598
-3.097582
-0.086789
-0.066671
-1.827407
0.072021
-0.469238
2.563295
-1.046893
-0.399818
-0.177876
-0.083123
-0.121257
1.679176
-0.060716
-0.223508
-0.343694
-1.943247
-0.014371
-2.338358
-0.389558
-2.039633
-0.819843
1.152690
-0.572274
0.009387
-1.992870
-0.480405
-2.307793
-1.952865
-0.503756
1.087556
-0.312835
-1.179488
-0.021944
0.081694
-0.548717
-0.074209
0.019210
-0.005429
-0.120566
1.694984
0.003156
-2.183288
-0.415511
-2.017875
-0.303791
1.477179
-0.744452
0.556429
1.478785
-0.327637
-0.120671
-1.993443
-2.779096
-0.113544
-1.187759
0.001706
-2.138596
-1.939935
0.027536
0.023826
0.049719
1.581719
-0.025653
1.717974
-0.695560
-0.090933
1.483703
-1.898651
-0.169875
-0.602600
-0.796867
-2.468603
-1.861729
1.136696
-0.345010
-0.057556
-0.451418
-0.024480
0.033559
-0.188245
-1.877507
1.254182
-0.515183
1.766454
1.063412
-0.551394
-0.670540
-0.518536
-0.339627
1.563216
-0.047935
1.499075
-0.308728
0.023305
-0.017558
-4.194837
-2.395113
-0.136418
-0.163608
-0.287687
-0.045357
-1.927590
-0.073967
-0.188498
-3.736247
-2.258403
-1.887058
-1.975725
-0.194120
-0.295434
-0.052860
0.080608
-1.067689
-1.940319
-3.760340
-0.029524
-0.156651
-2.000658
-0.030229
-2.715533
-0.200767
-0.651249
1.425917
-0.002277
-0.099831
1.619903
-1.948694
-2.654197
0.012761
-0.314620
1.124168
1.679574
-0.233128
-0.143163
-0.324187
-0.176481
-2.435721
-0.316096
-0.354299
-2.086507
0.042029
-0.034437
0.142034
-0.314077
1.717507
0.040704
-2.333040
-0.298022
-0.081541
-0.117347
1.728015
-1.958720
-0.044896
-0.285037
-0.363489
-3.908437
-0.177420
-2.037189
-2.161599
-0.597327
-0.099458
0.268739
-2.575173
-0.084001
-2.331188
1.024735
-1.921731
-0.044033
0.066755
-0.372542
-1.081244
-1.071724
2.645316
-0.740391
-0.489664
0.147127
2.164230
1.196197
1.716977
-0.401971
-0.748809
1.133562
1.163041
-2.291728
-0.924590
-0.811677
-0.107616
0.028849
-0.288812
-0.016759
1.783366
-0.676041
-0.303634
1.062547
-0.062141
-0.857978
-0.768258
-0.002005
1.092103
-0.051122
1.036097
1.736749
-0.059664
-2.794020
1.050758
2.433738
-0.211529
-2.159028
1.324962
-2.666085
-0.086582
0.060187
-0.029169
1.084943
-1.321100
-1.923578
-0.297962
-0.073130
2.640204
-0.871635
-1.879841
0.721524
-2.510894
-0.390941
-2.525688
-0.623611
1.703087
-2.239175
-0.300726
-1.196401
-0.457496
0.039572
-0.316567
-2.004283
-0.399148
-0.948538
-2.750193
-0.297860
-0.426020
-2.682046
-2.948526
0.009174
-2.320839
-0.030683
-0.369026
-0.658770
1.699373
-1.907100
-0.601721
-1.315580
-0.100694
-0.279673
-1.979190
-2.475636
-2.470051
-1.538131
-2.721338
-0.041751
-2.331613
0.022697
1.066531
0.085032
-0.399760
-0.076762
-0.634280
-0.165726
-0.363226
2.681267
-0.133166
-0.203744
-0.109248
-0.750679
-1.039024
0.003090
-0.063327
-0.496702
-0.086235
0.043332
-1.568824
1.669825
-0.637117
-0.137414
0.057741
-0.286295
0.009873
-0.334093
-0.798468
-2.399772
-2.136481
-2.761651
-1.915722
-0.126008
-0.108199
-0.360497
0.046822
2.808328
-0.290450
-1.031417
1.517578
-0.015330
-0.099511
-0.282525
-0.041881
-2.069274
-2.282700
-0.987520
-1.846267
-0.334202
-1.972044
-0.229400
-2.723049
-1.218699
-0.224783
-1.915882
0.128184
1.742032
-0.213409
1.108442
-1.986080
1.141963
-0.074550
-0.105628
-0.178213
-1.897918
-2.570511
-2.147829
0.189718
-0.404334
-0.024652
-0.128203
-2.574657
-0.422791
-2.918640
-1.933486
-0.439621
1.668530
-0.372781
-0.129980
-2.286749
-2.037088
-0.814702
0.639093
0.033016
0.011884
-2.182333
-0.076164
-2.025168
1.113731
-3.729091
1.784304
-0.339359
1.581422
0.985390
1.211846
-0.032165
1.374023
-0.599743
-0.502523
-1.834636
1.648901
1.016167
-1.901838
-0.403159
0.015842
0.054284
-2.701309
-0.110736
-0.061646
-0.159048
-0.048089
-3.760858
-0.700510
-2.159054
0.054636
-2.120811
-1.911721
-0.024048
-1.979101
-0.740361
-0.524038
-0.151217
-0.054886
-2.498734
-0.085825
-0.071683
-1.095545
-2.906534
-0.069254
-3.463344
-1.983733
2.212725
-0.077035
-2.045708
-0.158463
-1.022080
-1.911363
-0.051175
-0.168200
-0.172375
-0.451524
-1.052030
