-0.382467
-3.017420
-0.274345
2.500657
0.163685
0.351752
-3.840017
-0.548341
-0.655345
0.015047
0.479147
-0.054472
0.093055
-2.757511
0.029982
-0.421201
-0.473846
0.368904
-0.536536
0.196108
-4.096424
0.243805
0.036810
-0.166532
0.318121
0.195135
0.387976
0.167676
0.333337
-2.895039
3.063576
-0.270707
-0.294151
-3.559487
-0.003874
0.124999
-0.136297
-0.352881
-3.000544
-3.371670
-1.110686
0.441289
0.480988
-1.083671
-0.698460
-2.759643
-0.267145
3.442292
-0.136262
0.428921
0.306332
0.357736
-0.706092
0.243569
0.125476
0.344440
-2.906965
0.170271
0.238813
0.205260
-0.868726
-0.134141
0.001287
-3.578821
-3.215978
-0.744143
0.179901
0.322610
0.124939
-0.061379
0.094170
0.110362
-2.900302
-2.952304
-2.731236
0.290056
-0.779644
0.041678
0.145068
-0.014069
0.328473
-2.863517
-3.007081
-0.981350
-0.373301
-0.311391
2.716667
-0.258282
-0.238910
-3.039076
0.153505
0.131330
0.494327
0.585992
-0.397827
-1.111059
-0.703326
-3.547794
-2.722793
-0.210062
3.282208
0.111969
0.132226
-0.402657
0.086934
0.220733
-2.759159
0.232494
0.046914
-2.876867
-0.892711
0.036506
-0.538284
0.023401
0.155991
-0.413993
-0.483179
-0.149249
-0.662075
-0.388842
0.261658
-0.052444
0.082261
0.236895
-0.769389
0.001307
-0.823592
0.256053
-0.835153
0.003732
0.211161
0.070109
0.053454
0.413233
0.237469
0.286273
0.167127
0.030098
0.516234
-0.178658
-0.582890
-0.176281
3.232543
-0.483612
0.178922
-1.021191
0.295936
3.277992
-3.077625
0.297230
-2.803680
0.369749
-3.264131
-1.035383
0.119491
0.194349
2.247040
-0.797115
-0.581567
0.008676
0.247612
-0.475299
0.477049
-2.663119
-2.778611
-0.333682
-0.665073
-0.149535
-0.471114
0.492106
0.327506
-0.000120
-0.605084
0.129845
0.066321
-0.414840
0.216559
0.406063
-0.146834
0.018398
0.146789
-0.068291
0.207907
0.316801
-2.798620
0.301760
0.278264
-2.755246
0.388934
0.407507
-0.380463
-0.499507
-2.896294
-3.628205
-0.072285
0.026177
-0.150871
-0.449179
-0.274672
-0.123713
0.022466
-0.361098
3.246808
-0.494171
-0.569746
-0.708832
0.208479
-2.933377
0.042117
0.100209
-0.643125
-0.738585
-0.088377
-2.800214
-3.691976
0.232286
0.321879
3.124954
0.247689
-0.145353
0.289531
-2.850986
-1.040519
-2.874466
-2.788883
-0.389073
-0.093682
0.397216
0.125087
-0.325476
-3.707557
-0.031822
0.027563
-0.870770
-0.334291
-3.659188
0.404746
0.082305
0.222068
-1.111327
-0.610467
0.099655
3.159446
-4.281597
-0.537551
-0.526610
-0.674492
0.132922
0.498510
0.311431
0.269371
-0.620582
-2.687234
0.147376
-0.155360
-0.132893
0.231698
0.217148
0.328735
0.022461
0.014293
-3.752228
-1.297787
0.271870
-1.456151
-3.558943
-0.640906
-0.274104
0.311021
-0.432832
-2.791571
-0.052326
-2.763051
-3.512985
-0.327691
0.282147
-0.016417
-0.479283
-3.652891
-2.801297
-0.040824
0.275032
0.271547
-0.075802
-2.835420
0.238530
-0.551754
-0.641574
-0.343054
-2.751392
0.353743
0.211048
0.166995
-3.586235
-1.018154
2.343803
-0.710613
3.422991
-2.759591
0.199134
0.258374
0.450013
0.133627
-0.022599
-1.200137
0.313526
-2.627415
0.098540
0.301054
0.011973
0.037276
-0.100170
0.123889
-0.491632
-0.538149
-0.623270
0.326753
2.606397
-0.443211
-2.696678
-0.444871
-0.100725
-3.000334
0.359214
0.320870
0.036280
-0.004131
0.143619
0.484696
-3.805799
-0.301233
0.076505
-3.734504
0.066134
-2.808221
-0.311956
-2.803438
-4.184021
0.275042
0.194740
-2.879476
0.253567
-0.522145
0.205037
-0.807705
-3.286903
-0.564515
-2.953018
-0.317698
-0.525085
0.289137
-0.958463
-2.667962
-0.744429
0.249348
-2.896714
0.117663
0.297312
-0.382466
0.139161
-0.849316
-0.993303
-0.301481
-2.846242
-4.366962
3.049570
0.325179
-0.714671
0.347017
0.071280
-0.534434
0.002297
0.022488
0.160997
0.069708
-0.276691
0.058737
-0.235346
-0.249892
0.096190
-2.677133
-0.376397
-0.002797
0.283106
0.014153
-0.813932
-3.824771
1.906361
-1.258451
0.121547
-0.294229
-0.299387
0.033942
-0.108862
0.410782
-2.886185
-2.866175
-0.089439
0.154374
-2.898286
-0.244854
-0.079560
-0.398224
-2.928786
-0.046509
0.406229
-0.311025
-3.938577
0.345841
0.204531
-3.407134
-2.795318
3.336615
-1.108894
0.175217
-0.169043
-0.032628
-4.044273
0.395796
-0.044457
3.274520
0.311774
-0.705378
-2.904309
-0.033087
-2.629195
-0.084236
-0.193488
-0.118669
-0.366718
0.291646
-3.097935
0.361201
0.014901
0.101664
0.286314
0.225186
0.084273
-0.664689
0.159663
-1.151516
2.673594
-0.133156
0.257387
-0.264144
-4.012695
0.113088
0.425959
-0.326461
0.206251
-0.087907
-3.280419
0.330384
-0.209824
0.307759
-3.792834
0.321755
2.494428
-2.579071
0.169545
-0.087274
-0.020015
-0.147663
-0.203444
-0.245127
0.142636
0.309082
-0.367189
0.200979
-0.493253
0.257383
0.372192
-0.512987
-2.923512
2.928435
-0.375627
0.286405
0.029990
-0.942231
-2.807865
-0.531382
-3.008762
-0.558395
-0.452013
0.443219
0.236451
-0.061608
0.209493
-4.060923
0.388241
0.218898
0.524840
0.366646
0.086954
-0.390001
0.178061
-2.777091
0.427833
-2.950959
-1.046634
-0.261465
0.215083
0.501630
-0.815429
0.280424
0.292654
0.118101
0.043704
-0.675474
-1.043947
0.177976
0.364510
0.198392
-0.003251
0.177251
0.226873
-0.064999
-3.357139
-0.443614
-0.712741
-0.667281
-3.037993
0.257462
-0.745674
0.287793
0.148876
-4.217641
0.153501
-0.204953
0.003027
-0.080850
-0.396869
-0.497115
-0.377388
-3.351574
0.411798
0.274606
-2.656260
-0.601630
0.025392
0.275704
-0.007301
0.081442
-3.093861
1.929258
0.124179
0.299470
0.214687
-3.054180
-0.202968
3.154103
-2.858161
-3.140595
-0.013077
3.157311
3.175969
-0.635060
-0.638490
0.086989
-0.866263
-0.264135
0.070931
0.026679
-2.893362
0.220577
-1.159330
0.391596
0.287512
-0.152939
0.236914
0.069350
-2.833466
-2.938797
-3.705327
0.253448
-0.507739
-3.040120
-0.113044
-2.817186
0.197807
-0.595007
0.071943
-3.310133
2.305588
-1.429466
0.050752
0.045895
-2.696975
-2.908626
0.357441
-3.585586
0.251815
-0.886658
0.290689
-2.799299
0.291044
-3.375788
0.126295
-0.111382
-0.480826
0.230923
0.053533
3.241896
-0.401477
0.350925
-0.428226
0.193556
-0.127436
-1.091041
-0.640069
-0.794784
0.357346
-0.734800
0.272952
-0.401636
0.339040
0.347159
-2.971587
0.033712
-0.804200
-0.535540
-3.838516
-3.002107
0.420087
-3.140587
-0.726473
-0.002979
-1.169583
-3.040879
-0.024345
0.179656
-0.467369
-2.681326
-0.803382
0.464570
-0.069740
-0.621007
-2.783062
0.236754
-0.064035
0.230829
-2.788102
-3.253985
-0.353639
-0.166392
-0.084076
-2.901213
-0.748886
-0.738200
0.340308
3.243262
-0.523632
0.191679
-3.532767
0.088786
3.155535
0.006184
-1.287239
0.282801
-0.132069
-2.693996
0.393396
-0.879008
-0.689518
2.205040
0.150144
2.400797
-3.892277
-0.244950
-0.376178
0.284078
-0.454390
0.032446
0.238169
-0.402604
0.219893
-0.384431
-0.367845
-0.784567
-0.372481
0.255846
0.128235
-0.402826
0.046286
-2.858350
3.186357
-2.694688
0.321761
0.109658
3.109603
