0.079889
-0.095475
-2.569657
0.077454
0.417234
0.224956
-0.016460
-0.058701
-2.938588
0.149093
-2.785690
-2.934183
-2.886377
0.161857
0.177303
0.089196
3.131835
-0.234412
0.345316
0.260325
-2.727565
-2.886732
0.485878
2.679632
-2.966123
-2.881392
3.073079
0.056812
0.091296
0.140687
-3.369818
-2.569902
-2.403881
0.311981
0.136883
0.379314
0.117553
-0.416323
0.119397
-0.475894
-0.018645
-0.425439
0.008318
3.394952
-1.670814
0.159611
-2.762183
0.123276
-2.693652
0.252318
0.104474
-2.830588
-0.556827
3.360064
0.082133
0.442988
-0.933827
3.349251
-2.702734
-0.440375
0.153639
0.324989
0.525124
0.180417
0.191241
0.036460
-2.618487
3.396490
0.427904
-2.841911
0.389313
-3.003353
-4.767223
-0.000865
-0.022296
-0.356653
0.120290
0.164617
0.289229
-0.387245
0.491465
-3.370728
-0.063670
0.001055
0.366675
-2.750122
-0.428134
0.057651
-2.754070
-2.615194
-0.374558
0.113141
-3.815195
-2.670474
-2.805049
-0.046933
-0.084700
-1.137320
-1.451240
-2.690287
0.310606
0.154959
0.190308
-0.029829
-2.769227
0.314392
-1.019952
3.197723
0.714821
-2.872293
-0.215137
2.055465
-0.099731
0.053790
-0.016525
-0.042117
0.146824
0.525309
0.150817
0.056946
0.311843
0.366556
0.485081
0.056441
-2.590053
-3.076918
-0.245064
-2.748771
-0.125955
0.401794
-2.728541
0.238445
0.013174
-2.868793
-1.785089
1.043431
-0.208944
0.280110
0.001046
-2.675068
-3.468505
-0.735819
0.238669
0.346914
0.280219
0.159660
-2.711709
-0.176690
-2.711942
0.342530
0.229113
0.100861
0.439581
0.290093
-0.019445
-3.216873
0.135958
0.120293
-0.049137
0.302345
-0.322221
0.335973
0.294609
-2.718285
0.165468
-0.195824
-0.117850
-0.547416
0.395151
2.894590
0.411128
-2.776766
0.092687
0.092999
0.358312
0.106830
0.256607
-0.502852
-2.703869
0.112999
0.142037
3.333007
-0.118644
-0.415334
0.192057
0.504884
-0.276342
0.160656
0.219332
-0.130454
-0.334110
0.394021
0.205994
-0.146486
-0.157332
-1.874248
-1.415255
0.376676
-0.985495
-2.054528
0.486332
0.085280
0.013895
0.046845
0.115969
0.258956
2.655042
-0.158470
0.132044
0.191765
0.081369
0.274348
0.050715
0.227886
3.148089
-0.317827
-2.910370
0.147579
-2.940829
0.096244
0.235328
-0.005919
-0.798544
-0.043864
0.077307
-2.753296
-2.881670
0.284773
0.027019
-2.932086
0.024944
0.917247
2.496138
0.429331
-2.775120
0.231507
0.056751
0.037574
-0.476329
2.925136
0.018940
0.043611
0.361783
0.336829
-1.908499
-0.102371
-1.400838
-0.003256
-2.632958
0.025674
0.130625
0.128291
-4.056838
0.054256
-0.232436
0.116608
-0.058039
0.505659
0.191316
0.413015
0.251183
-3.643504
0.307366
-0.043723
0.195437
0.173785
0.300848
-0.054465
0.300413
-0.079381
0.163990
-0.133532
-2.812761
-0.038125
0.275253
-2.618789
3.286342
-0.017112
0.346968
3.185741
0.153063
0.503052
-0.115247
0.032418
0.043242
-2.804856
-0.267530
-0.048590
0.414896
0.127330
-0.194180
0.001194
0.233188
3.218312
-0.058460
0.292035
0.352563
0.069841
0.030994
0.179761
0.276096
0.404193
0.327457
0.304926
0.269589
-0.040948
-2.949569
-2.826420
-2.566604
-0.148271
0.496024
-2.722356
0.314585
-0.365150
0.533149
0.089541
3.286304
0.296921
0.212168
-2.742640
-0.157449
3.029811
0.037556
3.117485
-2.526946
-2.493075
0.334018
-2.797872
0.086441
0.216051
0.057337
0.229545
-0.193126
0.253958
0.185418
-4.510806
0.118335
2.876162
0.243887
0.266413
0.424388
0.343163
-0.213828
0.184148
0.224512
0.227309
-0.301652
-2.799254
0.440586
-0.027980
0.167759
-2.822949
3.391631
-0.221914
0.018474
-0.004022
0.341012
0.080698
0.359653
-0.005701
-0.038705
-2.706105
-0.198371
3.441258
0.367543
-2.860907
-0.096194
-0.427997
0.179181
0.060123
0.090115
-0.100201
0.365907
0.282673
0.171808
1.987565
0.083671
0.137321
-2.724035
-2.943935
0.054573
-4.858021
-0.088095
0.171632
-0.357922
0.248533
0.356478
0.097844
-2.723255
0.279984
-0.825938
-0.022483
-0.151371
0.082994
0.093703
-2.756188
0.046903
0.016565
-0.716776
0.314145
0.349267
0.220155
3.177897
-2.788285
-0.052482
-0.757203
-2.964519
0.071942
0.305099
0.186277
-0.121220
0.274545
-3.000976
0.112485
-0.076090
-2.374546
-0.017208
-2.853128
-3.489092
-2.683562
-3.007769
-0.054993
-4.012005
0.335358
-0.549288
0.509892
0.253133
0.280811
-1.018237
-2.762261
0.156735
0.157450
-2.792691
-0.427370
-0.138974
0.309647
-2.994226
-0.225661
-0.496267
0.250290
0.332166
0.057199
2.722142
-1.487655
0.118519
0.170830
0.121550
0.091649
0.409590
-0.511864
0.509250
-0.084889
0.332369
0.180587
3.189261
2.656916
0.199424
-2.788702
0.359455
-3.056926
-1.693280
0.395712
3.301534
-0.962026
0.278109
0.329552
0.234004
0.186150
0.060626
-2.706165
3.045791
-1.977498
0.452075
-0.179216
-2.700682
0.091111
-2.723782
-2.948470
-0.067818
0.207983
0.001293
-0.384802
-0.321179
0.364621
-0.976287
-1.045419
0.189553
0.269596
-2.779323
3.118241
0.298828
0.306195
0.338370
-3.925292
-0.656656
-0.198753
-0.382854
0.122062
0.195355
0.262888
0.554633
0.027315
-0.082446
0.299859
0.278536
-3.308358
-2.778953
-2.668523
3.130434
0.354155
0.109568
0.504277
0.194134
-0.540363
0.027877
-2.713699
0.344611
0.038097
0.543246
-3.045172
-0.123704
0.284548
-0.447569
-0.195132
-0.133008
-2.902268
-0.162663
0.192307
-0.029943
0.142793
-0.058258
0.011414
-2.637401
0.341412
0.142014
-0.063061
0.127644
0.713833
-2.653022
-0.900451
-2.808897
0.529516
-0.671956
-0.122633
0.126168
0.117310
3.354364
-0.082891
0.511965
0.263850
0.324267
0.162237
2.716580
0.383201
0.028509
-2.497811
-0.316363
-0.104691
0.378567
0.291020
-0.614559
0.443930
3.147718
0.022942
0.401870
-2.794162
0.288626
0.249481
0.325365
0.135013
-2.811097
0.162572
0.230831
-0.372006
-0.322442
0.169316
0.092699
0.077436
0.236337
-2.728790
-2.572967
3.126645
0.027087
-3.081682
-3.534349
-2.934094
-0.023109
0.034185
0.297267
-2.770640
0.003162
0.233093
-0.162115
-0.524074
-2.686981
-2.819696
0.067170
0.145562
0.067296
-2.734981
-3.236191
0.095324
0.113580
0.290934
3.253340
2.922661
0.267215
0.091947
-0.021586
-2.692667
-2.731212
0.136045
0.340319
0.445493
0.208219
-2.824825
-1.174226
0.074504
0.426809
-0.193547
0.164308
0.379365
-0.362407
0.426354
0.149681
-0.450617
0.268642
-3.121985
-0.304733
-2.708442
0.211649
-0.261081
0.314834
-0.066276
-0.001256
1.801469
0.184217
-0.013712
-2.736770
-2.792950
3.543060
2.385279
0.269730
-0.375547
0.338023
0.168897
0.569970
0.002745
0.292234
0.181321
-2.839130
0.067804
-3.185707
0.346958
0.016921
0.116624
0.312195
0.111674
-0.059614
-3.011920
-0.340864
-0.049394
-2.632641
-2.823482
0.017452
0.088612
0.206221
-0.580452
0.266422
-2.682611
0.283451
0.213122
0.404583
0.300831
0.092211
-1.557212
0.066356
0.305143
-0.151045
-2.965905
0.453830
-0.125239
0.142614
0.402755
0.129628
0.107066
-0.931453
0.212948
0.098833
-2.734105
