3.341607
-2.609741
0.324231
3.302438
-2.685973
0.082342
0.183811
3.393684
-2.843499
-2.501918
0.192217
0.123405
0.125458
0.441418
0.409086
0.131787
0.316008
0.015803
-2.889827
-0.165660
0.347650
0.439746
-2.884278
-2.342778
0.149128
0.608851
3.324850
0.308537
-0.248016
3.800633
3.148178
0.121832
0.493316
-2.789183
0.396373
0.317322
0.082884
0.152269
0.450688
-2.557268
0.074049
0.346213
0.211935
-0.052875
0.262473
0.492972
-0.240361
0.364402
3.356811
-2.723848
0.113658
-2.756349
0.407637
-0.103995
-2.801485
-2.821565
-2.697327
0.176621
0.582885
-0.205892
0.251728
0.340055
0.228466
0.403913
0.096729
3.545171
3.599463
0.045940
0.303967
3.121693
-1.984198
0.056259
0.292380
0.018029
3.400863
0.284699
0.129261
-2.601536
-3.034603
3.454387
0.054736
0.018478
0.227604
0.275063
0.316098
-0.091847
-2.679951
0.881612
0.148536
3.402900
-2.717390
-2.780585
1.129091
-0.053559
0.059438
0.108573
-0.000506
0.296663
0.034807
0.303376
-0.052625
0.059791
-0.659742
0.246427
0.206803
0.253289
0.361760
-2.446389
0.224475
0.179881
0.254860
0.326930
0.184348
3.621326
3.196176
0.056340
0.365604
0.347952
0.227445
0.214154
0.252734
0.133098
0.461526
-2.844920
-0.423335
0.126273
0.251916
3.186432
-2.715967
0.178519
3.440842
0.265267
3.327020
-0.217654
0.435297
0.255115
-3.016197
3.641016
0.184025
0.317806
0.366735
-0.016020
0.653754
0.003880
0.010759
-0.188038
0.543079
0.169453
0.372493
3.419040
3.478605
0.270483
-2.866434
-2.827461
0.350933
-2.739713
0.130745
0.412653
0.148982
0.358272
-2.727308
3.365122
0.230488
0.184706
3.325142
0.364374
0.156922
0.140401
0.226379
3.193515
3.384230
0.040892
3.561074
-0.154046
0.382788
0.361203
-2.784750
0.334189
0.111961
3.275005
0.342483
3.247857
0.397798
0.271928
0.179866
0.299113
0.326118
-2.574867
3.506798
0.482574
0.298874
0.295674
0.107009
0.565436
0.262665
-2.689315
0.526975
0.276068
0.110883
0.201590
-0.108346
0.273962
0.511863
-2.649567
0.014850
0.171258
0.231206
0.195076
0.186476
-1.772778
3.506972
0.264729
0.276271
0.398642
0.280353
0.197686
0.159760
-2.317704
0.368715
0.264912
0.345513
0.173875
0.105733
0.265372
0.404442
-2.769455
0.276073
-2.530748
0.252473
-2.786743
-2.494041
-2.564994
0.223785
0.487722
0.154702
0.222317
-0.174565
0.179756
0.174629
-0.235593
-2.620458
-0.041567
0.433087
0.040611
-2.569157
3.310378
0.161596
0.127777
0.388136
0.163449
0.245433
0.200328
0.309290
0.261938
0.482881
0.318860
-2.548996
0.211633
0.017813
0.603859
0.081878
0.229033
-2.479850
-2.862067
0.508366
0.021889
0.343657
0.118641
0.305815
0.104629
0.386693
-0.016450
0.061824
-2.701721
0.619352
3.143818
0.452761
-2.667104
0.205601
0.387489
0.295816
-2.466924
3.537331
0.359958
-2.706286
-3.209042
0.241610
0.112773
0.436843
0.071569
0.485768
3.089154
0.243152
0.317581
0.652379
-2.778418
0.501081
-2.922171
-2.624471
0.362947
0.318888
-2.855030
3.125035
-0.052816
0.241199
0.276934
0.145028
0.063665
-2.857812
0.468955
3.003557
-2.608272
0.019003
0.256191
0.097247
3.314257
0.193731
-0.040638
0.303486
0.728107
-2.770890
0.039666
0.374689
-0.052912
-2.780648
-2.544486
0.331668
-2.492409
0.230826
0.300619
0.201658
0.578506
0.525013
-2.799288
3.782056
-0.079883
0.333984
0.185037
-2.529457
0.378897
0.354507
0.003179
0.586444
-0.031264
0.119960
0.289692
0.130171
0.287869
3.384545
3.496935
0.226453
-2.631543
0.167188
0.256189
0.241446
-2.695371
0.336949
-2.870222
0.275995
0.142840
0.283673
0.196903
-3.482145
0.448363
-0.004193
0.158093
-0.114025
0.210023
0.694980
-0.006591
0.598853
0.348596
0.404848
-2.832043
3.251695
0.290337
0.245530
-2.848232
0.197903
0.088680
-0.325933
0.016957
-2.704926
0.060228
-2.538240
0.078940
0.257306
0.342561
0.419085
0.108518
0.282129
3.438461
-2.614959
0.214688
-2.857165
-2.670766
0.432083
-2.905215
-2.311334
-0.217968
3.367754
-2.719840
0.058228
-0.088898
0.321756
0.130658
0.274658
0.577981
0.148917
0.184341
-2.788761
0.107506
-2.543271
0.139645
0.328261
0.237598
-2.758655
0.345855
-0.156911
0.173420
0.059183
0.076719
-2.563299
0.520986
-0.037010
0.572673
-0.109052
0.242110
-2.846531
0.312696
3.468913
3.219270
0.158613
-2.615687
0.327776
0.189811
0.465613
-2.996384
-2.714115
-0.178376
0.019171
3.545191
-2.521157
-0.233288
0.311631
0.335262
0.174083
-0.116752
0.141959
0.203097
-0.064200
0.753991
0.246443
0.183735
0.101281
3.120941
0.321108
0.369859
0.172706
0.239090
3.088644
0.247294
0.662299
0.305249
0.208885
-2.324958
-2.736981
0.413551
-2.783425
0.060399
0.204797
0.076686
0.382836
0.186018
-2.795299
-2.206081
-0.194496
0.188098
0.193057
0.157487
0.385095
0.205698
0.425343
0.268343
0.082298
0.252142
0.146221
0.113863
0.373160
0.415157
0.273635
-2.752284
3.169726
0.371937
0.444915
-2.912260
0.810396
-2.592143
0.385670
0.315693
-2.686271
0.148868
0.358585
0.327200
-0.270667
0.124564
0.115845
0.202983
0.308460
0.184181
0.202386
0.195271
0.372389
-0.064661
0.385218
0.103874
0.373135
-2.863546
0.124975
0.322787
0.205206
0.256149
0.420451
-2.639567
0.233476
0.224943
0.008581
0.236030
3.441783
-0.157574
-2.835866
-0.012009
0.118531
0.379867
0.169496
0.170254
3.135581
-2.479341
-0.027606
3.125858
0.044884
-0.014803
0.062851
0.198963
-2.589125
0.376863
3.544917
0.318680
0.733767
-0.145181
0.246278
0.265797
-2.698958
0.139648
0.316484
0.426764
0.765245
0.077038
0.236323
0.446734
-2.614280
0.006955
-0.332125
0.447686
0.010075
-2.515855
3.271108
0.023338
0.198902
-2.928736
-2.323393
0.482581
-2.898704
0.374397
3.189966
0.105286
-2.774749
-0.111199
-2.843326
0.122336
-2.764469
0.273190
-2.695281
-0.025761
0.509397
0.361362
-3.037083
0.123104
-0.088057
0.067746
-2.812036
0.326481
-0.001266
0.312919
0.471928
0.366525
0.265456
0.171726
0.409582
3.137791
0.136472
0.331632
0.439232
0.085962
0.178049
0.078723
0.463643
0.205385
0.335127
0.703085
0.423292
0.596395
3.195389
-2.566816
-2.521552
0.220707
0.145703
-2.638560
0.551304
-3.103634
0.237604
-2.651792
0.350092
0.362519
-2.417970
-0.106550
0.662529
3.376929
0.068915
0.544302
0.219932
0.184107
0.328228
0.317775
0.500891
0.072016
-0.292350
0.108468
0.043596
0.379106
3.303465
0.409090
0.264748
0.271854
0.409254
0.258202
-3.038865
-2.706446
-2.557730
0.670898
0.510075
0.124299
0.212279
-2.782801
0.222776
-2.557691
-2.742651
0.153357
-2.587215
0.178711
0.180625
-2.907282
0.167413
0.388412
0.168562
0.268125
-2.893273
0.439154
0.806210
-0.011211
-2.717016
0.569198
0.457588
0.517410
0.434238
0.025373
-2.860679
0.794831
-2.536973
3.242549
-0.010938
0.369622
0.563262
0.511648
-2.071933
0.029175
-0.285003
-0.057887
0.805272
0.318678
