0.162178
0.184513
0.353128
-0.756927
1.604989
-3.637567
0.374648
-2.647762
-1.615889
0.257933
0.089205
3.219398
0.144462
-0.326527
0.319249
0.122207
-0.274767
-0.331090
3.384417
0.269379
0.440052
-0.005972
0.161639
-2.167978
1.382361
-0.480265
-1.910073
-0.979161
-0.793322
2.216450
0.414653
0.208930
-0.825931
-0.010389
0.225216
-2.628870
-0.075748
0.309485
0.267726
-2.772859
0.013306
-3.342202
-0.559204
-1.512247
-2.968535
-0.123204
0.447320
-0.180328
0.356340
2.922885
-2.804773
0.181013
-0.178346
-0.456994
0.326409
0.275709
0.236315
2.689655
-0.258735
0.226219
0.311729
-2.912947
-2.678896
-0.225950
-2.976261
-1.105509
2.704760
0.539442
0.243494
2.744135
-0.784328
0.783506
-0.009263
-0.324047
0.071050
0.133449
-2.777462
-0.967356
-3.222722
2.206138
-3.379929
-0.758945
0.092025
-0.963672
0.148680
0.543419
0.236766
-0.548532
0.297671
0.030522
-1.008560
0.308751
2.881957
1.059676
0.099552
-2.630065
-1.476577
-0.583354
0.122180
-1.383760
3.331739
0.130251
-0.074225
0.092865
-2.760308
0.350871
-2.835786
0.176362
0.179707
0.532526
-3.102120
0.270108
0.079221
-4.236311
-1.479245
-0.126230
0.028960
-1.342134
-0.395543
0.204232
0.421877
0.177490
-2.927117
-0.477440
-0.851618
3.117165
-0.474844
0.237524
2.613440
-0.013623
0.267120
0.295729
3.163223
-2.798261
-2.600256
-0.321046
0.464710
-3.128110
-2.458658
0.275708
1.766188
-0.073593
0.243819
0.232502
0.086035
-0.038760
3.727804
-1.612575
0.365199
-2.660555
2.517665
0.003838
0.167688
-0.176374
-0.755671
0.361520
0.111194
0.186010
-2.754857
-1.092971
0.346576
0.302510
0.363680
0.314546
1.887686
-3.307961
-3.434952
-1.437802
-0.262023
-2.777940
-2.798765
0.180887
0.623414
-0.090730
-2.641934
0.434600
3.162724
0.341870
0.516428
3.044993
0.237000
0.251550
0.374277
-2.774520
-0.260654
-3.292094
-1.120072
-1.793358
-0.701119
-0.560172
-2.772863
-2.843353
0.136693
-2.967432
0.005796
0.158122
-2.783924
1.607391
0.031999
-0.316751
-1.584367
-2.878697
0.375435
-0.451970
-2.809662
-2.686869
-0.387515
-2.781517
0.233583
0.248156
0.347883
0.419615
0.256608
0.193182
0.109400
0.190883
1.056252
3.190229
0.389319
-2.644873
-0.208785
-0.263500
-0.029202
0.264299
-2.774205
0.109534
-1.397143
-3.135810
-0.008150
-0.158858
-0.457409
0.394857
0.040079
-2.544029
-2.806356
0.034890
0.187799
0.056866
0.333546
0.270900
-2.768447
-2.791039
-2.781787
-0.265295
-0.335930
0.284896
-2.630387
0.053242
0.642036
0.109188
0.314621
-0.033585
-0.946938
0.242312
-3.776477
0.441087
0.473062
0.221816
0.554905
-2.846982
0.325049
-0.014975
-2.518836
-0.376249
0.219194
3.316037
-0.114008
-2.985347
-3.481223
-0.258995
0.198272
-2.877095
-0.098711
-2.736534
-3.652713
0.682564
0.152943
-2.528888
-0.309227
-0.064389
0.085549
-3.484008
-0.968349
0.011996
0.277228
-1.123464
0.398785
0.310926
-3.883782
0.416474
0.403087
-2.687224
0.303417
-0.612480
4.566328
-1.138191
-0.194947
0.489839
0.316056
0.404544
3.128074
0.349291
0.171702
0.116293
-2.697754
0.148454
-0.992216
0.019721
-2.699602
1.394558
2.471413
0.013597
0.102579
-2.860632
-0.111918
-1.319654
-2.671785
-0.177378
0.581389
0.203665
-0.940797
0.481010
0.346622
-0.328020
0.229331
0.332183
0.476215
-0.102269
3.384771
0.115474
-0.965905
-0.068545
-2.921906
0.148309
3.071948
-0.304667
1.071790
2.745130
0.016545
0.434514
-0.680183
-2.121983
0.179709
-2.017853
0.338993
-2.873553
-2.825154
0.099982
0.299058
0.180860
3.150950
0.400296
3.328928
-0.412753
0.291359
3.120114
-2.766304
0.195726
-0.025126
-0.511224
-1.085089
-0.375457
2.558532
0.111321
0.493248
0.156779
0.022560
0.266105
0.326850
-2.705903
2.589455
-0.103596
3.312214
0.283052
0.217070
-0.219038
0.027537
0.119644
3.240857
0.384989
3.069798
0.256943
0.400167
0.081655
-4.048199
-2.974736
0.372464
0.278286
0.055056
0.389978
-0.419066
0.186074
-0.203696
-3.014874
-1.030065
-2.837048
-2.730646
0.047613
-0.237237
0.063198
0.272117
-0.962914
-2.813217
-3.411870
-0.036289
0.284854
-2.709114
0.228057
-3.358671
0.128879
-0.133426
3.132279
0.271121
0.037602
3.273034
-3.012416
-3.064453
0.215421
-0.057556
2.786920
3.247718
-0.097239
0.266158
0.094050
0.296540
-3.355346
0.404578
0.023610
-2.688695
0.396081
0.180117
0.348710
-0.135089
3.224616
0.562158
-0.759319
0.175711
0.119371
0.054606
0.801091
-2.793584
0.199533
0.054446
-0.017972
-3.667877
0.034278
-2.689302
-2.755877
-0.391231
0.255231
-1.718514
-3.331598
0.592187
-2.910719
2.319492
-2.808642
0.370327
0.299064
0.204150
-0.650921
-1.945512
4.749759
-0.124688
0.024835
0.287290
1.844276
0.217333
3.220823
0.035525
-0.245217
0.385866
2.816954
-3.000221
-0.779796
-0.635734
0.144164
0.170461
-0.105394
0.503789
3.036404
-0.471759
0.073581
0.002863
0.121680
-0.399824
-2.564931
0.165965
0.088394
0.289879
2.678131
3.348520
0.383135
-3.465676
0.351488
4.440719
0.173478
-2.792456
1.737143
-3.490790
0.307525
0.396169
0.314329
2.662049
-1.282490
-2.851622
-0.194305
0.246622
1.834607
-0.497159
-2.664796
1.565164
-3.289559
-0.007484
-3.295462
-0.194557
3.355749
-2.977475
-0.386866
-1.138733
0.099411
0.148482
-0.048507
-2.726955
0.037498
-0.643541
-3.555191
-0.083908
0.097221
-3.733629
-3.684771
0.321409
-0.837776
0.464018
0.307004
-0.380790
3.278214
-2.820775
-0.521798
-0.984357
0.172559
0.175216
-2.670792
-1.553724
-3.051422
-1.551384
-3.465322
0.467174
-2.831052
0.251041
0.017005
0.078132
0.020132
0.214049
-1.118122
0.142223
0.179166
4.135237
0.284971
0.076589
0.154373
-0.362820
-0.873698
0.434746
0.145530
-0.280561
0.350964
0.232487
0.230109
3.307680
-0.307450
0.288537
0.339943
0.033909
0.110406
-0.132207
-0.696584
-3.118277
-2.844610
-3.451437
-2.883464
0.329013
0.232099
-0.100959
0.287467
3.198463
-0.275394
-1.803507
3.134389
0.283120
0.398465
0.203920
0.099430
-0.731722
-3.170580
-0.790846
-0.482930
0.194186
-2.717487
0.067469
-3.288638
1.828534
0.285940
-0.483427
0.153136
3.056149
0.164753
0.181549
-2.848779
2.687984
0.186420
0.180869
0.190177
-2.970152
-3.917850
-2.804783
0.074581
-0.155510
0.102752
-0.110634
-3.339063
2.140372
-3.535098
-2.936817
-0.082435
3.232419
0.040746
0.029312
-3.022892
-2.839015
-0.315945
1.835218
0.024161
0.277733
-0.741361
0.227356
-2.779807
2.412572
-3.327236
3.056493
0.169113
3.171708
0.266780
2.915081
0.400252
1.968919
-0.222167
-0.130641
-2.568554
3.122584
4.423068
-0.366134
0.022585
0.222094
0.376993
-3.275061
0.223218
0.234012
0.320378
0.194922
-3.404443
-0.291072
-3.941212
0.378667
-2.820124
-2.697226
0.393030
-0.516811
-2.682314
-0.321295
0.188918
0.343058
-3.095867
0.350036
0.023188
-1.126690
-3.759457
0.199258
-3.275408
-2.932093
1.474532
0.338717
-2.719021
0.060806
-0.738914
-0.484759
0.200657
0.442865
0.367574
0.096523
-0.578591
