-1.197809
0.148890
-2.323948
1.518213
-0.086738
-2.158799
-2.918116
-1.515298
-0.124355
-0.896055
1.525373
1.919567
0.748378
2.736701
0.352990
-2.770701
1.873681
2.927532
2.488746
2.231839
2.582993
1.272297
-1.700499
2.158799
0.614663
-3.091634
0.632749
0.278300
-1.815775
-3.103150
-2.265535
-2.927532
0.482513
-1.067953
2.134113
-1.180189
-0.968509
2.073640
-0.398522
-1.971037
-0.935770
-1.083897
-0.165149
0.876058
-2.565217
-1.825979
2.750986
1.231504
-1.989021
1.866237
-0.588003
0.124355
2.245537
0.484478
-0.418224
-1.620755
1.051650
-1.570796
0.909753
-2.804918
2.446854
-1.074374
1.778293
2.723368
1.315614
-1.016489
2.918116
1.570796
-2.723368
-1.212026
0.512389
-1.080839
-0.994421
0.917950
-2.214297
0.257324
2.796037
-2.356194
1.742987
-3.099950
-1.934775
1.943784
-2.490516
1.465919
0.321751
-0.278300
1.570796
0.588003
-3.321446
-0.045423
1.385448
0.540420
-1.212026
-1.892547
1.929567
-0.982794
2.508844
-2.125104
1.480136
2.191046
1.959115
1.446441
-2.134113
-2.969402
-0.576375
-0.722979
0.432408
-0.094952
2.850136
-2.657115
2.253113
0.614663
-2.196281
0.904827
-2.761086
2.119346
1.989021
-1.729452
1.236059
0.785398
-2.356194
-1.907471
-3.099950
-1.907471
0.305879
-1.523213
-0.255182
-2.638749
1.212026
-2.944197
-2.516108
-2.768605
-1.529154
-3.349089
-3.187016
-0.257324
1.152572
-0.295441
-2.390664
0.688924
-1.405648
-1.363300
-2.475623
0.722979
-0.110657
0.117109
0.519146
0.231091
-0.588003
-0.785398
-1.249046
2.446854
3.058451
0.179853
0.358771
-0.881872
-1.480136
1.892547
0.049958
-2.418613
-2.134113
-2.356194
-0.632749
-2.896614
-0.179853
-2.111216
2.609869
-0.909753
1.969319
1.854590
0.972377
1.570796
0.643501
1.190290
0.674741
2.768605
2.325901
-1.804540
0.548549
2.589938
1.675673
-3.022164
-2.289626
-0.463648
-3.290483
-1.570796
-0.661043
2.239086
0.956133
1.304544
-1.016489
-0.844154
2.506566
0.960070
1.484058
-0.840897
-2.158799
0.207496
-2.356194
2.147172
-0.610726
1.428899
1.107149
-0.484478
0.688924
1.365401
1.279340
1.527345
-2.466852
0.896055
2.792822
-2.411693
-2.578276
-0.484478
1.657535
1.727398
-1.525373
1.989021
-0.888480
-1.815775
0.785398
-0.888480
2.414950
-1.088283
2.777614
-1.616220
0.321751
-1.441094
-2.638749
-1.365401
2.259721
-2.953371
0.862170
-0.531724
2.835714
-1.776192
-0.141897
-0.994421
-2.323948
-2.418613
1.396124
-1.980924
1.929567
-0.625485
0.152649
1.661456
2.016902
-3.181571
0.785398
1.801887
2.677945
0.982794
-1.299849
-3.185044
0.235545
-0.996491
2.578276
2.788602
0.888480
-0.574305
-1.058407
1.910089
2.253113
-1.735945
2.768605
0.000000
-3.141593
-2.578276
-0.486899
-2.835714
1.030377
-0.625485
-2.627141
2.060754
-1.089909
-1.969319
-2.104505
-1.197809
1.128422
1.435269
0.748378
1.465919
-1.570796
2.289626
-0.614663
2.196281
-2.265535
1.292497
0.266252
2.863293
0.512389
2.806856
1.520838
0.674741
-1.983207
-0.945311
-1.126377
-1.421906
-0.370891
-0.372988
-0.847817
1.165905
1.742987
-0.257324
0.045423
-2.488746
-2.819842
2.819842
1.681454
-1.878849
0.286051
-2.565217
-2.293776
2.147172
0.588003
1.742987
1.878849
0.185348
-1.804540
-1.650626
-0.363979
-2.753274
1.347320
-1.862253
0.999459
-2.565217
1.706324
-0.524796
2.870646
1.570796
1.390943
1.421906
-1.451367
1.022247
1.262744
0.785398
-0.041643
-1.943784
1.570796
1.030377
-2.067219
-1.222025
2.601173
-0.244979
-1.876675
-1.784857
0.714091
-2.634494
-2.356194
0.815692
2.863293
-1.719686
2.104505
-1.700499
1.165905
-0.345556
-2.265535
-2.289626
-0.086738
-2.325901
0.847817
-1.441094
-1.199905
0.398522
-0.688924
2.125104
2.034444
2.102520
-1.451367
0.207496
2.714965
-1.869295
0.665969
-0.388319
-2.736701
0.822418
-2.718739
-1.264917
0.321751
0.233743
-3.098142
-1.382575
1.373401
-1.768192
2.147172
-1.892547
-1.858852
2.743070
2.475623
1.518213
0.702257
-2.422763
-2.697173
-0.422854
-2.875341
-0.982794
2.055274
0.674741
-1.067953
-0.888480
-1.700499
1.347320
-1.460139
-0.135528
-1.373401
-0.643501
2.582993
0.708626
-3.246470
-3.075024
1.614247
-1.919567
2.761086
1.347320
1.465919
1.313473
0.000000
0.917950
0.531724
-0.052583
-2.418613
-2.521343
2.259721
1.735945
1.249046
1.961403
1.022247
-0.422854
1.086318
-1.039072
2.657115
2.857799
-1.234122
1.264917
-2.034444
0.729900
2.743070
-2.466852
-1.160669
0.862170
-0.412410
0.363979
2.819842
-0.117109
-2.846152
-1.841743
-1.650626
-2.907849
-0.563316
-2.034444
2.323948
2.073640
0.000000
-2.804918
3.006065
-0.825377
-1.373401
0.828849
-2.498092
-1.525373
1.347320
-0.076772
-0.938047
-1.051650
-2.753274
-2.473303
-2.906048
-2.796037
-0.935770
1.941688
1.512041
2.356194
-2.512796
2.070143
2.466852
0.179853
-1.170556
0.244979
1.529154
1.279340
-2.886410
0.049958
1.147942
-3.098142
1.653938
-2.205823
-0.233743
-1.876675
-2.788602
-1.264917
-2.170847
0.785398
-0.047583
1.768192
2.119346
2.539305
-0.336675
1.484058
0.885067
-2.953371
-1.016489
-1.612439
-1.919567
-2.441700
-2.070143
2.729182
1.030377
-2.414950
2.386488
-0.339293
-2.388441
1.022247
0.970746
-1.768192
1.234122
-1.869295
-3.099950
-0.524796
0.927295
3.094010
2.057696
1.487655
1.508378
0.755104
2.312744
1.653938
-2.982937
2.508844
0.418224
0.321751
-0.094952
0.390607
0.223477
-2.961739
0.094952
2.906048
1.313473
-2.567288
-1.532354
-0.218669
1.570796
-1.030377
1.706324
-1.975688
-0.745419
2.205823
2.325901
-1.182478
2.761086
-2.427502
2.158799
1.997424
-2.279423
0.099669
1.856848
-0.502843
2.134113
0.165149
-1.086318
-1.951303
-0.321751
1.727398
0.257324
-2.147172
0.380506
-2.279423
-0.753151
-1.203622
2.896614
-0.043451
-2.466852
-2.356194
-0.632749
-1.222025
2.804918
0.714091
2.944197
-1.892547
-3.050933
-2.327631
0.000000
0.205395
-0.588003
0.558599
-1.825979
-2.565217
-3.046641
-2.896614
2.134113
-1.607816
2.185459
-0.896055
-1.039072
-1.071450
-3.241261
-0.099669
2.498092
-1.943784
-1.124691
-2.855541
2.293776
-2.356194
2.253113
-0.558599
1.910089
-1.007480
0.418224
-1.989021
2.578276
-0.372988
-1.570796
1.778293
-0.321751
-2.223643
-0.945311
-1.878849
2.386488
-1.837048
-3.141593
-0.334737
1.892547
-0.439843
1.570796
0.463648
1.373401
-2.870646
0.625485
2.259721
2.239086
2.622447
-2.506566
2.015216
-1.199905
1.969319
0.110657
-1.465919
0.000000
-2.158799
-1.325818
-2.553590
-1.363300
2.976444
1.971037
0.862170
-0.851966
-0.514451
-0.172191
-0.278300
1.742987
1.929567
-0.602287
-1.107149
-2.677945
1.529154
1.089909
0.825377
-1.428899
-1.398606
2.746802
1.681454
-1.729452
2.657115
1.856848
-1.657535
-3.017238
0.094952
-1.570796
0.881872
2.936197
-0.305879
-1.455920
0.045423
2.226492
-2.319174
-2.936197
0.079830
2.289626
2.870646
0.600050
-2.147172
2.203545
-0.444419
1.789465
-1.130954
-1.058407
1.484058
2.506566
-0.817645
-0.512389
0.339293
