-0.973620
2.221873
1.219352
1.781890
2.245537
0.076772
2.381830
0.480887
-2.461071
-2.483704
0.309703
1.249046
-2.521343
0.919720
-2.104505
-2.999696
-0.073939
0.079830
2.553590
2.199593
-0.655696
2.768605
-1.971037
-0.282555
-3.103150
2.270689
-1.124691
0.124355
0.463648
1.412141
-0.870903
-1.717875
-1.092444
-0.657889
2.178598
-2.016902
1.190290
1.747505
1.451367
2.067219
-1.499489
-1.056345
0.334737
-2.194819
-2.122451
0.755104
3.141593
-1.892547
-0.812419
0.038443
-0.576375
2.543174
0.927295
1.929567
2.300696
-0.073939
2.239086
1.904041
-2.922924
2.169215
0.400241
2.964884
2.695487
-2.767259
1.650626
-1.717875
2.251318
-0.732815
-2.914794
0.685730
2.714965
-2.380580
0.158655
-2.601173
-0.197396
-0.038443
-0.414507
0.785398
-1.609239
1.487655
-1.170556
1.690225
1.735945
1.292497
0.321751
2.140110
2.016902
-0.739975
0.546789
-0.158655
1.609239
2.356194
-0.902507
0.255182
-1.677532
-2.178598
-1.735945
-0.690446
1.729452
0.785398
-1.352127
-2.999696
1.527345
3.009041
2.768605
-0.972377
1.287002
-0.358771
-1.642104
1.071450
1.196463
2.809533
2.582993
0.204018
2.731465
2.956245
2.081285
1.677532
-2.261243
-1.301629
-0.566729
-0.954499
-2.904744
2.843094
-1.685673
0.358771
-2.261243
-2.904744
2.830594
-0.954499
-0.273009
1.784857
2.622447
-0.685730
2.279423
-1.494024
2.731465
-1.717875
0.255182
-1.467715
2.950408
2.986596
0.288055
0.229232
2.878598
-0.694738
2.727086
-1.729452
2.199593
0.358771
-0.380506
-0.348771
1.496857
2.570255
2.356194
-0.533708
2.111216
0.000000
2.618314
-2.406153
2.574863
-1.902856
-0.426627
2.158799
0.426627
-1.225241
2.779048
2.406153
0.657889
-0.083141
-1.423718
0.837981
0.830821
2.308611
-1.904041
0.758378
-1.074374
-0.950547
-1.971037
-2.796037
2.279423
0.039979
-0.651077
0.840897
1.880499
0.211093
-3.030935
1.315614
1.653938
0.000000
1.216091
-2.904744
0.566729
-1.160669
-0.661043
-2.774419
-3.104573
-0.183111
-2.187093
1.606495
-2.466852
-0.858439
-1.455920
2.798569
-1.237552
-1.134169
-3.101614
-1.570796
-2.199593
1.236059
0.920926
-2.214297
0.273009
1.535097
-0.957589
2.878598
-0.664046
-1.609239
-0.205395
-0.447520
-1.570796
1.335251
-2.485897
0.756835
0.576375
3.038511
2.221873
-1.824470
-1.190290
2.332943
-0.855053
2.516108
-1.261093
-1.051650
-2.306236
-1.333948
2.958482
-1.833791
2.384758
-2.809533
-3.034857
2.466852
-1.723446
-0.762147
0.906750
1.797595
-1.423718
0.566729
-0.119429
2.662073
-3.103150
-2.572279
1.815775
1.530818
-0.480887
0.000000
-3.061763
2.994514
1.768192
1.849096
-2.003204
-1.301629
-0.962994
0.076772
-2.081285
-0.832981
1.892547
1.824470
-0.035699
3.038511
1.806341
1.225241
1.089909
-1.107149
0.577902
-1.570796
-1.892547
3.109346
-2.880990
1.607816
0.152649
1.815775
-2.831890
-1.943784
-2.868584
0.262995
-0.712358
-3.108272
0.942000
1.412141
-1.107149
3.030935
1.742987
2.094075
-2.166995
1.971037
3.067654
-1.412141
1.249046
0.298499
-0.950547
-0.152649
-1.535097
-1.892547
-1.786154
0.262995
-0.499347
-3.103150
2.627141
2.408778
2.808348
-1.858852
0.235545
-1.661456
-0.404892
0.785398
-1.259798
1.774814
-2.477546
0.588003
0.386876
2.887919
-2.406153
-1.225241
2.327631
-2.887919
-3.058451
2.922924
-0.643501
-0.463648
-3.105894
-2.878598
-1.093451
-2.806856
-2.383215
1.249046
1.261093
-2.819842
-0.410127
1.985303
1.124691
1.499489
-2.455863
2.587285
2.840672
-1.237552
-1.474323
-1.156289
-0.141897
-2.594804
-0.463648
-2.498092
-2.694073
-2.808348
-2.384758
-2.662073
2.709185
0.463648
0.493941
-2.553590
-1.781890
-1.541393
1.467715
1.197809
0.090660
-1.051650
0.309703
2.850136
-0.119429
-3.030935
-2.207305
1.249046
-0.244979
2.662073
-1.925502
0.073939
-1.760785
0.000000
-0.737815
2.622447
1.532354
2.461071
-0.226799
-0.380506
1.916352
-1.604117
-0.954499
2.919511
-2.651635
2.727086
2.517570
-3.072736
-2.437099
-1.467715
-1.089909
1.760785
1.261093
-2.887919
-2.627141
0.902507
0.651077
2.994514
-0.523278
-2.796037
0.664046
-0.394791
3.141593
-3.077166
2.951604
2.327631
-1.442473
-0.176709
-1.824470
-2.422763
-0.278300
0.141897
-0.737815
-0.737815
-0.835357
-2.594804
-1.768192
-2.798569
-2.749253
-2.761086
0.000000
1.182478
3.038511
-2.380580
-1.985303
-2.677945
0.463648
-2.677945
-1.170556
2.003204
2.594804
2.944197
0.404892
2.034444
-1.881795
-2.461071
-1.849096
-1.042722
-1.807645
-0.558599
2.330559
-2.504044
2.490516
0.960070
2.889038
-0.502843
-2.808348
-1.092444
0.674741
2.779048
2.677945
2.158799
-0.197396
1.989021
0.643501
1.605265
0.809784
1.647568
1.490966
2.999696
1.152572
3.104573
-1.272297
-1.504228
-0.956133
2.194819
1.275355
0.358771
-1.797595
1.089909
-1.307802
-1.916352
-1.249046
-2.840672
-1.602036
1.343997
0.418224
2.148698
-2.779048
-2.234842
-1.249046
-0.972377
-1.533776
-0.394791
1.699120
-0.962994
-0.813962
0.179853
0.309703
2.158799
-2.067219
-3.022164
0.840897
0.273009
-2.461071
-2.553590
-0.870903
0.759763
0.708626
2.187093
0.758378
-0.446106
-3.067654
1.768192
2.919511
-1.508378
2.601173
0.388319
1.570796
-0.367174
2.085248
2.999696
2.137526
-2.806856
2.234842
-2.772259
1.219352
1.141034
0.546789
0.643501
1.685673
2.768605
1.570796
-2.607884
-1.464061
-1.690225
-0.414507
1.605265
-0.715744
-2.904744
-2.896614
-0.255182
-2.958482
1.685673
-0.448723
-1.681454
3.061763
2.408778
-2.466852
-2.767259
2.622447
2.846152
-1.004067
1.975688
1.501940
0.141897
-1.464061
0.758378
2.094075
-2.408778
-1.869295
-1.190290
1.607816
-2.105751
2.125104
0.176709
0.189988
-2.649783
-2.878598
0.840897
2.490516
2.201876
-0.372988
-0.499347
1.535097
-0.367174
-3.067654
1.570796
-2.677945
1.138389
0.694738
2.553590
-2.647651
2.904744
0.992894
2.607884
2.234842
-0.037020
1.815775
1.537475
-2.510513
2.553590
2.582993
-0.321751
-2.853537
2.697173
-0.832981
1.690225
0.298499
-2.214297
0.083141
-0.165149
1.647568
-2.843094
-2.158799
-2.999696
1.878849
2.627141
-1.916352
0.236849
-0.942000
2.308611
-0.837981
1.387686
-2.601173
0.566729
-1.170556
-0.758378
3.072736
-0.528074
1.287002
-0.588003
0.600050
1.297788
-0.079830
0.000000
3.141593
-1.141034
-0.076772
-0.919720
3.141593
-1.965587
-1.609239
2.875341
-1.056345
-1.570796
2.994514
-0.616297
-0.388319
-1.670465
-1.343997
-2.441700
0.588003
-0.214061
2.466852
-1.570796
-1.176005
2.178598
0.071307
0.982794
2.677945
-2.429235
0.000000
2.958482
2.098871
0.463648
-1.428899
2.809533
2.245537
1.945130
2.659079
-1.490966
-1.892547
-2.265535
-0.480887
-2.067219
-2.988943
1.490966
1.016489
3.108272
2.422763
2.677945
2.167973
-0.037020
0.262995
0.103082
-0.912908
-1.781890
-1.606495
-2.158799
-0.493941
1.735945
1.063698
1.292497
1.317122
-0.354706
0.704494
2.498092
-2.645170
-0.554307
0.950547
-1.535097
-0.235545
-0.704494
2.178598
-1.570796
