1.642104
-2.034444
1.849096
2.976444
1.249046
-2.677945
0.083141
2.746802
-2.158799
-1.695151
0.298499
1.778293
-0.685730
3.200348
-2.399645
0.876058
0.685730
2.714965
2.802300
-2.843094
3.024484
0.702257
-0.302885
-1.284745
-2.536048
-2.553590
2.880990
1.453688
3.141593
-0.432408
-0.825377
2.999696
2.034444
-0.211093
-1.212026
-1.414194
1.869295
-0.950547
2.137526
-1.352127
-0.741947
2.651635
1.570796
-2.312744
-2.880990
-3.070285
-1.076855
0.404892
-2.466852
2.308611
-0.785398
3.316265
2.651635
1.508378
2.137526
0.732815
-1.267911
-2.802300
-2.137526
1.570796
0.260602
0.436627
2.677945
-1.227772
-2.704965
-2.399645
-1.929567
3.064821
-1.310194
-2.396173
0.185348
-2.589938
-2.988943
2.137526
2.122451
0.463648
2.408778
0.737815
-1.390943
1.051650
-2.034444
0.197396
0.828849
1.249046
-0.868539
2.622447
1.267911
-0.132552
-2.629203
-2.914794
-1.756144
1.310194
2.536048
-1.107149
-2.896614
-2.855541
2.158799
-1.231504
-2.356194
0.837981
0.785398
-0.197396
-2.770701
-2.142134
3.258701
1.343997
1.504228
-2.896614
0.832981
1.789465
-2.396173
2.034444
-0.278300
-0.571337
-0.090660
1.815775
0.124355
0.343024
1.695151
2.455863
1.212026
0.124355
-1.325818
0.066568
2.312744
3.141593
-2.399645
-0.321751
-2.316216
0.211093
-2.880990
-2.999696
2.999696
-1.570796
1.227772
2.601173
0.571337
-0.132552
-0.432408
0.260602
2.553590
1.849096
2.176341
1.249046
-1.626295
-2.704965
1.629552
-0.418224
-0.540420
0.260602
0.298499
1.058407
1.310194
0.828849
-1.071450
-1.130954
-2.677945
1.797595
2.356194
0.885067
-1.231504
1.570796
1.768192
-2.446854
-0.286051
-1.876675
-2.475623
1.837048
1.107149
3.017238
2.677945
1.997424
-2.439336
-2.203545
-0.367174
-0.218669
-0.785398
3.064821
-1.359703
-1.681454
2.613518
-1.249046
2.761086
1.428899
2.070143
-2.798569
-0.844154
-2.613518
-1.203622
-2.746802
0.737815
-2.396173
-2.408778
-1.438245
0.000000
2.761086
2.677945
-1.849096
-1.107149
3.141593
1.310194
2.485897
0.436627
1.951303
0.432408
-1.030377
-0.694738
0.321751
2.403778
1.152572
-0.832981
-0.610726
-2.677945
2.521343
-2.060754
-1.681454
2.966920
-0.685730
-1.629552
-2.396173
-0.321751
-3.218365
0.226799
-0.927295
1.712693
-0.828849
-2.782822
1.343997
1.937970
-1.681454
-2.498092
-1.343997
0.165149
-2.408778
0.058756
-1.373401
0.174672
2.034444
2.988943
3.246470
-0.785398
-1.841743
-2.432966
-1.975688
0.741947
0.519146
2.396173
-2.142134
-0.244979
0.862170
-1.138389
0.380506
2.798569
-2.203545
-0.152649
-0.540420
-3.141593
-0.367174
-2.922924
-0.132552
1.042722
-1.180189
1.712693
2.761086
0.694738
-0.620249
2.403778
3.200348
1.359703
-0.982794
2.761086
-1.975688
-1.781890
0.412410
0.000000
2.356194
0.610726
-1.453688
2.922924
2.403778
3.017238
2.356194
0.367174
2.896614
1.815775
0.605545
-0.904827
1.642104
0.785398
-1.272297
-1.756144
0.211093
-2.356194
-0.062419
2.855541
0.390607
-2.570255
0.737815
-0.083141
-2.774419
1.570796
2.536048
0.000000
0.540420
-2.191046
-0.832981
-1.284745
-0.404892
0.702257
2.956245
2.214297
-1.212026
2.709185
-2.512796
-1.325818
1.961403
1.504228
0.745419
2.574863
1.494024
2.007423
0.741947
0.708626
-1.873681
-1.983207
1.570796
-0.211093
-1.231504
2.966920
-2.203545
0.000000
-1.076855
2.199593
1.267911
-2.273053
1.352127
0.152649
-2.439336
-2.570255
-1.892547
-1.856848
-1.405648
2.677945
-1.453688
-2.475623
-1.695151
-1.642104
-2.129396
0.950547
2.070143
2.214297
-0.244979
-0.463648
-0.519146
2.512796
-2.111216
-0.124355
-1.929567
1.789465
2.176341
2.098871
0.571337
2.265535
1.815775
-1.951303
2.480549
0.436627
-0.244979
-1.831399
2.934096
-2.601173
1.831399
-0.380506
1.058407
2.279423
-2.214297
0.489957
1.373401
-2.316216
1.873681
-2.432966
0.380506
0.343024
-1.019141
0.211093
-2.855541
-0.380506
-2.060754
2.746802
0.737815
1.570796
-1.831399
-2.010639
2.176341
-1.446441
2.070143
-0.124355
0.708626
0.519146
-0.286051
0.896055
3.079174
-1.929567
-1.051650
-1.134169
-0.588003
3.079174
-2.265535
2.521343
-2.770701
-1.504228
1.815775
1.249046
-0.566729
-1.797595
2.914794
-1.633215
-3.070285
2.622447
-1.396124
-1.267911
-0.904827
2.589938
-2.142134
0.588003
1.735945
0.832981
-2.312744
-1.004067
0.950547
-0.432408
1.570796
1.735945
-1.325818
-0.348771
-2.647651
0.321751
1.695151
2.356194
-1.515298
-0.965252
-0.868539
1.849096
-2.838708
1.637364
2.312744
2.273053
-0.493941
0.927295
-2.651635
-0.685730
-0.358771
-0.412410
0.185348
-2.408778
0.628796
-0.367174
-2.273053
-1.965587
-1.695151
1.042722
-1.637364
-1.227772
0.321751
-2.914794
2.273053
-1.756144
-1.570796
-0.950547
2.098871
2.064738
-2.802300
2.896614
3.024484
-2.034444
-0.876058
-0.321751
1.570796
1.249046
0.367174
1.343997
-1.892547
-1.165905
-1.051650
-1.687905
-1.385448
-1.885028
0.694738
2.798569
-2.142134
3.141593
-1.626295
2.761086
1.249046
-1.778293
2.880990
-2.966920
2.034444
-2.226492
1.030377
-0.737815
2.273053
-1.570796
-2.439336
-1.951303
2.111216
-1.267911
1.869295
1.951303
1.653938
0.620249
1.508378
2.356194
1.373401
2.553590
2.880990
-1.570796
2.098871
-2.122451
-1.975688
0.394791
-1.359703
3.082837
-2.838708
-0.785398
2.944197
-1.961403
2.308611
-1.913820
-2.273053
-2.498092
0.785398
2.199593
-1.756144
-0.832981
1.735945
2.245537
1.249046
-0.732815
1.856848
0.152649
1.695151
-2.838708
0.785398
-0.463648
0.643501
-2.303611
-0.605545
0.896055
-1.983207
0.071307
-2.761086
2.356194
0.343024
1.869295
1.203622
-0.588003
2.256526
-2.512796
-1.941688
2.475623
-2.475623
0.000000
1.325818
-2.070143
-1.735945
-2.083186
-0.610726
2.729182
3.141593
-3.064821
0.463648
-0.062419
-2.761086
-0.965252
-2.475623
-1.107149
-2.761086
-2.729182
0.965252
1.633215
-0.904827
-1.058407
-2.782822
-2.521343
0.226799
-3.024484
-3.141593
1.227772
-2.485897
1.892547
2.007423
0.076772
-2.570255
2.647651
1.019141
-0.785398
-0.071307
-2.203545
-2.034444
-1.745469
-1.873681
-1.735945
-2.432966
1.661456
-2.399645
-2.083186
2.761086
-2.944197
-0.298499
-2.466852
-2.508844
0.605545
0.737815
-0.828849
-1.745469
-1.910089
1.712693
0.588003
-1.801887
2.455863
1.284745
2.870646
0.062419
2.896614
2.782822
2.356194
-2.403778
1.284745
1.203622
0.058756
-2.855541
-2.956245
3.200348
3.204011
2.570255
-1.190290
1.975688
-1.815775
-1.642104
-3.058451
-2.308611
-1.703348
-0.540420
-1.107149
-0.965252
2.403778
1.107149
2.521343
-2.622447
1.512041
0.950547
-0.463648
-0.278300
-1.138389
-2.455863
-0.785398
-1.626295
2.553590
3.030935
1.051650
2.601173
-1.745469
-0.463648
-2.802300
-0.412410
-0.058756
-0.066568
-2.677945
-1.756144
2.316216
2.007423
-3.030935
-2.589938
1.831399
-0.868539
0.868539
3.079174
2.142134
-2.677945
-0.412410
1.292497
0.231091
-0.844154
3.017238
-2.122451
-1.695151
1.929567
3.191551
-0.960070
