0.127834
-0.012704
-0.084690
-0.881500
1.145105
-1.598458
-0.238765
-1.327774
-2.542639
0.084029
1.796935
1.456288
-0.175120
-0.265380
0.021049
-0.260174
0.024989
-0.174977
1.292486
0.102563
-0.275593
-0.222619
-0.027245
-0.440122
0.598404
-0.416756
-0.405572
-0.804137
-1.110487
0.696501
0.059889
-0.093023
-2.149597
-0.256412
0.008824
-1.189052
-0.098026
0.116124
0.203075
-1.634038
0.156521
-0.993701
-0.118304
0.781666
-1.372701
0.230646
0.050885
-0.137546
0.110361
2.839434
-1.014365
-0.103622
-0.176157
-0.654804
0.148577
0.008125
0.158222
1.149104
-0.414168
0.067476
-0.016697
-1.232002
-1.451804
-0.230000
-1.945475
-0.458574
1.388963
-0.158126
-0.321740
1.206847
-0.953728
-1.048637
-0.355776
-0.267168
0.125424
0.161737
-1.315850
0.310696
-1.375610
0.934118
-1.866196
-2.156280
0.109118
-0.536023
-0.013927
-0.086374
0.130481
0.369110
0.145224
1.771865
-0.522864
0.117288
1.035129
0.894962
-0.114451
-1.305678
-1.129942
-1.859656
-0.201042
-2.190027
1.276601
-0.146615
-0.188397
0.167988
-1.381465
0.052491
-1.468663
0.222798
0.290295
-0.113355
-1.498443
0.151685
0.020740
-3.820454
-0.765434
0.156432
0.138792
-2.092228
-0.797080
0.056078
-0.038988
-0.211104
-1.597494
-0.269456
0.244232
1.317064
-1.918578
0.038537
0.937071
-0.087546
0.009542
0.058774
1.455649
-1.350301
-1.335799
0.622542
-0.035386
-1.651644
-1.793005
0.030985
0.656714
0.257327
-0.046990
-0.372851
-0.225696
-0.095556
1.534972
-2.965971
0.085220
0.261608
1.377188
-0.299890
0.312105
-0.073197
0.813687
0.096553
0.206899
0.145192
-1.260866
0.251743
0.122971
0.052822
0.173969
-0.020318
1.037295
-1.722253
-1.629008
-2.251386
0.010898
-1.341779
0.225338
-0.045601
0.184508
-0.246722
-1.437763
-0.088110
1.202814
0.064463
0.055046
1.255153
0.006020
-0.007536
0.101373
-1.167963
-0.145366
-1.749609
-2.103237
-1.255852
-0.201936
-0.727842
-1.301577
-1.300880
-0.370023
-1.726891
-0.161131
0.047695
-1.357637
2.517195
-0.273959
0.658437
-2.521389
-1.312291
-1.481700
-2.349460
0.274051
-1.396984
0.005224
-1.188142
0.064311
0.030153
0.072846
0.033232
0.153477
-0.324192
-0.150561
0.054859
0.110052
1.381606
-0.049947
-1.172454
-0.059267
-2.065165
0.288470
-0.021473
-1.525947
-0.196423
-3.315972
-1.716010
0.199407
0.081837
-1.952325
-0.037548
-0.611401
-1.397383
-1.486425
0.208774
-0.284717
0.236064
0.015807
1.676133
-1.362453
0.762258
-1.241132
0.005225
-1.676409
-0.309717
-1.409488
-0.213605
-1.849560
0.190951
-0.000561
0.303311
-0.064355
-0.191417
-1.170291
-0.158443
0.036258
0.168138
0.079009
-1.211143
0.207226
-0.225549
-1.355646
-0.307775
0.103634
1.446355
-0.286714
-1.201324
-2.012450
-0.145188
-0.388802
-1.681059
-0.172441
-1.396466
-1.305690
-0.127960
0.208452
0.222328
-0.420468
-0.152408
-0.258801
-1.844904
-2.177896
-0.218439
1.740839
0.569113
0.014962
0.200647
-2.037243
-0.043534
0.078232
-1.357522
0.158802
-0.017330
0.480303
0.675725
0.097289
-0.131601
-0.016364
0.064809
1.520915
-0.058538
-0.189861
-0.211863
-1.357420
0.047318
-2.667440
0.044795
-1.405543
-0.892817
-1.423691
-0.332927
0.124660
-1.327818
-0.114400
-2.497993
-1.350937
0.035294
1.375494
-0.194661
-0.249589
0.103118
0.187823
-0.351667
0.068424
0.134477
-0.012106
0.174025
1.369840
0.181399
-1.757666
-0.199948
-1.233183
-0.296818
1.307716
-0.408921
-0.956814
1.379224
-0.152757
0.012519
-2.130827
-2.905052
0.095201
-2.249491
0.021214
-1.077223
-1.373579
0.077133
0.109503
0.201946
1.396034
0.187622
1.582182
-0.027741
0.063696
1.461721
-1.321069
-0.040846
-0.282168
-0.026379
-2.330202
-2.135763
1.096651
-0.360768
-0.112068
-0.311870
0.077038
0.054859
-0.017469
-1.359655
0.962642
-0.117183
1.366749
1.660847
-0.074253
-0.620199
0.175791
-0.193850
1.364683
0.034381
1.233129
-0.305041
0.002777
0.254448
-2.701466
-1.883329
0.139353
-0.099784
-0.154643
-0.028660
-1.983001
0.121934
0.000634
-3.603075
-2.051821
-1.253992
-1.364297
-0.083662
-0.199476
0.128232
0.133051
-0.557847
-1.390435
-3.186248
0.069917
-0.143942
-1.532715
0.149773
-2.019428
-0.186026
-0.168207
1.310061
0.276442
0.171851
1.376637
-1.617934
-1.979157
0.261034
-0.243616
0.875378
1.380200
-0.139589
0.023606
-0.209058
0.031940
-1.533078
-0.237122
-0.171311
-1.259345
0.141955
0.063226
0.214915
-0.092391
1.389104
0.034121
-2.389280
-0.108707
0.140522
0.160865
1.648611
-1.315853
0.119547
-0.066145
-0.128594
-3.546354
0.128929
-1.607822
-1.462393
-0.462363
-0.035884
1.213820
-1.790368
-0.060078
-1.534487
1.337537
-1.313516
-0.037123
0.240225
-0.276856
-0.765664
-0.973659
2.200168
-0.226804
-0.396481
0.301105
0.303699
1.699001
1.428496
-0.161526
-0.136865
1.619569
0.791105
-1.708460
-0.260304
-0.152436
0.183239
0.281130
0.058728
-0.007469
1.584560
0.255102
-0.166129
1.687694
0.115842
-0.009711
0.178652
0.054497
1.752065
0.041949
1.100500
1.305475
0.038811
-2.005765
1.712115
0.401781
-0.170335
-1.633383
-1.167495
-1.736717
0.023455
0.118199
0.013876
1.222014
1.057493
-1.161312
-0.078394
0.107715
3.229342
0.067909
-1.334616
0.830992
-2.002680
-0.296889
-1.983870
-0.273546
1.327634
-1.391083
0.199418
-0.988024
-0.186536
0.221240
-0.108722
-1.322135
-0.359476
-0.627017
-1.866164
0.185469
-0.354443
-1.725455
-1.937945
0.211177
-1.983704
-0.073178
-0.111507
-0.199832
1.320868
-1.356433
-0.305890
-1.173176
0.047992
-0.211432
-1.130750
-2.780957
-1.781446
-0.775967
-0.865560
0.000865
-1.646251
0.184493
1.735602
0.229293
0.055605
0.192129
-2.748533
0.083958
-0.203415
1.694357
-0.077281
0.025166
0.058104
-0.042862
-0.723834
0.012974
0.118195
-0.129478
-0.046937
0.127200
-1.920935
1.315556
-0.171401
0.042115
0.110788
-0.152530
0.293354
-0.094198
0.308680
-1.560892
-1.322480
-1.649022
-1.436482
0.116074
0.058563
-0.163034
0.168219
1.620691
-0.030233
-2.387480
1.264250
0.132216
0.034142
-0.218496
0.365515
-2.167001
-1.057309
-0.613100
-1.985774
-0.305056
-1.349095
0.047823
-2.173868
-1.073199
-0.033673
-1.806818
0.261235
1.417803
0.006629
1.698846
-1.290586
1.478008
0.068663
0.295298
-0.115818
-1.247373
-1.849551
-1.672330
0.412896
-0.138968
0.159771
-0.129655
-1.768781
-0.759439
-1.202932
-1.088531
-0.142257
1.426558
-0.301089
0.199097
-1.597247
-1.312334
-0.414130
0.676696
0.286861
0.198615
-2.192199
0.009953
-1.378575
0.930362
-3.280283
1.514784
0.216523
1.388060
1.765479
1.148211
0.029744
-0.348443
0.041282
0.177235
-1.456867
1.423192
0.248227
-1.923732
0.351553
0.200839
0.136083
-1.852402
0.012501
0.024352
0.077623
0.159366
-3.297869
-0.217304
-5.569716
0.112626
-1.521849
-1.378113
-0.041896
-2.081832
0.268987
0.008791
0.048837
0.130143
-1.823873
0.002518
0.065822
-0.533934
-1.633961
0.098559
-3.193339
-1.216816
-0.078666
0.154199
-1.357409
0.199406
-0.517736
-1.847139
0.123767
-0.196619
-0.033392
-0.298522
-0.525415
