-0.078563
-1.253609
-0.104674
0.067647
0.025089
-0.097874
1.528648
0.084344
-1.794032
-0.316490
-0.065166
0.200196
-0.083426
1.189171
0.149999
-0.023183
-1.432719
-0.270142
0.219929
-1.312826
-1.486894
-0.177630
-0.016082
0.031694
1.368986
-0.302001
-1.432362
-1.253089
-1.309054
0.210902
0.105947
-0.178311
-0.082439
-0.180336
-0.179439
-0.314162
-1.446382
0.119995
0.094412
0.050054
-0.092677
-1.417830
-1.343198
0.187421
0.282444
-0.152412
-1.356709
-0.168701
-0.037535
-0.049813
-0.289095
0.173549
1.329351
-0.241700
-0.082036
0.013660
-1.454731
-0.134213
0.012895
-0.125010
-1.601691
-1.387868
-0.166081
-0.322562
-0.199923
-0.146346
-1.446361
-0.083391
-0.332388
0.277471
0.037875
1.659422
-0.272536
0.187718
-0.235259
-1.464921
1.216677
0.096002
0.100732
-0.251469
-1.646157
0.014627
0.048599
-0.105739
0.276989
1.301503
-1.434279
-0.175301
-0.138170
-0.067121
-1.406523
1.500604
1.688058
0.158473
-1.235470
-0.285769
-1.260523
-1.579750
-1.552320
0.310258
-0.338028
-1.331835
-0.254032
0.191941
-0.128001
1.365103
-0.049450
-1.424616
1.414333
0.185489
-1.494104
-0.053298
-0.292115
-1.475058
-0.149494
-0.050482
-0.416910
0.259282
0.191569
0.147302
-1.317753
-0.288909
-1.589144
1.409932
-1.325340
0.042413
0.181435
0.065450
-0.126214
0.178380
1.329243
-0.151404
0.067712
-0.229332
-0.048099
-0.420667
-1.186503
-1.755551
0.051028
0.075285
-1.132144
0.182402
-0.206097
-0.249330
-0.031642
0.057283
-1.498341
-0.359275
-0.196057
-0.157458
-1.607071
0.156437
0.044850
1.585688
0.092346
-1.272040
1.517121
-1.538249
1.298775
-0.066949
0.051902
-1.358129
-1.770797
-0.340842
-1.358806
-0.385855
-0.341620
0.066648
-1.346676
-1.397488
-0.345861
0.043332
-1.528057
-0.251230
-0.264742
-0.345807
-0.132676
-1.445323
0.190359
1.207160
-1.368820
-0.029944
-0.150399
0.129646
-0.040755
0.203122
0.077376
-1.615031
0.177728
0.048070
0.194500
-0.419088
-0.340666
0.161023
-1.447383
-0.198670
0.061956
-0.226724
-1.376449
-0.325487
-1.735659
-1.278918
-1.122684
-0.195469
0.062700
1.615653
0.037531
-1.434531
0.062334
-1.242411
0.105242
-0.391287
0.073177
-1.498358
-0.309987
0.222057
0.126405
0.178577
-1.345715
-1.275174
-0.135208
-0.046343
-1.234954
-0.140604
-0.231621
0.299231
-1.341316
-0.290810
1.394904
-0.148837
0.116868
0.072976
0.267084
0.048853
0.010373
-1.461345
-0.112178
-1.453909
-0.053804
-0.228368
0.000239
0.198503
-1.345825
-0.387748
0.056290
-1.199761
0.168264
-0.305831
0.141220
0.026796
1.685243
-0.312689
-1.370240
-0.342511
0.023416
-1.428935
-0.006071
0.412949
-1.394767
-1.415357
0.169473
0.170726
-0.215438
-1.495377
0.006538
-0.089958
0.028744
0.057734
0.102695
-0.212016
-1.283225
-0.015860
-1.737479
-0.240822
-0.130592
0.098432
-0.097601
-0.078128
-0.090645
1.227990
-0.001542
-0.277336
0.188471
1.350658
-1.513381
0.134239
0.052249
-1.363174
0.250737
0.116887
0.186622
-0.342165
0.178041
0.189827
0.047792
-0.020449
-0.118860
0.059233
0.174081
0.022634
-0.279928
1.528963
0.335106
0.172323
0.067861
-0.006786
0.290258
0.067370
-0.247934
0.279095
-1.171136
1.347050
-1.210859
0.059663
-1.231683
0.123722
-0.291991
-1.428446
-1.475316
1.319195
-1.397520
-1.367457
-0.124926
-1.474507
1.710680
-1.292663
-0.057903
0.030670
0.226025
-0.333020
-1.259411
1.391262
0.141134
1.148772
-0.043475
-1.385436
-1.338066
-0.374260
0.230140
-0.170909
0.105379
-0.125758
0.076329
1.329611
0.345193
1.320973
-1.343949
-0.030950
-1.254118
-1.288525
1.286723
0.112704
-1.406975
-0.080628
-0.270728
-1.413693
-0.128970
0.026539
-0.044695
0.157254
0.297561
0.006201
-1.773755
0.115070
0.212203
-0.036962
-0.245048
1.554172
-1.301446
-0.095428
-1.441780
-0.077555
0.176046
-0.124598
0.057761
-1.678172
-0.242542
-0.369081
-0.128926
1.756735
-0.018491
-0.185179
-0.004929
0.174972
-0.139018
-1.315584
-0.247853
-0.506618
-0.337647
-1.333668
1.294258
0.027997
0.128049
-0.035854
0.115493
-1.441626
-0.056172
0.258279
-0.166051
0.070855
-0.287646
-0.060904
1.311777
-0.043892
-1.480986
0.040430
-0.382031
1.519462
0.168601
0.197009
-0.356721
-0.347453
-0.076168
-0.012100
-1.473975
0.087263
0.227662
-0.176270
0.165302
-1.307378
0.078294
-0.257301
0.069268
1.421521
0.169439
-0.362125
-1.322216
0.099838
-1.516887
-0.307445
0.207499
0.094940
1.754318
0.086510
0.194193
-0.013823
-0.313836
0.065062
-1.506895
-0.416890
0.206876
-0.123724
-1.350354
0.191412
-0.279343
0.018692
0.040365
-1.735161
-0.275864
-0.205171
0.132248
-0.047324
1.671769
0.267792
0.009677
0.087133
-1.317966
-0.271545
-0.042990
-0.246748
-0.011507
0.193912
0.213754
0.262381
-0.153420
-0.157455
0.166085
0.107241
-0.355280
-0.149436
-1.444350
1.269426
0.026068
0.053448
0.028620
0.030235
1.263630
-0.004286
-0.185713
0.109611
-1.411703
-0.410480
0.127492
0.150221
-0.353664
-0.237043
-1.488711
0.059209
1.429241
-1.821087
-0.301838
-0.376278
-1.300505
0.058225
0.135957
-0.208826
0.159323
0.195024
0.020112
0.082562
-1.372439
0.010617
-0.110918
0.190508
0.093651
-1.806544
0.159489
0.044498
-1.379335
-1.389320
-0.229872
0.041966
-1.709101
0.219403
0.181914
-1.464873
-0.143119
1.690227
0.038062
-0.036608
-0.024546
-1.349651
-1.384874
-1.155673
-1.605382
0.176391
-0.394348
-0.309834
0.119243
0.003372
-0.082618
-0.156600
0.211957
-1.403071
-0.315341
-0.250049
-1.290476
-0.088215
1.222606
-1.351884
0.243418
0.039940
-1.284857
-1.390295
-0.263233
-0.280001
-1.161747
-0.157468
-1.325763
0.019867
0.072378
-0.096857
-0.053571
0.091182
-1.510230
1.705767
-0.301152
1.315129
0.141571
-1.274451
-1.493122
-0.014596
-0.081956
-0.381527
-1.469678
0.225707
0.121925
0.213964
-1.391693
0.065140
-0.261115
-0.105119
-0.358671
0.138016
-1.516790
1.289011
-1.387575
-1.368829
1.553099
0.127333
-1.346601
-0.491888
0.059670
-0.003267
0.020829
0.097130
-1.685534
-0.088001
-1.520305
0.118838
-1.310738
-1.189522
-0.230308
1.331345
0.189925
-1.184613
-0.344668
-1.401514
1.826131
-0.304296
0.195783
-0.086228
0.020117
-0.009501
-0.307969
0.120602
-0.228214
-0.319253
-0.325112
0.098190
0.039619
-0.069478
1.511098
0.064421
0.035443
0.088314
0.151087
-0.078320
0.190144
-1.356731
0.171622
-1.354054
0.054627
0.000484
-1.542120
-0.032098
-0.326086
-1.721780
-0.297228
1.315638
0.076488
0.281802
-1.288221
-0.085203
0.297542
-1.465458
-0.059916
0.054383
0.274727
0.006079
-1.513314
0.079463
0.074534
0.048478
-0.332498
1.150079
-0.432224
-0.011525
0.088116
0.260593
-1.427885
0.111541
-1.484235
0.157913
-1.559575
-1.279368
-0.198702
0.100768
-0.201081
0.000326
1.516680
-0.302838
-1.257278
1.345367
-1.454362
1.573809
-1.258355
-0.259490
0.086703
-0.186417
-0.045548
-0.377253
0.319399
1.378069
0.102070
0.282066
-0.065751
-1.310906
-1.350146
0.104022
-0.169761
0.294869
-1.496323
0.038192
-0.211234
0.133359
0.252716
-0.166331
0.174756
0.179614
