0.423643
1.242651
-0.235402
0.272133
-1.373071
0.218071
-0.053521
-1.394760
0.081107
0.034000
-0.113295
0.144443
-0.132824
-0.041912
-1.299037
0.275147
-0.193598
0.225567
0.072557
1.474143
0.011024
0.021911
-1.266747
0.207298
-0.292471
-1.425654
-1.460912
1.209091
-0.027930
0.153626
-1.353089
-0.222648
-1.408346
-0.007407
0.170074
-1.324862
0.195013
0.066659
0.206070
-1.362615
0.062680
-1.375705
1.309705
-1.433906
0.029771
0.102811
1.646938
-0.263030
1.231702
-0.171812
-0.211337
1.263681
1.236241
-1.248096
-0.284098
-0.346650
0.068915
1.406627
-0.120652
0.121144
-1.668361
-1.297509
0.017123
-1.320378
-0.151537
0.049297
-0.234487
-1.422315
-0.251064
1.307992
-1.587856
-0.094082
0.031419
0.199474
-0.010384
0.197439
-1.424853
0.019019
0.169900
0.401577
1.288056
0.178176
-0.036656
-0.144571
0.256604
0.238221
1.459341
0.309908
-0.327416
-1.475609
-0.080269
-1.276064
0.254684
-1.424215
0.164910
0.062255
0.058196
-1.529124
-0.178411
1.272364
0.120446
0.061913
0.097286
-1.475010
-1.378938
0.118248
-1.629710
0.099258
-0.307900
0.160930
-1.296844
-1.673838
1.218073
-1.064223
1.543022
1.262550
0.104430
-1.332266
-1.355535
0.036857
-0.053587
0.154295
0.221841
0.051818
0.240222
1.291066
-0.046257
-0.057261
-1.344803
1.652694
0.042701
0.124734
0.028952
0.172704
0.151822
-0.294736
-0.346966
-1.651330
-1.290038
-0.133324
-0.375769
-0.165310
0.257306
-0.258372
0.097875
-0.483816
-0.269533
-1.405457
0.195218
0.089124
-0.069914
0.116011
0.092283
0.100562
0.076899
-0.103652
0.040063
-0.098874
0.166206
0.135205
-1.374942
-1.336886
-0.144118
-0.038113
-0.327214
0.106760
0.029189
0.114777
0.096275
1.243662
-1.260972
-0.041590
-0.071420
0.288518
-0.154557
0.080959
-0.004521
-1.283699
-1.413255
-0.200736
-1.357939
-1.294622
-0.071674
-0.080012
0.177580
0.112615
1.268516
-1.225851
-1.395317
-0.355846
1.305453
0.025312
1.322209
1.254854
1.755113
-0.249244
-1.237329
-0.411954
1.708649
1.499125
0.082391
0.084456
0.185374
-1.729942
-0.177149
-1.442775
-1.189197
0.088573
1.198786
-0.271095
0.231697
0.121325
-1.228890
0.093821
-0.269938
-1.396653
-0.262449
-0.193956
-0.084827
-0.005043
-0.174807
0.213631
-0.181611
0.249438
-0.026207
-0.277026
-1.268379
-1.517353
-0.001798
-0.056804
-0.381263
1.059551
-1.288987
-0.092692
0.115037
-0.391193
-0.107757
1.281067
-0.396999
0.171803
-0.374478
1.374187
1.467834
-0.268218
0.073911
-1.596477
-0.246937
-1.436861
0.010428
0.206401
-1.345393
0.045794
-1.501076
-1.467486
-0.224752
-0.090248
0.339551
-0.298069
-1.714908
-0.150244
0.207600
-0.284018
0.077926
0.018681
-0.474446
-1.475089
-0.198259
-0.162045
0.170848
0.069982
-1.437166
-0.148196
0.195488
-0.428104
1.435865
0.169899
-0.295496
-1.459124
0.119080
0.181237
-0.146321
0.162484
-1.275074
-1.273663
0.200810
0.025285
0.052808
0.177353
1.686120
0.114565
0.098463
1.319750
1.310781
-1.309302
0.126109
1.606471
-0.196685
0.233744
0.139201
-0.336776
-1.359976
-1.585722
-0.383479
0.180439
0.126140
0.148653
-0.016400
1.472439
-0.036166
-1.314308
1.326258
-0.243445
0.137165
0.122949
0.167802
-0.384180
-0.272243
1.320682
1.320558
0.190498
0.216741
-1.493023
0.011906
-0.359661
0.234826
0.169030
-0.244541
-1.385540
0.177452
-1.323660
-1.511664
0.001147
0.099536
0.064058
0.180274
1.666806
-1.182329
-1.386983
0.059865
-1.501104
-0.003677
-1.140788
-0.134890
1.532990
0.004756
-0.256582
0.050709
0.136176
0.085172
-0.300751
-1.669782
-0.407276
-0.129349
-0.119596
-1.415191
1.401290
0.059467
-1.485338
-1.691378
-0.195969
-1.670855
-1.425926
-0.440504
-0.233627
-0.188545
-1.318025
1.411488
0.075596
-0.019963
-0.255388
0.132389
0.262585
-0.173289
-1.532354
0.199687
-0.046616
-0.155935
-0.157714
-1.564634
-0.201729
-1.331264
0.177962
-0.035859
-1.386098
0.203018
-0.159074
0.342731
0.085244
0.053759
-0.292615
-1.457336
-0.303558
0.344662
-0.060868
-0.407889
0.204803
0.152500
0.329493
0.117243
0.189157
0.125297
0.199853
0.233970
0.216414
0.039195
0.048620
0.159858
-0.151047
-0.089302
0.327489
-1.601674
0.050318
-1.408500
-1.477428
1.630542
1.379933
0.034700
0.039239
-0.208714
-1.370261
0.044664
-0.189470
0.011730
-1.348153
-1.768974
-1.318335
-0.326538
0.161894
0.213432
0.007904
-0.199555
0.142684
0.119358
0.196268
0.021979
-1.482463
0.105890
-0.017332
0.127449
-0.312416
0.070332
-1.281090
1.269709
-0.349112
1.377011
-1.337583
-1.255399
0.197833
-1.699269
-0.353806
0.004731
-0.289547
0.128314
0.178643
0.147139
-1.464967
-0.035483
-0.149224
-1.498731
-0.092132
0.213731
0.048903
1.349629
0.087261
-1.369776
1.437170
0.071901
0.056956
-0.266399
-0.218788
-0.070226
-0.407162
-1.297269
-1.483545
0.192802
-0.099568
-0.001711
-0.214543
-0.298183
-0.090464
0.044894
-1.359433
-0.085983
0.183957
0.165026
-1.318168
0.180375
0.131246
1.290558
1.679570
0.209146
-1.629747
-0.292974
-0.188348
-0.129546
-0.132820
-0.252507
0.381374
-1.391159
0.126781
-0.307815
-3.181129
-0.279238
-0.233881
0.040021
0.094687
0.060394
-1.325944
0.290125
0.144155
0.118960
-1.235270
-0.290920
-0.021303
0.175927
-0.431919
0.102278
-0.463986
1.370303
0.012285
-0.019607
-0.062513
0.220971
-0.327743
1.487444
0.125158
-1.651168
-1.254691
-0.200236
1.805526
0.145995
1.399174
0.151882
-1.349878
-0.080729
0.189647
-0.339054
-0.345369
-0.179207
-0.052194
1.198896
0.121454
-1.386896
-1.267916
-1.288549
0.029338
0.038970
0.151666
-0.276036
1.323315
0.028059
-0.351773
0.167117
0.078438
1.727647
0.275832
0.148486
0.195773
-0.029195
-0.004303
0.024220
0.049855
-0.306137
0.094348
1.275503
0.070511
-1.665168
0.241981
-0.007398
-1.410411
1.260790
1.531692
-0.167342
-0.181438
0.037873
0.158056
0.078813
0.143640
0.189458
-0.269724
1.548954
0.026341
0.059069
-0.393811
0.005418
-0.028667
0.013295
0.027134
0.118016
0.251432
-1.582340
1.785472
-0.018070
-1.177956
0.115446
-0.225474
-1.380531
-0.221832
0.115410
0.195438
-1.431747
-0.316306
-0.230519
0.158809
-0.075887
0.007863
-0.030219
0.086261
-1.623851
1.484604
0.285809
0.050091
0.160138
-0.099408
-0.184680
-0.273794
-0.013351
1.334170
-1.428650
0.227999
-1.423266
1.615400
-0.223295
-1.326123
0.151767
-0.226043
-0.022455
0.117913
-1.293846
0.152289
0.096661
-1.068980
-0.050232
0.041663
1.376439
-1.348581
-0.046179
0.143494
0.174493
0.008988
0.052944
0.128954
-0.120230
0.239612
-0.327421
0.258331
-0.432514
0.037862
-0.176082
-1.320921
-0.034666
-1.230490
1.387910
-0.345528
-0.092063
-1.355540
-0.232745
-0.100205
-0.187263
-0.045720
-1.265042
-0.038827
1.288167
0.023442
-1.405685
0.213895
-0.307999
1.375456
1.503192
-1.424314
0.347880
0.202268
-1.315218
-0.277920
-0.297234
-0.308803
-1.286402
0.225779
-1.343400
0.136280
1.354730
-1.228213
-0.305428
-0.269451
0.304490
0.112551
-1.384652
1.354096
0.196266
-0.246810
