0.065374
-1.464301
-0.179486
0.069211
0.083504
-0.113287
-0.318551
1.522921
0.321978
-1.578187
0.130940
0.210181
-1.332499
0.171666
0.129868
-1.614280
0.243492
0.283225
0.224468
0.218784
0.228524
-0.078662
-0.096472
0.199754
-1.391208
-1.646507
-1.386284
-1.405191
1.416835
-0.332317
-0.211572
-1.648773
-1.449521
-0.000762
0.252864
0.012060
0.141412
0.410574
0.148968
1.311104
0.017266
0.075386
0.167156
-1.410232
-0.303621
1.320671
1.693720
0.215547
1.383793
0.025535
0.011667
-1.534266
0.152703
-1.372639
-0.017186
-0.103666
0.061831
-0.197458
-1.405492
-0.187376
0.167669
-0.046255
-1.269611
0.224748
-1.328955
0.013063
1.782888
-1.427044
-0.238138
0.118371
0.255958
0.062327
-0.029071
-1.308822
1.274129
-1.404919
1.653735
-0.105483
0.019634
-1.707487
-0.199114
0.165968
-0.342457
-1.229188
-1.404139
0.200212
0.140129
-1.403979
1.681081
0.048614
0.361189
0.268793
-0.096160
1.309779
0.042028
-0.018183
0.211194
1.333490
0.101545
0.140274
0.156230
0.137862
-0.219485
-1.621894
0.078758
-1.534131
0.310699
0.221926
1.682978
-0.190635
0.099954
-1.453951
-0.158074
0.238542
-0.247937
0.126548
0.160095
1.393179
0.051243
0.203411
-0.261481
1.380990
-1.745889
-0.128866
-1.451080
0.019661
0.055262
-0.275685
-1.350203
-1.645751
-0.230334
-0.275177
-0.056311
0.243338
-0.376484
-1.391888
-1.376034
-1.443365
-0.089005
0.281179
-0.056432
-0.006853
-0.224895
-1.410003
0.173880
0.277356
-0.150604
1.644848
-1.429373
0.108315
0.069516
0.155359
1.584397
-1.415544
-1.397400
-0.009928
-0.001386
0.139535
0.091681
-0.223921
-0.283679
-0.064994
0.147711
-0.300081
0.070938
1.203417
0.319349
-0.047721
0.202042
-0.013921
0.002540
0.002898
-1.409795
0.062472
-1.365122
0.137250
0.132962
1.313732
0.194862
0.324246
0.080965
-0.373076
1.283209
0.045396
1.657589
-1.438186
0.028153
0.134661
-1.369483
0.052142
-0.087169
0.015254
0.214088
-1.473429
0.089107
-0.018928
-0.232673
0.201293
-0.117440
0.100331
0.102205
-1.371656
0.307909
-1.410123
-0.027591
0.118366
0.335159
-1.340680
-0.208892
0.280217
0.141762
1.222907
-0.221310
0.120701
0.063931
-1.331711
-0.010260
0.097091
-0.103376
-0.066674
0.241805
0.008845
0.199234
-0.001006
0.265853
-0.105498
0.168341
0.017124
-0.311415
-0.028819
0.159222
-0.204242
-1.306314
0.136257
0.307297
-0.232207
0.111814
-0.083092
1.291162
-0.227590
-1.184585
1.309869
0.147192
0.041525
-1.528940
-1.350992
0.055724
-1.698379
-1.406252
0.209362
0.201602
-1.357324
0.111307
-0.309268
-0.066118
0.049041
0.101149
0.200212
0.187057
0.095453
0.090185
0.188170
0.192788
-0.097092
3.119253
0.280524
0.271013
-0.266154
0.121849
-1.656852
-1.314382
0.060196
-0.243056
0.309581
-0.044787
-0.125811
1.261102
-0.054769
0.016934
-1.394097
0.206206
-1.309145
1.307778
0.137476
0.156826
0.134245
-0.101492
-1.370411
0.145544
0.375244
0.167214
1.661134
0.101550
-1.221137
-0.040810
0.056912
0.076399
0.020045
0.137389
0.093925
0.024528
0.073970
0.055490
-1.264769
0.096461
-0.116065
-0.235627
0.338707
0.175591
-0.171607
0.207324
-0.235870
-0.275810
0.133420
-1.389565
0.127647
0.010718
0.270126
-0.187873
-0.075371
0.056117
-0.312527
0.121676
-0.080028
1.697523
-0.265910
-1.289726
0.125811
0.200738
-1.330007
0.093153
0.056789
-0.014216
-1.395656
-0.107578
0.298238
-1.601715
1.142383
0.184506
0.011508
1.230401
-0.056274
0.197442
0.179500
-0.207317
-0.137682
-1.456254
-0.171659
-0.214125
-1.329084
1.631472
-0.192364
0.045546
-0.039235
-1.361282
0.071351
-0.188156
-0.196071
0.092394
-0.264730
-0.091323
-0.021946
-0.012385
-1.445052
-0.012447
0.092265
0.258985
0.099970
-0.125504
0.228797
0.213698
-0.179198
0.293250
-1.325513
-0.272160
0.151359
-0.273423
0.002172
-1.431678
0.109357
-0.297378
1.408506
0.118473
-0.074730
0.127341
-0.115429
0.090628
0.221031
0.286463
0.094025
-1.262574
-0.366489
-1.662266
0.120927
-0.342829
-0.001845
0.125114
0.162045
-0.025363
0.049243
-0.067754
-1.399378
-0.182046
0.072109
-0.009488
-1.539631
0.223608
0.326596
0.232135
0.360976
0.086001
-0.147591
0.231532
0.024327
0.066708
1.605427
0.016129
-1.367661
-1.367337
0.163431
1.198701
-0.322405
0.196605
0.107621
-1.266000
0.092982
0.005611
0.049648
-0.027235
0.050339
0.250029
1.600629
0.028262
0.091654
-0.066366
-1.453252
0.298984
-0.223506
-1.652350
-1.320883
0.235219
-1.431283
0.200643
0.117412
-0.199326
1.301378
1.357365
-0.258832
-0.002698
-0.152426
0.192582
0.221790
0.289619
-1.712328
0.227973
0.174705
0.158709
-1.261427
-0.206578
-0.107263
-1.410830
-0.014783
0.114461
-0.006436
-0.220217
-0.351014
-0.331897
-0.289031
-0.011959
-1.184568
0.309714
0.180234
-0.256202
0.080128
0.291862
0.140179
-0.090006
-1.481242
-1.304596
-1.298600
-0.244971
-1.378646
-1.345064
-1.693777
0.050485
-0.166145
0.135540
-0.208722
-0.301364
0.021646
-0.149193
-1.386507
0.041688
0.141931
0.133965
0.243273
0.108175
0.102922
-1.081783
-1.627623
-0.044401
-0.165410
-0.056574
-0.281042
1.258730
0.282749
-1.354718
-0.287546
0.274974
0.251827
1.176205
0.224250
-1.361205
-0.103998
-1.368195
-0.193671
-0.260449
0.064224
-1.439107
1.594649
0.032830
0.054249
0.258400
-1.393291
0.455519
0.115281
-0.211202
0.313141
-1.378473
0.206670
0.108642
0.316439
-1.417577
-0.402917
-1.407692
1.697161
-1.284440
-0.139363
1.413077
0.210103
0.029883
0.007602
0.013226
-0.338077
0.096691
0.150209
0.064382
-0.008441
0.219528
-0.274836
0.246833
-0.043679
-0.141595
0.179255
0.234577
-1.458505
0.107880
-1.312768
0.003806
-0.216669
-1.412120
0.135507
-1.442473
-0.243254
-1.464272
-0.132582
0.134311
-0.095664
1.688353
-1.497954
1.321683
-0.205821
0.151357
-0.122383
1.749703
-1.388249
-1.618890
-0.170660
-0.281451
1.298668
0.213535
0.260604
0.035268
0.100591
-1.599083
1.219578
-0.287598
-0.157647
0.088053
-0.185836
0.159287
0.025938
0.102000
-0.070465
1.697426
0.166201
0.258579
1.338528
0.105881
-0.222798
0.198932
-0.001806
0.261699
0.067803
0.174483
0.017918
0.067994
1.312379
0.235473
0.051343
-0.050568
0.143890
0.122921
-0.122423
-0.044351
1.403414
0.115741
1.404637
-0.183804
0.108539
0.056663
-1.406785
-1.228710
-1.382620
-1.196214
-0.168535
-1.483425
0.292954
0.163405
0.176984
-0.241800
0.076825
0.015441
-1.094940
0.196880
1.439674
0.104402
1.324339
0.061269
-0.211118
-0.047451
1.633833
0.104488
-1.378034
0.151516
0.039019
0.015419
0.026138
-1.287349
-1.146690
0.077056
0.127141
-0.230078
0.075118
-0.044453
-1.246827
-0.089625
-0.104409
1.657280
0.265682
-0.109301
0.144713
0.120808
-0.073572
-1.634794
-1.454974
-0.200120
-1.341301
0.272227
0.100360
-0.100513
0.094589
0.290512
-0.091517
-0.315022
0.112669
0.211182
0.269151
1.744111
-0.186456
0.140146
0.063674
0.207101
0.158566
0.154743
0.069943
0.161110
0.046228
0.230256
0.141186
