-1.201463
6.539337
-2.174546
1.519559
-0.117109
-2.191046
-2.761086
-7.740831
-0.251690
5.543210
1.516795
1.979704
7.121167
3.056087
0.411065
3.562256
2.045807
15.653962
2.529055
2.187093
2.655971
1.510264
-1.537475
2.219128
7.026941
3.252250
7.012040
6.777127
-7.978337
-3.017238
-2.149871
3.416502
6.952824
-1.035841
2.256526
-1.313473
-0.844154
1.735945
-0.197396
-8.107656
-0.785398
-1.134169
0.049958
7.198286
-2.546833
-7.920550
9.035461
1.266285
-8.060306
2.228685
-0.418224
6.494279
2.572279
6.877945
-0.238609
-1.645656
1.119343
-1.410883
7.479648
-2.867425
2.639989
-0.915101
8.278176
2.580429
7.782674
-0.891383
9.233594
7.763322
-2.701750
-1.203622
0.596199
-1.076855
-0.825377
7.159243
-8.361080
6.652519
9.193687
-2.214297
2.005467
3.379429
-1.602036
2.047264
-2.491722
7.532231
6.644915
-0.228497
1.620755
6.891875
3.058451
-0.027020
1.299849
0.638320
-1.035841
-8.019130
2.094075
-0.825377
2.356194
-8.449392
1.544487
2.498092
2.074962
1.510264
-2.105751
3.332777
-0.561922
5.897303
0.524796
-0.197396
9.309019
-2.765632
2.373142
6.947231
-2.166995
0.767856
-2.720173
2.166206
2.107232
-7.982305
1.385448
0.859337
-2.062606
-8.046030
3.379429
-1.692148
6.758196
-1.373401
-0.058756
-2.429235
7.575682
3.409959
-2.334921
-2.631104
-1.348714
-3.262945
-2.872425
6.414013
7.250232
5.952089
-2.307054
0.588003
-1.269876
-1.096945
-2.609869
7.168252
0.127510
0.169101
0.759763
-5.986639
5.670648
-0.746956
-1.107149
2.726101
9.452549
6.852498
6.589064
-0.712358
-1.155304
1.865031
-0.055499
-2.283154
-1.922241
-2.546833
-0.509592
-2.498092
0.034469
-8.205426
2.890590
-0.785398
2.022950
2.286540
1.387686
1.800028
6.836480
1.396124
7.086763
2.896614
2.338015
-8.076064
0.491809
2.487510
1.519559
-2.867425
-8.492301
-0.485622
3.119374
4.785430
-0.572966
2.301703
7.542983
1.217806
-0.934288
-0.724250
2.677945
7.360040
1.602036
-0.545655
-1.972025
0.288975
-2.284887
2.310771
-0.555494
7.928841
1.039072
5.942206
0.962994
1.438245
1.085174
7.922838
-2.317752
0.990040
2.767259
-8.290609
-2.492597
-0.421419
1.786154
8.070067
-1.405648
2.119346
-0.932477
-2.045807
0.705568
-0.851966
2.517570
-0.982794
2.889903
-1.276562
0.507099
-1.249046
-2.677945
-1.227772
2.295046
-2.776391
6.920734
-0.408149
2.879473
-1.691420
0.165149
-0.830821
-8.524503
-2.283154
7.676385
-8.024717
2.207305
-0.408149
6.561485
8.069339
2.378413
3.258701
7.198286
1.907471
2.926235
7.210481
-1.107149
-2.889903
0.510488
-1.176005
2.622447
2.972491
0.759763
-0.463648
-1.150133
2.057696
2.356194
-1.731559
3.115957
-0.000000
-3.186008
-2.356194
-0.156602
3.430568
7.137440
-0.450661
-2.595938
2.107232
-1.008875
-2.146221
-8.037092
-1.092444
1.357858
7.853982
0.767218
7.822742
-7.635313
2.320495
-0.561163
2.308611
-2.111216
7.796901
0.174672
2.777614
0.369334
9.050444
1.465919
7.051041
-2.023575
-0.741947
-0.805003
-1.308676
-0.348771
-0.068856
-0.741947
1.318242
2.072400
6.099242
0.408908
-2.487510
-2.939271
2.642246
1.546411
-1.871717
0.385883
-2.401618
-2.240435
2.214297
7.118542
1.911775
2.077895
0.173246
-1.773118
-1.424784
-0.073939
-2.536048
1.620755
-1.799293
-5.110911
-2.588298
8.185078
-0.452154
2.913096
7.978337
1.539556
1.313473
-1.136126
7.334836
1.259798
0.822418
6.429198
-7.882545
1.516795
1.122073
-8.152481
-1.061204
2.692869
-0.152649
-1.951303
-1.635223
7.004840
-2.710900
-2.356194
6.973632
9.264015
-1.719686
2.397837
-1.721168
7.544279
-0.211093
-2.086345
-2.245537
-0.031240
-2.116451
1.107149
-1.385448
-1.172274
6.871188
-0.546789
2.335789
2.171870
2.199593
-1.156289
0.365201
3.041924
-1.844964
0.836202
6.141288
-2.601173
0.806672
-2.654693
-1.144169
6.715593
0.321751
-3.072736
-7.805240
1.547545
-1.695151
2.228685
-1.993650
-1.730709
3.082837
2.432966
1.692148
6.932181
-2.197539
3.554003
-0.385158
-2.647651
-1.054566
2.151553
0.603749
-0.957589
-0.730907
-1.673878
7.889681
-1.076855
0.141897
-1.279340
5.703183
2.653259
0.927295
-3.338988
-3.092851
1.703348
-1.932526
2.852617
1.436475
1.485291
-4.990689
0.128323
7.210481
6.698677
0.202322
-8.477181
-2.240435
2.333976
1.997424
7.483090
2.083186
1.225241
-0.169778
1.380808
-1.034361
2.796945
9.187929
-1.152572
1.442473
-2.150799
7.044198
2.845047
-2.412738
5.216555
6.977924
-0.507099
6.777127
2.714965
-0.238609
-2.804918
-8.140033
-7.853982
-2.877629
-0.624023
-2.057696
2.466852
2.034444
0.165149
3.393283
2.914794
-0.892134
-1.249046
7.049718
-2.667193
-1.463106
7.914514
0.236849
-0.947597
-0.927295
-2.827972
-2.518393
-2.720173
-2.634494
-0.674741
8.183606
1.548578
2.399645
-2.579671
2.167973
2.619189
0.380506
-0.909753
6.637891
7.964639
7.414139
-2.782822
6.475233
7.815539
3.262945
1.881795
-1.865031
-0.099669
-1.482789
-2.756435
-1.107149
-2.231839
7.179241
0.204018
1.763497
2.129396
2.593043
-0.385883
1.487655
7.390334
3.380202
-0.830821
-1.390943
-1.653938
-2.228685
-8.114584
2.712815
7.461641
-2.111216
2.546183
-0.107690
-8.412581
0.827041
7.405258
-1.716809
7.624750
-1.690225
-2.949545
-0.321751
7.571427
9.336771
2.140110
1.703348
1.421906
7.196093
2.474287
1.768192
-2.850136
2.408778
6.900377
0.354706
-0.113792
0.430693
6.565740
-2.852617
6.521021
9.296455
7.587730
-2.677945
-7.684203
-0.212938
1.601090
-0.807617
1.992216
-2.034444
-0.706199
2.150799
2.401618
-1.030377
2.877629
-2.274410
2.149871
2.356194
-2.446854
-0.073041
1.908675
5.757119
2.462179
6.724365
-0.867183
-2.045196
6.145179
1.695151
6.589064
-2.077895
6.818140
-1.969319
-0.674741
-0.915101
9.395375
6.382854
-8.517185
-2.166995
-0.509592
-1.040581
9.251532
7.188012
9.424778
-2.142134
-2.948892
-8.556239
-0.197396
0.374334
-0.412410
0.643501
4.514993
-8.681022
-3.062809
-2.779863
2.356194
-1.249046
2.048142
-0.610726
-0.982794
-0.785398
2.984991
0.024385
2.855541
-8.039330
-1.040581
-2.733444
2.414950
-2.340811
2.399645
-0.411065
1.917335
-0.939717
0.439843
-8.135754
2.749253
-0.209023
-1.449444
1.620755
-0.452154
-2.179486
-0.674741
-8.024717
2.605781
-8.061478
-3.192830
-0.617191
1.994991
5.936646
7.828987
6.834840
7.629270
-2.733444
7.364024
2.209116
2.504044
2.634494
-2.356194
2.240435
-1.095101
8.246322
0.288975
-7.773078
-0.000000
-8.418551
-1.085174
-2.466852
-1.281821
9.457025
2.214297
7.248437
-0.837981
-0.340979
-0.154997
0.027020
8.065075
8.258873
-0.544864
-0.962107
-2.666582
1.570796
1.423718
7.139891
-1.343997
-1.199905
9.244924
1.701624
-1.570796
2.580429
2.034444
-1.432790
3.345611
6.505267
-1.317122
7.349816
15.743662
-0.298499
-1.296629
0.113792
2.374374
-2.229602
-2.950408
0.260602
2.284887
2.723368
-5.844849
-2.165556
2.279423
-0.179853
1.884417
-1.643837
-1.168926
1.510264
2.639989
-0.665969
-0.337878
0.412410
