-0.694738
1.849096
-1.570796
14.328351
-4.124386
5.870775
-1.206817
7.449090
-1.152572
-1.161888
9.322571
-7.609003
0.643501
2.303611
-0.982794
-1.856848
0.321751
-0.785398
-8.358148
-0.229232
1.967876
-2.450256
-1.107149
15.193512
-3.700192
-0.785398
7.853982
2.677945
-9.044272
-4.559740
0.027020
-1.107149
-1.249046
-1.730709
1.292497
9.200067
-2.744513
-0.555494
2.766322
8.639380
1.901892
8.336495
1.934775
0.632749
6.072092
-0.540420
-0.147078
1.446441
-0.146012
-2.819842
6.561485
-1.658804
1.504228
-0.785398
2.736701
-0.715744
-0.785398
-5.231535
-1.570796
1.373401
-1.457004
8.080780
6.645730
-0.463648
7.473475
14.284245
-6.528164
-1.170556
-2.649783
-6.631956
13.404352
-2.859821
-2.609869
3.624106
1.173717
1.839964
8.030690
0.463648
9.259629
-3.648691
10.750596
-1.570796
0.519146
1.570796
-0.991722
-1.266285
1.801887
2.319174
2.517570
9.300423
-0.148890
-0.828849
-5.608444
-4.451787
-1.867342
7.886229
-0.661043
-2.553590
-1.901892
-0.950547
-8.451158
-2.176341
-2.471071
2.649783
6.584106
-0.746956
8.065075
2.286540
2.498092
-0.613207
9.103027
2.938547
2.279423
4.248741
-8.200520
3.386571
1.318242
-3.141593
-1.570796
2.601173
-0.244979
-2.187988
3.338988
2.976444
3.058451
-5.695183
-2.125104
2.187093
-7.532231
-2.101012
2.019520
-0.476467
-7.907983
7.694069
7.478711
0.076772
-0.540420
8.317629
6.770085
-1.025141
-3.926991
0.000000
-0.832981
-2.692869
-2.201876
2.774419
-4.037648
-0.674741
0.185348
15.923321
-5.819538
-2.582993
0.424194
1.919567
2.677945
0.204018
2.335789
-0.643501
8.166024
0.753151
0.232557
-1.142018
2.485897
-1.051650
-4.712389
4.757812
6.951475
6.712948
0.785398
6.909928
15.707963
-0.148890
-5.092895
3.640939
9.535435
-1.120135
-5.176037
0.096474
-0.244979
-7.192938
-1.292497
-1.543776
-0.064427
3.084512
2.642246
5.049064
-1.480136
6.871188
7.390334
-0.885067
6.802331
7.151725
-2.855541
5.034140
-0.244979
1.570796
6.760531
-3.086094
-2.150799
0.000000
-1.892547
7.377514
14.017738
-2.356194
9.746529
6.852498
1.609239
7.995879
2.553590
-1.339706
-0.058756
0.124355
-0.463648
-2.855541
-0.785398
-1.424784
-2.010639
-7.885221
-0.887087
9.239430
-2.289626
-2.077895
2.377468
-1.357858
5.695183
-0.380506
5.279118
7.853982
-1.257176
-0.610726
-1.797595
-0.386876
-2.034444
7.114007
7.256805
2.727086
-0.718830
2.166995
-0.624023
9.424778
7.025133
8.080780
7.281015
-2.471954
-2.704965
-2.381830
9.236556
-0.226799
-6.283185
2.746802
0.380506
2.503273
4.348410
-1.176005
5.347416
-2.105751
0.274167
0.117109
0.147078
8.120234
0.215358
-2.632000
7.419311
-1.515298
-0.478352
-7.668634
-2.034444
7.590018
11.106232
-2.480549
-2.732685
3.379429
-3.141593
7.188012
5.045633
3.024484
2.356194
9.424778
-1.249046
-0.231091
-2.595938
8.781277
-2.111216
-2.629203
9.264015
0.815692
-0.846546
-0.030294
5.934414
-1.093451
-0.291457
6.746833
0.120624
4.712389
-8.665015
2.057696
1.570796
-0.901157
-1.401018
0.185348
-7.978337
-1.066630
-2.301703
-2.184004
7.163535
1.304544
-1.107149
1.272297
6.731909
-8.884358
0.114877
-0.819867
1.633215
6.888730
3.141593
0.321751
7.642888
1.570796
2.976444
-0.463648
-0.086738
0.124355
3.017238
3.306741
1.901892
0.170735
-1.107149
1.390943
-7.991988
2.050316
-2.312744
1.570796
7.698985
-2.450256
-6.085790
0.000000
-2.677945
-8.120234
-2.116451
-1.318242
-2.677945
-0.165149
1.424784
3.312328
0.066568
7.196093
9.424778
1.801887
2.706922
2.308611
-5.695183
-0.117109
-8.317629
-0.244979
2.406153
-7.427354
7.240774
-1.312025
1.849096
2.297439
-2.158799
-2.896614
-5.961435
-2.570255
-1.310194
-2.706922
-0.888480
2.356194
-1.040581
6.669068
-3.926991
-0.052583
-7.823688
9.239430
-1.012197
1.107149
0.463648
-2.094075
-8.045166
-0.569313
-7.609003
-2.480549
-0.694738
2.810497
4.884580
4.812058
0.035699
-1.508378
-2.214297
-0.674741
-3.204011
-0.827041
-1.961403
3.926991
-3.386571
8.262889
6.968915
-2.056418
-2.870646
2.455863
0.030294
3.141593
6.546180
3.926991
1.518213
-1.107149
6.592888
2.553590
5.176037
-2.273053
-1.882838
-7.495211
0.099669
1.570796
-8.112753
7.360040
4.153790
-0.687671
-2.394637
-6.663692
-8.317629
-2.120650
-1.450173
-1.880499
-1.332960
8.528723
-0.278300
-2.944197
8.085072
0.434670
1.940130
0.496423
-1.935998
-7.967774
-0.032247
-5.819538
-2.477546
2.115660
1.424784
2.723368
9.250106
1.627877
-0.909753
-2.622447
4.588034
1.373401
7.016000
6.112450
2.356194
-1.158386
7.853982
5.662936
-0.333244
3.452591
-4.068888
7.155322
-1.093451
0.209023
-2.396173
-1.030377
6.871188
-8.140033
-2.446854
-2.691833
-0.785398
2.936197
9.269781
-7.145355
-2.419938
2.083186
9.457025
-7.609003
6.501854
0.463648
2.961739
1.512041
2.396173
3.605240
-0.269167
-3.386571
2.275290
-2.226492
2.819842
0.577902
-1.535097
9.454181
-0.942000
9.093682
-1.266285
-5.902679
-8.185078
-0.876058
5.252808
9.164176
-8.639380
-1.919567
7.532231
-0.394791
5.497787
-0.872137
2.649783
-0.982794
-2.077895
1.222025
9.483534
-2.152177
1.635223
1.797595
4.193243
7.995879
-7.853982
4.812058
-2.926235
4.836744
-2.273053
-8.072651
7.609003
2.466852
0.463648
-0.404892
2.677945
-2.009133
7.405258
-2.995580
0.197396
5.176037
3.070285
-1.190290
7.656586
5.856558
0.170735
-1.789465
-0.785398
-1.165905
0.965252
-8.167602
6.871188
3.141593
0.540420
-1.165905
-1.800028
7.163535
0.110657
4.957368
-0.226799
7.068583
-0.718830
5.943893
-0.204018
9.278766
-0.304511
-0.448723
2.047264
6.418713
-0.321751
0.090660
-9.341637
-1.394087
1.892547
0.982794
-1.570796
-0.244979
-0.449760
-0.358771
2.356194
-0.579074
2.312744
-2.677945
-8.194961
0.404892
0.132552
2.510513
-1.849096
2.690931
-2.297439
2.221873
7.964639
7.068583
5.102996
6.903435
-0.386876
-0.846546
-2.485897
0.197396
-6.652519
-2.320495
7.948933
-4.909785
-0.062419
-0.920926
-2.184004
-0.385883
-1.941688
6.480581
3.141593
-2.356194
-2.397837
7.721430
-1.199905
5.454336
4.143076
-1.132460
-2.601173
2.810497
-8.280609
2.379446
9.362359
7.114007
-6.681708
-1.093451
2.938547
2.819842
7.265979
5.240463
3.453635
2.829551
0.000000
2.723368
-1.875307
5.102996
-10.012781
5.569095
8.580624
-2.840672
-7.712085
-2.677945
1.146602
8.562608
7.045332
-1.681454
-6.480581
2.639989
2.356194
-2.999696
-0.944053
7.159243
-4.712389
3.807562
-7.853982
0.811034
-8.090830
9.193687
-5.856558
-0.960070
1.197809
-2.574863
1.428899
7.159243
-8.098960
-13.939771
-2.122451
2.388441
2.562518
2.664247
4.559740
-1.487655
-1.051650
-1.442473
1.602036
3.338988
-2.466852
11.273874
-0.146012
8.085072
7.002015
-0.624023
-2.677945
9.487197
2.289626
-1.279340
0.106736
4.434089
-0.851966
1.373401
1.778293
5.564355
-1.040581
3.559817
7.338433
7.441571
-0.282555
9.507919
2.105751
2.944197
-1.849096
2.140110
-0.426627
-0.785398
-1.965587
-1.190290
