3.212900
-2.185459
-2.553590
0.114877
1.107149
0.496423
-0.856706
0.866302
0.079830
0.661043
-2.051684
-0.298499
-1.904041
-1.058407
1.380808
2.694073
-2.746802
2.574863
2.657115
-1.570796
-1.016489
2.223643
1.405648
2.329174
-2.057696
-0.045423
0.785398
-2.214297
1.892547
-0.295441
2.870646
-2.196281
0.876058
0.286051
0.129703
2.319174
0.172191
2.570255
-0.362544
0.756835
-0.554307
1.623379
-0.339293
-0.321751
1.735945
2.284887
9.424778
-2.356194
-1.789465
-1.529154
-1.529154
-2.013171
-1.862253
1.060308
3.258701
-2.999696
-1.165905
-1.307802
-1.797595
0.076772
-2.530867
1.004067
-0.835357
0.735440
-1.892547
2.191046
-2.356194
1.570796
-2.553590
-1.907471
-2.768605
-0.968509
-0.785398
2.070143
-0.321751
2.461071
0.231091
0.090660
0.422854
2.819842
-1.815775
2.953371
-0.748378
-1.858852
0.170735
0.176709
0.110657
2.379446
-2.593043
-1.199905
-1.892547
1.570796
3.414601
0.588003
0.486899
0.189988
-0.822418
0.352990
-1.929567
-2.034444
2.323948
0.174672
2.016902
0.745419
0.463648
2.284887
-0.856706
2.699218
-2.170847
1.614247
0.661043
-2.746802
-1.794273
1.681454
-0.668289
-1.359703
-0.158655
1.297788
0.992894
-0.235545
1.523213
2.746802
2.677945
-1.570796
2.422763
-1.768192
-1.012197
-1.916352
0.982794
9.325109
2.461071
-0.152649
0.052583
-0.558599
0.119429
3.089010
-2.819842
-2.843094
1.490966
-2.098871
-2.992703
3.252250
2.064738
-2.761086
1.985303
-2.934096
-1.961403
0.665969
9.103027
-1.107149
1.735945
-1.056345
0.124355
2.319174
-0.602287
-2.275290
-1.130954
1.180189
2.498092
2.321725
1.508378
1.160669
-1.180189
-1.639653
-2.768605
-0.148890
2.142134
-0.295441
-0.394791
-2.102520
1.398606
1.910089
-1.172274
2.660705
-2.000559
-0.519146
-0.090660
0.927295
0.334737
-1.750650
0.982794
1.249046
-1.405648
-1.051650
2.034444
-0.785398
-1.969319
1.712693
1.030377
-2.677945
-1.833791
-0.745419
-1.267911
-1.778293
2.914794
-2.356194
0.750929
-3.089010
0.531724
9.071788
-0.540420
2.158799
2.868584
-1.892547
-1.916352
1.086318
1.951303
0.104877
-1.969319
-2.432966
0.732815
-0.484478
0.992894
0.043451
-2.327631
1.390943
-2.553590
-2.122451
-0.856706
-0.321751
-1.742987
0.262995
-2.699218
2.988943
-1.359703
-2.483704
2.819842
1.030377
-1.039072
0.244979
-2.770701
-2.390664
1.825979
-1.141034
2.539305
-2.788602
-0.620249
-1.687905
-2.792822
0.076772
-2.788602
-0.463648
-0.881872
-2.284887
3.022164
-2.553590
-2.145101
0.785398
-0.358771
2.870646
1.130954
2.582993
-0.370891
-0.478352
-0.996491
1.801887
3.252250
-2.677945
-3.091634
-1.768192
9.424778
-2.677945
0.055499
0.507099
-2.677945
0.785398
-2.275290
-1.869295
1.997424
-0.038443
1.453688
-1.971037
0.165149
-2.750986
-1.083897
2.609869
-2.214297
-0.165149
1.778293
-0.345556
-2.356194
2.792822
1.264917
1.216091
2.857799
-0.876058
-0.643501
1.905533
9.236556
-0.086738
-0.574305
-0.099669
-1.475845
0.426627
0.702257
0.904827
-2.245537
2.303611
1.292497
-2.563691
1.225241
0.531724
-2.321725
2.214297
-0.649870
0.282555
-0.489957
-1.373401
-0.524796
2.654693
-1.824470
3.321446
0.235545
2.850136
-0.533708
-2.896614
3.094010
-1.465919
-1.727398
2.819842
0.380506
0.558599
-0.652847
-2.319174
3.034857
0.412410
3.141593
1.325818
2.884269
1.356736
0.785398
1.856848
-0.588003
0.000000
2.777614
9.236556
1.261093
1.623379
2.356194
0.668289
1.961403
1.149377
-1.058407
0.255182
-0.982794
-1.837048
-0.484478
0.404892
2.622447
-2.578276
-2.312744
-2.432966
-1.234122
-0.714091
0.732815
-1.107149
2.441700
1.199905
-2.677945
-2.094075
-1.284745
1.234122
-3.030935
-2.221873
-1.735945
1.086318
-1.647568
0.000000
-0.938047
-1.971037
0.041643
9.325109
-2.543174
0.531724
0.785398
-0.444419
-2.406153
-2.256526
-0.531724
-2.236766
1.923787
0.668289
-0.755104
2.699218
2.629203
-1.620755
1.405648
1.675673
1.570796
-2.868584
0.000000
-2.223643
-2.964884
1.570796
3.338988
2.356194
2.731465
3.294242
2.245537
-0.496423
2.034444
2.300696
2.270689
2.432966
-0.165149
0.000000
2.147172
-1.518213
-1.363300
2.951604
-2.627141
0.286051
0.822418
-0.039979
9.487197
-0.086738
1.841743
1.681454
-1.618379
0.444419
-0.982794
-2.158799
-0.062419
1.279340
-2.835714
0.896055
-2.432966
-0.034469
2.508844
-0.785398
3.089010
2.411693
2.253113
2.631104
-0.486899
-0.283794
0.363979
-0.533708
1.789465
-2.427502
2.356194
1.262744
-1.267911
-2.356194
-1.480136
1.365401
1.147942
2.804918
-2.731465
-2.393215
2.013171
-2.411693
-0.039979
0.540420
0.825377
0.982794
-1.535097
-1.869295
-0.444419
-0.896055
0.321751
-0.962994
-1.363300
-0.750929
0.484478
-0.822418
1.892547
-0.055499
-2.406153
-2.508844
-0.756835
-2.850136
2.750986
0.482513
2.884269
-1.249046
1.727398
-2.321725
-3.141593
1.629552
-0.758378
1.750650
-0.950547
2.411693
0.000000
0.935770
0.558599
2.999696
-1.158386
9.424778
2.782822
-0.052583
-2.746802
-2.627141
-1.876675
-1.363300
-2.953371
2.970857
0.862170
-0.577902
-2.526930
-3.386571
-2.214297
-2.788602
-0.554307
-0.832981
-0.566729
1.231504
3.141593
1.989021
0.043451
1.653938
-2.992703
1.794273
2.508844
-2.984991
2.638749
-2.819842
-0.745419
-1.088283
-0.702257
-0.996491
2.553590
-2.563691
-1.494024
0.039979
3.091634
2.053310
-2.356194
9.461798
0.862170
-0.412410
2.490516
1.325818
-0.881872
2.782822
-2.541542
-2.530867
-2.018316
-1.665748
-2.034444
0.119429
0.938047
1.892547
1.675673
1.892547
2.729182
1.685673
-2.593043
-1.647568
-0.444419
-2.582993
0.463648
1.083897
0.732815
2.677945
0.704494
-0.038443
-0.756835
-0.968509
1.412141
2.119346
-2.616797
-0.982794
-1.745469
1.959115
-0.554307
3.141593
-1.225241
1.570796
-1.570796
-1.107149
-1.363300
-1.039072
0.000000
-0.394791
2.539305
2.214297
0.446106
-2.743070
3.349089
2.170847
-0.876058
-3.089010
-1.138389
-0.970746
-1.642104
2.300696
2.284887
2.850136
0.714091
9.529655
-0.388319
2.999696
0.610726
-1.806341
0.610726
-2.117585
2.896614
2.329174
0.514451
-2.723368
-1.866237
0.436627
-0.996491
-0.885067
0.682317
2.095592
2.870646
0.052583
1.126377
-0.902507
2.205823
-1.130954
-2.137526
-2.203545
-1.074374
-1.670465
1.107149
0.321751
0.688924
9.133321
-2.191046
1.380808
2.393215
-2.231839
1.841743
1.983207
0.563316
2.231839
2.111216
3.261022
-0.994421
-0.370891
-1.700499
1.496857
1.199905
0.286051
2.055274
0.533708
1.451367
-0.840897
-1.570796
9.589927
-3.046641
1.825979
-3.091634
-0.982794
-1.854590
0.651077
1.910089
1.123276
-0.896055
-2.609869
-1.518213
0.815692
-2.843094
-0.819867
-1.570796
1.983207
1.959115
-0.718830
-1.858852
2.007423
1.352127
2.432966
-3.091634
-0.165149
0.270947
0.982794
0.680521
0.785398
1.071450
-2.490516
-2.634494
-1.961403
0.119429
2.770701
0.071307
0.576375
-1.490966
1.760785
-2.743070
1.039072
3.248328
2.356194
0.643501
-0.165149
2.543174
-1.760785
