-0.870903
1.989021
-0.442374
0.321751
-0.935770
1.570796
0.104877
0.119429
-2.788602
-2.659079
-1.352127
3.026716
-2.016902
-2.265535
2.289626
-0.233743
0.876058
-2.587285
2.506566
1.849096
1.227772
-1.325818
-1.144169
2.634494
0.244979
-2.325901
0.817645
1.272297
0.844154
2.214297
2.634494
-2.214297
1.804540
-1.919567
-1.943784
-2.601173
-0.363979
1.854590
2.356194
1.650626
-1.126377
1.279340
1.067953
0.499347
2.982937
-2.380580
1.080839
-1.943784
1.325818
-0.480887
-2.073640
0.588003
-1.363300
-1.804540
-1.063698
1.325818
0.822418
-1.212026
1.759018
-2.134113
-2.083186
1.107149
-1.107149
-2.657115
-1.951303
-1.997424
0.519146
-0.255182
-1.412141
2.553590
-0.994421
9.622174
-2.593043
1.729452
-1.618379
0.614663
-1.862253
2.356194
2.010639
-2.711830
3.313783
2.129396
-0.600050
-1.279340
0.546789
-1.523213
0.785398
-1.759018
-0.950547
-1.144169
1.086318
-0.119429
9.088103
2.386488
1.768192
-2.196281
1.843805
0.785398
0.588003
3.141593
-1.759018
1.398606
-2.095592
2.381830
-1.824470
-1.275355
-1.206817
1.512041
-1.262744
-0.158655
-0.463648
1.661456
-2.386488
-0.086738
-2.259721
-1.067953
-2.838708
0.558599
2.607884
0.185348
1.249046
-2.642246
-0.674741
-1.753907
0.909753
2.265535
0.844154
1.147942
-1.325818
9.334118
-1.854590
-1.841743
-0.179853
-1.165905
-0.110657
-2.609869
2.064738
-2.806856
-0.729900
0.000000
1.325818
2.768605
-2.034444
-2.057696
1.275355
1.412141
1.670465
-2.553590
-2.000559
-1.943784
-2.593043
0.255182
1.794273
9.329826
1.337053
1.729452
9.250106
-0.442374
-1.849096
-0.909753
-0.058756
1.275355
-2.723368
-2.750986
-0.489957
-2.718739
-2.102520
2.896614
1.570796
0.847817
-2.677945
-1.067953
0.436627
-1.727398
-2.289626
-2.567288
-1.460139
0.904827
2.181522
-1.849096
0.702257
1.264917
-2.077895
2.245537
-0.502843
2.976444
-0.600050
-2.736701
-0.255182
-0.286051
-0.083141
-2.657115
-2.530867
3.271295
0.822418
-2.356194
0.652847
-1.943784
0.956133
-3.094010
-2.808348
2.034444
1.965587
-1.760785
1.446441
3.756256
1.527345
1.058407
-0.912908
1.614247
2.356194
-1.828120
1.923787
0.602287
-2.723368
2.936197
1.971037
2.657115
0.785398
1.681454
-2.327631
-1.249046
1.907471
-1.647568
-1.907471
2.543174
0.499347
-2.697173
0.000000
-1.107149
-0.135528
0.156602
2.498092
0.148890
-1.172274
0.755104
-1.916352
1.107149
-0.291457
-2.490516
-0.668289
2.642246
1.190290
-2.541542
2.173084
2.102520
0.291457
-2.185459
2.095592
-0.041643
9.381327
-2.259721
1.520838
-2.654693
-0.651077
0.302885
1.107149
0.039979
0.753151
0.938047
2.982937
2.386488
-2.422763
0.574305
2.111216
3.232253
0.507099
2.452668
2.516108
-1.997424
1.570796
1.815775
-2.886410
-2.083186
-1.530818
0.000000
-1.126377
-0.643501
-1.297788
-1.951303
2.055274
-2.169215
2.753274
-1.653938
0.148890
-0.574305
2.158799
-0.172191
3.338988
-0.643501
2.699218
-2.857799
2.750986
2.459276
-0.207496
-0.576375
-1.063698
0.104877
2.356194
-0.785398
-2.654693
1.339706
2.853537
2.638749
-0.519146
0.179853
2.777614
3.189176
-2.526930
2.446854
1.892547
-1.806341
2.868584
0.000000
1.616220
0.049958
-1.943784
0.982794
0.512389
-1.670465
1.304544
1.768192
-2.473303
0.179853
9.463221
2.308611
-1.919567
-0.372988
9.314121
-2.886410
2.804918
-0.439843
0.388319
-1.892547
-1.435269
0.847817
1.441094
-2.466852
3.094010
3.451296
1.356736
-1.570796
2.145101
-1.759018
2.875341
-1.523213
0.813962
-0.588003
1.880499
2.070143
-1.905533
0.189988
0.945311
-1.520838
-2.452668
0.635027
-2.158799
1.107149
-0.825377
1.768192
0.446106
-0.870903
-2.111216
1.197809
2.601173
-0.370891
-1.905533
9.191035
1.030377
-1.206817
0.602287
-0.540420
2.788602
-1.520838
2.659079
-2.119346
-1.687905
3.089010
-0.531724
9.463221
-1.182478
0.982794
0.896055
0.367174
-1.363300
1.993650
-2.574863
-2.736701
-2.390664
2.013171
-1.869295
-0.380506
2.279423
1.989021
2.181522
0.602287
1.165905
3.054854
-1.460139
-1.024007
-1.778293
-0.982794
-1.681454
-0.418224
-0.321751
2.010639
-2.488746
0.334737
0.000000
2.185459
-2.236766
-3.141593
-0.785398
0.141897
0.531724
-0.620249
3.017238
-2.016902
2.616797
1.570796
2.321725
-2.796037
0.370891
-1.287002
2.918116
-2.657115
3.197091
2.660705
0.970746
-2.253113
-0.076772
2.060754
9.466421
2.654693
2.884269
-0.055499
-2.634494
0.148890
0.390607
-2.473303
0.073939
-1.421906
1.337053
2.677945
-2.111216
0.218669
1.965587
-0.785398
-2.034444
-2.325901
2.567288
-1.190290
9.227382
1.570796
-1.527345
1.929567
0.554307
-1.794273
-1.533776
-1.849096
-0.339293
2.642246
-2.270689
3.176062
-2.148698
-2.660705
0.205395
2.111216
-2.609869
-0.620249
0.418224
-2.104505
-0.197396
-0.665969
1.570796
-0.482513
-1.670465
-0.785398
-2.214297
1.907471
0.938047
-2.677945
1.985303
2.677945
-2.896614
-1.719686
0.982794
0.099669
0.104877
-2.308611
-2.677945
-2.642246
1.494024
1.313473
2.659079
-1.825979
9.334118
2.857799
0.104877
0.398522
0.862170
0.305879
-1.352127
0.388319
0.439843
-2.427502
2.553590
-0.756835
1.182478
2.119346
-2.018316
-0.480887
-2.953371
2.695487
0.729900
0.370891
-2.055274
9.377195
-0.729900
-0.982794
-1.016489
1.670465
0.982794
1.287002
-2.158799
2.085248
-2.236766
-2.697173
-0.099669
2.422763
0.047583
-1.934775
0.205395
0.970746
-2.488746
-2.659079
1.729452
-0.231091
-1.878849
0.927295
1.616220
1.529154
1.849096
-0.207496
-2.508844
-2.731465
2.982937
1.837048
0.661043
-0.158655
1.690225
1.421906
1.304544
-0.141897
1.570796
9.268176
-2.452668
-1.760785
2.384758
2.508844
0.714091
-0.412410
-1.532354
-2.384758
0.982794
1.107149
-0.811034
0.090660
1.304544
-0.643501
-1.804540
-0.726642
-3.046641
9.103027
0.938047
-1.841743
0.927295
0.970746
0.321751
2.356194
1.356736
-2.819842
-0.668289
1.199905
1.675673
-0.813962
-2.782822
-1.337053
0.390607
2.723368
1.570796
1.287002
-2.085248
-1.712693
2.553590
2.743070
-2.884269
0.614663
9.468229
-2.607884
2.169215
-1.609239
2.117585
1.735945
-2.384758
2.539305
-2.645170
-2.506566
-2.657115
2.325901
0.822418
-0.917950
8.998150
2.393215
2.567288
-0.699893
0.321751
-0.927295
2.390664
1.532354
-0.090660
1.264917
-0.188222
-0.862170
0.049958
1.107149
-2.323948
-2.831890
-2.835714
-1.464061
-0.514451
2.300696
1.612439
-1.039072
9.515438
-0.135528
-0.588003
-1.339706
2.461071
-0.682317
0.722979
-0.380506
0.825377
1.919567
-2.616797
-2.034444
-2.553590
-0.704494
0.156602
2.473303
0.785398
2.761086
0.750929
0.244979
-0.380506
0.982794
-1.337053
1.700499
-1.985303
-0.614663
9.377195
-1.907471
1.335251
-1.675673
1.086318
9.153831
1.455920
-2.593043
-0.444419
-2.169215
-1.363300
-2.953371
2.951604
-1.614247
2.231839
1.854590
-0.635027
2.010639
1.670465
2.729182
-2.034444
2.831890
0.370891
0.000000
-2.490516
0.000000
2.988943
-1.815775
2.723368
2.761086
