-0.247551
0.629078
0.000911
0.173947
-0.096730
0.894815
0.000833
-0.091983
-0.466741
-0.401231
-0.395060
0.485590
-0.293976
-0.384948
0.302566
-0.250043
0.877265
-0.405506
0.525128
0.192356
0.297463
-0.422832
-0.451618
0.474665
0.088896
-0.413777
0.035425
-0.036878
0.145276
0.437708
0.829143
-0.217957
0.493197
-0.165751
-0.524403
-0.223236
-0.364250
0.779114
1.269637
0.244747
-0.247451
0.414761
-0.119507
-0.044796
0.777829
-0.369325
-0.319915
-0.448250
0.203470
-0.110327
-0.258922
0.084448
-0.261463
-0.460720
-0.319701
0.383134
-0.019710
-0.035055
0.465092
-0.273449
-0.464170
0.156117
-0.148688
-0.118155
-0.309347
-0.335435
-0.105424
-0.017044
-0.455866
0.445208
-0.195529
3.124586
-0.114765
0.165023
-0.217313
-0.245262
-0.372910
0.663621
0.336244
-0.391414
-0.050861
0.961296
-0.285806
-0.440351
-0.009831
-0.157460
-0.053597
-0.372323
-0.264995
-0.298367
-0.114423
-0.229096
3.447881
0.445155
0.500144
-0.477154
0.332655
0.983298
0.892879
0.678058
-0.295606
0.108137
-0.005041
0.298971
-0.295941
-0.173272
-0.447576
0.301419
-0.321647
-0.067787
-0.124192
0.063431
-0.217672
-0.249693
-0.781591
-0.434560
0.103485
0.015139
0.485647
0.117451
0.365084
-0.274052
-0.641342
-0.212112
0.022335
0.351462
0.250757
0.095444
-0.436377
3.152648
-0.285843
-0.369815
-0.328904
-0.114622
-0.167322
-0.283150
0.279317
-0.563988
-0.330123
-0.083114
0.438987
0.559023
-0.612071
-0.239919
0.244145
0.143700
0.231976
-0.433402
-0.174962
-0.444778
-0.168268
-0.381567
0.229784
3.216059
0.209059
0.262692
3.354781
-0.503555
-0.168042
-0.308578
0.806250
0.007231
-0.293633
-0.324414
0.354129
-0.174597
-0.570408
0.593154
0.461295
-0.381917
-0.548755
-0.247113
0.995477
-0.325275
-0.431206
-0.187866
-0.311861
0.162596
0.577386
-0.348335
0.126644
0.003337
-0.357536
0.122445
-0.093396
0.553351
-0.573286
-0.242816
-0.269053
-1.285424
-0.169669
-0.117220
-0.154477
2.826664
-0.731300
-0.350304
0.155200
-0.434942
-0.069713
-0.120166
-0.486453
0.437331
0.289393
-0.168856
0.089376
2.515873
-0.041601
0.547222
-0.313687
0.127574
0.544887
-0.324332
0.592728
0.059419
-0.371172
0.494645
0.262664
0.424781
0.024893
0.890284
-0.230518
-0.442811
0.267239
-0.351960
-0.428399
0.267331
-0.342487
-0.566371
0.015816
-0.550320
-0.132069
-0.096642
0.341058
-0.120510
-0.480241
-0.280286
-0.437347
0.456991
-0.278918
-0.354151
-0.224761
0.650565
0.153157
-0.300297
0.758504
0.298615
-0.220708
-0.026307
0.603009
-0.484950
3.134184
-0.265213
0.201935
-0.344802
-0.156678
0.306497
0.430639
-0.034173
0.053320
0.719995
0.408356
0.477707
-0.332662
-0.085061
0.423029
0.001744
-0.176693
0.430233
0.384495
-0.404629
0.131720
0.344134
-0.244966
-0.568955
-0.416459
-0.205576
-0.196128
-0.388904
-0.304947
-0.455928
0.627262
-0.587764
0.648754
-0.472947
-0.235260
-0.572038
0.544633
-0.254070
2.862167
-0.248476
0.644646
-0.426850
0.737053
0.525129
-0.602966
-0.238269
-0.318091
-0.200158
0.405604
-0.717647
-0.105674
1.591397
0.574005
0.372303
-0.196465
-0.358940
0.721564
2.775455
-0.470795
0.492549
0.255001
-0.117058
0.189030
-0.558137
0.181408
0.026420
-0.268170
0.580602
-0.635960
-0.479933
0.306809
-0.154325
-0.241843
-0.137198
3.212470
1.078935
-0.206330
-0.218110
2.963343
-0.402022
0.329833
-0.057151
-0.172183
-0.392675
-0.349591
0.131051
0.425146
-0.288343
0.679547
-0.109853
0.179106
-0.114960
0.741879
-0.072602
0.365479
-0.156317
0.043357
-0.397373
0.191174
0.165656
-0.221345
-0.264675
0.106022
-0.287275
-0.319739
-0.166395
-0.426188
0.118192
-0.369134
0.479466
-0.136530
-0.209017
-0.220020
0.148510
0.587081
0.196754
-0.365468
3.305976
0.011049
-0.937657
-0.574568
-0.323344
0.301199
-0.369465
0.278011
-0.613368
-0.109825
0.103329
-0.349459
3.186214
-0.220522
0.142174
-0.871410
-0.064502
-0.334897
0.294312
-0.412945
-0.262783
-0.211874
0.668547
-0.199489
-0.694459
0.733249
0.927900
0.485349
-0.728949
-0.087941
0.555322
-0.265029
-0.325750
-0.127341
-0.289184
-0.625503
-0.051032
-0.526614
0.667253
-0.429905
-0.016493
-0.114974
0.546562
-0.208589
-0.196915
-0.131864
-0.209878
-0.158233
-0.375301
0.393648
-0.357439
0.634558
0.962074
0.722321
-0.475646
0.168190
-0.327140
0.552947
-0.292988
0.699859
0.402950
0.101701
-0.270204
-0.225179
0.928014
3.303282
0.923578
0.735672
0.102515
-0.635153
-0.067218
0.086737
-0.491601
0.077721
-0.319816
-0.074903
0.420776
-0.361975
-0.220777
0.439100
0.439086
-0.384480
-0.200082
0.641369
-0.426369
3.217534
0.427674
-0.217857
0.271677
-0.188366
-0.391057
-0.586308
-0.231781
-0.058786
0.392802
0.097484
0.503344
-0.432974
-0.333473
-0.217791
0.524522
-0.347409
-0.335177
-0.454427
-0.228127
-0.284131
-0.257289
0.590553
-0.384343
-0.478293
-0.371721
-0.532176
0.667924
0.627047
-0.098251
0.343913
0.405928
-0.362660
-0.098950
-0.010905
-0.006052
0.488509
-0.366051
-0.495473
-0.298170
0.146213
0.321197
0.270143
-0.365183
3.213271
0.308750
0.156364
0.214026
-0.036473
-0.371002
-0.387689
-0.199635
-0.412713
-0.345524
0.501907
-0.271459
0.412601
0.280939
-0.407208
-0.239123
-0.395653
0.276528
-0.147004
-0.089993
-0.475602
3.156701
-0.498355
-0.459557
-0.367578
0.121660
0.139632
0.089227
-0.160284
0.383413
-0.286114
-0.475576
-0.606895
0.539303
0.153133
-0.377062
-0.226047
-0.047096
-0.308288
-0.362851
0.089364
-0.162849
-0.266614
-0.206062
0.305090
0.075854
0.380707
-0.574470
-0.225826
-0.495371
0.404370
1.555828
-0.259402
-0.117108
0.157590
1.105057
0.085549
-0.162234
0.662634
3.311592
-0.275031
-0.338205
0.444918
0.562189
-0.011988
-0.156954
-0.330732
-0.613697
-0.183706
0.734181
-0.180563
-0.131365
0.039271
-0.471457
-0.181276
-0.217982
-0.255898
3.315574
-0.135171
0.084588
-0.061061
0.015668
-0.132508
0.679999
0.192506
0.350261
-0.207944
0.317465
0.849059
-0.157968
-0.525483
-0.395316
-0.595393
0.883065
0.211109
0.231417
-0.287415
-0.276750
0.508600
0.242831
-0.314868
-0.220219
3.160063
-0.352199
0.491134
-0.400335
0.273358
0.593433
-0.616822
0.917542
-0.304869
-0.463668
-0.214458
0.414133
0.097891
-0.315777
3.161214
0.709557
0.408386
-0.291406
0.074130
-0.369351
0.327906
0.195960
-0.337196
0.474588
-0.176187
-0.266125
-0.588966
0.144453
-0.329124
-0.444562
-0.346922
-0.307611
-0.288972
0.384113
0.237999
-0.257463
3.064577
-0.783443
-0.150799
-0.091679
0.419691
0.064399
-0.072029
-0.701874
-0.831244
0.336830
-0.301331
-0.051660
-0.551277
-0.329008
-0.497112
0.673413
0.068318
0.772298
0.319673
-0.065302
-0.577868
-0.221554
-0.040556
0.234566
-0.263040
-0.577063
3.169399
-0.262837
0.329113
-0.403372
-0.057293
3.397372
0.241152
-0.100512
0.052816
-0.236000
-0.312252
-0.275610
0.389833
-0.349450
0.383387
0.146375
0.101861
0.566403
0.484025
0.972167
-0.404669
0.422616
-0.499604
-0.141752
-0.438273
-0.066318
0.496474
-0.285688
0.793725
0.553198
