2.593043
-1.024007
1.394087
0.283794
0.482513
0.785398
-2.205823
2.506566
-0.680521
0.380506
0.380506
-1.107149
-0.496423
1.570796
2.171870
-0.811034
-1.446441
1.525373
-0.205395
0.847817
1.282741
-1.037088
-1.971037
2.148698
-0.756835
-1.249046
-1.965587
2.731465
1.435269
-1.190290
3.064821
0.785398
-1.815775
-1.356736
0.000000
-1.304544
1.919567
-1.794273
3.104573
-1.203622
-2.819842
-0.598419
-2.270689
2.327631
-0.493941
-1.124691
2.259721
1.160669
-0.253674
1.523213
1.892547
-0.266252
-2.437099
-2.418613
-2.746802
2.553590
-0.548549
-1.007480
1.681454
-0.982794
-2.753274
1.249046
3.064821
-0.214061
-2.414950
1.412141
0.909753
0.235545
-2.158799
2.768605
0.035699
-2.677945
-2.782822
-2.111216
1.735945
-0.110657
-2.034444
1.126377
-1.325818
2.231839
2.622447
0.919720
-2.543174
-0.446106
0.643501
-2.234842
0.233743
-2.774419
-2.645170
-1.212026
-1.264917
2.896614
-0.090660
2.148698
2.631104
1.983207
0.426627
2.982937
-1.866237
1.647568
-0.840897
1.729452
-2.034444
1.609239
3.038511
2.265535
-2.868584
-3.070285
-0.255182
2.677945
0.813962
0.533708
0.000000
-2.727086
-0.620249
-2.753274
0.244979
1.706324
2.137526
1.206817
1.418147
2.158799
2.070143
-0.463648
-2.050316
-1.607816
0.750929
-1.700499
-2.768605
0.348771
2.406153
-3.105894
-2.284887
-0.970746
1.527345
2.530867
-0.972377
-1.352127
-2.642246
-2.327631
-1.570796
2.356194
-1.494024
-0.463648
-1.004067
1.405648
1.428899
-2.878598
-3.058451
2.622447
1.657535
-1.012197
0.902507
2.512796
2.878598
-0.785398
-2.944197
-2.553590
-1.494024
1.262744
2.245537
-0.148890
-0.482513
-0.233743
-1.607816
1.570796
0.363979
2.231839
-1.892547
-2.634494
-0.881872
-2.616797
1.661456
0.635027
1.570796
-1.004067
-1.182478
-1.380808
1.690225
-1.768192
1.665748
2.441700
-1.206817
-1.532354
2.918116
-2.085248
-2.953371
2.488746
0.114877
-1.997424
0.429762
2.406153
-0.308053
0.079830
-2.137526
-0.566729
0.073939
2.111216
-2.140110
-0.083141
1.776192
-0.785398
0.519146
0.927295
2.746802
0.358771
-2.695487
-1.123276
-2.846152
-0.876058
-0.083141
-2.191046
2.191046
0.563316
-2.541542
-2.104505
1.107149
-2.270689
-1.107149
-1.071450
-1.089909
-1.690225
2.677945
2.982937
-0.244979
-2.976444
-0.554307
-2.461071
-2.831890
-2.589938
0.588003
1.685673
-1.606495
-1.653938
2.512796
0.235545
-2.616797
-2.875341
-0.308053
-0.643501
0.372988
2.714965
-2.356194
0.970746
0.124355
1.080839
2.659079
2.572279
2.388441
-0.942000
3.141593
-2.593043
2.214297
-2.293776
-2.256526
2.390664
-0.235545
-2.886410
-0.283794
-2.125104
-1.016489
-0.183111
0.345556
0.079830
2.245537
0.262995
2.325901
2.878598
2.034444
1.124691
2.055274
-2.677945
1.806341
-2.659079
-0.463648
-0.753151
1.533776
2.936197
-3.058451
-3.103150
-1.144169
1.681454
0.610726
3.058451
-2.516108
2.170847
-0.480887
-0.165149
0.945311
-2.782822
2.228685
-2.239086
-0.758378
1.487655
1.742987
-1.315614
-0.514451
-2.616797
-0.321751
-2.613518
-2.753274
-2.731465
-3.089010
-0.255182
1.460139
1.665748
2.191046
0.514451
2.461071
1.833791
3.089010
0.336675
0.482513
1.356736
-1.398606
-1.997424
-3.104573
-0.086738
-0.283794
-1.833791
0.674741
-2.176341
-1.046001
1.892547
-2.638749
-1.700499
-2.381830
0.444419
-1.343997
2.833540
1.923787
0.661043
0.881872
-1.700499
-2.381830
0.099669
-1.723446
-3.103150
0.548549
-0.704494
0.815692
-0.643501
-1.317122
0.635027
-1.405648
2.587285
1.815775
2.819842
1.428899
-2.918116
-0.785398
-1.405648
0.041643
-2.181522
-0.463648
-0.283794
1.088283
2.466852
0.283794
-1.451367
-0.129703
-2.384758
-0.244979
-1.190290
-1.880499
-0.876058
-3.067654
2.961739
-2.982937
0.463648
2.731465
0.295441
0.083141
0.982794
-1.695151
-0.607802
-2.761086
2.466852
2.148698
2.055274
-2.944197
1.862253
2.914794
0.214061
0.960070
-1.380808
-0.197396
1.056345
-0.390607
-1.804540
2.506566
1.657535
-2.480549
1.313473
1.854590
0.815692
1.287002
-0.038443
-2.868584
-1.527345
2.627141
2.191046
2.627141
2.543174
-2.403778
-0.135528
2.886410
-1.665748
-0.927295
3.105894
-1.610775
2.831890
-0.819867
-1.022247
0.334737
2.833540
-0.785398
1.965587
2.788602
0.079830
1.480136
-1.797595
3.141593
-0.278300
-2.642246
-0.414507
-0.811034
1.570796
2.868584
-1.212026
0.600050
-1.487655
-0.902507
2.694073
-2.466852
-1.527345
-2.936197
1.892547
0.576375
3.141593
-0.047583
-0.970746
0.514451
-1.760785
-0.179853
2.223643
3.022164
-1.405648
1.264917
-1.004067
-1.607816
2.134113
-0.674741
2.746802
-1.781890
2.746802
0.482513
-0.309703
-0.982794
0.273009
0.651077
-1.315614
-1.091277
0.909753
-2.694073
-1.261093
-2.857799
-1.451367
0.444419
-1.307802
2.137526
1.975688
-1.124691
2.441700
-1.916352
-0.832981
-2.293776
2.976444
-0.043451
1.951303
2.016902
1.742987
2.452668
1.768192
-0.422854
0.104877
-2.988943
2.976444
-0.444419
0.502843
2.994514
-1.494024
1.570796
-1.063698
-0.657889
2.777614
2.782822
2.386488
1.373401
-0.896055
-0.179853
1.227772
-2.432966
-1.616220
-2.251318
3.011890
1.854590
1.261093
1.742987
-2.922924
1.494024
-2.125104
3.058451
-0.726642
0.205395
-2.275290
-1.644735
-2.582993
-0.996491
-1.165905
-2.767259
-1.741532
-0.600050
-0.942000
2.483704
0.266252
1.037088
1.729452
-1.951303
2.565217
-0.890275
1.742987
-0.197396
2.251318
1.570796
2.245537
-2.835714
1.275355
1.784857
-2.016902
1.951303
2.073640
-0.722979
-2.819842
1.657535
-1.612439
2.466852
-1.880499
1.943784
2.125104
1.980924
2.098871
1.768192
-0.463648
-2.988943
-2.711830
2.007423
2.446854
-2.970857
0.688924
0.141897
-1.529154
-0.566729
-1.681454
2.868584
1.165905
-2.616797
0.147078
1.451367
0.041643
-0.625485
-2.563691
1.892547
1.317122
-1.037088
3.064821
-1.347320
1.653938
-2.660705
-1.490966
1.475845
-1.685673
1.222025
-2.089942
0.189988
-1.373401
-2.565217
-1.501940
-0.960070
-0.688924
-1.934775
1.315614
-2.406153
1.695151
2.221873
0.444419
0.708626
1.197809
-0.172191
1.484058
1.993650
-0.502843
-3.098142
-0.881872
-0.076772
-2.616797
-0.840897
0.404892
1.007480
2.927532
-2.356194
-1.837048
-0.610726
-0.817645
0.463648
-0.188222
-2.000559
-2.846152
1.789465
1.398606
-1.530818
-2.723368
-2.446854
-2.129396
-1.287002
-0.463648
-2.660705
-1.123276
-2.622447
-0.414507
-2.418613
-2.601173
-2.251318
0.045423
-2.205823
2.506566
2.886410
1.130954
-0.708626
2.356194
-0.172191
-1.197809
-1.650626
2.677945
-0.812419
3.141593
1.878849
-2.951604
0.753151
1.570796
2.729182
1.735945
-1.570796
-2.677945
2.830594
1.074374
-0.669639
1.523213
-2.259721
-1.347320
-2.383215
0.321751
-1.797595
2.927532
1.297788
1.046001
2.806856
-0.888480
1.480136
2.833540
-0.994421
0.255182
2.411693
-2.437099
-3.067654
-0.576375
-1.815775
1.037088
2.563691
0.129703
2.053310
1.225241
-1.937970
-0.414507
1.347320
-0.410127
-1.024007
0.819867
2.782822
1.451367
