-1.668523
3.039904
2.582993
1.504228
0.565149
-1.726391
3.141593
-2.176341
0.785398
1.295370
-2.268187
2.892006
-2.202487
-1.236059
0.289504
2.951604
0.147849
3.141593
0.948126
-2.775845
-0.859887
-1.287002
1.089133
0.572460
-2.279423
0.732815
-1.616220
-2.999696
-2.870646
-2.018941
-2.914794
-1.241172
1.496857
1.356736
-1.107149
2.541542
0.294730
1.681454
-0.422005
0.955176
-2.191046
-0.684295
-0.214061
2.356194
-1.489344
2.277411
-2.193467
1.963854
-2.210566
1.267911
-2.214297
0.851966
-0.129703
-2.210566
-2.138901
-0.426627
0.565149
-1.880499
-1.336074
-2.940638
-2.501823
2.925042
1.800701
-0.702257
1.697769
-1.975688
-2.121182
-2.702733
2.601173
-1.533776
0.083141
3.070285
2.799977
-1.922841
1.237552
-2.547843
-2.252095
0.970746
-2.281706
-1.760785
0.683191
-1.810967
2.959944
0.308053
0.684295
-1.690225
-0.333945
0.189988
-2.745151
-1.570796
1.886412
0.688924
-1.142532
-2.677945
-2.302193
-1.837048
2.025516
-2.782822
-2.532429
-2.179960
-0.453844
2.117585
-1.553254
-2.221873
1.320353
-1.197809
-0.043451
0.982794
1.892547
1.317122
2.947971
1.692639
-1.919567
-1.549523
-1.570796
2.221873
-0.147849
-1.448954
2.650429
2.153149
1.750650
-3.121187
-2.653756
0.976583
-0.878875
-2.469986
-0.873406
0.114877
-0.361204
2.772897
-1.690225
-0.798384
-1.614247
1.815775
-1.198729
2.382504
1.996001
-2.025897
1.529154
-0.513606
-3.119857
0.565149
-0.497822
-2.911688
-2.303611
-2.424581
0.021273
-2.838708
-0.674741
-1.915015
-2.055274
-0.161837
0.948493
0.605545
-0.720554
-0.455101
1.023234
0.551655
-2.230106
0.439843
1.107149
-2.016902
0.600050
2.297439
-2.153873
0.275426
2.114629
2.426501
-2.658146
-1.970312
-1.674589
2.043703
-0.898833
2.273053
2.911688
-1.065506
1.640451
-2.832662
-2.482283
-0.295441
0.278300
1.165905
1.825979
-1.059566
2.070143
1.570796
2.100386
0.617756
-1.752445
-0.617756
2.444571
-0.785398
2.901422
-1.019141
2.248916
0.655696
0.214061
0.433953
-2.649107
0.770906
-0.193211
-1.925502
-0.295441
-3.043866
2.424581
-2.771687
-0.741947
-1.078311
-1.115696
1.789465
-2.158799
-1.107149
2.658146
-0.708626
2.754717
0.269849
1.345520
-1.570796
-0.718830
2.547379
-0.356220
2.199593
2.490516
-2.274027
1.772113
-0.235545
2.540519
2.940276
2.104505
2.034444
1.170556
0.206324
1.965587
0.710909
-0.103792
2.342497
3.104573
1.614247
-2.813473
2.610819
1.163165
0.239743
-0.260602
-1.098299
-0.729900
-0.416065
1.331053
2.541542
-0.899652
-0.684295
2.723368
2.094716
0.189988
-1.046877
0.076772
1.852029
1.843805
-2.813473
-2.588751
0.530773
0.063743
2.043293
0.800782
0.851966
0.295441
2.034444
3.121187
1.396124
0.420197
-2.034444
-0.801790
-2.543174
0.813169
-0.240171
-0.208465
-1.644735
-0.785398
0.209640
2.485897
0.039979
-2.985998
0.923404
-1.862253
-1.012197
1.080839
1.607816
2.025897
3.020241
2.686873
-2.326791
-1.044169
0.835357
2.831890
2.460294
-0.314232
2.565217
2.839974
-0.147078
0.826471
2.761086
2.620158
-0.129703
-0.970746
-2.553590
-2.239839
2.293776
2.015216
-2.399645
1.088283
-1.286066
-1.779262
0.909753
2.251318
-0.799482
-2.395136
-1.629552
2.222665
-2.428532
-2.906870
0.124355
1.269177
-1.590025
1.609992
-2.421039
-2.996780
-0.620249
0.216550
0.726642
2.142134
3.032931
1.591202
-1.133005
2.437099
-1.460139
2.236766
-2.619758
-1.986861
-3.082837
1.592532
1.142532
-0.021273
-2.396173
-1.287002
-1.444204
-2.654693
0.181649
3.067654
0.524796
-1.446441
-2.419401
-0.420197
1.152572
2.494201
0.042528
2.034444
1.331053
2.452668
-3.002497
-1.507053
-2.697173
0.084902
1.962496
-3.099950
-1.460139
3.014620
2.238102
3.064821
2.480549
0.063743
-2.356194
-0.639386
-0.927295
-0.880996
1.548578
1.072974
0.321751
-1.090621
-2.650429
2.222665
2.370278
3.119857
3.081664
0.664774
2.424581
0.876058
2.516957
-1.287002
-0.291457
2.469986
0.892677
0.363979
-1.425984
0.110657
-0.785398
0.617756
0.743170
-1.314645
-2.972996
1.297788
-2.384758
-2.034444
0.408149
-0.380506
-2.860360
1.310194
1.855527
-0.902507
0.755104
1.789465
2.530867
1.249046
-2.341703
1.315614
-2.920764
-1.229181
1.815775
-3.037800
2.325901
-2.761086
2.245537
-2.000559
-2.622447
1.152572
-0.799482
-1.530003
2.721713
-2.613518
1.385448
-0.225277
0.295441
0.514451
-1.412141
1.815775
0.785398
-1.347320
0.061148
0.363979
0.235545
1.854590
2.961739
2.485897
-2.158799
1.061725
-0.110657
-1.402199
-1.320818
2.384758
-1.980924
-2.164146
2.536048
-3.121595
-0.615620
2.388441
-2.184566
2.382504
-1.396124
0.101689
-1.174355
-1.990993
2.799977
-1.856848
-1.361156
-0.041643
-1.911178
-0.302885
1.354246
-1.921111
-3.075024
-0.136403
-2.746802
2.999696
1.340892
-0.988891
-1.570796
-3.019750
1.271020
3.039904
-0.813962
2.034444
2.990577
-1.152572
-2.532429
1.932000
2.131483
-0.136403
2.257921
0.815692
2.248505
2.385598
-1.222025
1.457645
0.740652
-1.478467
0.181649
-1.451367
-0.301619
0.444419
1.529154
3.067654
1.181480
-2.453448
-2.913096
2.548243
2.584993
-2.239839
-1.074374
1.972667
2.275290
-1.065506
-1.249046
1.570796
2.871743
0.463648
2.277411
2.222665
2.077895
1.723446
1.570796
1.833791
0.185348
-2.624898
-0.977446
-1.099019
0.965252
2.205823
-2.279423
-2.245537
-0.581905
0.047583
3.141593
-1.916352
2.370278
-2.749893
-2.063282
-0.481664
-0.939106
-1.428899
0.988443
2.957649
-1.528269
-2.439336
-0.948126
-0.915101
1.846222
1.186627
-1.236059
-1.794273
-1.295370
1.824470
2.289626
-3.101614
-0.214061
1.242243
2.034444
-1.124691
-0.886502
-0.176709
0.521434
2.647651
-0.837981
3.141593
-2.311448
2.677945
0.259332
-2.001935
0.654571
-1.396124
-2.948381
1.745469
0.770015
1.647568
-1.079633
-3.082837
2.079867
-1.829049
-2.205823
1.494024
1.441886
1.030377
2.716760
2.121182
-0.088656
3.141593
-2.343537
3.085049
2.591207
-2.723368
2.460294
2.356194
1.069783
1.316428
-2.833540
1.978945
-1.040023
-1.044169
-1.570796
-1.781890
-2.414950
0.333244
-1.989021
-2.580906
2.000559
0.042528
-2.169215
2.235571
-2.892341
0.020405
-2.630362
-1.287002
1.467004
2.399645
0.598419
-1.513168
1.570796
1.869295
-3.099950
3.088072
-0.697391
-0.825377
-2.687291
-3.039904
1.107149
0.661043
1.951303
2.871743
-2.263131
0.661043
-1.412141
-2.634494
0.244979
3.002497
1.898916
0.205395
2.158799
-0.635027
-1.858078
0.244979
-2.604682
-3.079174
0.416065
-1.886412
0.039979
-0.887605
1.764008
0.000000
-0.752077
-2.886410
-0.489957
0.999459
0.356220
-0.756835
2.449671
0.021273
0.625485
2.614965
1.056345
0.631691
1.549966
1.388628
2.140837
-1.663126
0.748378
2.559688
-0.039979
2.430683
-2.326791
-2.991780
2.326791
1.261093
-2.148698
1.685673
0.704494
-0.361204
0.037020
-0.514451
-2.226492
0.943488
2.071810
1.020410
-1.306308
-1.921111
-0.437791
-1.054101
-0.769006
2.863293
-2.198105
-2.396173
-1.838707
2.505084
3.060141
