1.892547
-2.006150
1.980924
2.852089
1.348135
-2.480549
0.384169
2.951604
-2.169215
-1.532354
0.526627
1.978428
-0.291457
-2.940638
-2.487022
0.842479
0.706199
2.914794
2.794531
-2.855541
2.925042
0.588003
-0.347062
-1.193887
-2.408778
-2.343537
2.993743
1.590025
-2.956245
-0.446842
-0.859887
3.124051
1.986861
-0.244979
-1.012197
-1.340892
1.911178
-0.876058
2.316216
-1.030377
-0.674741
2.743965
1.509648
-2.342111
-2.806856
-2.956245
-1.037088
0.521834
-2.275290
2.295662
-0.643501
-3.099065
2.640579
1.382575
2.242402
0.799890
-1.345520
-2.868584
-1.779262
1.315614
0.255182
0.491164
2.767866
-0.998337
-2.394151
-2.384758
-1.739393
-2.951604
-1.051650
-2.283857
0.179853
-2.613518
-2.863293
2.283154
2.070143
0.700854
2.604308
0.756835
-0.785398
1.171281
-1.892547
0.235545
0.740652
1.531601
-0.674741
2.877104
1.116952
0.021736
-2.508844
-3.037800
-1.589662
1.209593
2.645170
-0.987720
-2.825977
-2.955106
2.115077
-1.168475
-2.341703
0.772066
0.847817
-0.147849
-2.901850
-2.142134
-3.024484
1.552280
1.489344
-2.652740
0.844154
1.951303
-2.330559
1.947706
-0.114877
-0.631691
0.076772
1.752445
0.376909
0.042528
1.613324
2.399645
1.295370
0.472497
-1.236851
0.000000
2.411693
-3.080444
-2.174026
-0.255182
-2.313966
0.205395
-2.686492
-2.920764
2.940276
-1.436985
1.125495
2.713329
0.638914
-0.193211
-0.302885
0.315616
2.451793
1.846222
2.265535
1.287002
-1.702112
-2.418613
1.530003
-0.211093
-0.363147
0.380506
0.482513
1.116077
1.419781
0.823355
-0.647392
-1.063698
-2.475623
1.990993
2.463473
0.988443
-1.145964
1.784857
1.746736
-2.424581
-0.394791
-1.856848
-2.516957
2.007423
1.134169
3.028865
2.629203
2.253988
-2.610819
-2.085248
-0.135528
0.141897
-0.828849
-3.108272
-0.915101
-1.428899
2.731465
-1.004067
2.764683
1.455920
2.573488
-2.634494
-0.728317
-2.330559
-0.982794
-2.437099
0.661043
-2.234842
-2.198105
-1.242676
0.133811
2.993743
2.695487
-1.764418
-0.814801
-3.066264
1.476735
2.414950
0.436627
2.060754
0.625485
-1.014630
-0.576375
0.394791
2.501823
1.115696
-0.831519
-0.295441
-2.580906
2.627141
-1.849096
-1.756144
3.049263
-0.563316
-1.649067
-1.984486
-0.255182
-2.855541
0.384169
-0.823355
2.381830
-0.420197
-2.831890
1.455920
1.937970
-1.489344
-2.451793
-1.182478
0.333945
-2.396173
0.185348
-1.186627
0.165149
2.383215
3.039904
-2.916316
-0.647392
-1.842942
-2.505754
-1.999060
0.741947
0.556599
2.225367
-2.170847
0.040794
0.655696
-0.717012
0.384605
2.721396
-2.000559
0.021273
-0.128911
-2.963500
-0.289504
-2.838708
-0.043451
1.214176
-1.236059
1.867861
2.640579
0.659310
-0.674741
2.316216
3.102397
1.416478
-0.463648
2.976444
-1.997424
-1.661456
0.407632
-0.057628
2.424581
0.702257
-1.320818
2.877104
2.493781
-3.088072
2.356194
0.429762
2.920764
1.703348
0.726642
-0.532844
1.664858
0.770474
-0.946161
-1.820383
0.293187
-2.008588
-0.244979
2.906048
0.428264
-2.426501
0.724866
-0.103792
-2.604308
1.699707
2.607884
0.000000
0.896055
-2.265535
-0.927295
-1.044169
-0.278300
0.651077
-3.002497
2.071810
-1.311465
2.906048
-2.341703
-1.527345
2.050971
1.611590
0.713061
2.972996
1.591202
2.064738
0.651869
1.532354
-1.772559
-1.922841
1.718646
-0.079830
-1.287002
2.988943
-2.043293
0.141897
-1.223735
2.270689
1.249046
-2.482283
1.389147
0.773053
-2.342862
-2.601173
-1.781890
-1.530818
-1.356736
2.399645
-1.405648
-2.356194
-1.345520
-1.236851
-2.034444
0.785398
2.214297
2.184566
-0.101689
-0.472907
-0.291457
2.587285
-2.218608
-0.214061
-1.911178
1.873681
2.100386
2.369527
1.315614
2.268187
1.789465
-1.933943
2.424581
0.249979
-0.239743
-1.652248
3.141593
-2.169972
1.983207
-0.295441
1.037088
2.210182
-2.117585
0.593750
1.347320
-2.287808
1.825164
-2.399645
0.481664
0.489957
-0.970746
0.491164
-2.814192
-0.291457
-2.329174
2.871743
0.726642
1.505671
-1.532354
-1.951303
2.205823
-1.284745
2.034444
0.058756
0.708626
0.399515
-0.308053
1.079633
2.979755
-1.739003
-1.037952
-0.919720
-0.463648
3.141593
-2.184566
2.532429
-2.677945
-1.275355
1.825979
1.133005
-0.437791
-1.607144
2.806856
-1.467004
-2.959944
2.780389
-1.218752
-1.142532
-0.896055
2.767866
-1.971037
0.971621
1.992801
0.816638
-2.306236
-0.488852
0.965252
-0.222661
1.570796
1.965587
-1.179096
-0.205395
-2.422763
0.613770
1.690225
2.164546
-1.418147
-0.940395
-0.799482
1.965587
-2.687291
1.402199
2.129396
2.299114
-0.501013
0.893088
-2.525973
-0.455451
-0.239743
-0.446106
0.239743
-2.074423
0.635838
-0.114877
-2.164146
-1.647568
-1.515298
1.369479
-1.402590
-1.231504
0.435353
-2.873682
2.291768
-1.478467
-1.549523
-0.868539
2.164146
2.092231
-2.536048
2.839974
2.958482
-1.932000
-0.643501
-0.075329
1.485895
1.138389
0.473356
1.549523
-1.695151
-0.859887
-0.943488
-1.732634
-1.117458
-1.853892
0.622671
2.785373
-2.181522
3.056691
-1.408959
2.906870
1.242676
-1.530818
2.846152
-2.979755
2.356194
-2.175102
0.931410
-0.615620
2.343208
-1.325818
-2.163799
-1.869295
2.225367
-1.330625
2.034444
1.999060
2.184566
0.577192
1.441094
2.521343
1.340892
2.632522
2.855541
-1.551191
2.430683
-1.745469
-1.627340
0.454719
-1.081944
3.141593
-2.839974
-0.617756
-3.063322
-1.922841
2.559240
-1.643396
-2.198105
-2.356194
0.815692
2.490516
-1.732634
-0.728317
1.720609
2.164546
1.399417
-0.697391
2.060754
0.078271
1.962496
-2.706239
0.684295
-0.347062
0.708626
-2.228685
-0.491164
1.302886
-1.962496
0.095859
-2.761086
2.297439
0.454719
1.947706
1.078311
-0.244979
2.193467
-2.382504
-1.856848
2.451793
-2.553590
0.099669
1.190290
-1.954966
-1.752445
-2.074423
-0.208465
3.103150
-3.081664
-3.037800
0.514451
-0.147849
-2.806856
-1.026964
-2.494201
-0.708626
-2.490516
-2.548243
1.026964
1.721812
-0.639386
-0.876058
-2.731465
-2.677945
0.099669
-2.961739
-3.026716
1.209593
-2.457298
1.924794
2.075658
0.289504
-2.777614
2.711830
0.958259
-0.537285
0.084902
-2.260596
-1.990993
-1.685673
-1.791625
-1.940702
-2.501823
1.776192
-2.356194
-2.326791
2.877104
-2.731465
-0.056543
-2.411693
-2.460294
0.674741
0.953041
-0.482513
-1.325818
-1.820383
1.990993
0.501013
-1.550391
2.761086
1.186627
3.022164
0.097727
3.034857
2.725528
2.559688
-2.283857
1.339706
1.570796
0.139096
-2.813854
-2.999696
-3.007782
-2.944197
2.494201
-1.061725
2.060754
-1.811331
-1.530818
-2.927532
-2.287808
-1.390943
-0.472497
-1.214176
-0.855705
2.570255
1.138389
2.518922
-2.342497
1.592532
1.079633
-0.571337
0.058756
-0.839400
-2.383215
-0.743170
-1.525373
2.591207
2.852089
1.186627
2.630362
-1.611590
-0.368696
-2.868584
-0.445301
-0.161837
-0.066568
-2.799977
-1.634540
2.245537
2.079867
-2.857799
-2.614965
1.867861
-0.689800
0.868539
-2.940276
2.369527
-2.410196
-0.418224
1.186627
0.523919
-0.684295
3.099950
-2.016097
-1.646125
1.732634
-3.043866
-0.799482
