-0.463648
2.142134
-1.340892
1.249046
1.107149
-0.890275
-1.414194
1.418147
-2.356194
-0.859887
-3.012682
-0.988443
-0.222082
1.570796
-0.826471
-1.804540
0.076772
-0.962994
-1.922841
-0.037718
1.284745
-2.343208
-1.181480
1.661456
1.892547
-1.366778
1.249046
0.000000
-2.642246
0.185348
0.390607
-1.147942
-2.896614
-1.898916
1.369034
3.141593
-2.669471
-0.399515
2.920764
2.533791
2.089942
2.761086
1.387686
0.212938
0.094952
-0.600050
0.039979
1.030377
0.019605
-2.677945
1.919567
-1.436985
0.750929
-2.181522
2.880990
-0.593750
-0.571337
-0.110657
-2.089942
1.530818
-1.292497
1.739898
0.482513
-0.708626
-0.094952
0.992894
-0.568525
-1.163165
-2.553590
-0.463648
0.420663
2.994514
-2.482787
-2.966920
1.345520
2.034444
1.866237
-0.043451
2.796037
0.404892
-2.034444
2.736701
0.499347
1.325818
-0.885067
-1.089909
1.983207
1.815775
2.757423
-3.100799
-0.551655
-0.582353
0.226799
0.785398
-1.633215
1.772113
-1.385448
3.104573
-1.649067
-2.622447
-1.936544
-1.999060
-2.195432
2.677945
0.488852
-0.562498
1.508378
2.428532
2.731465
-0.411065
2.256526
3.100799
2.659079
2.819842
-2.014245
-2.914794
1.469107
2.466852
-1.989021
2.375060
-0.237836
-1.992801
-2.727086
1.892547
2.956245
-0.352990
-2.393215
2.233526
-1.997424
-1.880499
2.103640
-0.267910
-1.446441
1.630724
1.436985
0.385883
0.000000
0.832981
-0.231091
-0.743170
0.519146
-0.074860
-0.801790
-2.571552
-2.070143
2.356194
2.268699
2.677945
0.350728
-2.819842
-0.128323
-2.488746
0.622671
1.721168
2.661418
0.291457
2.569133
-0.529590
1.990993
0.000000
0.480887
-0.893088
2.757423
-0.828849
0.708626
-1.699120
0.510488
-0.183111
-0.094952
0.825377
-2.832662
-0.474400
0.358771
-2.626044
2.995580
-1.026964
0.732815
0.214061
-0.161375
-0.982794
-1.017955
-1.399417
0.042528
-3.041924
1.467715
-1.570796
-2.289626
0.507099
3.141593
-0.856706
0.785398
0.966491
-2.702733
-2.158799
-0.915101
1.550799
0.718830
2.953371
-2.063282
0.138006
-2.356194
1.431700
1.279340
2.214297
-2.473303
0.800322
1.441094
1.999060
2.571552
-1.115345
0.114877
0.321751
0.132552
-2.661418
-0.982794
-1.295370
-2.199593
-1.398606
-0.697391
-3.099065
-2.236766
-2.919511
2.537287
-1.082960
-0.509071
-0.785398
-1.837048
1.130954
-1.037952
-0.354706
-2.927532
-0.293589
-2.116451
1.142532
1.157107
2.677945
-1.035841
2.383215
-0.560687
-3.030935
0.859887
-2.736701
1.325818
-2.181522
2.935269
-2.256526
2.863293
-0.321751
-0.785398
2.914794
0.321751
2.719588
-2.050316
-1.208252
-0.945311
-1.973117
0.315215
0.445301
0.413689
2.111216
0.402321
-2.356194
1.412141
-1.824470
-0.315616
-1.160669
-2.158799
1.552941
-2.158799
-2.390664
-2.620158
-2.694750
-3.120319
1.141034
-1.169568
2.677945
2.509902
-2.007423
-2.064738
-0.154997
-2.342497
1.943784
-2.896614
-2.453448
-3.067654
0.253674
-0.573441
0.234723
-1.222025
-0.988443
-0.043451
0.785398
0.298499
2.129396
-3.022164
2.005467
0.909753
-0.678119
-1.148791
0.295441
-1.325818
-0.911486
-2.001935
-2.043293
1.088283
1.478467
2.677945
0.741947
0.565149
3.030935
-0.374334
-1.107149
1.789465
0.687124
2.512796
-2.922924
1.419781
1.457004
-3.024484
-0.876058
-0.668289
0.234723
-2.982937
2.356194
2.025098
0.333945
-0.893088
1.532354
-1.439481
2.268187
-2.677945
1.122073
1.482140
-2.316216
0.447520
-0.942000
2.831890
-1.504228
-2.016902
-1.080839
2.181522
-1.373401
1.570796
2.422763
0.201762
1.069783
2.986596
1.903416
2.768605
2.516957
0.404892
0.099669
-1.359703
-0.718830
2.463473
-0.903490
1.295370
-1.116494
0.197396
1.570796
3.141593
2.122451
0.486899
-2.454468
-1.190290
-2.582993
-0.643501
2.459276
-0.799890
0.624635
0.982794
-0.369334
-1.365401
3.141593
-1.039072
-0.785398
0.588003
-1.951303
-1.592070
-0.368696
-1.325818
-2.242402
-0.514451
2.882261
-1.673878
-2.007423
0.020830
-1.425984
-2.085248
-0.599175
2.613518
-0.605545
-1.704607
2.966920
1.892547
2.034444
0.770906
-1.820048
-2.637966
2.444202
0.214061
1.975688
0.393058
-3.053585
1.672485
-0.670522
0.343024
2.660705
-1.997424
-2.018941
-1.638873
-1.231504
0.283794
1.791625
-1.666655
0.493941
-2.446854
-0.418224
-2.257921
-1.222025
-1.760785
-1.910089
-1.197809
-1.676781
-1.182478
2.181522
-0.704494
-2.731465
1.913820
0.572460
2.082027
0.691921
-1.717875
-1.434394
0.105984
-1.815775
-2.260596
2.277411
1.608514
2.015216
2.736701
1.820048
-0.900275
-2.432966
-2.205823
1.570796
0.670522
-0.090660
0.000000
-0.972377
1.107149
-1.325818
-0.228497
-2.649107
1.441094
1.063698
-0.961633
0.423669
-2.218188
-2.158799
1.107149
0.000000
-2.553590
-2.727903
1.661456
2.196281
3.123076
-0.278300
-2.329885
1.570796
-3.028442
-2.199593
0.000000
-0.927295
2.356194
1.685673
2.607884
2.944197
-0.058756
2.966920
2.116451
-2.147989
-2.530867
0.694738
-1.518213
-2.929161
-0.671963
3.061763
-1.099019
-0.919720
-1.687905
-0.615620
-1.937970
2.976444
-3.067654
-1.742175
0.997830
-1.287002
-1.695151
-0.758378
2.784973
-0.771315
-2.399645
0.990040
-3.095115
-2.018316
1.732634
0.785398
-2.319174
1.825979
-1.731559
-2.148698
-2.754069
-2.089942
-2.188552
-1.551191
1.259798
2.697173
-1.570796
-0.674741
2.838708
-1.810967
1.249046
-2.871743
-1.249046
-1.642104
3.003587
-1.272297
1.390943
-1.107149
0.365747
3.141593
-0.543832
-0.865228
0.266252
-1.608514
0.832981
2.289626
-1.570796
-1.016489
-1.745469
1.136843
-2.356194
-1.513716
-0.909753
0.680521
-0.519146
-0.352990
0.039979
3.141593
0.019228
-0.398522
2.218188
-0.620249
-0.202322
-0.345556
2.761086
-1.249046
1.856848
1.171281
-1.501142
-2.356194
-0.259332
-0.267910
1.937970
-0.526627
2.473303
3.020969
-1.820383
-0.094952
0.148890
2.659929
-1.780436
2.844528
-2.042918
1.892547
1.190290
0.851966
-1.269876
1.001483
-0.214061
-0.689800
-2.315122
0.437791
-1.523213
-2.149321
0.499347
1.042722
0.220829
-0.741947
-1.973117
-0.039196
-2.922924
0.335639
1.768192
3.067654
-2.242402
1.462526
-0.942000
-1.849096
3.067654
-1.023234
3.050933
2.985998
-1.793457
2.406998
-3.103875
0.966491
-0.501604
-0.916226
-3.102397
2.543174
1.255181
0.197396
-2.659929
3.100799
-0.309703
2.733961
-1.637364
-1.881795
1.700499
-1.016489
2.843094
-2.489724
-1.325818
-2.579095
1.381597
1.499489
0.889498
-2.132718
-1.460139
2.831890
2.594030
2.422763
-0.744325
1.026516
-0.708626
-3.105894
-1.339706
1.078311
-1.679067
3.024484
0.170735
-0.674741
0.571337
-2.405335
1.499489
1.179096
-1.124691
2.446854
-3.026716
2.518393
2.686873
2.887225
-2.601173
-1.266795
-0.855705
-1.216799
1.835285
2.720173
-2.482787
-2.236766
0.078271
1.349482
0.853785
-0.491164
2.459276
-2.882261
2.122451
-0.841942
0.145310
-2.094075
-0.659310
1.551191
0.851966
-1.120135
-0.890275
3.104573
1.320818
0.321751
-0.065125
3.041924
2.262718
2.055274
-2.884269
2.198105
-0.099669
-0.652847
-1.961403
-1.538549
