0.175940
2.639502
-2.505754
2.980830
0.207496
-2.922924
2.813473
1.549523
2.687749
-1.037952
2.152701
-1.607816
-0.107690
-3.038511
0.901753
0.938047
0.455774
-2.767866
-3.047531
0.308053
2.892341
0.922985
1.723446
-1.495467
-2.356194
0.240171
2.961739
-1.541393
0.076772
0.252554
-2.723368
1.205049
-1.512041
-0.856706
-1.131937
1.629552
-1.759995
-2.592218
1.355981
-0.168207
-2.356194
-0.670522
-1.155304
-2.327631
0.842479
0.436627
0.785398
2.374374
-2.170847
-1.653938
0.278300
-1.047518
2.837082
1.838707
2.733444
-2.183334
-2.850136
-0.463648
-0.856706
-2.570255
-0.254368
2.813473
-1.227772
0.684295
-2.910502
-0.799096
2.092231
-1.999574
0.113792
2.120171
-1.957672
0.933248
-1.249046
-0.428778
1.369479
2.449258
1.541393
1.004067
1.410034
1.089133
-1.338692
-1.072974
1.570796
-0.423669
-0.369906
0.832981
2.505084
0.873775
2.446854
0.574305
0.144812
-2.933127
-1.768192
-2.548243
2.774419
0.655696
-3.102397
-1.099336
-2.787595
-1.551931
1.878849
-2.391474
-0.631079
1.362331
0.168597
-0.967566
-0.844154
-2.843094
1.030377
3.090789
2.651635
0.844154
2.937575
-2.624561
2.587285
-0.076772
2.831890
0.938047
3.124353
-0.811034
-1.898916
1.212026
0.876058
2.034444
-1.750650
1.432790
1.675673
-0.294235
-1.209593
2.658146
0.922985
-2.920764
0.631079
2.086345
1.703348
2.016902
-2.627141
-1.208252
2.006150
2.070143
-1.275355
-1.045213
-0.588003
2.252095
1.807645
2.973386
2.369181
1.122073
-0.767856
2.642246
-0.088007
-0.258252
2.780389
-0.463648
1.390943
0.212432
-0.756835
2.515331
-1.496857
0.873406
-0.497343
2.320066
3.123737
2.179960
0.231091
3.082837
0.702257
2.108081
0.755995
0.302885
-0.768451
-0.096474
2.070143
-1.570796
-0.609163
-2.137526
-1.789465
2.451793
2.853537
-0.545655
-2.453921
-1.242243
-2.643770
-2.303611
2.224879
1.784857
1.115696
-2.761086
-1.448954
1.775438
1.467004
-2.988943
1.892547
1.855527
2.104505
-2.999696
-0.931027
1.698306
-0.507099
-0.977794
-0.862170
-2.317253
1.843805
-2.631104
-1.107149
-1.750650
-1.423718
0.651077
2.501823
2.594030
-2.230106
-2.665125
1.176005
1.359703
0.785398
0.436627
1.892547
2.860755
-0.517032
1.815775
-0.107690
-1.609992
-2.859821
-0.404892
-3.017238
3.027801
-1.597817
1.176005
2.114629
3.123413
-2.064738
-1.644735
1.040023
-1.330625
1.197809
-0.627308
-2.127396
-1.116952
-1.423718
-2.146221
-0.019605
-2.466852
-2.089942
0.244979
0.593750
1.512041
2.844528
1.325818
-2.723368
2.297439
-0.662730
-2.067219
-2.089942
-1.815775
-3.063322
2.147989
2.819842
-2.597760
-2.422763
-0.339293
-0.269849
-1.635223
-2.137526
-1.494024
-0.950547
-0.377249
2.205823
2.956245
0.141897
2.768605
0.189199
-0.432408
-0.968509
0.598419
0.574305
0.218669
-2.587285
2.267818
2.961739
-1.254510
-0.934288
1.471128
-2.782822
-0.165149
-2.632522
0.876058
0.262120
2.485897
-1.339706
2.265535
1.683524
-2.329885
0.119429
2.431054
2.372586
-2.403778
-2.356194
0.418224
2.330559
-0.574305
0.896055
-1.197070
0.039196
2.880990
2.178598
1.661456
-0.412410
-1.517276
-2.553590
2.614965
-1.806341
-1.825164
-0.365747
-1.731559
-3.058451
-0.688924
2.143762
2.034444
-0.903490
-0.385158
0.554307
0.598419
2.819842
1.330625
0.418224
-1.057190
-0.614663
0.643501
-2.018941
1.821239
-2.992703
2.174026
0.882651
2.970857
-0.131315
-2.643770
-2.519290
2.187988
-2.819842
1.051650
-1.209067
0.473851
0.893088
-2.741352
-2.870646
1.530818
-1.212026
0.169101
1.992216
-0.321751
0.058756
1.948045
1.878849
1.369479
0.436627
-2.265535
-1.797595
-1.849096
0.893088
1.764755
-2.356194
3.064821
2.896614
-1.706324
-1.209960
1.270625
-0.463648
3.026716
-0.588003
-2.867933
1.471128
-1.071450
0.218669
2.490516
-2.474684
-0.785398
1.709892
0.380506
1.605265
-0.231091
-1.614247
0.356220
-2.543174
-0.565149
0.651077
1.471128
0.456072
-2.787595
-0.281772
0.610726
1.089909
2.588298
-1.525373
-1.612439
2.642246
-2.537287
-0.463648
-2.105751
-2.922924
-2.209116
-0.540420
-1.977767
1.190290
2.120171
-0.090660
0.000000
2.832662
2.231839
0.380506
-2.669096
1.359703
2.025098
-0.136403
-0.168597
1.917858
-2.236766
-2.356194
2.146221
-2.253988
0.414507
-0.278300
-2.003204
1.876675
-1.255181
-2.553590
2.236766
-1.626295
-1.772113
2.699218
-1.237552
1.460139
-1.554131
2.402316
-1.249046
0.283794
-0.643501
-2.843094
-0.106736
-1.842942
-0.815692
2.420621
-0.348771
3.099950
-2.480549
2.766322
-0.543832
2.195432
-0.367174
1.408597
-0.509071
-2.356194
3.105245
-2.302193
-1.405648
-2.443690
-0.678119
1.025141
-0.728317
-1.046877
-2.217844
0.491164
2.498092
-0.226799
-1.304544
1.708802
-1.862253
-1.264917
0.605545
3.086094
2.754717
1.729452
-0.280838
-2.713329
2.169972
-0.328120
0.293589
-1.055724
-1.609239
0.000000
-0.772066
0.577192
-2.601173
-1.348135
-1.072974
2.289626
2.176341
2.277411
-2.770701
2.527823
2.490516
2.356194
-1.380808
-2.214297
1.980924
-0.931410
1.347320
1.325818
-3.075024
0.463648
1.237552
-0.896055
-2.979755
-1.673003
-2.291350
2.743070
-2.518393
-0.078271
2.342111
-0.094952
0.429762
1.854590
-0.167896
0.593350
-1.367751
1.510264
-2.596729
1.712693
2.184004
2.797374
-1.781890
-2.860360
-0.309703
-1.182478
2.734337
2.638749
2.203545
-0.769006
-2.750986
-1.917335
-0.135528
1.806341
-0.130827
-3.024484
-2.413275
-2.129396
-0.992894
2.984991
-1.627340
0.674741
0.000000
2.097424
-1.874797
-0.502090
2.446854
-0.540420
-0.463648
1.363300
-2.368540
-1.990993
1.661456
0.909753
-1.606495
-0.121842
-1.726391
-2.997151
1.659452
1.463106
-2.123638
-1.892547
2.158799
2.142134
-0.745419
3.120319
-1.644735
0.835357
0.868539
-0.287281
-1.307802
0.361204
-1.672485
-2.809533
2.230106
-1.854590
0.813962
-2.214297
0.909753
-0.121352
0.000000
-2.372586
-1.434394
2.356194
-2.906870
-2.701750
-0.345556
2.714965
-1.719686
-1.301629
-0.018180
1.622474
2.003204
-1.535097
2.620158
-1.179096
-0.598419
-1.008298
-0.785398
0.995372
-0.423669
-0.429762
-2.720173
-0.487836
2.018316
1.422947
-1.074374
-1.222025
2.545394
0.743170
-2.914794
1.834760
2.536048
-1.292497
2.101570
2.181522
1.071450
-0.348771
-0.993604
2.607197
-0.970746
-0.990040
2.597760
-0.228103
-0.104877
2.909489
0.052583
-0.876058
0.000000
-0.053520
-1.393200
1.570796
1.774814
2.576443
-2.008588
-0.269849
2.725154
-2.101570
0.262995
-0.096474
-2.918116
2.341703
-2.477546
-0.927295
0.154997
-1.160669
-2.279423
-0.136403
-3.064821
1.474937
0.066568
-0.278300
2.148698
2.906048
2.677945
-1.726391
-1.034361
2.317752
-2.168555
2.125104
-0.364735
-0.218669
2.422763
-2.084402
2.270689
0.600050
0.988057
0.577902
-2.835714
0.000000
1.610775
0.283794
0.020830
-2.196281
-2.070143
2.153536
1.785612
0.604306
-0.732815
-0.117109
-2.047264
0.507099
2.273053
2.944197
-0.750929
-1.226149
-2.463473
-1.304544
3.099065
-0.507099
-2.701750
-2.835714
-0.423669
