-1.797595
2.936951
2.507210
1.335251
0.540420
-1.811331
3.123413
-2.236766
0.571337
1.212026
-2.356194
2.853537
-2.284887
-1.362331
0.155595
2.819842
0.090660
2.993743
0.825377
-2.901422
-0.971621
-1.301629
1.004067
0.495133
-2.434978
0.694738
-1.768192
-3.087101
-2.848680
-2.034444
-3.009041
-1.419781
1.405648
1.325818
-1.223735
2.505084
0.226799
1.532354
-0.499347
0.898549
-2.197058
-0.799096
-0.295441
2.304957
-1.570796
2.133294
-2.342111
1.880499
-2.286540
1.203622
-2.356194
0.588003
-0.165149
-2.214297
-2.141180
-0.523919
0.472497
-1.948045
-1.480136
-3.010277
-2.613518
2.836600
1.570796
-0.785398
1.549523
-2.049149
-2.180255
-2.604006
2.485897
-1.602036
0.035699
3.110353
2.669096
-2.034444
1.178456
-2.645170
-2.422763
0.853785
-2.320066
-1.768192
0.627629
-1.924794
2.863293
0.235545
0.654571
-1.882838
-0.404892
0.132552
-2.791278
-1.699707
1.811331
0.599175
-1.183921
-2.669815
-2.394151
-1.886767
1.975688
-2.850136
-2.670133
-2.259721
-0.540420
2.068913
-1.683524
-2.217555
1.163165
-1.292497
-0.117109
0.870903
1.815775
1.310194
2.855541
1.659846
-2.041963
-1.805519
-1.589662
2.169215
-0.174672
-1.519993
2.582993
2.094716
1.688888
3.087101
-2.677945
0.878462
-0.715092
-2.542417
-1.044169
0.068856
-0.446842
2.702733
-1.667270
-0.831876
-1.715609
1.849096
-1.243058
2.255413
1.880499
-2.102520
1.335251
-0.583077
3.141593
0.485622
-0.517032
-2.994514
-2.306236
-2.578276
-0.068856
-2.851746
-0.785398
-1.942505
-2.076087
-0.298499
0.893410
0.499347
-0.686818
-0.534395
0.855705
0.426627
-2.343537
0.352990
1.024007
-2.179960
0.554307
2.174026
-2.233223
0.117109
2.085869
2.317253
-2.694750
-2.107707
-1.730148
1.943784
-0.970083
2.210884
2.855541
-1.163540
1.446441
-2.884269
-2.553590
-0.354706
0.225277
1.152572
1.741532
-1.183273
1.945130
1.509648
2.070143
0.480887
-1.778293
-0.757628
2.317253
-0.946161
2.843094
-1.141034
2.210884
0.626261
0.158655
0.333945
-2.761086
0.643501
-0.216550
-1.983207
-0.455101
-3.104573
2.274027
-2.794207
-0.823355
-1.154358
-1.170556
1.768192
-2.214297
-1.243396
2.494201
-0.748378
2.636012
0.211093
1.281293
-1.622474
-0.934958
2.396173
-0.367174
2.072887
2.402673
-2.303611
1.784165
-0.269167
2.428532
2.863293
1.989021
1.866237
1.142848
0.062419
1.807042
0.593350
-0.226799
2.256526
2.976444
1.570796
-2.966920
2.582993
1.063698
0.086738
-0.283096
-1.107149
-0.762147
-0.519146
1.282741
2.341270
-0.965252
-0.714091
2.652740
2.026570
0.141897
-1.107149
0.062419
1.692639
1.792878
-2.867933
-2.618314
0.456605
0.038443
1.916352
0.746457
0.785398
0.236849
2.026868
3.049263
1.338692
0.304001
-2.108383
-0.855705
-2.572279
0.798056
-0.333945
-0.310998
-1.667270
-0.842806
0.021736
2.442400
0.000000
-3.030935
0.845566
-1.984127
-1.000413
1.013895
1.570796
1.971037
2.892006
2.582993
-2.421039
-1.074374
0.796387
2.772259
2.398423
-0.363147
2.469629
2.825307
-0.197396
0.785398
2.620158
2.487022
-0.333945
-0.927295
-2.702733
-2.201876
2.176341
1.927416
-2.442400
0.965252
-1.402199
-1.869295
0.772741
2.207305
-0.810393
-2.501505
-1.712693
2.111216
-2.491171
-3.040246
0.070061
1.134169
-1.685673
1.465919
-2.532429
-3.082837
-0.640356
0.139096
0.715744
2.041963
3.040246
1.514253
-1.159340
2.432966
-1.532354
2.240435
-2.768605
-2.018941
3.104573
1.533776
1.107149
-0.076772
-2.563691
-1.333948
-1.516305
-2.677945
0.159352
2.947634
0.463648
-1.514253
-2.401618
-0.463648
1.063698
2.393215
-0.059928
1.925502
1.292497
2.326791
-3.103150
-1.608514
-2.734337
-0.041643
1.904041
-3.107124
-1.538549
2.970857
2.061960
3.041924
2.329174
-0.018516
-2.516957
-0.683191
-1.054101
-0.885067
1.510868
0.952368
0.316286
-1.070129
-2.844528
2.163494
2.344147
3.068993
2.999696
0.558599
2.406153
0.826471
2.446854
-1.325818
-0.376909
2.356194
0.839400
0.278300
-1.536327
0.038443
-0.883672
0.463648
0.622303
-1.369842
-3.049263
1.263399
-2.455863
-2.148698
0.315215
-0.594214
-2.985998
1.218752
1.772113
-0.992894
0.563316
1.720609
2.381830
1.243396
-2.401618
1.239700
-2.967921
-1.321544
1.741532
3.086094
2.248183
-2.838708
2.274027
-2.087828
-2.718739
1.071450
-0.862170
-1.670465
2.677945
-2.734622
1.255181
-0.310387
0.236245
0.386337
-1.448601
1.774814
0.720554
-1.438245
-0.018516
0.244979
0.200954
1.768192
2.808348
2.424581
-2.245537
1.008875
-0.205395
-1.402590
-1.399417
2.343208
-2.019520
-2.265535
2.515331
3.015001
-0.654571
2.259721
-2.328424
2.308611
-1.416852
0.068856
-1.292497
-2.011547
2.643770
-1.915015
-1.474937
-0.033321
-2.051684
-0.333244
1.287701
-1.977767
3.033322
-0.216874
-2.790148
2.976444
1.317122
-1.115696
-1.672485
-3.106519
1.082960
2.987274
-0.851966
1.964247
2.882261
-1.236851
-2.622447
1.965587
1.975688
-0.244979
2.193099
0.758378
2.163799
2.320066
-1.311465
1.249046
0.643501
-1.552617
0.136403
-1.533776
-0.387524
0.380506
1.471128
2.979104
1.156289
-2.474684
-2.955106
2.432966
2.534988
-2.291350
-1.051650
1.886767
2.243044
-1.057544
-1.321544
1.514253
2.711830
0.356620
2.308611
2.135946
1.992801
1.699120
1.423718
1.781890
0.103082
-2.736701
-1.067170
-1.121536
0.851966
2.123638
-2.330559
-2.289626
-0.639770
0.000000
3.077166
-2.013899
2.329885
-2.836600
-2.087828
-0.562498
-0.987720
-1.533776
0.937163
2.826835
-1.512041
-2.521343
-1.046877
-1.006713
1.700499
1.083897
-1.284745
-1.838707
-1.373401
1.761981
2.176341
3.004526
-0.288055
1.139658
1.994465
-1.173717
-0.927295
-0.252554
0.394791
2.506566
-0.962994
3.067654
-2.419401
2.701750
0.244979
-2.064738
0.588003
-1.514253
-3.023501
1.675673
0.617756
1.604117
-1.159340
-3.103150
2.034444
-1.898197
-2.340323
1.467715
1.369479
0.948764
2.604682
2.016902
-0.144442
3.109346
-2.416363
3.002153
2.504522
-2.746802
2.404936
2.275290
0.918927
1.330262
-2.872425
1.815775
-1.156289
-1.115696
-1.683524
-1.808632
-2.458401
0.185348
-2.057696
-2.686142
1.951303
-0.040794
-2.248183
2.204429
-2.918932
-0.075329
-2.729182
-1.418147
1.325818
2.331809
0.578524
-1.570796
1.501940
1.881795
-3.124051
3.027338
-0.699193
-0.834140
-2.732155
3.037800
1.002692
0.551655
1.783228
2.853537
-2.284887
0.627629
-1.492830
-2.736701
0.204018
2.910502
1.815775
0.204018
2.098871
-0.720554
-2.016097
0.090660
-2.663240
3.125201
0.283794
-1.971037
0.064427
-1.027319
1.697388
-0.089050
-0.798384
-3.002497
-0.562498
0.958644
0.309703
-0.876058
2.299114
-0.121842
0.511231
2.487022
0.946161
0.575072
1.434394
1.241747
1.992801
-1.710236
0.698660
2.382504
-0.159352
2.315122
-2.421039
-3.123076
2.317253
1.196463
-2.172251
1.622474
0.725230
-0.409437
-0.031240
-0.610726
-2.329174
0.911168
1.968424
0.880996
-1.473069
-2.034444
-0.463648
-1.144169
-0.850242
2.838708
-2.267818
-2.432966
-1.965587
2.434685
2.981680
