1.785612
-2.043293
1.815775
2.743965
1.243396
-2.548895
0.333244
2.848406
-2.265535
-1.570796
0.422005
1.846602
-0.373727
-3.021484
-2.607197
0.772412
0.582353
2.858497
2.653756
-2.955106
2.905347
0.487836
-0.455451
-1.254826
-2.483704
-2.451146
2.873682
1.513168
-3.066264
-0.543190
-0.988057
3.036716
1.892547
-0.369906
-1.150600
-1.462135
1.833791
-0.923404
2.199593
-1.160669
-0.785398
2.632863
1.415201
-2.410196
-2.944197
-3.103875
-1.131937
0.399515
-2.356194
2.218188
-0.736656
3.019750
2.490516
1.304544
2.133294
0.729900
-1.408597
-2.922924
-1.820383
1.243058
0.152649
0.394791
2.677945
-1.081944
-2.466852
-2.449258
-1.825164
-3.066264
-1.249046
-2.381189
0.058756
-2.741352
-2.970214
2.193099
1.992801
0.581905
2.553590
0.654571
-0.887605
1.046877
-2.051684
0.141897
0.671606
1.473069
-0.759088
2.721396
1.046877
-0.043451
-2.646459
3.141593
-1.570796
1.107149
2.582993
-1.070129
-2.905347
-3.090789
1.989021
-1.343997
-2.454468
0.773053
0.684295
-0.278300
-3.005190
-2.233526
-3.122364
1.441886
1.380808
-2.729182
0.744325
1.789465
-2.548590
1.927416
-0.165149
-0.746457
0.000000
1.644735
0.291457
-0.020405
1.533776
2.312744
1.160669
0.404892
-1.317122
-0.139096
2.356194
3.045734
-2.256526
-0.333945
-2.410196
0.136403
-2.780756
-3.010277
2.878598
-1.515298
1.030377
2.660705
0.472907
-0.334737
-0.454719
0.244979
2.329885
1.791625
2.114629
1.190290
-1.841743
-2.553590
1.423718
-0.214815
-0.447520
0.259332
0.353997
0.982794
1.306308
0.785398
-0.747442
-1.180189
-2.568152
1.937970
2.356194
0.911486
-1.261093
1.687905
1.650626
-2.508844
-0.463648
-1.971037
-2.588751
1.892547
1.008298
2.944197
2.592218
2.217844
-2.701750
-2.210884
-0.255182
0.058756
-0.912908
3.105894
-1.040023
-1.506369
2.677945
-1.030377
2.627141
1.394087
2.472550
-2.743965
-0.799096
-2.446854
-1.065506
-2.527823
0.600050
-2.261243
-2.273053
-1.316428
0.035073
2.850136
2.548243
-1.829049
-0.935770
-3.106519
1.412141
2.292988
0.345556
2.025897
0.501013
-1.144169
-0.729900
0.293187
2.368852
1.006713
-0.988057
-0.473851
-2.685819
2.568152
-2.007423
-1.833791
2.970857
-0.694738
-1.760785
-2.153149
-0.333945
-2.951604
0.321751
-0.869536
2.341270
-0.550386
-2.909489
1.402590
1.837048
-1.609239
-2.505084
-1.230414
0.244979
-2.487022
0.035699
-1.309083
0.161837
2.356194
3.007782
-3.068993
-0.785398
-1.990993
-2.622447
-2.065930
0.628796
0.416439
2.134880
-2.343208
-0.021273
0.537285
-0.798731
0.264488
2.645170
-2.144237
-0.078271
-0.236245
-3.060141
-0.394791
-2.944197
-0.139096
1.161359
-1.307802
1.768192
2.516957
0.577192
-0.759088
2.263131
2.991780
1.306308
-0.710909
2.819842
-2.094716
-1.727398
0.286051
-0.153945
2.313966
0.612152
-1.460139
2.770701
2.397267
3.124645
2.253988
0.373727
2.819842
1.610775
0.598419
-0.718830
1.588036
0.647392
-0.998337
-1.898197
0.218669
-2.089942
-0.372988
2.792822
0.333244
-2.548590
0.615620
-0.139096
-2.694073
1.588976
2.508844
-0.099669
0.799482
-2.383215
-0.995372
-1.249046
-0.316286
0.552841
-3.081664
1.954966
-1.396124
2.778446
-2.397267
-1.589662
1.927416
1.495467
0.562498
2.806856
1.515298
1.917858
0.514451
1.439481
-1.912412
-1.971037
1.608514
-0.099669
-1.330262
2.909489
-2.195432
0.035699
-1.325818
2.210566
1.222025
-2.569133
1.236851
0.651077
-2.421039
-2.721396
-1.807645
-1.607816
-1.478467
2.302193
-1.532354
-2.478863
-1.480136
-1.348135
-2.129396
0.689800
2.147989
2.116963
-0.222661
-0.572460
-0.429762
2.478863
-2.342111
-0.358771
-2.009656
1.856848
1.975688
2.342497
1.127348
2.153536
1.647568
-1.996001
2.381189
0.200954
-0.384169
-1.739003
3.030935
-2.255091
1.843805
-0.384169
0.957026
2.104505
-2.245537
0.516695
1.255582
-2.394151
1.771751
-2.527823
0.376909
0.397628
-1.037088
0.376909
-2.858497
-0.409437
-2.417845
2.736701
0.643501
1.358364
-1.646125
-2.094716
2.089942
-1.334551
2.042918
-0.037020
0.612152
0.345556
-0.428264
1.004067
2.896614
-1.846602
-1.168475
-1.049362
-0.512389
3.005190
-2.224432
2.395136
-2.825977
-1.362331
1.687905
1.062067
-0.479519
-1.677532
2.695487
-1.588976
-3.039904
2.591207
-1.272297
-1.200890
-1.024007
2.654693
-2.058633
0.899190
1.937970
0.718830
-2.404936
-0.577192
0.835357
-0.288055
1.458069
1.886767
-1.302886
-0.283794
-2.521343
0.472497
1.590794
2.070143
-1.515298
-1.065506
-0.901753
1.886767
-2.782822
1.297788
2.016902
2.184566
-0.572460
0.785398
-2.634494
-0.577902
-0.410127
-0.534395
0.092329
-2.163799
0.624635
-0.144442
-2.242759
-1.726391
-1.605870
1.273732
-1.552617
-1.325818
0.315616
-2.910502
2.158799
-1.588036
-1.666655
-0.964191
2.104505
2.001935
-2.651635
2.739272
2.855541
-2.008588
-0.770906
-0.137066
1.373401
1.021422
0.340382
1.467004
-1.732995
-1.026964
-1.046877
-1.829049
-1.281293
-1.922241
0.507099
2.632522
-2.260596
2.991780
-1.516305
2.768605
1.197070
-1.643396
2.703801
-3.030935
2.225367
-2.287808
0.839400
-0.628796
2.178598
-1.433730
-2.248183
-1.931633
2.111216
-1.415201
1.935531
1.874797
2.067219
0.488852
1.345520
2.408778
1.176005
2.537287
2.732155
-1.715609
2.326791
-1.856848
-1.702112
0.384169
-1.154358
2.988943
-2.976444
-0.743170
3.123076
-2.018941
2.457298
-1.717875
-2.275290
-2.429235
0.684295
2.396173
-1.843805
-0.785398
1.625288
2.043293
1.282741
-0.826471
1.964247
0.036348
1.801887
-2.807648
0.593350
-0.437791
0.547562
-2.277411
-0.609163
1.180189
-2.077895
0.038443
-2.801211
2.175102
0.339293
1.843805
1.054101
-0.297064
2.111216
-2.494201
-1.971037
2.318238
-2.645170
0.000000
1.152572
-1.999060
-1.838707
-2.256526
-0.186487
2.947971
3.122727
-3.085049
0.416439
-0.293187
-2.906048
-1.074374
-2.516957
-0.844154
-2.588751
-2.710454
0.896055
1.591202
-0.759763
-1.001483
-2.837592
-2.771687
0.072599
-3.071532
-3.100799
1.124691
-2.559240
1.846602
1.912412
0.225277
-2.882261
2.604308
0.827627
-0.593003
-0.059928
-2.369527
-2.010639
-1.781890
-1.874797
-2.004378
-2.613518
1.715609
-2.463473
-2.428532
2.746802
-2.764683
-0.197396
-2.533791
-2.607884
0.566729
0.853785
-0.643501
-1.405648
-1.898197
1.933943
0.380506
-1.643396
2.719588
1.056345
2.873682
0.000000
2.922924
2.604682
2.444202
-2.316216
1.232473
1.455920
0.018866
-2.940638
-3.103150
3.141593
-3.087101
2.343208
-1.156289
2.000559
-1.887082
-1.609992
-2.976444
-2.472550
-1.462135
-0.588003
-1.292497
-0.955176
2.487022
1.030377
2.384758
-2.424581
1.434394
0.982794
-0.628796
-0.056543
-0.939106
-2.463884
-0.837981
-1.627340
2.483704
2.796037
1.065506
2.530867
-1.687905
-0.481664
-2.909489
-0.588003
-0.208465
-0.139096
-2.868584
-1.791625
2.153536
1.968424
-3.047531
-2.677945
1.815775
-0.785398
0.746457
-3.047531
2.265535
-2.527823
-0.582739
1.115696
0.404892
-0.756835
2.959944
-2.104505
-1.679458
1.644735
3.089010
-0.923404
