-3.102397
-2.134880
-2.669471
0.081452
1.115345
0.402321
-0.952652
0.772412
0.056543
0.473356
-1.936544
-0.426627
-2.101570
-1.012197
1.173168
2.559240
-2.868584
2.369892
2.632863
-1.495467
-1.033886
2.274027
1.165905
2.191046
-2.114274
-0.201317
0.896055
-2.217555
1.954966
-0.501013
2.808973
-2.260596
0.813169
0.253076
-0.018866
2.236766
0.039979
2.574863
-0.625485
0.618144
-0.615620
1.646125
-0.463648
-0.489957
1.789465
2.207305
3.141593
-2.320915
-1.768192
-1.670465
-1.330262
-2.089942
-1.855914
0.999459
3.036716
-2.944197
-1.163540
-1.460139
-1.922841
-0.126973
-2.826378
0.866302
-0.934958
0.771315
-1.858852
2.094075
-2.440333
1.533776
-2.632522
-1.860643
-2.936197
-0.968509
-0.643501
2.025098
-0.186487
2.277411
0.304992
0.101689
0.147849
2.813473
-1.917858
2.795457
-0.747442
-1.968424
0.220829
0.144812
-0.071307
2.369892
-2.670699
-1.366778
-1.989021
1.516305
-2.925042
0.759088
0.554996
0.122195
-0.773053
0.456348
-2.100386
-1.982253
2.281706
0.141897
1.962496
0.948493
0.554307
2.261243
-0.923749
2.900746
-2.122451
1.485895
0.627308
-3.012682
-1.815775
1.527345
-0.988891
-1.222025
-0.363979
1.243058
0.950547
-0.426627
1.467715
2.624898
2.461071
-1.659846
2.218608
-1.898197
-0.997356
-1.962496
0.893088
2.997151
2.548895
-0.339293
0.170735
-0.622671
-0.110657
3.105894
-2.863293
-2.892006
1.471128
-2.214297
3.141593
-3.124353
1.954966
-2.892630
1.768192
-2.872425
-1.929567
0.593003
2.904744
-0.942000
1.837048
-1.152572
0.097727
2.304957
-0.841519
-2.383965
-1.082960
1.302886
2.274027
2.058633
1.402199
0.998337
-1.091277
-1.854590
-2.771687
-0.280838
2.009656
-0.519146
-0.604306
-2.123638
1.345520
1.875789
-1.190290
2.547843
-2.133294
-0.463648
0.000000
0.855705
0.233743
-1.911178
0.982794
1.098299
-1.402590
-1.071450
1.917858
-0.953041
-1.903416
1.489344
0.946773
-2.586597
-1.881184
-0.830144
-1.266795
-1.707863
2.901422
-2.548243
0.643501
3.108272
0.193622
2.988943
-0.556599
2.153873
2.721396
-1.781890
-2.067219
0.892677
1.858852
0.033321
-1.985871
-2.472550
0.558599
-0.574305
1.030377
0.020405
-2.594030
1.279340
-2.601173
-2.214297
-0.785398
-0.358771
-1.829049
0.240171
-2.999696
2.914794
-1.402590
-2.568152
2.661418
0.908067
-1.107149
0.283794
-2.797374
-2.163224
1.704607
-1.220482
2.505084
-2.677945
-0.350314
-1.717875
-2.788602
-0.059928
-2.809533
-0.200653
-0.898833
-2.178598
3.123413
-2.568152
-2.111216
0.540420
-0.463648
2.636302
1.024007
2.652740
-0.393451
-0.447520
-0.954499
1.712693
3.010277
-2.646459
-3.124645
-1.837048
3.041924
-2.708011
-0.037718
0.503626
-2.719588
1.012197
-2.158799
-2.026570
1.992801
-0.084902
1.473069
-1.921111
-0.018180
-2.843094
-0.992272
2.534988
-2.277704
-0.283096
1.753907
-0.511231
-2.370278
2.743965
0.931882
1.186979
2.860755
-0.962994
-0.811708
1.787347
2.937575
-0.141897
-0.612152
-0.034469
-1.405648
0.249979
0.609163
0.628796
-2.277411
2.009656
1.098299
-2.620158
1.123954
0.710538
-2.122451
1.990993
-0.632749
0.179853
-0.560687
-1.338692
-0.370891
2.776858
-1.820775
-3.054097
0.128911
2.808973
-0.547562
-2.858497
2.988943
-1.483301
-1.833791
2.891614
0.197396
0.669043
-0.785398
-2.284887
2.976444
0.220494
3.071532
1.269876
3.066264
1.281293
0.668289
2.007423
-0.785398
-0.051678
2.732685
2.912361
1.212026
1.554131
2.330559
0.639386
1.871717
1.177346
-1.039072
0.295441
-1.141034
-2.089942
-0.477345
0.183943
2.660705
-2.594030
-2.172251
-2.464206
-1.266795
-0.487836
0.651077
-1.156289
2.313966
1.209960
-2.686492
-2.179960
-1.089133
1.060308
-3.049263
-2.444202
-1.735945
1.053764
-1.710236
0.018180
-1.091883
-1.992801
-0.225277
3.036716
-2.617673
0.386876
0.674741
-0.472907
-2.514284
-2.255091
-0.365747
-2.356194
1.987235
0.540420
-0.855705
2.764344
2.525296
-1.622474
1.171281
1.670465
1.453688
-2.918932
0.000000
-2.168555
-3.103150
1.663126
-3.041924
2.133294
2.514284
-3.063322
2.191046
-0.613770
2.087491
2.302193
2.118359
2.255091
-0.321751
-0.017855
1.947287
-1.380157
-1.397125
2.695487
-2.852089
0.236245
0.911168
-0.139096
-3.123737
-0.165149
1.837048
1.685673
-1.670465
0.278300
-0.987423
-2.368852
-0.038443
1.080839
-2.982241
0.809784
-2.458401
0.000000
2.381189
-0.862170
2.922924
2.315122
2.316216
2.570255
-0.343024
-0.321751
0.226799
-0.481664
1.589662
-2.403778
2.017639
1.193887
-1.152572
-2.424581
-1.550391
1.222025
1.163540
2.944197
-2.796037
-2.096380
2.051684
-2.407432
-0.061148
0.299776
0.834140
0.880996
-1.709892
-1.968424
-0.570040
-0.710538
0.193622
-0.880996
-1.299849
-0.822418
0.295441
-0.860258
1.784857
0.072599
-2.410196
-2.469629
-0.785398
-2.802300
2.825622
0.372988
2.725154
-1.206062
1.735945
-2.442400
-3.079174
1.629552
-0.840897
1.570796
-1.154358
2.439336
-0.171379
0.853785
0.446842
3.034857
-0.952652
3.105245
2.601173
-0.126592
-2.669815
-2.622447
-1.844456
-1.238177
-3.034857
2.878598
0.688145
-0.943488
-2.530867
3.034857
-2.356194
-2.853537
-0.816638
-0.759088
-0.710909
1.163540
3.076467
1.973117
-0.079830
1.377174
2.970857
1.663126
2.303611
-2.848406
2.616797
-2.709185
-0.609163
-1.160669
-0.785398
-1.001483
2.469986
-2.515331
-1.530818
-0.058756
3.088072
1.954966
-2.431054
2.958482
0.821527
-0.200954
2.261243
1.325818
-0.734161
2.525973
-2.576109
-2.612003
-2.052460
-1.774814
-2.098871
0.105984
0.927295
1.910089
1.607816
2.081285
2.802300
1.626295
-2.640925
-1.815775
-0.631691
-2.662073
0.333945
1.099019
0.482513
2.604682
0.593350
-0.206324
-0.898833
-0.845566
1.373401
2.077895
-2.677945
-0.991722
-1.570796
1.945130
-0.572460
3.014620
-1.226578
1.399417
-1.609239
-1.261093
-1.362331
-0.967566
-0.209640
-0.530773
2.516957
2.221218
0.463648
-2.883340
-3.124051
2.068619
-1.080839
-3.034857
-1.197070
-0.997356
-1.732634
2.289626
2.170847
2.573488
0.723748
3.045734
-0.321751
2.976444
0.710909
-1.927416
0.509071
-2.329174
2.886410
2.135946
0.480887
-2.808348
-1.992801
0.367174
-1.024630
-0.827627
0.717322
2.148698
2.780389
0.053520
1.071450
-1.044169
2.164546
-1.098674
-2.153536
-2.195432
-1.115696
-1.741532
0.982794
0.328553
0.664774
2.819842
-2.398423
1.200890
2.240435
-2.344701
2.064738
1.787347
0.558599
2.169972
2.067219
-3.121987
-1.133005
-0.425205
-1.862253
1.494024
1.321834
0.407256
1.941688
0.344647
1.339706
-0.982794
-1.433730
-3.077849
3.141593
1.726391
-3.108272
-1.150600
-2.061960
0.680521
1.886767
1.075245
-0.972377
-2.701750
-1.791625
0.664774
-2.947971
-0.825377
-1.359703
1.941688
1.984486
-0.653636
-1.739003
1.760785
1.183921
2.383215
-2.937575
-0.147078
0.321751
0.946161
0.743170
0.739277
0.957026
-2.669096
-2.494545
-2.072887
0.019228
2.579095
0.000000
0.445301
-1.590025
1.837048
-2.761086
1.438245
3.106519
2.253988
0.501013
0.038443
2.518922
-1.978052
