0.348771
-1.969319
0.558599
-0.352990
-1.438245
-0.412410
-9.996115
1.190290
-1.325818
-2.007423
-0.685730
-1.768192
-2.553590
0.519146
0.785398
-2.142134
-2.944197
0.927295
-0.950547
-1.325818
0.141897
-1.618379
-2.922924
0.982794
-1.570796
-10.099519
-2.553590
1.107149
-0.197396
-2.129396
1.892547
-0.655696
-2.944197
-9.507919
-1.373401
-2.553590
1.030377
-2.792822
2.677945
-2.782822
-3.690142
-2.007423
-9.501550
1.134169
-1.190290
-2.289626
1.313473
0.000000
-1.695151
0.702257
0.404892
-1.080839
-9.612999
-10.455155
-11.160723
0.956133
-2.574863
-2.804918
1.134169
-2.253113
-10.085821
-0.418224
2.158799
-0.881872
-9.529655
0.439843
-0.343024
-0.531724
-10.815721
1.989021
-1.165905
-10.947991
-10.995574
-9.491346
0.999459
-0.785398
-10.563167
-0.588003
-2.356194
0.412410
1.418147
-0.551655
-10.024828
-1.046001
-0.047583
-3.258701
-0.214061
-10.068279
-9.911677
-2.073640
-9.873501
0.394791
-0.942000
1.042722
1.570796
-0.478352
-1.063698
2.077895
-4.353618
0.000000
-1.616220
0.588003
-2.792822
-0.110657
2.214297
0.982794
-9.777768
2.875341
-2.356194
1.642104
-0.104877
-0.828849
-0.558599
-10.590683
-1.347320
-10.253627
-1.460139
0.197396
0.551655
0.851966
0.000000
0.507099
1.421906
-1.989021
-2.526930
-2.976444
-0.278300
-9.783549
-11.214243
-1.453688
0.000000
0.785398
-10.382367
-2.455863
0.291457
1.030377
-1.618379
-9.703078
-10.210176
-10.012781
-9.669757
1.480136
-2.111216
-1.249046
-1.794273
0.165149
0.035699
-10.210176
-4.823046
1.989021
0.862170
-2.312744
-0.174672
1.310194
1.165905
-1.776192
-3.505572
-10.059805
-9.622174
-0.862170
0.945311
-1.831399
-1.030377
-2.279423
-2.677945
0.825377
-2.512796
1.484058
-2.677945
-10.283217
-3.096169
-10.366778
-0.244979
-1.123276
-0.540420
-2.951604
-1.490966
-2.582993
1.180189
-10.600783
-0.588003
1.299849
-2.563691
-9.325109
2.158799
-2.910502
-4.978641
1.262744
-2.034444
-10.012781
-0.785398
0.000000
-1.570796
-0.909753
-9.723277
-1.019141
-1.190290
1.363300
-9.535435
-1.373401
0.244979
-2.034444
-0.152649
-0.554307
1.390943
-0.652847
-11.095243
-1.784857
-10.738251
-2.007423
-0.876058
-10.890697
1.004067
-0.266252
-10.030323
-9.937167
0.291457
-2.984991
-2.508844
-2.158799
-9.819569
-9.843002
1.107149
1.815775
-1.570796
-11.240553
-1.892547
-9.996115
-10.210176
-9.730657
-0.231091
0.124355
-2.158799
-2.181522
1.616220
-0.436627
-10.863023
-10.360548
-2.289626
-1.735945
-0.682317
0.442374
-9.864621
-0.380506
-0.558599
-0.499347
1.504228
2.185459
0.343024
-1.929567
2.034444
-11.131102
1.670465
-9.746529
-3.141593
1.428899
-1.063698
-3.850219
-1.892547
-10.929006
-2.077895
-0.685730
-1.190290
-0.982794
0.528074
-0.876058
0.753151
2.089942
0.785398
-0.141897
0.148890
-10.329605
0.000000
-11.261826
-1.570796
-2.798569
0.321751
1.405648
2.125104
2.111216
-2.323948
0.141897
-0.104877
1.815775
-11.413799
1.165905
-1.494024
-1.325818
-1.126377
-10.210176
1.046001
-3.185044
-2.034444
0.099669
0.321751
-2.142134
-2.498092
-10.077625
-1.642104
-10.286948
-9.501550
-9.466421
-5.341185
-2.356194
-1.325818
0.588003
0.741947
-0.938047
0.828849
1.012197
1.249046
-1.134169
-1.107149
-1.051650
-2.466852
-3.017238
2.158799
-1.480136
-2.843094
-9.424778
-1.366778
-9.358210
-3.013269
0.463648
-5.401313
-2.746802
-9.911677
-1.279340
-2.677945
1.929567
1.236059
-0.197396
-1.570796
-2.498092
-10.830426
-1.657535
-3.141593
2.422763
-0.489957
-2.601173
-0.528074
-2.102520
-9.424778
-1.279340
-2.356194
2.034444
0.321751
0.718830
4.451787
-5.608444
2.657115
-2.521343
-0.661043
-9.610126
-1.934775
-1.063698
-0.110657
-0.079830
-0.785398
-3.252250
-1.570796
-9.857186
-1.292497
-2.137526
-2.073640
-1.719686
2.574863
0.876058
-3.690142
-1.487655
2.034444
-0.548549
-1.570796
-1.176005
-2.616797
-1.460139
-10.012781
0.661043
1.681454
1.190290
-4.649970
0.432408
1.975688
-0.602287
-0.412410
-3.041924
3.241261
-0.708626
-2.380580
-2.356194
1.165905
0.945311
-9.669757
-1.279340
0.519146
-0.233743
0.512389
-1.789465
-3.761842
-2.774419
1.712693
1.107149
0.917950
1.841743
-9.655869
-1.703348
1.695151
-2.223643
-1.616220
1.712693
-9.515438
1.768192
2.541542
-9.732831
-1.227772
1.390943
-1.261093
0.479519
1.570796
-1.405648
-0.071307
-9.206109
2.659079
-2.007423
-11.203071
-1.460139
-2.422763
0.643501
1.446441
-2.647651
-0.463648
-3.433049
-2.896614
1.325818
-10.950151
-9.746529
-11.106232
1.107149
-0.321751
-3.974574
-1.071450
-1.759018
-0.999459
-2.622447
-2.089942
0.588003
1.637364
-2.582993
-0.165149
-1.535097
-9.314121
0.083141
-2.701750
1.941688
-2.512796
0.463648
-1.359703
-1.272297
-1.789465
-1.176005
-0.141897
-2.034444
-2.422763
-0.321751
-9.746529
-2.053310
-3.974574
-9.179799
-1.464061
-2.999696
0.404892
0.463648
-2.356194
0.785398
-2.526930
-2.896614
-2.743070
-4.434089
-1.504228
0.950547
0.628796
0.436627
0.704494
1.249046
-1.929567
-1.781890
1.892547
1.570796
-1.892547
-0.410127
2.521343
-2.922924
0.927295
-2.393215
-1.670465
0.756835
1.570796
1.144169
0.694738
-2.034444
-1.352127
-1.190290
-2.934096
-2.956245
-9.703078
2.223643
0.066568
0.708626
-0.321751
-9.909256
0.785398
-9.914735
2.034444
-1.657535
-1.152572
-9.524447
-2.432966
-9.535435
-3.236544
-2.279423
-9.596969
-2.512796
-2.992703
-1.750650
1.071450
-1.304544
-0.507099
1.030377
-2.850136
1.012197
-1.801887
0.358771
-2.988943
0.927295
0.000000
0.927295
-5.275705
-0.124355
0.896055
-10.447025
0.812419
0.104877
-2.677945
-10.090747
0.519146
-2.356194
0.358771
-3.141593
0.896055
1.465919
0.043451
1.623379
-0.367174
-1.892547
-3.626071
-10.210176
-0.528074
1.862253
-11.583577
-0.753151
-1.480136
-2.553590
-1.471128
-2.356194
2.083186
-0.244979
-10.572720
-1.405648
0.708626
-0.982794
-1.570796
-10.210176
1.609239
-0.218669
-2.185459
2.129396
-3.141593
0.141897
-9.918719
-2.199593
0.000000
-2.289626
0.442374
-2.835714
-1.446441
-3.082837
-11.294073
-2.521343
-2.563691
-2.184004
-2.804918
0.439843
-10.784481
0.321751
1.523213
-0.837981
-0.233743
0.244979
-1.428899
0.000000
5.431219
-2.034444
2.565217
-3.410760
-1.460139
-3.141593
-2.245537
-1.297788
-0.172191
0.540420
-9.464757
-9.314121
-2.214297
-2.300696
-0.685730
-0.463648
-9.843002
-11.459222
0.278300
-0.620249
-2.553590
-4.522401
-3.313783
-9.374820
-9.703078
-2.408778
-11.035553
-1.712693
-11.400466
-0.822418
-9.468229
-9.965197
-4.712389
-2.408778
-9.477361
1.618379
1.390943
-0.785398
-1.614247
1.212026
-1.418147
-2.007423
-2.578276
1.249046
-1.983207
1.815775
0.620249
-4.248741
-0.188222
0.000000
1.923787
0.463648
-10.384848
-10.673824
1.570796
0.000000
-1.695151
0.722979
-2.886410
-2.480549
-9.424778
-0.896055
-2.922924
0.896055
0.197396
-0.058756
1.873681
-2.819842
-0.218669
0.358771
-2.119346
-1.249046
1.236059
-9.924125
2.553590
-1.484058
-15.447361
-0.574305
1.727398
-1.735945
0.844154
-0.540420
-9.424778
-1.279340
-0.571337
-0.960070
-1.794273
-1.975688
1.428899
1.058407
