-1.086318
1.876675
-0.785398
0.086738
-1.325818
1.570796
0.104877
-0.291457
-2.802300
-2.677945
-1.373401
2.850136
-2.485897
-2.526930
2.319174
-0.148890
0.531724
-2.835714
2.214297
1.828120
1.325818
-1.390943
-1.325818
2.297439
0.000000
-2.622447
0.426627
0.896055
0.531724
1.653938
2.567288
-2.466852
2.077895
-2.323948
-1.997424
-2.466852
-0.753151
1.030377
2.111216
1.428899
-1.337053
1.152572
0.968509
0.286051
2.616797
-2.922924
1.234122
-2.185459
1.107149
-0.548549
-2.414950
0.352990
-1.373401
-1.618379
-1.107149
1.313473
0.785398
-1.222025
1.665748
-2.231839
-1.934775
1.022247
-1.152572
-2.657115
-2.253113
-2.259721
0.188222
-0.546789
-1.480136
2.158799
-1.475845
3.050933
-2.868584
1.453688
-1.612439
0.708626
-1.849096
2.393215
1.907471
3.141593
-3.089010
1.934775
-0.896055
-1.292497
0.218669
-1.892547
0.422854
-1.849096
-0.935770
-1.325818
0.856706
-0.244979
2.701750
2.145101
1.670465
-2.223643
1.618379
0.367174
0.688924
2.677945
-1.959115
1.039072
-2.390664
2.073640
-2.253113
-1.661456
-1.279340
1.475845
-1.325818
-0.531724
-0.588003
1.675673
-2.616797
-0.404892
-2.196281
-0.945311
-2.961739
0.000000
2.185459
-0.363979
0.785398
3.141593
-0.674741
-1.989021
0.674741
2.057696
0.652847
1.039072
-1.313473
3.050933
-1.951303
-1.778293
-0.339293
-1.570796
-0.363979
-2.714965
1.675673
-2.984991
-1.012197
-0.321751
0.632749
2.293776
-2.034444
-2.089942
1.107149
1.199905
1.365401
-2.718739
-2.418613
-2.185459
-2.718739
0.045423
1.487655
2.999696
1.206817
1.337053
2.831890
-0.463648
-1.951303
-1.124691
0.000000
1.080839
-2.777614
-2.850136
-0.588003
-3.058451
-2.034444
2.835714
1.727398
0.714091
-2.701750
-1.279340
0.610726
-1.892547
-2.327631
-2.659079
-1.435269
0.514451
1.989021
-1.997424
0.652847
1.264917
-2.134113
2.119346
-0.548549
2.634494
-0.956133
-2.819842
-0.748378
-0.446106
-0.291457
-2.677945
-2.616797
3.099950
0.785398
-2.323948
0.214061
-2.129396
0.968509
-2.969402
-3.006065
1.618379
1.465919
-2.214297
1.279340
-2.750986
1.520838
1.051650
-1.471128
1.570796
2.427502
-2.147172
1.892547
0.753151
-2.634494
2.567288
1.665748
2.609869
0.463648
1.570796
-2.677945
-1.325818
2.034444
-1.841743
-1.959115
2.083186
0.165149
-2.677945
0.000000
-1.249046
-0.502843
0.110657
2.102520
0.179853
-1.315614
0.548549
-2.265535
1.275355
-0.244979
-2.788602
-0.614663
2.223643
1.180189
-2.961739
2.323948
1.719686
0.197396
-2.356194
1.784857
-0.104877
2.875341
-2.565217
1.520838
-2.788602
-0.956133
0.418224
1.299849
-0.390607
0.714091
0.785398
2.699218
2.095592
-2.414950
0.266252
1.907471
3.036716
0.197396
2.102520
2.196281
-2.231839
1.523213
1.616220
-2.999696
-2.170847
-1.620755
-0.104877
-1.365401
-0.917950
-1.525373
-1.794273
1.919567
-2.356194
2.480549
-1.520838
0.104877
-0.574305
2.055274
-0.785398
2.922924
-0.968509
2.418613
-3.030935
2.833540
2.508844
-0.257324
-0.540420
-1.086318
-0.214061
2.214297
-1.128422
-2.657115
1.382575
2.699218
2.386488
-0.718830
0.047583
2.321725
-3.011890
-2.654693
1.993650
1.712693
-2.196281
2.770701
-0.380506
1.570796
0.000000
-2.231839
1.107149
0.558599
-1.570796
1.190290
1.892547
-2.718739
-0.049958
3.041924
2.158799
-2.034444
-0.682317
2.907849
-3.094010
2.804918
-0.336675
0.129703
-2.073640
-1.347320
0.588003
1.107149
-2.907849
2.833540
3.050933
1.128422
-1.742987
2.284887
-2.013171
2.582993
-1.675673
0.422854
-0.819867
1.727398
1.700499
-1.997424
0.000000
0.996491
-1.446441
-2.459276
0.463648
-2.654693
0.862170
-0.917950
1.299849
0.104877
-1.063698
-2.388441
0.750929
2.095592
-0.135528
-2.275290
2.907849
0.614663
-1.337053
0.531724
-0.755104
2.788602
-1.729452
2.677945
-2.289626
-1.695151
3.017238
-0.548549
3.030935
-1.279340
0.635027
0.896055
-0.148890
-1.525373
1.923787
-2.875341
-2.944197
-2.622447
1.382575
-2.089942
-0.442374
2.223643
1.828120
1.815775
0.750929
0.856706
2.593043
-1.570796
-1.262744
-2.134113
-1.236059
-1.523213
-0.486899
-0.463648
1.825979
-2.792822
0.094952
-0.218669
2.034444
-2.119346
3.141593
-1.007480
0.370891
0.286051
-0.917950
2.804918
-2.323948
2.384758
1.475845
2.245537
-2.934096
0.321751
-1.325818
2.677945
-2.677945
2.512796
2.459276
0.524796
-2.231839
-0.305879
1.923787
2.850136
2.616797
2.792822
-0.148890
-2.593043
0.094952
0.266252
-2.488746
-0.049958
-1.446441
1.058407
2.677945
-2.284887
0.257324
1.759018
-0.699893
-2.526930
-2.743070
2.480549
-1.465919
3.054854
1.279340
-1.614247
1.794273
0.321751
-1.825979
-1.570796
-1.993650
-0.482513
2.319174
2.922924
2.677945
-2.422763
-3.046641
-0.052583
1.657535
-2.638749
-0.540420
0.439843
-2.396173
-0.380506
-0.574305
1.670465
-0.785398
-1.825979
-0.876058
-2.488746
1.124691
1.022247
-2.731465
1.475845
2.356194
-2.896614
-1.815775
0.847817
-0.086738
0.104877
-1.975688
-2.609869
-2.969402
1.249046
1.471128
2.654693
-1.993650
2.896614
2.701750
-0.223477
0.045423
0.422854
0.370891
-1.365401
0.174672
0.540420
-2.574863
2.284887
-1.063698
0.927295
1.614247
-2.422763
-0.614663
-2.999696
2.589938
0.336675
0.507099
-2.223643
3.096169
-1.063698
-0.822418
-1.249046
1.525373
0.540420
0.748378
-2.393215
1.756144
-2.181522
-2.804918
-0.223477
2.321725
-0.165149
-2.231839
-0.218669
0.785398
-2.466852
-2.850136
1.405648
-0.094952
-2.034444
0.702257
1.325818
1.363300
1.661456
-0.390607
-2.567288
-2.944197
2.792822
1.647568
0.463648
-0.540420
1.520838
1.382575
1.279340
-0.321751
1.398606
2.896614
-2.516108
-1.989021
2.170847
2.427502
0.847817
-0.321751
-1.706324
-2.231839
0.982794
1.012197
-1.172274
-0.370891
0.819867
-0.682317
-2.015216
-0.994421
-3.061763
2.961739
0.888480
-1.943784
0.847817
0.708626
0.257324
2.231839
1.030377
-2.896614
-0.968509
1.012197
1.616220
-1.264917
-3.050933
-1.352127
0.588003
2.567288
1.471128
0.968509
-2.386488
-1.804540
2.259721
2.699218
-2.792822
0.708626
3.041924
-2.896614
1.923787
-1.923787
2.013171
1.620755
-2.459276
2.488746
-3.054854
-2.718739
-2.761086
2.214297
0.822418
-0.909753
2.802300
2.170847
2.567288
-1.107149
-0.165149
-0.994421
2.356194
1.405648
-0.165149
1.128422
-0.363979
-0.982794
0.099669
0.927295
-2.567288
3.141593
-2.792822
-1.712693
-0.822418
1.873681
1.299849
-0.909753
3.141593
-0.244979
-0.970746
-1.418147
2.102520
-0.563316
0.819867
-0.463648
0.938047
1.620755
-2.388441
-2.070143
-2.506566
-1.063698
0.049958
2.158799
0.602287
2.601173
0.750929
-0.055499
-0.398522
0.819867
-1.480136
1.471128
-2.390664
-0.688924
3.046641
-2.137526
0.945311
-1.665748
0.750929
2.819842
1.063698
-2.736701
-0.840897
-2.736701
-1.620755
-2.896614
2.802300
-1.794273
1.941688
1.570796
-1.380808
1.907471
1.706324
2.329174
-2.203545
2.508844
0.463648
-0.156602
-2.907849
-0.363979
2.677945
-1.837048
2.718739
2.657115
