-0.116813
-2.166114
0.123806
1.869412
-0.110441
-0.033079
-2.031746
-0.322742
-1.573937
-0.414321
-0.028446
-0.324707
-0.396319
-2.141296
-0.365085
-0.121748
-0.250533
-0.055818
0.043927
-0.062339
-2.150541
-0.013837
-0.298884
0.018342
-0.014980
-0.114672
-0.072735
-0.034552
-0.084771
-2.160337
1.703439
-0.346751
-0.165737
-2.361279
-0.189681
-0.372463
-0.061234
-0.314613
-2.126619
-2.290402
-0.733830
-0.104228
0.017946
-1.226634
-1.439413
-2.041452
-0.046690
1.806219
-0.256643
-0.065369
-0.153614
-0.013856
0.088506
-0.058866
-0.136705
-0.037790
-2.114544
-0.115025
0.929490
-0.103701
-0.015590
0.036431
-0.123949
-3.496837
-2.125039
-0.475550
-0.041909
-0.090835
0.895382
0.143621
-0.092451
-0.406373
-2.168766
-2.331917
-2.154947
-0.104885
-0.252927
-0.069001
-0.322197
-0.240457
-0.181933
-2.113096
-2.150038
-0.497883
-0.013581
-0.249419
1.873719
-0.276851
-0.215413
-2.328254
-0.147657
-0.067992
-0.131323
-0.059031
-0.524026
-2.163190
-0.186924
-2.393354
-2.093826
-0.208849
1.856365
0.875579
-0.205330
-0.120021
-0.085799
-0.157668
-2.092148
-0.149063
-0.381207
-2.125147
-0.268475
-0.104226
-0.047185
-0.072915
-0.133582
-0.153337
-0.294475
0.052530
-1.278413
-0.382561
-0.042340
-0.177671
0.087818
-0.028414
-0.514997
-0.383600
-1.405651
0.940762
0.109367
-0.199687
-0.108053
-0.192520
-0.124365
-0.082886
-0.084466
-0.150902
-0.062413
-0.344563
0.015047
-0.294958
-0.065934
0.165316
1.814620
-0.243374
-0.054222
0.014536
0.010823
1.795702
-2.037673
-0.027780
-2.189878
-0.139304
-2.371208
0.270988
-0.156605
-0.181799
2.259367
-0.002397
-0.371202
-0.449805
-0.072286
-0.444750
-0.134002
-1.946172
-2.170136
-0.415688
-0.225171
-0.186423
-0.011864
-0.077186
-0.199878
-0.066768
0.179963
-0.022451
-0.371048
-0.110183
-0.071756
-0.107512
-0.496970
-0.378284
-0.119446
-0.276212
-0.185369
0.055342
-2.070309
0.000630
0.889287
-2.095362
-0.114674
-0.042781
0.040995
-0.077387
-2.172354
-2.787078
-0.312995
-0.438661
-0.204646
-0.129718
-0.394845
-0.216541
-0.480906
-0.009165
1.714272
-0.104503
-0.608277
0.012787
-0.047269
-2.269969
-0.383506
-0.148538
-0.225345
-1.450833
-0.297404
-2.115599
-2.240630
-0.029680
-0.125596
1.667052
-0.105465
-0.269208
-0.193119
-2.145691
-1.294738
-2.155328
-2.149267
-0.057258
-0.177753
-0.304110
-0.177653
-0.009014
-2.168560
-0.121951
-0.244080
-0.026652
-0.303950
-2.675186
0.025947
-0.355883
-0.005739
-1.225193
-0.085141
-0.090365
1.738453
-2.527426
-0.095091
-0.337777
-0.360249
-0.133277
-0.076558
-0.012611
0.910288
-1.276762
-2.058865
-0.142767
-0.011073
-0.019177
0.895058
-0.032306
-0.158311
-0.248478
-0.407057
-2.408767
-0.290411
-0.101403
-1.998961
-2.527322
0.144692
-0.302200
-0.080375
0.076624
-2.051319
0.104284
-2.119778
-2.312283
-0.329017
-0.211423
-0.394662
0.173902
-1.815499
-2.141820
-0.224100
-0.151480
0.946957
-0.472393
-2.345230
-0.137976
-0.435708
-0.154981
-0.095701
-2.158022
-0.156934
-0.024605
-0.145867
-2.335024
-1.267974
2.023902
-0.156992
1.845137
-2.038428
0.030832
-0.172174
-0.072505
-0.318238
-0.359049
-1.172355
0.027692
-2.149719
0.911281
-0.063585
-0.161413
-0.099250
-0.372191
-0.088311
-0.436796
-0.192172
-0.353110
-0.116509
2.033846
-1.268535
-2.120650
-0.037912
0.036388
-2.346502
-0.154659
-0.101816
0.858660
-0.111658
-0.097773
-0.104902
-1.866027
0.094359
-0.401025
-2.367593
-0.450803
-2.313364
0.033843
-2.134326
-3.458279
-0.147028
-0.150172
-2.169103
-0.051090
-1.717753
-0.067450
-0.232747
-2.481449
-0.128730
-2.259956
-0.147045
-1.554322
-0.101239
-1.154670
-2.283761
-0.185215
-0.355883
-2.350449
-0.096215
-0.090266
-0.339059
-0.381924
-0.343548
-0.369193
-0.289812
-2.096820
-2.051366
1.676943
-0.056032
0.028817
-0.064655
-0.033121
-0.318916
-0.155438
-0.459548
-0.107491
-0.369651
-0.282470
-0.364981
-0.142492
0.021683
-0.241129
-2.078099
-0.093746
-0.120199
-0.137643
-0.095045
-0.141487
-2.130937
2.417300
-1.246235
-0.100671
-0.078757
0.039974
-0.419397
-0.317435
-0.196239
-2.137342
-2.138742
-0.462262
-0.429542
-2.179996
0.133248
-0.280274
-0.076751
-2.348787
0.119351
-0.120472
-0.325311
-2.291636
-0.017745
-0.157131
-2.072544
-2.161403
1.737639
-1.300035
-0.117830
-0.203861
-0.033064
-2.453939
-0.140191
-0.412042
1.732651
0.917715
-1.432413
-2.373581
-0.195578
-2.126780
-0.087281
-0.451440
-0.390355
-0.199325
-0.019386
-2.368877
-0.216649
-0.154376
-0.059542
-0.046383
-0.124339
-0.130796
-0.631231
-0.340061
-1.586072
1.706031
-0.328023
-0.054800
-0.088894
-3.269185
-0.159555
-0.038861
-0.118299
-0.159747
-0.411149
-2.160154
-0.010723
-0.055121
-0.075109
-2.294658
-0.120277
2.076578
-2.164960
-0.144287
-0.014853
-0.287781
-0.179009
-0.237133
0.118275
0.019807
-0.200596
-0.517492
-0.175998
0.109825
-0.188254
-0.046576
-0.423669
-2.199527
1.778535
-0.383887
-0.154220
-0.124455
-0.086206
-2.138522
-0.101913
-2.133063
-1.494061
-0.549790
-0.153304
-0.129527
-0.373529
-0.138789
-2.432797
-0.117739
-0.171081
-0.159514
-0.136413
-0.190559
-0.433602
0.899664
-2.163008
-0.012688
-2.346960
-1.342989
-0.199898
0.000732
0.001881
0.246850
-0.050383
-0.095445
0.895136
-0.253171
-0.090045
-0.859839
-0.044770
-0.019482
-0.164279
-0.224832
-0.149007
-0.073818
-0.195444
-0.918340
-0.153636
-1.237056
0.059715
-2.192623
-0.181774
-0.176583
-0.144673
-0.064611
-1.821294
-0.428877
-0.472780
-0.434575
-0.358591
-0.218512
-0.261998
0.040863
-1.991471
-0.150001
-0.049857
-1.994901
-0.527742
-0.353649
-0.031071
-0.110652
-0.354679
-2.101921
2.105882
-0.083718
-0.125609
-0.134503
-2.107583
-0.303375
1.775540
-2.134623
-1.950383
-0.382130
1.737284
1.750743
-0.143963
-1.302949
-0.113326
0.081440
-0.428640
-0.336196
-0.425700
-2.104130
-0.067254
0.043647
-0.126305
-0.190267
-0.235244
-0.092625
-0.064547
-2.111476
-2.338363
-2.119686
-0.108907
-0.129375
-2.320683
0.096450
-2.226518
-0.060335
-0.263791
-0.257112
-2.138756
2.057239
-1.485558
-0.080823
-0.139510
-2.231456
-2.316788
-0.139217
-2.169849
-0.184119
-0.149047
-0.300472
-2.198745
-0.149318
-2.207908
0.726492
-0.393860
-0.075562
-0.130057
-0.008754
1.707878
0.170707
-0.149527
-0.183241
-0.164277
-0.073459
-1.494682
-0.134672
-0.365338
-0.140583
0.014714
-0.036029
-0.283875
-0.086022
-0.043026
-2.117287
-0.384427
-0.206932
0.133288
-2.659716
-2.168353
-0.140609
-1.849416
-1.797358
-0.378462
0.282873
-2.265616
-0.316356
0.019426
-0.404521
-2.140871
-0.209767
-0.128363
-0.363288
-0.263044
-2.177130
-0.093582
-0.369379
-0.192191
-2.041387
-2.184921
-0.183458
-0.135380
-0.372247
-2.333051
0.052181
-0.290105
-0.075404
1.752052
-0.085789
-0.149221
-2.149095
-0.117652
1.774605
-0.358085
-1.118398
-0.142146
-0.377371
-1.071281
-0.100755
-0.125071
-0.095263
2.124761
-0.048292
2.136539
-2.288293
-0.180251
-0.109002
-0.144062
-0.511372
-0.319376
-0.414970
-0.048464
-0.142735
-0.036401
-0.256215
-0.549126
-0.477515
-0.039275
-0.136517
-1.436137
-0.193210
-2.134145
1.801980
-2.220056
-0.215074
-0.169626
1.771566
