-0.155282
-1.901376
-0.178964
-0.115823
-0.375648
-0.191381
1.879009
-0.078009
-2.327882
-0.367443
-0.078713
-0.132742
-0.457796
1.611314
0.026126
0.023392
-2.066875
-0.380882
-0.095821
-2.059300
-2.036979
-0.124956
-0.217375
-0.227618
1.729446
-0.478726
-2.411544
-2.089621
-2.314444
-0.299616
-0.075637
-0.335890
-0.082156
-0.533533
-0.399423
-0.387065
-2.322136
-0.581109
-0.200657
-0.167044
-0.210229
-2.008276
-2.122939
-0.019805
-0.097862
-0.394592
-1.953513
-0.401433
-0.192257
-0.109506
-0.484830
-0.075503
1.883897
-0.123593
-0.091336
-0.228106
-2.008298
-0.161337
-0.194904
-0.405683
-2.335540
-2.099199
-0.014493
-0.362152
-0.428078
-0.405445
-2.189107
-0.191256
0.001335
-0.196787
-0.262760
0.929111
-0.475699
-0.138343
-0.158400
-1.991759
1.783558
-0.161473
-0.114095
-0.448952
-2.278992
-0.163006
-0.111361
-0.072010
-0.048997
1.635196
-2.193144
-0.233395
-0.129851
-0.143456
-2.100569
1.848062
0.994294
-0.201685
-1.983286
-0.298996
-2.035146
-2.387679
-2.153195
-0.135814
-0.460681
-2.123487
-0.209543
-0.183676
-0.360264
1.734873
-0.026963
-2.138537
1.813718
-0.169970
-2.067274
-0.060473
-0.489299
-2.313421
-0.303221
0.045360
-0.516704
-0.237526
-0.167969
-0.085797
-2.266491
-0.569849
-2.090131
1.759345
-2.119574
-0.077350
-0.097762
-0.183248
-0.033524
-0.946970
1.724271
-0.211599
-0.080641
-0.228666
-0.201095
-0.464452
-2.051984
-2.344342
-0.149447
-0.049907
-2.309044
-0.239084
-0.281969
-0.282906
-0.184289
-0.171745
-2.092797
-0.369602
-0.484195
-0.376696
-2.254856
-0.088170
-0.255594
0.976789
-0.186975
-2.153815
0.931587
-2.031413
1.801181
-0.227092
-0.069489
-2.059944
-2.330428
-0.343327
-1.977612
-0.560523
-0.288555
0.004338
-1.899586
-2.142531
-0.262878
-0.167265
-2.153367
-0.297489
-0.357495
-0.371639
-0.085887
-2.191892
-0.151745
1.815595
-2.067731
-0.098842
-0.344112
-0.016187
-0.059775
-0.161345
-0.020668
-2.378650
-0.164391
-0.012327
0.021480
-0.439399
-0.425120
-1.022908
-2.012737
-0.287115
-0.220378
-0.340666
-2.054113
-0.421881
-2.383370
-2.208649
-2.118112
-0.549672
-0.199364
1.022701
-0.071726
-2.071099
-0.137348
-1.949314
-0.002510
-0.449494
0.005605
-2.003092
-0.377191
-0.053136
-0.204555
0.034410
-2.179153
-2.024362
-0.445910
-0.148057
-1.947536
-0.068787
-0.400308
-0.247005
-2.112475
-0.310348
1.902804
-0.131377
-0.207485
0.094963
-0.092477
-0.081920
-0.112047
-2.054853
-0.330002
-2.046398
0.019573
-0.419167
-0.041435
-0.188687
-2.109413
-0.460922
-0.056037
-1.986683
0.029226
-0.383038
-0.286121
-0.036428
0.770323
-0.484609
-2.079585
-0.378583
-0.152489
-2.113485
-0.009445
-0.227951
-2.025368
-2.111533
-0.104281
-0.172925
-0.338326
-2.288778
-0.069130
-0.340374
-0.123781
-0.189749
-0.232267
-0.408172
-2.004068
-0.131813
-2.359546
-0.343652
-0.109069
-0.016455
-0.313095
-0.156783
-0.115365
1.855686
-0.070719
-0.340746
-0.109551
1.833725
-2.096313
-0.050354
-0.041861
-2.322919
-1.039819
-0.178154
-0.061568
-0.370962
-0.045662
0.076410
0.099089
-0.015370
-0.035654
-0.204400
-0.108476
-0.053837
-0.365233
1.912910
-0.104375
-0.145349
-0.213420
-0.050039
-0.151017
-1.007739
-0.329733
-0.280244
-2.118121
1.690867
-1.939688
-0.142438
-2.030662
0.031004
-0.386238
-1.991868
-1.913923
1.905794
-2.024212
-1.877500
-0.451268
-2.128048
0.917264
-1.932472
-0.285963
-0.160571
-0.907552
-0.437393
-1.821291
1.892414
-0.089019
1.710862
-0.143496
-2.188341
-2.140124
-0.501383
-0.083508
-0.399333
-0.142087
-0.149829
-0.044289
1.656048
0.034641
1.821789
-2.260421
-0.190867
-2.022517
-2.122631
1.712812
-0.085823
-1.904694
-0.011417
-0.273434
-2.161120
-0.435511
-0.163411
-0.201714
-0.215763
-0.085431
-0.216903
-2.367487
-0.208530
-0.284728
-0.080427
-0.444121
0.964620
-2.197401
-0.103967
-2.118624
-0.175306
0.044397
-0.231223
-0.040017
-2.292070
-0.167825
-0.432804
-0.214188
0.984226
-0.109070
-0.403995
-0.143466
-0.074707
-0.227867
-1.998795
-0.520951
-0.453224
-0.464636
-2.317734
1.714980
0.017265
-0.109672
-0.040757
-0.156835
-1.988828
-0.165276
-0.128329
-0.166439
-0.180406
-0.499497
-0.256579
1.869603
-0.002103
-2.144313
-0.162823
-0.529110
1.827707
-0.042759
-0.117638
-0.278873
-0.389626
-0.169971
0.055756
-2.112529
-0.149240
-0.006064
-0.397489
-0.078008
-1.980208
-0.039567
-0.479398
0.015873
1.911896
-0.101697
-0.330059
-2.192849
-0.078027
-2.303848
-0.162101
-0.107012
-0.191701
0.891279
-0.134462
-0.074290
0.016759
-0.356419
0.034091
-2.167516
-0.228551
-0.037055
-0.061512
-2.095863
-0.035883
-0.326990
-0.017246
-0.188711
-2.233763
-0.447702
-0.490023
-0.034307
-0.135064
1.025675
0.048545
-0.068027
-0.247554
-2.168003
-0.128255
-0.233894
-0.272366
0.020396
-0.019349
-0.677386
-0.184284
-0.327726
-0.560505
-0.117220
-0.266521
-0.354871
-0.101408
-2.030220
1.828259
-0.127089
-0.039271
-0.078556
-0.189852
1.857718
-0.109399
-0.324706
-0.464603
-2.051183
-0.363731
-0.320547
-0.178800
-0.398051
-0.411497
-2.153636
-0.043327
1.946227
-2.290586
-0.177834
-0.520118
-2.196994
-0.067482
-0.012899
-0.365261
-1.004326
0.047351
-0.276768
-0.223845
-2.130857
-0.075714
-0.183884
-0.029543
0.156938
-2.296098
-0.090544
-0.155996
-2.227217
-2.171246
-0.515861
-0.105162
-2.330256
-0.028191
-0.089639
-2.114890
-0.423402
1.029698
-0.211674
-0.058053
-0.107584
-2.053053
-2.277544
-2.271397
-2.465450
-0.112742
-0.354597
-0.384536
0.040822
0.051743
-0.162373
-0.427512
-0.168104
-2.178156
-0.280351
-0.348789
-2.000731
-0.005329
1.736685
-2.106755
-0.154125
-0.166271
-2.089194
-2.081962
-0.351311
-0.453527
-2.037139
-0.297465
-2.112260
-0.184680
-0.146086
-0.210175
-0.126085
-0.065859
-2.075012
0.884201
-0.338223
1.798335
-0.128095
-1.961070
-1.992381
0.014966
-0.233595
-0.304075
-1.981326
0.072443
-0.158862
-0.167927
-2.154792
-0.013326
-0.423483
-0.201128
-0.440613
-0.952585
-2.004227
1.750629
-2.083061
-2.167644
2.026194
-0.100636
-2.246111
-0.383457
-0.141065
-0.213441
-0.163017
-0.181001
-2.456191
-0.056081
-1.836984
-0.084203
-2.005162
-2.282136
-0.458922
1.813306
-0.081468
-1.886818
-0.369756
-2.004575
0.965030
-0.426270
-0.224035
-0.146110
-0.059617
-0.111865
-0.381009
-0.033732
-0.565455
-0.394529
-0.391987
-0.113196
0.064533
0.061706
0.929221
-0.127986
0.087175
-0.188275
-0.227229
-0.126694
0.004213
-2.039177
-0.073305
-2.044891
-0.098876
-0.092010
-2.043289
-0.230208
-0.345468
-2.481232
-0.368363
1.771155
-0.066330
-0.088279
-2.119799
-0.081876
-0.980277
-2.087339
-0.165376
-0.160854
-0.139257
-0.064772
-1.965746
-0.038826
-0.036285
-0.190989
-0.266043
1.718609
-0.311748
-0.105665
-0.002926
-0.126555
-2.082557
-0.026423
-2.024179
0.031739
-2.058339
-2.092364
-0.081017
-0.197730
-0.391063
-0.109235
1.000371
-0.499967
-2.237169
1.902000
-2.191922
0.929827
-2.168697
-0.326720
-0.268777
-0.533758
-0.218689
-0.352315
0.048182
1.835133
-0.143289
-0.156527
-0.570131
-2.023938
-1.993440
-0.214295
-0.355235
-0.157358
-2.090206
-0.032321
-0.482124
-0.169536
-0.040463
-0.152311
0.055157
-0.015552
