-0.593881
1.242304
0.715234
-0.027402
0.946787
0.008140
-2.239718
-0.778920
0.740315
0.838389
-0.175469
0.514179
-0.196915
0.060330
0.301721
-0.015121
0.147518
0.252516
1.098341
2.429502
0.125928
0.047153
0.903176
0.862015
-0.247433
0.314638
-0.670425
-2.413270
-0.519499
-0.440220
-0.694072
-0.113023
0.496313
1.068442
-0.051609
0.669556
0.082508
0.501130
0.419487
1.058873
-0.204435
0.078330
0.182170
0.547085
-0.040545
0.992165
-0.248139
0.746286
-1.017166
0.861229
-0.137104
0.768536
0.026672
-0.305921
0.357662
0.467791
0.764687
0.014144
-0.036370
2.315882
-0.199428
0.641901
0.621108
0.051594
0.505003
-0.718863
-0.563609
-0.111137
0.780920
-0.662996
1.759400
-0.243544
0.741880
-0.204993
-0.068495
-0.311638
-0.217657
0.952692
0.293210
-0.481527
0.407583
-0.460484
-2.287544
0.222546
0.237158
-0.283926
0.719944
0.700520
-0.149539
-0.602312
1.059526
0.812585
0.142845
-0.182306
-0.007070
-0.078771
0.553579
-0.365915
-0.090015
-0.325028
-0.129921
0.406695
-0.344071
-0.126507
0.398778
-0.095326
0.105492
0.943229
0.679424
0.248071
0.684144
0.596329
0.064022
-0.388246
-0.545789
0.711534
0.222124
0.276771
0.696505
0.641406
0.585918
-0.034815
-0.092695
0.901792
-0.773191
-0.245610
0.061035
-0.332603
0.630103
0.739971
-0.495437
-0.097274
-0.525453
0.858586
-0.007899
0.555363
0.810028
-0.185742
0.360999
0.123172
-2.329296
0.033027
0.229243
-0.296637
-0.186532
-0.314642
0.236939
-0.238101
0.044858
-0.715692
-0.641441
0.287761
0.833521
0.757579
-0.135066
0.428992
0.173405
0.325483
-0.213339
0.453135
1.021417
-0.733699
0.011642
0.614957
-0.595875
0.167069
0.896614
0.578499
-0.242821
-0.784439
-0.548316
0.544154
-0.465451
0.529276
0.796149
0.091414
0.986981
-0.303697
-0.239985
-0.042834
0.269758
-0.145337
0.680519
-0.143448
0.587365
0.343678
0.396676
0.926670
-0.513215
0.019586
0.609460
0.179304
0.519856
0.061892
0.451540
0.923343
0.247350
0.355496
-0.193575
0.138236
-0.305728
-0.263051
0.212979
-1.756277
0.315366
-0.180568
0.050786
-0.076778
0.027977
1.278364
-0.743116
0.105040
0.648949
0.074221
0.637849
0.331851
0.358720
0.981437
-0.062523
0.634718
-0.018101
0.529001
0.796536
0.080084
0.592839
0.642925
0.730788
-1.660631
0.545775
1.044807
0.975798
0.722137
0.493392
0.255699
0.219952
0.601702
0.511691
0.541810
-2.542083
0.430298
0.759307
0.447625
0.172603
-0.037347
0.730494
-0.396438
0.337324
0.599899
0.089718
0.072138
0.670044
0.552561
0.295928
-0.064161
0.221672
0.486218
1.150527
-0.141183
-0.242572
0.276265
0.147210
0.432303
1.122225
0.830526
0.171476
0.471167
-2.267371
0.484833
0.128638
-0.220527
0.026404
-0.231061
0.152789
0.653250
0.223114
-0.579909
0.217422
0.499722
0.675869
0.196206
-2.340945
0.964643
-0.297791
-0.070779
0.967670
0.685364
0.643239
0.543078
0.781247
-0.061210
0.108924
-0.166761
-2.137782
0.688306
0.167464
1.338376
-2.225178
0.581085
0.885143
0.680056
0.657560
0.645985
-0.063994
-0.234426
-0.331663
0.676380
0.620909
-0.124738
0.771299
-0.002095
-0.836287
0.859293
0.476764
0.098438
-0.218451
-0.666324
0.672411
-0.352259
-0.293656
0.396812
0.921824
-0.187406
0.513183
-0.306535
1.134327
0.613614
-0.222109
1.094303
0.550150
-2.345691
0.414413
0.140110
0.692120
0.333742
0.446086
-0.306713
-0.099917
-2.330645
0.933387
0.333305
0.053178
-0.126524
-0.027984
-0.162183
0.103220
0.235275
0.585082
0.433760
-0.537365
-0.611651
0.143468
0.943799
0.683547
0.274315
0.464019
1.064328
0.611319
-2.022463
-0.132372
-0.217922
0.187061
0.477361
0.118282
-0.083997
-0.089559
0.692575
-0.042734
0.622118
0.317114
-0.227734
0.297935
0.057536
0.147136
0.960303
-0.145777
0.349837
-0.121137
0.200620
0.747339
0.559544
-0.268970
0.430162
0.871782
0.716616
0.798301
0.647146
-0.046349
0.298929
0.779929
0.627947
0.226616
-0.460342
0.868314
-0.063233
0.920303
0.921670
-0.003886
0.196409
1.126770
-0.068449
-0.583969
0.914212
0.085783
-0.297091
0.521530
0.519048
0.060162
0.467947
0.395531
0.641306
0.894686
-0.233243
1.093274
-0.388177
0.083517
0.515432
-1.747879
0.731265
-0.497213
0.802421
-0.328588
-0.142637
1.041531
0.173387
-0.152715
0.737937
-0.167949
0.392387
0.608758
0.389256
-0.174400
-0.611160
0.584385
0.819422
0.026404
0.222996
0.208192
0.779804
0.925862
-0.203350
0.469496
-0.601241
1.032508
-0.227225
0.173871
-0.072511
0.508006
-0.153513
-0.133760
0.655717
-0.224123
0.565924
0.703804
-0.180764
1.003029
-0.610011
0.185409
-0.102444
-0.012870
0.703736
-0.668206
-0.016771
0.430352
-0.203614
-0.017051
1.155853
0.355176
-2.149688
0.746337
-0.266457
0.623103
0.632222
0.133028
-0.192917
0.369606
1.998240
0.482395
0.161702
0.701395
0.702014
-0.044371
-0.113761
0.579664
0.692239
-0.258579
0.696426
0.335773
0.661821
0.703397
-0.043094
0.632016
0.882143
-0.566157
0.247040
-0.130834
0.602163
0.242287
1.004542
-2.134677
0.379809
0.604819
-0.264785
0.729981
0.672326
-0.434972
-0.018792
0.666241
0.680168
0.005289
-0.025426
0.506985
0.743235
0.339269
0.597086
0.548669
0.514490
0.560670
1.047738
0.524800
0.304477
-0.170806
-0.073054
0.254348
0.965980
0.810020
-0.095228
-0.257637
0.011683
-0.212700
-0.048440
0.378555
0.509385
-0.270214
-0.130330
-0.060964
0.046850
-0.493620
0.728836
0.705440
-0.498844
-0.360761
-0.296838
-0.175881
0.446406
0.997261
-0.115190
-0.506796
-0.173563
0.991206
0.807223
-0.034813
0.304008
0.999767
0.534121
0.112787
0.169980
0.177608
0.059704
0.548939
0.087904
-1.686760
-0.153826
2.974044
0.305981
-0.404155
0.730476
-0.450853
-0.117720
0.524154
0.827168
1.212527
0.072377
-1.728161
0.683718
-0.702322
-0.426974
1.195496
0.398592
0.807306
0.703804
1.042395
0.200780
0.372479
-0.314079
-1.899784
0.733645
0.249527
0.778822
0.432336
0.437363
0.940180
-0.352099
0.393822
-0.004004
-0.021449
-0.152309
-0.049354
-0.201836
0.273006
-0.756063
-0.178447
0.660292
0.256028
-0.195577
0.683967
-0.476910
0.192440
-0.247573
-0.059223
0.174436
0.794384
0.610908
-0.812112
1.005828
1.258948
-0.098390
0.504682
0.576856
0.114430
0.105781
-2.147753
1.070353
0.286816
0.523829
1.241316
-0.342405
0.249679
-0.603779
-0.303216
0.157114
0.741671
0.470971
0.248803
0.486046
0.160680
-0.252282
0.012384
-0.234275
-0.093290
0.287353
-0.629098
0.268512
0.063442
0.760784
0.152852
0.041221
-0.010609
0.626963
0.970749
0.392636
0.131832
0.543569
0.182795
0.778812
0.670683
0.564392
1.014815
0.448654
0.891362
0.646353
0.028765
0.795867
0.685824
0.199401
0.532541
-0.202511
1.190673
0.880845
0.781367
-0.219819
1.082267
0.500266
0.261066
0.150564
0.157051
-0.383139
0.933857
0.956954
0.955178
-0.527560
-0.292217
0.182434
-0.076125
0.148411
-1.245430
-0.223197
-0.140160
-0.385711
0.932409
0.720494
