0.097850
0.504465
0.024952
-0.675133
-1.038873
0.088495
0.024457
0.967237
1.983986
0.018818
-2.331218
-0.523157
0.137492
0.186345
0.123214
-0.145327
0.015916
-0.277100
-0.607267
0.106704
0.547756
-0.338798
-0.131821
-1.414022
-1.160910
-0.378537
1.370108
-0.523250
1.956088
-0.899850
0.266517
-0.075850
2.319192
-0.288573
0.420546
1.223704
-0.467990
-0.032896
0.699945
0.993926
0.419781
0.848921
0.094355
-0.878568
0.763815
-0.067756
0.195648
0.184813
0.251949
-3.153160
0.955715
-0.077500
-0.011767
-0.592408
0.731130
0.141169
0.152328
-0.630878
-0.233549
0.602032
0.044136
0.979477
0.913297
-0.202195
0.587824
-1.147637
-0.615709
-0.008476
-0.232107
-0.553653
-0.328929
0.102463
-0.218477
0.009682
0.377767
0.562917
1.080700
-0.262547
0.852300
-0.684665
0.382627
2.373593
0.452049
-0.297581
0.009567
0.019944
0.640541
-0.000483
0.641697
-2.277018
-0.861344
0.032217
-0.449789
-1.658392
-0.109272
1.061776
2.183012
2.735828
-0.033703
2.051869
-0.711516
-0.270076
-0.396058
0.592392
0.838857
0.091045
0.939418
0.577358
0.704938
0.083942
0.933289
0.641587
0.577397
2.438558
1.883807
0.632511
0.394844
2.158437
-0.474648
0.669759
0.052401
-0.117778
0.195191
0.190353
0.298252
-0.639577
2.739633
0.547991
-0.828177
-0.179312
0.466077
0.173189
-0.732084
1.009394
1.094366
-0.284528
0.126736
0.759451
0.946731
0.082042
-1.052306
0.008782
0.168017
-0.202421
-0.178068
0.409505
0.091086
1.636692
0.264812
-1.762112
-0.450206
-0.247499
0.300700
0.270563
0.078564
0.312500
0.661764
0.098119
1.028927
-0.260586
0.186116
-0.112135
0.653219
0.043040
-0.989165
0.273184
0.413511
1.536580
-0.119181
0.945322
-1.710197
0.060095
-1.402495
-0.044406
1.248054
-0.041609
-0.523063
0.298297
0.172366
-0.599632
-0.067839
-0.063095
0.120911
0.797721
0.334096
0.376159
2.235705
1.219355
0.549268
-0.677944
0.792864
0.747124
-0.294823
0.025730
-0.177256
0.485069
0.678118
-0.915259
-0.126045
-0.026264
2.019398
0.886079
-0.111191
2.281742
-2.057744
0.828253
0.003244
1.051382
0.719262
-0.154957
0.190153
0.238327
0.304633
-0.369021
-0.028729
-0.135217
0.294583
-0.556655
0.035229
1.105966
-0.255110
2.780863
0.562454
-0.160685
0.565512
-0.050020
1.188302
0.562305
-0.243766
0.188750
2.780312
0.212811
-0.306369
0.918593
0.803429
0.679082
-0.072644
0.547943
0.116045
-2.270415
0.881490
-2.111973
0.935645
-0.489488
2.819183
-0.103427
1.178412
-0.033438
1.776526
0.602415
0.170457
0.537922
-0.312674
-0.047686
0.125189
-0.088444
0.243549
0.266448
0.247986
1.125002
0.379832
-0.305616
1.079582
-0.183939
-0.064650
-0.559219
-0.220155
0.771063
0.375318
-0.268417
-0.273205
0.076541
-0.169378
0.906655
0.109495
0.616527
0.615155
-1.995307
-0.458473
-0.068375
-0.130759
0.625263
2.192734
-0.347976
-2.312044
-0.793602
0.064545
0.239419
-0.150341
-0.120011
0.137458
0.622294
0.148364
0.488124
-0.254781
0.177275
0.207496
0.136593
-0.000178
0.321564
-0.626099
0.010870
-0.320144
-0.200425
0.930215
0.330637
2.101545
0.338001
0.891994
1.347680
1.305766
-0.205748
0.594357
0.902437
0.492456
2.143047
1.033798
0.339686
-2.371636
-0.013444
-0.636690
0.264024
0.629253
0.246270
0.568114
0.165738
-0.064663
0.384276
-0.594888
0.516718
2.354845
0.249667
1.028301
-0.376478
-0.599523
-0.251361
0.313782
-0.861515
-0.276615
-0.049526
2.432445
2.502851
0.573248
0.728322
0.143739
0.777176
1.189345
0.449479
0.611165
0.765750
-0.157441
0.262224
-0.660724
-0.287012
0.679465
-0.466931
0.919434
-0.019836
0.076701
0.169685
2.377929
2.723150
-0.853181
-0.250356
-0.050457
-0.217490
-0.177337
0.693901
0.131688
0.729814
-0.419491
-0.099463
-0.426385
-2.242727
0.023272
-0.357902
-0.087813
-0.077567
-0.584131
0.133953
-0.568624
-0.257880
0.127582
0.797046
2.878543
0.241341
0.335403
-0.078973
-0.184691
0.082912
2.579577
0.063949
-0.472752
3.167361
2.452155
1.163118
0.930577
-0.310240
-0.374943
0.708954
-0.093038
-0.488789
0.810124
3.265908
0.402000
-0.127551
0.731255
0.627766
0.025726
-0.242398
-0.362134
-0.660883
0.258826
0.502005
-0.590676
0.815185
0.121096
-0.002088
-0.241980
-0.787449
-0.638454
-0.260976
0.036316
-0.201873
0.027157
1.011283
0.039704
-0.246493
0.912084
0.291640
0.592772
0.206492
-0.175282
-0.556653
0.232893
1.717120
-0.100831
0.553241
0.378250
-2.484163
1.191812
0.506739
0.045098
-0.304762
3.156547
0.514751
0.852248
0.805898
-0.126582
0.038234
-1.655560
0.195410
0.226728
0.237864
-0.403055
0.925134
-0.139799
0.211499
-0.247179
-0.623102
1.265431
-1.244342
-0.325235
-0.285308
0.292228
-1.896913
-2.334485
-0.416285
-0.204376
0.119702
-2.198281
-0.972969
0.532655
-0.453950
0.119905
0.448400
0.673948
0.572045
0.191519
0.164995
0.249755
-0.194728
-2.544033
0.435630
-0.290043
-2.086790
0.008734
-2.267696
-0.096314
-0.857692
-0.709895
0.076682
-0.062841
-2.188734
0.375109
-0.103726
0.735112
0.933924
0.144350
-0.005697
0.686957
0.039214
-0.631040
-0.731038
1.115452
-0.282126
0.510676
-2.130695
-0.241793
0.976922
2.018072
0.216220
-0.380670
0.112936
-0.329767
-0.647571
0.880231
0.498982
-0.849009
0.011207
0.708898
-0.219539
0.904798
-0.327141
-0.564767
0.079858
0.605399
-0.264115
0.152018
-0.144544
0.053723
2.233363
0.036521
0.282715
-0.051121
-0.742551
0.791351
0.293568
-0.930087
-0.109214
-0.008125
1.116800
2.054270
0.376683
-0.898643
0.188057
0.134703
0.530418
0.211797
-2.360605
-0.040566
-0.044964
0.635593
1.206794
0.140569
0.009749
-0.425696
-0.054379
0.453074
0.382675
-0.263606
-0.800165
0.159687
0.211285
0.469308
0.184966
0.614606
2.763480
-0.650684
-0.016208
0.240200
0.809795
-0.150707
0.677209
-0.271710
0.156573
0.764562
0.914272
0.097067
0.894011
0.207402
0.070177
-0.293312
0.195831
0.228125
-0.518211
1.422202
-0.221996
0.175801
0.079717
-0.270906
-0.229477
2.564045
0.469933
-0.030573
2.696180
-0.311250
1.017288
-0.050052
0.099734
1.423565
0.025802
2.761984
0.686099
-0.788491
0.558348
-2.323054
0.946729
-0.571561
-0.042605
0.837270
0.474449
0.750853
0.781123
0.253474
0.587187
0.098506
0.735670
-0.451330
0.302585
1.807847
-0.100053
1.062794
-0.460759
-0.521972
-0.349445
0.413900
0.901642
0.928337
-0.214311
-1.073912
0.701844
0.609134
2.296959
-0.008762
0.845372
-0.873258
3.212178
-0.631754
0.255366
-0.503779
-2.224807
-0.428656
0.125172
1.082644
-0.353731
0.217955
0.870577
-0.654283
0.847069
2.701796
0.376702
0.659813
0.761904
0.167687
-0.127368
-0.048957
-0.100252
0.450738
3.071021
-0.227962
2.075861
0.282460
0.787839
0.854203
0.060908
2.404943
-2.066202
0.295459
0.078911
0.279069
0.166406
0.242129
0.508100
-0.354807
0.043935
0.050667
3.267725
0.806145
-1.565360
0.237144
1.070376
0.650321
-0.019426
2.531959
0.588626
0.186206
-0.001165
-0.091189
-0.458724
