1.201119
-2.212066
-2.125541
-1.347013
-0.191803
1.478947
0.393302
1.691777
-0.138549
-0.638177
1.932583
-2.367457
1.936591
1.079941
-0.022686
3.012787
-0.030658
-2.284388
-0.680904
-0.539243
0.828312
1.033289
-0.549551
-0.207022
2.120912
-0.632744
1.194107
0.025955
2.331498
1.425651
2.283951
1.262897
-1.114648
-0.940002
1.160880
-2.156709
-0.028120
-1.289596
0.277109
-0.578674
1.848583
0.667111
0.384890
-1.983762
1.353675
-2.003828
1.916180
-1.688728
1.879689
-0.787639
2.019377
-0.080067
0.120019
1.894238
2.074620
0.757528
-0.082370
1.600781
1.286995
-0.444370
2.228886
-2.401115
-1.388063
0.676471
-1.273050
1.552693
1.621773
2.133133
-2.083171
1.097362
0.145613
2.531938
-2.199319
1.666433
-1.190207
2.145496
2.021879
-0.442434
2.118456
1.236300
-0.716341
1.680562
0.561719
-0.141613
-0.440023
1.585867
0.619650
-0.188277
2.187859
1.311387
-1.271845
-0.259544
0.943693
2.117962
1.931638
1.565329
-1.743775
2.305295
2.216814
1.851358
0.584677
-1.751087
1.458801
1.893530
-0.926819
1.191085
0.179232
-0.372113
-1.621107
-1.175581
-2.359489
-1.425192
1.647417
1.397004
1.233472
-1.820136
0.284390
1.225013
-2.261688
-1.749290
-1.478860
2.883960
2.113011
-0.606579
0.803109
2.200080
0.909084
-0.349789
0.659720
-2.278107
1.210856
0.796447
1.273858
-1.529546
1.111072
-1.893873
-1.256149
1.434442
-1.156642
0.433912
0.380744
-0.049272
0.518789
2.581911
1.809094
2.060857
0.100237
2.372874
0.757306
1.467204
1.468574
0.293104
-0.437545
-0.115475
0.661136
0.835672
-0.687442
-0.365681
2.043831
-0.324376
-0.619329
1.617021
-0.282757
-1.895001
1.642049
-0.062214
-1.813481
-1.901976
2.245033
1.481526
1.233636
-1.626901
0.470006
-1.759118
-2.332876
1.086000
-1.057743
2.424752
2.170219
-0.118788
-0.074344
-1.251499
-1.423866
1.081547
-1.613920
-1.259816
-1.676457
-0.147872
1.158502
0.769509
-1.912243
0.822254
-2.362773
0.910586
-1.854341
-0.362643
-0.138202
-0.284867
2.320682
-0.393844
0.325942
1.739627
0.291730
0.676548
-1.982140
2.338474
0.655805
0.903472
1.101194
-1.475094
1.660432
1.104979
-2.046623
0.611447
-2.222789
-0.328460
-0.889630
1.502140
0.860548
-2.018400
0.266556
-1.764481
-2.101369
1.776930
-1.507895
0.460917
-2.145492
0.840211
-1.627289
-1.439843
-0.668573
0.312218
-1.508204
-0.479392
0.208792
-1.914703
-2.303856
-1.359203
0.125432
-2.117406
-0.533539
-0.197914
0.265892
1.008426
0.806905
0.221070
-1.109286
-1.846138
0.833639
0.759567
-2.155955
-1.786459
-0.065797
1.026274
0.014093
-1.338339
-1.354744
2.343161
2.095088
-0.496638
0.098145
-1.500630
-0.382435
-0.395520
-0.286487
-1.788560
0.425092
-1.179955
-0.192001
1.800741
0.778927
2.150829
-0.734778
0.719681
0.305589
1.095116
0.632118
0.392869
-2.075561
0.063700
0.342130
-0.490233
1.273079
0.906792
-0.707674
-0.863251
-1.746925
-2.388102
-2.234394
2.087271
0.914405
-1.005678
0.637815
-1.909762
0.388369
-1.912932
0.524704
0.458906
-0.470408
-2.186366
-2.105187
0.535181
0.254032
2.294677
1.846201
-1.763911
-1.764225
1.932711
-0.450234
1.242700
1.352982
-0.417248
-1.869587
0.688399
2.107680
1.252984
-1.885096
1.981905
2.439750
0.014304
-0.659898
1.508958
-1.307569
2.178288
-2.324379
0.828857
0.098645
-0.436549
-1.794753
0.366316
-1.255392
0.944047
-2.136542
1.646715
-2.202563
2.336397
1.696155
0.399906
-0.882269
-0.991889
0.198502
2.118047
1.190731
1.414639
2.086956
-0.098266
-2.432386
-0.466908
1.046339
1.795447
0.383027
-0.669984
-2.006490
0.039120
-1.659481
-0.923328
-1.927619
0.300110
1.399907
2.217043
0.079643
-1.588223
2.788955
1.347835
2.975530
-1.743425
2.927338
-2.026730
0.132048
2.076692
0.596620
0.903460
0.856625
-0.974974
-1.131400
-0.317151
0.941563
2.631702
-1.988410
-2.025415
2.563808
-2.475899
-0.305275
-2.096888
-0.281022
-2.064942
1.215140
0.238393
-1.970045
-0.789437
-0.263055
1.014948
0.184563
0.777716
-0.111900
-0.305467
1.181470
2.734851
-0.831644
1.945827
1.512862
-0.108884
0.660975
2.409005
-1.074199
-1.576250
0.857791
-0.429977
-1.475672
-2.074397
-0.764940
1.950131
-0.859787
2.512311
1.033907
-1.549949
0.585801
-1.984839
2.445404
-1.944246
1.807644
2.168077
-0.611704
0.757694
1.496007
-2.331999
2.163082
-0.986304
0.501807
-0.213593
-0.583975
1.023524
-1.487766
-0.362905
1.323073
0.109780
-0.117009
0.042501
-1.222077
2.793013
-2.025387
1.636406
-0.689292
0.496259
1.178307
1.195384
-1.929167
1.634493
1.916597
-2.151476
2.853609
0.573417
-1.982870
2.031316
-2.167308
0.987799
-0.125903
1.161240
1.657015
-2.249053
1.424628
1.178367
0.019172
1.745255
0.515379
-1.018110
1.829022
0.542888
0.531144
2.330165
-2.441363
-1.332544
0.934149
1.327362
3.094020
-0.888654
-2.530291
0.707557
-1.732207
-2.428125
1.106921
2.192856
-1.803586
-1.635115
0.333713
-1.826084
-0.690340
-1.856250
-2.014209
1.133223
-1.140288
-0.382814
1.023810
-0.049258
1.385901
0.671422
-0.300874
-1.040087
0.543614
-1.021919
2.178635
2.467421
-2.047590
-2.162957
2.060952
0.839305
-1.837515
-1.965447
0.870575
1.148084
-1.289684
-2.214893
-0.286322
-1.796879
-1.801137
-1.695401
-1.504438
-1.050060
-1.509972
-0.038996
2.334038
0.946093
0.914121
-0.496743
-2.035327
1.983010
1.853471
0.537581
-0.200386
2.762215
1.872152
-1.884945
2.378317
1.732972
0.632180
0.850646
0.998571
-0.545972
-2.376536
1.040182
2.228485
1.068171
0.909012
-1.389369
-0.620320
1.153487
1.276921
1.229583
-1.566506
-1.783037
2.531442
0.122200
-0.708499
-1.675997
0.919759
0.907458
0.279147
-0.188793
-1.961890
0.836287
0.753885
1.954486
0.185178
-0.196441
1.849342
-0.251323
1.127949
2.882608
-1.483803
-0.355512
-1.254425
1.084955
0.632314
-1.762807
1.361545
2.255118
-1.123870
-0.916633
-0.503540
-2.262912
-1.443275
0.121394
2.699653
2.060952
0.519760
-2.109032
2.565662
-2.166741
-1.797783
-0.799547
-0.821761
2.378087
-1.604847
0.957302
1.067944
1.500321
1.545659
1.978654
-0.284264
1.534814
2.161866
-1.672854
0.124804
1.832088
-1.939321
2.402721
0.142026
2.387264
1.187439
-1.189976
-1.994866
-0.448964
1.212095
-0.994960
-1.304368
2.837228
-2.469669
0.915990
0.602118
2.572659
0.376301
-0.699101
-0.493714
-1.525514
-2.064550
1.989947
-0.474399
0.968523
2.299469
-0.108373
-2.369189
-1.524426
-0.241688
-1.696951
0.663026
1.857094
0.154240
2.240286
2.871210
-0.262811
1.506783
-0.094331
0.918561
-1.561701
0.223783
0.665996
2.741335
0.736041
-0.641992
-0.215672
0.749651
-1.858123
0.130826
-0.198659
-2.121992
-0.327628
-0.332977
-1.209666
-0.678680
-1.785922
1.432520
-0.396599
-2.034402
0.199326
-1.900969
2.028172
-2.268027
-2.124502
-1.016964
1.740140
-1.051097
-0.570264
0.350125
0.034724
0.516277
2.038635
-0.617624
-1.861135
-0.476091
1.105168
1.853720
0.422652
1.039496
0.718082
0.754589
1.800474
2.061876
1.706923
-2.110402
-2.468474
