1.336465
-1.332368
-0.556990
-1.133852
-1.684702
0.214439
-1.150419
0.298787
0.020648
2.212172
-0.135779
-0.252900
2.259159
-0.443139
1.958017
-2.178694
0.776557
0.114681
-1.841217
-1.752942
1.412797
-2.227200
2.012642
0.608189
-2.526551
-1.782709
1.083997
0.065148
-0.164746
-0.710758
0.746344
1.845085
1.163977
1.312227
-1.465580
1.863635
-0.594683
-0.971745
-0.699938
-0.917596
2.019381
1.066429
-0.024389
-0.513912
-0.598490
-0.300218
-2.322239
1.443276
1.137157
0.130696
0.704633
-2.057777
-0.119309
-1.536616
-1.800842
0.168261
-1.474632
-1.467402
0.065877
-1.652611
0.452332
-2.018384
-1.967389
0.147559
-0.641936
1.999888
-1.784424
0.806595
0.138426
-0.279521
-2.146784
2.231733
0.308066
2.580949
0.529755
0.207176
1.025796
-0.215711
1.451660
-1.055500
1.192890
-0.971473
-0.994400
-0.146046
0.303386
-1.310562
-1.420222
1.236183
0.173695
0.758531
-1.229926
-1.825528
0.883194
0.048249
1.943061
-0.187544
1.841599
1.406052
-1.063491
-0.200778
1.031176
0.479970
-1.134158
-2.100935
-2.174896
0.917286
-0.642836
0.594065
1.547788
-0.474032
-0.142152
-2.168454
-1.716193
0.227969
-2.194029
-2.090711
-0.947136
-0.970412
-0.730731
1.517044
0.710641
1.173528
-2.844981
-2.234093
1.988122
0.270694
-0.398178
0.052143
-1.517947
1.102367
0.493492
-1.370078
-2.025422
0.722395
-1.791356
1.471800
-2.124182
1.595949
-0.058057
1.541805
-2.001279
-2.080153
-0.263037
0.457694
-2.264318
1.291394
-2.258983
1.343481
-1.231569
-0.105191
0.706876
0.461406
-0.402053
-1.503670
-1.762036
0.733175
-1.329079
0.618576
-1.644222
2.196506
-1.998683
2.016472
0.502540
-1.492868
0.058717
1.418176
-1.805844
-1.694756
0.065430
0.233863
1.383335
-0.139080
-0.140998
-1.584983
1.805732
-0.149889
1.192208
0.942476
2.103669
2.575619
-1.719349
0.534856
0.786864
-0.452385
-1.184477
0.011704
0.167554
-0.742481
-1.268723
0.204586
-0.493894
-2.348850
-0.079456
1.827568
1.056756
2.484607
-2.226498
0.695688
2.211101
-0.963062
2.259704
1.187826
1.194829
-1.763631
1.574370
1.429760
-2.540798
1.742398
1.983349
-0.915800
-0.115010
-0.644536
0.414085
-0.837209
1.411052
-2.269266
0.729482
1.364318
0.360659
0.944723
1.506516
-0.653651
-0.390910
-0.271970
-0.157472
-2.075939
-1.658859
1.739948
1.256073
-1.646886
1.496594
-1.964387
1.253235
1.609220
2.224199
2.094403
-2.445136
1.680631
-1.937828
0.046226
-2.108470
-1.906138
1.371522
1.676548
-0.091348
-0.913553
1.770730
-0.182339
0.238898
-2.059221
0.439791
-0.421755
-1.120756
-1.152964
0.697577
0.369636
0.499618
-2.363552
-1.312707
-1.270936
1.814777
1.877082
1.609277
0.144083
-0.278259
1.625200
-0.853029
-1.111108
0.287879
-2.095397
-1.100634
-0.684877
-0.537174
1.651761
0.135894
1.512815
1.809469
-2.171568
-2.515354
-0.889172
0.389932
-1.362503
0.010869
1.875690
2.720347
-0.008211
1.266030
-2.122202
-0.187366
-0.754383
1.140057
-2.376614
-1.297291
-0.942909
-0.601266
-1.243754
-1.944413
1.040270
-0.622986
0.087443
1.016304
0.271036
1.461233
1.859991
-0.730506
0.113151
0.781978
0.430701
-2.126471
-1.818468
-2.111147
1.795409
0.048167
1.935050
0.898261
0.055260
1.183084
-1.244531
-0.579716
-0.095957
0.247396
-2.113126
2.458784
1.262084
-1.815269
0.097725
-2.431402
-2.317801
0.679727
1.040573
-2.286073
2.544669
1.745181
2.454772
2.400597
-0.523932
-0.680555
0.678319
0.467263
-1.522011
-0.537304
-1.152153
-0.369184
-2.004734
-1.809555
1.828203
1.630266
1.407525
0.692984
-0.219594
0.609192
-0.503203
2.646150
-2.269512
2.144806
2.639123
-2.078387
-0.095893
0.171076
2.266844
1.976751
1.829282
-0.679214
-0.571373
1.057662
1.010881
-0.057280
-1.743417
0.276420
-2.554673
2.230894
-0.911925
0.768249
-2.096705
1.751885
0.545776
1.702292
0.428100
0.932658
-1.989615
-0.922006
-1.669203
0.493991
0.520832
-1.470120
1.685207
1.535106
-2.053175
-0.117949
-2.069071
-1.713267
-2.384420
2.162781
1.382805
1.124915
-1.066631
-0.580228
2.539988
2.389520
-0.262808
-0.252447
-2.042733
0.932913
2.757799
-0.188011
0.508759
-2.059855
-1.589138
-2.328441
-1.780846
1.850986
0.580808
1.432707
-0.398130
0.410514
0.343157
1.073142
1.544930
0.980579
2.282189
1.397743
-0.015156
-0.213265
2.734360
0.481526
-0.594953
-2.242270
2.183340
1.846202
-2.761393
-0.162461
2.629047
1.238088
-1.489324
-2.053143
-2.263130
-0.007821
-1.612419
2.143454
2.136259
-0.524605
1.057735
1.895270
0.658637
-1.460930
-0.066382
-1.959840
-0.613279
-1.977718
0.556056
2.539557
1.575962
-0.380000
-1.798913
-2.129274
-0.767590
0.311354
-1.388329
-0.189690
-1.208710
-0.300096
-0.977127
-1.098970
-2.199737
-0.529737
-2.444209
1.314111
1.760825
1.041498
-1.402532
-0.966815
-0.127842
2.002410
-0.468777
1.213390
1.956519
1.246293
-2.506234
1.817760
-0.643541
0.307128
-1.244925
-0.193434
2.326596
1.189033
0.992349
1.562365
0.522002
-0.341427
0.950016
0.838798
0.007858
0.004044
-1.688821
2.164227
0.462208
-0.299407
-0.122692
2.495292
-0.226008
1.226599
-0.473756
-0.392561
-1.306198
-0.383459
0.562877
0.470836
-1.218214
-2.017395
2.111082
-2.026891
-0.187185
-1.188454
0.664496
-1.643726
-2.383806
-1.551970
0.386554
-1.323956
-0.374286
-0.423886
-0.195673
-0.169121
0.204647
-1.287907
-2.175563
-0.282428
2.271971
1.653830
1.646538
0.801383
-0.730728
1.181298
-2.808413
-2.567391
0.468227
-2.587121
-0.986790
1.036830
1.595021
-2.462807
-1.914175
2.196227
-2.494096
-1.757671
-2.240001
0.992451
-1.544466
-0.516516
0.390910
1.230949
-0.243994
-1.144948
2.199146
1.516485
0.991724
-0.738708
-0.687770
-1.638346
0.411201
0.501590
2.376896
2.561739
-0.265473
-1.878083
-1.137274
0.517945
0.594160
-0.861651
0.510368
-2.467400
-0.850654
2.671912
-0.027498
-0.304173
-1.458897
2.759709
-2.129429
-0.389680
-2.074903
-1.175349
0.551384
-0.768370
-1.088009
-0.060074
-1.962843
-1.968214
0.671213
2.770594
-2.092106
1.506035
-1.345479
0.510419
2.003003
0.333741
0.280830
-0.574198
0.201370
2.057571
-2.245487
-1.465338
-2.085245
1.585924
0.159615
1.006101
-1.457174
0.959731
-0.775125
-0.228407
0.213315
1.453406
0.747354
-2.092948
0.552587
-0.394871
0.638992
-0.277219
-0.677976
0.629823
0.800005
-2.271230
1.956772
0.421129
0.952467
-2.184776
-0.629691
1.570691
-1.879361
1.369253
1.732089
-2.366951
1.076452
0.687557
1.915396
1.230471
2.221403
0.231580
0.504697
-1.897855
1.537217
1.239962
-1.340533
0.567107
-0.330106
-1.938770
2.342651
0.592637
-2.174193
-1.106024
-0.194959
1.154288
-1.867557
-1.782434
-0.840939
-2.097062
1.220138
1.768640
-0.542946
0.624059
1.980667
0.674083
-1.139930
-0.115021
-2.073637
-1.664759
-2.117031
-1.330876
0.988204
0.381121
0.479316
0.898117
1.951548
1.529764
1.973509
0.855637
-1.335335
-0.391075
-0.384208
-0.241993
0.959822
-0.338011
-1.931400
-0.407413
0.769922
-0.403857
1.187785
0.572437
0.811178
-1.659702
1.343971
