0.834692
1.678761
1.768884
-1.112869
-0.020953
1.705314
2.250651
-0.749741
-0.069094
2.470118
-1.210397
-1.512076
1.145827
-2.123106
-0.270547
3.955491
-1.483871
-2.236678
-1.954113
-1.859421
-1.952009
-1.079191
1.178341
-1.641235
1.286977
4.223450
1.330507
1.586678
-0.522977
2.310155
1.679880
4.034853
1.425938
0.776668
-1.706701
0.825415
0.613145
-1.755699
0.249787
-0.500902
0.551358
0.818158
0.113911
1.097549
1.944320
-0.496258
-3.910572
-1.010577
-0.379688
-1.479862
0.345117
1.670568
-1.829493
1.419895
0.299861
1.234492
-0.840300
1.133622
1.070066
2.126081
-1.998720
0.696091
0.415109
-2.127162
0.813095
0.708704
-4.042693
0.658260
2.075913
0.873184
-0.479570
0.820351
0.677987
1.065205
-0.314787
1.580310
-4.035199
1.756872
-1.342556
4.163138
1.472935
-1.537660
1.878865
0.701661
1.624574
0.256984
-1.274476
1.408563
1.721594
-0.096255
-1.080770
-0.483464
0.873981
-0.505989
-1.493898
0.651659
-1.928945
-0.272647
-1.128774
-1.795638
-1.499941
-1.167002
1.583094
4.029105
0.259460
2.379389
-0.341507
0.010541
-3.965353
2.051310
-1.775067
1.392523
1.714511
-0.718650
2.127337
-1.723024
-1.562941
-0.579536
-1.026984
-0.687221
1.720707
-0.457810
4.191928
1.447579
1.564671
1.110485
0.052143
1.952569
0.891752
4.086237
1.805214
1.993118
1.070460
3.579924
2.360899
2.041634
0.938797
1.970888
1.813688
-0.620999
0.978887
0.903753
1.988817
1.147109
0.012297
-0.241018
-0.523744
-2.069018
2.377498
0.498526
0.894237
-1.939408
-4.161242
1.662678
1.567530
0.530333
1.050668
-1.498989
-0.040000
1.792849
1.581178
1.918969
0.477250
2.140448
0.044574
-0.279737
-2.093608
0.594717
-1.503009
-1.477386
-0.843413
-1.191284
1.349513
-1.000004
1.302226
-2.222716
-1.816608
-0.546762
-0.509583
-2.029793
-1.324325
2.266418
-0.153418
0.203058
1.735795
3.003236
0.385651
-1.778058
1.007038
-0.968851
0.696261
0.577407
-1.990294
1.088748
-1.155765
0.518893
1.532632
-0.291015
1.853517
-1.721813
0.363609
0.642104
-0.940262
2.104844
-0.654703
-1.144122
-1.010617
0.587144
1.843403
-0.825711
-2.191512
-0.112371
1.966065
0.240025
-1.356756
0.477852
1.110276
-1.482586
0.705760
1.374043
-0.754271
0.635767
-1.942842
0.758009
-2.187174
1.141890
-0.292195
1.017329
2.056613
0.929306
-1.803271
2.164282
1.177198
0.256962
-2.179425
1.314441
-0.027705
0.738450
-0.117158
1.826983
0.745922
-0.486239
-1.608010
0.400091
1.647151
0.499043
-1.579101
4.223938
1.173343
-1.385947
-2.129904
1.024446
0.937674
2.441866
-0.300208
0.693385
-2.047213
-2.094048
-0.785461
0.294159
0.791766
-1.544070
-1.752509
1.351774
-5.908126
-0.056853
3.505006
1.922275
0.231637
3.938376
0.995267
0.335362
1.995419
-1.641167
0.754672
1.527425
-0.290335
0.772371
-0.916430
0.688618
-0.689129
0.689457
-0.774046
-1.715527
0.460717
-1.705189
1.701750
0.793541
-0.301613
-2.281415
-0.502311
-4.023760
-1.134913
1.290505
1.588467
0.625538
0.758701
0.994138
0.184415
0.115801
0.513220
-0.915109
-1.387221
1.989654
-0.175892
1.836409
2.129224
-2.090706
-1.299121
1.457476
-0.230616
1.882601
1.762207
-1.691408
1.348430
-1.409990
-1.462883
-0.232993
1.354561
1.126833
0.109843
2.087450
-1.117728
1.468225
-2.654144
1.923511
0.504635
0.371984
-2.220311
0.529572
-1.149521
-1.061370
1.067481
1.048020
-0.932234
-0.623467
1.947906
-0.496144
-1.245801
-0.855244
-0.298912
0.818340
-2.137228
0.223218
1.447691
1.320298
1.298704
2.044554
1.811028
1.189969
-4.079075
1.350525
-1.701701
1.287176
0.862575
0.176425
1.670196
1.695305
0.021308
1.740867
-0.723394
0.978514
0.930426
1.535674
0.365841
-1.747633
-1.593989
-1.624793
1.052429
-0.251080
-2.251008
1.364950
-0.493011
2.050701
2.088555
-0.789554
2.069183
0.946446
1.574269
-0.353060
2.342360
-0.763960
-0.984525
1.224947
-1.708751
1.577023
1.313782
-2.209963
-1.883077
-1.135665
1.209365
1.858650
3.861524
0.231375
2.202749
0.727935
-1.713963
-0.675734
0.701053
0.558745
1.231724
0.683271
1.023372
0.007608
0.966185
2.244309
-1.913507
-0.665559
3.586321
3.518507
-1.347613
1.498328
-2.173967
-1.034900
-1.035166
-2.917478
-0.038917
1.084027
1.376954
-0.083643
-0.062507
1.882582
-1.858886
-1.164556
0.842539
-1.501711
-0.846998
0.179311
-0.907922
0.689734
-2.102200
-4.045970
0.915441
-1.005528
1.575053
1.296453
-2.208913
1.966273
2.783564
1.129106
0.311520
1.471599
-2.241964
0.085839
2.125851
-0.398338
-0.639216
2.162410
0.396648
1.477699
-1.830637
-1.657236
-0.092028
4.011244
-2.317797
0.619332
1.117388
1.231458
1.874397
1.156848
0.774809
-0.094274
0.712423
0.748335
2.074054
1.863374
2.185688
2.101442
0.649030
0.232665
-1.124157
-1.869600
1.856898
-1.654093
-1.969199
-0.288718
0.815290
1.550060
0.627711
0.909495
2.212670
1.686699
0.902825
4.196601
-1.371148
1.564108
0.059697
1.444331
2.156225
0.829546
1.580446
1.250991
-0.066908
-1.287028
-1.624315
-1.986633
0.209266
-1.212096
1.053870
4.059965
0.651990
1.157247
1.415688
1.760901
-0.386172
-2.044438
0.968358
1.758482
-1.845102
0.068071
-0.062546
-0.880309
1.043141
1.254800
0.857074
1.407651
2.335177
0.211120
1.003684
-4.167103
-1.539595
-1.212555
-1.121523
1.191692
-1.793813
-1.329821
2.189550
-1.988124
1.543990
-0.379694
-0.045093
-0.292117
1.582293
2.290257
1.688479
-4.039211
0.745335
1.977690
-0.760963
0.057410
-1.188220
0.673147
-1.366883
1.582778
0.604037
-1.776044
-1.821520
0.771490
-2.100488
1.877751
-1.714199
-1.539346
1.820542
-0.131618
-1.378826
2.265507
-1.728329
1.613970
0.702331
1.505681
2.015901
-1.413501
1.591591
1.633097
1.449761
1.693199
0.566370
0.825064
-4.110722
1.761116
0.023068
1.766328
0.402302
0.881808
-3.914940
1.210871
-1.581835
1.355929
2.319599
-0.144575
0.056348
-0.338672
0.341256
-0.428533
3.172414
0.072352
2.370930
2.148055
-1.634087
1.099249
-1.730144
0.559238
0.793181
0.725347
1.799677
-0.020209
-2.008272
-0.500668
0.714707
2.192734
-1.864480
1.804070
-1.812911
0.419697
-1.421664
0.623981
-0.344991
-0.417124
-2.034186
0.155870
1.153387
-1.378251
0.186470
1.695786
0.612756
-0.559000
-1.865436
-0.601843
2.343417
0.161168
-1.506889
2.255226
0.602730
1.450404
0.761429
2.182308
1.220400
-1.760230
-1.813711
-2.035826
1.932174
-1.617999
0.841006
0.195397
-0.252125
-0.847144
-0.087896
-0.255589
0.973288
2.017812
0.941717
-4.146743
-1.622909
1.198469
0.567572
0.325351
0.033548
0.084812
0.475676
0.418614
0.303732
0.742674
2.053203
-1.225489
-0.923352
1.199672
1.089247
0.956829
-3.990149
-1.351999
1.204413
-2.020569
-1.375654
1.186388
4.078033
1.762059
1.147726
1.131853
-2.218645
0.124461
1.012016
-0.087381
-1.620452
1.774585
2.136968
-0.233272
-1.804117
-2.266445
-2.430626
1.597180
-1.673508
0.212631
-1.375155
0.858886
0.809928
-1.217697
-1.979834
0.537666
0.233290
-0.402806
