-0.781538
3.175327
-0.678600
0.209286
0.481617
-0.062400
4.190063
-3.193866
0.882894
2.536560
0.187783
3.089839
3.293420
-2.467460
-3.005588
2.963867
3.851637
-0.733353
0.502739
0.001646
-2.249128
2.923115
2.119255
-1.120124
1.063076
4.023513
1.920740
-3.222717
-0.435593
1.426489
0.024057
-0.029544
1.876404
5.675577
0.600938
3.447871
-0.829745
1.909922
-2.026824
1.446557
3.669778
0.981931
5.771890
-1.203677
0.774135
3.374321
-3.144133
-0.313797
0.745833
-0.736254
-0.876168
0.767010
4.063090
4.588003
2.947546
-1.131598
3.344560
3.644097
0.860765
1.440757
6.258630
-0.219962
-1.903595
0.624682
4.072123
-2.516595
-0.208230
0.161246
4.670432
-1.582460
0.504342
4.835995
6.562174
3.926701
-0.921581
0.477815
4.434201
-0.279287
3.307367
-2.722209
-3.393025
-0.170104
4.431144
0.621529
-0.152587
2.249497
0.184221
4.284870
4.403355
3.179546
4.275028
-2.673204
-1.164232
-2.888466
-1.530304
-1.898681
0.338278
-1.766837
-0.011787
-0.382624
1.191932
-0.783786
1.972515
-2.293173
-1.920177
-0.992239
4.413336
-2.144052
3.161802
-1.511730
-0.225670
0.235323
0.457567
4.577653
0.934779
6.264627
0.437880
-0.770608
-2.678791
-2.334426
-0.518091
-3.005968
-1.153011
1.057107
1.912526
1.920531
1.963373
3.886583
6.732774
2.416060
-3.082785
-3.347914
4.622086
3.166379
-2.194299
-3.301345
1.118176
4.245997
6.161041
4.219700
3.718894
0.436385
1.591909
0.761821
1.273646
-0.391881
-2.158041
4.486330
4.239018
-1.704901
-2.540171
1.416700
-0.224088
-3.367603
-3.428125
3.225653
3.681763
4.498831
3.700423
-1.724986
-2.944097
1.177787
0.653004
2.995450
1.860898
-0.873305
1.266601
-1.144530
1.950030
4.684537
3.560185
4.531804
-2.150336
0.406594
-0.476196
3.636103
1.187845
3.484321
-2.815371
6.424798
-0.262898
-1.300371
-0.250841
3.716800
-1.554863
1.940423
-0.808089
-1.176076
0.567969
4.034878
0.182402
-2.695392
0.828638
0.426048
4.078047
0.550668
2.436463
-1.182659
4.008444
0.791141
-2.419872
3.117964
-0.196399
0.167741
-3.178616
0.279409
4.907807
1.351738
6.533168
3.037933
0.470893
4.461016
-3.076295
-0.056245
4.302595
4.099233
-0.465649
2.227906
1.503607
3.101419
5.423365
3.989580
-3.224245
-1.767082
0.722038
4.883175
1.062998
4.271489
4.582766
4.216712
-0.094952
-2.533702
1.394896
-0.246938
-1.440637
0.215274
4.648872
6.533283
3.118211
3.048071
0.326424
-2.909263
6.076301
-0.214519
0.356061
0.219994
-1.456794
-1.791636
-2.790221
3.059988
-1.957489
4.687732
-1.315045
4.034307
2.210026
-1.172740
0.733262
-1.258098
0.903895
2.574808
1.271550
0.522542
0.426103
0.372003
-2.801087
0.360390
-2.824955
-1.682521
-2.920038
-0.296092
-2.412632
4.490610
-2.380983
3.016907
0.931080
3.724699
-2.436253
-3.278364
-1.775542
-1.960540
3.404501
-0.632356
-0.061814
-1.680943
5.163072
-1.115012
2.773260
0.707363
0.435129
4.405362
-1.101056
2.210089
3.039439
-2.302718
-0.748411
3.264909
1.072815
4.452378
0.891058
6.302188
4.264451
4.286831
-2.268114
3.019043
0.391384
-2.602147
-3.034869
0.147732
-3.120064
-2.915463
-1.206630
0.506545
0.097147
0.060022
3.511414
2.017740
-1.872214
0.796320
1.496439
3.875725
0.615729
3.887028
2.007376
-2.414197
5.075081
1.830306
4.053814
0.456371
1.606388
-1.598899
-2.808730
0.055376
0.389231
1.784265
4.532419
2.687648
1.847107
-2.047696
2.096880
3.202704
-0.104633
3.066596
5.363272
0.337287
-0.291618
-1.602896
-0.572867
-1.099339
0.505910
5.097108
0.891144
3.635937
0.402853
2.150200
1.201362
0.544775
1.627029
-0.798940
0.348978
2.040479
2.696689
2.133301
0.605834
3.270246
1.736950
2.882104
-2.044649
-3.363826
5.630647
0.728414
-3.628466
0.168976
0.705574
0.376350
1.837683
0.908439
6.273929
-3.051497
-1.213201
-2.930838
-0.696596
-0.173111
-1.778293
0.338771
-0.185103
1.736670
-1.139044
-0.082556
3.337918
1.810440
-1.306736
-2.732586
4.370827
0.173635
-2.673784
0.061188
-0.705432
0.707650
5.618030
1.955720
-1.455616
-3.135629
-3.050231
-1.482824
4.091728
0.662841
-3.452288
1.567735
3.030790
-1.948954
5.728637
-1.611714
0.708968
3.899218
0.401904
-1.301548
1.008675
-2.471617
-1.432616
0.435878
-0.205702
3.693005
-0.057540
0.935856
3.002946
2.662121
1.288725
-2.459163
-1.462465
3.438168
0.073582
2.011905
3.507620
-1.411705
2.951878
4.177338
4.897794
-2.943500
-0.109039
0.772960
0.607032
1.154919
0.243962
3.659161
0.947750
-0.738666
-1.790687
1.715434
-1.915126
1.154485
3.756803
-2.482143
3.402394
-1.689799
1.839367
-2.823431
0.428818
0.776751
2.986049
0.395790
-0.085696
3.277010
3.423379
-0.255909
4.256813
3.231049
-1.308845
5.369717
0.568438
1.671268
-2.840001
-0.871576
1.691936
-1.355806
1.885176
3.716723
2.066439
-1.130082
0.567473
-2.835679
-0.956831
-2.358235
-2.817323
-0.882823
1.084531
2.656904
-1.984857
-1.501919
0.947349
0.211731
-1.993042
1.804432
-0.814335
3.250594
1.066039
-2.828989
-1.606820
-3.242567
-0.727058
3.174849
2.601865
-1.799011
2.236584
1.764325
3.972901
-1.805996
-0.692413
-0.588843
-0.528511
4.325768
-2.638166
4.149492
-1.821361
1.058794
0.562048
4.179287
1.721175
4.211899
1.939028
1.404150
6.051735
1.743644
1.552661
3.083353
-1.231131
0.576126
0.206861
-2.928777
1.901155
-3.093058
1.116468
-0.889064
1.620056
-1.126887
-2.454870
-1.197623
-2.614327
-0.346958
-2.947060
4.474608
-0.719542
-2.504070
3.430527
6.293820
-2.616082
-0.130041
-2.631358
2.089204
-0.978421
0.658897
-0.652785
0.577103
-1.906483
0.991544
5.708203
4.612004
0.029380
-1.525790
2.762140
0.206928
0.793940
3.531299
0.868850
1.728009
-1.805645
-0.105176
4.715244
0.467341
-0.759714
0.438434
0.988601
6.074872
0.834584
-0.528888
3.225163
-1.885237
3.671095
-2.450760
4.290890
3.445132
-0.488298
1.781167
-0.507223
2.050526
0.520619
1.731797
5.320049
1.642254
3.480180
3.231479
2.063824
-0.480908
4.371739
-2.568967
-1.337905
0.126174
-0.170872
-0.449583
2.620861
-0.634161
0.068072
2.872806
-1.923136
2.031695
0.707946
4.193407
3.130865
0.534429
1.866838
-2.748289
4.003379
3.798333
1.285293
1.459402
0.186363
0.445183
3.926369
4.891454
-0.829399
-0.011967
3.792076
-0.975511
2.230449
4.275322
3.516162
3.303262
6.723202
3.154256
5.032254
0.678452
4.172185
6.148480
0.364744
3.263167
3.991518
-1.443592
-1.301103
-1.927026
2.925716
-3.083771
0.871605
1.383426
1.852254
-3.184130
3.072298
0.189424
-0.846740
3.971046
0.142306
-2.354382
-1.665500
-0.648901
4.498558
4.567751
-3.568587
-0.422450
1.051402
-0.792120
2.339655
1.570285
5.718311
0.242448
1.901871
-3.333586
-0.450463
-1.929256
-1.561614
3.724969
1.645343
-0.996094
3.324708
0.410360
-1.162303
4.102483
-1.895648
0.795045
-6.777165
-0.112577
-1.523634
2.588640
-2.919735
-0.340325
3.936610
0.730408
-0.078449
0.653161
2.972326
0.907011
-1.569394
-0.996864
