-1.178264
3.486166
-1.308689
-2.173451
-0.973103
2.183681
-0.129759
-2.115160
1.749771
-0.555322
-0.319170
-1.224065
2.323017
-4.103932
2.002252
1.336427
-0.508834
-2.055865
-1.989964
2.209710
-2.302871
1.423857
0.311413
1.048138
1.940706
2.033961
-2.165266
-0.980926
-2.111643
0.430253
0.731788
-2.267341
0.363313
0.150233
1.023527
1.125337
-1.286417
0.830144
-1.558293
2.953620
0.626225
-1.896378
-1.052922
1.929605
2.251952
3.552179
0.851716
1.639419
1.960486
-1.634364
0.674824
-4.192573
-1.871332
0.892163
-1.576329
1.309659
1.130020
1.707056
-0.250297
0.838054
-0.104149
-0.206522
-1.954989
1.007214
1.997327
1.961501
1.568119
-2.246572
1.024447
2.041080
0.019969
2.146468
1.667110
-1.485825
-1.550462
1.617148
-1.828073
1.474100
0.868537
-0.648046
-0.233143
-0.060692
-0.585609
-0.956701
0.692124
-1.910199
1.030628
0.057702
2.154099
3.517409
1.398016
1.042969
-1.796818
-0.936441
2.282190
2.362622
-1.501543
1.054242
1.904605
1.339282
-0.368543
0.176432
4.113693
1.796487
-2.323597
-1.019276
-1.048924
4.154555
1.340755
0.499363
2.083858
0.450602
0.184652
0.514198
0.076936
-1.288501
0.049396
-0.078218
0.686599
-1.898910
-0.804055
1.811681
-0.769486
0.105092
-1.720000
-4.057400
1.806780
0.095932
1.932376
-0.077085
4.028734
3.563972
-2.172357
-0.650268
1.047060
-1.874922
1.580077
0.249275
0.384735
-0.133190
-1.804344
-1.353129
0.337199
1.042999
1.382670
2.161829
-1.165142
0.192321
0.453017
1.895859
-0.302907
1.219969
-0.883534
1.330365
0.692018
0.977540
2.065776
0.445582
-1.596464
1.193160
1.057553
0.774785
-1.155804
1.982477
0.393597
1.539937
2.009965
0.442089
1.057259
-2.170187
-1.915862
-1.646507
2.051427
1.761713
0.310142
0.234638
0.645816
-4.123887
1.057239
-0.627351
-1.991404
2.795895
-2.000189
-1.188684
-1.614969
2.275236
0.666906
1.967056
0.941200
2.189744
1.397617
1.909053
1.838778
1.154507
0.059415
-2.059884
-1.945012
1.526526
0.851206
-2.298911
0.838500
-1.771754
1.731371
0.374776
-0.300694
0.914092
0.591554
-0.238199
-1.801751
1.072218
0.694988
0.430932
2.208632
-1.811492
1.706339
1.409484
-2.143101
0.502315
1.368275
1.966087
0.366197
5.420439
-0.129479
0.650632
-1.435593
0.574914
2.288047
-0.926659
0.408153
-0.495855
2.027558
1.006470
-0.004088
1.936731
0.007105
1.050331
1.836524
-1.588957
-2.243603
-3.474014
0.742889
1.587027
2.000582
1.547134
1.408419
-0.286161
-1.601999
1.833976
2.177359
1.404492
0.776374
-0.236379
-2.108513
1.768367
2.046046
2.265829
3.616411
0.290989
2.343359
0.078392
1.083301
1.071751
-3.173662
-1.932107
-0.554426
0.648044
-1.723426
-4.002388
-0.864162
0.647604
-1.962950
1.535684
1.382268
1.696668
0.105847
-1.591361
-0.437947
1.151590
-2.116907
-1.760065
-0.461231
-1.663914
-0.279145
-2.118491
-1.262385
1.482130
0.789214
-1.092019
-0.548581
0.832178
1.535999
-0.135500
1.835014
0.176802
-2.089115
1.694542
2.089532
1.501797
0.084546
2.135240
-1.216038
-1.801313
0.113342
-0.447787
1.873739
-1.077804
1.036194
0.342639
1.498214
-0.367438
-1.495112
-0.866419
-1.953756
1.968947
1.119498
0.405358
-1.102091
1.511400
-2.052640
0.733041
-1.335378
1.474211
-2.828219
-0.324639
1.588890
-1.137563
2.194918
1.036411
-2.076810
1.878160
1.984756
0.890852
-1.671928
1.046046
1.859281
-0.813800
-0.180045
2.014261
2.080175
1.460053
-0.335749
1.115964
-1.868513
-0.637411
2.118397
-0.541834
-0.668755
1.791832
1.314848
-1.559225
-1.590571
0.264877
0.469435
0.440044
-1.809888
1.785463
0.167873
1.582632
-1.388959
-1.576155
-1.656622
-0.743647
-1.617678
-1.317666
1.617165
-1.836203
-0.190055
0.279353
1.437345
-2.197174
1.962069
-1.308756
2.248036
-0.672649
-1.537811
1.718986
1.672837
0.896158
1.975137
0.534508
1.986472
1.608589
-0.210241
0.810922
-0.159980
4.102298
0.444659
1.759782
-2.086676
-0.397514
-1.095615
1.428535
1.658545
-1.603005
1.110660
-1.401258
0.116035
1.506352
1.575196
0.387919
-0.761396
-2.153242
-0.396726
0.874840
0.800062
0.479058
-3.987501
1.829410
-1.793182
2.266032
-0.691379
0.532173
0.993132
0.492532
1.397899
-2.074356
-0.516173
1.740244
-1.876471
-0.759045
1.026239
0.832324
-1.935056
1.739268
-0.539902
0.448000
-0.581145
1.870969
0.673631
1.274728
0.336687
-1.122738
-1.353081
-0.766176
0.249730
2.137203
-0.322723
-1.149484
-1.551094
-0.568899
0.772524
0.710621
0.498734
2.313774
0.762259
-1.522031
-1.640411
2.411681
1.294233
2.085266
0.421831
0.343791
0.338849
-0.054461
1.816067
-0.437145
0.314737
1.829099
1.451636
-0.524569
0.979468
-0.618242
-0.885997
-0.212621
4.162595
-1.545474
-0.493000
-0.532682
0.786003
-1.504791
0.406019
2.274760
-2.126688
-2.106653
1.697843
0.713151
0.238075
-1.073875
1.078250
1.739025
-0.947016
1.505619
1.021305
0.834238
-0.361343
-0.725419
1.365122
1.556020
-2.097418
1.778665
-4.062982
1.283556
-1.932387
1.051095
1.413454
-1.942554
1.665570
-1.485539
1.780201
1.158949
0.622550
-1.654499
-0.601391
1.969911
1.528775
-1.564878
1.157367
-1.304035
-1.310829
-1.309744
1.482369
-1.109736
-1.806659
1.037739
-1.790589
-2.172660
-0.561264
-1.644071
1.650788
1.513619
-0.319442
0.954405
-2.227025
2.302702
0.691843
-2.202397
-0.277588
-1.767703
-0.372721
1.909596
1.871566
1.410149
-1.774881
-0.432291
0.595640
-1.249308
0.220632
-1.008871
0.537205
0.539478
0.008260
-1.220732
2.238540
-0.523802
0.415986
-0.458102
1.778604
2.377262
-0.810134
1.703107
0.058537
4.111790
-1.690164
-0.303472
-1.447515
1.097409
0.379259
-1.666213
2.053183
1.686910
-1.764147
2.064816
0.075227
0.927981
1.612173
1.464133
1.760770
0.242886
-2.048388
-2.263436
4.106848
-0.299355
0.196497
4.051906
0.823602
2.121426
0.948041
2.211475
2.226008
1.258449
0.801785
0.795086
0.900033
4.043443
2.070918
-0.156407
3.570740
1.783746
1.047237
2.064094
-1.250630
-1.417823
-0.065713
2.198125
-1.953647
1.269392
0.508845
0.108494
1.778643
-0.292437
3.245644
-0.278201
-0.345420
2.016680
0.588569
1.949882
1.645335
-2.037444
2.168635
-1.592455
2.068923
2.177607
1.502136
1.446116
2.587320
1.334861
1.582240
-1.312812
1.596651
1.480198
-1.932969
1.014465
-2.094978
0.019392
-2.134832
-1.939723
-1.679991
1.978745
0.979044
0.902940
-0.020954
2.322186
1.653425
-4.133484
-4.049034
-1.781765
0.910705
0.352214
1.482300
-0.612452
4.216687
1.865036
1.353017
2.331788
-0.912050
0.809394
-1.745684
1.052421
-1.874783
2.177191
-1.048228
-0.596228
0.503387
0.265007
0.859190
3.717506
0.701328
1.203377
-1.840100
-2.213249
-0.676832
-1.851448
-0.480401
0.369426
4.190313
2.338752
0.086947
0.196228
2.220033
-0.361094
-1.656151
-1.465233
2.428993
2.138514
0.403675
0.677986
1.310753
-4.097916
-1.538736
2.149863
0.411168
0.887069
-0.189276
0.659335
-2.147365
1.737333
-0.560288
-1.284154
-4.044026
0.774688
