2.275290
2.463884
7.532231
-2.123638
-0.278300
-1.304544
-2.287808
-2.798569
7.853982
1.899846
7.040020
8.382056
3.319686
2.153536
2.616009
-2.516957
-8.458287
1.289564
0.849825
9.479269
7.532231
5.899368
-1.010436
-7.560795
8.502314
7.734553
-7.853982
0.281232
2.548243
1.243396
5.937630
7.165057
7.140921
-0.570040
-2.111216
-0.061148
0.132552
3.177292
2.502679
2.251318
3.083964
-0.717012
1.136843
-8.116976
-8.781277
2.863293
5.921982
-1.236059
6.998277
1.978428
-2.421039
6.756092
-8.489008
-7.946311
1.225241
-0.333945
-8.208687
-5.213402
6.841785
-0.942000
2.169215
0.489957
0.220829
-1.725115
-1.739393
3.141593
7.415122
-7.911610
0.101689
7.081570
-0.603230
9.424778
-1.321544
2.936951
-2.369892
-0.079830
-0.216085
2.843094
-1.499489
3.011890
-0.099669
9.128232
1.831399
3.030935
0.314232
8.070532
-2.543174
-2.218188
7.489247
7.323208
0.773351
2.242402
5.650436
15.687966
3.399845
-2.645170
2.958482
1.107149
0.798056
7.351891
-0.071307
-0.665969
2.630362
-3.054097
7.373807
-0.669043
4.575986
-8.009576
0.815692
8.204296
2.609869
-4.453057
-2.356194
2.469629
-2.147989
-0.059928
0.020830
-0.961633
-0.363979
-0.200954
-0.743170
0.389317
-0.785398
2.444571
8.485672
8.325759
-2.076087
3.483208
-2.686142
2.221873
7.131002
2.951604
2.610819
3.470146
-7.904785
1.423718
-2.627141
0.169101
1.023234
7.281522
6.871188
-2.218188
-1.076855
1.985303
2.582993
1.528269
8.204296
2.653259
5.622142
-1.016489
-1.487655
-1.668050
-0.643501
9.325109
-2.530867
6.407540
0.544280
0.071307
3.045734
9.622174
2.880990
1.255181
0.340382
7.081570
-2.969402
-1.570796
-0.598419
1.298650
-0.906022
-15.097237
-0.463648
3.417019
2.677945
-0.452778
-0.694738
0.866302
-0.523919
2.806856
6.957926
2.184566
0.368696
-7.493145
-1.761435
-2.054243
1.512041
0.435353
1.963854
-0.304992
0.040794
12.737106
1.973117
-0.429762
0.825377
-2.622447
-1.720609
-1.021422
-8.126990
-0.993604
-0.071307
-7.676385
0.049958
2.153149
0.577192
-2.179960
-0.988443
-1.697388
-6.168309
1.570796
-0.072599
-0.314232
-1.667270
-1.190290
-0.615620
-2.613518
-8.098960
-0.270947
4.216837
-0.112728
9.669757
-2.089942
-1.635921
-2.536048
2.449258
2.273053
-2.067219
8.089527
9.272129
2.006150
1.901094
7.365129
2.713329
-9.354717
-6.052095
-0.221314
8.161027
-2.711830
-2.652740
-3.019750
-0.226799
-15.479861
-2.092231
-0.610726
-0.437791
2.661418
-7.986533
1.759995
1.446441
2.225367
8.154153
1.626295
1.528269
0.547562
3.414601
1.993650
1.570796
2.721396
2.574863
-0.039196
2.704965
-1.261093
0.665969
4.914151
0.238609
3.052937
1.306308
1.453688
-1.033512
-0.377249
9.059031
-1.961403
9.501550
0.130827
5.665430
2.887225
-2.704965
7.293295
-8.169952
-0.799482
0.391700
-5.061160
9.316117
0.038443
-0.499347
2.276365
2.102520
7.427354
-1.716106
-0.257324
0.866302
-0.548549
12.102723
1.551931
2.164146
-8.189620
2.745151
2.832662
0.088656
-2.087491
-2.622447
-2.009656
-1.277207
-0.428264
0.368696
-0.757628
0.811034
-2.273053
6.451782
7.473475
8.157983
-2.819842
0.269849
7.175862
-1.343997
-0.214061
1.115696
2.882261
-8.047193
3.060141
9.479269
7.138890
-2.859821
2.525296
-2.001935
-8.149422
7.288832
6.851710
0.220829
9.129337
2.462930
-2.548243
-2.317253
-0.361204
2.342111
-1.537475
-2.598115
15.588534
2.619758
8.534503
3.205336
1.261093
1.024007
-1.830128
-1.929567
2.582993
-0.873775
-1.254826
13.073469
7.154089
1.804540
0.321751
-1.381597
6.861087
-7.927921
3.163811
-2.063282
-0.519146
0.798384
-2.767866
-1.384309
-2.508844
2.059649
6.980576
-1.805519
-7.421574
0.785398
7.418628
0.916714
-1.570796
-1.951303
2.084402
-2.733961
0.857735
-0.063743
2.179960
-0.197396
-1.675673
-0.785398
-0.840897
7.506920
6.937268
-1.382575
12.604089
1.791290
-0.950547
-0.037020
-1.532354
1.570796
0.444419
3.451296
-0.389317
-1.373401
0.019997
13.283692
2.650429
-2.841421
7.485286
0.218669
-2.202487
-0.543832
-0.617756
-1.595182
2.677945
-8.327833
7.720171
-2.632522
2.570255
12.316392
-1.878849
-1.620755
9.306288
1.663553
-0.260602
8.406823
0.990040
2.509902
7.016000
2.302193
6.183517
-2.778446
7.473475
6.473824
1.723446
6.283185
1.610775
-1.881795
-1.513168
0.259332
1.067170
3.199221
7.660770
2.397267
3.364254
7.002015
2.706239
0.214061
0.472497
7.054500
-0.439843
2.999696
0.264488
-1.107149
-2.614965
-2.926235
-8.969327
-2.067219
-0.231091
1.643837
2.542417
0.189988
13.338436
13.562862
-1.099019
-0.610726
2.553590
-7.580973
-7.962643
-2.426501
7.518343
-1.553254
7.960717
0.260602
0.165149
-7.791563
3.141593
-0.481664
-1.304544
-0.168597
1.311465
-2.259721
15.820691
-7.549981
-1.515298
-1.423718
2.253988
15.894450
-1.629552
7.276789
3.280689
2.341703
-1.162647
-0.556599
-0.394791
-2.092631
0.038443
1.190290
-8.548720
2.880990
0.613770
7.068583
-5.132586
1.249046
-0.523919
-0.876058
4.645821
2.597312
1.843805
-1.898916
-2.518922
-2.018941
0.412410
-0.630034
-2.761086
0.593003
9.332449
0.424832
6.727605
7.176273
7.417354
-7.639166
0.138640
2.302193
0.157769
-0.692334
-1.358364
-0.496423
7.900460
-1.255181
0.094061
-1.063698
6.970310
-3.006065
-0.275806
-2.427502
1.316428
1.473543
8.245682
2.329885
-0.412410
-2.262133
2.711830
-1.735945
0.341615
6.656173
0.267910
1.366155
1.981861
1.515298
1.681454
7.351891
2.248505
7.796353
-0.593750
-0.340979
2.121182
2.948381
3.037800
-5.195836
-0.151015
2.925042
0.225277
2.023575
1.779262
8.811008
0.655696
3.163328
3.797288
1.824470
-2.248916
-0.376909
2.994514
-0.967566
-1.748889
-7.490835
-2.553590
3.037800
7.238362
0.598419
-0.463648
-1.017955
2.677945
7.344911
-1.915015
-2.195432
1.216091
2.778446
-0.572966
-2.654693
-1.815775
0.521834
6.945915
8.930837
-7.594650
-1.849096
7.425717
5.245233
7.004157
1.739393
-2.536048
9.316507
7.008051
0.278300
0.211093
0.809784
5.434580
6.813959
6.101536
-2.370686
-2.601173
-2.291768
6.621509
8.197006
-0.429762
-2.677945
0.348771
-7.998794
-7.625485
1.209593
2.061960
3.300944
6.907821
7.354635
-2.034444
-0.267910
0.117109
-0.715092
7.218143
-8.844775
1.530818
-1.170556
0.537285
2.260596
0.021273
3.529116
-2.055274
3.700192
1.929567
-1.008298
8.390892
-3.056691
7.520037
-1.115696
-1.607816
-0.240171
-1.958320
1.455920
-13.886164
2.991780
-0.566729
7.922838
7.040813
1.500736
7.206589
-2.383965
2.025897
-1.261093
1.515298
0.058756
-2.108081
1.415201
1.975688
6.211878
-3.033322
8.424022
-0.868539
-2.765102
2.097424
-1.236059
2.381830
2.511191
3.571355
-0.785398
-2.658146
7.173460
7.151725
3.050933
-2.317253
0.878462
-1.700499
-0.200954
7.277606
-1.772559
3.082837
0.019605
-0.596199
-1.948045
2.587285
1.931633
-0.697391
-2.291350
7.021000
0.019997
1.107149
1.504228
-0.651077
2.548590
2.255091
-2.927532
2.287808
-1.047518
7.532231
