0.101088
1.397059
0.289453
0.241528
0.406181
0.361398
2.080449
-1.189744
0.256201
1.680265
0.294522
1.391034
1.633543
-1.142316
-1.076114
1.593810
1.584332
-0.335914
0.411478
0.490721
-1.126587
1.459732
0.192585
-0.141070
0.330819
2.401009
0.078793
-1.077251
0.358885
0.354528
1.202650
0.428685
0.261282
3.674421
0.390801
1.633960
-0.333993
0.156931
-0.295729
0.302113
0.005057
0.372819
3.467423
-0.048465
0.334987
1.541917
-1.223431
0.408979
0.402331
0.291628
0.383021
0.275498
1.968282
1.981184
1.123259
-0.088255
1.685767
1.624849
1.212175
0.097667
3.444873
0.511742
-0.152957
0.222173
1.920415
-1.081008
0.292235
0.335738
2.071670
-0.300807
0.325091
2.191410
3.606760
2.204663
0.241080
0.273502
2.174070
0.419022
1.593149
-1.072288
-1.206566
0.373171
1.998444
0.357389
0.239576
0.159707
0.162404
1.970072
1.943792
1.549804
2.251968
-0.966744
-1.207497
-1.301584
-0.184377
-0.945964
0.385991
-0.230006
1.235732
-0.077400
0.299645
-0.101688
0.037432
-1.126765
-0.158033
-0.211128
1.946420
-0.311394
1.592692
-0.166210
0.199514
0.342546
0.239438
2.003369
0.296962
3.445421
0.458929
0.409238
-1.189060
-1.323851
0.355228
-1.108460
-0.232497
0.378180
0.078332
0.346181
1.298332
2.065950
3.675799
1.553171
-1.062982
-0.965783
2.002194
1.575633
-1.240702
-1.158677
0.240381
2.207126
3.533369
2.085678
2.117054
1.251457
0.087805
0.246725
0.293553
0.388845
-1.074299
2.043368
0.158290
-0.192138
-1.256087
0.365079
0.302697
-1.196564
-1.129913
1.475980
-0.003337
1.931901
2.181467
-0.964015
-1.129847
0.332821
0.215332
1.576146
0.279262
0.246926
0.469838
-0.224641
0.078726
2.057757
1.710710
2.073601
-0.992203
0.329168
0.093021
1.697428
0.150883
1.523304
-1.216512
3.519616
0.548519
-0.162135
-1.029848
2.052116
-0.226534
0.197365
2.012015
-0.261154
0.488434
2.074117
0.378132
-0.923202
0.299778
0.273316
1.983733
0.300506
1.569737
-0.170752
1.948628
0.349098
-1.164148
1.554356
0.243622
0.383841
-1.127176
0.361311
2.099747
0.239108
3.523745
1.478283
0.237372
2.187479
-1.149952
0.203078
2.042492
2.063143
0.251930
0.046728
0.337515
1.464221
3.445209
2.208673
-1.181052
-0.115807
0.369531
2.552707
0.367130
2.021092
1.969899
1.908534
0.326155
-1.106352
0.153614
-1.020058
-0.226881
0.274637
2.313766
3.519686
1.532832
1.410812
0.247639
-1.051707
3.472816
0.319072
0.324167
-0.173314
-0.067004
-0.316586
-1.003490
1.493914
-0.155161
2.466686
-0.355521
2.016893
0.085121
-0.346303
0.286041
1.655169
0.340403
1.166328
0.345472
0.301062
0.410092
0.350140
-1.233004
0.296132
-1.174106
-0.317558
-1.165047
0.301882
-1.020894
2.007902
-0.978898
1.153312
0.425954
1.538689
-1.273243
-1.118018
-0.208438
-0.175230
1.559832
0.335222
0.283550
-0.082340
2.193541
-0.200603
1.500004
0.314925
0.362619
1.987397
0.285236
0.064320
1.559323
-1.063839
0.422720
1.467232
0.503910
1.974024
0.405410
3.525227
1.773457
1.865845
0.952710
1.578600
0.498669
-1.107471
-1.184290
0.418993
-0.989262
-1.184166
0.199374
0.253857
0.420020
0.428097
1.505010
0.185828
-0.237290
0.420195
0.542571
2.021980
0.490589
1.910110
0.442888
-1.171643
0.168158
0.142127
2.066197
0.414008
0.140224
-0.168364
-1.375244
0.229894
0.489635
0.162243
2.205227
1.552058
0.307603
-0.185903
1.334129
1.648437
0.293441
1.525173
3.590760
0.446867
-0.983250
-0.226934
-0.054332
-0.107485
-2.031972
0.439239
0.469996
1.452317
0.285436
0.889732
0.247186
0.352052
1.372998
0.088389
0.428907
0.260935
1.561233
0.931080
0.385964
1.507230
0.037344
1.550103
-0.238159
-0.997448
1.422636
0.307077
-1.189123
0.317337
0.420361
0.574200
0.032377
0.305957
3.450832
-1.113292
-0.330279
-1.189068
1.788163
0.214678
-0.172062
0.201278
0.405552
0.399528
0.778126
0.444851
1.548392
-0.060208
-0.161193
-1.222286
1.873897
0.482216
-1.170366
0.253574
0.302828
0.434535
1.514237
0.223173
-0.262341
-1.106884
-1.136755
-0.267369
2.060117
0.400747
-1.294828
0.062473
1.502456
0.346919
3.514227
-0.224440
0.631485
2.296864
0.396556
-0.264522
0.156060
-1.092639
-0.157187
0.433558
0.326576
1.953871
1.033275
0.426483
1.103931
1.470230
0.383368
-1.200844
-0.221097
1.648186
0.255478
0.221347
1.546554
-0.232170
1.168970
2.205717
2.125175
-1.262451
0.360087
3.054438
0.376756
0.297524
0.464258
1.556063
0.527660
-0.047425
-0.031185
0.288727
-1.128790
0.238280
2.088896
-1.072392
1.547729
-0.238546
0.092079
-1.039073
0.432199
0.261074
1.437123
0.316961
0.368799
1.538421
1.533002
0.287902
1.797547
1.460591
1.818338
3.422803
0.436192
0.402885
-1.113954
0.399018
0.339962
-0.024994
0.025294
1.572350
0.123069
1.833024
0.327373
-1.302770
-0.036299
-1.366969
-1.060443
-0.309472
0.249406
1.589682
-0.133668
-0.182017
0.488470
0.241340
-0.261001
0.202059
-0.175801
1.536962
0.269011
-1.079669
-0.105718
-1.104710
0.227262
1.516075
1.608799
-1.056706
0.065208
0.145487
2.044720
-0.259330
0.432349
0.285780
0.571788
1.980711
-1.243393
2.046920
-0.299368
0.253587
0.319733
1.974153
0.120712
1.869499
0.629874
0.385607
3.353237
0.149231
0.553981
1.469969
-0.169651
0.321180
-0.110623
-1.234688
0.200551
-1.165750
0.337310
0.409206
0.613854
-0.059810
-1.065826
0.000907
0.912892
0.392863
-1.160905
2.106256
-0.156111
-1.193975
1.632211
3.435797
-1.244506
-1.091989
-1.028788
0.095780
0.336953
1.312227
0.470631
1.192476
-1.065770
0.374361
1.351676
2.032951
0.251265
-0.205587
1.157009
0.343421
0.421249
1.529789
0.356380
0.176904
-0.086578
0.227697
1.977363
0.354284
0.216439
0.369975
0.273711
3.571774
1.011141
0.525854
1.432518
-0.248542
1.616507
-0.951585
2.010690
1.376654
0.337166
-0.019688
0.193871
0.177835
0.515999
0.171032
1.994388
0.209528
1.622414
1.397892
0.009151
-0.240943
2.167686
-1.106714
-0.210441
0.434244
0.292054
0.361559
1.551746
0.502578
-2.041105
1.617679
-0.353563
0.381256
0.276536
1.490714
1.558319
0.382975
1.371832
-0.904421
1.971498
2.011275
0.363533
0.377038
0.284722
0.122704
2.104904
2.173601
0.400381
0.396324
1.509934
1.817947
0.140513
2.056516
2.315782
1.503131
3.632972
1.434501
2.139284
0.280829
1.845328
3.402971
1.183546
1.597810
1.989861
-0.244930
-0.202760
-0.781950
1.440147
-1.161534
0.353573
0.158605
0.008289
-1.287812
1.427242
1.183397
0.281108
0.010254
0.029418
-1.113037
-0.321827
0.255447
2.269439
2.099126
-1.178175
0.308796
0.317887
0.243363
-0.024207
0.086896
3.513964
0.391445
0.261890
-0.868630
0.186572
-1.266207
-0.186042
1.581630
1.388697
0.140724
1.442308
0.537298
-0.196196
1.958967
-0.340642
0.421257
-13.106434
0.342406
-0.170649
1.708624
-1.100301
0.583345
2.021746
0.283427
0.398542
0.168527
1.503675
0.501590
-0.052937
0.312055
