0.168492
1.206914
-0.095025
-0.322874
0.101465
0.037358
-0.102890
-1.097352
0.229150
1.219157
-0.297688
-0.358477
1.084327
-0.404111
0.045684
1.454588
-0.353001
-0.832381
-0.273389
-0.412319
-0.325207
-0.424636
0.123223
-0.381789
1.152083
1.427541
1.164905
1.098755
-1.107997
-0.016497
-0.065706
1.403987
1.123939
0.154967
-0.359292
0.308862
0.266580
-0.226472
0.153279
-1.237530
0.139630
0.242291
0.161191
1.124059
-0.070512
-1.248897
-2.146440
-0.359041
-1.212120
-0.482706
0.133721
1.122426
-0.422536
1.182949
0.132612
0.280897
-0.307117
0.054995
1.103506
0.038588
-0.391199
0.150613
1.058471
-0.345594
1.130631
0.118778
-2.151992
1.170653
-0.087872
0.269686
0.138391
0.291350
0.149322
1.197085
-1.267288
1.120041
-2.245943
-0.011012
-0.479871
1.347974
0.092655
-0.324314
-0.047604
1.260123
1.162261
0.210638
-0.264937
1.175339
-1.911641
0.048816
0.237383
0.163175
0.077434
-1.239879
-0.447736
0.152534
-0.316997
-1.154431
-0.323433
-0.432596
-0.458102
-0.332777
0.019822
1.455737
0.155779
1.160117
0.248566
0.192736
-2.172252
0.053598
-0.398298
1.117784
-0.009986
0.215526
-0.024322
-0.291812
-0.405169
-1.168625
-0.343155
0.088923
-0.067368
-1.187265
1.389830
0.023694
1.166689
0.206541
0.039996
-0.125948
1.220346
1.422752
-0.115626
-0.078246
0.105280
-0.110970
-0.125634
1.161968
1.147510
1.278542
0.046997
0.154509
0.152434
0.251747
0.075379
1.144698
0.167390
0.174511
-0.405078
-1.261064
1.311772
0.162755
0.142762
-0.422611
-2.335998
1.081317
1.212401
0.084171
0.097500
-0.292260
0.153411
-0.011827
-0.080120
0.008174
0.238443
-0.172405
0.077599
-1.302833
-0.350455
0.165454
-0.366031
-0.487569
-0.439050
-0.424272
1.193114
-0.356848
1.128876
-0.340213
-0.349702
-1.194379
0.089490
-0.246480
-0.284318
-0.105399
-1.213465
0.207915
-1.899753
1.412241
0.084608
-0.402739
1.136363
-0.354081
0.096966
0.161128
-0.365696
1.058354
-0.367762
-0.018566
-0.075978
0.142656
0.027248
-0.400103
0.178264
1.058623
0.178622
1.232853
-0.344676
-0.380733
0.198126
1.095086
-0.074076
0.203268
-0.365226
-1.321095
-0.018070
0.114961
-0.395453
1.115921
0.214327
-0.386314
0.148793
0.061033
0.194997
0.098906
-0.384212
0.178469
-0.373385
0.088862
0.074074
0.154784
-0.066173
0.159533
-0.367986
0.001487
1.315730
0.175629
-0.278707
-0.067492
0.050095
0.087855
-1.251731
-0.088043
1.194502
-1.219995
-0.364981
0.110749
1.076971
1.045488
-0.540227
1.434558
1.098640
-0.321147
-0.429079
1.232470
0.265775
-0.064812
-0.337865
0.265328
-0.472010
-0.395448
0.130825
0.196521
0.277731
-0.310245
-0.269637
0.032835
-3.441326
0.157263
-0.132160
-0.096684
0.129639
1.515683
1.238220
0.123884
-0.074452
-0.230143
0.107354
0.080178
-1.354331
0.156283
-0.411306
1.140774
0.109037
1.148806
-1.194733
-0.411073
0.229806
-0.417670
-0.083140
0.994244
0.166481
-0.220474
0.254082
-2.191693
-0.329162
1.263742
0.100855
0.164236
0.086991
0.213069
0.237470
0.110505
0.146381
-0.310818
-0.486337
1.326534
0.083278
0.081235
0.051470
-0.223678
-0.195361
-0.037136
0.145387
-0.036559
-0.079148
-0.379090
1.126212
-0.371112
-0.376101
0.227681
0.062819
0.120152
0.066810
-0.093934
-0.399335
-0.025240
-1.243043
0.052249
1.017900
0.238249
-0.327476
1.112044
-0.242729
-0.231123
0.070281
1.137749
-0.448221
0.205867
1.039887
-1.340682
-0.249000
-0.382500
-1.381854
0.043120
-0.365283
0.173708
-0.096491
0.115654
1.128911
-0.006849
-0.034597
1.123576
-2.224337
-0.049693
-0.471064
0.240041
1.091630
0.037519
-0.042159
-0.015535
0.092703
-0.078176
-0.373464
0.188379
0.160426
1.093362
0.103264
-0.358623
-0.322556
-0.378758
0.049537
0.141153
-0.463655
0.200061
0.159161
1.264801
-0.019018
0.082728
-0.096188
0.108028
1.100441
0.115751
-0.057653
-1.202553
-0.308803
0.338886
-0.425056
0.074472
-0.032419
-0.356043
-0.257641
-0.339778
1.254770
-0.189442
1.450366
0.220596
-0.064579
0.210830
-0.356344
0.145523
0.146427
0.221747
0.012916
1.067259
-0.072833
-0.002874
0.214572
1.243785
-0.324780
0.169719
-0.095552
0.008324
-0.373052
-0.062917
-0.315970
-0.429229
-0.335736
-1.301471
0.044973
1.205056
1.201597
0.080940
-1.292888
-0.174269
-0.329690
-0.360150
1.198593
-0.336245
-0.384349
0.078942
-0.372470
0.225437
-0.371127
-2.191520
0.227778
-0.296081
0.043376
1.127865
-0.330807
-0.019346
1.112157
1.258531
0.373897
1.098676
-0.329613
0.191848
0.055861
-1.105692
-1.206519
-0.031034
0.144449
0.019489
-0.421375
-0.329148
0.183707
1.461312
-0.373851
0.297614
0.326727
1.262668
0.018303
0.174204
0.969000
-0.015844
0.219657
0.086411
0.023802
-0.091145
-0.143384
-0.179729
0.052689
1.163145
-0.168816
-0.307868
0.018983
-0.411283
-0.328761
0.111624
0.023854
1.113642
1.080879
1.150243
-0.035663
1.186625
1.074901
1.442447
-0.384578
-0.101198
0.138084
-0.112104
-0.017817
0.191344
0.016120
1.113415
0.061256
-0.219158
-0.374097
-0.272749
0.083960
-0.360072
1.369122
1.449835
0.128641
0.076065
0.108820
-0.057456
-1.230357
-0.306315
1.110123
-0.184376
-0.372846
0.309884
-1.257463
0.169810
1.056172
0.196593
1.097290
-0.109777
-0.017341
0.111127
0.900766
-2.258976
-0.396821
-0.353745
-0.192247
1.061033
-0.356742
-0.345744
-0.033384
-0.262024
1.183604
0.127743
0.106303
0.198483
1.146777
-0.095079
1.184002
-2.240693
1.264554
0.031508
-1.200731
0.189540
-0.347078
0.136364
-0.443390
0.187501
0.233729
-0.361445
-0.373543
0.155709
-0.390436
0.020051
-0.396157
-0.494373
0.039668
0.200734
-0.394939
1.159747
-0.419183
1.271042
0.152189
-0.008552
1.173863
-0.324016
1.153820
-0.036223
1.135718
0.032388
0.175551
0.038209
-2.193966
1.160188
-1.261604
-0.079713
0.214117
0.067157
-2.269420
1.061213
1.138116
-0.004805
-0.041197
-1.233015
0.238801
0.109775
0.066915
0.073546
1.422828
-1.211697
-0.000313
0.029410
-0.442699
0.006801
-0.269151
0.059470
0.224684
0.009004
-1.941337
0.110675
-0.426517
-1.201070
0.185266
0.039926
-0.386823
0.117395
-0.331893
0.187953
-0.333945
0.140628
0.140238
-1.210882
-0.431753
0.096502
0.258608
-0.246559
0.134158
0.003527
0.113109
-1.156651
-0.432947
-1.136757
0.035145
0.202573
-0.451780
1.270639
1.163846
1.100043
1.254559
-0.023648
0.981890
-0.331824
-0.426349
-0.393608
-0.086499
-0.393426
0.266227
1.221222
0.190538
-1.132959
0.180406
-1.181949
0.180601
-0.009571
0.233571
-2.229335
-0.477350
1.182668
0.184865
0.076760
0.111109
0.006145
1.099840
1.152310
0.241847
0.124947
0.024445
-0.326320
-0.482868
1.245132
0.115164
0.145909
-2.216053
-0.220736
0.128618
-0.327687
-0.383731
0.167339
1.413832
1.140785
-0.052213
1.134901
-0.833375
0.161352
0.122660
0.079261
-0.375909
0.052164
-0.057649
0.054013
-0.391549
-0.221015
-1.174946
0.012829
-0.342790
0.121721
-0.318191
0.431588
0.334964
-0.319516
-0.466154
0.149125
0.194966
0.117458
