-0.239726
-1.217823
-0.029918
0.264813
1.252981
0.062827
0.128046
1.176763
0.105923
-0.021161
0.059921
0.155023
-0.000645
0.130691
1.092071
-0.394216
0.068490
-0.392129
-0.410827
-1.051573
0.157515
-0.416840
1.113155
-0.302678
-0.067305
1.192453
1.221735
-1.229397
-0.439102
0.152213
0.879737
0.003979
1.102047
0.061998
0.152428
1.024230
0.135994
-0.424958
0.084784
1.102668
0.172085
1.119266
-1.451421
1.274629
-0.439282
-0.451701
-2.204159
-0.110213
-1.274832
-0.075433
0.184721
-1.231190
-1.187497
1.234708
-0.332526
-0.112007
0.276474
-1.142003
-0.016140
0.107710
1.437968
1.211973
0.191654
1.256544
0.204644
-0.400856
-0.061868
1.061463
-0.009585
-1.303572
1.425711
0.093713
0.156259
-0.385158
0.138581
-0.401765
1.074785
0.080529
0.102572
-0.212142
-1.171888
-0.456978
0.087608
0.013152
0.319837
0.212067
-1.402276
-0.341564
-0.108930
1.305007
0.067892
1.103288
-0.632790
1.211882
0.216049
0.161390
0.138256
1.186317
-0.044949
-1.112575
-0.394709
0.153328
-0.348860
1.027840
1.273635
-0.421754
1.153068
-0.462166
-0.035454
-0.266933
1.164264
1.409447
-1.288729
1.229085
-1.178557
-1.287777
0.028175
1.199106
1.106012
0.138529
-0.437828
-0.420811
-0.400371
0.319825
-0.381320
-1.200456
0.157794
-0.051075
1.156199
-2.231299
-0.389765
0.150189
0.122409
0.217857
0.112902
-0.268726
-0.142231
1.402289
1.117510
0.045150
-0.061229
-0.177495
-0.237769
0.009083
-0.326097
-0.151397
0.072116
1.188046
-0.785720
0.254910
-0.401066
0.331716
0.067255
-0.398544
0.175254
0.066744
0.252789
-0.481299
-0.455734
-0.425714
1.177639
1.168276
0.072336
-0.004186
0.001306
0.129954
-0.507923
0.219918
0.221650
-1.184002
1.217231
-0.429747
0.156782
-0.322540
-0.003679
0.164139
0.093228
1.213308
1.138071
-0.112395
1.151905
1.252319
0.226132
0.157596
-0.340158
0.155722
-1.185280
1.168968
1.163238
-0.097463
-1.162722
0.208918
-1.299466
-1.311055
-1.527413
-0.031140
1.284683
-0.106800
-1.178035
-2.245470
0.220978
-0.422663
-0.384927
1.266092
0.037747
1.165288
1.203975
0.050651
-1.301706
-0.107651
0.183516
0.238401
1.221342
0.161056
-0.105294
1.176869
-0.055756
-0.040776
0.213726
0.064585
-0.042132
0.198685
-0.033652
-0.359798
0.120504
-0.099084
0.959914
0.996950
0.196709
0.009071
-0.107741
-1.300960
1.154003
0.124671
-0.384646
-0.080788
0.021380
-1.320282
-0.131486
0.115866
-0.082998
-1.481658
-1.178292
-0.016650
-0.398695
1.439856
-0.001604
1.120500
0.024907
-0.376201
1.196587
-0.375455
1.247035
1.230246
-0.283445
-0.468553
-0.375258
-0.060379
1.506945
0.177152
-0.877050
-0.001056
0.136286
0.054717
-0.125989
1.112149
0.023076
-0.008025
-0.374222
0.090579
1.115397
0.094186
0.174226
-0.153927
-1.158866
-0.437570
-0.110716
1.154581
-0.409624
0.209524
-0.007634
-0.426878
1.036470
1.226900
-0.286294
0.197060
0.170727
-0.344303
-2.206208
0.091194
0.197075
-1.358330
-1.243991
1.244093
0.156349
-1.328753
0.054080
-0.393350
-0.280088
-0.061022
1.146463
1.122479
-0.184657
-0.425751
0.201938
0.040533
-0.002694
-1.082381
0.032990
0.945949
-1.266022
-0.231297
0.139974
-0.405289
0.284144
-0.095790
-0.171750
-1.219892
-1.213638
-0.343920
0.136947
1.135486
0.089336
-0.090646
-0.287978
0.042953
-0.145291
1.133552
-0.510870
1.227552
1.022782
-0.359252
0.158802
0.066472
-0.373059
-2.242479
1.184272
1.125827
-0.423730
1.067515
-0.482240
1.260330
0.098998
-1.402437
0.089204
-0.108374
0.240729
0.021672
-0.369400
-0.073022
1.572472
-0.204042
0.110277
0.055773
1.121984
-1.179309
-0.453268
1.125701
1.379733
-0.098172
1.180421
1.103152
-0.066033
-0.070554
-0.052332
1.247598
-1.133994
0.138343
0.125021
-0.022100
0.114674
-0.764447
0.019351
1.131069
0.096458
0.052304
-0.044538
-0.016203
1.314084
-0.066218
1.151907
0.163812
0.149812
1.067813
-0.419125
0.121527
0.124120
-0.373067
-0.373768
-0.000448
1.133725
-0.046655
-0.131472
-0.482199
-0.394618
-0.330079
-0.421729
-0.221838
-0.434506
0.265239
-0.372714
-0.312747
-0.378638
-0.364006
-0.014762
0.072404
-0.400506
0.168336
0.129685
-0.371237
1.510855
0.125594
1.199798
1.208990
-2.306196
-1.450139
-0.531623
-0.291422
0.091982
1.161968
0.262581
-0.063485
0.025500
1.169949
1.364699
1.145375
-0.086483
0.181134
-0.331190
0.134812
-0.137272
-0.417247
-0.356517
-0.369175
0.120827
1.225771
0.127360
0.132963
-0.385539
0.023947
-0.476236
1.172965
-1.272667
-0.097062
-1.117873
1.156684
1.230929
-0.367964
1.468987
-0.008047
-0.414474
-0.011421
0.162700
0.133317
0.087689
1.092237
0.052857
0.040525
1.102170
0.109620
0.192545
0.237942
-1.249032
0.172386
1.121153
-1.212087
-0.420751
0.150030
-0.047100
-0.088263
0.136522
-0.096814
0.912120
1.013052
-0.382782
0.069564
-0.377568
-0.008124
0.071056
-0.420617
0.211855
1.104230
0.064000
-0.268239
0.163597
1.198851
0.175383
-0.448623
-1.269777
-2.186867
-0.408386
0.989381
-0.035633
0.044639
0.238104
0.107641
0.037186
-0.297227
1.150659
0.145920
-0.065168
3.005073
-0.102146
0.046025
0.051215
0.167058
0.192918
1.146147
-0.408576
-0.326982
0.093610
1.199393
-0.003725
-0.432264
-0.464354
-0.093845
-0.421924
-0.099711
-1.218610
0.170155
0.158145
0.100917
-0.328301
-0.111529
-1.097921
0.116248
1.247131
1.173391
0.009163
-2.237003
0.089416
-1.299431
-0.344105
1.178989
0.276221
-0.445175
-0.133442
-0.087239
0.067627
0.233613
-1.230838
0.094971
1.184997
1.078548
1.163874
-0.404257
-0.519049
-0.336431
-0.067116
-1.279465
0.104030
-0.079672
0.196792
-0.322225
-1.270185
-0.377504
0.103999
0.252857
0.072359
0.197608
-0.313914
-0.516539
-0.033684
0.216162
-1.250178
-0.391940
1.130639
-0.475703
0.150624
0.980379
-1.250559
-1.122017
0.116686
0.051577
0.042394
0.216076
-0.347553
-0.416079
0.110311
0.014509
-2.144568
-0.445370
0.082798
-0.165866
0.183636
0.267089
-0.006538
-0.451437
-0.413624
-0.412905
1.040497
-2.155729
0.099574
1.016071
0.127455
-0.049546
1.141694
-0.110535
-0.500483
-0.384000
1.131717
-0.056522
-0.070007
0.078299
0.058313
0.099745
-0.281701
-0.419657
1.330842
-1.379426
0.175784
0.224292
-0.383477
0.175604
-0.019428
-0.001157
0.176604
-1.113781
1.016172
0.202869
1.102621
-2.134625
-0.010616
1.075942
-0.438241
-0.000503
-0.380920
-0.372607
1.216970
-0.313029
-0.429224
1.118802
0.078389
0.134404
-1.128935
1.045130
-0.412547
0.143982
-0.288805
0.017358
-0.337727
0.086603
0.205622
-0.875932
-0.006623
-0.238776
-0.066864
0.140729
-0.047165
1.214812
-0.539899
1.164989
-1.252849
-0.088244
0.270279
1.074895
0.077715
0.115024
0.128503
-0.430730
1.101526
0.129902
-1.179876
-0.472953
1.160020
-0.326581
0.022727
-1.394140
-1.363600
1.237522
0.209166
0.178562
1.234952
-0.075889
-0.043659
-0.173590
1.350897
-0.265975
1.297644
0.186906
-1.157349
1.094350
-0.022283
-0.472142
-0.314332
-0.431279
1.157810
-1.330577
-0.343344
-0.122378
