0.091213
1.114143
0.008184
0.104592
0.018713
-0.425287
-1.260462
0.088618
1.416687
-0.011795
0.119865
-0.460270
0.069403
-1.292136
-0.355376
0.077097
1.092292
-0.036185
-0.336738
1.081296
1.102969
0.031736
0.156105
-0.497746
-1.549261
-0.030267
0.999091
1.247884
1.188424
-0.475452
-0.350602
-0.025128
-0.516468
-0.084725
-0.063809
-0.145392
1.127796
-0.457363
-0.472772
-0.401571
0.083187
1.162743
1.151036
0.188759
-0.377068
0.051788
1.245826
-0.033848
-0.433559
0.069660
-0.153660
0.137023
-1.129756
0.068826
0.129291
-0.384324
1.172530
0.001859
-0.419561
0.031701
1.303031
1.137165
0.062014
0.012236
-0.085300
-0.098358
1.128172
-0.010678
-0.095840
-0.365574
0.153109
-2.216723
-0.089990
-0.290631
0.059648
1.215286
-1.254424
-0.399047
-0.388483
-0.021637
1.263241
-0.452625
0.190945
0.123209
0.164133
-1.299112
1.045998
-0.000115
0.129360
0.140027
1.262971
-1.308748
-2.148414
-0.392108
1.193649
-0.024544
1.097844
0.916820
1.159211
-0.411981
-0.186524
1.117730
-0.058770
-0.309716
-0.018574
-1.217004
0.157436
1.026203
-1.169641
0.120738
1.205731
-0.397135
-0.074018
1.126284
0.060428
0.197404
-0.291630
0.150398
-0.372791
0.072414
1.064992
-0.135320
1.200421
-1.093593
1.192037
-0.405661
0.057905
-0.339736
0.150906
-0.847524
-1.219549
0.007600
0.127250
0.001174
0.010501
-0.188935
1.216767
1.397720
0.219960
0.117161
1.188407
-0.447184
0.032747
-0.023719
-0.469924
-0.311539
0.941913
-0.075196
0.010175
-0.029095
1.482669
0.073935
-0.395034
-2.225200
-0.353569
1.099358
-2.363096
1.218503
-1.223701
0.089646
0.027754
1.116846
1.278392
-0.052690
1.806636
-0.159029
-0.100293
-0.478355
1.215013
1.076471
-0.067685
0.194266
1.035508
-0.073637
-0.043647
-0.085260
0.124310
1.055111
-0.427038
-1.337924
1.130909
-0.344351
-0.002884
-0.322663
0.104003
-0.396896
0.149982
1.569021
0.166724
0.115531
0.273550
-0.095051
-0.104550
-0.568627
1.172921
-0.060702
0.003548
-0.042477
1.183011
-0.083832
1.404772
1.045906
1.104322
-0.081384
-0.336948
-2.048192
-0.373112
1.103378
0.130261
1.194236
-0.429673
-0.185349
-0.340538
1.142780
-0.052122
-0.344527
-0.392512
-0.301558
1.112718
1.061048
-0.026901
0.113461
1.256490
0.189572
-0.124091
-0.287947
1.172415
-0.018909
-1.308379
0.070496
0.142700
0.172521
-0.337802
0.077193
0.158642
1.133221
0.030465
1.111546
0.148033
-0.073357
0.165590
-0.448128
1.132218
-0.299931
-0.414450
1.132430
0.212891
-0.077257
-0.427128
0.103752
-2.218273
-0.115299
1.136939
-0.081044
0.095709
1.181896
-0.336504
0.304272
1.236173
1.023290
-0.284003
-0.381705
0.064960
1.080604
-0.441609
-0.197324
0.002705
-0.444673
-0.446520
-0.023677
1.187983
-0.478592
1.457642
-0.073702
0.141766
0.123189
0.029038
0.068504
0.156212
-1.190834
-0.387250
-0.099286
-0.451437
-1.140168
1.154527
0.255223
-0.405786
1.217956
-0.543843
0.181445
-0.370499
-0.004883
-0.421563
-0.293029
0.157842
0.277898
0.182860
0.065673
-0.334178
0.154933
-0.080962
-1.384143
-0.301206
-0.445740
0.135143
-0.019295
-0.419200
-0.643235
-0.035291
-0.358646
1.168068
-1.202884
1.111702
0.039634
1.224816
0.086256
-0.082161
1.197000
1.158866
-1.185378
1.228777
1.232424
-0.017265
1.101972
-2.235615
1.142457
0.095324
0.125303
-0.821382
-0.087154
1.044290
-1.374947
0.090801
-1.239606
0.250322
1.134734
1.172925
0.015043
-0.492678
-0.182627
-0.348926
0.226991
-0.391963
-1.191039
-0.240654
-1.204866
1.088508
0.071695
1.108938
1.093832
-1.246824
0.141118
1.190633
0.231945
-0.010681
1.120115
-0.063246
-0.332959
0.120610
-0.329730
0.155582
0.166831
1.234613
-0.270158
-0.373691
0.195864
-0.167764
-2.284431
1.150166
0.174182
1.088665
0.090496
-0.394108
0.108962
-0.405424
1.270941
-0.001479
-0.365401
-0.327486
-2.133974
0.231565
-0.475000
-0.323719
0.123833
0.098092
1.102941
-0.132681
-0.228342
-0.166159
0.946188
-1.232950
0.248792
-0.369447
-0.398876
-0.404877
1.169901
-0.430101
-0.505633
0.108831
0.142453
-0.157752
0.051882
-1.086296
0.081819
1.279766
-0.402210
-0.204426
-1.352809
0.206532
-0.355980
-0.077598
0.063228
0.092174
0.103218
1.096121
0.176998
-0.394044
-0.014200
-0.374216
1.166790
-0.386717
0.043389
0.175906
-1.111849
-0.471750
-0.155851
0.784702
-0.427346
1.008646
-0.052270
0.105013
-0.387563
-2.236437
-0.650571
-0.372170
0.042506
-0.026661
0.034886
1.097431
-0.093319
0.346443
0.155886
1.175990
-0.355398
-0.034625
0.125781
-0.385598
1.032770
-0.166236
-0.124543
-0.353974
0.177518
-2.170618
0.154781
0.196245
-0.340842
1.233811
-0.013710
0.067599
-0.038863
0.114368
-0.375704
0.193286
-0.350219
0.028071
-0.049988
0.108855
-0.441868
-0.110419
-0.062893
1.109738
-1.278294
0.152377
0.232346
-0.369189
0.103674
-1.188699
0.170006
0.029093
-0.497920
1.239861
-0.155432
-0.425458
-0.426146
0.016147
-0.160375
1.055008
-0.003048
-1.388226
1.176962
-0.019268
-0.140034
1.161142
-0.246674
-0.340022
-0.098367
-0.816963
-0.316054
0.052003
-0.108717
1.161444
-0.218784
0.115124
0.245182
0.144900
1.332514
-0.360418
0.135591
1.017856
0.992525
-0.105161
0.078953
1.403105
-0.276105
0.163239
1.153667
-0.148241
-2.155927
0.146647
0.190713
0.187957
1.159802
1.089644
1.174947
1.358734
-0.314284
-0.121481
-0.111654
0.221608
-0.408445
-0.141495
-0.052603
0.140042
1.182556
0.003037
-0.058281
1.079401
0.002809
-1.265735
1.158681
-0.122096
-0.302600
1.090858
1.291816
-0.034420
-0.067373
1.050439
-0.701443
1.227945
0.105710
-0.223689
-0.469040
-0.362180
0.150127
0.950530
-2.101137
-0.061275
-1.182937
-0.451656
1.090407
1.202011
0.093502
0.072463
-0.057315
1.106001
0.196989
0.201734
0.153391
1.066686
0.153327
-0.135333
-0.030488
-0.102750
-0.732816
1.139515
-1.248211
1.132346
1.112641
-1.308163
-0.356372
1.063145
-0.236432
0.199341
-0.376657
-0.475573
0.159588
1.363172
0.229625
1.164115
-0.375363
1.206495
1.181223
-0.076333
-1.170380
-0.388349
1.072603
-0.054997
1.210389
-2.145193
-0.093248
-0.444731
0.151187
-0.354548
-0.416272
-0.053611
-0.375045
0.016165
-0.112999
-0.104508
-0.374313
0.062104
0.138111
-2.259749
-0.415623
-0.418178
0.180278
-0.026891
0.126660
-0.400634
1.137341
0.226645
1.107755
0.203165
0.151079
1.139585
-0.373730
-0.044848
1.351438
-0.030324
-1.273759
0.116680
-0.280275
1.185592
0.144906
-0.713522
1.231472
0.025257
0.276803
-0.332269
0.264082
1.112437
0.186245
-0.077444
-0.390474
0.003203
-1.332453
-0.129675
0.192337
0.048996
-0.294321
1.240923
-0.421938
1.166598
0.101328
1.232042
1.216707
0.081336
-0.287900
-0.074718
0.150065
-2.320151
-0.244125
1.117144
-1.138633
1.066705
-2.287272
1.143878
-0.078282
0.028998
-0.073374
0.175133
-0.013372
-0.307948
-1.065524
-0.417818
-0.186131
-0.150974
1.169031
1.091229
-0.556464
-0.017691
-0.272450
1.171122
0.108068
0.014181
0.119633
-0.329736
0.148155
-0.418547
-0.359120
