-0.616988
-2.517999
-0.325165
1.732285
-0.206175
-0.078313
-3.077889
-0.836349
-1.764108
-0.415617
-0.028583
-0.652322
-0.382801
-2.469765
-0.391258
-0.676608
-1.034633
-0.076221
-0.325451
-0.166305
-3.247596
-0.169988
-0.598561
-0.273574
-0.063572
-0.163513
-0.159464
-0.103590
-0.100144
-2.517939
2.038370
-0.677069
-0.302627
-3.072486
-0.493800
-0.338675
-0.305109
-0.648666
-2.626172
-3.009346
-1.196325
-0.130848
-0.112211
-1.708769
-1.691740
-2.412213
-0.386085
2.117247
-0.524376
-0.080617
-0.092272
-0.062481
-0.651784
-0.204113
-0.188977
-0.022345
-2.454314
-0.145323
0.529708
-0.193678
-0.964276
-0.416961
-0.298847
-4.055383
-2.748944
-0.998898
-0.115613
-0.156654
0.528202
-0.277540
-0.139124
-0.457549
-2.611824
-2.664750
-2.469862
-0.112506
-0.799476
-0.360310
-0.304334
-0.343939
-0.243623
-2.581042
-2.552261
-1.119524
-0.647677
-0.539887
1.765482
-0.711084
-0.636847
-2.824094
-0.212687
-0.179958
-0.162920
-0.131812
-0.915595
-2.083951
-0.682480
-3.177344
-2.466869
-0.456692
2.179333
0.546468
-0.234226
-0.566873
-0.146819
-0.132194
-2.490122
-0.219410
-0.385348
-2.459297
-0.899131
-0.231905
-0.713201
-0.276836
-0.122371
-0.459607
-0.914454
-0.401481
-1.242752
-0.707775
-0.135323
-0.461328
-0.158245
-0.094550
-0.865366
-0.590986
-1.862614
0.536042
-1.008966
-0.285876
-0.217882
-0.258540
-0.154779
-0.099013
-0.173087
-0.212620
-0.146423
-0.360044
-0.031524
-0.610026
-0.578406
-0.389072
2.073655
-0.954669
-0.113509
-0.905354
-0.037659
2.123915
-2.781531
-0.045363
-2.548719
-0.125761
-2.919734
-1.184677
-0.211260
-0.284244
1.423715
-0.702253
-0.781086
-0.518290
-0.148513
-0.755584
-0.116476
-2.307652
-2.497138
-0.697283
-0.712786
-0.388525
-0.462930
-0.054519
-0.188318
-0.421493
-0.427167
-0.426014
-0.397916
-0.394237
-0.285973
-0.194720
-0.755956
-0.403400
-0.133908
-0.495344
-0.224794
-0.034497
-2.405430
-0.027525
0.484199
-2.501683
-0.160905
-0.075853
-0.463965
-0.541975
-2.564413
-3.300697
-0.584016
-0.435363
-0.479030
-0.663647
-0.674435
-0.565023
-0.493542
-0.483799
2.025898
-0.705500
-0.874234
-0.576523
-0.096007
-2.673200
-0.390927
-0.195727
-0.682356
-1.718522
-0.599609
-2.494229
-2.855124
-0.069993
-0.121960
1.993286
-0.115944
-0.597638
-0.182107
-2.535328
-1.577919
-2.460483
-2.504348
-0.535564
-0.365924
-0.353153
-0.243409
-0.343913
-3.115229
-0.175637
-0.279205
-1.143323
-0.601155
-3.368325
-0.032965
-0.365866
-0.151717
-1.901816
-0.591672
-0.176112
2.042235
-3.609659
-0.580072
-0.756174
-0.912527
-0.203344
-0.126005
-0.168508
0.575532
-1.445478
-2.450189
-0.165437
-0.251531
-0.422786
0.500513
-0.150358
-0.158033
-0.369774
-0.354390
-3.284189
-1.108094
-0.102191
-2.292236
-3.369891
-0.912642
-0.610020
-0.117783
-0.556465
-2.413638
-0.178036
-2.447992
-3.067311
-0.718657
-0.223848
-0.407737
-0.544514
-2.656948
-2.520515
-0.648001
-0.173204
0.536398
-0.470811
-2.630116
-0.171305
-0.886636
-0.759349
-0.565488
-2.511211
-0.204493
-0.121087
-0.139467
-3.053615
-1.632194
1.440008
-0.978205
2.136388
-2.480962
-0.235635
-0.188649
-0.103289
-0.316386
-0.465416
-2.069900
-0.297972
-2.508940
0.563905
-0.123617
-0.261806
-0.257240
-0.445939
-0.144208
-0.997686
-0.565603
-0.816573
-0.106418
1.782392
-1.341390
-2.514966
-0.459763
-0.277958
-2.732006
-0.206718
-0.212950
0.453970
-0.245307
-0.153576
-0.137958
-2.884998
-0.320799
-0.463339
-3.188097
-0.419089
-2.621867
-0.524337
-2.498469
-4.382213
-0.085875
-0.184111
-2.502206
-0.150067
-1.581738
-0.111692
-0.684433
-3.064343
-0.599488
-2.595399
-0.580380
-1.619872
-0.127289
-1.595725
-2.576408
-0.696185
-0.441719
-2.706001
-0.197183
-0.185146
-0.524162
-0.389869
-0.774922
-0.964989
-0.810379
-2.438557
-3.708550
1.731153
-0.076163
-0.828772
-0.110653
-0.113581
-0.703682
-0.225657
-0.606734
-0.156936
-0.334506
-0.594620
-0.412344
-0.534736
-0.302435
-0.197248
-2.461682
-0.375100
-0.118168
-0.169510
-0.259741
-0.671808
-3.029416
1.751992
-1.990659
-0.187847
-0.431048
-0.295277
-0.378571
-0.338027
-0.141610
-2.487601
-2.555693
-0.409155
-0.447375
-2.615262
-0.159761
-0.551723
-0.552585
-2.739635
-0.271773
-0.102860
-0.712124
-3.423672
-0.053277
-0.222783
-2.885209
-2.553608
2.080912
-1.824581
-0.134852
-0.390916
-0.565431
-3.389111
-0.116700
-0.382949
2.031813
0.524391
-1.583344
-2.615916
-0.489981
-2.400134
-0.241319
-0.495665
-0.408670
-0.542068
-0.083771
-2.698472
-0.331794
-0.243103
-0.208922
-0.168795
-0.135411
-0.209986
-0.970760
-0.365796
-2.105369
1.780459
-0.598130
-0.123135
-0.427684
-3.994083
-0.179017
-0.040183
-0.529509
-0.149275
-0.477558
-2.941530
-0.083951
-0.573065
-0.195618
-3.304799
-0.137775
1.964103
-2.464053
-0.251793
-0.290481
-0.576782
-0.274479
-0.462939
-0.188510
-0.058919
-0.231491
-0.703522
-0.259841
-0.323409
-0.234649
-0.061213
-0.773813
-2.589131
2.032415
-0.627017
-0.232954
-0.306654
-0.842301
-2.541865
-0.863737
-2.727269
-1.564442
-0.819533
-0.157353
-0.132496
-0.423534
-0.178246
-3.500013
-0.130100
-0.178067
-0.108650
-0.169127
-0.238207
-0.603275
0.501099
-2.440792
-0.020560
-2.721774
-1.969220
-0.524504
-0.073551
-0.063402
-0.484843
-0.094742
-0.100576
0.438679
-0.319521
-0.611670
-1.339535
-0.203473
-0.035126
-0.214406
-0.294994
-0.156668
-0.129509
-0.252849
-2.207129
-0.793687
-1.298361
-0.622816
-2.875133
-0.160932
-0.916795
-0.190822
-0.174355
-3.370507
-0.421284
-0.666284
-0.501602
-0.493212
-0.623036
-0.613989
-0.363246
-2.541338
-0.139418
-0.125588
-2.424218
-0.771810
-0.374792
-0.076479
-0.146349
-0.394843
-2.794687
1.822637
-0.100655
-0.132881
-0.214147
-2.777766
-0.550498
2.068031
-2.512196
-2.721184
-0.429082
2.042437
2.066696
-0.584062
-1.464729
-0.181728
-0.634746
-0.731008
-0.438489
-0.448804
-2.500397
-0.145015
-1.298774
-0.192305
-0.142246
-0.599405
-0.122244
-0.201294
-2.499540
-2.643796
-3.214682
-0.077845
-0.590849
-2.943877
-0.318477
-2.556986
-0.147295
-0.993648
-0.489521
-2.903977
1.796370
-2.072428
-0.229831
-0.266484
-2.665104
-2.704352
-0.196994
-3.215720
-0.162848
-0.993409
-0.414952
-2.556692
-0.162272
-3.033590
0.148291
-0.490066
-0.722191
-0.190528
-0.089744
2.014181
-0.215008
-0.232851
-0.577788
-0.222648
-0.373038
-1.628209
-0.838638
-0.755766
-0.092922
-0.454113
-0.160786
-0.684882
-0.129769
-0.109112
-2.534252
-0.584558
-0.961757
-0.216257
-3.415162
-2.605126
-0.180535
-2.393717
-1.818075
-0.385145
-0.669842
-2.660129
-0.596705
-0.078338
-0.693440
-2.503782
-0.802445
-0.154243
-0.467468
-0.825683
-2.479273
-0.111802
-0.515191
-0.225903
-2.470370
-2.771907
-0.381160
-0.464239
-0.587376
-2.816328
-0.324080
-0.819617
-0.120697
1.988639
-0.613507
-0.125160
-3.055370
-0.147183
2.034828
-0.398375
-1.565001
-0.168202
-0.468612
-1.738149
-0.150984
-0.921831
-0.767283
1.642081
-0.199810
1.498992
-3.116492
-0.497006
-0.682741
-0.132125
-0.799654
-0.363981
-0.373393
-0.419555
-0.215238
-0.522485
-0.776077
-1.043644
-0.628769
-0.108869
-0.194284
-1.303167
-0.403822
-2.458988
2.064580
-2.516520
-0.150653
-0.245979
2.019984
