-0.129961
-2.529276
-0.372680
-0.112279
-0.033829
-0.330039
-0.403748
1.949048
-0.148512
-2.510847
-0.233079
-0.188117
-2.521787
-0.136232
0.014836
-2.569933
-0.174824
-1.767558
-0.153010
-0.245937
-0.174325
-0.201803
-0.184058
-0.224773
-2.489343
-2.611147
-2.540527
-2.565142
2.024749
-0.410804
-0.381169
-2.572581
-2.495970
-0.090840
-0.207392
-0.035791
-0.229663
-0.215617
-0.084965
2.082721
-0.189853
-0.128969
-0.076857
-2.431876
-0.255697
2.047904
0.552159
-0.324178
1.999049
-0.183821
-0.038105
-2.485754
-0.179460
-2.504724
-0.004845
-0.152312
-0.106096
-0.189848
-2.456995
-0.417954
-0.208260
-0.167832
-2.448024
-0.081200
-2.463305
-0.080527
0.540337
-2.383348
-0.337642
-0.287748
-0.145441
-0.173242
-0.171380
-2.414801
2.030081
-2.587456
0.519115
-0.428219
-0.106335
-2.624427
-0.139684
-0.204749
-0.253173
-2.386697
-2.517798
-0.108268
-0.195865
-2.478288
0.443332
0.035277
0.084162
-0.082060
-0.089057
2.105029
-0.135579
-0.105965
-0.121501
2.023545
-0.176667
-0.161212
-0.146065
-0.228225
-0.331356
-2.621771
-0.086538
-2.632443
-0.185928
-0.132438
0.456517
-0.292768
-0.057037
-2.416401
-0.305078
0.011841
-0.375643
-0.121188
-0.153857
2.116301
-0.198527
-0.144641
-0.332044
2.005188
-2.601031
-0.424046
-2.506328
-0.259462
-0.056625
-0.337397
-2.422276
-2.642669
-0.465221
-0.470000
-0.191980
-0.140294
-0.517210
-2.619264
-2.437391
-2.567808
-0.511783
-0.082175
-0.159471
-0.267720
-0.330376
-2.472152
-0.176871
-0.179197
-0.231535
2.129500
-2.531114
-0.037200
-0.196139
-0.172873
0.526620
-2.551080
-2.438967
-0.144228
-0.286345
-0.122794
-0.028145
-0.413938
-0.331521
-0.388514
-0.137544
-0.486066
-0.023849
2.086821
-0.156301
-0.097074
-0.256706
-0.227818
-0.269143
-0.196682
-2.362232
-0.296065
-2.541091
-0.119521
-0.034771
2.097472
-0.015704
-0.188079
-0.054626
-0.443362
2.075547
-0.020393
0.465382
-2.688446
-0.124714
-0.146809
-2.487319
-0.111263
-0.114314
-0.133756
-0.122726
-2.390725
-0.199543
-0.143574
-0.361980
-0.105094
-0.404370
-0.138521
-0.109470
-2.405200
0.046478
-2.600606
-0.283502
-0.286044
0.061662
-2.471018
-0.359135
-0.123490
-0.014359
1.973894
-0.383096
-0.087958
-0.178163
-2.436547
-0.167115
-0.180605
0.007901
-0.304892
0.033479
-0.086588
-0.097203
-0.146284
-0.120588
-0.167635
-0.037190
-0.337329
-0.356348
-0.175263
-0.176148
-0.529276
-2.460216
-0.165378
-0.193388
-0.253523
-0.157454
-0.066193
2.150943
-0.334977
-2.453241
2.060745
-0.202969
-0.227198
-2.555549
-2.421232
-0.147205
-2.636215
-2.435747
-0.335119
-0.144006
-2.463509
-0.227796
-0.513242
-0.296525
-0.031307
-0.102184
-0.150906
0.086427
-0.152787
-0.063550
-0.251502
-0.252016
-0.377152
2.970308
-0.074346
-0.148009
-0.371023
-0.153149
-2.634240
-2.399585
-0.120268
-0.341552
-0.294109
-0.127931
-0.279974
2.043745
-0.080351
-0.257825
-2.488051
-0.054731
-2.463684
2.059592
-0.065636
-0.181488
-0.150302
-0.491778
-2.422781
-0.051761
-0.162442
-0.025072
0.544997
-0.140009
-2.547538
-0.357865
-0.130252
-0.241666
-0.169815
-0.021220
-0.138873
-0.118004
-0.244557
-0.255134
-2.530251
-0.188287
-0.385569
-0.402472
-0.082558
-0.160106
-0.317485
-0.148217
-0.414633
-0.286949
-0.113064
-2.502695
-0.260903
-0.126940
-0.164008
-0.290681
-0.227462
-0.134798
-0.411814
-0.344957
-0.375969
2.190708
-0.309302
-2.514585
-0.077479
-0.000326
-2.501354
-0.159327
-0.190587
-0.282841
-2.395096
-0.090248
-0.041702
-2.400706
2.035355
-0.275836
-0.176294
2.050173
-0.194008
-0.154148
-0.037363
-0.282411
-0.133247
-2.384871
-0.401957
-0.389176
-2.409895
0.545927
-0.285994
-0.179997
-0.152730
-2.409434
-0.124233
-0.416135
-0.379304
-0.037107
-0.370265
-0.252388
-0.195266
-0.212396
-2.533523
-0.063354
-0.107284
-0.304296
-0.107612
-0.175775
-0.152825
-0.207996
-0.098434
-0.140822
-2.656493
-0.357505
-0.005832
-0.407564
-0.165891
-2.498095
-0.029597
-0.403481
2.066070
-0.246770
-0.152155
-0.107523
-0.270511
-0.543386
-0.190562
-0.149487
-0.159570
-2.528696
-0.313946
-2.571146
-0.093735
-0.431427
-0.083661
-0.157118
0.074095
-0.167354
-0.100494
-0.361510
-2.424080
-0.272171
-0.142805
-0.167597
-2.558719
-0.117625
-0.173489
-0.053668
-0.233615
-0.213017
-0.479201
-0.126697
-0.109445
-0.148303
2.192945
-0.004600
-2.498741
-2.494818
-0.198698
1.963619
-0.368250
-0.155158
-0.291917
-2.434640
-0.039303
-0.225443
-0.090172
-0.202468
-0.132372
-0.179506
0.638359
-0.167650
-0.265961
-0.368694
-2.334371
-0.151010
-0.383878
-2.501986
-2.382965
-0.064633
-2.511113
0.032303
0.001338
-0.382358
2.165567
2.136002
-0.371260
-0.019219
-0.386142
-0.135326
-0.157846
-0.175188
-2.542696
-0.030746
-0.188020
-0.329400
-2.440130
-0.369934
-0.121578
-2.418906
-0.078102
-0.116812
-0.109696
-0.344880
-0.413191
-0.386164
-0.401197
-0.153008
-2.342335
-0.303473
-0.051160
-0.288264
-0.157102
-0.247425
-0.081581
-0.125785
-2.506206
-2.412868
-2.394267
-0.409161
-2.556761
-2.483092
-2.687787
-0.253461
-0.406340
-0.065882
-0.371880
-0.337880
-0.234431
-0.330760
-2.489206
-0.065254
-0.286208
-0.115584
-0.221912
-0.154214
-0.181855
-2.777490
-2.635498
-0.082348
-0.230444
-0.252153
-0.396266
2.085482
-0.078409
-2.515999
-0.445897
-0.266527
-0.151589
2.100066
0.064415
-2.518183
-0.130572
-2.381386
-0.340157
-0.405836
-0.104353
-2.493884
0.649607
-0.146404
-0.235078
-0.322877
-2.477172
-0.431715
-0.216174
-0.423927
-0.147523
-2.552418
-0.022473
-0.017816
-0.097362
-2.521334
-0.455139
-2.608818
0.556025
-2.452104
-0.342920
2.073633
-0.188294
-0.200018
-0.144696
-0.202491
-0.088892
-0.129507
-0.051347
-0.091221
-0.192856
-0.102225
-0.400368
-0.137965
-0.082405
-0.331522
-0.108706
-0.393615
-2.563177
-0.179886
-2.602684
-0.284855
-0.346855
-2.605455
-0.178708
-2.467288
-0.326565
-2.417671
-0.464836
-0.140253
-0.180229
0.583030
-2.524537
1.942610
-0.383083
-0.196402
-0.074547
0.438547
-2.477614
-2.707816
-0.338437
-0.411586
2.046070
-0.022141
-0.240285
-0.109544
0.055100
-2.608618
2.102722
-0.418424
-0.511027
-0.099440
-0.245628
-0.159370
-0.243203
-0.186716
-0.226426
0.465429
-0.164572
-0.253892
2.035578
-0.234503
-0.429757
-0.117913
-0.525724
-0.188832
-0.040312
-0.236477
-0.100191
-0.022612
2.068174
-0.086282
-0.129506
-0.199270
-0.189874
-0.078838
-0.388115
-0.085358
1.995465
-0.122234
2.049350
-0.400415
-0.000425
-0.267681
-2.552019
-2.463267
-2.482802
-2.452802
-0.538499
-2.506564
-0.180240
-0.182685
-0.089732
-0.368261
-0.169229
-0.153024
-2.509970
-0.192638
2.139141
-0.101951
2.107260
-0.237477
-0.272888
-0.150372
0.564826
-0.137926
-2.441807
-0.203517
-0.149086
-0.014494
-0.186647
-2.417236
-2.407569
-0.100863
-0.243793
-0.389426
-0.133500
-0.239987
-2.526186
-0.063504
-0.219794
0.546379
-0.202331
-0.192917
-0.021113
-0.206844
-0.201134
-2.634918
-2.481873
-0.151822
-2.511529
-1.703201
-0.069165
-0.151754
-0.052836
-0.211710
-0.389518
-0.409371
-0.145001
-0.156791
-0.050999
2.127232
-0.367207
-0.134949
-0.156247
-0.287147
-0.106706
-0.230424
-0.207003
-0.176650
-0.180331
-0.190274
-0.118048
