-0.014440
-0.113074
-0.487581
-3.759831
1.056648
-0.540019
-0.188480
-0.247159
1.000591
-0.294043
-0.586843
-3.388188
-0.683940
-1.841262
-2.547228
-2.970306
-2.444092
-0.450421
-1.652477
-2.805793
-0.109557
-0.227632
-1.119849
2.123512
-0.398883
-2.474959
-2.045357
-3.205522
-0.299251
-0.477336
-1.955246
-2.407414
-1.097718
1.668621
-0.285619
-3.839209
1.923552
-0.384381
-0.165489
-0.000737
-1.667990
-0.333413
-0.492320
-0.519515
-2.518075
-0.484400
-2.497021
-2.379480
-0.621989
-0.570691
0.072266
2.145679
-1.623968
-2.445642
-0.605981
-0.516429
-1.599092
-0.159697
1.445584
-3.258583
-0.210037
2.223532
-0.946949
0.035113
-0.209143
-0.213389
-0.238938
-3.197955
1.969356
-0.120612
-3.175954
-0.726413
-3.640838
1.858605
2.137770
-0.114625
-0.884902
-0.933752
-0.798823
-0.294848
-0.149436
-0.178985
-2.449081
-0.027465
-0.128159
-2.394222
-0.167272
-2.402234
-0.634929
1.050003
-2.566341
0.566097
-1.188916
-0.538045
-1.873070
-2.561001
0.460939
-0.182776
-0.282658
-0.252115
-4.192998
-0.357250
-0.699090
-0.209013
-0.163313
-0.111823
-0.954096
-2.573267
-0.060507
-1.694237
-1.355893
-0.927725
1.679314
-0.388979
-0.197075
1.123056
-0.428490
-0.571756
0.580937
-0.126346
-0.722439
-0.246347
-2.510773
-0.586341
-3.479891
-1.211753
-0.441955
-0.553899
-0.360066
-1.473636
-0.347321
-0.501169
-0.655083
-0.669872
1.783434
1.711495
-1.187996
-0.167743
-0.211307
-0.293737
-1.016183
-0.129240
-0.842941
-0.467119
-0.896959
0.498809
-0.088038
-0.676865
1.568709
-0.509709
-0.766609
-0.099884
-0.185377
-2.498267
-0.969250
-0.089662
-0.247807
-0.078061
-0.307941
-2.450612
-0.920512
-0.111939
0.607128
-0.264168
-0.568169
-0.366684
-2.521552
-0.193193
-2.591554
-0.407479
-0.314281
-3.033820
-0.921641
-0.460455
-0.080270
-0.379926
2.207255
-0.241638
-0.040896
0.075776
-3.202364
-0.231217
-0.451715
-3.426733
-0.537546
-0.093297
-2.417664
-1.849133
2.059599
-2.437017
-0.194349
-2.188035
-2.450760
-0.541875
-0.303573
0.609491
-0.142076
1.843642
-0.771393
-0.145890
-0.780642
-0.369582
-3.458018
-0.393076
-1.205704
2.128764
-1.205926
-4.537483
-0.181235
-0.230616
-0.330543
-3.152681
-0.997751
-0.523829
-2.379675
-1.394009
-1.646356
-0.101690
-0.092378
-0.971012
1.646398
-0.292016
-2.264098
-0.051273
0.476672
-1.579766
-0.504319
-0.635371
-0.142732
0.538310
-3.434439
2.183494
-2.476759
2.392446
-2.397937
-0.285786
-0.327222
-0.351085
2.143591
-0.713154
-0.235600
-3.262231
-0.375323
-0.044278
-2.530768
-0.122055
-0.115527
-0.958750
-2.783014
-0.298316
-0.155698
-0.367965
-0.426898
1.218450
0.471232
-0.102902
-0.594787
-0.781760
-3.052866
-0.295971
-0.167270
-0.690226
-3.573574
-1.031295
-0.781309
-0.127584
-0.355461
-4.321442
-2.443280
-0.134361
-0.278372
-0.105871
-0.891034
0.024395
-0.584137
1.367272
-0.376986
-0.146652
-0.227260
-0.179426
-0.984781
-2.144984
-0.472579
1.625172
-0.522208
-2.704643
-2.851830
-0.133271
-0.251840
-0.122718
-2.397741
-0.334276
-1.001087
-0.151086
-0.618956
-1.123531
-3.440664
-2.503722
-0.172559
-0.072071
1.176247
2.037589
-0.020633
-0.250383
-0.126085
-2.761137
-0.141415
1.994204
-1.735118
-0.032109
-0.392672
-0.446338
-2.637082
-2.548100
0.591457
-1.092986
-0.578133
-0.581588
-0.536127
-0.529994
-0.171598
-2.437969
-0.618989
-0.154767
-1.546717
1.863659
-0.624115
-1.208937
-0.328703
-2.693964
-0.764442
-0.092690
-2.406336
-0.089022
-2.338457
-0.346717
-0.504808
-0.599112
0.343148
1.239126
-0.598180
-2.568831
-2.457096
-2.679255
-0.851262
-0.247504
0.180700
-0.663139
-0.854459
-0.091610
-0.183086
-0.111824
-2.398048
-0.117682
-0.031146
-0.338792
-0.614040
1.776581
-2.602047
-0.229823
-0.233111
-3.239572
-4.130025
-3.383255
-0.144859
-0.405296
-0.594274
-0.143409
-3.588654
-0.356780
-0.222962
-0.261620
-0.057397
-0.119080
-0.342126
-2.802704
-2.605261
0.079025
-0.883327
-0.749118
-0.883330
-2.583112
-0.482616
-0.230484
-0.139336
-0.645254
-2.557887
-0.354959
-0.375848
1.621901
2.092183
-1.494942
-1.215397
-0.388960
-0.050672
-0.357418
-0.345632
-1.083865
-3.401668
-0.884916
-0.117237
-0.301582
-1.298705
-0.108868
-0.123879
-0.293402
-0.188293
-2.054794
1.887256
-0.334075
-0.199728
-0.236326
-2.490916
-0.126941
-0.376103
-0.984145
-0.387982
-0.303930
-0.365874
-2.444155
-0.249550
-3.444640
-2.636888
-0.195986
-2.381088
-2.967798
-3.641512
-0.492337
-4.540203
-0.227662
1.076459
2.175323
-0.167692
-0.706187
2.240855
-0.733948
-1.353915
-0.061993
-2.903398
-1.591209
-0.286227
1.337040
-0.583204
-1.582098
-1.736090
-0.309102
-0.168291
-0.950497
-0.210523
0.020254
-1.211858
-0.018705
-0.451831
-0.724373
-3.077257
-0.149403
1.632998
-0.116149
-0.231189
-0.317042
-2.531817
-0.769769
-0.037891
-1.462935
-0.745603
-0.362455
-0.112553
-2.454671
-0.885949
-0.033270
-2.406398
-0.153868
-1.129700
-0.405714
-2.601091
-2.111648
-0.996853
-0.512459
-0.225007
-0.274847
-2.541537
-0.342269
-0.170505
-0.162917
-0.158878
-3.110239
-0.272481
-2.062800
-0.134219
-0.125680
-2.511014
-3.453238
-3.474872
0.502361
-0.347077
1.203328
-0.613875
0.599256
-0.728327
-2.375209
1.362710
-0.459329
-0.635950
-0.372671
-3.585943
-0.594312
-0.081820
-0.918982
1.234336
-2.546352
-1.022200
-2.358278
-2.515443
1.586163
-0.713213
-0.968324
-0.975663
-0.730518
-0.074028
2.109589
-0.458851
1.084011
1.744320
-0.102787
-3.477279
-0.648139
-0.308101
-3.017262
-3.053198
-0.579992
-0.847145
-0.469700
-0.484260
-0.551423
-2.934556
-0.109463
-4.358440
-0.233731
-2.901288
1.139678
-0.073635
2.044335
-0.088420
-0.119733
-0.033398
-0.168974
1.091794
-0.508122
-0.264030
-2.527258
-0.288440
2.281104
-0.236660
2.000432
-0.080224
-0.335287
2.458540
-0.255858
-3.049718
-0.268952
-0.312652
-0.038299
-2.790527
2.115565
0.443925
-3.055643
-0.200183
-0.200046
-0.190173
-0.408856
-1.829496
-0.127503
-3.451391
-2.493789
-4.321789
-0.075683
-0.465938
-0.629201
-2.267417
-0.209151
-1.639693
-0.099896
-0.366589
-2.534202
-1.622099
-0.936022
-0.111359
-2.623621
-2.448863
-1.713209
2.106606
-0.113978
-0.222013
-0.143814
-0.081486
2.981098
-0.395223
0.008022
-0.158502
0.534985
-0.125428
-2.423824
-0.503766
2.137683
-0.119273
-0.623107
-2.521352
-4.548534
-1.059422
-0.339674
-3.675706
-0.102144
-1.286602
-2.456968
-0.184215
-0.286428
-2.017483
-1.614166
-1.188072
-0.190625
-0.044634
0.796427
-0.084816
-0.379047
-0.663989
-2.692361
-0.050363
-0.656269
-0.327189
-0.837805
-0.248028
2.065618
-0.030018
-0.130241
-0.345482
1.219292
-0.791879
0.508767
-0.322518
-3.607221
-1.175185
0.060628
-0.199974
-0.662954
-0.595216
-0.512003
-0.209439
2.224990
1.412059
-0.132660
-0.109618
-4.170023
-0.431359
-0.236991
-0.644589
-0.424094
-0.221181
-0.051990
1.363507
-1.992371
-0.733952
-0.283541
-1.076510
-2.417553
-1.724637
-0.715283
-0.037641
-0.238693
-2.588423
-0.048526
-2.988809
-3.085328
-0.151270
-2.395484
-0.094071
1.757017
-2.721259
-3.297539
-0.552854
-0.592377
0.298403
-3.610603
-0.410018
-1.506015
-0.947948
-0.158305
-0.519288
-0.597851
-0.751437
-0.099419
