2.037237
-2.299556
-0.036381
2.249290
-2.369833
-0.311434
0.603061
2.086074
-2.717658
-2.385137
-0.299510
-0.039616
-0.356767
-0.168873
-0.093079
-0.387278
-0.053901
-0.235843
-2.497610
-0.994826
-0.132589
-0.127135
-2.563371
-2.373882
-0.399371
0.040502
2.033700
0.585511
-0.272261
2.277821
2.004728
-0.295263
-0.128897
-2.396959
-0.153327
-0.065733
-0.156172
-0.257930
0.056482
-2.354025
-0.276471
-0.082645
-0.131789
-0.118576
-0.327368
-0.024114
-0.500641
-0.150220
2.031623
-2.367406
-0.388169
-2.662350
0.074056
-0.337575
-2.522221
-2.589958
-2.498440
-0.284762
-0.181723
-0.938241
-0.356393
-0.100693
-0.240271
0.005915
-0.259544
2.138074
2.312460
-0.341568
-0.105889
2.199914
-2.616795
-0.383511
-0.135629
-0.276392
2.243627
-0.286415
-0.362071
-2.443224
-2.539768
2.193202
-0.313339
-0.496465
0.574907
-0.011073
0.000691
-0.416898
-2.535078
0.065295
-0.410997
2.068541
-2.389961
-2.549915
-0.101368
-0.322516
-0.373728
-0.312168
-0.018239
-0.362278
-0.418424
-0.197628
-0.295806
-0.158399
-0.637050
-0.289512
-0.269446
-0.222667
-0.104087
-2.423588
-0.057523
0.173591
-0.073278
-0.111163
-0.398706
2.049591
2.105294
-0.130311
-0.045050
-0.097647
-0.141423
-0.188581
-0.040546
-0.327717
-0.256976
-2.413163
-0.357175
-0.386556
-0.221576
2.228350
-2.526752
-0.122096
2.143242
-0.075812
2.096361
-0.164018
-0.010714
-0.059889
-2.560353
2.167038
-0.216485
-0.090411
0.646605
-0.411362
-0.018990
-0.416288
-0.264737
-0.347618
-0.005252
-0.354422
-0.273280
2.127867
2.240771
-0.064820
-2.411863
-2.503498
-0.022711
-2.538316
-0.248523
-0.038491
-0.362927
0.087641
-2.442841
2.060002
-0.073564
-0.163503
2.105420
-0.113295
-0.122034
-0.180978
-0.345134
2.050574
2.118922
-0.218629
2.231603
-0.160477
0.015782
-0.190007
-2.486874
-0.355910
-0.445924
2.231631
0.057421
2.156596
-0.225759
-0.209568
-0.252498
-0.173975
-0.080027
-2.431863
2.184386
-0.141197
-0.016835
-0.206545
-0.044259
-0.096442
-0.045053
-2.337932
0.025418
-0.010391
-0.480740
-0.019086
-0.046222
-0.383312
-0.036126
-1.723379
-0.239953
-0.330765
-0.111536
-0.168709
-0.197832
-2.207791
2.267526
-0.275242
-0.145663
-0.036249
0.007240
-0.119781
-0.216456
-2.588031
-0.261863
-0.139052
0.059052
-0.110380
-0.147299
-0.145943
-0.151609
-2.510310
-0.109150
-1.604318
-0.068449
-2.439720
-2.351964
-2.483647
-0.233764
-0.060940
-0.285429
-0.140530
-0.359926
-0.181501
0.405305
-0.150485
-2.458399
-0.193103
-0.079900
0.018983
-2.414347
2.079885
-0.249491
-0.219264
-0.052334
-0.357222
-0.126425
-0.240453
0.008672
-0.138571
0.047119
-0.194257
-2.223664
-0.264456
-0.309807
0.042828
-0.079132
-0.220808
-2.462674
-2.456859
0.101681
-0.085117
0.658417
-0.151432
-0.039656
-0.267220
-0.110549
-0.296449
-0.011483
-2.588398
-0.072736
2.309635
-0.083276
-2.547152
0.009173
0.013973
0.608560
-2.405783
2.141057
0.028570
-2.398246
-2.572058
-0.166395
-0.192692
-0.029771
-0.320936
-0.044753
2.319959
0.687590
-0.155991
-0.063475
-2.427706
0.718777
-2.575138
-2.404422
-0.116647
-0.119148
-2.690461
2.360354
-0.516036
-0.301372
-0.223215
-0.136906
-0.317897
-2.567738
-0.159701
2.107725
-2.491351
-0.231332
-0.131908
-0.375288
2.090680
-0.181745
-0.275992
-0.280186
0.072266
-2.514012
-0.304077
-0.152217
-0.370181
-2.439076
-2.421746
-0.147569
-2.356675
-0.146868
0.685142
-0.093878
0.033134
0.019823
-2.592596
2.397005
-0.524216
-0.311372
0.585316
-2.523622
0.121124
-0.044706
-0.400269
-0.108492
-0.576860
-0.147477
0.065729
-0.047318
-0.121080
2.141590
2.257563
-0.144834
-2.400821
-0.107742
-0.102659
-0.131975
-2.436092
-0.159392
-1.715920
-0.160497
-0.356646
-0.146051
-0.112741
-2.587133
-0.135961
-0.339484
-0.198235
-0.447631
-0.057123
-0.011904
-0.444606
-0.114692
-0.185082
0.130062
-2.353440
2.295319
-0.068333
-0.033291
-2.654470
-0.153712
-0.155268
-0.528367
-0.043365
-2.376657
-0.061348
-2.409889
-0.147777
-0.068915
-0.072640
-0.119463
0.068513
-0.112258
2.277474
-2.436714
-0.182263
-2.504674
-2.501277
-0.117835
-2.647139
-2.388224
-0.332886
2.186363
-2.545549
-0.298169
-0.442974
-0.148838
-0.202067
-0.217532
0.016110
-0.080618
-0.106446
-2.403808
-0.337785
-2.418396
-0.423785
-0.051424
-0.055906
-1.650931
-0.064111
-0.349142
-0.042654
-0.350163
-0.290062
-2.423314
-0.073435
-0.309121
0.024760
-0.425323
-0.159850
-2.560792
-0.077597
2.243317
2.210180
-0.229779
-2.433609
-0.212407
-0.140912
-0.104017
-2.430190
-2.373664
-0.401441
-0.162571
2.015298
-2.344601
-0.531441
-0.070567
-0.121453
-0.147821
-0.432362
-0.216081
-0.140674
-0.399181
-0.043821
-0.153440
-0.349398
-0.064916
2.120587
0.017641
-0.208208
-0.206254
-0.122708
2.152608
-0.142924
0.085385
-0.304469
-0.149239
-2.284671
-2.530394
0.533591
-2.563519
-0.416910
-0.022016
-0.145632
-0.095804
-0.261663
-2.557402
-2.641176
-0.276164
-0.139944
-0.134712
-0.089221
-0.145155
-0.272794
0.026499
-0.182114
-0.103314
-0.115993
-0.086946
-0.144436
-0.014430
-0.182276
-0.198232
-2.425985
2.133468
-0.005323
-0.127656
-2.489974
0.094019
-2.374587
0.616316
-0.171237
-2.578562
-0.312465
-0.075573
-0.008506
-0.566791
-0.005965
-0.104355
-0.145974
-0.116982
-0.122101
-0.174791
-0.208112
0.007770
-0.210230
-0.115080
-0.194996
0.009210
-2.315632
-0.174984
-0.043219
-0.405978
-0.201180
-0.135030
-2.406491
-0.143591
-0.289738
-0.362528
-0.048504
2.192836
-0.345599
-2.624016
-0.124071
-0.409402
-0.193629
-0.150092
-0.183239
2.020894
-2.368437
-0.309332
2.030052
-0.422273
-0.260915
-0.140627
-0.202247
-2.380101
-0.087467
2.167355
-0.106778
-0.130082
-0.208167
-0.445631
-0.045511
-2.378425
-0.142914
-0.099465
-0.109326
0.099338
-0.116990
-0.122371
-0.135387
-1.649210
-0.426424
-1.190175
0.115890
-0.321381
-2.417964
2.037323
-0.425786
-0.145656
-2.574273
-2.279935
-0.012790
-1.565693
-0.013808
2.106452
-0.482294
-2.342003
-0.444172
-2.446082
-0.100071
-2.483291
-0.073213
-2.526797
-0.421070
0.543280
-0.081952
-2.610621
-0.181565
-0.332150
-0.280308
-2.314910
-0.293093
-0.217507
-0.118395
-0.156196
-0.223611
-0.150497
-0.320130
-0.219185
2.000835
-0.369050
-0.057194
-0.096462
-0.333839
-0.131628
-0.350956
0.001599
-0.392884
-0.184521
-0.127980
-0.022757
0.168896
2.113121
-2.263551
-2.275395
-0.279501
-0.062033
-2.501576
0.025153
-2.658401
0.476883
-2.325767
-0.043069
-0.172338
-2.193482
-0.406155
0.032435
2.199161
-0.328904
0.040710
-0.055157
-0.164895
-0.022917
-0.138201
0.059716
-0.391209
-0.386559
-0.282097
-0.403792
-0.083645
2.095328
0.071708
-0.178269
-0.133585
-0.064486
-0.129244
-2.628060
-2.510122
-2.356281
0.045643
-0.088005
-0.190202
-0.204884
-2.549300
-0.172174
-2.333426
-2.455902
-0.231069
-2.512969
-0.186210
-0.195433
-2.495501
-0.163655
-0.031285
-0.217489
-0.238421
-2.339795
-0.075703
0.133817
-0.194003
-2.445753
0.105690
-0.097696
0.067182
-0.074373
-0.348046
-2.399471
-0.146840
-2.379345
2.053520
-0.346641
-0.012371
-0.090457
0.019214
-1.644064
-0.347948
-0.377296
-0.411048
-0.071989
0.030397
