-0.189423
-2.278324
-0.141931
-0.207205
-0.339005
-0.212355
2.149672
-0.136238
-2.500582
-0.362780
-0.112291
-0.185450
-0.501657
2.067905
-0.092512
0.038211
-2.460096
-0.411932
-0.151680
-2.387313
-2.322105
-0.082037
-0.234396
-0.261141
2.086141
-0.493541
-2.679520
-2.507969
-2.679880
-0.414904
-0.101201
-0.376956
-0.039296
-0.532288
-0.376846
-0.338148
-2.681204
-0.639876
-0.255542
-0.209215
-0.175049
-2.337525
-2.468585
-0.089960
-0.206108
-0.501339
-2.330165
-0.410255
-0.240650
-0.089887
-0.500257
-0.154957
2.220747
-0.135712
-0.074554
-0.211578
-2.380736
-0.124226
-0.173832
-0.363544
-2.742269
-2.448487
-0.050135
-0.298101
-0.426602
-0.470781
-2.600586
-0.164539
-0.033572
-0.340372
-0.319982
0.538205
-0.561086
-0.258822
-0.122484
-2.328146
2.143198
-0.149520
-0.164261
-0.550047
-2.585419
-0.196892
-0.195267
-0.063269
-0.060724
2.019445
-2.515324
-0.230494
-0.125912
-0.221711
-2.446407
2.152583
0.622903
-0.259573
-2.394660
-0.228948
-2.461310
-2.648654
-2.470117
-0.232475
-0.456548
-2.497874
-0.353862
-0.276136
-0.440424
1.979964
-0.054497
-2.406019
2.171440
-0.226058
-2.507250
-0.086089
-0.433905
-2.636652
-0.319915
0.014090
-0.391909
-0.308332
-0.248607
-0.117783
-2.659712
-0.559842
-2.406756
2.027322
-2.517931
-0.160783
-0.118038
-0.292342
-0.006459
-1.592995
2.144638
-0.257363
-0.063332
-0.295345
-0.165547
-0.405125
-2.554871
-2.612964
-0.186762
-0.100895
-2.717694
-0.289549
-0.264350
-0.316542
-0.216788
-0.213812
-2.463677
-0.391312
-0.496475
-0.362698
-2.610398
-0.060192
-0.340914
0.559488
-0.231576
-2.554391
0.557691
-2.418840
2.120235
-0.221966
-0.121438
-2.545303
-2.581492
-0.336167
-2.251301
-0.516443
-0.223567
-0.018868
-2.275548
-2.465023
-0.269609
-0.202620
-2.450671
-0.300315
-0.388650
-0.322214
-0.073900
-2.604528
-0.213129
2.084772
-2.441129
-0.147684
-0.328238
-0.121510
-0.089398
-0.220490
-0.111617
-2.647756
-0.267177
-0.151999
-0.023330
-0.352754
-0.392899
-1.672992
-2.378281
-0.313706
-0.229558
-0.357521
-2.379531
-0.390232
-2.677346
-2.552702
-2.585520
-0.573392
-0.249453
0.707258
-0.167838
-2.362335
-0.299804
-2.263533
-0.059362
-0.395187
-0.116627
-2.327370
-0.352418
-0.137799
-0.248130
-0.018651
-2.548935
-2.363511
-0.505398
-0.214005
-2.273211
-0.133293
-0.338394
-0.384485
-2.592462
-0.317698
2.226287
-0.139401
-0.194633
0.098909
-0.279222
-0.010677
-0.140232
-2.456275
-0.438836
-2.365293
0.070092
-0.424634
-0.065471
-0.258869
-2.437941
-0.477282
-0.105089
-2.409673
0.046233
-0.334162
-0.329961
-0.040592
0.492026
-0.425672
-2.385329
-0.373487
-0.212740
-2.428065
-0.136704
-0.262778
-2.414103
-2.493727
-0.104680
-0.297264
-0.355772
-2.630371
-0.168021
-0.376631
-0.144289
-0.238422
-0.248974
-0.389647
-2.365336
-0.285333
-2.684205
-0.311813
-0.172890
-0.081176
-0.303201
-0.152562
-0.133865
2.214730
-0.138776
-0.391568
-0.143501
2.169952
-2.445600
-0.065411
-0.115712
-2.687649
-1.829380
-0.208072
-0.145860
-0.409785
-0.090596
0.002934
0.044513
-0.058563
-0.110460
-0.199912
-0.187634
-0.074432
-0.359725
2.222855
-0.159624
-0.181371
-0.165899
-0.104272
-0.234149
-1.572942
-0.377744
-0.323400
-2.476246
1.892338
-2.304611
-0.199126
-2.360772
0.011697
-0.322895
-2.292866
-2.340014
2.189108
-2.333663
-2.285125
-0.498189
-2.512964
0.481169
-2.292106
-0.335841
-0.152856
-1.668949
-0.462827
-2.241718
2.227851
-0.147882
2.042573
-0.151532
-2.500854
-2.508003
-0.441922
-0.144094
-0.433834
-0.205551
-0.179688
-0.070232
2.002729
-0.064730
2.143716
-2.629681
-0.199398
-2.453459
-2.478033
2.075890
-0.039699
-2.279682
-0.092384
-0.286193
-2.558287
-0.468292
-0.276199
-0.139610
-0.351313
-0.107459
-0.180626
-2.643809
-0.350392
-0.385737
-0.018591
-0.497604
0.605223
-2.560302
0.017333
-2.469394
-0.137243
0.008230
-0.224041
-0.027757
-2.585101
-0.160662
-0.407703
-0.315221
0.542547
-0.104419
-0.448967
-0.217331
-0.202744
-0.231737
-2.343317
-0.545901
-0.429054
-0.418827
-2.730471
2.021914
-0.038309
-0.117905
-0.136784
-0.213299
-2.321445
-0.243081
-0.258148
-0.124442
-0.181284
-0.466999
-0.258436
2.264335
0.004993
-2.521041
-0.234404
-0.489617
2.143855
-0.077644
-0.136245
-0.241036
-0.279521
-0.136282
0.089536
-2.514875
-0.189640
-0.207569
-0.460496
-0.120680
-2.333989
-0.100658
-0.344250
-0.043321
2.206977
-0.147215
-0.284552
-2.599132
-0.141370
-2.618666
-0.216042
-0.075358
-0.250518
0.523243
-0.135814
-0.094893
-0.113044
-0.280069
0.025093
-2.493426
-0.275778
-0.082376
-0.066346
-2.487548
-0.053828
-0.323616
0.024509
-0.256646
-2.509120
-0.434954
-0.471827
-0.102084
-0.187096
0.670632
-0.007014
-0.084161
-0.324188
-2.514426
-0.118198
-0.271201
-0.283943
-0.033240
-0.205753
-0.894106
-0.294374
-0.428554
-0.589935
-0.147813
-0.283106
-0.220238
-0.132642
-2.368385
2.050228
-0.087703
0.044424
-0.090811
-0.201775
2.180301
-0.109577
-0.412279
-0.520916
-2.428624
-0.403274
-0.394082
-0.204063
-0.375055
-0.406671
-2.462151
-0.124113
2.183348
-2.518608
-0.257500
-0.504893
-2.521921
-0.128327
-0.077842
-0.343747
-1.694689
-0.088004
-0.220049
-0.205607
-2.569834
-0.125022
-0.152280
-0.066723
0.102927
-2.637304
-0.162312
-0.205594
-2.577611
-2.554202
-0.599659
-0.051364
-2.548674
-0.010866
-0.110449
-2.452053
-0.332094
0.627329
-0.232969
0.004604
-0.163670
-2.442306
-2.619585
-2.659100
-2.688913
-0.312061
-0.258617
-0.383249
0.018192
-0.097804
-0.180444
-0.425054
-0.197300
-2.494464
-0.252631
-0.356098
-2.589158
-0.008181
2.072374
-2.550214
-0.359121
-0.154547
-2.475192
-2.415196
-0.391996
-0.473785
-2.441192
-0.342510
-2.499188
-0.230685
-0.226814
-0.209718
-0.177290
-0.079626
-2.394237
0.569318
-0.368721
2.076422
-0.257761
-2.333526
-2.273121
0.014533
-0.246468
-0.304355
-2.379302
0.143954
-0.295371
-0.258286
-2.583361
-0.042437
-0.399275
-0.207471
-0.395971
-1.597820
-2.415591
2.086506
-2.470732
-2.565789
2.247565
-0.142371
-2.527478
-0.430078
-0.275905
-0.288096
-0.205264
-0.323334
-2.740152
-0.026827
-2.282084
-0.116851
-2.356162
-2.738844
-0.445590
2.142696
-0.198665
-2.321385
-0.359197
-2.331172
0.519410
-0.478088
-0.286889
-0.209265
-0.145399
-0.202032
-0.305787
-0.057881
-0.529869
-0.393497
-0.344012
-0.118144
0.088438
0.026644
0.675164
-0.171267
0.022238
-0.174362
-0.268590
-0.090970
-0.082641
-2.464327
-0.044448
-2.342886
-0.115916
-0.088224
-2.418206
-0.328331
-0.318052
-2.705022
-0.344593
2.022765
-0.106159
-0.233429
-2.548494
0.003723
-1.682326
-2.471531
-0.219655
-0.230682
-0.230819
-0.076478
-2.289348
-0.043130
-0.259149
-0.239476
-0.239371
2.025069
-0.277487
-0.169609
0.000900
-0.174023
-2.413119
-0.083864
-2.338908
-0.100994
-2.407006
-2.473892
-0.122943
-0.200948
-0.448994
-0.099785
0.631909
-0.434938
-2.603053
2.188196
-2.541320
0.533935
-2.661686
-0.344207
-0.320409
-0.611033
-0.243519
-0.327979
-0.059270
2.211885
-0.254551
-0.276222
-0.569264
-2.331417
-2.342047
-0.234188
-0.417834
-0.262533
-2.409285
-0.120146
-0.533554
-0.201544
-0.187236
-0.098347
-0.039876
-0.085465
