0.266821
-0.546846
0.201894
-0.961054
-1.437788
1.242353
0.103506
1.466776
0.512588
0.273612
-1.828289
-1.384142
-0.173650
-0.602246
0.174509
-0.034920
0.016961
0.086802
-1.360109
0.220420
-0.674966
0.050039
0.134872
-0.697542
-1.176491
-0.302497
1.725358
-0.967860
1.976536
-2.355494
0.217443
0.088445
0.805771
-0.092283
-0.268020
1.327681
0.105824
0.203331
-0.345122
1.101865
-0.258712
1.576752
-0.437113
0.525364
1.628078
0.247075
0.170442
-0.540993
0.190417
-3.649254
2.017104
0.044780
-0.246652
-0.333678
-0.327113
0.172346
0.246713
-1.970853
-0.246609
-0.225815
0.228604
1.464125
1.371471
-0.023825
0.974682
-0.991874
-1.491294
0.218919
-0.081917
-1.661948
-0.853755
-0.476331
-0.108515
-0.216064
-0.255263
-0.243047
1.377272
0.209462
1.234148
-2.386542
1.311345
0.766277
0.180269
-0.301966
0.148941
0.182475
-0.267441
-0.225645
-0.228470
-1.851569
0.193725
0.253558
-1.927919
-0.977891
0.008598
1.430068
1.762273
1.302663
0.067607
0.746020
-1.362010
-0.021058
0.052215
-0.322466
1.474101
0.275063
1.287890
-0.230034
-0.248249
0.129238
1.053262
-0.290078
-0.317376
2.531100
1.937994
-0.340281
-0.241032
1.115155
-0.543651
-0.420141
-0.004223
0.006300
1.729012
-0.748897
-0.274347
-1.584114
1.481971
-0.330635
-2.139381
0.061959
-0.310039
0.211837
-1.348621
1.417706
1.480831
0.425543
-0.028971
1.060593
1.161439
0.226346
-2.011483
0.238385
0.136946
-0.048542
0.040741
-0.535859
-1.614974
-0.342238
0.189168
-0.311878
-1.874670
-0.006670
0.233525
-0.330087
-0.089132
0.093967
-0.235733
0.219850
1.408247
0.091421
0.206110
0.230920
-0.232683
0.259261
-1.757487
1.453459
1.451898
1.010981
-0.200306
1.520606
-0.187083
0.164566
-0.577137
-0.213191
1.140991
0.155200
-1.849042
0.201374
0.136927
-1.548840
0.240289
0.227976
0.157560
1.524761
-0.554009
1.391073
1.342271
1.587863
-1.169460
-0.047844
1.474083
1.427184
-0.005275
1.527553
-0.095522
-0.265065
1.476403
-1.166856
-0.027708
0.510527
1.619914
1.510922
-0.930346
0.768337
0.029058
1.457943
-0.008325
1.473012
-0.369500
0.194629
0.188408
0.192577
0.153290
-0.002655
-0.021050
0.293473
0.156129
-1.348699
0.181467
1.361774
0.067767
1.167227
-0.236461
0.274331
1.453423
0.002532
0.734614
1.192734
0.329882
0.124526
1.003707
0.189212
-0.220490
1.520795
1.462620
-0.293833
-0.033967
-0.232925
0.146447
-1.959766
1.456680
0.469411
1.519411
0.147999
1.349821
-0.037305
1.215298
0.014572
2.571433
-0.289476
0.041612
-0.217111
-0.111997
0.250428
1.732464
0.236769
0.157269
0.220253
0.218535
1.449111
0.174899
0.033518
1.495239
-0.210261
0.271563
-1.383738
-0.135237
1.571318
0.829888
0.101334
-0.065123
1.700106
0.093337
1.435424
1.685055
-0.462117
-0.259871
-0.053936
-0.337286
0.235357
0.015542
1.063810
0.582693
0.066362
-1.836866
0.480913
0.210191
0.258861
0.922681
0.174804
0.207575
1.516336
0.164440
-0.882989
-1.841428
0.152593
-0.078468
0.146229
0.235059
0.131519
-1.210276
0.149585
0.067895
0.010035
1.463888
-0.180490
-0.133958
-0.096475
1.436304
0.507427
-0.687766
-0.131259
-0.212957
1.459149
-0.646951
-0.059391
1.409945
-0.359090
-1.782385
-0.033342
0.204753
0.143104
-0.269658
-0.797988
-0.361436
0.190527
0.155037
-0.187675
-1.299572
-0.206590
1.413540
-0.529674
1.465073
0.009436
-1.701295
-0.296672
-0.610375
-1.588588
0.008427
0.175507
0.970242
0.852364
-0.287824
1.224046
0.123104
1.660811
1.167582
-0.285923
-0.287150
-0.246446
-1.697288
0.208077
-1.351090
0.109890
-0.335134
-1.344981
1.500720
0.228945
-0.176860
-0.497988
1.130782
1.020054
-2.106091
-0.034458
0.117742
-0.073856
0.290261
-0.359918
0.172972
1.470417
-2.178874
0.068345
-1.348051
-1.933434
0.180019
-0.529606
0.129375
0.033186
-1.337078
0.158240
-1.585896
0.035131
0.200572
-0.274301
3.520331
1.378646
0.119417
0.204433
0.020932
0.176600
1.371603
0.279456
0.133348
2.737873
1.277062
1.384721
1.411081
0.037982
0.061438
-0.296474
0.222434
-0.348777
1.430962
2.852384
-0.213447
0.153530
1.380162
-0.301915
1.131624
0.034424
-0.017322
-1.479780
0.185667
-0.218209
-1.319920
1.260170
1.469104
0.292920
-0.035499
-2.102459
-1.293589
0.067612
0.222035
0.055305
0.253328
1.373356
0.000500
0.138299
1.447438
0.161249
-0.275417
0.238832
0.094951
-1.354781
0.112516
1.378292
0.117704
-0.244541
-0.225999
-1.660517
1.201625
-0.290294
0.037819
0.027937
2.865848
-0.172162
1.312660
1.442485
-0.633497
0.210185
1.515286
1.288041
0.077528
1.655684
-1.857099
1.440150
0.194163
0.189987
0.008892
-0.504306
1.829645
-4.649713
0.047920
-0.082244
0.377934
-2.105311
-1.906610
-1.414792
-0.005888
-0.458724
-2.006410
-2.042356
1.252293
-0.405689
-0.509859
-0.188176
-0.207626
-0.598477
0.162789
-1.995145
-0.238083
-0.043271
-1.664661
0.163639
0.063043
-0.104224
0.256394
-1.818942
0.263505
-1.839802
-1.314573
0.214788
1.208462
-1.890860
-1.815632
0.021255
1.223181
-0.471537
1.254696
0.161084
-0.313554
0.234458
-1.788325
0.374598
1.281439
0.016127
-0.250434
-5.055863
-0.092663
1.385848
-0.051642
1.207615
0.034911
1.116245
0.048480
-1.369597
1.325228
-0.396932
-1.004014
0.016180
-0.248373
0.079535
1.439341
-0.007524
-0.707660
1.267647
-0.331557
-0.003218
1.350455
1.434405
0.194694
0.863259
0.204597
0.316675
-0.193794
-1.312438
1.449355
-0.575982
-1.390131
0.193823
-0.049337
1.386240
-1.022065
1.452959
0.353212
1.574209
0.219518
1.457831
0.232534
-1.856265
0.358592
0.166356
-0.198392
0.832697
0.154619
-0.048553
-1.320218
0.165438
-0.401904
-0.220034
0.068525
-0.673839
0.142889
0.208006
-0.599816
0.158291
-0.277032
1.293456
-1.394264
-0.318055
0.077247
-0.350566
-0.041630
-0.191255
0.104451
-0.267747
1.190860
1.393663
1.685121
1.453747
0.231231
0.178672
0.036362
0.205632
-2.010388
0.204824
0.804799
-1.877353
0.233776
0.197126
0.023574
0.334758
1.086509
1.617881
-1.182651
1.123900
-0.032204
1.352178
0.304818
1.036018
-1.015771
0.171085
1.344396
-0.201163
-1.238920
-0.385822
-1.910520
1.415147
-1.410058
0.240397
-0.235535
-0.477626
1.567805
6.081784
1.671947
-0.172671
-0.147229
-0.299737
0.107376
1.155843
-0.562868
1.829708
1.517712
0.155684
-1.411892
0.002762
-0.176036
1.002849
1.441693
-0.321348
-2.413382
-0.232485
-0.267501
0.908752
0.263523
1.398894
-2.112071
2.872730
-1.257633
0.284773
-1.402555
-1.882509
-1.893557
0.203330
-1.115781
0.048368
-0.126268
1.460335
-1.386523
-2.330048
1.052699
-0.216899
-0.292040
-0.247575
1.473842
0.308523
0.200844
0.281561
-0.233084
2.820486
0.003372
2.085987
0.168067
1.216563
1.401222
0.153093
1.031587
-0.067296
-0.414283
0.271721
0.064941
1.352998
0.221349
-0.239188
-0.267006
1.336837
0.218320
2.894651
1.526566
-2.626216
0.205745
1.135614
-0.276328
-0.628028
1.064093
-0.340246
0.030449
0.152963
-0.067427
-0.210457
