-1.380604
1.282937
-0.357716
-1.599423
1.331962
0.014680
-1.938725
-1.468695
1.484691
1.381487
-0.046958
-0.221097
-0.096777
0.139278
0.153714
-0.177454
0.218415
-0.239645
1.465379
1.648681
0.215836
0.122569
1.483055
1.385281
-0.011720
0.152123
-1.384837
-1.701984
0.069032
-1.439722
-1.442695
0.126617
-0.389621
1.443215
0.171448
-0.360358
0.213258
-0.293958
0.276208
1.394791
-0.031525
0.217591
0.227678
-0.335137
-0.014079
-0.385600
0.072293
-0.419933
-1.599925
1.435995
0.003957
1.504279
0.155155
-0.005607
1.619523
1.471143
1.409872
-0.011793
0.058226
1.794208
-0.068391
-0.292873
-0.288529
0.216301
-0.238052
-1.428067
-1.441807
0.060053
-0.355796
-1.434769
1.245044
-0.181606
-0.246781
-0.043367
-1.626216
-0.034732
-0.066531
1.428466
1.566366
-1.466561
-0.350261
0.079152
-1.925531
0.178336
0.174396
-0.091176
1.515709
0.121977
-0.065296
-1.371932
1.386580
1.422548
0.120821
-0.104665
0.099937
-0.072527
-0.360831
-0.010181
-0.045747
-0.083995
0.306897
-0.321639
0.115458
-0.053273
-0.321275
0.245710
0.205198
1.421043
-0.440564
0.222595
-0.271316
-0.321098
-0.155221
-1.440491
-1.372150
-0.284452
0.269823
0.148298
-0.292964
-0.225327
-0.292523
-0.125410
-0.143762
1.322945
0.044503
-0.035790
0.221080
-1.512464
1.478152
-0.312723
-1.412537
0.132324
-1.381080
-0.323752
0.079561
-0.392778
1.465218
-1.522352
-0.279485
0.098454
-1.959672
0.264717
0.238836
-0.043452
0.005612
-0.039802
0.157376
-0.095589
0.205534
-1.399059
-1.493243
0.137049
1.475721
1.459682
0.097771
1.487935
-0.264397
0.192576
-0.044316
0.223401
1.404933
-1.369231
0.214764
-0.281221
-1.276156
0.196330
-0.323744
-0.261671
-0.010759
-1.299802
-1.472279
-0.236414
-1.428603
-0.307832
-0.281307
0.212353
1.442927
-0.089383
-0.034129
-1.496655
0.145565
-1.441494
-0.392602
0.186015
-0.444349
-0.412502
-0.290924
1.369388
-1.396442
0.152484
-0.288287
0.154253
-0.221626
0.128258
-0.363204
1.365998
0.237194
0.145861
-0.088124
0.245513
0.306179
0.046398
0.181157
-0.250818
-0.417929
-0.062937
0.155739
0.150079
0.232673
1.302725
-1.454979
0.230174
-0.288892
0.251780
-0.243313
0.200040
-0.257064
1.344137
0.169390
-0.385650
0.277461
-0.285676
-0.293658
0.035834
-0.366153
1.486479
-0.334133
-0.361791
-0.412464
1.388325
1.396672
1.387553
-0.361331
0.118123
-0.100345
-0.297036
-0.283774
-0.372006
-1.738360
-0.206104
1.476813
0.143285
0.184699
0.176025
1.487393
-1.599031
-0.346004
-0.313958
0.224271
0.328258
-0.263537
-0.352734
0.196657
0.194200
0.113209
-0.329157
1.328424
-0.020009
0.007122
0.212199
0.296446
-0.278149
1.287983
1.462496
0.127805
-0.302632
-1.926272
-0.234999
0.194198
0.005175
0.127596
0.054490
0.206812
1.518305
0.012503
-1.280276
0.186674
1.548502
-0.309413
0.274943
-1.988660
1.356874
-1.600547
0.189720
1.394191
1.515667
-0.413649
-0.342189
-0.335447
-0.095901
0.237064
-1.530991
-1.985876
-0.267873
-0.068850
1.225171
-2.029033
1.502146
1.483500
-0.365492
-0.270893
1.500673
-1.120959
-0.037801
-0.003820
-0.347802
-0.326399
-0.081102
1.431171
0.166918
-1.327367
1.316686
-0.216767
0.206740
0.023886
-1.343426
-0.385970
-0.049750
0.022775
0.075212
1.525289
0.054606
-0.330623
0.047887
1.413366
1.445148
0.254986
1.353732
-0.372566
-1.907765
-0.234278
0.161878
-0.353597
1.652181
-1.715892
-0.036661
-0.077342
-1.829152
1.200653
0.168381
0.161897
-0.066266
0.160633
0.011261
0.005782
0.244419
-0.137979
-0.271469
-1.349748
-1.521056
0.154176
1.439331
-0.290313
0.240408
-0.301242
1.469482
-0.276865
-0.128490
0.201506
-0.040396
0.160091
-0.256447
1.808946
0.097707
-0.332512
-0.336928
-0.227585
-0.275850
0.096062
-0.015582
-0.115048
0.218179
0.204305
1.353976
-1.546189
0.147255
0.202010
1.625794
-0.286146
-0.246400
-0.070183
-0.279882
1.395470
-0.252653
1.467358
-0.214297
0.118271
0.240064
-0.335805
0.264937
0.088526
-1.484370
1.397887
0.303882
1.339634
1.435691
0.178204
1.673572
1.419098
-0.095240
-1.332992
1.314443
0.247412
-0.029263
-0.277385
-0.378577
0.125807
0.239262
-0.371482
-0.329804
1.568127
0.046117
1.350365
-0.062060
0.185134
-0.329736
-0.307440
-0.358541
0.156147
-0.236215
0.019232
0.129184
1.395172
0.183161
0.006197
-0.335972
-0.010337
-0.289412
1.528771
0.109015
-1.486026
-1.334740
-0.337781
1.397207
0.086560
0.220597
0.121128
1.517228
1.401109
-0.046574
-0.261070
-1.531582
1.419201
0.462468
0.144816
0.192251
-0.223515
0.047780
-0.024139
-0.505632
-0.109184
0.060209
-0.320538
0.027550
-0.340005
-1.369418
0.140102
0.194535
-0.051495
-0.358028
-1.272767
0.101515
0.077473
-0.054759
0.309485
1.382012
1.552680
-1.989774
1.459184
-0.068049
-0.275507
-0.272477
0.196467
0.031894
1.465997
1.236616
-0.213323
0.166164
-0.295669
-0.228675
0.209949
-0.017965
-0.403505
-0.241820
0.227285
-0.289178
0.118009
-0.237675
-0.414075
0.207586
-0.260654
1.403306
-1.281403
0.169321
0.207767
1.536820
0.085309
1.333379
-1.971544
-0.379965
1.558637
-0.065239
-0.338525
-0.390660
0.062499
0.170368
-0.327974
-0.307844
0.175495
0.238356
-0.285388
-0.330130
0.182780
-0.215941
-0.306745
-0.312163
-0.314743
1.499813
-0.206155
0.084053
0.038890
0.199557
0.098488
1.422324
-0.290323
0.034028
-0.038427
0.158820
-1.461912
-0.191464
1.398689
-0.202668
-0.073695
0.198811
0.241976
0.206359
-1.459003
1.361515
-0.250194
-1.457757
0.010846
0.352151
0.163473
-0.216839
1.377381
0.265653
-1.438455
0.238793
-0.453806
-0.215361
-0.054337
0.159420
1.423128
-0.192510
0.209582
0.179546
0.109553
0.193309
-0.413567
0.209840
-0.343573
-0.050364
1.496845
0.134595
-0.030782
1.333033
-1.321624
-0.304422
-0.237090
1.507098
1.384660
0.126193
-0.273096
-0.265898
-1.332844
0.099578
1.450517
-0.214594
1.463931
-0.260604
1.550307
0.025338
1.710895
0.014317
-2.037684
-0.377453
1.722235
-0.337765
-0.200504
-0.249938
1.509871
-0.055347
-0.262243
0.188584
0.181162
0.247569
0.191207
-0.059331
-0.293398
-1.481090
-0.031061
-0.358820
0.190022
-0.002777
-0.342395
0.048826
0.215584
-0.035188
0.204382
-0.421648
-0.419711
0.204493
-1.319008
1.349105
1.425139
-0.152553
-0.239825
1.469060
0.207817
1.618943
-1.924608
1.387422
0.183848
-0.468035
1.219158
0.118918
0.069125
-1.388206
-0.057796
0.132493
-0.252812
-0.276220
0.111245
-0.337619
0.170285
0.043741
0.286049
-0.051973
-0.314919
0.118623
-1.426979
0.265150
0.152758
-0.289922
0.179837
0.170329
1.742953
1.519657
1.370096
0.023003
0.162342
-0.339073
0.235316
1.482296
-0.308180
1.385643
1.320049
-0.182239
1.339688
-0.314506
-0.026878
1.341371
-0.355072
0.083066
-0.245851
-0.040217
1.397315
-0.313836
0.045142
-0.042361
1.320650
0.167219
0.199293
0.156931
0.144561
-0.008125
1.459608
-0.521032
1.368635
-1.388380
-0.010463
0.253127
0.096712
0.136400
-0.328096
-0.041123
0.044192
0.068047
-0.418820
-0.343025
