-0.002023
1.780240
0.338185
0.369576
0.529375
0.378489
1.913870
-1.314661
0.297613
2.003978
0.439600
1.690103
1.901988
-1.258298
-1.223521
1.850778
1.924986
-0.170588
0.428100
0.708834
-1.324041
1.786165
0.171634
-0.007392
0.387531
2.209726
0.172139
-1.175534
0.477800
0.369406
1.503070
0.439071
0.334229
3.562670
0.564598
1.873536
-0.061470
0.253157
-0.136075
0.283047
0.042040
0.475654
3.522343
-0.004021
0.352904
1.779572
-1.264197
0.366930
0.521874
0.427924
0.454210
0.393612
1.868135
1.887547
0.729763
0.090587
1.924022
1.893205
1.555115
0.241852
3.500149
0.623117
-0.058283
0.375600
1.842801
-1.243928
0.458317
0.358707
2.018730
-0.179033
0.445659
2.069641
3.638574
2.035401
0.293954
0.429660
1.968583
0.532800
1.948627
-1.169476
-1.266442
0.392324
1.773623
0.249045
0.414998
0.217496
0.187936
1.879634
1.830761
1.855190
2.122792
-1.111175
-1.360166
-1.377558
-0.075948
-1.069103
0.497952
-0.131848
1.183628
0.028521
0.287195
-0.019294
0.188356
-1.189038
-0.054978
-0.030403
1.847793
-0.157511
1.981732
-0.054266
0.370177
0.494800
0.335570
1.865801
0.340442
3.593235
0.546737
0.421649
-1.242677
-1.415044
0.403764
-1.180717
-0.149369
0.390859
0.113483
0.365014
1.751365
1.900093
3.667748
1.896959
-1.243124
-1.176283
1.956052
1.822016
-1.257428
-1.251556
0.356302
2.091941
3.594589
1.917183
1.958552
1.574321
0.198017
0.437564
0.372677
0.435855
-1.237361
1.886773
0.183463
-0.111310
-1.307287
0.445230
0.485579
-1.335033
-1.241981
1.817871
0.098677
1.912408
2.029694
-1.115844
-1.174851
0.523187
0.343379
1.908896
0.247738
0.353687
0.636923
-0.057523
0.181266
1.917938
2.011642
1.858230
-1.048867
0.527007
0.179533
1.942536
0.294756
1.844772
-1.376134
3.626988
0.659807
-0.101951
-1.043909
1.929072
-0.133892
0.243716
1.857351
-0.096141
0.489980
1.965915
0.462818
-1.081091
0.480713
0.393041
1.986902
0.398778
1.824148
-0.052733
1.888124
0.374141
-1.212950
1.848477
0.270207
0.473023
-1.255699
0.398472
1.989314
0.329968
3.561412
1.833972
0.376011
2.054484
-1.264509
0.331500
1.857713
1.952651
0.344018
0.159581
0.419429
1.815401
3.534053
2.054320
-1.228769
-0.057787
0.444889
2.425542
0.445044
1.853675
1.800830
1.754373
0.410083
-1.218123
0.199553
-1.160844
-0.067172
0.338924
2.130989
3.667588
1.942596
1.754680
0.384550
-1.154763
3.502137
0.432323
0.438933
0.002663
-0.095108
-0.164639
-1.156359
1.752318
-0.029854
2.155823
-0.086791
1.817205
0.188102
-0.087765
0.383626
1.654103
0.453710
0.835102
0.393285
0.365984
0.511571
0.433975
-1.276087
0.401143
-1.287217
-0.143385
-1.288987
0.439139
-1.221798
1.872870
-1.186569
0.770230
0.537101
1.916346
-1.248708
-1.180613
-0.076524
-0.195906
1.824947
0.390945
0.356594
-0.040086
2.054504
-0.070079
1.798963
0.529758
0.578279
1.836487
0.367828
0.219041
1.853718
-1.240661
0.415600
1.778429
0.479219
1.802444
0.499583
3.476262
1.713488
1.712472
0.605417
1.896780
0.659271
-1.285535
-1.247114
0.487169
-1.194866
-1.362934
0.477768
0.443383
0.317532
0.616044
1.838456
0.223041
-0.145749
0.511965
0.650420
1.877693
0.551392
1.685203
0.507734
-1.372689
0.065759
0.221845
1.946490
0.535471
0.169972
-0.089558
-1.391946
0.372131
0.476815
0.176906
2.062975
1.964331
0.290756
-0.061332
1.666439
1.961186
0.427746
1.896387
3.613550
0.572628
-1.166773
-0.084889
-0.047878
-0.001678
-1.862113
0.386062
0.816891
1.779652
0.421974
0.510169
0.495542
0.455444
1.662726
0.277061
0.505628
0.348063
1.809783
0.501121
0.426180
1.772123
0.128806
1.814091
-0.082780
-1.105746
1.735767
0.510087
-1.341816
0.411859
0.559118
0.533006
0.178258
0.396166
3.488593
-1.145870
-0.174408
-1.290576
1.767441
0.348676
-0.063133
0.316008
0.476484
0.448737
1.278632
0.504815
1.880566
0.051041
-0.071938
-1.324197
1.839455
0.532632
-1.248300
0.378452
0.353748
0.482058
1.742497
0.415597
-0.140225
-1.345403
-1.183889
-0.100533
1.815216
0.560215
-1.275437
0.163176
1.743814
0.445459
3.587255
-0.083992
0.986011
2.214609
0.526667
-0.003964
0.334903
-1.200641
-0.054599
0.513462
0.507223
1.886294
1.468246
0.469294
0.717137
1.823218
0.474258
-1.260688
-0.064164
1.815678
0.430886
0.382433
1.841657
-0.056857
0.750381
2.101861
1.965413
-1.300597
0.441324
3.313884
0.457570
0.376269
0.526821
1.816063
0.617195
0.031616
0.034532
0.379580
-1.196208
0.348348
1.980863
-1.187155
1.878126
-0.104105
0.170754
-1.183740
0.453047
0.423961
1.774987
0.447600
0.338721
1.766431
1.862622
0.450823
1.819579
1.824901
1.748108
3.552357
0.575256
0.386028
-1.238755
0.443083
0.410792
0.118895
0.191515
1.973613
0.066637
1.573747
0.458326
-1.416254
0.046953
-1.327834
-1.223281
-0.088832
0.424585
1.942197
-0.023882
-0.027233
0.522694
0.415138
-0.132268
0.334287
-0.063011
1.799411
0.423709
-1.176634
-0.047670
-1.269474
0.430185
1.820141
1.815404
-1.070949
0.141391
0.258339
1.872283
-0.127351
0.466378
0.333145
0.496915
1.899403
-1.309835
1.925010
-0.118248
0.344072
0.430949
1.881463
0.187569
1.818024
0.460233
0.376179
3.480153
0.215349
0.603979
1.771012
-0.059120
0.583590
0.048096
-1.341133
0.253611
-1.267052
0.419162
0.466230
0.679396
-0.019988
-1.187039
-0.008670
0.725194
0.423479
-1.302791
2.030627
0.034518
-1.244481
1.925572
3.489902
-1.264734
-1.173423
-1.174918
0.242609
0.426825
1.525835
0.535844
1.503927
-1.171349
0.575408
1.668944
1.812078
0.629391
-0.095714
0.815352
0.500268
0.536633
1.827785
0.390054
0.159893
-0.091623
0.499809
1.897156
0.472547
0.346126
0.393422
0.377524
3.565196
1.390319
0.521165
1.723485
-0.109093
1.873793
-1.199072
1.783432
1.751669
0.494603
0.072909
0.266980
0.155210
0.487219
0.277858
2.079002
0.206667
1.868443
1.858702
0.171372
-0.085363
2.035446
-1.222480
-0.073519
0.451375
0.447747
0.370466
1.886826
0.445484
-1.809893
1.848117
-0.151442
0.560916
0.489093
1.843382
1.884921
0.474473
1.713879
-1.133746
1.801366
1.843160
0.497512
0.469966
0.421249
0.351550
1.912160
2.011723
0.476951
0.477560
1.806153
1.842486
0.237686
2.025677
2.076814
1.901254
3.716692
1.657042
2.018866
0.386298
1.771381
3.571324
1.201612
1.986865
1.695457
-0.054846
-0.016816
-1.211149
1.754529
-1.262119
0.416737
0.162729
0.164810
-1.290444
1.859324
1.580256
0.395811
0.068622
0.250306
-1.166933
-0.195255
0.394394
2.118723
2.004102
-1.287237
0.413729
0.402606
0.335362
0.123339
0.196985
3.510121
0.424626
0.318801
-1.123982
0.350849
-1.337966
-0.062572
1.908594
1.831983
0.167133
1.766752
0.513460
-0.078615
1.870576
-0.208347
0.474413
-9.245597
0.484186
-0.044299
1.936027
-1.236817
0.573073
1.869257
0.435555
0.539017
0.319060
1.793323
0.655396
-0.051910
0.356253
