3.353765
-2.547820
0.947903
3.388723
-2.232462
0.123854
0.250303
2.979186
-2.232618
-1.283649
0.126311
0.288501
0.505078
0.548461
-0.056156
0.791036
0.059709
0.932537
-2.575318
0.538269
-0.532632
-0.274366
-2.592724
-1.424679
0.239560
-0.592873
3.324383
0.229703
0.046103
3.572786
3.708731
-0.148896
1.520868
-1.389386
0.487198
0.563508
-0.027756
0.630867
-1.006778
-1.033368
-0.273577
0.101497
-0.333419
0.745117
0.357050
1.169810
-0.160481
1.007227
3.766434
-2.074929
0.165718
-2.250808
0.248611
0.094616
-3.414310
-2.732579
-2.146152
-0.234072
0.667560
0.748510
0.362828
0.658282
0.546255
-0.716019
0.672589
3.615099
3.740695
0.154582
0.964542
3.170877
-0.341204
0.537115
0.844154
-0.184317
1.981080
0.415554
0.151792
-1.714757
-3.323438
3.305993
0.643090
0.256559
0.483607
-0.103635
-0.470764
0.110072
-2.844931
-0.096827
0.516122
3.320834
-1.871539
-2.301547
-0.432435
-0.217084
0.210773
0.177834
0.996891
0.635792
0.077376
0.038502
-0.366970
0.481696
-0.728470
0.534827
1.012321
-0.201891
0.269589
-0.962654
1.079535
-1.109467
0.692145
1.306888
0.235357
3.367086
3.256661
0.898363
-0.415733
-0.081854
0.435516
0.957578
1.280535
0.310253
0.061529
-2.643740
-0.698332
0.004204
-0.471858
3.106015
-2.783453
0.338886
3.270706
0.120088
3.322674
0.424227
-0.310761
0.737938
-2.654569
3.572657
0.821729
-0.197253
0.218575
-0.187764
-0.910294
0.417925
0.153138
-0.052100
0.165690
0.603494
0.100308
3.554807
3.605190
0.360427
-0.928182
-2.136322
-0.773539
-2.680344
0.532250
-0.320642
0.155962
-0.224999
-1.899723
3.738332
-0.319827
0.813975
3.387023
-0.039433
0.923030
0.721262
0.475226
3.231845
3.290735
1.092225
2.577862
0.842487
0.690400
0.449182
-2.337649
0.311278
0.491741
3.444695
-0.087926
2.115704
1.218164
-0.325835
0.992356
1.469784
0.977645
-2.220278
3.346495
0.040857
0.710809
0.165392
0.744331
-0.462224
0.778876
-2.344015
-0.021789
-0.245327
0.168165
-0.444315
-1.100953
-0.444486
0.445234
-2.860778
0.643108
0.567997
0.084814
-0.413066
-0.282990
-1.159344
2.987633
-0.249779
0.541366
0.053854
0.404765
-0.146647
1.008869
-1.833020
0.139684
0.578255
-0.286945
0.911464
0.604112
0.538524
1.248258
-2.974699
0.986345
-2.338919
0.964087
-2.461301
-1.209248
-1.806392
0.663317
-0.508064
0.068176
0.775109
0.936927
1.382751
0.450636
0.584359
-1.874026
-1.640738
-0.391646
-0.368375
-2.552416
2.821749
0.888274
0.667172
-0.519446
-0.651356
0.905256
0.908982
0.002856
-0.373415
0.058362
1.265637
-1.879426
0.345830
0.104897
-0.339190
0.220244
0.668449
-0.928032
-2.403698
-0.214866
1.001648
0.294679
0.890429
-0.177996
-0.059255
0.126787
0.118396
-0.627821
-2.837804
0.297202
3.324793
-0.687867
-3.219634
0.606576
0.182031
0.415179
-0.989681
3.375575
-0.443504
-1.149529
-1.496237
0.966648
0.121101
0.876973
0.190870
0.382059
2.374035
0.851737
0.671401
0.314106
-2.177286
0.771961
-3.003926
-2.411183
0.831967
1.325638
-2.941817
2.690366
0.143947
0.051985
0.821801
0.227333
0.188125
-2.586835
0.303029
3.057235
-1.762273
0.428657
0.137662
0.293982
3.333114
0.800829
0.269424
0.441903
-0.010909
-2.733332
0.044741
1.439814
0.048531
-2.714765
-2.632542
0.086092
-0.060319
0.889572
0.346674
0.751767
-0.393165
1.017115
-3.172651
4.063386
0.240568
0.304051
0.301590
-1.664663
-0.984029
0.241687
0.311392
-0.189898
-0.080232
0.139420
0.021214
0.655942
0.907304
3.144763
3.952763
-0.241586
-1.942152
0.651245
0.162391
1.059293
-2.149415
0.699317
-2.907714
0.084121
0.190799
0.120469
0.697366
-3.199485
-0.050525
0.300960
0.896343
0.610845
0.669713
0.066367
0.164085
0.598965
0.333205
-0.528301
-2.372471
2.187724
-0.219463
-0.377510
-2.834975
0.818473
0.720935
0.316895
0.912223
-2.275108
0.658116
-2.413674
0.646458
-0.198876
0.442962
1.121253
-0.644335
-0.209250
3.035156
-1.758267
0.225807
-2.198338
-2.327397
-0.144249
-2.916398
-1.318199
-0.092158
3.248797
-2.132631
0.245888
0.407512
0.967840
0.394876
0.226498
-0.453516
1.235573
0.591448
-2.800583
0.225333
-1.392416
0.401787
-0.245884
1.201830
-2.901936
0.675950
0.118036
0.797900
-0.053173
0.206151
-1.954020
0.135710
0.008603
1.103580
-0.169372
0.932753
-2.926649
0.605770
2.757109
3.115383
1.178710
-2.399132
-0.097477
0.158825
0.624918
-1.834759
-2.631300
0.486048
0.624556
2.888148
-1.905892
-1.015894
-0.119803
-0.137906
0.739568
-0.472037
0.082650
0.872824
0.338338
0.667827
0.717228
0.154207
1.397507
3.040956
0.005620
0.238540
0.287151
0.823378
3.110192
-0.151353
0.107926
0.311788
-0.215128
-1.422358
-2.886741
0.278420
-3.019050
0.248127
0.890551
1.639404
0.346846
-0.041200
-2.916997
-1.347136
0.940048
0.146183
0.569953
0.658875
0.215515
0.836142
0.997113
1.031104
0.387756
0.854198
-2.207416
0.879957
1.091311
0.252015
0.877783
-2.367275
3.201130
-0.021534
0.032409
-2.778020
-0.335418
-1.602626
0.713877
0.977360
-3.226237
0.079539
1.042690
0.907268
-0.101530
-0.478029
1.011674
-0.013671
-0.433966
-0.158892
0.707703
0.790256
-0.245937
0.868810
0.873469
0.559814
1.250792
-1.461963
0.823374
-0.044657
0.538324
0.350702
0.333740
-2.538589
0.784902
0.632513
0.085707
-0.077616
3.238359
0.558304
-2.937515
0.776144
0.587406
0.100510
-0.059798
-0.024700
3.063744
-1.083753
0.260405
3.123138
0.053514
-0.340318
-0.492400
0.861585
-1.940343
0.293690
3.436503
-0.118222
1.116837
0.896515
0.234109
-0.466798
-2.007801
0.641637
-0.379198
-0.526804
0.302720
-0.233126
0.950785
0.247052
-2.802668
-0.170244
0.440352
-0.137510
-0.084818
-0.726688
3.164591
0.094883
0.560542
-2.285664
-1.709253
0.406782
-2.527547
0.980936
3.052613
0.272923
-1.572301
0.987405
-2.608222
0.422357
-2.013948
0.168707
-2.509380
0.263840
0.618559
0.476794
-3.104228
0.587155
0.066096
0.457707
-1.344420
0.286498
0.334521
-0.370235
0.390322
0.174157
-0.505413
0.217516
2.645009
2.803296
0.109287
1.018835
0.141529
0.052684
0.782062
0.096420
0.206091
0.187184
0.640050
1.465326
1.075532
-0.400769
3.273394
-1.601111
-1.914823
0.867279
0.583040
-2.506074
-0.665775
-3.158359
0.576361
-1.893577
-0.432386
1.034728
-2.452529
0.202580
-0.540525
3.089059
0.191387
-0.098740
0.655956
0.725205
-0.130106
0.929765
-0.016469
0.050925
-0.631667
0.119687
0.162767
0.541376
3.549475
0.128232
-0.514071
1.264307
0.219040
0.057608
-2.922812
-2.683955
-1.115637
-0.250479
0.118918
0.710208
0.216352
-2.190294
0.957956
-1.016656
-0.770974
0.830216
-2.167060
0.944531
0.023164
-2.387985
0.574452
0.198378
0.770183
0.200192
-3.121980
0.652902
-1.128676
-0.017246
-2.499674
-0.558672
0.504938
-1.428783
-0.137391
0.167942
-2.564542
1.621488
-1.810194
3.069930
-0.074748
-0.979062
0.360849
-0.713213
-2.293419
0.023913
-0.035846
-0.141799
1.273345
0.539840
