0.513519
2.942556
0.492621
0.150099
-1.932648
-0.239660
0.225765
-2.430410
0.074755
0.381457
-0.090053
-0.228258
-0.029956
-0.528632
-2.075738
0.507296
0.709920
0.685436
0.864410
3.269449
-0.424693
1.160331
-2.097198
0.424023
0.368912
-3.046614
-1.703620
3.761226
1.012323
-0.196311
-2.506201
0.080605
-2.533568
-0.214208
0.133044
-2.358595
0.107755
0.889341
-0.814476
-2.281265
-0.046548
-1.697198
1.943958
-2.792539
1.158418
0.736724
0.571217
0.111227
3.294276
-0.007246
0.328876
3.612445
3.442321
-2.544632
0.232783
0.700791
-0.203548
3.130136
0.250357
0.239017
-2.802569
-2.464713
0.252266
-2.299423
0.327494
0.884462
0.248481
-1.670625
0.111290
3.401938
-2.982349
0.211908
-0.863114
1.028271
0.288073
0.740861
-1.995774
-0.047033
-0.055310
0.399579
3.529328
0.184685
0.000524
0.329212
-1.502795
0.112535
3.178911
0.774535
0.073229
-3.498548
-0.089645
-1.608331
-2.696426
-2.318255
-0.377134
-0.008188
0.077896
-2.125006
-0.066116
3.144367
0.756317
-0.041631
1.069612
-1.889816
-2.128824
0.730638
-2.408438
0.596016
0.394683
0.797783
-2.257659
-2.944601
3.353520
-2.242581
2.635742
3.570656
0.434676
-2.825328
-1.807984
-1.015680
1.465111
0.408029
0.541143
0.188849
0.825766
3.501343
-0.509839
0.000493
-2.582362
0.349968
1.276648
0.430113
-0.077182
0.030977
0.208280
0.851105
0.599826
-3.015764
-2.292797
0.096739
0.546980
0.216556
1.173349
0.346812
0.807176
0.258248
0.321380
-2.265559
-2.662446
-0.434809
1.148511
-0.222618
0.041871
0.690205
0.093875
0.274583
-0.388004
0.823328
0.696166
0.899794
-2.300505
-2.626352
0.292342
0.205201
-0.032367
0.366697
0.904415
-0.148990
-0.056226
3.670516
-2.103583
1.030688
-0.309751
0.566030
-0.002929
-0.150075
0.131021
-2.426465
-1.892281
0.194816
-1.034048
-2.705314
-0.111450
0.366088
0.661000
-0.498818
3.508568
-2.333718
-1.814202
0.047848
3.518944
-0.639895
2.819971
3.259637
3.518319
0.015477
-2.255647
0.556446
2.960541
0.343380
-0.346493
0.808131
0.801973
-3.086906
-0.055219
-2.566092
-2.659882
0.020791
3.551033
0.243353
-0.373668
-0.060647
-2.553298
0.126921
0.331786
-1.384367
0.381614
0.001795
0.096733
0.428807
0.160124
-0.033857
0.079461
0.651310
-0.098428
0.346985
-2.023861
-1.854851
0.376044
-0.200933
0.506745
3.700296
-2.541514
-0.307633
0.509144
0.474748
0.399873
3.211064
0.498963
0.166401
0.248047
3.327935
2.580826
0.031996
0.421177
-3.023150
-0.048631
-2.293070
0.526292
0.380669
-2.663537
0.861188
-2.862670
-2.753113
0.715331
1.215856
0.526642
0.412493
-2.791431
0.284599
-2.810018
0.209782
0.169986
-0.415570
0.447028
-1.108863
0.084085
-0.123750
1.046016
0.205766
-1.557461
-0.445391
-1.441974
0.517874
2.652700
0.931884
0.483417
-3.028686
1.210656
-0.115964
0.271197
0.768814
-2.665552
-2.743722
0.256249
0.263837
0.069048
1.236921
0.451820
0.241055
0.705011
3.160052
3.001870
-2.656149
-0.495172
2.546603
0.147080
0.989536
0.355938
0.421609
-1.993312
-0.805789
0.341334
0.972170
-0.724175
-0.011954
0.535687
3.107185
0.417550
-2.426213
3.427714
0.134886
-0.019063
0.669002
0.000118
-0.045085
0.405743
3.078655
3.398325
0.706042
-0.068110
-2.350789
0.021639
0.071228
0.610584
-0.194150
0.309896
-1.360999
0.407324
-2.069666
-2.401726
1.035374
0.091415
0.082216
1.085286
0.719177
-1.973406
-1.622700
0.658783
-2.338806
1.040813
-2.639135
0.258139
3.683389
0.388949
0.323552
-0.988907
-0.131053
0.855171
0.078920
-3.016842
0.162732
-0.277420
-0.247566
-2.318274
2.784647
0.698149
-1.289050
-2.573548
0.005370
-2.183974
-1.984071
0.458837
0.233373
0.048079
-1.889822
3.377977
0.874385
-0.015422
0.302608
0.302595
-2.779777
0.466853
-2.141013
-0.527516
0.538152
0.357485
0.170600
-2.819733
0.139883
-2.022379
-0.383949
0.111826
-2.012732
1.227691
0.069658
-1.010210
1.316452
1.470682
0.117666
-1.686077
-0.011282
0.484191
0.803751
0.351271
0.916384
0.531080
0.426525
1.125126
-0.761120
0.987650
0.791030
0.932699
0.815754
0.368127
0.077596
1.077691
-0.146566
0.291252
0.336151
-3.034670
-0.170386
-2.528493
-3.109942
0.479057
3.275641
1.105870
0.918284
0.067905
-1.980926
0.299906
0.200610
0.088706
-2.725132
-2.406424
-2.479257
0.214312
0.197982
0.661902
0.112822
0.433636
0.718723
0.741779
0.522270
-1.136579
-2.888591
0.647683
-0.153924
0.544013
0.711633
0.868135
-2.008040
3.563773
0.202987
3.231976
-2.048946
-1.200178
0.895964
-2.772073
-0.025107
0.944668
0.256119
0.234281
-0.228339
0.838285
-2.573977
-0.356450
-0.116926
-2.745179
0.779800
0.003905
-0.515543
3.690756
-0.215184
-1.988453
3.280425
0.755287
0.050664
0.268981
0.246127
0.075415
0.269044
-2.134229
-2.093254
0.283917
0.416161
1.205558
-0.100131
0.589286
0.865287
0.174476
-2.432355
0.022641
0.685954
0.329895
-2.482399
-0.294097
0.449595
3.341712
0.285362
0.878186
-1.699098
0.520230
0.176101
0.333372
0.482943
0.498589
0.747392
-2.411591
0.233383
0.299378
-2.591257
0.123548
0.044803
0.084522
-0.165799
-0.254091
-1.260187
0.493972
1.105662
0.145013
-2.544370
0.689189
0.516329
0.645971
0.287859
0.862701
0.193906
3.041230
-0.317311
0.028254
0.233482
0.618859
0.318818
3.251075
0.150274
-2.803683
-2.452756
0.267043
0.386658
-0.743396
3.409104
0.746277
-1.407338
-0.664392
0.472662
0.353940
0.397889
-0.047481
0.265293
3.659137
0.034144
-2.565356
-1.916455
-1.682204
0.911557
0.643989
0.983563
0.430414
3.404021
-0.113498
0.393663
-0.211794
0.331210
2.797446
0.547313
-0.472207
-0.385014
0.139513
-0.616333
0.873852
0.863970
0.460293
-0.462410
3.606498
1.034889
-2.706193
0.524498
-0.270649
-2.343315
3.202245
2.950662
-0.200452
0.192918
0.246275
-0.127032
0.503883
0.753715
-0.297971
0.014731
0.143651
0.867799
0.328475
0.732630
-0.242464
0.022979
-0.326658
0.721058
0.821612
0.860377
-0.891707
0.649881
0.366342
-2.245285
-0.548674
0.216785
-2.169371
0.115734
0.587223
0.896507
-2.135254
0.240380
0.291758
-0.283265
0.225991
0.174698
2.262160
1.320349
-2.123536
3.125448
-0.866837
-0.418581
0.869494
0.384301
0.016520
0.038444
-0.343018
3.370066
-1.924732
-0.072989
-2.322629
0.528350
0.197252
-2.070660
0.717727
0.139376
0.957668
1.168031
-2.144793
0.455803
0.913318
-2.640457
0.377267
0.508398
2.700492
-2.358769
0.851977
-0.268040
1.085130
-0.206859
0.879902
0.307013
-0.056975
-2.960128
0.600981
0.580302
0.532896
-0.361591
-0.112651
-2.272997
1.010079
-1.837025
3.390580
0.447877
0.241611
-2.355735
0.190493
0.097075
-0.164486
0.993354
-2.001865
-0.063709
3.399490
1.109770
-2.076374
0.638452
0.452585
3.282051
2.852774
-2.564387
-0.448763
-0.543919
-2.556461
0.134540
0.296544
0.241982
-3.155970
0.449971
-3.153954
-0.271938
3.220926
-2.605367
0.258838
1.537736
0.463837
0.717210
-2.165118
3.124078
0.578233
0.219438
