0.294716
-2.777347
0.132511
0.349579
0.504474
-0.184385
0.107670
3.158353
0.180925
-2.742004
0.190923
0.066055
-2.603652
0.164843
0.324047
-2.982359
0.133778
-2.853964
-0.201279
0.116384
0.028072
0.233341
0.457514
0.010253
-2.530818
-2.832023
-2.798229
-2.776734
2.907818
0.040228
0.163330
-2.800985
-2.782849
0.445799
0.006377
0.059831
0.095292
-0.004581
0.217123
3.331282
0.311310
0.190095
0.229344
-2.609890
0.277944
3.460561
0.220834
0.110855
3.185643
0.423773
0.472401
-2.574455
0.198808
-2.842625
0.450300
0.169510
0.122783
0.565670
-2.703831
-0.042816
0.177220
0.379428
-2.640131
0.149833
-2.691367
0.462784
0.095932
-2.848571
0.150608
0.184290
0.384081
0.132756
0.379357
-2.853890
3.436698
-2.830691
0.200995
0.010805
0.400087
-2.746684
0.631545
0.165144
0.381524
-3.035415
-2.853913
-0.046739
0.128911
-2.811404
0.028190
0.566134
0.101318
0.135414
0.468073
3.520230
0.320262
0.309595
0.141271
3.379210
0.193560
0.352049
0.232790
0.065848
0.213579
-2.812943
0.384990
-2.870224
-0.269074
0.052703
0.171791
0.083350
0.320874
-2.545587
0.246240
0.129400
-0.100242
0.201930
0.206680
3.288539
0.316356
0.480245
0.214764
3.460726
-2.661895
-0.017115
-2.677689
0.230551
0.468823
0.320341
-2.694087
-2.904151
0.168468
0.106391
0.407653
0.057575
0.066512
-2.930031
-2.777458
-2.832103
-0.280686
0.335409
0.395911
0.113687
-0.208931
-2.779842
0.153934
0.038984
0.255303
3.244298
-2.889521
0.137897
0.259617
0.332197
0.204746
-2.757081
-2.769294
0.491543
0.420769
0.276432
0.305309
0.074541
0.404124
0.034823
0.137175
0.102151
0.419054
3.600939
0.129234
0.325324
0.072678
0.364899
0.249973
0.198113
-2.701107
0.300345
-2.825115
0.282884
0.325077
3.555271
0.473137
0.099436
0.101907
0.113887
3.391760
0.318207
0.005513
-2.884632
0.395504
0.143357
-2.799785
0.116201
0.373561
0.363508
0.326551
-2.568201
0.202946
0.547446
0.338976
0.371564
-0.141963
0.342755
0.356665
-2.730403
0.198457
-2.870490
0.118383
0.095394
0.120447
-2.877342
0.164425
0.348205
0.391288
3.497573
0.149785
0.358714
0.144753
-2.922871
0.133410
0.134792
0.489675
-0.035997
0.130735
0.399132
0.222443
0.346671
0.274366
0.560191
0.547192
0.193750
0.173044
0.362758
0.181683
-0.020606
-2.933459
0.371370
0.064628
0.321765
0.353687
0.527680
3.409767
0.270220
-2.770300
3.323088
0.277935
0.210535
-2.751893
-2.599357
0.454488
-2.848669
-2.681578
-0.103504
0.408430
-2.775850
-0.014167
-0.057641
0.238369
0.308630
0.340046
0.149681
0.512233
0.152438
0.168977
-0.069719
0.116806
-0.161481
3.374553
0.267397
-0.036757
0.119268
0.381823
-3.012023
-2.660872
0.460084
0.240850
-0.040191
0.397960
0.167682
3.458140
0.481710
0.100253
-2.783228
0.309194
-2.602789
3.357294
0.155575
0.157886
0.191357
-0.053399
-2.802965
0.336851
-0.115970
0.131694
0.087638
0.225344
-3.015756
-0.052983
0.364579
0.243394
-0.000502
0.189656
0.291560
0.382479
0.182619
0.386341
-2.866913
0.164924
-0.297291
0.008902
0.043719
0.224978
0.225542
0.372515
0.114787
0.285372
0.146533
-2.838873
0.331039
0.256111
0.279840
-0.054675
0.252992
0.475476
0.165893
0.187786
-0.064586
3.148607
-0.106529
-2.763237
0.178852
0.134827
-2.807653
0.105324
0.254210
0.256475
-2.719958
0.406464
0.171615
-2.430247
3.406456
0.068192
0.403633
3.586478
0.478721
0.248806
0.343347
0.131249
0.491752
-2.623107
0.078218
0.107075
-2.607840
0.203623
0.223388
0.434897
0.376395
-2.606745
0.484713
0.099100
0.061363
0.546533
0.280468
0.237455
0.420085
0.373559
-2.677592
0.410315
0.325189
-0.120993
0.222638
0.493309
0.143448
0.155928
0.483277
0.081992
-2.928598
0.111284
0.421051
0.108639
0.269626
-2.571057
0.288244
0.282735
3.183058
0.059258
0.224905
0.443586
-0.115679
-0.372919
0.220456
0.066456
0.079052
-2.900766
0.404919
-2.970965
0.253195
0.167287
0.309624
0.142487
0.340455
0.378769
0.147359
-0.077716
-2.722704
0.557421
0.472625
0.241209
-2.801854
0.165327
0.146640
0.157977
-0.321564
0.199341
-0.161707
0.310606
0.431311
0.046061
3.205182
0.601781
-2.747140
-2.790312
0.288622
3.483802
0.259058
0.097428
0.125397
-2.964543
0.234345
0.264392
0.378751
0.292778
0.093503
0.147447
0.298942
0.249854
0.271757
-0.123560
-2.651407
0.085350
0.109703
-2.434606
-2.881768
-0.089843
-2.664701
0.274923
0.485930
0.048493
3.275286
3.239306
0.050020
0.453486
0.084948
0.217224
0.128766
0.324991
-2.840682
0.138681
-0.096552
-0.344378
-2.982825
0.033653
0.339489
-2.575423
0.539671
0.224673
0.484763
0.059371
0.298282
0.186561
0.237167
0.421596
-2.984568
-0.299179
0.365301
0.219983
0.328661
-0.015883
0.470475
0.376657
-2.754289
-2.650102
-2.688963
0.052583
-2.746667
-2.664674
-3.040086
0.173587
0.314161
0.378234
0.007860
0.009329
0.145142
0.108052
-2.659264
0.548619
0.054579
0.195277
0.001840
0.298433
0.093626
-2.986536
-2.973989
0.379780
0.453924
0.390244
0.029322
3.357229
-0.209921
-2.702096
0.115968
0.115913
-0.184740
3.428273
0.486838
-2.748606
0.536402
-2.650766
0.211169
0.034063
0.631634
-2.644419
0.177607
0.352402
0.241939
-0.165541
-2.775541
-0.077662
0.202817
0.088106
-0.018730
-2.873221
0.351760
0.525394
0.209199
-2.781385
-0.032741
-2.839971
0.319155
-3.071347
0.014626
3.288344
0.154219
0.311688
0.525646
0.416143
0.366946
-0.021058
0.101429
0.334694
0.254888
0.333583
0.061892
0.208307
0.527800
0.082492
0.276880
-0.019865
-2.754771
0.205139
-2.823512
0.389725
0.045509
-2.769224
0.364864
-2.735353
0.084537
-2.652370
-0.044969
0.315421
0.408787
0.237280
-2.651385
3.420197
0.142390
0.093179
0.501693
0.311679
-2.652300
-2.860409
0.035780
0.139138
3.439497
0.298777
0.186851
0.500006
0.545517
-2.968723
3.558953
0.091725
-0.328462
0.330594
0.364762
-0.018890
0.346993
0.057716
0.474650
0.079202
0.218377
-0.045247
3.296113
0.186343
-0.081489
0.378005
-0.532897
0.018743
0.367005
0.099231
0.459107
0.367278
3.261689
0.270601
0.526546
0.239120
0.365836
0.432054
-0.173113
0.505190
3.315576
0.345980
3.353941
-0.069838
0.341582
0.229075
-3.007463
-2.872371
-2.666075
-2.974963
0.035952
-2.541595
0.113271
0.151575
0.176724
0.200181
0.202637
0.211240
-2.998715
0.076698
3.136539
0.355646
3.381582
0.198353
-0.007205
0.228176
0.214591
0.440039
-2.752094
0.362909
0.378188
0.597692
0.423910
-2.761509
-3.119819
0.127804
0.381574
-0.110825
0.328358
0.280606
-2.949331
0.314039
0.282596
0.173699
-0.122298
0.427524
0.285524
0.246306
0.323701
-2.900048
-2.694018
0.434230
-2.818135
-2.684393
0.211943
0.422054
0.479898
0.120466
-0.008726
0.040478
0.266894
0.081649
0.038890
2.973610
0.141592
-0.007530
0.434181
-0.034516
-0.185819
0.147963
0.275486
0.266948
0.348477
0.247013
0.419088
