-0.330894
-3.040563
-0.046382
2.610019
0.204099
0.400200
-3.830422
-0.445945
-0.585576
0.019446
0.575185
0.023861
0.206881
-2.795351
0.019843
-0.402775
-0.565097
0.450920
-0.370765
0.270184
-4.129289
0.387822
0.099561
-0.092135
0.415838
0.211453
0.448221
0.317829
0.383082
-2.841290
3.206308
-0.190368
-0.232730
-3.493083
0.042079
0.230645
-0.045068
-0.284247
-3.008545
-3.444382
-1.110494
0.504646
0.502224
-0.946624
-0.522082
-2.714286
-0.260298
3.534295
-0.007987
0.548789
0.343715
0.379148
-0.765651
0.295846
0.223039
0.423170
-2.950587
0.228993
0.266368
0.279924
-0.872291
-0.061156
0.085219
-3.507526
-3.212898
-0.620771
0.200337
0.397895
0.135830
-0.013965
0.137352
0.219152
-2.793601
-2.904941
-2.674970
0.323684
-0.709232
0.156875
0.226967
0.010622
0.397162
-2.846868
-3.001305
-1.025125
-0.240346
-0.237942
2.777737
-0.190356
-0.125190
-3.022925
0.153839
0.205536
0.603144
0.736454
-0.347614
-1.031461
-0.630141
-3.532871
-2.754955
-0.108339
3.439944
0.099630
0.230234
-0.363750
0.143422
0.328842
-2.817445
0.283922
0.090931
-2.823743
-0.876315
0.062509
-0.475033
0.178363
0.161993
-0.357640
-0.463872
-0.119415
-0.521833
-0.310663
0.311351
-0.081196
0.071179
0.304067
-0.675034
0.089163
-0.736247
0.217774
-0.832250
0.078920
0.294521
0.112225
0.107228
0.467188
0.262192
0.369772
0.227750
0.070771
0.601864
-0.108800
-0.594438
-0.106041
3.385594
-0.440001
0.282498
-0.908460
0.330746
3.376119
-3.106591
0.385293
-2.797369
0.447648
-3.283836
-1.045307
0.194558
0.215298
2.293552
-0.762872
-0.590702
0.076288
0.358749
-0.350268
0.512353
-2.720058
-2.750998
-0.326656
-0.533341
-0.063058
-0.422603
0.571865
0.394480
0.028301
-0.571758
0.192761
0.148316
-0.365509
0.281355
0.465824
-0.090850
0.123400
0.249278
-0.036731
0.265569
0.356912
-2.769318
0.350786
0.279841
-2.772087
0.473309
0.519622
-0.278784
-0.425554
-2.841151
-3.639504
0.000683
0.063060
-0.086312
-0.422243
-0.191613
-0.131520
0.080872
-0.414193
3.326993
-0.407383
-0.539244
-0.661476
0.200162
-2.950113
0.143387
0.132833
-0.561521
-0.488111
-0.070559
-2.818738
-3.767320
0.299841
0.419347
3.213991
0.327276
-0.089821
0.327694
-2.807709
-0.954667
-2.861418
-2.740952
-0.470033
-0.067671
0.508819
0.182725
-0.256944
-3.753657
-0.008084
0.103925
-0.870814
-0.353521
-3.525538
0.499321
0.163039
0.314752
-0.852483
-0.622405
0.146949
3.255114
-4.313106
-0.437196
-0.388185
-0.599204
0.176989
0.545267
0.406928
0.241091
-0.568399
-2.674338
0.177445
-0.064294
-0.060236
0.241527
0.326713
0.339425
0.117486
0.050936
-3.810033
-1.251483
0.243161
-1.353112
-3.543684
-0.506199
-0.252259
0.313749
-0.446369
-2.816163
-0.132539
-2.746676
-3.520772
-0.238472
0.368438
0.047523
-0.396792
-3.638624
-2.794919
0.088635
0.320951
0.270712
0.007711
-2.813323
0.344536
-0.560663
-0.529740
-0.210357
-2.780561
0.455058
0.284957
0.274491
-3.624302
-0.852146
2.453965
-0.675632
3.512646
-2.817298
0.273684
0.290507
0.593147
0.230783
0.034855
-1.150747
0.371443
-2.598450
0.114583
0.403882
0.005543
0.124925
-0.048407
0.165129
-0.396848
-0.455729
-0.464884
0.347572
2.662579
-0.314169
-2.731496
-0.399025
-0.008857
-2.910119
0.382174
0.427893
0.057302
0.092527
0.207788
0.527050
-3.783620
-0.226468
0.141123
-3.777081
0.143660
-2.792324
-0.337100
-2.762131
-4.087484
0.278055
0.233500
-2.922122
0.286561
-0.462880
0.247698
-0.817187
-3.307776
-0.503069
-2.875874
-0.159975
-0.409241
0.398977
-0.950401
-2.662419
-0.688382
0.350269
-2.854816
0.189368
0.358190
-0.334663
0.192928
-0.801733
-0.990739
-0.146453
-2.859475
-4.401131
3.102047
0.420263
-0.726703
0.424966
0.155878
-0.539463
0.029097
0.045983
0.215553
0.183490
-0.250789
0.064323
-0.198844
-0.206431
0.117797
-2.665054
-0.364614
0.013780
0.387556
0.056903
-0.672052
-3.851018
1.953901
-1.026793
0.296101
-0.190099
-0.268475
0.119983
-0.058820
0.482075
-2.907835
-2.818466
-0.082012
0.219662
-2.830057
-0.244728
0.124674
-0.353549
-2.963607
-0.047441
0.475806
-0.275124
-4.007204
0.303399
0.269190
-3.512953
-2.767608
3.515545
-0.985889
0.239487
-0.083550
0.058055
-4.052133
0.420025
0.014525
3.365856
0.311235
-0.568037
-2.918269
0.102870
-2.638021
-0.015468
-0.142496
-0.106038
-0.274954
0.408731
-3.096701
0.481380
0.107831
0.107642
0.277340
0.383820
0.094835
-0.664106
0.230750
-1.027470
2.811465
-0.064390
0.359095
-0.300727
-4.052640
0.154391
0.470787
-0.313086
0.264571
-0.002261
-3.199651
0.382593
-0.102865
0.430596
-3.828874
0.406455
2.608669
-2.510919
0.191851
-0.088889
-0.024460
-0.079681
-0.076139
-0.156883
0.133390
0.354302
-0.322651
0.267925
-0.375927
0.290791
0.481292
-0.417559
-2.963115
2.989998
-0.401499
0.306099
0.057545
-0.941851
-2.746203
-0.495564
-2.980280
-0.340804
-0.375716
0.522210
0.239553
0.031455
0.233257
-4.027588
0.423254
0.296833
0.608849
0.479864
0.103293
-0.359498
0.192061
-2.769882
0.481814
-2.936064
-0.929987
-0.159225
0.221756
0.633121
-0.779135
0.309571
0.279913
0.140466
0.159273
-0.588178
-1.044171
0.219232
0.450484
0.260651
0.115818
0.218203
0.258502
-0.000529
-3.399453
-0.410946
-0.657160
-0.683191
-3.020237
0.297392
-0.672809
0.374186
0.239050
-4.158521
0.306353
-0.130132
0.110162
-0.079504
-0.364152
-0.530139
-0.360521
-3.289007
0.451503
0.345284
-2.681873
-0.560405
0.110197
0.306084
-0.009309
0.139700
-3.122963
2.047018
0.139300
0.300052
0.268953
-3.113973
-0.185231
3.212336
-2.852402
-3.006458
0.015385
3.215813
3.282029
-0.579595
-0.536893
0.162646
-0.662235
-0.191965
0.090746
0.031930
-2.901479
0.282151
-1.100445
0.427248
0.384428
-0.082146
0.351160
0.058463
-2.817522
-2.930338
-3.719426
0.322019
-0.420533
-3.021232
-0.031313
-2.716673
0.265460
-0.566978
0.104861
-3.236652
2.461046
-1.311472
0.109482
0.100879
-2.659634
-2.887727
0.344012
-3.601798
0.295305
-0.978480
0.368746
-2.729626
0.334099
-3.408826
0.094921
-0.057470
-0.334691
0.266786
0.120199
3.373065
-0.312844
0.459946
-0.351985
0.291616
-0.010671
-0.969907
-0.593352
-0.702324
0.438161
-0.804216
0.289156
-0.377310
0.394095
0.442557
-2.942730
0.128058
-0.709430
-0.547161
-3.786561
-2.911058
0.482827
-3.142878
-0.595893
0.105536
-1.052280
-2.984097
0.097011
0.210385
-0.497844
-2.661394
-0.788560
0.486015
-0.042753
-0.530123
-2.752070
0.313234
-0.021748
0.339088
-2.839034
-3.169264
-0.266665
-0.174843
0.010146
-2.899585
-0.595646
-0.709185
0.426875
3.356127
-0.470062
0.184835
-3.560543
0.146085
3.215953
0.088029
-1.116777
0.328769
-0.099447
-2.745686
0.408678
-0.924457
-0.597275
2.272562
0.213725
2.487414
-3.940897
-0.150377
-0.377347
0.399910
-0.398796
0.070691
0.336239
-0.340756
0.327686
-0.366543
-0.289793
-0.765484
-0.331766
0.411328
0.139136
-0.302807
0.097188
-2.817818
3.299273
-2.674558
0.435114
0.209417
3.166358
