0.016086
0.578112
-0.461716
3.171213
-1.912902
-0.583515
0.596331
0.229287
-0.209772
-0.175714
0.363441
0.897075
-0.238731
1.339767
1.773621
1.634590
1.786989
-0.652904
0.330492
1.790378
0.684819
0.129828
0.009093
-1.948223
-0.473911
1.698281
1.342555
1.158433
-0.195945
-0.250278
1.379327
1.942291
-0.509159
-2.066322
-0.333288
2.521532
-2.097531
-0.492836
0.274545
-0.047717
-0.998325
-0.318009
-0.264283
-0.464288
1.799187
-0.148806
1.716048
2.327078
-0.675883
-0.561640
0.101988
-1.847972
1.469126
2.033082
0.336248
-0.537485
0.075065
-0.086136
-1.951452
0.769925
-0.105008
-1.089621
-0.617145
0.104592
0.502376
-0.214048
0.514236
1.182930
-2.510022
0.533199
1.029551
-0.037106
0.884576
-1.710806
-1.297557
0.556998
0.126364
-0.109277
0.081177
0.180510
-0.333418
-0.299247
1.958944
-0.194033
-0.213803
1.913687
0.550130
1.797063
0.425168
-1.942632
1.604287
-1.575383
-0.290120
-0.566611
1.058810
1.758587
-1.574846
-0.300843
-0.623583
-0.337181
2.611760
-0.539780
-0.399260
0.307906
-0.023739
-0.319851
-0.559342
0.945173
0.332697
0.342222
1.256619
-0.319455
-0.458250
-0.520191
0.568115
-2.001863
0.975329
-0.020669
-1.273040
-0.107273
-0.171737
0.268345
1.747898
0.360607
0.847414
0.356057
0.269795
-0.129945
-0.400012
1.418319
0.140674
-0.663237
0.057501
0.282343
-1.353149
-2.097335
1.612858
-0.046407
0.443419
0.400968
-0.667241
-0.278472
-0.490747
0.521247
0.406132
-1.327476
0.533487
0.101555
-2.085237
0.441210
-0.316019
-0.096855
0.568504
1.516902
0.041964
-0.027153
-0.183672
0.514563
-0.340220
1.845430
-0.036567
0.468531
-1.250133
0.493817
-0.191048
0.902914
1.767427
0.438699
1.756393
-0.145133
-0.236339
1.633553
0.259265
-0.552999
-0.226521
-0.512870
-2.072861
0.742026
0.643083
-0.454189
0.982208
-0.302781
-0.605084
1.031419
0.458373
-0.940956
1.928529
1.483602
-1.981601
2.017976
0.278683
1.286719
2.099305
0.334093
0.491073
-1.576580
-0.259358
-1.485457
-0.124197
-0.251263
-0.531195
-0.420669
1.930017
-0.504992
-0.686397
-2.094841
-0.770382
2.398682
0.485837
0.564472
-0.487232
0.868122
-0.071717
0.138819
1.823907
2.046049
1.202289
0.691154
-0.134280
0.846038
-1.858731
-0.391677
1.499512
-0.108961
-1.618962
1.492450
-0.476937
0.299878
0.418881
-1.294924
0.821540
-2.087535
1.803460
-1.910071
1.925277
-0.149951
-0.482372
-0.314298
-2.036885
-0.543285
-0.088666
1.168932
-0.457023
0.023382
1.719548
0.351344
0.633552
-0.135012
1.120257
0.432673
-0.228672
-0.418993
-0.473939
-2.319917
-1.662804
0.455988
-0.539227
-0.432781
0.759027
0.128347
-0.077718
-0.621371
0.706822
-0.699873
-0.265791
-0.082730
0.497575
2.937091
1.366781
0.614326
0.249229
-0.069433
-0.521014
0.164400
-0.077318
-1.711012
-0.584089
0.568491
0.650757
-0.284411
-0.561871
0.938270
-0.652149
-1.827523
-0.660316
1.732444
1.564398
0.443450
-0.285698
0.586094
2.019939
-0.482100
-0.237144
0.567103
0.334776
-0.848251
0.713457
1.672947
0.572370
-0.156776
-1.776476
-1.881649
-0.007422
0.625081
0.528881
1.829949
-0.072010
-2.012442
1.526975
0.599712
-0.349358
-0.480932
1.550019
1.237434
-1.590349
-0.629050
0.214665
0.525937
-0.352282
-0.192369
0.287852
1.735024
0.411977
0.370321
-0.583388
-2.029295
-0.260173
-0.116908
-0.426335
2.050134
-0.513137
0.493926
1.790314
0.644555
1.683789
-0.585156
-0.367810
0.276880
-0.356560
-1.741284
-0.441846
1.706521
1.894322
0.858951
-0.410146
0.316193
-0.092400
0.095765
0.238150
-0.069284
-0.004412
0.439418
1.982659
0.340766
0.091081
-0.526524
-0.600627
-2.269998
1.798812
0.396937
-0.970147
-0.110526
2.862061
0.980098
-0.340080
0.311443
-0.269543
0.772494
1.156968
-0.642673
0.451832
-0.229157
0.096501
0.547061
-0.499145
1.246805
2.071055
-2.300105
0.076837
-0.305684
1.484196
1.723432
-0.636099
-0.207187
0.235291
0.190774
1.706897
-0.569767
-0.622044
-1.580668
-1.643232
1.293039
-0.805781
-0.520204
0.604693
-0.636638
-0.182054
-0.682357
0.654587
-0.682951
-0.081032
-0.425137
-0.087980
0.419115
-0.036439
-0.169040
0.607164
1.022985
-1.528173
-0.587772
0.346631
0.443079
1.680152
-0.058989
0.561807
-0.591114
-0.466159
0.380377
-0.495215
1.686470
-0.210886
0.937955
1.966193
-0.335696
1.147769
1.968053
0.798111
-0.404152
2.792214
-0.286340
-1.764949
-1.972488
0.492648
-0.560050
-1.571926
-0.038487
-0.978990
-0.063173
0.987583
-0.043436
0.434815
-0.114703
-0.458202
0.110308
1.460818
-0.015903
0.561518
-0.492506
0.299037
-0.134976
-0.836254
0.696088
-0.510215
-0.484491
0.999465
-0.392424
-1.653840
-0.348742
-0.331294
-0.437194
1.712355
0.306976
-0.066444
-0.902500
0.267873
-0.419077
-0.290342
1.747685
-0.476904
0.687632
2.013590
-0.077800
1.453798
0.343128
1.464991
0.933582
0.690705
-0.122775
0.330120
-0.231398
1.817577
-0.527252
-0.304983
-0.281714
0.555306
1.902710
0.395996
1.780377
0.557452
0.538896
2.007041
0.889256
1.030624
-1.582551
-0.364610
-1.823706
0.178929
-1.612603
0.087026
1.898027
-2.532868
-0.710285
-0.558531
-0.414402
3.084174
-0.664605
-0.088514
0.758002
-2.118218
1.706003
0.098457
1.676926
1.771275
-2.291385
0.104482
-0.477121
0.152948
0.189741
0.689625
-2.089735
-0.693136
-1.999721
-1.926719
0.591173
3.037719
0.253129
-0.374476
0.829408
1.116822
0.302042
0.169963
0.074814
-0.677022
-0.634030
1.077539
-0.247214
2.884067
-0.406222
1.702262
-2.063765
0.484289
-2.080026
-0.095625
0.575384
-0.203850
-0.113893
-1.633083
-0.463181
-0.455776
1.946017
0.299062
-1.945067
-0.012436
-1.974172
0.389062
0.465470
-2.982290
-0.433612
0.997650
0.592509
0.465145
-0.247915
1.210294
-2.041603
0.351832
1.529877
-0.137901
-0.315455
-0.008396
-0.247786
1.500500
0.385653
0.939788
1.684536
3.061969
0.142625
-0.129026
-0.169270
2.223635
-0.358715
1.255944
-0.847919
-0.570631
1.548410
1.314839
-0.578897
-0.289266
1.618134
2.214228
1.228719
-1.978385
0.568389
-0.358643
-0.182504
-0.224235
-3.734775
0.162379
-0.384735
-0.088285
-2.574361
-0.129045
2.039206
0.274654
-1.891784
-0.341803
0.575773
1.776193
2.996990
0.493516
0.688442
0.883908
0.409012
0.463873
1.915095
-0.100425
-0.250480
2.300761
-0.650212
0.192121
0.596301
-0.055996
-2.126571
0.682910
-0.170475
-0.396427
1.632885
0.006313
-0.490076
0.268464
0.310990
0.488361
-2.165249
-0.139555
0.553334
-0.394270
-2.003807
-0.312514
-0.350472
0.410617
1.092003
-0.602320
0.033284
-0.181066
-0.365104
0.258851
-0.268034
0.325913
-1.542620
-1.952741
0.432564
0.673551
2.826945
-0.462242
-0.252001
0.286572
-0.490511
0.503052
-0.110233
-2.030352
1.164793
-0.595827
0.436310
-0.157439
1.888181
1.985724
-0.673990
-0.010023
0.340459
1.701471
0.011546
1.112345
1.011570
0.420881
2.004494
0.257523
-1.172007
1.717438
1.003353
-0.082545
0.365725
-0.435509
1.068985
-0.398738
1.478429
-0.568772
0.838498
0.177746
-0.470802
-0.807173
-0.040286
