0.463927
0.601988
1.837782
-0.534407
-0.211394
-0.408327
-0.330585
-0.619025
1.924015
0.274086
1.813561
2.076658
0.899243
0.439419
0.532329
-0.505684
-2.088817
0.274882
0.212835
-1.315097
1.807339
1.666368
-0.341640
-1.644277
1.979954
1.926779
-1.992538
0.134894
0.448289
0.264895
1.686570
1.683405
1.869956
-0.215843
-0.492928
-0.113585
-0.096745
1.049442
0.440307
0.674218
0.662471
0.042491
0.132663
-2.150084
1.856132
0.691273
1.542068
-0.234402
1.782180
0.420759
-0.564093
1.657865
1.821048
-2.048478
0.354857
-0.178896
1.832457
-1.406013
1.618202
0.012223
0.381377
0.083030
-0.023437
-0.424833
-0.360196
0.731872
1.825217
-2.091441
-0.003330
1.784981
-0.172894
2.360403
3.942529
0.724473
-0.598107
0.286301
-0.204291
0.573260
-0.327515
0.667860
-0.014137
1.110381
0.593305
0.665155
0.013831
1.967150
-0.485567
-0.482844
2.011626
1.791693
0.283768
0.467273
1.731818
0.406741
0.959424
-0.595539
0.636559
0.809877
1.043523
1.927069
-0.093735
-0.273736
0.465739
0.445296
1.812542
-0.148774
0.559672
-2.029641
0.152752
2.149066
0.878687
-1.094333
-0.646888
0.534834
-0.498734
0.011384
0.067947
-0.239417
-0.275675
0.042905
0.015557
-0.046589
-0.335464
0.508940
2.063254
2.175454
-0.382539
0.949086
-0.637936
0.383389
1.664197
0.729928
0.589287
0.864412
2.312638
-4.397332
-0.635915
-0.006512
0.188557
1.802990
1.289386
-0.265467
-0.297733
0.364494
0.597147
0.241062
1.968083
0.450711
1.333175
-0.253269
-0.428885
-0.472182
-0.209845
-1.303936
-0.468890
1.815891
0.080598
-0.046916
0.807763
-1.206485
0.660935
0.243438
-0.004325
1.799490
-0.765561
-0.310235
-0.059211
0.417531
-0.224901
-0.147943
-0.197516
1.030681
0.555741
-0.200288
-0.197155
0.061082
-0.149818
0.556965
1.781689
0.462166
0.052031
-1.969431
-0.340750
-0.567854
0.338660
0.030737
0.409329
-0.120732
-0.050474
-1.115560
0.734431
-0.115897
0.240471
-0.669987
-0.371511
-1.297369
1.943730
-0.354726
0.167291
2.745126
-0.147612
0.373159
0.273413
-0.416212
-0.231125
-0.469042
-1.816455
0.376285
0.135189
-0.183774
-0.385913
-0.344939
-0.218261
-0.650110
-2.038975
-0.102274
1.082973
-0.014222
2.513541
-0.548838
-0.470524
-0.624853
0.726544
0.457680
-0.431588
1.977642
1.117717
0.369163
0.196677
1.950816
0.520165
-3.160688
-1.390104
-0.263936
1.909327
-0.668214
-0.571330
-0.719585
-0.060563
-0.303399
-0.418814
-0.365542
-0.119286
0.461742
2.328757
0.315201
-0.485519
0.426845
1.862823
0.415601
0.272160
0.110440
2.531271
0.466965
0.395939
0.505590
0.648491
-0.116835
0.606919
-0.356835
0.251289
1.581185
-0.053510
-0.529344
0.217272
0.322304
-0.265955
0.108457
-1.404638
-0.517254
-1.285951
-0.049861
1.479272
0.573560
-0.705096
1.791463
-2.070894
-0.034599
-0.061627
-1.380654
-1.222040
0.001157
0.016527
0.374474
0.290980
1.867598
-0.451849
0.041736
0.114898
-0.243897
-1.148080
0.351387
0.473473
-2.107067
0.575544
0.525116
0.063586
-0.466425
-0.687744
-0.425532
-0.416517
-0.150276
-0.026936
-0.267781
0.164984
-0.448872
1.664690
1.874346
1.983955
-0.794491
-0.046391
1.751480
-0.326441
0.039046
0.071577
0.662375
-2.019270
0.648059
-1.367635
1.756993
-0.759726
-3.056966
-0.459540
-2.156183
1.733420
1.730999
0.081852
2.182435
0.704412
-0.597068
-0.453389
0.041251
0.539095
-0.420155
-0.609844
-0.987520
0.502378
-2.230794
0.710189
0.331354
0.225638
-0.481194
-0.222291
0.566346
-0.195417
-0.282736
-1.365656
1.794101
0.268972
-0.125154
-0.415828
1.803955
-2.066896
0.666893
-0.487532
-0.023996
0.137277
-0.601262
-0.337568
-0.464092
0.561919
1.711785
-0.282558
-1.998482
0.182630
1.822237
0.095657
-0.186078
-0.543713
0.452030
-0.722378
0.237333
-0.134090
0.494437
-0.181206
-0.287941
-0.304708
-0.190840
1.941709
1.575110
-0.530894
-1.234416
0.287206
-0.256194
0.003026
-0.364183
0.316722
0.022470
0.913627
-0.299722
-0.103226
0.063455
-1.082810
0.554596
-0.683483
1.897912
-0.158499
-0.581849
0.142526
-0.157171
-0.543983
0.648774
-2.283747
1.985622
-0.666851
0.869053
3.996945
-0.591948
-0.485700
-1.476349
0.345568
-0.201247
2.061159
0.076806
0.682515
1.722740
0.499431
1.647629
3.112423
1.849987
1.802126
0.252706
1.889581
0.348934
-0.308271
-0.366391
-0.030291
0.228342
1.057636
1.877637
0.638859
-1.597393
1.850378
0.719082
0.254375
0.062819
1.903423
4.228689
0.844242
0.004137
-0.304842
-0.588158
-1.557164
1.899837
-0.443738
0.100815
0.257106
0.526380
0.096822
-0.954825
-1.142375
-0.155944
-0.247631
0.521210
-1.906086
-1.982352
-0.629230
1.833171
-0.398608
2.072401
0.879787
0.118381
-1.971161
0.995671
-0.288698
-0.393067
0.040149
0.320758
-0.625372
0.345033
-1.901979
-1.215001
-0.405605
0.589161
0.347857
-0.359759
1.891645
0.957005
0.625981
-0.449886
-0.101828
0.077694
-0.329740
-0.046067
0.535989
1.864348
0.442383
0.123334
1.926384
-1.100968
0.178422
-0.207054
-0.235048
0.828030
0.930771
0.592261
-0.273168
-0.628441
-0.459303
0.077970
-0.179956
-0.602968
0.300752
-1.310012
0.036332
1.766562
1.797590
1.799610
-1.901871
-0.036781
0.578367
-0.123938
-0.106747
-0.128286
0.112294
2.033542
-0.213083
0.089448
-0.272540
1.890291
-0.793604
-0.085880
-0.316600
0.288288
0.183193
2.028767
0.740641
-0.135449
-0.646665
0.604158
-0.372460
0.095620
1.631330
0.114609
0.316780
0.279949
0.309867
0.186772
1.912177
0.831896
1.934016
-0.193562
-0.501769
0.619215
0.617355
0.741309
-1.560842
-0.009194
0.521296
-0.025455
0.342415
0.361548
-2.263379
0.034710
-0.381661
0.967728
0.667103
-0.540593
-0.112451
0.617776
0.012697
-0.516979
-1.988010
-0.549733
0.631534
1.843927
0.189857
-0.111759
-0.314116
0.433818
1.726756
-0.468797
-0.559095
0.312784
0.779075
-0.315315
-0.537232
-0.417703
0.098500
1.794746
2.106090
-1.970400
-0.388387
2.084258
1.502703
1.662932
0.472023
-0.507106
-1.382148
1.623736
-0.101013
0.210145
0.179833
0.487330
1.718315
1.666680
-0.502521
-0.758558
-0.573976
1.689665
2.118970
-0.102776
-0.576371
0.101415
-2.074566
-2.019174
0.238719
0.504117
-1.564971
1.720214
1.861222
-0.549215
-0.124657
0.024542
-0.191312
1.855976
2.010531
0.182087
-0.327258
0.235577
0.457324
-0.074479
0.107047
-0.609088
0.442321
0.617741
-0.295988
2.229613
-0.768800
1.944508
-0.228608
-0.200052
-0.095374
-0.473633
0.353802
0.126938
0.758528
-0.044839
2.002372
2.019746
0.884244
-2.755218
-0.565069
0.702251
-0.418790
0.256875
-0.019198
-0.421869
0.231432
0.412096
1.611373
0.338801
2.217804
-0.267603
-0.649363
0.458314
-0.392660
0.613033
0.605729
1.009364
-0.454468
-0.668485
1.778974
1.769228
-0.391348
-0.526926
0.209061
-0.332272
-0.043937
1.746307
-0.526967
0.609540
-0.018074
-0.146516
-0.343641
1.370421
0.488509
-0.330308
-0.362109
1.733210
-0.074469
0.135365
0.291179
-0.249201
0.548916
0.469439
1.878716
0.511147
-0.199383
1.856692
