-0.013528
0.188350
-0.026643
-0.624804
0.409583
-2.262710
-0.237255
-1.445461
-2.821698
-0.017035
1.729765
1.471466
-0.249722
-0.499755
-0.119363
-0.363674
-0.151227
-0.500621
1.426504
-0.012748
-0.252363
-0.247867
-0.224383
-0.636849
0.110268
-0.662892
-0.398382
-1.156057
-1.071450
0.530067
0.231611
-0.267293
-2.242524
-0.376816
-0.000203
-1.257864
-0.261333
-0.012238
0.207508
-1.681633
0.162531
-1.348945
-0.457364
-0.224487
-1.814329
-0.242367
0.061388
-0.280080
-0.010132
2.870894
-1.090307
-0.146656
-0.279308
-0.637237
0.121136
-0.068473
-0.123024
1.057152
-0.577738
0.064750
-0.096048
-1.679998
-1.611858
-0.511185
-1.935780
-0.415414
1.278063
-0.054125
-0.281772
1.054148
-1.044915
-0.663179
-0.236960
-0.591681
0.079398
0.123370
-1.364909
-0.643091
-1.655683
0.683178
-1.884164
-2.144951
-0.141127
-1.010675
-0.186554
-0.058562
0.175076
0.135529
0.193532
1.551968
-1.521555
0.034916
1.119470
0.125327
-0.218172
-1.359760
-2.544132
-1.909709
-0.187550
-2.339974
1.446173
-0.182080
-0.167237
0.083625
-1.535631
-0.008934
-1.672330
0.126253
0.136149
-0.004958
-1.515577
0.150589
0.073564
-3.602365
-0.756450
0.003808
0.042511
-2.635162
-0.586404
-0.089001
-0.113471
-0.297177
-1.772055
-0.578707
-0.188212
1.341808
-1.865481
0.104185
0.836367
-0.197325
0.146676
-0.000807
1.455931
-1.385097
-1.300053
0.268428
0.033787
-1.880712
-1.187732
-0.067746
0.352409
0.085159
-0.181868
-0.330072
-0.343085
-0.167851
1.938267
-3.128554
0.129888
0.034431
0.972439
-0.368020
0.042226
-0.270733
0.650348
0.007609
0.097544
-0.074418
-1.467842
-0.942622
0.004178
-0.073862
0.266427
0.070939
0.459269
-2.183597
-2.460892
-1.925133
-0.461315
-1.527591
0.038056
-0.207996
-0.479305
-0.439647
-1.431128
-0.088001
1.335409
0.026355
-0.002034
1.281207
-0.071335
-0.099358
-0.092843
-1.393973
-0.375935
-2.106751
-2.405413
-0.618080
-0.217813
-0.489140
-1.527601
-1.526229
-0.249762
-1.743354
-0.424633
0.046498
-1.465174
2.794774
-0.359788
0.037039
-2.607394
-1.298478
-1.165759
-1.933519
-0.044554
-1.497643
-0.455563
-1.340251
0.071568
0.036611
0.165167
0.049459
-0.043319
-0.190639
-0.363907
-0.136437
0.624361
1.459488
-0.058765
-1.242769
-0.295174
-1.898205
0.051510
0.003183
-1.722750
-0.358749
-0.833458
-1.840169
-0.119863
-0.273312
-2.039803
-0.047499
-0.538356
-1.283491
-1.604939
0.063091
-0.265253
0.199676
-0.065740
1.578373
-1.602321
0.195154
-1.379072
-0.019717
-1.896267
-0.212643
-1.431420
-0.234956
-1.475392
0.120682
-0.065260
0.160244
-0.737086
-0.203859
-1.746279
-0.027201
0.072931
0.073321
0.190610
-1.420104
-0.009158
-0.263193
-1.381010
-0.683047
-0.030474
1.465106
-0.486155
-1.283692
-2.074837
-0.300179
-0.251436
-1.740222
-0.472689
-1.353185
-2.017792
0.023963
0.119725
0.085753
-0.592087
-0.542951
-0.221300
-1.841759
-2.110421
-0.341677
1.645811
0.919317
0.009024
-0.111004
-2.400306
-0.054355
0.063648
-1.361663
0.046231
-0.298020
0.999086
0.757714
-0.299982
0.037288
-0.042483
-0.028449
1.600184
-0.037896
-0.144804
-0.336983
-1.494215
0.090392
-2.317065
-0.300078
-1.612614
-1.345624
0.022865
-0.287258
0.123409
-1.681925
-0.181464
-2.496777
-1.451418
-0.224913
1.527223
-0.296480
-0.958154
0.256283
0.383633
-0.141498
0.096046
0.043704
0.071450
0.054485
1.423481
0.160013
-2.156381
-0.281100
-1.558187
-0.215218
1.246315
-0.654785
-1.041050
1.084827
-0.269319
-0.080349
-2.182432
-3.053232
0.063862
-1.980557
-0.044798
-1.396491
-1.413837
0.223047
0.165980
0.103300
1.326745
0.011232
1.372592
-0.463132
0.074421
1.386918
-1.454883
-0.118723
-0.674139
-0.313821
-2.470571
-2.088834
0.828329
-0.258986
-0.016370
-0.323252
0.057842
0.145152
-0.086395
-1.420642
1.104718
-0.368487
1.459496
1.527602
-0.280687
-0.637275
-0.004907
-0.288807
1.401619
0.022010
1.306258
-0.222359
-0.010275
0.088652
-3.588883
-2.056034
-0.126328
-0.155994
-0.273774
-0.058149
-1.993705
-0.038202
-0.146762
-3.302434
-2.352468
-1.470295
-1.583604
-0.180759
-0.242700
-0.016677
0.129697
-1.188009
-1.577875
-3.656103
0.094507
-0.089597
-1.667656
0.155644
-2.175140
-0.109308
-0.316759
1.307965
-0.008835
0.006857
1.353504
-1.967253
-2.060540
0.142411
-0.166608
0.908482
1.451806
-0.224349
-0.094638
-0.252502
-0.158808
-2.000925
-0.055709
-0.328094
-1.471537
0.081663
0.086059
0.144772
-0.289131
1.496079
0.133394
-2.597146
-0.193875
0.117747
0.024433
1.748472
-1.478199
0.142613
-0.294213
-0.261469
-3.727855
-0.054225
-1.588799
-1.841640
-0.619327
-0.083259
0.800032
-2.128250
-0.044204
-1.884780
0.936827
-1.495401
-0.064473
0.081058
-0.227171
-0.906574
-0.374406
2.340411
-0.378307
-0.466449
0.311571
1.094421
1.614226
1.397657
-0.310210
-0.225918
1.560486
1.049813
-1.949507
-0.831800
-0.399845
0.034793
0.168715
-0.047036
0.054717
1.604801
-0.075513
-0.283293
1.487948
-0.180015
-0.453518
0.036637
0.013962
1.549876
-0.029109
1.085575
1.484294
0.035307
-2.194740
1.585994
0.591657
-0.167425
-1.729764
1.414480
-2.115105
-0.089847
0.181963
-0.019920
1.030398
0.529147
-1.416069
-0.266032
0.076813
2.731877
-0.248790
-1.461247
0.970454
-2.014819
-0.313502
-2.046999
-0.467058
1.456910
-1.716353
-0.145281
-1.088920
-0.405701
0.201308
-0.337594
-1.572059
-0.346297
-0.678397
-2.089727
0.104738
-0.302152
-2.341442
-2.421259
0.042348
-1.880780
0.071511
-0.091554
-0.548215
1.429057
-1.543980
-0.385752
-1.062737
-0.011280
-0.209552
-1.465201
-2.518504
-1.931600
-1.005109
-2.008702
-0.014419
-1.784316
-0.004885
1.486257
0.128175
-0.299087
0.080152
0.370960
-0.122597
-0.260477
2.153678
-0.096650
-0.080633
0.066669
-0.341967
-0.995812
0.034193
-0.080240
-0.201835
-0.164933
0.236368
-1.652094
1.353172
-0.479946
-0.027186
0.239389
-0.287493
0.139517
-0.242621
-0.307155
-1.916165
-1.682629
-2.102831
-1.541261
-0.045394
-0.054265
-0.295926
0.106718
1.731056
0.073746
-1.942602
1.484254
0.095264
-0.112866
-0.208417
0.249815
-2.208406
-1.743100
-0.790087
-2.039175
-0.223675
-1.469360
-0.135372
-2.201457
-1.215997
-0.099748
-1.832492
0.204044
1.564864
0.041926
1.522346
-1.626419
1.213219
-0.119734
0.205859
0.042359
-1.414906
-1.927450
-1.771121
0.289827
-0.420390
0.084994
-0.104989
-2.126069
-0.678513
-1.596693
-1.481018
-0.210914
1.323050
-0.386804
-0.010993
-1.897085
-1.573412
-0.602843
0.663295
0.277147
0.241482
-2.232446
-0.020780
-1.580052
0.795756
-3.468044
1.526437
0.052698
1.273449
1.517844
1.103278
-0.041258
2.126170
-0.510163
-0.070876
-1.308023
1.250443
0.232281
-1.911047
0.191532
0.203726
0.216945
-2.193178
-0.039359
-0.015841
-0.027530
0.134912
-3.485186
-0.533746
-2.458356
0.083063
-1.531174
-1.493431
-0.027018
-2.022670
-0.034334
-0.267712
-0.075387
-0.067470
-2.078238
-0.069337
0.070638
-1.113259
-2.472784
-0.165642
-3.344494
-1.443490
-0.483180
-0.022844
-1.444284
0.069226
-0.868854
-2.077765
0.092242
-0.072420
-0.139103
-0.377116
-0.736485
