0.063627
-1.436333
0.383935
2.053818
0.098469
0.127822
-1.173357
0.198092
-1.325366
-0.320603
0.060862
0.435675
-0.314236
-1.496642
-0.210459
0.436466
0.714949
0.077541
0.350707
0.136342
-1.235325
0.286502
0.081195
0.299149
0.202641
0.178998
-0.032750
0.135883
-0.004385
-1.577242
1.297078
-0.160335
-0.073373
-1.544740
0.289557
-0.242760
0.325597
0.247354
-1.441482
-1.170853
-0.085496
-0.066243
0.122275
-1.213684
-1.317226
-1.510400
0.229010
1.537770
-0.042919
0.057815
0.022393
0.266036
0.428282
0.295313
0.094570
0.058668
-1.476268
0.003844
1.469290
0.122616
0.600934
0.515818
0.177661
-2.614399
-1.083006
0.041674
0.156410
-0.021262
1.527336
0.448893
0.137025
-0.261561
-1.603998
-1.772292
-1.624759
-0.050125
0.240894
0.380947
-0.262709
-0.069934
-0.057243
-1.396181
-1.500978
0.470376
0.425297
0.241034
1.865584
0.404815
0.156041
-1.555515
0.008078
0.191451
-0.058474
0.114551
0.013510
-1.199942
-0.002731
-1.240023
-1.459304
0.405675
1.470215
1.630425
-0.009088
0.440676
0.136315
-0.179222
-1.427870
-0.028452
-0.243120
-1.508830
0.496902
0.057302
0.470225
0.158272
0.121520
0.435482
0.545052
0.485317
-1.321289
0.119741
0.003918
0.055066
0.292730
0.221343
-0.033268
0.040087
-1.130924
1.526153
1.036768
-0.035146
-0.043108
0.020316
0.096959
-0.078360
0.140362
-0.049237
0.146156
-0.169139
0.102469
-0.047877
0.480959
0.635699
1.602028
0.540420
0.113490
0.310597
0.173175
1.462541
-1.163607
0.116212
-1.673517
-0.016369
-1.295918
0.583804
0.008514
0.033297
2.240261
0.205171
0.357924
-0.323486
0.201870
-0.225178
-0.056164
-1.258753
-1.616119
-0.064570
0.536668
0.218541
0.324245
0.022414
-0.123286
0.384111
0.507359
0.546257
-0.234047
0.420249
0.070686
0.010941
-0.003815
-0.282355
0.153253
0.260736
-0.131589
0.326817
-1.405619
0.087649
1.532957
-1.464090
0.135624
0.154919
0.518313
0.426022
-1.630368
-1.286547
0.144610
-0.158355
0.174421
0.341736
0.100538
0.170232
-0.257864
0.166868
1.423873
0.585584
-0.194892
0.317851
0.193765
-1.786862
-0.282273
0.094100
0.448095
-1.297104
0.231552
-1.496333
-1.582258
0.164570
-0.016319
1.404770
0.018612
0.179290
-0.123774
-1.542807
-1.363221
-1.528351
-1.542775
0.434808
-0.040832
-0.132394
-0.004049
0.326751
-1.425099
0.018871
-0.251023
0.380837
-0.053202
-1.483939
0.283196
-0.229434
0.207564
-1.135373
0.639161
0.135841
1.438117
-1.266281
0.443395
0.200558
-0.127331
0.064788
0.045852
0.291897
1.472487
-1.408897
-1.443221
0.066323
0.192621
0.099615
1.545475
0.230091
0.041938
-0.085539
-0.344838
-1.602080
0.324190
0.063840
-1.211504
-1.284073
0.861016
0.268793
0.001946
0.456859
-1.421397
0.481366
-1.550921
-1.757736
0.128633
-0.114034
-0.370795
0.588213
-1.339236
-1.445076
0.181223
0.191605
1.523692
-0.308013
-1.886939
0.093354
0.161194
0.771373
0.405942
-1.356973
-0.033401
0.199715
0.075404
-0.930518
-1.249595
2.283067
0.491805
1.493511
-1.508177
0.362906
-0.125796
0.000342
-0.259960
-0.115916
-1.135070
0.490135
-1.641622
1.416751
0.111336
0.174587
0.245267
-0.268988
0.023246
0.073356
0.104121
0.085174
-0.027401
1.879422
-1.352897
-1.536899
0.435029
0.315542
-1.729194
-0.067706
0.160360
1.462022
0.117058
0.145516
-0.002010
-1.260340
0.368359
-0.279145
-1.463116
-0.344551
-1.837821
0.509998
-1.603101
-2.674305
-0.076817
0.010998
-1.558234
0.229969
-1.601169
0.155188
0.344376
-1.510472
0.148247
-1.709515
0.088482
-1.416632
0.063987
-1.213789
-1.699770
0.512647
-0.204048
-1.796988
0.169393
0.032243
0.013180
-0.229921
0.067673
-0.120540
0.417383
-1.529170
-1.099038
1.263473
-0.017977
0.679378
0.054646
0.217996
-0.108856
-0.065236
-0.066325
0.120227
-0.273085
0.189538
-0.213642
0.197134
0.069455
0.161881
-1.492272
0.289781
0.164031
-0.045481
0.114027
0.037063
-1.503321
2.378931
-1.086362
0.170473
0.379065
0.368652
-0.372642
-0.258482
-0.040133
-1.514222
-1.524792
-0.467183
-0.237168
-1.514046
0.215377
0.184950
0.048402
-1.681922
0.442291
-0.018259
0.202150
-0.712242
0.289890
0.095431
-1.444241
-1.596182
1.393866
-1.243288
-0.064667
0.327910
0.388171
-1.327311
-0.073913
-0.345952
1.382668
1.456070
-1.559579
-1.865548
-0.044700
-1.545935
0.256747
-0.438409
-0.282148
0.376462
0.020205
-1.866664
0.018994
0.178603
0.141420
0.164464
-0.008548
0.022709
-0.102857
-0.303260
-1.075783
1.596683
-0.031856
0.150782
0.413536
-2.684925
0.111085
0.172211
0.407539
-0.092754
-0.277545
-1.338258
0.101604
0.591160
0.127640
-0.986329
-0.069606
2.031449
-1.550445
0.151695
0.275416
0.412098
-0.111245
0.192655
0.270635
0.259721
-0.102545
-0.165769
-0.033727
0.491843
0.048340
0.099214
-0.102234
-1.590191
1.525193
-0.067136
-0.046114
0.349340
0.094372
-1.450901
0.555584
-1.112497
-1.272553
-0.096701
0.043648
-0.095585
-0.272135
-0.091177
-0.862081
-0.132142
-0.119556
0.009250
0.036958
-0.006937
-0.051799
1.517245
-1.511211
0.100957
-1.849317
-1.155293
0.112730
0.062413
0.078512
0.568680
0.133679
0.059923
1.564947
0.047222
0.302207
-0.007524
0.211008
0.234475
0.117412
-0.103777
0.053379
0.201171
0.025471
-0.020937
0.735143
-1.436726
0.566806
-1.255152
-0.000199
0.682984
0.045441
0.165129
-0.906409
-0.248916
-0.263116
-0.299469
-0.096199
0.522885
0.205001
0.285499
-1.412977
-0.034762
0.261025
-1.343968
0.132086
-0.167340
0.139793
0.097494
-0.323968
-1.148016
2.044489
0.189352
-0.049769
-0.007865
-1.111224
0.075576
1.396477
-1.562100
-1.156005
-0.277826
1.386298
1.428696
0.469778
-1.165021
-0.006641
0.338434
0.041072
-0.147794
-0.347806
-1.579761
0.107378
0.602746
0.051702
-0.142990
0.275278
-0.050369
0.176542
-1.536700
-1.720221
-1.054257
-0.050124
0.608650
-1.653463
0.506409
-1.538860
0.160222
0.493254
0.193920
-1.039037
2.151942
-1.080807
0.146630
0.027413
-1.548464
-1.711770
0.149254
-1.434045
0.089324
0.452900
-0.181056
-1.650387
-0.100232
-1.200653
1.610343
-0.310060
0.515945
0.013476
0.184785
1.290996
0.222122
-0.044287
0.405189
-0.070101
0.243921
-1.554336
0.638374
-0.057988
-0.143207
0.390750
0.010378
0.625785
-0.007144
0.082072
-1.635385
0.010430
0.355396
0.486861
-1.571685
-1.631383
-0.046894
-1.128522
-1.132802
-0.245393
0.587189
-1.604259
0.008126
0.271992
0.016456
-1.638909
0.197165
-0.026941
-0.258879
0.345915
-1.713075
0.143996
-0.180530
-0.077346
-1.348347
-1.533314
0.162122
0.357219
0.062626
-1.724233
0.296633
0.440547
0.104397
1.487798
0.511160
0.114163
-1.138985
0.023914
1.409487
-0.265356
-1.237326
-0.085937
-0.241625
0.029606
0.041625
0.491258
0.568380
2.380780
0.208664
2.354470
-1.418683
0.444670
0.440763
-0.044424
-0.144158
-0.175292
-0.254791
0.133577
0.090095
0.472461
0.659855
0.325379
0.070379
0.057444
0.099981
-1.251878
0.058665
-1.616173
1.445178
-1.668593
-0.088962
0.125860
1.448686
