2.803269
-0.877917
1.539556
0.432408
0.605545
0.759088
-2.197058
2.706922
-0.463648
0.211093
0.502090
-0.938047
-0.237836
1.761981
2.289626
-0.652847
-1.438245
1.802900
-0.106736
0.588003
1.420425
-0.973038
-1.892547
2.187598
-0.508730
-1.227772
-1.800028
2.819842
1.483301
-0.906750
-3.079174
0.903131
-1.911775
-0.820678
0.132552
-1.238177
2.258941
-1.761981
-3.004526
-1.296629
-2.853537
-0.575072
-2.367959
2.513963
-0.392340
-0.844154
2.231839
1.279340
-0.062419
1.764418
1.933341
-0.103082
-2.434685
-2.367688
-2.570255
2.677945
-0.291457
-0.908370
1.913820
-1.017115
-2.745511
1.249046
2.944197
0.055499
-2.320066
1.501940
0.896055
0.337456
-1.853351
3.045119
0.197396
-2.712414
-2.626044
-1.735945
1.865526
0.128323
-1.911775
1.076855
-1.243970
2.274027
2.626520
1.012197
-2.479166
-0.358771
0.637070
-2.154667
0.568105
-2.626044
-2.528385
-1.145591
-0.950547
2.926235
0.278300
2.377930
2.773244
2.026868
0.551655
3.109346
-1.792878
1.892547
-0.624023
1.755121
-1.923787
1.725793
2.956245
2.479166
-2.639502
-2.880990
-0.036348
2.814495
0.772741
0.730508
0.293187
-2.624305
-0.362544
-2.814495
0.312042
1.697388
2.310771
1.699707
1.510264
2.291069
2.245537
-0.380506
-1.835614
-1.446441
0.871604
-1.673878
-2.677945
0.273659
2.553590
3.141593
-2.111216
-0.914095
1.831399
2.451146
-0.927295
-1.136126
-2.601173
-2.127698
-1.442473
2.307453
-1.366778
-0.344219
-0.841519
1.471128
1.450688
-2.838708
-2.986596
2.645170
2.005467
-0.872137
0.903888
2.544416
3.013269
-0.626261
-2.856475
-2.399645
-1.540503
1.446441
2.187093
-0.089050
-0.380506
-0.032247
-1.570796
1.624317
0.274167
2.330559
-1.837048
-2.461684
-0.737815
-2.544416
1.735945
0.492836
1.537475
-0.958894
-0.931027
-1.279340
1.764755
-1.633215
1.433730
2.521343
-1.232473
-1.361773
3.050933
-2.134880
-2.850136
2.761086
0.229232
-2.072887
0.404892
2.296026
-0.170735
0.252554
-2.007423
-0.537285
0.197396
2.168555
-1.967876
0.064427
1.922241
-0.680521
0.534395
1.135113
2.950408
0.427948
-2.640925
-0.822418
-2.767259
-0.727990
0.132552
-2.247924
2.309716
0.613770
-2.474684
-2.076377
0.992272
-2.263438
-0.978610
-1.074374
-0.821527
-1.450173
2.991221
3.079174
-0.204018
-2.903757
-0.351445
-2.389890
-2.732685
-2.454775
0.425205
1.768192
-1.642104
-1.553557
2.436481
0.321751
-2.950954
-2.714965
-0.252554
-0.402655
0.703231
2.799643
-2.344701
1.042722
0.269167
1.216091
2.854654
2.598115
2.404936
-0.830821
-3.124645
-2.884269
2.609869
-2.256526
-2.163224
2.613518
0.033321
-2.586597
-0.159913
-2.070143
-0.896055
-0.033321
0.408908
0.141897
2.258941
0.404892
2.332389
3.141593
2.234842
1.190290
2.286540
-2.530867
1.983207
-2.530867
-0.478352
-0.751703
1.570796
3.082837
-3.004526
-2.819842
-0.987161
1.831399
0.757628
-3.041924
-2.471954
2.402673
-0.343024
-0.099669
1.000413
-2.611377
2.321725
-2.056828
-0.566729
1.570796
1.761981
-1.107149
-0.380506
-2.477546
-0.310387
-2.469345
-2.582993
-2.647651
-2.867425
-0.229232
1.464061
1.717875
2.181522
0.534955
2.534988
1.963136
-2.976444
0.407256
0.516695
1.366778
-1.379612
-1.792878
-2.761086
0.124355
-0.237836
-1.712693
0.796892
-2.007423
-0.807134
2.214297
-2.533268
-1.699120
-2.367430
0.561922
-1.292497
2.896614
2.017639
0.909753
0.878154
-1.603043
-2.345886
0.352990
-1.725793
-3.107124
0.817645
-0.708626
0.832981
-0.449760
-1.355439
0.526943
-1.385448
2.640925
1.954614
2.919511
1.480136
-2.872425
-0.652847
-1.107149
0.170735
-2.072887
-0.402655
-0.165149
1.183921
2.356194
0.352990
-1.510264
0.000000
-2.302193
-0.252554
-1.159340
-1.661456
-0.871604
-3.045119
2.944197
-2.918932
0.493941
2.825307
0.479519
0.132552
1.173717
-1.588652
-0.426627
-2.634494
2.356194
2.378918
2.197058
-2.736701
2.085248
3.048116
0.360837
1.130045
-1.239700
-0.120624
1.161888
-0.218669
-1.668523
2.670426
1.753907
-2.436481
1.467715
1.902856
0.978099
1.254826
0.060532
-2.732685
-1.178456
2.748142
2.253113
2.790148
2.708011
-2.421320
-0.211093
-3.041924
-1.659846
-0.836635
-3.053585
-1.318242
2.889038
-0.906750
-0.853475
0.537587
2.986596
-0.463648
2.302483
2.836600
0.197396
1.504228
-1.664273
-2.796037
-0.288055
-2.519561
-0.282555
-0.713358
1.707863
3.112189
-1.121536
0.653636
-1.541393
-0.829813
2.782822
-2.391474
-1.258754
-2.766322
1.927416
0.523278
-2.858497
0.072599
-0.823355
0.442374
-1.602036
-0.106736
2.411084
2.970214
-1.136126
1.637364
-0.677386
-1.539556
2.300074
-0.286939
2.851746
-1.695151
2.717398
0.508730
-0.215358
-0.880350
0.358771
0.602287
-1.209960
-0.956133
0.839400
-2.471954
-1.202447
-2.797374
-1.310194
0.448145
-1.361773
2.208345
2.013171
-1.040581
2.451146
-1.787670
-0.543478
-2.214297
-3.100799
0.085994
2.214297
2.167457
1.941688
2.432966
2.081285
-0.269167
0.066568
-2.850136
3.111299
-0.282555
0.699193
-3.110353
-1.570796
1.712693
-0.942000
-0.534955
3.011189
2.937575
2.477546
1.359703
-0.643501
-0.128323
1.625288
-2.286540
-1.394087
-2.217555
-3.072736
1.954324
1.333948
1.670465
-2.845478
1.642104
-1.969319
3.141593
-0.628796
0.491809
-2.198426
-1.498197
-2.484891
-0.867566
-0.893410
-2.639502
-1.699120
-0.583636
-0.796634
2.562518
0.362544
1.446441
1.761435
-1.875789
2.772259
-0.692642
1.633215
0.000000
2.345442
1.639653
2.272056
-2.840672
1.366778
1.973451
-2.091934
1.945130
2.149871
-0.499347
-2.632863
1.940130
-1.428899
2.567288
-1.629552
1.992801
2.228685
2.082352
2.243044
2.034444
-0.374334
-2.770701
-2.561590
2.005467
2.440333
-2.956245
0.797446
0.269167
-1.431356
-0.618428
-1.691420
2.984991
1.279340
-2.379446
0.222082
1.499489
0.094061
-0.525584
-2.587911
2.184566
1.288241
-0.830821
3.077166
-1.208252
1.712693
-2.513963
-1.279340
1.387686
-1.460139
1.380808
-1.881795
0.252554
-1.467715
-2.571209
-1.540503
-0.708626
-0.722191
-1.968424
1.480136
-2.396988
1.703348
2.255413
0.479519
0.751703
1.348714
-0.141897
1.504228
2.122451
-0.418224
-2.979394
-0.908370
0.093477
-2.480549
-0.762147
0.579564
1.062067
3.141593
-2.233223
-1.730709
-0.321751
-0.696742
0.534395
0.075329
-2.122451
-2.732685
1.873681
1.604117
-1.355439
-2.477546
-2.491171
-1.678486
-1.178456
-0.362544
-2.773244
-0.893410
-2.428235
-0.211093
-2.297439
-2.534988
-2.072400
0.120624
-1.865526
2.761086
3.141593
0.785398
-0.550676
2.529690
0.000000
-1.339706
-1.383367
2.867425
-0.692642
-3.009041
2.077895
-2.776858
1.089909
1.670465
2.988943
1.933341
-1.348714
-2.706922
2.999696
1.055724
-0.374841
1.588976
-1.927416
-1.317721
-2.427502
0.400241
-1.667270
3.041924
1.376837
1.249046
3.038511
-0.531724
1.603043
2.926235
-0.609459
0.236849
2.517570
-2.300074
-2.859038
-0.558599
-1.951303
1.122651
2.536994
0.099669
1.985303
1.259798
-1.745469
-0.291457
1.389477
-0.244979
-0.956133
0.849141
2.767259
1.369842
