-3.086094
-2.095592
-2.537287
0.119429
1.096396
0.588003
-0.907593
0.902507
0.165149
0.739277
-1.892547
-0.273009
-1.985303
-0.956133
1.349968
2.736701
-2.789548
2.574863
2.736701
-1.481747
-0.918927
2.307054
1.241172
2.289626
-2.056418
-0.088656
0.940395
-2.122451
2.022950
-0.348771
2.996283
-2.209710
0.841942
0.291457
0.043451
2.338015
0.110657
2.629203
-0.402655
0.799096
-0.565149
1.768192
-0.257324
-0.451453
1.849096
2.305391
-3.030935
-2.191046
-1.712693
-1.509648
-1.287002
-1.959115
-1.821239
1.081944
-3.092851
-2.863293
-1.107149
-1.335251
-1.791625
0.099669
-2.619758
0.966491
-0.811708
0.885067
-1.759018
2.119346
-2.356194
1.570796
-2.485897
-1.837048
-2.772897
-0.849825
-0.600050
2.142134
-0.145310
2.441700
0.329050
0.300920
0.321751
2.896614
-1.810539
2.948381
-0.671144
-1.851634
0.288055
0.197396
0.047583
2.464206
-2.547379
-1.242243
-1.886412
1.546411
-2.761086
0.799096
0.563316
0.226799
-0.697903
0.556166
-1.954966
-1.975688
2.449671
0.197396
2.101570
1.039072
0.615620
2.307054
-0.847817
2.891150
-2.100386
1.652248
0.708626
-2.813854
-1.690225
1.629552
-0.889498
-1.194835
-0.144812
1.362331
1.063698
-0.291457
1.570796
2.825977
2.640579
-1.709436
2.372066
-1.742175
-0.917950
-1.820383
0.975386
3.046641
2.636302
-0.240171
0.188222
-0.487836
0.101689
-3.118341
-2.748535
-2.736701
1.610775
-2.158799
-3.025833
-3.050933
2.049710
-2.854311
1.898535
-2.761086
-1.815775
0.652847
2.902361
-0.901753
1.855527
-1.056345
0.214061
2.356194
-0.785398
-2.275290
-1.065935
1.443287
2.308611
2.231839
1.543776
1.115696
-0.885067
-1.735945
-2.668686
-0.206324
2.124091
-0.399515
-0.463648
-2.066348
1.428899
1.981861
-1.154732
2.632522
-2.042918
-0.396441
0.141897
0.911486
0.443448
-1.700499
1.089909
1.206817
-1.460139
-0.965252
2.034444
-0.855705
-1.862253
1.638873
0.976037
-2.493261
-1.753907
-0.728855
-1.264917
-1.692148
3.019750
-2.370278
0.634023
3.141593
0.107690
2.972491
-0.393451
2.214297
2.925042
-1.719686
-1.951303
1.128422
1.916352
0.135528
-1.912412
-2.427502
0.715092
-0.638914
1.115023
0.132552
-2.370686
1.347320
-2.619758
-2.219792
-0.849825
-0.181649
-1.735945
0.291457
-2.953371
3.002497
-1.232473
-2.446854
2.811295
1.154732
-1.054566
0.454302
-2.733444
-2.177784
1.800701
-1.044169
2.553590
-2.647651
-0.321751
-1.597817
-2.706239
0.099669
-2.748535
-0.118490
-0.801270
-2.165010
-3.081664
-2.580429
-2.044648
0.678662
-0.273009
2.667193
1.096945
2.710900
-0.314232
-0.380506
-0.988891
1.797595
-3.103875
-2.605157
-3.095115
-1.735945
-3.098142
-2.668237
0.074860
0.532844
-2.605157
1.002272
-2.148698
-1.910089
2.070143
0.058756
1.492012
-1.853892
0.074860
-2.689439
-1.046001
2.622447
-2.164546
-0.226799
1.759018
-0.340382
-2.275290
2.911688
1.159732
1.254826
2.940276
-0.902507
-0.736257
1.912412
2.969402
-0.022219
-0.634023
-0.047583
-1.337053
0.380506
0.674741
0.697903
-2.242402
2.199593
1.340892
-2.472550
1.281293
0.682317
-2.044648
2.191046
-0.486032
0.386876
-0.365201
-1.325818
-0.218669
2.827361
-1.649067
-2.869447
0.240171
2.869447
-0.516695
-2.733444
3.071938
-1.378096
-1.716106
2.976444
0.372988
0.685730
-0.752077
-2.223643
3.068993
0.291457
3.095115
1.325818
-3.094010
1.320818
0.913721
1.926432
-0.643501
0.000000
2.806856
2.969402
1.365401
1.594048
2.427502
0.830144
2.013171
1.238737
-0.989416
0.480887
-0.943488
-1.839163
-0.422854
0.413689
2.780389
-2.498092
-2.307054
-2.406998
-1.138389
-0.442374
0.772066
-1.054566
2.525973
1.262744
-2.574863
-1.987235
-1.118642
1.190290
-2.999696
-2.245537
-1.605265
1.042722
-1.628425
0.000000
-0.942000
-1.863983
0.000000
3.097177
-2.521343
0.516231
0.785398
-0.328553
-2.356194
-2.218188
-0.418224
-2.282255
2.075658
0.647811
-0.691921
2.769525
2.540519
-1.570796
1.361156
1.661456
1.545161
-2.838708
0.048742
-2.158799
-2.997151
1.689286
-2.918116
2.283154
2.761086
-2.947971
2.318238
-0.530773
2.158799
2.356194
2.299114
2.451793
-0.079830
0.051237
2.084402
-1.342300
-1.325818
2.863293
-2.706239
0.298499
0.913721
0.020830
-3.115957
0.021736
1.915444
1.806341
-1.570796
0.444419
-0.982794
-2.214297
0.000000
1.227772
-2.843094
0.818719
-2.375060
0.071307
2.402316
-0.802346
3.010765
2.521343
2.406998
2.750986
-0.350728
-0.181649
0.335639
-0.353997
1.673003
-2.406998
2.224879
1.229181
-1.107149
-2.356194
-1.527345
1.402199
1.223735
2.999696
-2.714965
-2.124091
2.107232
-2.383215
0.042528
0.361729
0.837981
1.057190
-1.627340
-1.856848
-0.314758
-0.671144
0.298499
-0.759088
-1.241172
-0.768451
0.463648
-0.881872
1.947287
0.099669
-2.253988
-2.408778
-0.610726
-2.688814
2.879473
0.630401
2.873226
-1.076855
1.792111
-2.356194
-3.058451
1.698306
-0.756835
1.663553
-0.982794
2.509902
-0.018180
0.955176
0.485622
3.118869
-0.922464
-3.054854
2.757423
0.024995
-2.617673
-2.558853
-1.781890
-1.256039
-2.953371
2.934096
0.785398
-0.770906
-2.452668
3.098142
-2.253113
-2.812543
-0.570040
-0.710538
-0.565149
1.185639
-3.041924
2.065930
0.084902
1.505671
3.098142
1.842942
2.408778
-2.819842
2.723368
-2.699218
-0.608689
-1.069783
-0.674741
-0.903490
2.597760
-2.369181
-1.471128
0.081452
-3.096169
2.034444
-2.373142
-3.122727
0.859337
-0.202322
2.398423
1.373401
-0.770474
2.742077
-2.509902
-2.432966
-1.999060
-1.695151
-1.999060
0.205395
0.922464
2.018941
1.665748
2.115077
2.884269
1.715238
-2.559688
-1.591202
-0.444419
-2.588298
0.337878
1.118018
0.651077
2.778446
0.744325
-0.019228
-0.713061
-0.768451
1.453688
2.196281
-2.668686
-1.007480
-1.570796
2.006150
-0.426627
-3.041924
-1.098674
1.715609
-1.489344
-1.168475
-1.241172
-0.869942
-0.065125
-0.455101
2.560836
2.241940
0.523919
-2.873226
-3.023103
2.311448
-0.892677
-2.992703
-1.098674
-0.963809
-1.644735
2.441700
2.321725
2.761086
0.888480
3.094010
-0.348771
3.054854
0.770474
-1.783228
0.684295
-2.125104
3.060141
2.313966
0.655696
-2.698144
-1.800701
0.401871
-0.956133
-0.669043
0.785398
2.193467
2.819842
0.025635
1.163165
-0.927295
2.310073
-1.085174
-2.016902
-2.179486
-0.946161
-1.706324
1.214577
0.361204
0.816638
2.856862
-2.268187
1.399417
2.321725
-2.279423
2.084402
1.867342
0.668289
2.265535
2.179486
-3.056691
-0.982794
-0.372068
-1.750650
1.607144
1.449444
0.475011
1.960113
0.635027
1.513168
-0.813169
-1.398606
-2.886410
-3.099950
1.756144
-3.054854
-1.005647
-1.898916
0.772066
2.023575
1.236851
-0.886502
-2.573068
-1.745469
0.847817
-2.850136
-0.736257
-1.262744
1.955954
2.097424
-0.532844
-1.646125
1.867342
1.212026
2.391894
-2.961739
-0.104877
0.256151
1.004067
0.772412
0.836635
1.079633
-2.441700
-2.546833
-1.951303
0.095859
2.654693
0.110657
0.521834
-1.451367
1.958320
-2.736701
1.402199
-3.030935
2.308611
0.655696
0.000000
2.591207
-1.732634
