1.964247
-1.837048
1.997424
2.896614
1.325818
-2.498092
0.446842
2.951604
-2.206635
-1.550799
0.514451
2.044152
-0.236245
-2.991780
-2.434978
0.868539
0.688924
2.966920
2.866167
-2.844528
3.022164
0.706199
-0.328120
-1.116494
-2.329174
-2.292988
3.054854
1.629552
-2.911688
-0.439843
-0.832981
-3.105894
2.082027
-0.124355
-0.976583
-1.352127
2.000559
-0.815692
2.265535
-0.934958
-0.668289
2.764683
1.549966
-2.327631
-2.806856
-2.896614
-0.988443
0.558599
-2.163799
2.279423
-0.631691
-3.075024
2.706239
1.435269
2.248505
0.853785
-1.340892
-2.871743
-1.797595
1.347320
0.300171
0.511231
2.750986
-0.992272
-2.306236
-2.356194
-1.681454
-2.929161
-1.033886
-2.252095
0.221314
-2.613518
-2.831890
2.317253
2.129396
0.736257
2.645170
0.770906
-0.823355
1.242243
-1.866237
0.235545
0.800782
1.531601
-0.639386
2.866167
1.157107
0.065125
-2.553590
-3.058451
-1.570796
1.269177
2.734337
-0.962994
-2.782822
-2.910502
2.146221
-1.134169
-2.312744
0.812419
0.834539
-0.086738
-2.913096
-2.079867
-2.959944
1.570796
1.484058
-2.646459
0.889498
1.970312
-2.317253
1.911178
-0.054491
-0.627308
0.075329
1.735945
0.394791
0.069655
1.613324
2.463473
1.373401
0.543832
-1.186627
0.063743
2.446854
-3.077849
-2.120171
-0.275426
-2.265535
0.234723
-2.643770
-2.901422
2.966920
-1.415201
1.098299
2.764683
0.674741
-0.201762
-0.321751
0.372988
2.454468
1.866237
2.262718
1.311465
-1.674589
-2.342111
1.550391
-0.200653
-0.373727
0.340382
0.472907
1.163165
1.455037
0.850242
-0.552841
-1.023234
-2.432966
2.050971
2.498092
1.016489
-1.076855
1.800701
1.777120
-2.369892
-0.380506
-1.856848
-2.525973
2.052460
1.160669
3.064821
2.719588
2.253988
-2.580906
-2.034444
-0.132552
0.117109
-0.828849
-3.013269
-0.868539
-1.380808
2.782822
-0.919720
2.787595
1.496857
2.523448
-2.634494
-0.729900
-2.291350
-0.950547
-2.407432
0.664774
-2.168555
-2.179960
-1.190290
0.094061
3.033322
2.696292
-1.720609
-0.785398
-3.043866
1.478467
2.414950
0.445301
2.052460
0.674741
-0.969723
-0.551655
0.399515
2.553590
1.098299
-0.847817
-0.291457
-2.543174
2.661418
-1.892547
-1.676781
3.122727
-0.521834
-1.611590
-1.932000
-0.220829
-2.887919
0.402321
-0.772412
2.404936
-0.394791
-2.742077
1.492525
1.987235
-1.451367
-2.422763
-1.163165
0.365747
-2.369181
0.220829
-1.179096
0.228497
2.424581
3.060141
-2.813039
-0.643501
-1.804540
-2.482283
-1.905533
0.770474
0.577192
2.287808
-2.205823
0.078271
0.655696
-0.657889
0.416065
2.771687
-1.965587
0.041643
-0.068856
-2.988943
-0.275426
-2.801211
0.094952
1.260409
-1.202100
1.851634
2.638749
0.713061
-0.681298
2.340811
3.120319
1.457645
-0.524796
2.965653
-1.924794
-1.588036
0.473356
-0.019605
2.489724
0.692334
-1.300947
2.891614
2.553590
-3.050933
2.342497
0.455101
2.920764
1.728565
0.770474
-0.605545
1.697388
0.832981
-0.868539
-1.742175
0.309703
-1.910089
-0.256151
2.944197
0.454302
-2.441700
0.708626
-0.021273
-2.607197
1.712693
2.677945
0.000000
0.896055
-2.214297
-0.960070
-0.988891
-0.249587
0.677708
-2.940638
2.063282
-1.325818
2.936197
-2.315122
-1.460139
2.042918
1.647568
0.770015
2.993743
1.590025
2.043703
0.635027
1.498197
-1.735945
-1.880499
1.772559
-0.038443
-1.235158
2.979755
-2.007423
0.073939
-1.134169
2.370278
1.284745
-2.411693
1.448954
0.748378
-2.312744
-2.578276
-1.774814
-1.436985
-1.325818
2.387434
-1.415201
-2.327631
-1.358364
-1.266795
-1.980924
0.828849
2.233526
2.184566
-0.095859
-0.426627
-0.297064
2.587285
-2.183334
-0.179853
-1.892547
1.860300
2.165010
2.408778
1.428899
2.281706
1.849096
-1.904741
2.383215
0.301619
-0.218669
-1.610775
-3.082837
-2.125104
2.007423
-0.250443
1.069783
2.226492
-2.042918
0.615620
1.373401
-2.226492
1.825164
-2.341270
0.532844
0.516695
-0.862170
0.499347
-2.764683
-0.240171
-2.315122
2.906048
0.722979
1.570796
-1.552280
-1.927016
2.279423
-1.249046
2.125104
0.147849
0.744325
0.407632
-0.250443
1.069783
3.022164
-1.679458
-1.007480
-0.862170
-0.422005
-3.119374
-2.148698
2.570255
-2.627987
-1.261866
1.846222
1.142532
-0.376909
-1.589313
2.723368
-1.443824
-2.892006
2.813039
-1.230414
-1.160669
-0.880996
2.808348
-1.927416
0.934958
2.117585
0.849825
-2.253988
-0.510488
1.005647
-0.171379
1.633215
2.001935
-1.134169
-0.147849
-2.369181
0.669043
1.718646
2.214297
-1.451367
-0.889498
-0.710909
1.929567
-2.612003
1.352127
2.152701
2.326791
-0.463648
0.893088
-2.514284
-0.447520
-0.239743
-0.384169
0.266252
-2.065930
0.702257
-0.072599
-2.121182
-1.628425
-1.518213
1.392703
-1.384309
-1.200890
0.463648
-2.771687
2.323948
-1.453688
-1.570796
-0.813962
2.195432
2.169215
-2.502207
2.880990
2.918932
-1.911178
-0.638914
-0.056543
1.504228
1.115345
0.473356
1.527345
-1.605870
-0.859887
-0.842479
-1.709892
-1.144169
-1.637364
0.617756
2.877104
-2.164546
3.120319
-1.365401
2.927532
1.295370
-1.532354
2.891614
-2.966920
2.432966
-2.147989
0.889498
-0.550386
2.315122
-1.287701
-2.138901
-1.815775
2.251318
-1.321209
2.098871
2.025098
2.164146
0.599175
1.482140
2.505084
1.336074
2.677945
2.865787
-1.570796
2.473303
-1.748889
-1.551191
0.588003
-1.026964
-3.121595
-2.777614
-0.625485
-3.043866
-1.936544
2.587285
-1.626295
-2.140837
-2.303611
0.817645
2.543834
-1.676781
-0.655696
1.720609
2.205823
1.402590
-0.671606
2.076087
0.121842
1.997424
-2.619758
0.740652
-0.291457
0.755104
-2.158799
-0.435353
1.366778
-1.951303
0.097727
-2.736701
2.324955
0.499347
1.973117
1.097890
-0.244979
2.235571
-2.437099
-1.869295
2.485897
-2.463473
0.136403
1.242243
-1.898916
-1.729452
-2.026247
-0.152649
3.089010
-3.026716
-3.061763
0.533708
-0.154319
-2.792822
-1.005647
-2.428532
-0.694738
-2.490516
-2.570255
1.005647
1.750650
-0.615620
-0.880996
-2.677945
-2.649107
0.185348
-3.015001
-3.041924
1.202100
-2.400941
1.978428
2.082027
0.297064
-2.727903
2.721396
0.976583
-0.505290
0.086738
-2.193467
-1.970312
-1.630724
-1.764008
-1.898916
-2.475623
1.791625
-2.303611
-2.295662
2.886410
-2.703801
-0.075329
-2.384758
-2.400941
0.671606
0.977047
-0.463648
-1.238177
-1.775438
2.050971
0.536435
-1.530818
2.825977
1.242676
3.058451
0.136403
3.087101
2.798569
2.594030
-2.210182
1.311465
1.532354
0.225277
-2.838708
-3.014620
-2.931953
-2.901422
2.518922
-1.089133
2.114629
-1.726391
-1.492525
-2.871743
-2.221873
-1.405648
-0.445301
-1.236851
-0.814801
2.659929
1.150133
2.529055
-2.291350
1.663553
1.067953
-0.558599
0.055499
-0.878462
-2.369527
-0.724866
-1.452306
2.634494
2.931953
1.190290
2.677945
-1.591627
-0.361204
-2.799977
-0.391700
-0.062419
-0.022219
-2.780389
-1.634540
2.283857
2.084402
-2.838708
-2.530867
1.986861
-0.655696
0.915101
-2.916316
2.394151
-2.426501
-0.356220
1.193887
0.607802
-0.689800
3.079174
-2.006150
-1.627340
1.772559
-2.999696
-0.813962
