2.218188
2.478863
1.136843
-2.131156
-0.426627
-1.310194
-2.329885
-2.833540
1.570796
1.825979
0.757628
2.067219
-2.970214
1.989021
2.553590
-2.553590
-2.184566
1.295370
0.785398
3.123413
1.193887
-0.407256
-1.051650
-1.302886
2.169972
1.399417
-1.570796
0.281232
2.424581
1.186979
-0.407256
0.770474
0.799890
-0.688924
-2.153149
-0.094061
0.069655
3.105894
2.385598
2.214297
3.010277
-0.677708
1.116952
-1.916352
-2.515331
2.812543
-0.511231
-1.255582
0.639770
1.967238
-2.501823
0.426627
-2.214297
-1.753907
1.183273
-0.350314
-1.880499
1.176005
0.480887
-1.024007
2.089942
0.497822
0.200954
-1.759995
-1.732634
3.124645
0.987720
-1.745469
0.081452
0.748378
-0.657889
3.076467
-1.255181
2.883340
-2.424581
-0.129703
-0.209640
2.841817
-1.536911
2.837082
-0.133811
2.753274
1.768192
3.015001
0.148890
1.729452
-2.652740
-2.179960
1.193547
0.957026
0.710538
2.239086
-0.639386
3.043866
-2.900746
-2.677945
2.892341
1.165905
0.853785
1.006713
-0.154319
-0.697021
2.469986
-3.052543
1.075663
-0.706614
-1.852029
-1.791625
0.736257
1.875789
2.604308
1.723446
-2.400941
2.382504
-2.255091
-0.175940
-0.019997
-1.142532
-0.455101
-0.193622
-0.844154
0.313621
-0.896055
2.394151
2.137526
2.042574
-2.134880
-2.887225
-2.694073
2.147989
0.771315
2.930499
2.604308
-3.054854
-1.614247
1.412141
-2.669815
0.000000
0.899190
0.934288
0.380506
-2.125104
-1.065215
1.921111
2.457298
1.455920
1.898535
2.537843
-0.706614
-1.010109
-1.509648
-1.706324
-0.680521
2.982937
-2.574863
0.022219
0.443448
0.000000
2.944197
-3.007782
2.819842
1.218752
0.358771
0.822418
-3.080444
-1.628425
-0.635838
1.249046
-0.960070
-2.614965
-0.560687
-2.855541
2.582993
-0.452154
-0.747442
0.840897
-0.523919
2.736701
0.624635
2.153873
0.361204
-1.265804
-1.771449
-2.199593
1.436985
0.436627
1.831399
-0.360837
0.019228
0.137066
1.879727
-0.503626
0.798731
-2.765632
-1.771751
-1.065506
-1.837048
-1.124691
-0.066568
-1.489892
-0.223477
2.016902
0.472907
-2.225367
-1.044169
-1.732995
0.057081
1.588338
-0.050804
-0.435353
-1.667270
-1.287002
-0.639770
-2.739722
-1.760785
-0.486899
-2.060754
-0.158655
-2.994514
-2.245537
-1.726391
-2.619758
2.441700
2.245537
-2.098871
1.783228
2.935269
1.943784
1.746736
1.049362
2.563068
-2.976444
0.174672
-0.404892
1.742987
-2.741352
-2.629203
-3.064821
-0.273009
-2.966920
-2.131483
-0.714091
-0.480887
2.598115
-1.747505
1.746736
0.507099
2.188941
1.692639
1.553254
1.549966
0.551655
-2.944197
1.975688
1.513168
2.660705
2.530867
-0.089050
2.669471
-1.289959
0.654571
-1.397551
0.129703
3.026716
1.218752
1.399417
-1.107149
-0.393451
2.677945
-2.042574
-3.104573
-0.052583
-0.665969
2.796037
-2.782822
0.988057
-1.909120
-0.801270
0.347062
1.199905
2.987648
-0.037718
-0.521834
2.219128
1.989021
1.089133
-1.849096
-0.273659
0.771700
-0.647811
-0.463648
1.512041
2.043293
-1.978428
2.601173
2.764683
0.021273
-2.077895
-2.697173
-2.018316
-1.386853
-0.472122
0.348771
-0.771700
0.772412
-2.289626
0.141897
1.139658
1.775438
-2.944197
0.240171
0.800322
-1.348135
-0.266252
1.133005
2.844528
-1.856848
3.043866
-3.122364
0.813169
-2.965653
2.622447
-2.017639
-1.873681
0.890275
0.504861
0.255182
2.753274
2.502207
-2.652740
-2.421039
-0.463648
2.342862
-1.570796
-2.629203
2.994514
2.582993
2.279423
3.097177
1.232473
1.030377
-1.835285
-1.933943
2.539305
-0.914095
-1.312544
0.471460
0.868539
1.739393
0.223477
-1.471128
0.546789
-1.732995
3.141593
-2.121182
-0.525584
0.747442
-2.719588
-1.428899
-2.529440
2.025897
0.631691
-1.878849
-1.238177
0.772741
1.097890
0.885067
-1.647568
-1.972667
2.034444
-2.801211
0.755995
-0.129703
2.060754
-0.264488
-1.570796
-0.830144
-0.965252
1.098299
0.473851
-1.509648
-0.059928
1.730709
-1.004067
-0.079830
-1.607144
1.535097
0.308931
-2.882261
-0.540420
-1.515298
0.019605
0.690446
2.525973
-2.944197
1.190290
-0.046478
-2.342497
-0.594214
-0.717012
-1.718646
2.609869
-2.125104
1.448954
-2.571552
2.502207
-0.216550
-2.017639
-1.792111
2.922924
1.614247
-0.295441
2.058633
0.881872
2.441700
0.634023
2.253988
-0.144812
-2.741352
1.096396
0.152649
1.595182
-0.052583
1.551568
-1.768192
-1.570796
0.133811
1.045213
-3.077849
1.349968
2.328424
-2.896614
0.692334
2.721396
0.205395
0.399515
0.732815
-0.420197
2.922924
0.244979
-1.158386
-2.669471
-2.976444
-2.742077
-2.133294
-0.240171
1.494024
2.446854
0.139096
0.785398
0.818719
-1.068706
-0.717012
2.518922
-1.334551
-1.618379
-2.475623
1.174355
-1.610775
1.673878
0.244979
0.126592
-1.646125
3.141593
-0.482513
-1.389147
-0.205395
1.272297
-2.474287
-3.103875
-1.300947
-1.478467
-1.536327
2.263131
-3.030935
-1.683524
0.880996
-3.064821
2.313966
-1.190290
-0.598419
-0.407632
-2.183334
-0.055499
1.063698
-2.329174
2.837592
0.562498
0.708626
1.176005
1.214577
-0.552841
-0.922985
-2.070143
2.568627
1.858852
-1.905533
-2.536048
-2.018941
0.390607
-0.701260
-2.860755
0.628796
3.049263
0.372988
0.509071
0.839400
1.116494
-1.355981
0.066568
2.248505
0.039979
-0.694738
-1.448954
-0.556599
1.482140
-1.339706
0.073939
-1.170556
0.674741
3.099065
-0.321751
-2.367688
1.336074
1.338239
1.973117
2.312744
-0.387524
-2.372586
2.677945
-1.815775
0.287281
0.297064
0.244979
1.316428
1.846222
1.480136
1.661456
1.021422
2.183334
1.448601
-0.647392
-0.890275
2.053310
2.873682
2.985998
1.026964
-0.119429
2.850136
0.119429
1.951303
1.729452
2.455863
0.560687
3.064821
-2.574863
1.729452
-2.255091
-0.420197
2.976444
-0.971621
-1.793457
-1.306308
-2.588751
2.931953
0.977446
0.568105
-0.519146
-1.075663
2.622447
0.993604
-1.944523
-2.242759
1.216091
2.696292
-0.588003
-2.700842
-1.875789
0.483447
0.659310
2.604682
-1.365401
-1.855914
1.041207
-1.065935
0.681298
1.772559
-2.616797
2.931953
0.605545
0.130827
0.159352
0.797743
-0.840897
0.505290
-0.244979
-2.356194
-2.597760
-2.356194
0.289846
1.804540
-0.384169
-2.748142
0.264817
-1.723446
-1.499489
1.193887
1.932000
-3.019397
0.577902
1.049362
-2.158799
-0.310387
0.061148
-0.706614
0.908067
-2.504044
1.551191
-1.180189
0.491164
2.206635
-0.066568
-2.854311
-2.092631
-2.629203
1.860300
-1.024007
2.104505
-3.121987
1.200890
-1.142532
-1.646125
-0.309703
-2.000559
1.389147
-1.537475
2.940638
-0.631691
1.570796
0.689800
1.499489
0.814801
-2.466852
1.934775
-1.339706
1.495467
-0.078271
-2.133294
1.330262
1.961403
-0.159352
-3.035608
2.129396
-0.950547
-2.877104
2.051684
-1.320818
2.356194
2.474287
-2.754069
-0.896055
-2.753274
0.785398
0.799482
2.990577
-2.368540
0.799096
-1.728565
-0.218669
0.918927
-1.911178
3.024484
-0.038443
-0.596199
-1.954614
2.574863
1.881795
-0.689800
-2.356194
0.684295
-0.018516
0.977446
1.377174
-0.734161
2.519290
2.210182
-3.039386
2.225367
-1.062067
1.124691
