-0.931882
1.873681
1.042722
1.570796
2.169972
-0.059928
2.070143
0.202322
-2.761086
-2.617673
0.222661
0.950547
-2.651635
0.866302
-2.255091
3.017238
-0.270947
0.129703
2.414950
2.117585
-0.668289
2.703801
-2.016902
-0.147078
2.976444
2.114629
-1.107149
0.110657
0.212432
1.097890
-1.236059
-1.954966
-1.150600
-1.014630
2.044648
-2.199593
1.010109
1.523213
1.281293
1.951303
-1.828120
-1.148791
0.308931
-2.249459
-2.196281
0.704494
3.002497
-1.760785
-1.087349
0.039196
-0.710909
2.494545
0.828849
1.970312
2.257921
-0.189988
1.919567
1.643396
-3.068993
2.017639
0.314758
2.736701
2.489724
-2.848004
1.524318
-1.859772
2.245537
-0.771315
-3.102397
0.740652
2.559240
-2.642246
0.019605
-2.767866
-0.280838
-0.267910
-0.594214
0.706199
-1.752445
1.300947
-1.218752
1.467004
1.471128
0.982794
0.127510
1.776192
1.745469
-0.771315
0.104877
-0.226799
1.478467
2.214297
-0.927295
0.192701
-1.906435
-2.492597
-1.653938
-0.785398
1.627340
0.697903
-1.411445
-3.123737
1.306308
2.826835
2.614965
-1.099019
1.061725
-0.463648
-1.820383
0.908067
0.976583
2.543174
2.418613
0.054491
2.553590
2.796037
1.757776
1.612439
-2.426501
-1.505671
-0.582353
-1.107149
-2.966920
2.704965
-1.978945
0.121352
-2.299651
-2.944197
2.922924
-1.107149
-0.428264
1.591627
2.399645
-0.761013
2.097424
-1.570796
2.527823
-1.916352
0.103792
-1.657535
2.896614
2.969402
0.193622
0.244979
2.754069
-0.922985
2.686142
-1.756144
2.063282
0.155595
-0.400241
-0.444419
1.292497
2.432966
1.980924
-0.659310
2.007423
0.119429
2.373142
-2.574863
2.498092
-2.103640
-0.572460
2.042574
0.260602
-1.421906
2.638749
2.071810
0.452778
-0.119429
-1.518213
0.750929
0.681298
2.249459
-2.085248
0.749699
-1.116494
-0.977047
-2.014245
-2.988943
2.143256
-0.221314
-0.840897
0.785398
1.760785
0.104877
-3.123076
1.255582
1.570796
-0.112728
1.063698
-3.099065
0.428264
-1.288241
-0.837981
-2.877104
2.796945
-0.160763
-2.214297
1.482140
-2.547843
-0.857735
-1.552280
2.666582
-1.661456
-1.145964
2.936197
-1.702112
-2.396173
1.179096
0.873406
-2.227871
0.044415
1.273732
-1.190290
2.719588
-0.785398
-1.878849
-0.275426
-0.752077
-1.748889
1.098299
-2.565217
0.599175
0.533708
2.953371
2.015216
-1.990993
-1.255582
2.210182
-0.870903
2.248916
-1.396124
-1.012197
-2.356194
-1.675673
2.916316
-2.060754
2.265535
-2.891150
3.050933
2.343208
-1.810967
-0.892134
0.687124
1.524318
-1.520838
0.295441
-0.161837
2.574863
2.947971
-2.630362
1.683524
1.471128
-0.582353
-0.139096
3.014620
2.868584
1.551568
1.510868
-2.187093
-1.438245
-1.128422
0.036348
-2.546183
-0.922464
1.849096
1.689286
-0.128911
2.866167
1.625288
1.256039
0.909753
-1.435269
0.408149
-1.683524
-2.118359
3.019750
-3.081664
1.325818
-0.132552
1.692639
-2.925042
-2.238102
-3.007782
0.114877
-0.836202
-3.046641
0.769526
1.267911
-1.212026
2.892006
1.551191
1.876675
-2.262718
1.855527
2.896614
-1.416478
1.063698
0.321751
-1.115696
-0.144812
-1.738692
-2.070143
-1.878849
0.384605
-0.503626
2.929161
2.463884
2.329174
2.604682
-2.043293
0.041643
-1.806341
-0.737815
0.628796
-1.309083
1.526381
-2.476818
0.407256
0.328553
2.707639
-2.622447
-1.284745
2.218188
-3.024484
2.956245
2.789548
-0.635838
-0.519146
2.961739
-2.994514
-1.065935
-2.854311
-2.610819
1.125495
1.033512
-3.039386
-0.582353
1.781890
0.999459
1.570796
-2.782822
2.424581
2.516108
-1.249046
-1.570796
-1.273732
-0.563316
-2.819842
-0.566729
-2.457298
-2.771687
3.094010
-2.498092
-2.878598
2.569133
0.189199
0.073041
-2.686873
-1.842942
-1.854590
1.402199
0.908067
0.000000
-1.135443
0.065125
2.736701
-0.278300
3.122364
-2.405335
1.107149
-0.661043
2.395136
-2.187093
-0.239232
-1.867861
-0.090660
-0.813169
2.356194
1.412141
2.406998
-0.259332
-0.588003
1.797595
-1.467004
-1.214577
2.714965
-2.792822
2.426501
2.356194
3.122364
-2.702733
-1.664858
-1.299849
1.469107
1.041207
3.103150
-2.686492
0.785398
0.582739
2.703256
-0.713061
-2.906048
0.599175
-0.552841
2.890590
-3.030935
2.901422
2.114629
-1.425984
-0.275806
-1.892547
-2.530867
-0.495133
0.021273
-0.770474
-0.822418
-1.030377
-2.778446
-1.910089
-3.021484
-3.009041
-2.944197
-0.211093
0.931410
2.887225
-2.670133
-2.198105
-2.857799
0.280838
-2.850136
-1.183273
1.880499
2.449258
2.794531
0.264488
1.892547
-2.181522
-2.579095
-2.034444
-1.202100
-1.909120
-0.540420
2.045196
-2.753274
2.299114
0.755104
2.698144
-0.647392
-3.043866
-1.142532
0.577192
2.707639
2.570255
1.828120
-0.297064
1.867861
0.399515
1.551931
0.647811
1.594601
1.292497
2.838708
0.886502
2.982937
-1.480136
-1.780436
-1.133005
2.061960
1.249046
0.197396
-1.986288
0.971621
-1.467004
-2.054243
-1.261093
-3.099065
-1.657535
1.179096
0.422854
2.044152
-2.854311
-2.389515
-1.294990
-1.141034
-1.806341
-0.507099
1.570796
-1.123276
-0.999459
0.044415
0.161837
1.944523
-2.191046
3.049263
0.687124
0.165149
-2.761086
-2.534605
-0.996491
0.588003
0.550386
1.947287
0.631691
-0.543832
3.141593
1.505671
2.660705
-1.856848
2.421039
0.335639
1.474937
-0.659310
1.975688
2.906048
1.825164
-2.953371
2.137526
-2.905347
1.023234
1.012197
0.340382
0.540420
1.570796
2.587285
1.475845
-2.696292
-1.921524
-1.858078
-0.674741
1.382575
-0.869942
3.099950
-3.019750
-0.418224
3.050933
1.611590
-0.635027
-1.886412
2.860360
2.202487
-2.580906
-2.927532
2.356194
2.565217
-1.046877
1.735945
1.325818
-0.214061
-1.644735
0.598419
2.043293
-2.527823
-2.000559
-1.349968
1.343997
-2.196281
1.973117
0.000000
-0.083141
-2.669815
-3.050933
0.662730
2.300696
2.223643
-0.426627
-0.665969
1.369034
-0.546789
3.061763
1.316428
-2.825977
1.154732
0.269849
2.087027
-2.713329
2.886410
0.896055
2.525973
2.287338
-0.337878
1.616220
1.441094
-2.540519
2.431054
2.248505
-0.321751
-2.901422
2.571552
-0.976583
1.570796
0.080904
-2.193467
-0.193211
-0.334737
1.545161
-2.963500
-2.416727
3.036716
1.723446
2.532429
-2.147989
0.119429
-1.016489
2.140837
-1.049362
1.145964
-2.873226
0.463648
-1.467004
-0.942000
2.948381
-0.497822
1.020943
-0.662730
0.491164
0.972377
-0.581380
-0.257324
-3.103150
-1.457004
-0.216550
-1.024007
3.141593
-2.282255
-1.843805
2.868584
-1.216799
-1.703348
2.877104
-0.899652
-0.472497
-1.815775
-1.334551
-2.548243
0.528074
-0.369906
2.273053
-1.655698
-1.315614
1.916352
-0.078271
0.741947
2.547843
-2.454468
-0.343024
2.696292
2.056418
0.283794
-1.550799
2.687749
2.068619
1.570796
2.476818
-1.634540
-2.010639
-2.473303
-0.704494
-2.313966
3.005190
1.369479
0.806672
2.992703
2.279423
2.527823
2.010639
-0.313621
0.090660
-0.049958
-1.004067
-1.892547
-1.704607
-2.439336
-0.643501
1.634540
1.014630
1.142018
1.051650
-0.561163
0.554307
2.369892
-2.667741
-0.688924
0.745419
-1.532354
-0.376909
-0.904827
2.067219
-1.702112
