0.129703
2.639502
-2.516957
2.922924
0.197396
-2.918932
2.787595
1.529154
2.677945
-1.019141
2.134113
-1.729452
-0.156602
3.141593
0.887605
0.849141
0.463648
-2.802300
-3.066264
0.272146
2.875341
0.899652
1.650626
-1.512041
-2.368540
0.216550
2.761086
-1.543026
0.076772
0.191184
-2.922924
1.205049
-1.508378
-0.822418
-1.180189
1.512041
-1.759995
-2.616009
1.359703
-0.183111
-2.819842
-0.674741
-1.232918
-2.385598
0.799482
0.321751
0.757628
2.430134
-2.274410
-1.685673
0.259332
-1.055724
2.811295
1.843805
2.718739
-2.170847
-2.880990
-0.473356
-0.785398
-2.570255
-0.273009
2.775845
-1.446441
0.651869
-2.901422
-0.825377
2.076087
-2.034444
0.057081
2.081285
-2.049149
0.915101
-1.428899
-0.408149
1.385448
2.461071
1.424784
0.837981
1.405648
1.063698
-1.338692
-1.089909
1.570796
-0.432408
-0.376909
0.832981
2.505084
0.873775
2.312744
0.308053
0.129703
-2.936951
-1.871717
-2.537287
2.798569
0.643501
3.141593
-1.122651
-2.846152
-1.551931
1.695151
-2.391474
-0.735440
1.339706
0.165149
-0.992894
-1.071450
-2.883340
0.987720
3.073900
2.561590
0.909753
3.006821
-2.647651
2.576443
-0.132552
2.819842
0.938047
3.107124
-0.798056
-1.912412
1.207649
0.836635
2.015216
-1.892547
1.420425
1.649580
-0.302885
-1.197809
2.619758
0.918927
-2.936197
0.605545
2.009133
1.674589
2.051684
-2.617673
-1.165905
1.986861
2.043293
-1.359703
-1.068706
-0.694738
2.291768
1.673878
2.940638
2.356194
1.040581
-0.767856
2.574863
-0.117109
-0.262995
2.761086
-0.491164
1.249046
0.186487
-0.770906
2.487957
-1.496857
0.857735
-0.452778
2.308611
3.141593
2.153536
0.165149
3.080444
0.687124
2.108081
0.755104
0.258771
-0.802346
-0.124355
1.965587
-1.661456
-0.624635
-2.111216
-1.829049
2.466852
2.825622
-0.580003
-2.475623
-1.222025
-2.677945
-2.441700
2.229602
1.800701
1.098674
-2.819842
-1.446441
1.789465
1.446441
-3.064821
1.849096
1.839163
2.094716
-3.002153
-0.931027
1.768192
-0.336675
-0.977794
-0.862170
-2.331200
1.943784
-2.629203
-1.279340
-1.730148
-1.467715
0.588003
2.463884
2.565217
-2.214297
-2.665125
1.141034
1.331565
0.785398
0.502843
1.907471
2.843094
-0.508730
1.772559
-0.192048
-1.649067
-2.902983
-0.429762
-3.017238
2.976444
-1.596432
1.142018
2.114629
3.105245
-2.214297
-1.643396
1.014197
-1.287002
1.216799
-0.639386
-2.127396
-1.136843
-1.426355
-2.191046
-0.039196
-2.601173
-2.089942
0.205395
0.582353
1.495467
2.863293
1.234122
-2.742077
2.265535
-0.689800
-2.065930
-2.118359
-1.905533
-3.083964
2.137526
2.761086
-2.576443
-2.437099
-0.345556
-0.295441
-1.761981
-2.256526
-1.647568
-0.931882
-0.393451
2.205823
2.802300
0.144812
2.723368
0.154319
-0.448145
-1.063698
0.598419
0.463648
0.076772
-2.559240
2.228685
2.907849
-1.259798
-0.942000
1.480136
-2.775845
-0.154997
-2.659929
0.828849
0.145310
2.441700
-1.358364
2.279423
1.666655
-2.343208
-0.035699
2.432966
2.356194
-2.477546
-2.325901
0.399515
2.306236
-0.565484
0.909753
-1.190290
-0.019228
2.886410
2.182949
1.653938
-0.429762
-1.518213
-2.566168
2.614965
-1.796073
-1.820383
-0.365747
-1.695151
-3.060141
-0.785398
2.083186
2.022950
-0.899652
-0.442374
0.536911
0.582739
2.749253
1.311465
0.358771
-1.078311
-0.663203
0.685730
-2.018941
1.754740
-2.992703
2.153873
0.896055
2.934096
-0.092329
-2.660705
-2.527823
2.193996
-3.036716
1.107149
-1.226149
0.511231
0.878462
-2.754717
-2.916881
1.529154
-1.249046
0.104877
1.911775
-0.352044
0.038443
1.948045
1.852029
1.361156
0.426627
-2.304957
-1.915444
-1.846222
0.878462
1.764755
-2.326791
3.141593
2.750986
-1.789465
-1.199905
1.262744
-0.486899
3.007782
-0.588003
-2.863293
1.471128
-1.071450
0.200954
2.490516
-2.487957
-0.844154
1.709892
0.000000
1.533776
-0.251690
-1.712693
0.301619
-2.548243
-0.593750
0.635838
1.428899
0.463648
-2.794531
-0.288975
0.617191
1.147127
2.532903
-1.670465
-1.650626
2.642246
-2.548243
-0.475011
-2.132718
-2.992703
-2.187988
-0.554996
-1.984127
1.051650
2.105192
-0.113151
-0.043451
2.787595
2.034444
0.335639
-2.695487
1.363300
1.997424
-0.158655
-0.214061
1.905533
-2.236766
-2.369181
2.126963
-2.253988
0.414507
-0.300171
-2.003204
1.852568
-1.279340
-2.782822
2.191046
-1.828120
-1.772113
2.699218
-1.249046
1.292497
-1.554131
2.356194
-1.313473
0.309703
-0.652847
-2.880990
-0.124355
-1.797595
-0.994421
2.403778
-0.165149
3.060141
-2.476818
2.761086
-0.582353
2.175102
-0.493941
1.376837
-0.516695
-2.308611
3.087101
-2.329174
-1.425486
-2.459276
-0.713061
1.025141
-0.756835
-1.046877
-2.234842
0.463648
2.446854
-0.226799
-1.460139
1.649580
-1.886412
-1.254227
0.588003
3.014083
2.723368
1.732634
-0.304001
-2.723368
2.131483
-0.372988
0.295441
-1.065215
-1.610775
0.033321
-0.811708
0.577192
-2.617673
-1.384309
-1.081944
2.277411
2.176341
2.251318
-2.819842
2.498092
2.472550
2.328424
-1.501940
-2.432966
1.969319
-0.965252
1.465919
1.354711
-3.075024
0.426627
1.243396
-1.107149
-2.999696
-1.698306
-2.317253
2.727903
-2.532903
-0.097727
2.268187
-0.188222
0.446106
1.794273
-0.170735
0.593350
-1.367751
1.420425
-2.629203
1.606495
2.231839
2.797374
-1.798899
-2.922924
-0.295441
-1.190290
2.694073
2.589938
2.193996
-0.817645
-2.855541
-1.965587
-0.141897
1.685673
-0.186979
-3.043866
-2.439336
-2.152701
-1.002692
2.743070
-1.646125
0.588003
-0.152649
2.077895
-1.874797
-0.517032
2.432966
-0.540420
-0.428264
1.313473
-2.394151
-1.990993
1.616220
0.909753
-1.570796
-0.114877
-1.748889
-2.997151
1.686556
1.489892
-2.138901
-1.910089
2.142134
2.114629
-0.745419
3.099950
-1.663126
0.835357
0.785398
-0.308053
-1.302886
0.341615
-1.692639
-2.853537
2.245537
-1.951303
0.799482
-2.356194
0.896055
-0.192701
-0.057081
-2.443690
-1.455920
2.356194
-2.999696
-2.709185
-0.369906
2.697173
-1.876675
-1.313473
-0.037020
1.620755
1.951303
-1.535723
2.610819
-1.212026
-0.613770
-1.017955
-0.694738
0.988891
-0.478352
-0.422005
-2.651635
-0.503626
1.978052
1.416478
-1.074374
-1.222025
2.510513
0.743170
-2.843094
1.789465
2.498092
-1.398606
2.101570
2.259721
1.061725
-0.368696
-1.010109
2.631104
-0.982794
-0.975386
2.576443
-0.224235
-0.207496
2.913490
0.000000
-0.911990
-0.049958
-0.053520
-1.475845
1.549061
1.670465
2.594030
-2.051684
-0.264488
2.700842
-2.127396
0.183111
-0.165149
-3.058451
2.342111
-2.466852
-1.071450
0.179853
-1.168475
-2.310073
-0.079830
-3.089010
1.455920
0.071307
-0.414507
2.138901
2.863293
2.553590
-1.764418
-1.076855
2.166995
-2.144237
2.107707
-0.364735
-0.380506
2.356194
-2.071810
2.242402
0.533708
0.993604
0.418224
-2.890590
0.023252
1.570796
0.269849
0.000000
-2.177784
-2.083186
2.143256
1.789465
0.610726
-0.635027
-0.121842
-2.022249
0.474400
2.295046
2.761086
-0.847817
-1.217806
-2.480549
-1.398606
3.056691
-0.533708
-2.717924
-2.944197
-0.409437
