-1.005647
1.855914
-0.731397
0.071307
-1.336074
1.649067
0.136403
-0.073939
-2.963500
-2.651635
-1.330262
2.976444
-2.089942
-2.475623
2.331200
-0.253076
0.699893
-2.677945
2.356194
1.745469
1.317122
-1.384309
-1.287002
2.356194
-0.101689
-2.313966
0.463648
1.131937
0.678119
1.879727
2.713329
-2.316216
1.792878
-2.259721
-2.026570
-2.487022
-0.453339
1.306833
2.091934
1.496857
-1.190290
1.355981
0.965252
0.429762
2.695487
-2.370278
1.186979
-2.158799
1.197070
-0.410127
-2.311448
0.521834
-1.405648
-1.607816
-1.091883
1.333948
0.772741
-1.307802
1.610775
-2.197058
-1.944523
0.882651
-0.997356
-2.745511
-2.252095
-2.242402
0.446842
-0.418224
-1.019141
2.252095
-1.241747
-2.951604
-2.626520
1.692639
-1.588036
0.773351
-1.844456
2.174026
1.881184
-2.819842
-3.088072
1.913820
-0.799482
-1.209960
0.472907
-1.892547
0.687124
-1.846602
-1.060308
-1.156289
1.067170
-0.176709
2.685244
2.129396
1.638489
-2.226492
1.644735
0.340382
0.627629
2.846152
-1.978052
1.243058
-2.163494
2.225367
-1.927416
-1.471128
-1.203622
1.279340
-1.348135
-0.365747
-0.485227
1.735945
-2.617673
-0.353997
-2.272056
-0.886179
-2.970857
0.343024
2.463884
-0.019228
0.936774
-2.780389
-0.519146
-1.806341
0.814801
2.184566
0.739277
1.041207
-1.389477
2.950954
-1.904741
-1.779262
-0.259332
-1.249046
-0.356220
-2.789548
1.933943
-2.838708
-0.770906
-0.020405
1.118018
2.498092
-2.123638
-2.056023
1.193887
1.316428
1.439481
-2.586597
-2.137526
-2.008588
-2.767259
0.039196
1.478467
3.107707
1.190290
1.337053
2.880990
-0.413330
-1.870572
-1.026964
-0.104877
1.359703
-2.798569
-2.739272
-0.333244
-2.976444
-2.154169
3.027338
1.703348
0.724866
-2.662679
-1.200890
0.426627
-1.907471
-2.304957
-2.586597
-1.408597
0.602287
2.034444
-1.866911
0.613770
1.226578
-2.203545
2.210884
-0.449260
2.833540
-0.521434
-2.896614
-0.473356
-0.168207
-0.031240
-2.809533
-2.741352
-3.111299
0.796892
-2.448951
0.376490
-2.052460
0.896055
3.048116
-2.913490
1.852029
1.840645
-2.129396
1.317122
-2.595938
1.634540
0.893410
-0.982794
1.603043
2.469629
-2.025516
2.081285
0.726642
-2.855541
2.662679
1.843805
2.581233
0.526627
1.570796
-2.398423
-1.197809
1.849096
-1.551568
-1.927708
2.402316
0.384169
-2.664701
0.106736
-1.199905
-0.435353
0.253076
2.454468
0.049958
-1.078987
0.699893
-1.970312
1.099336
-0.179853
-2.564400
-0.669043
2.356194
1.078311
-2.826835
2.070143
1.925502
0.298499
-2.042574
1.748889
0.018516
2.695487
-2.518922
1.498197
-2.743965
-0.812419
0.362544
1.292497
-0.284730
0.810393
0.887605
3.032931
2.118359
-2.380580
0.328120
2.117585
2.994514
0.321751
2.193467
2.231839
-2.111216
1.540503
1.837048
-3.013269
-2.237705
-1.520838
-0.057628
-1.315614
-0.713061
-1.387686
-1.903416
2.005467
-2.199593
2.548243
-1.570796
0.218669
-0.720554
2.020056
-0.291457
-2.999696
-0.866302
2.393215
-2.813473
2.582993
2.419401
-0.033321
-0.565484
-0.954499
-0.244979
2.260596
-0.862170
-2.761086
1.342694
2.850136
2.392323
-0.694738
0.165149
2.521343
3.072736
-2.629203
2.073640
1.699707
-1.854590
2.791278
-0.133811
1.418147
-0.050804
-2.104505
0.948493
0.613770
-1.517276
1.634540
2.010639
-2.719588
0.018180
3.099950
2.250705
-1.984127
-0.550386
3.071532
-2.929161
2.865496
-0.278300
0.209640
-1.932000
-1.405648
0.785398
1.183273
-2.536048
2.739272
-3.077849
1.231504
-1.588338
2.200830
-1.932000
2.900746
-1.534449
0.571337
-0.706614
1.886412
1.815775
-2.042256
0.097727
1.078987
-1.570796
-2.380000
0.509071
-2.386488
1.126377
-0.798384
1.550799
0.286051
-1.058407
-2.344147
1.014197
2.340811
-0.176709
-2.287808
2.919511
0.942000
-1.165905
0.447520
-0.743170
2.754717
-1.613324
2.440333
-2.211153
-1.784165
3.075024
-0.517032
3.100799
-1.067170
0.594214
1.060308
0.273009
-1.413028
1.881795
-2.775845
-2.905347
-2.604682
1.570796
-1.933943
-0.296115
2.158799
2.140110
2.070143
0.666908
1.116077
2.677945
-1.553254
-1.142532
-2.118359
-1.212026
-1.633215
-0.409437
-0.411456
1.992801
-2.746802
0.204642
-0.062419
2.034444
-2.265535
3.107124
-0.851966
0.332059
0.540420
-0.785398
3.017238
-2.175102
2.451146
1.504228
2.193099
-3.039904
0.480175
-1.350303
2.642246
-2.767259
2.553590
2.411693
0.694738
-2.191046
-0.269849
1.922841
3.014620
2.431054
2.553590
0.000000
-2.700842
0.103082
0.228103
-2.424271
0.035699
-1.366778
1.182478
2.558853
-2.131483
0.309703
1.922841
-0.773351
-2.329174
-2.553590
2.404936
-1.173168
2.981680
1.343997
-1.450173
1.725115
0.489957
-1.756144
-1.602036
-1.916932
-0.406971
2.607884
-2.795054
3.048836
-2.123638
-2.749893
-0.019997
1.999060
-2.848406
-0.500668
0.455774
-1.924794
-0.309703
-0.636508
1.552617
-0.647811
-1.730709
-0.893410
-2.256526
1.421906
0.948493
-2.624561
1.862253
2.525973
-2.921099
-1.823351
0.785398
0.000000
0.032247
-2.257921
-2.451146
-2.792822
1.200890
1.313473
2.574863
-1.983207
2.997151
2.973386
-0.233743
0.118490
0.746457
0.447520
-1.506369
0.410127
0.572460
-2.441096
2.489724
-0.868539
0.826471
1.746736
-2.233526
-0.620249
-2.999696
2.708011
0.643501
0.426627
-2.343849
3.108272
-0.855705
-1.033210
-1.049362
1.622474
0.740652
1.073454
-2.356194
2.082027
-2.395136
-2.863293
-0.165149
2.581233
-0.185348
-2.164546
0.092756
0.813169
-2.417845
-2.684748
1.892547
-0.204642
-1.948045
0.831519
1.522054
1.423718
1.570796
-0.254368
-2.669471
-2.887225
2.832662
1.517276
0.550386
-0.264488
1.629552
1.428899
1.345520
-0.332620
1.508378
2.873682
-2.515331
-1.760785
2.275290
2.685244
0.808650
-0.321751
-1.549966
-2.210182
1.099019
0.878154
-0.835357
-0.278300
1.126377
-0.647047
-1.970312
-0.868539
-3.107707
2.856475
1.001483
-1.865526
0.797446
0.909753
0.316286
2.233223
0.988443
-2.840672
-0.664774
1.198729
1.715238
-0.840897
-3.056691
-1.341564
0.528074
2.517570
1.495467
1.140104
-2.260596
-1.844456
2.356194
2.767259
-2.896614
0.759088
3.072736
-2.645170
1.906435
-1.690225
2.089942
1.646125
-2.604308
2.568152
-2.927532
-2.729182
-2.814495
2.096380
0.871604
-0.763180
2.727086
2.257921
2.655561
-0.844154
-0.101689
-1.033210
2.207305
1.570796
-0.062419
1.156289
-0.283096
-0.850242
-0.033885
0.998337
-2.322499
3.123413
-2.904218
-1.460139
-0.687124
2.265535
1.591202
-1.156289
-3.121595
-0.018866
-0.747442
-1.438245
2.325901
-0.592427
0.948764
-0.438859
1.222025
1.815775
-2.356194
-2.204429
-2.498092
-0.662730
0.106736
2.267539
0.810393
2.808973
0.835357
0.244979
-0.354706
0.934958
-1.379612
1.530003
-2.052460
-0.652847
3.124645
-2.198105
1.080839
-1.605870
0.867183
2.786887
1.242676
-2.663240
-0.771315
-2.372066
-1.428899
-2.780756
2.920764
-1.604117
2.122451
1.732634
-1.004067
2.018941
1.639653
2.446854
-2.025516
2.742077
0.492836
0.114877
-2.643770
-0.152649
2.918932
-1.925502
2.700000
2.484891
