1.781890
-2.051684
1.779262
2.719588
1.260409
-2.521343
0.333244
2.878598
-2.287808
-1.589313
0.387524
1.863983
-0.380506
-3.038511
-2.607197
0.746457
0.582353
2.853537
2.662073
-2.973386
2.883340
0.471778
-0.463648
-1.254826
-2.461071
-2.453448
2.855541
1.532354
-3.086094
-0.561922
-0.998337
3.019397
1.904741
-0.369906
-1.183273
-1.446441
1.851634
-0.908067
2.184566
-1.152572
-0.798056
2.612346
1.380808
-2.424581
-2.947971
-3.103875
-1.131937
0.388319
-2.356194
2.206635
-0.761593
3.019750
2.466852
1.304544
2.138901
0.713061
-1.428899
-2.940638
-1.787347
1.218752
0.147078
0.358771
2.637966
-1.090621
-2.453448
-2.449258
-1.854590
-3.067654
-1.266795
-2.393215
0.039196
-2.774419
-2.973386
2.199593
1.961403
0.551655
2.553590
0.632749
-0.887605
1.040023
-2.051684
0.141897
0.631691
1.471128
-0.798384
2.703801
1.026964
-0.066568
-2.645170
3.122364
-1.588652
1.123954
2.577509
-1.092444
-2.896614
-3.108272
1.980924
-1.366155
-2.469986
0.761013
0.674741
-0.283794
-3.026716
-2.263131
3.102397
1.423718
1.366155
-2.754069
0.744325
1.789465
-2.568152
1.910089
-0.162199
-0.746457
-0.035073
1.607144
0.297064
-0.020405
1.516305
2.299114
1.179096
0.400241
-1.312544
-0.136403
2.356194
3.024484
-2.267818
-0.333945
-2.410196
0.117109
-2.764344
-3.030935
2.873682
-1.534449
1.010109
2.634494
0.492486
-0.328120
-0.480887
0.240846
2.265535
1.820775
2.104505
1.158386
-1.853892
-2.559688
1.408597
-0.244979
-0.423669
0.240171
0.353997
0.942000
1.311465
0.811708
-0.747442
-1.203622
-2.529440
1.961403
2.356194
0.893088
-1.261093
1.687905
1.652248
-2.508844
-0.486899
-1.971037
-2.636302
1.917858
1.008298
2.961739
2.558516
2.207305
-2.734337
-2.197058
-0.275426
0.058756
-0.938047
3.104573
-1.042722
-1.506369
2.651635
-1.008298
2.610819
1.394087
2.446854
-2.761086
-0.812419
-2.446854
-1.065506
-2.527823
0.600050
-2.286540
-2.300696
-1.335251
0.017542
2.850136
2.548243
-1.863983
-0.906022
-3.089010
1.369479
2.267818
0.315970
2.000559
0.536911
-1.163165
-0.729900
0.270947
2.356194
0.973038
-0.957026
-0.484478
-2.701750
2.548590
-2.007423
-1.851634
2.960273
-0.722979
-1.783228
-2.142134
-0.352044
-2.929161
0.321751
-0.880350
2.325901
-0.550386
-2.944197
1.402590
1.844456
-1.609992
-2.491171
-1.279340
0.244979
-2.475623
0.035699
-1.297137
0.141897
2.383965
3.002497
-3.068993
-0.785398
-1.983207
-2.646459
-2.089942
0.613770
0.373727
2.120171
-2.330559
-0.042528
0.521434
-0.798731
0.225277
2.629203
-2.144237
-0.079830
-0.240534
-3.081664
-0.422005
-2.926777
-0.119429
1.152572
-1.343997
1.791625
2.490516
0.556599
-0.785398
2.260596
2.970214
1.287002
-0.710909
2.819842
-2.092231
-1.738692
0.273009
-0.170735
2.299114
0.573441
-1.462135
2.738938
2.397267
3.107707
2.217844
0.369906
2.778446
1.611590
0.582739
-0.798056
1.588036
0.662730
-0.988057
-1.904041
0.222661
-2.100386
-0.418224
2.745511
0.310387
-2.548590
0.588003
-0.124355
-2.709185
1.570796
2.523448
-0.101689
0.770906
-2.396173
-1.059566
-1.273732
-0.354706
0.528074
-3.099950
1.911178
-1.392703
2.767866
-2.411693
-1.588976
1.933943
1.514253
0.562498
2.794531
1.453688
1.929567
0.497822
1.458069
-1.905533
-1.948045
1.607816
-0.097727
-1.343997
2.896614
-2.195432
0.018516
-1.316428
2.188941
1.227772
-2.579095
1.225241
0.674741
-2.446854
-2.739272
-1.831399
-1.589313
-1.480136
2.287808
-1.570796
-2.482283
-1.499489
-1.387686
-2.129396
0.674741
2.135946
2.085869
-0.222661
-0.582739
-0.412410
2.463884
-2.356194
-0.387524
-2.042918
1.833791
1.961403
2.316216
1.096945
2.169215
1.627340
-2.019520
2.381189
0.165149
-0.384169
-1.732995
3.049263
-2.252095
1.843805
-0.394791
0.931027
2.068619
-2.231839
0.491164
1.216799
-2.393215
1.768192
-2.523448
0.352044
0.407256
-1.037088
0.394791
-2.853537
-0.425205
-2.416363
2.736701
0.651077
1.358364
-1.644735
-2.101570
2.089942
-1.352127
2.060754
-0.037020
0.607802
0.327739
-0.446106
1.004067
2.860755
-1.846602
-1.152572
-1.058407
-0.528074
3.005190
-2.248183
2.381830
-2.807648
-1.366155
1.668523
1.033210
-0.495133
-1.679458
2.686873
-1.588652
-3.056691
2.617673
-1.272297
-1.243058
-1.065506
2.639502
-2.067219
0.886502
1.961403
0.718830
-2.403778
-0.599175
0.811034
-0.321751
1.439481
1.886767
-1.273732
-0.283794
-2.548243
0.454719
1.551191
2.051684
-1.533776
-1.058407
-0.898833
1.886767
-2.796037
1.294990
1.990993
2.184566
-0.588003
0.773053
-2.614965
-0.588003
-0.446106
-0.569313
0.072599
-2.153873
0.651077
-0.144442
-2.267818
-1.729452
-1.605870
1.242676
-1.535097
-1.346562
0.291457
-2.925042
2.142134
-1.570796
-1.685673
-0.973620
2.070143
2.018316
-2.659929
2.739272
2.825622
-2.008588
-0.785398
-0.156602
1.377174
1.002692
0.347062
1.462526
-1.732995
-1.037088
-1.081944
-1.851634
-1.315614
-1.951303
0.463648
2.587285
-2.275290
2.976444
-1.534449
2.768605
1.190290
-1.624317
2.721396
-3.049263
2.206635
-2.315122
0.824340
-0.639770
2.174026
-1.467715
-2.274027
-1.964247
2.102520
-1.434394
1.903416
1.856848
2.042574
0.488852
1.345520
2.421039
1.183273
2.494201
2.723368
-1.739393
2.297439
-1.851634
-1.683524
0.372988
-1.183921
3.010277
-2.999696
-0.744325
3.124051
-2.042256
2.441700
-1.735945
-2.287808
-2.440333
0.697391
2.343208
-1.843805
-0.772412
1.623379
2.034444
1.282741
-0.813169
1.954614
0.017855
1.801887
-2.782822
0.582739
-0.463648
0.558599
-2.289626
-0.609163
1.176005
-2.077895
0.039196
-2.819842
2.158799
0.327739
1.849096
1.063698
-0.302885
2.138901
-2.482283
-2.003204
2.292988
-2.636302
0.000000
1.134169
-1.999060
-1.856848
-2.253988
-0.200954
2.920764
3.141593
-3.123076
0.393451
-0.304992
-2.910502
-1.099019
-2.527823
-0.814801
-2.579095
-2.702733
0.868539
1.549966
-0.772412
-1.024630
-2.865787
-2.789548
0.072599
-3.088072
-3.120762
1.124691
-2.582993
1.841743
1.924794
0.189199
-2.877104
2.604308
0.813169
-0.593003
-0.079830
-2.408778
-2.026570
-1.778293
-1.886767
-2.004378
-2.613518
1.715609
-2.476818
-2.426501
2.746802
-2.775845
-0.211093
-2.558516
-2.624898
0.550386
0.825377
-0.655696
-1.411445
-1.875789
1.933943
0.373727
-1.659846
2.711830
1.020410
2.837592
0.000000
2.933127
2.576443
2.457298
-2.302193
1.232473
1.455920
-0.019228
-2.958482
-3.121595
3.123413
-3.105894
2.304957
-1.163540
1.965587
-1.876675
-1.630724
-2.976444
-2.434978
-1.481747
-0.603230
-1.297137
-0.939106
2.487022
1.019141
2.370278
-2.424581
1.453688
0.982794
-0.639770
-0.037718
-0.966491
-2.466852
-0.866302
-1.625288
2.472550
2.754069
1.065506
2.506566
-1.687905
-0.463648
-2.905347
-0.583077
-0.222661
-0.178093
-2.868584
-1.815775
2.127396
1.961403
-3.045734
-2.686142
1.815775
-0.823355
0.746457
-3.049263
2.239839
-2.538363
-0.572460
1.115696
0.428264
-0.770474
2.944197
-2.131483
-1.683524
1.626295
3.057049
-0.955176
