-1.801887
2.936951
2.498092
1.335251
0.578524
-1.811331
3.123737
-2.263131
0.533708
1.202447
-2.356194
2.853537
-2.284887
-1.366155
0.158655
2.819842
0.072599
2.996780
0.839400
-2.916316
-0.966491
-1.305979
0.993604
0.502090
-2.434978
0.690446
-1.772113
-3.105894
-2.829551
-2.048142
-3.013269
-1.425984
1.405648
1.292497
-1.205049
2.515331
0.216550
1.512041
-0.513252
0.886179
-2.178598
-0.812419
-0.348771
2.343537
-1.610775
2.117585
-2.342111
1.843805
-2.296026
1.180189
-2.343208
0.463648
-0.159913
-2.214297
-2.163224
-0.496423
0.454719
-1.941688
-1.464061
-3.010277
-2.637966
2.853537
1.533078
-0.824340
1.570796
-2.049149
-2.205179
-2.612346
2.466852
-1.602036
0.035699
3.109346
2.624898
-1.998745
1.208252
-2.669815
-2.446854
0.853785
-2.308611
-1.768192
0.667666
-1.932000
2.819842
0.220829
0.665969
-1.892547
-0.438859
0.137066
-2.808348
-1.699707
1.807042
0.627308
-1.203622
-2.629203
-2.408778
-1.892547
1.975688
-2.885076
-2.700842
-2.271293
-0.540420
2.068913
-1.685673
-2.230425
1.163165
-1.287002
-0.133811
0.830144
1.815775
1.310194
2.868584
1.642104
-2.012389
-1.800701
-1.609239
2.153536
-0.193622
-1.486253
2.568152
2.059649
1.672143
3.088072
-2.677945
0.904827
-0.692334
-2.564400
-1.061725
0.099669
-0.463648
2.694750
-1.703348
-0.831876
-1.756144
1.892547
-1.231504
2.277704
1.843805
-2.065930
1.354246
-0.597758
3.124051
0.485622
-0.510488
-2.979394
-2.291350
-2.561590
-0.070061
-2.872425
-0.830144
-1.951303
-2.059649
-0.298499
0.896055
0.499347
-0.677128
-0.534395
0.868539
0.391700
-2.356194
0.337456
0.992894
-2.179960
0.536911
2.158799
-2.233223
0.117109
2.063633
2.303611
-2.695487
-2.107707
-1.712693
1.943784
-0.945311
2.210884
2.860755
-1.186979
1.443824
-2.888517
-2.543174
-0.400241
0.225277
1.138389
1.707863
-1.173168
1.933341
1.492525
2.079867
0.463648
-1.791290
-0.785398
2.303611
-0.961633
2.848406
-1.148791
2.204429
0.647047
0.121842
0.352044
-2.780389
0.627308
-0.254368
-2.000559
-0.480175
-3.123076
2.288118
-2.779048
-0.809784
-1.168142
-1.183921
1.768192
-2.235899
-1.243396
2.441700
-0.749269
2.636012
0.228103
1.267911
-1.570796
-0.952652
2.395136
-0.363147
2.071464
2.390664
-2.291069
1.743657
-0.285118
2.399645
2.863293
1.997424
1.866237
1.136126
0.020405
1.789465
0.572460
-0.236245
2.242759
3.022164
1.570796
-2.993743
2.582993
1.026964
0.043451
-0.266252
-1.099019
-0.773634
-0.503626
1.282741
2.310073
-0.994421
-0.785398
2.629203
2.042256
0.124355
-1.114724
0.060532
1.668523
1.853351
-2.879879
-2.601173
0.406971
0.039196
1.898535
0.759763
0.785398
0.229232
1.989021
3.032931
1.334551
0.304001
-2.131156
-0.868539
-2.572279
0.811034
-0.369906
-0.269167
-1.664273
-0.860525
-0.021736
2.444571
-0.019228
-3.049263
0.856706
-1.948327
-1.008875
1.005312
1.570796
1.980234
2.896614
2.568152
-2.381830
-1.090621
0.818353
2.744513
2.383215
-0.363147
2.455863
2.814192
-0.222661
0.772741
2.604308
2.472550
-0.333945
-0.955176
-2.686142
-2.214297
2.164546
1.904041
-2.429235
0.953041
-1.422947
-1.851634
0.773053
2.210884
-0.810393
-2.501505
-1.710236
2.100043
-2.477546
-3.059808
0.054491
1.107149
-1.720609
1.467715
-2.532429
-3.102397
-0.631079
0.141897
0.729277
2.019520
3.055598
1.513168
-1.163826
2.412315
-1.533776
2.253113
-2.768605
-2.019520
3.067654
1.552941
1.130045
-0.081452
-2.558516
-1.373401
-1.533078
-2.713644
0.124355
2.909489
0.472122
-1.533078
-2.401618
-0.463648
1.046877
2.406153
-0.078271
1.925502
1.273732
2.299114
-3.103150
-1.626295
-2.725154
-0.065125
1.904041
-3.105894
-1.539556
2.984991
2.034444
3.041924
2.302193
-0.019228
-2.527823
-0.683191
-1.071450
-0.882651
1.512041
0.943167
0.304992
-1.063698
-2.863293
2.154169
2.343849
3.106519
2.987648
0.549374
2.381189
0.799096
2.407432
-1.292497
-0.394791
2.329174
0.826471
0.310998
-1.553557
0.019228
-0.939106
0.496423
0.597758
-1.352127
-3.049263
1.234829
-2.416363
-2.174026
0.328120
-0.614663
-2.976444
1.225241
1.772113
-0.982794
0.563316
1.735945
2.381189
1.226578
-2.378918
1.267911
-2.984991
-1.313473
1.735945
3.067654
2.224432
-2.838708
2.253113
-2.098871
-2.738681
1.107149
-0.873775
-1.650626
2.684748
-2.677945
1.223735
-0.327400
0.236245
0.374841
-1.428899
1.800028
0.697021
-1.405648
-0.018516
0.244979
0.165149
1.753907
2.819842
2.383965
-2.234842
1.017115
-0.244979
-1.420984
-1.402590
2.329885
-1.989021
-2.267818
2.586597
3.017238
-0.657889
2.227871
-2.370686
2.296026
-1.386472
0.068856
-1.335251
-2.018941
2.627141
-1.904041
-1.476735
-0.032247
-2.068619
-0.339293
1.294990
-1.992216
3.009041
-0.220494
-2.790148
2.950408
1.312544
-1.115696
-1.690225
-3.124051
1.130954
2.930499
-0.851966
1.957672
2.863293
-1.273732
-2.616009
1.942505
1.965587
-0.240171
2.174026
0.771315
2.148698
2.320066
-1.335251
1.200890
0.682317
-1.552617
0.117109
-1.515298
-0.387524
0.339293
1.504228
2.997438
1.147127
-2.534988
-2.955106
2.432966
2.521343
-2.277411
-1.038292
1.892547
2.255413
-1.057544
-1.317122
1.495467
2.694750
0.339293
2.284887
2.129396
1.983207
1.695151
1.423718
1.798899
0.084544
-2.754069
-1.067170
-1.085569
0.864182
2.089942
-2.343537
-2.288118
-0.694738
0.000000
3.077166
-2.007423
2.330559
-2.803269
-2.063633
-0.588003
-1.012197
-1.496857
0.937163
2.805954
-1.492525
-2.532429
-1.056345
-0.962994
1.703348
1.075663
-1.284745
-1.824470
-1.376837
1.761981
2.152701
2.999696
-0.288055
1.139658
1.994465
-1.184914
-0.931410
-0.252554
0.394791
2.489724
-0.987720
3.049263
-2.417845
2.686142
0.240846
-2.064738
0.565484
-1.532354
-3.006821
1.658292
0.570040
1.570796
-1.157466
-3.122727
2.050971
-1.921111
-2.356194
1.467715
1.381597
0.945311
2.587285
1.962496
-0.139440
3.110353
-2.416363
3.002153
2.466852
-2.764683
2.392323
2.263131
0.886502
1.312544
-2.819842
1.794273
-1.156289
-1.123954
-1.683524
-1.779819
-2.442400
0.191184
-2.042256
-2.686142
1.922241
-0.081452
-2.274027
2.194819
-2.918932
-0.073939
-2.729182
-1.423718
1.297788
2.344147
0.564084
-1.589313
1.504228
1.858852
3.141593
3.011189
-0.688145
-0.845566
-2.725154
3.014620
0.997356
0.581905
1.789465
2.831205
-2.284887
0.618428
-1.508378
-2.721713
0.211093
2.873682
1.811331
0.197396
2.089942
-0.735440
-2.016097
0.068076
-2.648756
3.109346
0.283794
-1.978052
0.064427
-1.042722
1.692991
-0.089050
-0.798384
-3.041924
-0.552841
0.954499
0.273009
-0.912908
2.300696
-0.139096
0.492486
2.487022
0.908067
0.588003
1.415201
1.198729
1.978052
-1.724741
0.710271
2.395136
-0.159352
2.302193
-2.444571
3.123413
2.318238
1.178456
-2.132718
1.605265
0.714091
-0.440751
-0.032247
-0.646758
-2.329174
0.908370
1.915015
0.866302
-1.476735
-2.041963
-0.471460
-1.149377
-0.876058
2.819842
-2.294544
-2.432966
-1.973117
2.456975
2.966000
