-0.750149
1.480412
-0.355567
-1.356061
0.365879
-0.130665
0.993194
-0.517880
1.601992
-0.599314
-0.093748
-0.439695
-0.628240
1.184109
-0.590074
0.112732
-0.915151
-0.137133
0.182658
0.346633
0.337937
0.342312
-0.707460
-0.113791
0.497176
0.271200
-0.355522
-0.111671
-0.133648
1.241282
-1.542365
-0.786646
-0.483112
0.576285
0.092821
-0.473749
-0.160913
-0.047999
1.158822
1.075564
-1.042336
-0.300306
-0.087984
1.452622
1.332390
1.269107
0.242289
-1.611882
-0.539903
-0.171931
-0.320488
0.482552
-0.441371
0.276573
0.251350
-0.149065
1.419590
0.268087
-2.240681
0.330020
-0.766399
0.133901
0.250422
2.353289
1.023277
-0.795120
0.377949
-0.306774
-2.165646
-0.173393
0.451470
-0.639718
0.937025
0.420551
1.051052
-0.189294
-0.790234
-0.327446
-0.508051
0.106304
-0.456430
1.178165
1.224690
-0.733738
-0.617312
0.065210
-1.269574
-0.701539
-0.555025
0.764445
0.152568
0.336960
-0.395623
-0.213148
-0.881117
1.010786
-0.875821
0.562696
1.286664
-0.376693
-1.469238
-1.927342
0.158909
0.099224
0.457437
-0.278634
1.229890
-0.194568
-0.455874
1.265453
-0.654764
0.412413
0.105794
-0.153367
0.426690
0.328484
-0.475405
-0.125736
1.643189
-0.766747
-0.230095
-0.496637
0.208745
0.421454
-0.880086
-0.348432
1.169277
-2.111345
-0.334512
-0.366036
-0.299661
0.144763
0.276210
-0.320005
0.187878
-0.500656
0.435462
-0.458733
-0.123152
-0.797944
0.132992
0.250383
-1.208127
-0.809051
0.468574
-0.900680
0.474597
-1.641911
1.143855
-0.117559
0.954848
-0.208007
0.957654
-0.352177
0.278416
-0.417322
-1.579364
-0.486780
-0.204176
-0.744599
0.398412
-0.800844
-0.306989
1.487656
1.133857
-0.695569
-0.062249
0.046205
-0.517026
-0.095572
-0.505971
-0.123427
-0.422420
-0.022598
-0.524844
-0.348038
-0.506329
-0.394738
-0.802396
-0.696380
0.395188
-0.506458
-0.308694
0.017738
1.357339
-0.098003
-2.293129
1.187352
0.227159
-0.175012
-0.303088
0.306919
1.092746
0.341508
-0.579376
-0.737147
0.287636
-0.592268
-0.946755
-0.092519
-0.673994
-0.516166
-1.643365
-0.047227
-0.805785
-0.587077
0.450736
0.726724
-0.600012
0.218684
-0.401962
1.252258
-0.485260
1.241976
0.489634
0.529486
-0.284047
-1.709364
-0.184010
-0.573940
-0.401572
1.274722
1.336784
1.168124
1.132375
0.234057
0.172870
-0.546954
-0.445394
0.147122
0.478055
0.350603
-0.383994
-1.087166
-0.655100
0.180223
0.442542
-0.542242
0.329566
1.197177
0.205696
0.335867
-1.693245
0.090996
-0.432712
-0.277001
-0.826492
-0.142853
-0.188623
0.368866
-1.934359
1.333378
1.305490
0.189139
-0.219313
-0.339773
-1.952388
0.351763
0.239737
0.141529
-0.603137
0.314690
-1.124464
-0.154752
0.837459
0.261434
-0.620148
-0.141089
-0.150563
0.125809
1.343367
-0.042240
1.217887
0.371191
-0.474991
-0.494773
-0.558406
0.136338
1.329674
1.319681
-0.584639
0.270137
-2.062460
-0.686749
0.523840
-0.223636
-0.939270
0.125086
-0.384930
1.263975
-0.413296
0.414828
0.218955
0.971411
1.338766
-1.411883
-0.106592
-1.604597
1.275984
-0.196543
-0.295073
-0.239980
-0.424142
-0.658911
1.052305
-0.260440
1.013194
-1.940722
0.387821
0.315539
0.360610
-0.532645
-0.072956
-0.973254
-0.556404
-0.491147
-0.359329
-1.305948
1.531389
1.151448
-0.384106
0.234461
0.418724
-0.420527
0.239609
-2.231664
0.430004
0.376623
-0.236723
0.719607
0.301202
-0.787226
0.227811
-0.704438
0.535893
-0.376482
1.220141
2.258160
-0.198618
0.283162
1.229971
0.184016
1.433906
0.396192
0.133537
0.429437
-0.615060
0.834635
-0.611111
1.348793
-0.241758
1.417557
0.529750
0.161188
-0.741392
0.406715
0.301954
-0.130447
-0.345050
-0.617743
-0.774833
-0.861962
-0.249282
1.247552
0.137433
-1.696632
-0.077527
-0.234333
-0.166436
0.487492
-0.817866
0.122226
-0.588813
0.436481
-0.487904
-0.401709
-0.521752
-0.475174
-0.412479
0.366567
1.306342
0.131644
-0.324805
-0.248194
0.202544
-0.670690
0.483221
-1.432452
1.035827
0.317234
0.080390
0.337162
-0.621732
-0.525461
-0.374517
1.268161
1.177036
-0.680274
-0.709256
1.082354
-0.089449
0.091359
-0.577262
0.450689
-0.248947
-0.269176
0.031093
0.721693
0.480130
0.208224
0.481439
0.993854
-1.652520
1.067004
-0.227024
-0.477837
-0.683393
0.312088
-0.339044
-0.575108
-1.641821
-2.173940
1.342445
0.451534
-0.394326
1.254516
0.322649
-0.590567
-0.546194
-0.035440
-0.055205
0.422246
-0.548337
0.307813
0.322362
0.469128
-0.106240
0.214537
-0.945623
-0.628263
1.152288
-1.784490
-0.693309
-0.376124
0.059727
2.277602
0.358886
0.030175
0.082214
-0.277322
-0.748496
0.472434
-0.067766
-0.017679
0.347506
0.803783
-0.246874
-1.277309
1.170651
0.089963
-0.213890
-0.045520
0.196450
0.319654
-0.143188
0.483670
-0.425252
-0.684371
-0.358079
0.026931
0.139206
-0.048170
-0.778386
1.157022
-1.587832
-0.700076
-0.508124
0.398770
-0.686801
1.215521
-0.696296
1.300045
1.407922
-0.899852
-0.435164
-0.352877
-0.556392
-0.300771
0.652846
-0.368432
-0.350670
-0.181081
-0.111706
0.213976
-0.761477
-1.963995
1.185209
-0.094839
0.424509
1.127013
-0.585714
0.001952
0.037444
-0.152320
-0.012687
-0.247609
-2.001139
0.148589
0.104203
-1.224099
0.292607
-0.145528
0.061675
-0.414839
0.281497
0.435813
0.252619
-1.269748
-0.136571
1.455255
-0.485945
0.856407
-0.106870
-0.590825
0.225358
0.309031
0.382632
-0.670725
-0.673870
-0.606570
-0.455621
-0.408416
-0.557994
-0.002756
1.300563
-0.216036
0.439390
1.406443
-0.797150
-0.495818
0.458219
0.268105
-0.599518
1.199337
-0.988772
0.439743
-0.258803
0.170167
1.039556
-0.397794
-1.596053
1.117738
1.052964
-0.668752
-1.737770
-1.592676
-0.330453
1.598529
0.274320
-0.453032
-0.605134
-0.658455
-0.793480
1.178143
0.400309
-0.587281
-0.281722
-0.272853
-0.179140
-0.289479
0.498402
1.283195
0.506084
0.710489
-0.102825
-0.209892
0.183139
0.180464
1.131717
0.373894
-0.409896
-0.426710
1.044299
-1.229046
0.786054
0.275471
0.315281
0.872381
0.350951
0.334274
0.372378
0.180777
-0.850892
-0.597133
1.049728
-0.187995
0.970023
-2.411399
-0.644130
0.092488
0.268710
0.442459
-1.696617
-0.290810
-0.348958
0.092691
-0.372596
-0.197951
1.292114
-0.590183
-0.758717
-0.244514
0.179088
-0.265438
-0.472695
-0.274525
-0.051435
1.198473
-0.426671
-0.737768
0.457198
0.133841
0.964226
-0.394050
1.598674
1.356086
-0.462350
0.118412
0.645194
-0.581280
0.468246
-0.683783
0.978738
-0.771675
-0.330142
-0.623688
-0.528142
1.025907
0.437978
-0.598346
-0.498978
1.393965
0.823680
-0.169742
0.269631
-0.640785
0.852589
0.486095
-0.406775
-0.100449
-1.719264
0.090255
0.347086
0.843243
0.417326
-1.599760
-0.536675
1.440577
-0.230476
-0.627619
-0.772742
0.182911
-0.691093
-0.091783
-1.370873
0.330680
-1.331881
0.509130
-0.380009
-0.543545
-0.265239
-0.888791
-0.442358
-0.657593
-0.469488
0.239239
-0.329639
-0.524481
-0.454680
-0.531882
-0.027518
0.370215
1.631669
-0.458562
1.195672
-1.566595
0.977906
-0.370307
0.236702
-1.614511
