-0.896055
1.724741
-1.686556
-2.256526
-1.159340
-2.302483
-2.060754
1.279340
1.355439
-1.165905
2.835714
-1.401695
-0.640356
0.692642
-1.117458
-2.089942
-0.920375
-2.111216
-2.034444
-0.251003
1.955954
-2.710900
-1.672485
-2.904744
-1.212026
-2.476490
2.828691
-1.301629
1.945130
-1.141618
0.134321
-1.725115
2.197539
-2.299114
1.073454
2.859821
2.980830
-0.841942
2.625362
1.750650
1.658804
1.886011
0.173671
-1.539556
-0.612538
-1.389147
-0.127510
0.316286
-0.223477
-3.110353
1.348714
-1.689286
-0.165149
-2.782822
2.667741
-0.888480
-0.982794
-0.785398
-2.761086
1.397551
-1.620755
1.299849
0.197396
-1.992216
-0.283096
-2.863293
-1.611590
-1.588338
-2.731465
-1.212026
1.937970
-1.926432
-3.085049
2.701750
0.936774
1.719686
1.695151
-1.773118
1.536327
-0.592187
3.034857
2.116451
0.018516
-0.665103
-1.308676
-1.425984
1.815775
0.333244
2.493261
2.922924
-2.826378
-0.844154
-0.551655
-2.426501
-2.055274
1.471128
2.265535
2.108383
-1.991460
1.695151
-2.080389
-2.249459
-2.553590
2.259721
0.298499
-0.849825
0.987720
2.187988
2.450256
-0.803578
1.707863
2.736701
2.144237
0.651869
1.901892
2.618314
1.176005
0.694738
-2.961739
1.947706
-0.680521
-2.238102
-2.992703
1.100156
1.446441
-1.216091
2.626520
2.053310
-2.498092
-2.165556
1.821799
-0.581380
-1.892547
1.249046
1.198729
-0.785398
-0.315616
0.165149
0.864597
-1.073454
-1.390943
-0.934958
-1.087349
-2.774419
-2.356194
1.819506
2.085248
0.593350
-0.097253
3.119374
-0.685730
-2.813854
0.258771
0.647047
1.349482
-0.086738
2.374374
-0.911990
1.786881
-1.768192
0.156602
-1.393200
2.466852
-1.169568
-1.073828
-2.626520
-1.030377
2.022249
-0.773053
0.588003
2.896614
-1.292497
-2.677945
3.055598
2.521343
-1.315614
-0.147078
-0.118490
-0.540420
-1.670465
-1.249046
-1.728565
-0.226799
2.954613
0.543478
-2.379446
1.902856
1.971037
2.417343
-2.356194
0.452778
0.654083
-3.025833
-2.992703
-1.602036
1.378096
0.439843
0.068856
-2.455863
-1.030377
1.093451
1.063698
-1.806341
1.474323
-2.880990
0.544864
-0.122195
1.678486
2.186416
-1.299849
-0.145310
0.132552
-0.288055
-3.054854
-1.601090
-1.781890
-0.513252
-1.783735
-0.976037
2.785957
-2.580429
2.684748
2.119346
-1.352127
-0.706199
-1.341564
0.530773
0.298499
-1.955401
-1.024007
2.471471
-0.674741
-2.933127
0.904827
0.602287
2.025516
-1.397125
1.955954
-0.817645
3.076467
0.540420
2.961739
0.938047
-3.026716
2.480549
-2.374374
2.383215
-0.958644
1.792878
2.206635
-0.456072
2.271651
2.620158
-1.679458
-2.498092
-2.256526
0.078784
-0.027771
0.237836
1.795507
0.115759
-2.733444
1.127348
-2.487957
-0.667306
-1.480136
-2.786887
1.120135
3.082837
3.022164
-2.798569
-3.073516
2.907849
0.836202
-2.514284
2.143762
2.089942
-2.466852
-2.706922
-1.297137
-2.560212
0.700496
1.589313
-2.756988
2.953371
-2.135366
-0.718830
-0.152649
-3.003587
-1.249046
-0.314232
0.463648
0.071307
1.538549
-1.165905
0.000000
0.060532
-1.145964
-1.397551
-0.024385
-1.865031
-1.136843
-2.317752
-2.262718
0.872894
1.199905
1.695151
0.144442
0.358771
0.360837
2.331809
-1.931633
1.649580
0.418224
1.667270
2.570255
1.190290
0.725230
-2.944197
-1.318242
-2.643770
-0.124355
2.877629
1.503103
1.748392
0.102207
-1.194835
1.129617
-1.815775
1.997424
1.907471
0.643501
1.194835
-2.613518
-0.505290
-1.808632
-1.570796
-2.191046
-2.356194
-1.232918
1.539556
2.294544
1.198729
-1.937970
-0.099669
0.121352
2.663240
1.698306
2.553590
2.440738
0.000000
-0.202322
-1.839964
-1.913820
2.259721
-1.661456
0.846546
-1.471128
-0.510488
0.612152
1.335251
1.735945
-1.160669
-2.736701
-1.409421
-3.030935
-1.161888
2.229602
-1.235158
0.329624
0.132552
-1.383367
-1.546411
2.891150
-1.723446
-1.318242
-0.573441
-2.152701
-2.015216
-0.594759
-1.800028
-2.553590
-0.671144
2.521343
2.505754
-2.459276
-0.229904
-1.763497
-2.284887
-0.818719
1.785612
-1.012197
-2.122451
2.142134
0.708626
1.821239
0.581380
-2.115660
-2.949545
2.227871
-0.150371
-0.211093
0.237836
2.166995
1.281821
-1.216091
0.147849
2.356194
-2.772259
-2.233999
-2.694750
-1.837048
-0.049958
1.368475
-2.066348
0.750929
2.973697
-0.746956
-2.605781
-1.892547
-2.179486
-2.245537
-1.547545
-2.181522
-1.640451
0.815692
-1.091277
-2.913096
1.222025
0.401871
1.797595
0.504166
-2.098871
-1.692148
-0.068076
-2.296026
-2.638749
1.999574
1.241747
-3.012682
2.424581
1.492012
-1.436985
-2.833540
2.507210
1.150133
0.275806
-0.401871
-0.369334
-1.388628
-2.986596
-2.207867
-0.516695
-2.968347
0.000000
0.697903
-1.142018
0.183943
-2.484518
3.109346
2.089942
-1.377585
2.832662
-3.061763
1.006227
-1.596432
3.033903
-0.725230
-2.578276
0.400241
3.041924
-2.872425
-0.463648
-2.021458
0.973038
1.397551
2.193996
2.501236
-0.255182
2.586597
0.799890
-2.391894
3.084512
0.173246
-2.767866
3.141593
-1.071450
2.712815
-1.343997
-2.089942
-1.908675
-0.899652
-2.896614
2.699218
-0.657889
-1.969319
0.422005
1.432790
-2.669815
-1.026516
2.593043
-1.025932
2.838708
-1.667270
2.534605
-2.491722
1.547545
-2.379446
2.772897
1.645656
1.997424
-2.713644
-3.118869
-2.561590
-2.896614
-1.835285
0.618428
2.087828
-3.003587
-1.254227
2.622447
-2.183334
0.899652
-3.096169
-2.162983
-2.744513
2.294544
-1.951303
-0.165149
-2.850136
0.000000
1.673878
-0.963809
-1.494024
-0.831876
-2.055274
0.572966
1.379612
-3.082837
-1.338239
-1.951303
0.960070
2.424271
-2.220667
2.956245
-1.296629
-0.734594
-1.099336
-0.152649
2.805954
-0.421419
-1.321209
1.900421
1.513716
-0.554996
-1.001483
-1.570796
-1.475845
1.570796
0.785398
-2.631104
3.141593
-0.509592
-0.594759
1.292497
-0.816638
2.158799
2.464206
-2.073640
-1.220751
-0.273009
2.493261
-2.054243
2.470449
-2.412738
0.472497
0.411456
0.463648
-2.616009
0.824340
-0.710909
-1.022247
-2.605781
0.071307
0.192701
3.003587
2.611377
0.354706
-0.080904
-0.936774
-2.245537
-0.974597
2.306236
-0.859887
0.532504
2.322499
-2.553590
1.214577
-1.501142
-2.734622
-2.601173
-1.457645
2.221218
2.736701
-2.295046
1.997424
2.980218
0.664774
-1.624317
-1.194835
2.597312
2.102520
0.900275
-0.583636
-2.954613
2.863293
-0.797162
2.416727
-1.992216
-2.432966
0.610726
3.104573
2.308611
2.891150
-1.640451
-2.813039
0.927295
1.033210
0.581905
-2.819842
-2.903757
2.446854
2.199593
1.288241
-1.165905
0.588003
-1.477320
2.356194
-1.762844
0.124355
-1.959115
2.658146
-0.677386
-0.975386
-3.030935
3.121595
0.358771
0.969723
-1.648763
0.604599
2.530867
1.592070
2.356194
2.709185
2.970214
-1.647568
-1.140104
-1.686556
1.418147
1.897623
3.054097
1.256564
-0.281772
0.798384
0.671144
-0.769006
1.764418
3.141593
1.170556
-1.186627
-0.256151
-2.712414
-0.854255
1.224257
-1.062067
-2.627141
-1.051650
2.606638
0.841942
3.050933
-0.428778
2.403778
1.862253
0.350314
2.446854
2.024640
-0.671963
-1.026516
-2.395136
-2.775536
