-1.157107
1.862253
-0.799482
-0.141897
-1.551568
1.528269
-0.076772
-0.293589
-2.914794
-2.804918
-1.413028
2.718739
-2.530867
-2.514284
2.249459
-0.228497
0.601074
-2.852617
2.179486
1.661456
1.331053
-1.352127
-1.501142
2.170847
-0.165149
-2.668686
0.239743
0.856706
0.298499
1.527345
2.553590
-2.507570
1.919567
-2.540519
-2.191046
-2.566168
-0.768451
0.770015
1.932000
1.377585
-1.342300
1.242243
0.801790
0.177596
2.480549
-2.819842
1.107149
-2.339803
1.071450
-0.568525
-2.547843
0.226799
-1.480136
-1.679067
-1.136843
1.217806
0.737815
-1.304544
1.528269
-2.405335
-2.214297
0.815692
-1.054566
-2.772897
-2.420621
-2.470449
0.183943
-0.593350
-1.061204
1.892547
-1.570796
3.075024
-2.936951
1.410034
-1.609992
0.718830
-1.892547
2.119346
1.794273
3.068552
3.070285
1.815775
-1.025932
-1.286066
0.218669
-2.016097
0.532844
-1.899349
-1.126377
-1.397551
0.816638
-0.321751
2.658146
1.929567
1.505671
-2.255091
1.457645
0.270947
0.519146
2.593043
-2.142134
1.042722
-2.340323
1.921524
-2.256526
-1.759018
-1.286066
1.262744
-1.452306
-0.663203
-0.600050
1.706324
-2.756988
-0.565149
-2.414950
-0.922985
-2.951604
-0.121352
2.139321
-0.223477
0.625485
-3.118869
-0.581380
-2.106608
0.588003
2.003204
0.483447
0.819867
-1.325818
2.993743
-1.981861
-1.900421
-0.380506
-1.524318
-0.493941
-2.825977
1.544487
-2.976444
-1.061204
-0.251690
0.595410
2.205823
-2.196281
-2.142134
1.088283
1.129617
1.354246
-2.757423
-2.529055
-2.227871
-2.875341
-0.043451
1.242676
2.948381
1.037952
1.128422
2.830594
-0.453339
-1.975688
-1.242676
-0.193211
1.026516
-2.806856
-2.841421
-0.556599
3.120319
-2.131483
2.965653
1.665748
0.620249
-2.688254
-1.425486
0.447520
-1.989021
-2.466852
-2.642246
-1.457645
0.390607
1.876675
-1.936544
0.544280
1.168926
-2.311448
2.073640
-0.610726
2.526930
-0.785398
-3.077849
-0.839890
-0.436627
-0.244979
-2.808348
-2.792822
3.064821
0.710909
-2.493781
0.108271
-2.241940
0.817645
3.064821
-3.120319
1.546411
1.443287
-2.476818
1.135443
-2.622447
1.449444
0.961633
-1.383817
1.570796
2.422763
-2.164546
1.946757
0.740652
-2.885441
2.498092
1.616220
2.521343
0.352990
1.529154
-2.743070
-1.425486
1.821239
-1.723446
-2.034444
1.901094
0.097253
-2.749893
0.000000
-1.273732
-0.706199
0.188222
2.089942
0.042528
-1.297788
0.536435
-2.317752
1.097890
-0.179853
-2.782822
-0.750929
2.122451
0.996491
-2.922924
2.071810
1.759018
0.205395
-2.245537
1.508378
-0.135528
2.601173
-2.659079
1.386853
-2.856862
-1.046001
0.321751
1.226149
-0.687671
0.652847
0.770015
2.761086
1.864385
-2.571552
0.110657
1.942864
2.920278
0.097253
2.011976
2.044648
-2.325901
1.441094
1.570796
3.099950
-2.270689
-1.692148
-0.226799
-1.530818
-0.899652
-1.526381
-1.899349
1.892547
-2.388441
2.446854
-1.661456
0.118490
-0.801270
1.975688
-0.694738
2.928654
-1.085174
2.297439
-3.033903
2.587285
2.410686
-0.141897
-0.740652
-1.135443
-0.407632
2.056418
-1.002272
-2.805954
1.194306
2.540519
2.299114
-0.864597
0.000000
2.289626
-3.101614
-2.761086
1.799293
1.478040
-2.265535
2.677945
-0.401871
1.346085
-0.065125
-2.205823
0.995372
0.620249
-1.593520
1.401695
1.870967
-2.957649
-0.069655
2.873226
2.198105
-2.201198
-0.769526
2.930499
3.141593
2.805954
-0.356220
0.000000
-2.126963
-1.570796
0.558599
0.982794
-2.863293
2.668686
2.987274
1.096945
-1.799293
2.165010
-2.146221
2.625362
-1.638873
0.293589
-0.940395
1.647568
1.611590
-2.135946
-0.048742
1.076855
-1.612439
-2.474287
0.291457
-2.654693
0.859337
-0.960070
1.232918
0.026310
-1.227772
-2.399645
0.688924
1.921524
-0.295441
-2.469986
2.886410
0.628796
-1.190290
0.413689
-0.876058
2.736701
-1.796073
2.507570
-2.257921
-1.768192
2.988943
-0.638914
2.902983
-1.256039
0.388319
0.887605
-0.099669
-1.593015
1.821239
-3.028442
-2.963500
-2.697173
1.227772
-2.158799
-0.511231
2.092631
1.972667
1.855527
0.708626
0.936774
2.466852
-1.592532
-1.337053
-2.279423
-1.398606
-1.614247
-0.443448
-0.570040
1.776192
-2.871743
0.000000
-0.270947
1.937970
-2.231839
3.099950
-0.999459
0.308053
0.355636
-1.026516
2.709185
-2.455863
2.356194
1.441094
2.139321
-3.092851
0.256151
-1.441094
2.547379
-2.704965
2.398423
2.322873
0.472907
-2.218608
-0.375961
1.754740
2.827361
2.475623
2.547843
-0.188222
-2.687749
0.092756
0.178093
-2.460294
-0.266252
-1.441094
0.953605
2.502679
-2.287338
0.228497
1.663553
-0.708626
-2.493781
-2.752276
2.340811
-1.425486
2.976444
1.157107
-1.570796
1.457645
0.244979
-1.729452
-1.742987
-2.043703
-0.491164
2.299651
2.691833
2.582993
-2.455863
3.141593
-0.221314
1.718646
-2.668686
-0.577192
0.443448
-2.187988
-0.463648
-0.638914
1.570796
-0.869942
-1.776192
-0.994421
-2.523837
1.020410
0.814801
-2.757423
1.449444
2.310073
-3.050933
-1.965587
0.710909
-0.119429
-0.045423
-2.129396
-2.553590
-3.009041
1.000756
1.262744
2.493261
-2.111216
2.866167
2.700413
-0.435353
-0.043451
0.443448
0.380506
-1.535097
0.117109
0.522403
-2.588751
2.253113
-1.118018
0.694738
1.529154
-2.630362
-0.667306
-3.011890
2.588298
0.321751
0.380506
-2.356194
3.017238
-1.140104
-0.982794
-1.249046
1.419781
0.435353
0.643501
-2.539305
1.678486
-2.313966
-2.913096
-0.255182
2.428532
-0.283794
-2.387434
-0.270947
0.652847
-2.470449
-2.813039
1.450173
-0.189199
-2.063282
0.595410
1.078987
1.270625
1.428899
-0.372068
-2.752276
-3.091634
2.589938
1.531601
0.370891
-0.588003
1.386853
1.336074
1.234122
-0.463648
1.469107
2.743070
-2.619758
-1.972667
2.025098
2.484518
0.844154
-0.341615
-1.768192
-2.341270
1.007480
0.909753
-1.272297
-0.558599
0.819867
-0.753151
-2.125104
-1.005647
3.122364
2.804918
0.885067
-1.958320
0.699893
0.623199
0.197396
2.125104
0.876058
-2.914794
-1.061204
0.936774
1.613324
-1.295886
3.075024
-1.382575
0.614663
2.430683
1.378096
0.658806
-2.489724
-1.906435
2.165010
2.638749
-2.940276
0.697903
2.886410
-2.906870
1.692148
-1.892547
1.927016
1.522054
-2.589938
2.493781
3.075024
-2.790865
-2.852089
2.064738
0.831519
-0.814801
2.761086
2.118359
2.658146
-1.085174
-0.343024
-1.098299
2.209710
1.343997
-0.244979
1.138389
-0.493941
-1.002272
-0.022219
0.753151
-2.459276
3.024484
-2.922924
-1.719686
-0.819867
1.892547
1.224257
-1.051650
2.987274
-0.179853
-0.994421
-1.642104
2.034444
-0.754158
0.965252
-0.548549
0.785398
1.570796
-2.432966
-2.236766
-2.514284
-0.982794
0.045423
2.084402
0.643501
2.677945
0.801270
0.000000
-0.380506
0.700854
-1.446441
1.354711
-2.356194
-0.754158
3.097177
-2.289626
0.785398
-1.697769
0.688924
2.706239
0.836202
-2.749893
-1.033886
-2.812543
-1.659452
-2.896614
2.776391
-1.735945
1.869295
1.373401
-1.518213
1.892547
1.614247
2.315122
-2.317752
2.338652
0.416065
-0.173246
-3.009041
-0.422854
2.625362
-1.917858
2.659079
2.444202
