-0.844154
8.158493
-0.428778
0.218669
-1.026516
1.681454
-6.175495
0.081452
3.419892
-2.627987
-1.276562
3.103875
-2.061960
-8.557595
2.322873
-0.152649
7.092969
-2.619758
2.446854
8.147571
7.656586
-1.219352
-1.127348
2.642246
-6.056386
-2.218608
7.116167
7.462282
7.052712
2.152701
2.723368
-2.235571
1.862253
-2.034444
-1.860300
-2.459276
6.027034
1.732171
2.187093
1.653938
-1.054566
7.646485
7.317546
0.472907
2.805954
-2.356194
7.441571
-2.034444
1.398606
-0.281232
-2.087027
0.574305
-7.688833
-1.570796
-1.051650
1.390943
7.107026
-1.165905
1.744042
-2.259721
4.275762
7.250232
-0.900275
-2.700413
-2.066348
-2.084402
6.841785
-0.260602
-0.869942
2.402316
-1.037952
9.700204
-2.619189
1.772559
-1.468590
6.946388
-8.111305
2.241940
1.965587
-2.632522
9.557329
2.083186
-0.703614
-1.194835
0.499347
-7.905219
7.182838
-1.821799
-1.066630
-1.048962
7.322258
-6.463039
8.994085
2.308611
7.905219
-2.284887
8.019130
6.987679
6.879384
3.075024
-1.828120
7.699663
-2.124091
2.287808
-1.838707
-7.593379
-1.190290
7.736873
-7.560393
-0.244979
5.843343
1.719686
-2.422763
6.150634
-2.372586
-0.931882
-2.819842
0.487836
2.587285
0.085505
7.421574
-2.612003
5.686986
-8.089527
7.168252
2.293776
0.886502
1.168926
-1.319106
15.633103
-8.109164
-1.837048
-0.183943
-1.002272
-0.113792
-2.619189
8.251610
3.546484
-0.726642
0.065125
7.578556
2.745151
-2.098871
-2.086345
1.356736
1.377585
8.010584
-2.422763
-2.060754
-1.959115
3.557085
0.223477
1.768192
9.424778
1.337053
7.832246
9.307669
5.916011
-8.075296
-0.888480
0.029403
7.630505
3.559817
-2.701750
5.804833
-2.709185
-2.151553
3.062809
7.906565
7.133010
-2.657115
-1.117458
6.787351
-1.809406
-2.320495
-2.532903
-1.424784
7.129732
2.146221
-8.092591
6.957926
1.240499
-2.151553
2.253113
-0.367174
3.011890
-0.453339
3.441764
-0.356220
-0.150371
-0.129703
-2.723368
-2.566168
9.472361
7.125127
-2.466852
0.608689
-1.975688
7.190779
-3.194176
3.493637
8.317629
8.290609
-1.892547
1.462526
3.756256
1.665748
7.250232
-0.868539
7.899405
2.427502
-1.757776
2.059130
6.988753
-2.819842
2.756988
1.951303
2.593043
6.989384
7.907983
-2.326791
-1.107149
8.086539
-1.490966
-1.884417
2.516957
6.746833
-2.730528
-6.227687
-1.071450
-0.256151
0.186979
2.542417
0.027020
-1.039072
7.099823
-1.936544
7.390334
-0.134321
-2.466852
-0.612538
2.589938
7.464665
-2.435394
2.106608
8.317629
0.321751
-1.986288
1.960113
0.088656
9.203464
-2.322873
7.777210
-2.677945
-0.671606
6.669068
1.155304
-0.260602
7.051041
7.289412
3.056691
2.291768
-2.450256
6.844349
2.223643
3.023103
0.512389
2.420621
2.466852
-1.975688
7.853982
2.004750
3.338988
-2.191046
-1.419781
-0.000000
-1.014630
-0.540420
-1.249046
-8.167602
2.057696
-2.060754
2.699218
-7.897433
6.490682
-0.691337
2.124091
6.172528
9.674757
-0.740652
2.508844
-2.772897
2.677945
2.391894
-0.055499
-0.606988
-1.004067
0.027020
2.293776
-0.887087
-2.736701
-4.972991
2.873682
2.585426
-0.594214
0.314232
2.743070
9.474736
-2.609869
2.308611
8.074810
-8.032075
9.140984
0.046478
7.751775
0.078784
-1.955401
7.273979
6.838679
-7.828987
7.853982
8.209618
-2.649107
6.476397
9.466421
8.572812
-2.064738
-0.424832
15.688358
-2.819842
9.149868
-6.549437
0.328553
-8.070067
-1.435269
7.196907
7.591862
-2.446854
2.972491
3.351232
1.314645
-1.598567
2.219792
-8.093213
2.856862
-7.828987
7.039180
-0.536911
8.188718
8.222678
-8.197006
0.165149
7.285457
-1.484058
-2.427502
6.895723
-2.281706
1.186192
-0.785398
1.729452
0.365747
-0.922985
4.068888
1.135443
2.605157
-0.321751
-1.975688
9.275888
7.400643
-1.194835
6.841785
-0.563316
2.819842
-1.410034
2.516108
4.202797
-1.664273
3.197091
-0.540420
9.445183
-1.097440
0.921801
1.055247
0.404892
-1.240499
8.212752
-2.594030
-2.634494
-2.356194
8.284674
-8.108350
-0.329624
2.236766
2.173084
2.170847
6.915934
1.283515
2.983824
-1.457004
-1.063698
-1.867342
-1.054566
-7.964639
-0.346539
5.945307
2.021458
-2.478390
-5.989596
-0.021736
2.022950
-2.208345
-3.141593
-0.726642
0.244979
6.977924
-0.655696
3.185044
-2.063282
2.539305
7.743324
2.219792
-2.931953
0.426627
-7.635313
2.873226
-2.677945
9.397007
2.582993
7.259222
-2.219128
-0.181649
2.005467
9.469193
2.606638
2.665897
0.000000
-2.712815
0.160763
6.549437
-2.339803
-0.000000
-1.414194
7.553810
2.582993
-2.073640
0.321751
2.034444
5.522173
-2.089942
-2.340323
2.450256
-1.124691
9.217282
1.410034
-1.480136
1.912412
6.782532
-1.618379
-1.650626
-1.869295
-0.390607
2.697173
-2.677945
3.179311
-2.137526
-2.624898
0.124355
2.201198
-2.701750
-0.489957
6.723028
-8.120234
-0.193211
-0.687671
1.519559
-0.453339
-7.906565
-0.803578
-2.251318
1.839163
7.068583
-2.586099
2.121182
2.718739
-2.909036
-1.789465
7.313562
0.104877
-6.227687
4.113970
-2.560836
-2.594030
7.604003
1.249046
2.627987
-1.870967
15.685745
2.931953
0.054002
0.408149
7.164182
0.404892
-1.453688
0.388319
0.476467
3.891292
2.553590
-0.785398
7.410533
8.328992
-2.000559
-0.472907
3.243799
2.697173
0.755995
6.711963
-2.129396
9.424778
-0.755995
-1.044730
-0.965252
7.906565
7.239319
7.440292
3.990734
2.121182
-2.276365
-2.769525
-0.218669
2.568627
0.145310
-2.003204
0.218669
7.246994
-2.443690
-2.668237
8.169196
-0.137066
-8.077458
7.206170
1.478040
1.529154
8.046682
6.058474
-2.626044
-2.765102
9.235579
1.828120
6.890173
-0.124355
1.676781
1.463106
1.432157
-0.221314
7.999994
9.120267
-2.455863
-7.975824
2.463473
8.902375
7.088189
-0.312901
-1.385448
-2.176341
7.390334
0.896055
-0.798731
-0.113792
7.625485
-0.617191
-1.735945
-0.612538
-3.010765
15.411417
7.367082
-8.166883
7.123075
7.309701
-6.004886
2.271651
7.503254
-2.729182
-0.617756
1.289024
1.773842
-0.799890
3.422825
-1.373401
6.795575
2.577023
7.795226
7.525428
-2.079867
-8.056303
2.502207
9.029987
-2.896614
6.984040
9.424778
-2.518922
2.125104
-1.570796
2.147989
1.716809
-2.463473
2.514850
-2.775845
-2.573068
-2.739722
2.253113
0.944053
-0.768451
9.089139
2.417343
2.665897
-0.724866
0.228497
-0.982794
2.241318
7.893177
-0.045423
7.532231
-0.226799
-0.827627
6.309495
1.135443
-2.256526
3.376315
-2.910502
-7.695326
-0.547562
2.281706
7.897433
-1.169568
15.756705
6.206413
-0.523919
-1.405648
2.411693
-0.697903
7.239319
-0.420663
0.939717
1.934775
-2.422763
-8.399637
-2.546833
-0.610726
0.231091
2.307054
7.085531
2.804918
7.087449
0.321751
5.930195
7.248437
-1.299849
1.615212
-1.886011
-0.711459
9.472361
-1.915444
7.525862
-7.853982
7.401203
9.103027
7.698387
-2.634494
-0.504861
-2.135946
-1.432790
-2.877629
2.952394
-7.897433
2.291768
1.718646
-0.502843
8.317629
8.002872
2.732685
-1.980924
2.794531
6.638821
0.157769
-2.509902
-0.000000
3.005190
-1.883698
2.736701
2.582993
