-7.957774
9.338040
2.534605
-4.817266
6.878595
-1.772559
9.472361
-8.575636
7.028605
7.488780
-2.265535
2.846152
-2.199593
-1.212026
0.239743
2.934096
0.113151
3.123076
7.228497
-9.079222
-0.847817
-1.274251
7.324392
6.780528
-2.342497
0.674741
-7.853982
3.277120
-2.879473
-8.347923
-9.252587
-1.239700
1.373401
7.609003
-1.172274
2.466852
0.300920
1.735945
-0.499347
7.243256
-2.147172
-0.753151
-0.234723
2.301703
-1.438245
2.183334
-2.152701
2.093200
-8.415145
7.553810
-2.268187
7.054092
-0.207496
-2.238102
4.059542
5.880864
6.871188
-1.840645
-1.424784
-9.316507
-2.485897
2.835714
1.791625
-0.724866
1.686556
-8.286389
-8.512788
-2.667193
2.517570
-7.853982
6.480581
-3.194176
2.753274
-1.921524
-5.003846
-2.573068
-2.227871
7.103053
4.006821
-8.159861
0.724250
-1.732995
9.236556
0.268366
0.678119
-1.665748
5.914489
0.179853
-2.755710
-7.915130
8.120234
7.068583
-1.198729
-2.595938
-2.267818
-1.803353
1.978945
-2.863293
-2.451793
-2.185459
-0.418224
2.158799
-1.505316
-2.287338
1.325818
-1.242243
-0.048742
7.239319
1.876675
1.206817
2.871743
1.719686
-1.828120
-7.935434
-7.875717
2.218188
-0.183943
-1.473543
2.677945
2.073640
1.718646
3.117207
-2.634494
7.248437
-0.881872
-2.403778
-0.935770
-6.235602
5.932457
2.782822
-8.042203
-0.837981
-7.923636
1.779262
-1.222025
2.305391
8.310587
-8.308284
1.484058
-0.555494
9.397007
0.560687
-0.519146
-2.949545
-2.325901
-2.339247
-0.025635
-2.819842
-0.667306
-8.297430
-8.399637
-0.218669
7.175862
6.857490
-0.685730
5.801522
0.989416
0.600050
-2.252095
0.341615
7.367082
-8.354995
0.575425
2.340811
-8.606059
0.228497
2.045196
2.446854
-2.746802
-8.290609
-8.019130
2.025098
-7.259768
2.307054
2.850136
-1.090621
7.930754
-2.845047
-2.460294
-6.589064
0.251690
-5.083280
1.778293
-1.022247
2.057696
1.506369
2.070143
6.891875
-8.046682
-0.648332
2.419401
-0.785398
2.860360
-1.020943
2.126290
6.953707
0.161375
0.418224
-2.553590
0.681298
-0.186487
-1.925502
-0.260602
15.787793
2.568627
-2.788602
-0.703614
-0.997830
-1.147942
8.068042
-8.539711
-1.091883
2.612003
-0.764993
2.649107
0.085505
1.347320
4.797291
-0.658806
2.539305
-0.408149
2.233526
2.425051
-2.268187
1.732171
5.986639
2.632000
15.475406
2.126963
8.351324
7.349120
6.504500
1.984486
0.740652
-0.232557
2.328424
3.141593
1.518213
3.392036
2.607884
7.358430
0.350728
-0.212938
-1.128422
5.497787
-6.721522
1.367751
2.536048
-0.932477
-0.694738
2.697173
2.083186
0.141897
-1.048962
-0.055499
1.858078
8.159861
-2.909036
-2.625362
0.439843
-0.048742
1.995628
7.142523
7.127339
0.270947
1.900421
9.401526
1.405648
0.388319
-2.064738
-0.746956
-2.601173
0.768451
5.999391
-0.211093
-7.973411
-0.785398
6.454564
2.389515
-0.000000
9.530762
7.129732
-8.142957
-1.054566
7.358430
7.925289
2.034444
2.959424
2.573068
-2.412738
-1.096945
-5.481915
9.006554
2.408778
-0.120624
8.829368
9.153831
6.168309
7.037344
2.748535
2.563068
6.141288
-7.521922
-2.537287
-2.338015
2.282255
2.089942
-2.375060
7.400138
-1.281821
-8.098960
7.155322
2.188552
-0.800782
-2.439336
-7.922058
2.297439
-2.478390
-2.999696
0.094952
7.525428
-1.657535
1.594601
-2.494545
9.579097
5.585282
0.114877
6.997276
2.187988
9.272129
1.524318
-1.128422
2.446854
4.872302
-4.113214
-2.688254
-2.059130
9.467305
7.881752
1.129617
-0.154997
-2.356194
-1.264917
-1.440393
-2.688254
0.124355
2.982937
0.477345
-7.724279
-8.727387
-0.452154
7.451661
2.489724
0.023252
2.034444
7.627183
2.425051
9.650055
-1.457645
-2.726101
0.088656
1.934775
3.089010
-1.475845
3.056087
2.265535
3.141593
2.435394
0.026310
-2.388441
-0.785398
-0.970746
-1.022247
7.930754
-5.154763
0.337878
-1.127348
3.605240
2.129396
2.356194
-3.141593
3.070285
6.847755
2.420621
7.101904
2.494201
-1.325818
-0.315215
2.460294
0.818719
0.367174
-7.743324
6.382854
-0.822418
6.946388
7.006165
-1.348714
3.338988
7.473475
-2.373142
-8.368433
6.856151
-0.365747
-2.963996
1.264917
1.849096
-0.865228
0.504861
1.815775
2.536048
7.532231
-2.410686
7.514689
-2.848004
-1.263751
1.789465
15.883903
2.378413
-2.780389
2.191046
-2.061960
-2.697173
7.408681
-0.800782
-1.549523
2.677945
-2.619758
1.402199
5.930195
0.321751
-5.862522
-7.785905
1.841743
6.991812
-1.396124
0.068076
0.380506
6.523356
8.111305
3.009041
2.484518
-8.339604
7.227239
-0.165149
-1.460139
-1.342300
2.372066
-1.975688
-2.255091
2.649783
3.241261
-0.606988
2.410686
-2.270689
2.388441
-7.726472
0.134321
-1.212026
-2.003204
2.743070
-8.201043
-1.256039
-0.049958
-1.919567
-0.328120
7.562525
4.430617
9.446051
6.052095
-2.804918
2.969402
1.332187
-1.002272
-1.507053
9.477361
7.538011
3.067654
-0.752077
1.997424
2.953371
-1.194306
-2.609869
1.935998
2.051684
-0.133811
2.209710
0.785398
2.188552
2.393215
-1.212026
1.373401
6.932181
-7.814003
0.183943
-1.473069
5.878294
0.385883
7.853982
9.196281
1.259798
3.819712
-2.903757
2.523837
2.601173
-2.263438
-1.076855
1.940130
2.258468
-1.075245
-1.236059
1.649580
2.860360
0.472907
2.252095
2.199593
2.191046
1.712693
7.718454
1.784857
0.130827
-2.640579
-0.966491
-1.061204
7.233732
2.208345
-2.422763
-2.245537
-0.519146
-6.388062
3.141593
4.382765
2.386488
-2.811295
-2.126290
-0.532844
-0.931882
-7.656586
7.204986
2.944197
-7.826211
-2.466852
-1.194835
-0.947597
1.821239
7.380626
-1.206817
-8.140033
-1.319794
1.784857
2.333471
-3.141593
-0.212938
7.468824
2.010639
-1.107149
-0.922985
-0.214061
0.537285
2.730528
-0.893088
15.685745
-2.219792
-3.648691
0.177596
-1.983207
6.830748
-7.717579
3.360262
1.754740
7.052712
7.903940
-1.142018
15.751414
1.978945
-8.145438
-2.339803
7.801399
1.433730
7.304128
2.745151
8.340881
-0.093477
3.141593
-2.356194
9.339876
2.521343
3.578220
2.487510
2.327631
1.075245
7.591862
-2.855541
1.999574
-1.061725
-1.059566
-1.548578
-1.784857
-2.430134
0.388319
-8.317629
-2.582993
2.034444
0.023252
-2.183334
2.236766
-2.848406
-0.088656
-2.636731
-1.298650
1.492012
2.412738
0.493941
-7.833576
7.853982
8.109164
3.192830
3.064821
5.577617
-0.885067
3.532200
9.520637
7.289412
0.651869
1.922241
9.135803
-2.403778
0.630401
-7.763322
-2.677945
0.099669
2.956245
1.915444
0.218669
2.183334
-0.643501
-1.972667
0.294730
-2.666582
3.252250
0.453844
-8.182535
-0.049958
-0.885067
1.687905
-0.042528
-0.718830
3.443212
5.727019
7.309118
0.294235
-0.755104
2.498092
0.024995
6.917208
2.646041
7.168252
6.994644
1.475845
7.757508
2.158799
-1.650626
7.116167
2.627987
-0.000000
2.371119
-2.325901
9.494839
2.393215
1.249046
-2.185459
8.019130
0.663203
-0.394791
0.000000
-0.556166
-2.214297
7.183460
2.119346
7.283941
-7.681791
-1.958320
-0.433953
-1.082462
-0.805003
15.349193
-2.181522
-2.369892
-1.881184
2.530867
2.984991
