-0.163492
2.158101
-0.125427
1.770475
-1.342442
3.519487
0.433426
2.328384
1.973372
-0.238789
-0.871412
-3.048531
0.633378
0.829950
-0.041402
0.000539
0.239962
0.655889
-2.982018
-0.331702
0.155372
-0.265762
-0.015899
2.191981
-1.016608
0.257255
2.160132
3.141750
0.604913
-1.147645
-0.064521
0.062413
2.125128
0.051960
-0.344761
2.608484
-0.187352
-0.024915
-0.283099
2.795681
-0.288590
2.000262
0.817085
0.584277
2.279830
0.386662
-0.031277
0.889001
-0.237691
-0.678368
1.322516
-0.423150
0.787884
1.222575
-0.300540
-0.147567
-0.192729
-1.615130
0.598608
-0.480689
-0.172943
2.597620
2.572478
0.608795
3.257930
1.893600
-2.058450
-0.100172
-0.282515
-2.293157
1.946715
0.127841
-0.191670
-0.082623
-0.325416
-0.417727
2.541986
0.841858
3.322042
-0.935213
3.215075
1.911709
-0.235348
0.996716
-0.097340
-0.089207
-0.504543
0.743297
-0.393982
-0.903708
1.504969
-0.200396
-2.105902
-0.955139
-0.345055
2.357501
1.481631
0.931952
-0.391191
2.265349
-3.079986
-0.325843
-0.435938
-0.168530
2.428891
-0.246645
2.821890
-0.399268
-0.431437
0.179329
3.474844
-0.299893
-0.504115
5.060114
0.727904
0.649658
-0.350012
1.299745
1.935521
0.039253
0.122686
-0.306984
2.489505
0.502768
0.423005
-1.788273
0.807867
-0.230348
0.416679
-0.406746
-0.239055
-0.111555
-3.058909
2.655312
2.351565
-0.153912
1.278829
3.879731
2.771431
-0.162585
-0.845151
0.053679
-0.012524
-0.296936
-0.234276
0.606484
-3.165812
2.825042
-0.104196
2.167618
-1.041008
-0.354350
-0.320161
0.217713
0.099368
-0.079367
-0.455857
-0.141157
2.455332
0.780786
-0.182426
-0.024116
-0.348861
-0.156877
-0.844943
3.056775
3.417449
2.315027
0.746430
2.526048
2.227602
0.475899
-1.382818
0.034294
3.053988
-0.223065
-1.136561
-0.138358
-0.016144
-2.555143
-0.257028
-0.182830
-0.129670
2.521414
1.197300
2.901407
1.759168
2.665257
3.708236
-1.263156
2.334279
2.479897
-0.231481
3.397016
0.708370
-0.208772
2.499850
-1.821659
-0.312487
-0.007759
1.615775
2.419841
1.650218
2.581757
0.367770
2.423268
0.653566
2.467711
-0.143489
-0.250251
-0.042410
-0.075588
-0.626411
-0.279047
0.631765
-0.085404
-0.385701
-2.882319
-0.158073
2.620888
-0.487256
1.343555
-0.356618
-0.225117
2.406672
0.377216
2.619261
3.190947
-0.151984
0.046470
1.068169
-0.141203
0.497979
2.388218
2.686891
-0.199270
0.607606
-0.359350
-0.136018
-0.788639
2.481193
0.938015
2.382140
-0.138991
0.663572
-0.344444
3.068254
0.524924
-0.407105
0.024502
0.341871
-0.424084
0.134334
-0.026432
3.189525
-0.118462
0.023497
0.000236
-0.156285
2.376700
-0.179119
-0.332841
2.387131
0.183977
-0.044352
-3.015061
0.202808
2.386835
3.663306
0.041718
-0.224210
2.506791
-0.573152
2.594748
2.836830
0.479076
-0.273280
-1.008084
0.494209
0.259572
-0.329043
3.170207
2.311728
-0.303426
-0.901586
1.080939
-0.221566
-0.268316
3.894894
-0.197871
-0.122483
2.390873
-0.074012
2.181373
-2.964210
0.514840
-0.533887
-0.102767
-0.147707
-0.026834
-3.110745
-0.066583
-0.462826
-0.335352
2.422415
-0.334012
2.255586
0.708006
2.461778
-1.143825
-0.490136
0.961339
-0.388836
2.335767
0.698050
2.772381
2.411073
0.224320
-1.192264
0.430154
1.225931
0.167706
-0.170835
1.165191
-0.313389
-0.138133
-0.020918
-0.373961
-3.088709
-0.433570
1.041696
0.439185
2.362424
-0.333475
-2.642731
1.177930
-0.243705
-2.836743
-0.279494
-0.213189
1.473309
2.639805
-0.256135
2.657783
0.031797
2.717388
3.055802
-0.267996
-0.339113
-0.458749
-1.677659
-0.047619
-3.191287
0.465954
-0.222525
-2.918515
2.575030
-0.183093
0.615568
0.969625
1.868002
1.688575
-1.897208
-0.265132
-0.120612
-0.124055
-0.016321
-0.333157
-0.313429
2.404286
0.391434
0.487156
-2.963057
-0.833132
0.249118
1.813197
0.285151
-0.438010
-2.990261
-0.063422
-2.968639
-0.339453
-0.156144
-0.288928
3.686309
3.053239
-0.064528
-0.042366
-0.386496
-0.054838
0.853837
-0.192949
-0.444427
4.024947
1.039237
2.355622
2.558795
-0.453840
-0.368986
-0.215873
-0.051083
1.612493
2.498039
3.583677
-0.309102
0.305128
2.670620
-0.337054
3.681461
-0.397417
-0.089433
-2.777899
-0.137265
-0.400692
-3.047961
2.743156
3.021076
-0.256530
-0.018431
-1.655284
-2.993412
-0.288673
-0.169990
-0.191579
-0.131256
2.458315
0.622987
-0.442424
2.687802
-0.138012
-0.326154
-0.269472
-0.385326
-3.034929
-0.068007
2.491115
-0.386472
-0.307958
-0.351152
-0.378039
2.900330
-0.170392
-0.105206
-0.494608
3.873992
-0.398925
2.989911
2.490873
2.436290
-0.001782
1.520016
3.765904
0.116556
2.448666
-1.800843
2.483077
-0.072626
-0.162807
-0.398145
0.905594
2.283039
-2.439986
0.153399
-0.235277
-2.012158
-0.749682
-0.756471
-3.050693
-0.363058
0.603652
-0.688967
-1.335186
2.909145
1.760344
0.872301
-0.448339
-0.489582
1.094231
-0.132169
-1.912850
0.109923
-0.310691
-1.966290
-0.241434
-0.129268
2.101765
-0.135667
-0.949966
-0.335134
-1.581884
-3.047927
-0.161573
3.536719
-0.803219
-2.980440
-0.369629
2.964747
-0.072018
3.398574
-0.045359
-0.277077
-0.126721
-2.206599
0.669917
2.794790
-0.259814
-0.379196
-0.495328
0.283386
2.519791
-1.687250
3.685177
-0.353260
4.088554
-0.141957
-2.990462
2.545649
-0.428218
1.905440
0.662720
-0.441266
-0.456184
2.475463
-0.334680
1.856826
3.486982
0.172842
-0.024251
1.783314
3.723925
-0.038300
1.303660
-0.054271
-0.230541
1.056342
-2.972073
2.385536
0.805129
2.292007
-0.083649
-0.205990
2.286641
2.621288
2.880796
1.038219
3.334658
-0.154764
3.148018
-0.307965
-0.796015
-0.192044
0.176456
-0.482146
2.732327
0.080835
0.649540
-3.124362
-0.125580
-0.411721
-0.297902
-0.010482
1.780111
-0.127885
-0.005214
1.013032
0.116010
-0.222704
1.366411
-2.967169
0.930970
0.216986
-0.140543
-0.282338
-0.376246
-0.442200
0.124811
3.075465
2.418142
2.928982
2.130443
-0.023949
-0.066335
-0.419180
-0.160224
-2.222790
-0.019063
2.455695
-1.935950
-0.035972
-0.162774
-0.303474
-0.015632
0.850870
2.805463
1.266035
1.168041
-0.246693
2.487781
-0.071295
3.761727
0.116504
-0.023666
0.232189
-0.362277
-2.832627
-0.135335
-0.666610
2.445856
-2.345928
-0.073043
-0.224826
-0.191716
2.410669
0.399670
2.524057
-0.538193
0.496056
-0.199427
-0.283639
3.145078
0.660361
3.570894
1.613367
0.101409
-2.922950
-0.324806
-0.207246
3.454006
2.433564
0.931581
-0.617032
-0.306489
-0.406544
1.587828
0.038729
2.620904
-0.788753
3.543932
-3.005511
0.283919
-3.026627
-0.887736
-1.585583
-0.084423
-0.595763
-0.353019
0.058289
2.369200
-4.020757
-2.902608
1.228550
-0.113203
-0.154882
-0.305133
3.452614
-0.198630
-0.096478
-0.238049
-0.464704
4.392638
-0.153456
4.875565
-0.001002
2.821303
2.507716
0.097538
1.527525
2.034824
0.062496
-0.290668
0.057951
3.035717
-0.219437
-0.426420
1.233099
3.516642
-0.310460
3.369005
2.477555
-0.488872
-0.137621
3.560579
-0.455248
0.875596
1.815592
-0.379385
0.045210
-0.018206
-0.172867
0.387240
