-0.199939
-0.150531
-0.316621
3.312279
-1.227045
-0.211636
-0.343495
-0.112728
-1.180335
-0.066398
0.244266
3.067735
0.697727
1.056875
2.497092
3.025196
2.268388
-0.402499
2.151177
2.648495
-0.300090
-0.089666
0.726746
-2.991551
-0.404308
2.474784
1.219618
3.528412
0.296976
0.970292
1.226740
2.441764
0.954223
-2.215486
-0.200012
3.749415
-2.931277
-0.370906
-0.398658
-0.234490
1.885443
0.401679
0.354060
-0.397388
2.429818
0.396167
2.413004
1.858201
-0.141407
1.210709
-0.171391
-3.052496
0.688410
2.382807
1.239712
-0.121877
2.131472
-0.192164
-3.448019
2.916706
-0.006454
-2.821744
0.642599
-0.061103
-0.208040
-0.140267
-0.398102
3.211120
-1.918182
-0.590588
3.103741
0.743524
3.764425
-2.921695
-2.857049
-0.401447
0.566578
0.509272
0.287054
-0.114110
-0.101346
-0.278397
2.302285
0.237643
-0.239930
2.422621
-0.456647
2.498792
0.212976
-1.366923
2.387290
-0.795096
0.029437
-0.226643
1.287901
2.591566
-0.897140
-0.197029
-0.548749
-0.099560
3.810337
-0.331565
0.596717
-0.330131
0.178639
-0.231305
0.709989
2.528139
-0.022620
2.163514
1.016376
0.612993
-2.400486
-0.439633
-0.364687
-1.408194
-0.458375
0.929505
-0.768133
-0.277062
-0.417563
-0.359291
2.504907
0.611554
3.814447
0.635820
-0.005529
0.514249
0.060561
0.662990
0.001390
-0.400037
0.369906
0.385996
-0.081804
0.086713
0.252893
0.124337
-0.438396
-0.379684
1.429972
-0.155985
0.942901
-0.042988
0.214214
-0.782652
-0.415595
0.397888
-2.333242
0.388699
0.743412
-0.177293
-0.439041
2.526756
0.490538
-0.163179
-0.139702
-0.381832
1.753433
2.506211
0.792558
-0.475982
-0.668605
-0.315256
0.759505
-0.307884
2.584774
-0.426470
2.677930
0.676913
1.303134
3.371480
0.778813
0.429993
-0.239977
-0.462749
-3.290048
-0.229112
-0.452637
0.147268
2.732552
0.062062
-0.205938
3.318642
1.037297
0.879795
2.405591
0.892781
-3.024345
2.433913
-0.425832
1.152553
2.471798
0.989224
-0.401774
-0.679745
-0.189016
-2.098482
1.418786
-0.373469
1.063722
-0.607824
3.524551
-0.549590
0.855150
-3.052346
1.549962
5.058048
-0.297834
-0.395979
-0.341353
2.987823
1.072638
0.176690
2.328007
2.679830
1.666945
-0.375364
-0.157613
-0.169673
-2.238470
-0.306222
0.782020
-0.262741
-0.798065
0.663117
1.082212
0.662997
-0.227933
-0.670317
3.338752
-2.857897
2.575801
-3.169051
2.352672
-0.037306
-0.343480
-0.226299
-3.012107
0.269420
0.038207
3.310497
-0.421051
-0.334192
2.343043
-0.358216
-0.422321
1.117140
2.542808
-0.201834
-0.171585
-0.186624
-0.300432
-1.723668
-0.737058
-0.349600
0.685926
-0.320684
3.524551
-0.187234
-0.002114
0.487461
3.550429
1.340250
0.116506
-0.188071
-0.359167
3.945335
2.602532
-0.309139
-0.044985
-0.170989
1.474253
-0.150611
0.492431
-0.723350
-0.227143
-0.444662
-0.569777
-0.223442
0.908529
0.900156
-0.323722
-2.319264
-0.332355
2.918562
2.928962
-0.438276
-0.159179
-0.094403
2.502953
-0.430591
0.179561
-0.465352
0.740362
0.028838
3.241798
2.509865
-0.289961
-0.035218
-1.710399
-3.007227
-0.267858
-0.269284
-0.359335
3.627999
-0.218591
-2.889686
0.212656
-0.247938
-0.494246
-0.271542
2.565483
1.575115
-0.751979
0.584639
0.146848
0.294582
0.265350
0.518217
-0.009188
2.433212
1.839714
-0.418047
1.081833
-1.924781
0.386475
0.863952
-0.417618
2.378998
-0.059971
-0.293598
2.555381
-0.453682
1.991490
-0.360518
-0.313800
0.276943
-1.669798
-1.615109
0.385046
2.581064
2.384435
3.219303
0.127626
-0.530615
-0.227685
-0.139369
0.240680
-0.177004
-0.131507
-0.404891
2.391911
-0.086251
-0.086137
-0.359434
0.788654
-2.638259
2.442538
-0.295596
0.444376
1.814322
3.919776
3.512131
-0.018797
-0.172202
0.667760
-0.316167
3.082687
-0.195223
-0.468135
-0.241145
-0.103801
-0.318710
-0.392885
2.423886
2.586017
-1.552563
0.126494
0.911170
2.613416
2.657283
-0.258013
-0.156477
-0.194440
0.330086
2.689735
-0.285586
0.468135
0.422143
-2.074005
1.187648
1.104682
0.031595
-0.191591
-0.137643
-0.273687
0.591192
3.293735
2.143195
-0.158675
-0.358748
0.785540
-0.328793
-0.140202
0.562530
-0.324803
3.716911
-2.694457
-0.403472
-0.449821
-0.441618
2.382869
-0.228250
-0.444214
0.308522
-0.329360
-0.283094
-0.403427
2.436409
0.450032
3.359949
3.167908
-0.143397
2.396653
3.301996
3.356843
-0.394755
4.040023
-0.172279
-1.801292
-3.014348
-0.133923
0.853723
-3.694168
0.547925
1.794973
-0.021323
3.063938
0.096558
0.230665
0.673990
0.200919
0.974705
0.445290
-0.138661
-0.533251
0.870507
-0.427939
0.035562
1.415180
-0.309427
-0.512074
0.448819
3.112190
-0.681959
-2.071304
0.242340
-0.099111
-0.467179
2.439896
0.362675
-1.320174
1.364097
0.338402
-0.266151
-0.094006
2.635631
0.334289
-0.419090
2.570960
-0.094804
0.152683
0.121470
2.528288
2.562869
0.474882
-0.222775
0.225179
-0.161215
2.735337
-0.369724
-0.129978
-0.137864
-0.278577
3.259467
-0.252147
0.833838
-0.270133
-0.485321
2.328130
3.583564
3.861968
-1.528983
0.053325
-1.417245
1.240513
-0.819660
0.498957
2.237906
-3.373862
-0.418998
0.456750
-0.526341
3.894106
0.367117
-0.144062
-0.113634
-1.849035
2.563680
0.155412
2.293109
2.500299
-2.479952
0.348839
0.351858
0.524754
-0.041155
-0.301997
-2.912834
-0.228140
-2.018852
-0.010980
-0.364020
3.366041
0.553327
0.078667
3.075923
3.230603
0.130508
0.698333
0.085391
-0.275522
-0.114396
2.660240
-0.114780
3.741885
-0.071587
3.440386
-1.565964
-0.414269
-2.924502
-0.082764
-0.310335
-0.226779
-0.094823
-1.927844
-0.487530
-0.284811
1.665781
-0.127977
-2.782633
-0.178440
-3.129497
-0.161979
-0.312176
-1.102017
-0.461394
2.863423
-0.346437
-0.342924
0.042456
2.556868
-2.928348
0.531439
3.290643
0.308640
-0.259809
-0.057506
-0.323236
0.183299
-0.240578
3.760897
2.843175
3.839700
0.004813
0.780029
1.021424
0.461363
-0.134040
1.041227
-0.175209
-0.295874
2.487692
0.555335
1.349619
-0.164116
2.415158
2.240215
1.324776
-3.011140
-0.372919
-0.172801
-0.169817
0.058894
-2.974274
0.049688
-0.185872
0.105228
-0.068963
-0.168040
2.389677
-0.062550
-3.084731
-0.132975
0.455461
2.518650
4.104086
0.544261
-0.425362
3.624840
-0.338521
0.614711
2.504660
-0.088474
-0.049920
0.881263
1.363724
0.203439
-0.314033
-0.318704
-1.369485
-0.311686
-0.286065
0.470883
2.878462
-0.070783
0.294100
0.053867
0.647115
-0.252794
-3.017840
-0.174621
-0.305464
-0.341899
-1.814556
1.029933
-1.599436
0.146119
3.454192
1.564171
-0.235175
-0.210846
0.094395
-0.089734
-0.069546
-0.444893
-1.301107
-2.429620
-0.472906
-0.300523
3.740973
-0.467399
0.319068
0.407128
-0.273287
-0.388516
-0.218773
-1.807748
1.029019
2.156826
-0.270425
0.919818
2.336504
2.234912
0.324237
0.004248
-0.459662
2.423403
-0.146578
3.023061
3.097917
-0.335092
2.470621
-0.272901
-0.254045
2.300228
3.591914
-0.230104
0.257541
-1.348893
3.366873
0.042724
0.400028
0.735296
-0.411780
-0.084625
-0.444133
0.028886
-0.196518
