-0.523009
-0.486570
2.552026
-0.328805
0.024604
0.038428
-0.218254
-0.191801
2.368199
-0.189729
2.588052
2.391161
2.420458
-0.324700
-0.403855
-0.518104
-2.959145
0.047779
-0.242680
-0.765665
2.520576
2.593635
-0.170343
-2.995653
3.125358
2.373275
-2.889370
-0.136471
-0.345677
-0.245782
2.620031
2.390946
2.422652
0.025675
-0.387533
-0.139544
0.040230
-0.115588
-0.157702
-0.358058
-0.457385
-0.087931
0.060862
-3.008127
0.548896
-0.188328
2.430257
-0.135644
2.542087
-0.244663
-0.504450
2.588523
0.628183
-3.119147
-0.039736
0.102812
0.398001
-2.800494
2.680857
-0.063040
-0.444352
-0.138206
0.081988
-0.294295
-0.229325
-0.260799
2.451576
-2.952121
-0.218562
2.369285
-0.151641
2.512690
3.354913
-0.410868
-0.211087
0.139802
0.191755
-0.225649
-0.038325
-0.499739
-0.130705
2.581617
-0.491081
-0.379647
-0.008749
2.523043
-0.199780
-0.321359
2.504885
2.343999
-0.211767
-0.298719
2.735121
2.026979
2.618693
-0.371304
-0.358575
0.233046
0.401436
2.275486
-0.091435
-0.115037
-0.268611
-0.230033
2.462757
-0.286414
1.550309
-3.082496
-0.206199
2.406934
-0.462753
-2.765737
-0.145635
-0.385491
-0.293367
-0.284599
-0.187941
-0.198438
0.239382
0.035652
0.025195
0.105421
0.226836
-0.206633
2.287000
2.504323
-0.258956
2.495630
-0.339073
-0.364966
2.348657
-0.449518
-0.424917
2.340501
0.233111
-2.422043
-0.494202
-0.175552
-0.139176
2.487442
3.134394
-0.189133
-0.254876
-0.351926
-0.303622
-0.418434
2.494373
-0.045064
2.599687
-0.022819
-0.191517
0.098906
0.040759
-0.753568
-0.337759
2.511189
-0.084387
-0.073302
-0.227322
-0.845781
-0.254296
-0.370598
0.013385
2.412346
-0.166258
-0.313661
-0.031085
-0.119168
0.094630
-2.301913
-0.043575
2.547851
-0.279749
-0.253956
-0.133093
-0.272519
-0.055396
-0.181725
2.618430
-0.265368
-0.156487
-3.107612
-0.173666
-0.235538
-0.393772
-0.116674
-0.683876
-0.145563
-0.204195
1.360514
0.074551
-0.108797
-0.266706
-0.169984
-0.266946
0.627288
0.472957
-0.168204
0.070496
1.053199
0.085840
-0.366230
-0.059158
-0.359173
-0.230895
-0.170498
-2.103458
-0.446090
-0.139607
0.149264
-0.288907
-0.082938
-0.111465
-0.133228
-2.860678
0.088926
2.926392
-0.273811
2.626086
-0.269814
-0.008598
-0.444058
-0.130935
-0.562434
-0.435510
2.487638
2.748084
-0.234939
0.234627
2.531010
-0.380847
-2.504358
-2.797772
0.188437
2.530955
-0.238506
-0.423652
-0.250550
-0.029299
-2.609317
-0.395469
0.251422
-0.171693
-0.312573
0.740232
-0.524148
0.636860
-0.401987
2.508361
-0.539139
-0.384050
-0.310720
2.977960
-0.478600
-0.159279
-0.483644
-0.621371
0.072757
-0.296831
0.001516
-0.049851
2.787426
0.139935
0.072672
-0.410094
-0.298732
-0.219346
-0.111092
-0.863155
-0.299193
-0.744628
0.151979
2.654685
-0.362670
-0.276822
2.535432
-2.977846
-0.095670
-0.030235
-2.939050
-0.782921
-0.043127
-0.002005
0.207829
-0.122084
2.428927
-0.404577
-0.334921
-0.175786
0.101469
1.235210
-0.387515
-0.363453
-2.921277
-0.393281
-0.163519
-0.234007
-0.289009
-0.563745
-0.320488
-0.099627
-0.188791
-0.118468
-0.039209
-0.183849
-0.226892
2.547018
2.449808
2.395451
0.324703
-0.149299
2.676005
-0.234737
-0.024296
-0.228771
-0.546323
-2.969487
-0.291436
-0.786307
2.516820
0.219326
-3.346707
-0.368771
-3.025866
2.524040
2.681283
-0.213816
2.617217
-0.219187
-0.424996
-0.340221
0.035726
-0.423166
-0.164581
-0.447931
3.070771
-0.384193
-1.223671
-0.276350
-0.333022
-0.138051
0.091825
-0.505154
-0.374381
0.012697
-0.188371
1.505790
2.564888
-0.028688
0.663739
-0.250823
2.323733
-2.916804
0.000931
-0.554729
0.027911
0.018959
-0.443367
-0.073195
-0.349211
-0.431467
2.631500
-0.312647
-2.887586
-0.284488
2.397482
0.124945
-0.188709
-0.230723
-0.243310
-0.239070
-0.212318
0.073011
-0.389555
-0.113084
-0.528132
-0.381555
-0.313954
2.293542
2.887055
0.111761
2.757576
-0.416253
-0.427041
0.104451
-0.109661
-0.297472
-0.301849
2.593688
-0.172658
-0.118708
-0.243977
1.447899
-0.420955
-0.209810
2.357744
-0.071713
-0.525432
0.007840
-0.391505
-0.024458
-0.362848
-2.416241
2.425685
-0.312404
-0.201698
4.228007
-0.160777
-0.027380
-0.756387
-0.277699
0.276560
2.420611
-0.086040
-0.466577
2.543740
-0.449729
2.399702
3.029343
2.385797
2.667973
-0.267374
2.686828
-0.431035
-0.328465
-0.080687
-0.313418
-0.124387
-0.067852
2.471807
-0.459598
-0.554896
2.540263
-0.793711
-0.148269
-0.255423
2.351405
2.444354
-0.411248
0.250564
-0.163351
-0.232217
-0.636767
0.544995
-0.265180
-0.049119
-0.254696
-0.455490
0.027200
1.651308
1.387127
-0.230253
-0.162574
-0.247437
-3.023374
-3.023396
-0.409335
2.475076
-0.084532
2.458379
0.624877
-0.222350
-2.982260
-0.087532
-0.101940
-0.001000
-0.140152
-0.336044
-0.266880
2.126562
-3.066139
0.208193
-0.062177
-0.471502
2.102760
-0.319450
2.596535
2.518478
-0.449784
0.226130
-0.142457
-0.057731
-0.351934
-0.182740
0.168290
0.443010
-0.288874
-0.313297
2.509818
-2.870962
-0.106818
0.006104
-0.289787
3.269995
-0.102735
-0.006604
-0.325200
-0.162533
-0.336903
-0.184113
-0.140708
-0.355900
-0.102064
-0.926643
-0.240508
2.737461
2.449967
2.375697
-2.961031
-0.107197
-0.392833
0.068420
-0.202865
-0.453401
-0.048288
2.448442
-0.187847
0.060808
-0.230225
2.536794
-0.339972
-0.123743
-0.380453
-0.195401
-0.110992
2.445283
-0.276239
0.033518
-0.207633
-0.320747
-0.367916
-0.205970
2.371861
-0.175485
-0.314062
-0.014330
-0.184918
-0.187891
2.505861
-0.277613
2.397361
-0.043765
0.016778
-0.405643
-0.186565
-0.352960
-2.682592
-0.112196
-0.251198
-0.282306
-0.286974
-0.399889
-1.160395
-0.068915
-0.407263
2.432778
0.004248
0.030250
-0.108165
-0.339258
-0.054417
-0.092018
-3.047622
-0.324437
-0.482666
2.560846
-0.141138
-0.165346
-0.062990
-0.064665
2.582145
-0.208918
-0.298681
0.036688
-0.401934
0.033087
-0.409937
-0.595553
-0.120038
2.575328
2.938908
-3.045323
-0.399545
2.314470
2.637107
2.697203
-0.518266
-0.395042
-0.596128
2.339976
-0.200668
-0.219605
-0.025761
1.791604
2.485228
2.338980
-0.198570
-0.145462
-0.247325
2.461742
2.655568
-0.112848
-0.331562
-0.123879
-2.723115
-2.951541
-0.263347
-0.482374
-0.680313
2.424175
2.448343
-0.231118
-0.123679
-0.212868
-0.140460
2.425788
0.839407
-0.270965
-0.228049
-0.127074
-0.459609
-0.109230
1.719188
0.086840
1.689224
0.154077
0.025779
2.402364
0.035289
2.507322
-0.088346
-0.426763
-0.088167
-0.148434
-0.310855
-1.964179
-0.490345
-0.168566
2.427907
2.451748
-0.942478
-1.089390
-0.220112
0.013867
-0.080608
-0.285536
-0.219540
-0.329738
-0.192648
-0.473429
2.523740
-0.325411
2.248315
-0.054341
-0.381824
-0.415702
-0.048668
-0.552885
-0.397776
2.401060
0.269657
-0.163342
2.538355
2.604846
-0.204735
-0.198827
0.002922
-0.267925
-0.108455
2.567559
0.218038
-0.096511
-0.067005
-0.053089
-0.392019
0.299266
-0.430423
0.024693
-0.566034
2.618860
-0.024592
0.052883
-0.130410
-0.163749
-0.393667
-0.364336
0.230910
-0.352056
-0.147156
2.660445
