-0.691490
1.088005
-0.300592
-1.008088
0.482149
-0.103137
0.381091
-0.499128
2.096330
-0.336264
0.095517
-0.281122
-0.370528
0.941260
-0.333988
0.160012
-0.715018
0.058242
0.090563
0.507063
-0.435383
0.440428
-0.634186
-0.490576
0.576490
0.408631
-0.063579
0.064012
0.013018
1.037707
-0.805061
-0.724683
-0.447210
0.076757
0.124559
-0.350497
-0.204658
0.039545
0.937710
0.629479
-1.123941
-0.161310
0.064034
1.313759
1.774773
1.048155
0.162509
-0.994297
-0.458791
-0.064978
-0.048338
0.577258
-0.646967
0.428733
0.398226
0.081032
1.189899
0.485861
-2.474985
0.452528
-0.841399
0.114900
0.430122
2.319173
0.639570
-0.942424
0.530249
-0.174260
-2.507008
-0.263979
0.516731
-0.404663
0.694274
0.331300
0.784621
0.084087
-0.756228
-0.071734
-0.209211
0.245484
-0.341703
0.949432
0.939106
-0.687964
-0.663606
0.066723
-0.753621
-0.608127
-0.523747
0.544149
0.278373
0.433306
-0.144765
0.071798
-0.642228
1.703287
-0.874666
0.039828
0.981235
-0.324051
-0.931463
-2.229243
0.237321
0.213288
0.523567
-0.088039
1.072024
-0.193046
-0.269397
0.951938
-0.835054
0.554129
-0.262575
-0.204878
0.607592
0.035669
-0.397841
-0.106049
1.852553
-0.549395
-0.129456
-0.420494
0.215668
0.500901
-0.906164
-0.195932
1.605918
-2.406481
-0.428931
-0.318373
-0.062268
0.374274
0.406390
-0.121469
0.583319
-0.434899
0.549458
-0.312494
0.089512
-0.672084
-0.099760
0.070402
-0.735540
-0.701322
0.600359
-1.189700
0.576505
-0.973112
0.885277
-0.045170
0.650087
-0.015960
0.578763
-0.628960
0.439012
-0.296313
-1.425937
-0.927224
-0.053626
-0.540060
0.484979
-0.706755
-0.098238
1.154497
0.829928
-0.534466
-0.066794
0.254832
-0.438111
0.052348
-0.276486
-0.174519
-0.707650
-0.066786
-0.343146
-0.208238
-0.390693
-0.128956
-0.623164
-0.607174
0.444101
-0.463360
-0.153194
0.169191
1.110927
0.009147
-2.420017
1.031627
0.433485
0.014629
-0.270605
0.048604
0.774295
0.056801
-0.645939
-0.524752
0.314701
-0.544576
-0.876683
-0.016737
-0.647455
-0.804991
-0.994513
-0.080506
-0.611399
-0.941161
0.616897
0.424035
-0.364999
0.333909
-0.439713
2.032432
-0.309737
0.962143
0.204445
0.660219
-0.118545
-1.055410
0.075506
-0.514410
-0.212547
0.947632
1.558160
0.916773
0.906705
-0.019400
0.277841
-0.282003
-0.328379
0.097734
-0.061418
0.550477
-0.178059
-1.196338
-0.640384
-0.164212
0.648659
-0.336497
0.475858
1.529797
-0.185251
0.480450
-0.966715
-0.219739
-0.497253
-0.143315
-0.790779
0.072719
-0.011002
0.515811
-2.177197
1.855398
1.052401
0.412580
-0.302064
-0.293826
-2.106561
0.497637
0.375796
0.298552
-0.360032
-0.000281
-1.181978
0.030704
1.383026
-0.063694
-0.887991
-0.167831
-0.053064
0.037921
1.062953
-0.067951
0.958971
0.126354
-0.455193
-0.399414
-0.372586
-0.251663
0.420773
1.006667
-0.440379
0.336984
-2.430093
-0.384868
0.296480
0.044663
-0.730174
0.024924
-0.316151
1.029833
-0.159501
0.467562
0.460084
0.561424
1.546470
-1.106711
-0.143119
-0.922031
1.003526
-0.191063
-0.182955
0.023983
-0.184154
-0.512169
1.378571
-0.258368
0.735485
-2.139870
0.494780
0.358663
0.443905
-0.320279
-0.029759
-0.958128
-0.757484
-0.510722
-0.248282
-0.848691
2.091446
0.835888
-0.463607
0.333728
0.216668
-0.213235
0.436880
-2.431471
0.564964
0.461724
-0.065766
0.103010
0.161352
-0.594177
0.088046
-0.537248
0.355419
-0.314013
0.937437
2.223529
-0.023500
0.500247
0.897614
0.370015
2.065557
0.520375
-0.306066
0.223861
-0.750141
0.557245
-0.433320
1.977381
-0.012808
1.744180
0.342697
-0.012686
-0.452176
0.214647
0.433198
0.138951
-0.294550
-0.419068
-0.805547
-1.013639
-0.320638
1.049892
-0.639822
-1.057203
0.106673
-0.229484
0.080483
0.473116
-0.800469
0.269277
-0.292770
0.593154
-0.295253
-0.496468
-0.296375
-0.313537
-0.576487
0.556176
1.000474
-0.017259
-0.184733
-0.169515
0.287158
-0.992580
-0.023176
-1.269007
1.335382
0.487340
0.066824
0.171369
-0.404801
-0.281736
-0.152185
0.956066
0.899541
-0.256034
-0.502474
0.781606
-0.253585
0.375344
-0.443636
0.168648
-0.262768
-0.123577
0.182979
0.413955
0.583560
0.397508
-0.013972
0.676089
-0.975493
1.486326
-0.134857
-0.537751
-0.564429
-0.478652
-0.167951
-0.361169
-1.016939
-2.387538
1.752977
0.363698
-0.151142
0.998143
0.320852
-0.458457
-0.447738
-0.157621
0.086534
0.232345
-0.394801
0.393512
0.462518
0.509404
0.011825
0.412849
-0.947883
-0.420739
1.496784
-1.276434
-0.629030
-0.186290
0.011599
2.458020
0.417727
0.219677
0.185623
-0.074890
-0.595627
0.034356
0.087012
0.007646
0.505227
0.232361
-0.024428
-1.025789
0.971831
0.302357
-0.143667
-0.010018
0.267938
0.353513
-0.170708
0.595247
-0.230116
-0.669779
-0.198989
-0.150827
0.257076
0.244575
-0.884795
0.836661
-1.081935
-0.597607
-0.229483
0.524023
-0.900630
0.906260
-0.598858
1.058064
1.787687
-0.826875
-0.292926
-0.193953
-0.261155
-0.141286
0.228969
-0.160314
-0.069578
0.069897
0.067098
0.429386
-0.642390
-2.286136
0.920359
0.041535
0.192052
1.395917
-0.569163
0.187570
0.219220
-0.269262
0.089603
-0.106100
-2.261928
0.304267
0.030786
-1.028495
0.440244
0.148511
0.205351
-0.303698
0.387003
0.556727
0.356901
-2.191999
-0.207764
1.918307
-0.545872
0.639610
0.013316
-0.675197
0.347648
0.482351
-0.287492
-0.465438
-0.281758
-0.330464
-0.317880
-0.261431
-0.854918
-0.030452
0.818412
-0.048451
0.634503
1.062697
-0.720681
-0.297489
0.580037
0.497282
-0.385250
0.735389
-1.338051
0.580621
-0.106096
0.337890
0.675946
-0.319467
-1.082609
0.871485
0.565488
-0.396551
-1.121249
-0.905147
-0.390760
1.789927
0.493547
-0.780181
-0.403883
-0.432587
-0.571617
0.919303
0.463835
-0.655532
-0.095154
-0.003313
0.040607
-0.121075
0.574019
1.076944
0.220129
-0.006880
0.203258
-0.148473
-0.055670
0.215342
0.840190
0.528510
-0.498023
-0.301046
0.613460
-1.036134
1.159151
0.460639
0.404167
0.617842
0.185833
0.532353
-0.152873
0.342980
-0.892041
-0.324785
0.883865
0.081479
0.641371
-2.633555
-0.410975
0.094959
0.364090
0.523354
-1.048756
-0.445435
-0.199670
-0.102218
-0.142194
0.013363
1.691362
-0.605179
-0.819320
-0.067743
-0.049969
-0.120382
-0.432030
-0.159661
0.112969
0.982903
-0.220558
-0.824616
0.112784
-0.075547
0.693912
-0.176903
0.914819
1.943241
-0.239628
-0.490512
0.341136
-0.581054
0.660497
-0.507204
0.750709
-1.051175
-0.072930
-0.456154
-0.654284
0.859063
0.449078
-0.372823
-0.236914
1.092969
0.472551
-0.249022
0.259738
-0.687164
0.549511
0.147829
-0.393572
0.065410
-0.985822
-0.287033
0.390378
0.478869
0.537344
-0.981721
-0.411219
1.793495
-0.105131
-0.591900
-1.451969
0.424054
-0.638763
-0.024786
-1.386683
0.519923
-1.159204
0.100031
-0.249532
-0.617318
-0.150781
-0.754281
-0.162712
-0.346258
-0.579784
0.437942
-0.205901
-0.583379
-0.363859
-0.351961
0.104475
0.540382
2.190945
-0.280675
0.970815
-0.962182
0.787150
-0.075120
0.359478
-1.023670
