-0.105194
2.284947
-0.171011
-0.122647
0.197326
-0.024871
0.241198
-0.068054
-0.052071
-1.997457
0.238002
-0.092068
2.181898
-1.291883
0.020490
2.082623
0.219498
-0.117576
-0.106345
0.050951
-0.062468
2.143524
0.206002
0.210606
0.048342
-0.005444
-0.127238
-0.161131
0.959654
0.222449
0.237351
-0.108476
2.149730
0.285487
0.174013
0.259464
-0.141561
0.194063
-0.167345
2.265213
0.190121
-0.202407
-0.133911
-0.020488
0.049948
1.192264
0.251715
2.109572
0.060462
-0.162337
0.193582
-1.237837
-0.127740
2.187038
-0.079834
2.172697
0.157563
-1.235540
-1.969244
2.072240
0.205637
0.190984
-0.115118
0.254125
0.092553
0.011213
0.211295
1.021323
0.186359
-0.026293
0.172439
-0.015387
-1.048951
-0.136756
-0.143175
2.110376
-0.090800
2.069957
0.278457
-0.198269
-1.973516
0.163914
0.225735
-0.071485
0.242681
-0.163995
2.136264
0.313816
-0.028419
1.183465
0.040384
2.080155
-0.089114
-2.062856
0.064721
0.035506
-0.146800
0.169770
0.036332
2.043580
-0.243085
0.232753
2.214994
-0.026538
1.026858
-0.111853
-0.155183
2.314511
2.140945
2.101869
0.049475
2.034816
0.268540
0.233449
0.190693
-0.170171
0.212443
0.191451
2.102337
-0.074612
-0.109705
2.113760
-1.977172
0.254163
-0.175405
-1.196069
0.021420
0.295945
0.003378
0.155084
2.320577
1.118560
-0.179694
-2.001481
2.106009
-0.124765
2.149252
0.186929
0.233763
0.140438
-0.173988
-0.129487
2.095747
2.089752
0.003707
0.069050
-0.143964
0.312226
0.288934
2.023075
0.250460
2.085875
-0.134788
2.099321
0.322251
0.155496
0.073874
2.134390
-0.224234
2.104489
0.184322
2.100549
-0.134929
-0.006865
0.114401
0.006394
-0.005438
2.111986
2.128240
-0.134781
-0.158955
-0.128309
-0.039462
0.008358
0.209108
0.251000
0.198217
-1.071551
0.238601
-1.977170
-0.121637
2.269852
-0.119596
0.290792
-0.128496
-0.054128
0.236797
0.057916
0.259767
-0.008107
2.093050
0.025458
0.051151
0.191341
0.184196
-0.150671
-0.134152
-0.040158
0.247974
0.996046
2.157725
-0.138093
2.033440
2.064108
0.255984
0.191161
0.240263
0.177015
-0.102954
2.124126
0.242364
0.341453
-0.034424
-0.177109
-0.019407
-0.004023
-0.090066
0.287591
0.011117
-0.011175
0.214957
2.265075
0.215844
0.256085
-0.018208
0.245302
-0.018497
-0.097552
2.143961
-1.979794
-0.047183
0.234057
0.177739
0.046892
0.210262
0.204927
2.094540
-0.067654
-0.087353
-0.138730
0.193197
0.001682
0.052106
0.048991
2.111931
0.153706
-0.177267
0.013163
2.184130
2.095098
0.317249
0.231265
-0.059955
0.032673
2.155445
2.221833
1.123996
0.205138
-0.034404
0.274402
2.113929
0.198396
-1.946987
-0.191947
0.233012
0.170286
-0.174362
-1.266412
-0.181954
0.240438
-0.162382
0.044312
0.006736
2.083056
0.168505
-0.231886
0.164266
0.166612
-0.119572
-0.135316
2.146823
-0.204027
0.205834
-0.202244
-0.129496
2.106848
0.144744
-0.158969
0.251066
0.288431
0.018541
0.232699
0.139611
0.172516
-0.120547
2.070829
-0.012556
2.072383
0.234272
-0.010032
-0.141547
-0.126055
0.156291
0.217205
-0.033032
-2.064173
0.246340
0.252660
2.115943
2.138647
-0.209686
-1.899868
-0.153557
0.042370
0.036475
2.127792
-0.068934
2.108577
-0.071707
2.106727
-0.189794
2.074219
-1.924648
-1.946750
0.014783
-0.099597
2.180555
0.214207
-0.231372
-0.019462
2.099248
0.298370
-0.134005
2.088947
0.017971
-0.115352
0.241748
-0.044522
-0.033560
0.098914
-1.956008
0.281768
-0.185785
-2.021685
-0.035896
-1.962672
-1.978887
-0.037874
2.064355
-0.130415
-0.192533
0.195359
0.163871
0.241416
-0.144836
-0.050221
0.231063
0.048568
-0.110274
-0.115900
-0.112768
0.459747
-0.142163
-0.125630
-0.033748
-0.215447
0.171142
0.255733
0.073149
-0.117131
0.026215
-0.132297
2.132354
-0.189708
-0.198733
0.040713
2.072474
2.159803
0.026445
2.069724
-0.016175
2.092468
0.202408
0.219893
0.261721
2.273993
0.147524
-0.025464
-0.084116
0.232138
-0.100863
0.031471
0.032867
-0.103805
0.225125
-0.199773
0.217896
2.145537
2.093079
0.191192
0.192915
-0.174008
-1.953841
0.238573
0.258086
0.241700
-1.177205
-0.000545
-0.128109
0.034885
-1.961523
2.104483
2.105325
0.221046
0.224302
-0.187319
-1.983690
-1.042731
-0.193433
-1.942613
0.211371
0.175603
-0.116856
0.017185
0.236533
2.179508
0.186663
0.029324
0.252731
2.118380
0.241735
-0.119175
-0.131633
-1.920632
0.273142
-0.003043
0.306919
-0.138659
-0.180374
-2.006220
0.249457
0.256148
2.067498
0.028367
2.054452
-0.189693
-0.115894
2.143265
2.078730
-0.005899
0.277735
0.239006
0.286025
0.165562
0.008143
0.219802
0.185341
0.070314
0.044850
-1.975289
2.139029
-1.904216
-1.967623
0.204738
2.317220
-0.154615
-1.962716
-1.999713
0.169060
-0.143783
2.122306
-0.042829
-0.164726
-0.153327
0.095610
0.203320
0.195710
-0.126909
2.050238
2.079274
-0.132646
0.057930
0.168903
0.234507
-1.979248
-2.006690
0.178364
2.078023
-0.019961
-0.067153
-1.254081
0.203492
-0.177192
2.124174
0.252256
-0.180402
-1.076561
-0.090581
0.025960
2.105185
0.186617
-0.172466
-1.915302
0.006469
0.029775
-0.143852
0.203131
-0.151071
-0.129162
-0.183144
2.114837
0.004291
-0.123630
2.129988
-0.141137
-0.113204
-1.932137
-0.068629
0.071052
0.064459
0.257705
0.204014
-0.098829
-0.028659
0.187790
-0.164277
-1.987259
-0.083359
-1.975702
-0.032553
0.057663
2.065992
-0.026057
-1.938737
0.239154
-0.128565
2.149752
0.289519
0.239656
2.063347
0.215052
-0.140667
0.000979
0.234319
0.243791
0.296844
0.031715
2.172799
0.341433
-0.030270
0.207973
2.220590
-0.135622
0.267177
-0.079222
2.073714
0.299428
-0.119224
-0.025929
-0.048780
-0.138525
0.012593
0.183174
2.095165
0.026290
0.038265
0.030453
0.291048
-0.119122
-0.184238
1.118641
0.251627
0.158062
2.265711
0.197102
-0.043393
0.200184
-0.017056
-0.056589
2.144553
2.078168
0.204061
0.220142
2.265855
-0.023852
0.191150
1.072469
-1.073441
2.108535
-0.037509
-0.172419
-0.143156
0.227486
-0.031520
-0.130362
2.091326
0.247875
0.230566
0.025285
-1.981530
2.214832
-2.025614
-2.003163
0.000230
2.128065
0.003443
-0.014574
-0.155904
0.074043
-2.060300
-0.022577
-0.020863
2.108386
2.111734
2.123002
0.314279
0.016106
-0.098892
2.109407
0.227193
-0.116608
2.128626
-0.108670
0.240502
-0.125438
-0.124766
-0.108374
0.002701
2.083737
2.166706
0.265653
0.034908
-1.059408
-1.204980
-1.283965
-0.173846
0.165889
2.116048
0.036558
-1.950316
2.258047
0.002844
0.234573
2.165564
-2.006325
0.215667
-0.123403
2.193210
-0.119042
0.012750
-0.133624
-0.172891
0.210343
0.208427
0.195899
2.285627
0.185545
0.253604
-0.095855
-0.158824
-0.125048
-0.177405
-1.911111
0.228330
2.196632
2.142755
0.216721
0.189935
0.052338
-1.980023
-0.168026
-0.126983
0.121548
0.042839
2.159572
0.222609
2.103309
-1.176472
-0.151066
0.011685
0.242196
2.170873
0.253882
0.272367
-0.140305
-0.009340
-1.989818
-0.130362
-1.201200
0.298435
