0.189894
-0.158575
0.017994
3.324648
-1.279324
0.061810
-0.147235
-0.118536
-1.010902
0.253361
-0.133446
2.416243
0.238445
1.158672
2.197745
2.228177
2.122581
-0.022208
1.010445
2.202395
-0.159996
0.274679
0.194942
-1.982831
0.002441
2.050933
1.520157
2.352716
0.299561
0.567811
1.534013
2.107084
0.278842
-1.853886
0.245188
3.520395
-1.891377
-0.022163
-0.145414
0.195136
0.832276
0.330539
0.312553
0.105828
2.142973
0.344262
2.119834
2.035989
-0.059934
0.356149
0.121123
-2.045963
1.108461
2.143588
0.019114
0.064419
1.123325
0.212849
-1.190125
2.333844
0.284990
-2.070349
0.489273
0.185484
-0.002092
0.203393
-0.130526
2.281404
-2.734140
-0.139748
2.354049
0.376049
2.542964
-1.868964
-1.995014
-0.196538
0.101357
-0.050090
0.007936
-0.139204
0.299221
0.252103
2.155179
0.351955
0.190284
2.088955
-0.133918
2.104647
-0.028930
-1.623643
2.470043
-1.070552
0.221074
0.060436
1.402863
2.144014
-1.046015
0.242085
0.005412
0.258586
3.645490
-0.023878
0.410872
-0.172927
0.161620
0.221780
0.467092
2.224324
0.233117
0.989433
1.217652
0.464755
-1.787028
-0.017895
-0.134362
-1.590930
-0.041158
0.286643
-1.261152
0.194586
0.143882
-0.135125
2.087264
-0.076527
2.532005
0.291970
-0.091643
0.360431
0.277061
1.128891
-0.097989
0.121984
0.393226
-0.017004
-2.300138
-1.810378
1.180630
0.136445
-0.130944
-0.074897
0.651472
0.168757
0.357197
-0.165839
-0.118732
-1.176498
-0.191425
0.191076
-1.881112
-0.065340
0.414150
0.219560
-0.099633
2.154885
0.078696
0.177709
0.245011
-0.170140
0.197326
2.087826
0.208656
-0.156490
-1.256037
-0.137316
0.314811
-0.034459
2.101881
-0.134610
2.183314
0.321840
0.147864
2.142303
0.171387
0.470895
0.194014
0.048576
-2.016864
-0.108692
-0.156721
0.463530
2.318829
0.190080
-0.011487
2.355930
0.074424
0.125851
2.044522
1.248791
-1.938067
2.071752
-0.144497
1.332898
2.105203
-0.246938
-0.146629
-1.131765
0.222946
-2.066547
0.471467
0.220764
0.356213
0.006699
2.220155
0.093810
0.630284
-1.980582
0.580691
4.186771
-0.125031
-0.091154
0.019824
2.561469
-0.040014
-0.010499
2.054054
0.536255
1.226456
-0.136575
0.238402
0.053518
-1.826181
0.276214
1.261408
0.176588
-1.042232
1.035993
0.543328
-0.141343
-0.167215
-1.173329
2.565159
-1.983153
2.119357
-1.833978
2.101481
0.281081
0.011273
0.247146
-1.917535
0.098205
0.276422
2.193502
0.045395
0.173156
2.129488
-0.196128
-0.089970
0.665834
2.291901
-0.106549
0.254307
0.003286
0.020527
-1.941608
-1.018117
-0.151404
0.402333
0.095310
2.577427
0.272179
0.206251
0.569601
2.381348
0.644581
0.470128
0.237459
-0.105244
3.798669
1.893745
-0.133916
0.370664
0.199694
0.943264
0.190469
1.417570
-1.839196
-0.023066
-0.152162
-0.170432
0.174111
0.415378
1.510651
0.021315
-2.054674
0.033822
2.188330
2.139832
-0.116115
0.177105
-0.092376
2.080752
-0.030660
0.600498
-0.134903
-0.187901
0.268113
2.445809
2.075575
-0.156122
0.216958
-1.663558
-1.928689
0.183344
-0.084219
-0.126479
2.322620
0.230158
-1.913859
1.152355
-0.199195
0.027685
0.087703
2.177260
2.719783
-1.118583
0.597377
0.058631
-0.193356
0.346329
0.222733
0.339093
2.080095
-0.099878
-0.190986
0.647864
-2.038322
0.368949
0.198192
-0.003054
2.213873
-0.108271
-0.188555
2.108242
-0.115755
2.155337
0.000669
0.097799
-0.096987
-0.780034
-1.752627
0.425968
2.297846
2.120330
2.367014
-0.039187
-0.168930
0.266350
0.363523
0.201503
0.193164
0.252651
-0.198288
2.128542
0.259710
0.141802
-0.012488
0.253976
-1.835916
2.186547
-0.170064
-0.083584
2.221583
3.580451
2.582581
0.182901
-0.111178
0.343027
-0.047999
2.517573
-0.040922
-0.172083
0.193474
0.144022
-0.113096
-0.026586
2.208260
2.114603
-1.410909
0.077203
0.600834
1.555861
2.039848
0.019495
0.199382
0.244903
0.021425
2.099154
-0.057524
0.275066
-2.035349
-1.908718
1.181029
0.646473
0.264182
-0.224696
-0.043763
0.501829
0.323810
2.795970
0.528711
0.232907
0.012197
0.364220
-0.197043
0.188784
0.294670
-0.114306
1.096901
-2.184318
-0.036807
-0.126282
-0.148752
2.147536
0.192388
-0.035743
0.214340
0.003194
-0.088272
0.006694
2.064933
0.228925
2.358783
2.040739
0.223484
2.365989
2.431701
2.768004
0.067665
3.658014
0.189024
-1.612454
-1.989894
-0.053250
0.559744
-1.954807
0.076751
0.785024
0.196363
2.144390
0.754228
-0.097161
-1.723026
-0.075937
1.312046
1.091693
0.119640
-0.155891
0.415232
-0.176745
0.198903
0.409147
-0.164223
0.030462
0.355472
2.380487
0.537440
-1.898363
0.228788
0.266885
-0.010559
2.069554
0.038649
0.755209
0.686476
-0.005290
0.005461
0.165698
2.044644
0.154402
-0.147488
2.071851
0.274938
1.063603
-0.110379
2.144438
1.980540
1.084987
0.090340
0.363547
0.247293
2.094019
-0.034673
0.161977
0.216034
-0.148150
2.382907
-0.089182
1.094315
-0.153224
-0.131309
2.048630
2.469163
2.408573
-1.766407
0.250384
-1.944707
0.012109
-1.056526
-0.101903
2.079615
-2.485280
0.022058
0.307912
-0.022093
3.290081
0.085906
0.185089
0.027334
-1.722734
2.132009
0.229345
2.047326
2.101581
-1.903627
-0.047142
0.000675
0.093963
0.074875
-0.150018
-1.978159
-0.008709
-1.875151
-2.104503
-0.177336
3.210542
-0.097738
0.321182
2.316334
2.227506
0.424151
-0.078522
0.270197
0.035796
0.174013
2.217804
0.154813
3.587844
0.283594
2.159941
-2.015645
-0.211285
-1.946021
0.192006
-0.186378
0.222675
0.242554
-1.736723
0.030680
-0.031188
2.597382
0.360037
-2.094765
0.262211
-1.979978
-0.043222
-0.062957
-1.612347
-0.068793
2.376655
-0.132677
-0.066268
0.159575
2.236933
-1.963553
0.502279
2.344954
0.183718
0.275609
0.252728
0.065208
1.144384
-0.160439
2.558800
2.141367
3.439580
0.220713
0.256295
0.545629
1.254516
0.220659
1.181658
0.057565
-0.071464
2.139705
1.106453
0.344097
0.229859
2.177393
2.211921
1.459940
-1.925158
-0.138901
0.224856
0.204921
0.148268
-3.657576
-0.074728
0.130250
0.264607
-1.290851
0.228043
2.142115
-0.193822
-1.978546
0.186176
-0.131996
2.161195
3.516289
-0.081504
-0.102740
2.725497
-0.180946
0.379820
2.099459
0.216377
0.234357
2.060843
0.583620
0.539329
-0.189780
0.172265
-1.348642
-0.150234
0.480056
0.312988
2.193964
0.172584
0.260987
-0.178610
0.095004
-0.053552
-1.999966
0.247922
-0.094153
-0.055823
-1.908324
0.606134
-0.819999
-0.042875
2.256317
0.683875
0.185794
0.205524
-0.139344
0.177150
-0.115347
-0.145076
-2.886067
-1.746864
-0.199594
-0.142651
3.474017
0.042245
0.123368
-0.097927
0.015952
-0.098068
0.218085
-1.672205
1.217455
0.447552
-0.085067
0.322382
2.065095
0.947801
0.221908
0.173762
-0.149861
2.170626
0.162132
2.293883
2.280746
-0.147182
2.055226
0.213998
-1.025179
2.181876
2.344625
0.398833
-0.070424
-0.508003
2.856477
0.248341
1.080707
0.457502
-0.127326
0.215760
0.060406
0.301616
0.225427
