0.210950
2.134497
0.009295
-0.175273
0.189065
0.050199
-0.001355
-1.931277
0.238056
2.112932
-0.136488
-0.173430
2.192162
-0.109750
0.232535
2.218466
-0.137152
1.071306
-0.035583
-0.095574
-0.136000
-0.081621
0.271473
-0.120399
2.079176
2.247388
2.150983
2.125613
-1.917496
0.037186
0.003072
2.221725
2.119276
0.186634
-0.074862
0.232842
0.255196
-0.047051
0.254597
-1.874428
0.274244
0.217996
0.245405
2.058942
-0.004245
-1.929769
-1.214591
-0.026348
-1.943358
-0.138943
0.260686
2.113417
-0.083805
2.116983
0.165678
0.238030
-0.152724
0.160950
2.117415
0.057590
-0.067614
0.253306
2.103393
-0.100139
2.136660
0.172396
-1.167274
2.080622
-0.006516
0.339098
0.230464
0.274792
0.247934
2.143215
-1.960250
2.144302
-1.181592
0.064920
-0.196752
2.164206
0.093797
-0.123520
-0.094705
2.172580
2.117278
0.278974
-0.068016
2.134280
-1.043155
0.181102
0.268232
0.275602
0.192125
-1.962579
-0.180644
0.226095
-0.143557
-1.967105
-0.140013
-0.132510
-0.165326
-0.103886
0.010059
2.260775
0.234798
2.212746
0.281056
0.296287
-1.194086
-0.012180
-0.146776
2.076533
0.009382
0.264396
0.007274
-0.117223
-0.135573
-1.943846
-0.123918
0.294861
0.040835
-1.919652
2.227909
0.081533
2.152363
0.295721
0.249753
-0.040544
2.138663
2.292865
0.055518
-0.000402
0.181679
0.075276
0.038202
2.163549
2.117352
2.162735
0.155011
0.266054
0.207531
0.332315
-0.005153
2.105873
0.247711
0.325841
-0.107213
-2.023220
2.172708
0.282068
0.264852
-0.088914
-1.280276
2.098257
2.114596
0.247804
0.245922
-0.217114
0.253760
0.039144
-0.042591
-0.017830
0.253427
0.052560
0.188900
-2.016820
-0.076232
0.236873
-0.088247
-0.144802
-0.101076
-0.164352
2.087471
-0.115590
2.199496
-0.131196
-0.132407
-1.962696
0.215193
-0.097383
-0.140681
-0.017506
-2.006209
0.265713
-1.007607
2.253523
0.284451
-0.086947
2.150588
-0.173132
0.222154
0.244765
-0.158549
2.069686
-0.114588
0.207222
0.019058
0.213919
0.073205
-0.121107
0.262248
2.154440
0.276172
2.226459
-0.116759
-0.064394
0.242001
2.127786
-0.038718
0.261744
-0.161202
-1.940577
-0.038559
0.180412
-0.139831
2.148230
0.268412
-0.162096
0.109192
0.071356
0.294869
0.182158
-0.103539
0.265039
-0.120442
0.152707
0.154090
0.284911
0.013406
0.223966
-0.102952
0.061120
2.142182
0.262703
-0.088779
0.060063
0.244867
0.150722
-1.967611
-0.059632
2.087549
-1.914320
-0.140350
0.289453
2.089450
2.084223
-0.192879
2.274858
2.118163
-0.120943
-0.130502
2.181711
0.290193
0.038051
-0.060375
0.209705
-0.141433
-0.096417
0.243935
0.315576
0.230151
-0.078250
-0.068603
0.081123
-3.053120
0.245996
0.035389
-0.014924
0.213221
2.290775
2.128108
0.192054
-0.033023
-0.061694
0.194317
-0.036416
-1.958433
0.199361
-0.118579
2.083334
0.261013
2.086622
-1.891359
-0.126748
0.259677
-0.140492
0.132285
2.090145
0.248821
-0.044646
0.281060
-1.138417
-0.135660
2.225072
0.064622
0.272723
0.274462
0.304659
0.238747
0.285031
0.214958
-0.166576
-0.112192
2.206511
0.285876
0.088988
0.066977
-0.151142
-0.074275
0.023159
0.205206
0.040770
-0.028180
-0.177351
2.100843
-0.144566
-0.162231
0.284482
0.067316
0.270167
0.213328
-0.017630
-0.045683
0.077125
-1.951438
0.058689
2.155022
0.290841
-0.149208
2.124841
-0.108209
-0.163670
0.240383
2.079461
-0.202047
0.288387
2.133327
-1.881945
-0.098615
-0.209855
-2.011132
0.259533
-0.071745
0.220437
-0.011493
0.199993
2.097862
-0.017192
0.015089
2.088894
-1.191215
-0.013869
-0.151164
0.224824
2.101145
0.175084
0.054082
0.093979
0.165279
0.045863
-0.159494
0.287260
0.196896
2.060998
0.237653
-0.118841
-0.068887
-0.146665
0.160443
0.246694
-0.075150
0.213063
0.297231
2.219443
0.015400
0.242706
0.011404
0.255890
2.093939
0.289669
0.019381
-1.956225
-0.080051
0.284160
-0.168020
0.015819
0.135635
-0.053445
-0.143886
-0.153638
2.169799
0.005815
2.259936
0.258922
-0.020556
0.239571
-0.050161
0.236219
0.198900
0.274452
0.069296
2.110863
0.229348
0.251684
0.254826
2.131902
-0.145829
0.269093
-0.009733
0.099551
-0.166997
0.218977
-0.093348
-0.179938
-0.140583
-1.912280
0.167264
2.097094
2.137830
0.208851
-1.954127
-0.007280
-0.134764
-0.126934
2.186487
-0.157540
-0.127617
0.262782
-0.126594
0.245524
-0.077802
-1.218599
0.256777
-0.135581
0.014473
2.083684
-0.064510
-0.041403
2.007857
2.136958
0.318311
2.081942
-0.156420
0.204439
0.071597
-1.977122
-1.944779
0.082352
0.192413
0.069418
-0.139951
-0.107208
0.268224
2.285932
-0.148160
0.300764
0.283209
2.167094
0.032345
0.236479
2.056475
0.169180
0.226414
0.226068
0.003001
0.056348
-0.015879
-0.008934
0.195294
2.129368
-0.046078
-0.158342
0.005433
-0.112778
-0.045439
0.224423
0.235414
2.129734
2.169424
2.140226
0.000653
2.165745
2.122386
2.300804
-0.075188
0.036413
0.242121
-0.010185
-0.023706
0.279257
0.016285
2.113008
0.197357
-0.114217
-0.151873
-0.061715
0.205882
-0.072679
2.208962
2.295475
0.220567
0.192023
0.218666
0.036440
-1.938685
-0.099856
2.128995
0.114895
-0.097061
0.345888
-1.952712
0.231829
2.141489
0.239506
2.084053
-0.000766
0.024952
0.190598
2.208249
-1.214645
-0.138224
-0.117003
-0.071626
2.127845
-0.014919
-0.115472
0.054640
-0.099542
2.176271
0.187360
0.229254
0.243145
2.106277
-0.007007
2.176355
-1.222563
2.228352
0.012651
-1.909807
0.300279
-0.091853
0.232055
-0.183402
0.135258
0.271287
-0.147791
-0.129456
0.266513
-0.103975
0.065024
-0.193932
-0.212462
-0.006877
0.272409
-0.084596
2.180078
-0.102981
2.128180
0.295811
0.000352
2.195109
-0.141036
2.108579
0.008041
2.101750
0.055604
0.238226
0.233750
-1.166426
2.096700
-1.984247
-0.006131
0.330006
0.154057
-1.158634
2.134954
2.194374
0.086995
0.016075
-1.987854
0.197475
0.308566
0.248358
0.176970
2.252363
-2.046474
0.028567
0.115347
-0.210180
0.230090
-0.089963
0.312812
0.297155
0.248952
-1.030216
0.263886
-0.051073
-1.912648
0.269182
0.067425
-0.150159
0.123608
-0.078440
0.256553
-0.141336
0.164915
0.179563
-1.965463
-0.153055
0.220649
0.243439
-0.103906
0.214291
0.086417
0.249645
-1.933672
-0.087275
-1.946355
0.071902
0.218186
-0.086683
2.198690
2.155149
2.106138
2.152280
0.072994
2.224901
-0.105929
-0.170741
-0.150481
-0.014732
-0.121959
0.222333
2.112760
0.297665
-1.877640
0.249861
-1.998508
0.253321
0.008231
0.249355
-1.217689
-0.197900
2.112155
0.284176
0.227964
0.200228
0.217788
2.084004
2.173622
0.241217
0.239814
0.041362
-0.145366
-0.153611
2.105019
0.198253
0.304011
-1.190645
-0.060546
0.237779
-0.089408
-0.162443
0.312919
2.263476
2.093241
0.197517
2.174108
1.029600
0.244247
0.186927
0.200005
-0.161009
0.055396
0.022477
0.248734
-0.097283
-0.084354
-1.913178
0.054560
-0.111899
0.262925
-0.121903
0.228468
0.308111
-0.125610
-0.071318
0.249734
0.281532
0.213345
