0.474766
2.394834
0.462596
0.451692
0.587219
0.488042
1.368242
-1.742503
0.358511
2.622773
0.470326
2.384742
2.616970
-1.828250
-1.703914
2.500066
2.469804
0.082966
0.440761
0.620381
-1.814950
2.282950
0.223972
0.048752
0.449840
1.768771
0.165288
-1.657931
0.520047
0.374317
2.251971
0.539673
0.272188
3.768331
0.554649
2.490700
0.037081
0.284031
-0.031339
0.344851
0.157145
0.522417
3.532486
0.111117
0.405748
2.473137
-1.809846
0.501924
0.560068
0.395646
0.516344
0.498055
1.341280
1.432226
-0.424415
0.184824
2.645936
2.537100
2.226728
0.236767
3.475148
0.573330
0.027923
0.400556
1.276339
-1.867534
0.474127
0.376843
1.530259
0.041623
0.506344
1.531059
3.717863
1.526084
0.372072
0.367786
1.551188
0.606736
2.454711
-1.704364
-1.771728
0.485604
1.296681
0.393185
0.310107
0.199282
0.380775
1.219256
1.310677
2.392211
1.796117
-1.456920
-1.713496
-1.850296
0.033972
-1.581232
0.519189
0.083374
0.974402
0.145289
0.436175
0.110347
0.125843
-1.680609
0.044375
0.123465
1.239589
0.005142
2.558908
0.110902
0.408359
0.504843
0.391068
1.375278
0.311708
3.567155
0.624717
0.541774
-1.720746
-1.887909
0.484762
-1.734608
-0.000273
0.531065
0.068554
0.323488
2.417283
1.446061
3.806455
2.563721
-1.617974
-1.615313
1.489013
2.460850
-1.708993
-1.755166
0.347538
1.647817
3.628193
1.401408
1.497107
2.338568
0.203094
0.425866
0.375606
0.460947
-1.742633
1.269827
0.350138
-0.031607
-1.874892
0.468979
0.465246
-1.873106
-1.693392
2.372736
0.141207
1.308110
1.537458
-1.568306
-1.835818
0.621311
0.313009
2.727929
0.228171
0.382150
0.755758
-0.001688
0.149932
1.328731
2.678812
1.384345
-1.624507
0.576489
0.242376
2.626801
0.326108
2.520445
-1.890452
3.833754
0.703351
0.114176
-1.665180
1.454320
-0.107205
0.216847
1.421561
0.066155
0.585747
1.449968
0.414830
-1.428698
0.477611
0.471352
1.383228
0.298818
2.404605
-0.014555
1.342517
0.512829
-1.798056
2.468174
0.315273
0.560529
-1.730662
0.468297
1.492395
0.378920
3.650499
2.447431
0.451134
1.511184
-1.796574
0.498890
1.370015
1.390422
0.364153
0.140851
0.430386
2.457830
3.718880
1.610043
-1.680685
0.015960
0.491239
1.821894
0.525879
1.327824
1.229784
1.267239
0.383960
-1.686902
0.114319
-1.838944
-0.017999
0.418376
1.408885
3.565919
2.593023
2.458863
0.431792
-1.580620
3.591559
0.421480
0.437803
0.189649
0.047894
-0.016958
-1.664431
2.355948
0.138962
1.556423
0.012953
1.312697
0.153091
0.057126
0.382265
1.198731
0.497715
-0.271547
0.511236
0.360691
0.563325
0.455824
-1.666799
0.441754
-1.659439
0.019100
-1.770680
0.410014
-1.659579
1.408647
-1.658278
-0.357153
0.398729
2.647377
-1.885548
-1.703542
0.117111
0.071915
2.462023
0.518351
0.428217
0.157007
1.602442
0.100084
2.451999
0.463407
0.656336
1.301119
0.424094
0.236787
2.505603
-1.751094
0.530319
2.398635
0.547219
1.321546
0.495486
3.609762
1.277371
1.212261
-0.439436
2.604055
0.823792
-1.844587
-1.728092
0.486997
-1.615622
-1.826107
0.616240
0.552852
0.457899
0.717632
2.465907
0.297970
0.106459
0.552979
0.788350
1.355788
0.719876
1.148727
0.649283
-1.797333
-0.173931
0.217466
1.415261
0.599802
0.235588
-0.002053
-1.856376
0.424823
0.618223
0.262106
1.540351
2.608638
0.268274
0.080716
2.361283
2.539607
0.440750
2.576774
3.700917
0.630461
-1.700131
-0.042608
0.187526
0.261750
-1.447722
-0.016406
1.377365
2.488773
0.473884
-0.611871
0.554175
0.416146
2.371991
0.389734
0.447726
0.388432
2.537162
-0.702441
0.443031
2.388660
0.138580
2.434891
-0.008892
-1.622266
2.334702
0.602229
-1.810249
0.496099
0.547792
0.709470
0.196310
0.434632
3.524348
-1.707890
-0.079564
-1.742249
1.349788
0.574657
0.044300
0.370006
0.541714
0.505936
2.186683
0.581500
2.717951
0.254936
0.136092
-1.855132
1.278044
0.830894
-1.733148
0.402215
0.431699
0.537375
2.369969
0.428793
0.016437
-1.767363
-1.677023
0.009042
1.298596
0.534065
-1.732083
0.102476
2.355908
0.536965
3.710822
0.084463
1.396077
1.800498
0.592921
0.179115
0.445834
-1.643757
0.189268
0.619182
0.495782
1.291356
2.270547
0.564237
-0.384036
2.427593
0.565941
-1.847216
0.105690
2.533567
0.498287
0.449969
2.646249
0.111780
-0.320534
1.588894
1.473649
-1.862158
0.517124
3.469222
0.516500
0.383715
0.594429
2.356358
0.633241
0.189607
0.134799
0.417102
-1.654676
0.375450
1.396469
-1.601724
2.583292
0.067736
0.176901
-1.575586
0.539043
0.431421
2.382882
0.483233
0.395850
2.439979
2.440273
0.463684
1.218809
2.379948
1.227750
3.640266
0.594892
0.430418
-1.701756
0.501773
0.426480
0.184645
0.167137
2.624028
0.085741
1.276634
0.541898
-1.858510
0.212621
-1.827369
-1.669578
-0.016521
0.505248
2.651929
0.120814
0.114614
0.604139
0.489910
-0.016785
0.296648
-0.030975
2.468302
0.456813
-1.588333
0.095141
-1.746429
0.368612
2.530788
2.444348
-1.497168
0.081484
0.278077
1.300532
0.041451
0.600178
0.307978
0.635347
1.250257
-1.829597
1.393272
0.013894
0.391279
0.524831
1.207831
0.184216
1.169715
0.673897
0.429614
3.462987
0.244146
0.626930
2.338350
0.023260
0.585194
0.203784
-1.879848
0.229810
-1.634086
0.386081
0.485660
0.855271
0.183946
-1.709292
0.094121
-0.387895
0.487463
-1.839357
1.513487
0.074621
-1.645260
2.627279
3.562237
-1.780164
-1.764394
-1.599568
0.320857
0.391804
2.228689
0.581366
2.204293
-1.555344
0.551750
2.358482
1.282870
0.716497
0.008619
-0.379840
0.509888
0.549740
2.430192
0.376991
0.175880
0.063879
0.515724
1.468692
0.507581
0.390501
0.395980
0.448789
3.582247
2.203721
0.553561
2.470854
0.052299
2.609137
-1.646381
1.269501
2.411770
0.457521
0.097358
0.384647
0.169570
0.508028
0.317280
1.536683
0.256360
2.600470
2.535587
0.131404
-0.000830
1.486522
-1.792886
0.059516
0.511806
0.454201
0.433995
2.431741
0.468969
-1.440127
2.561593
-0.042853
0.700739
0.497784
2.412337
2.510760
0.616635
2.412174
-1.510998
1.319202
1.374277
0.532782
0.483113
0.463336
0.395381
1.463441
1.487732
0.511172
0.646831
2.408571
1.429822
0.186802
1.527441
1.591684
2.589174
3.749729
2.318758
1.639663
0.301318
1.247878
3.525067
0.987769
2.716450
1.324176
0.142446
0.191032
-1.617622
2.419202
-1.768665
0.512201
0.108021
0.177875
-1.762303
2.491222
2.328652
0.487005
0.183770
0.442092
-1.684327
0.172867
0.531532
1.691863
1.463969
-1.718449
0.398377
0.423767
0.399996
0.158523
0.272256
3.486947
0.468041
0.304214
-1.580564
0.355745
-1.840573
0.124193
2.565247
2.452092
0.447477
2.504632
0.550934
0.122053
1.340338
-0.100346
0.491326
-2.350543
0.469832
0.057109
2.593633
-1.819625
0.595655
1.357905
0.384199
0.635408
0.397085
2.384582
0.754673
0.094951
0.322800
