-0.082778
-0.360364
-0.279853
0.158749
0.075099
-0.309827
-0.375172
0.442924
0.114296
-0.632380
0.295601
0.383599
-0.212816
0.533839
0.184226
-0.800458
0.356681
2.432632
0.498925
0.432427
0.316694
0.193799
-0.110239
0.460513
-0.301302
-0.772083
-0.343912
-0.339966
0.380917
-0.411281
-0.251801
-0.807412
-0.374970
-0.075832
0.418341
-0.161150
0.078524
0.404197
0.139810
0.411545
0.010975
0.020140
0.177436
-0.413768
-0.364621
0.424871
2.702212
0.261144
0.310235
0.306002
-0.027350
-0.586119
0.431116
-0.310334
-0.040252
-0.191224
0.055053
-0.165710
-0.237642
-0.159206
0.496329
-0.005663
-0.116336
0.372873
-0.255025
-0.029279
2.892529
-0.296074
-0.267280
0.037141
0.238427
-0.071886
-0.015121
-0.326563
0.422453
-0.355919
2.679940
-0.156411
0.229674
-0.868463
-0.201085
0.312328
-0.450899
-0.336766
-0.349095
0.112853
0.251476
-0.301022
2.674526
-0.021375
0.362734
0.229231
-0.084706
0.261601
0.339140
-0.052282
0.342886
0.297549
0.290616
0.345143
0.297204
0.314958
-0.301271
-0.769133
0.085028
-0.432995
0.293462
0.196092
2.829155
-0.391197
0.253314
-0.399441
-0.278352
0.179767
-0.339215
0.241572
0.346663
0.395135
0.151314
0.227828
-0.181142
0.385730
-0.829939
-0.073081
-0.383412
0.014391
0.079507
-0.293427
-0.314271
-0.730072
-0.078149
-0.283137
-0.074697
0.315021
-0.301719
-0.324255
-0.312962
-0.549270
-0.172356
0.253013
-0.105040
0.002420
-0.394361
-0.291575
0.186116
0.273573
0.093577
0.689150
-0.556450
0.155440
-0.002713
0.442321
2.760704
-0.393506
-0.418708
0.002603
0.035862
0.133591
0.054992
-0.187164
-0.196171
-0.285224
0.081250
-0.189441
0.145634
0.262638
0.514953
-0.045558
0.386244
0.405007
0.329866
0.287166
-0.462700
0.296656
-0.252938
0.444193
0.241439
0.281508
0.105045
0.390100
0.112863
-0.368264
0.200349
-0.019414
2.679532
-0.622146
0.110594
0.415894
-0.263526
0.069733
-0.079204
0.019615
0.361523
-0.304834
0.323237
0.040048
-0.140795
0.258419
-0.181969
0.398068
0.019103
-0.241684
0.322372
-0.479881
0.181543
0.341318
0.218956
-0.154922
-0.351863
0.360813
0.293632
0.359983
-0.286182
0.070807
0.252451
-0.197867
-0.129432
0.292331
-0.171637
-0.210427
0.294481
0.017525
0.292117
-0.017187
0.446939
-0.071696
0.113047
0.087626
-0.366522
0.029923
0.407948
-0.273520
-0.365033
0.105628
0.460900
-0.214252
0.304735
-0.072062
0.180360
-0.184480
-0.198339
0.400324
0.339068
0.104788
-0.386882
-0.170932
0.291903
-0.814400
-0.301613
0.370351
0.524512
-0.275825
-0.020975
-0.334935
0.128107
-0.133788
0.278693
0.445733
0.092197
0.111551
-0.083273
0.371596
0.344984
-0.049930
3.348357
0.167948
0.296553
-0.300601
0.145511
-0.765780
-0.347034
0.013790
-0.295331
0.456241
-0.017909
-0.319123
0.472718
-0.160877
0.284330
-0.239074
0.292409
-0.233020
0.383042
0.297205
0.073109
0.408861
0.004257
-0.240697
0.177622
0.342340
0.169818
2.729900
0.104634
-0.202040
-0.118861
0.038997
0.159481
0.031247
-0.002469
0.125860
-0.025158
0.252531
0.415040
-0.374706
0.187809
-0.188345
-0.368704
0.381251
0.214948
-0.270308
0.250893
-0.164120
-0.226416
0.277766
-0.226049
0.322784
0.264360
0.093478
-0.240432
-0.050419
0.013470
-0.279837
0.465975
-0.116527
0.786464
-0.332205
-0.092190
0.010753
0.360734
-0.232208
0.264479
0.110369
0.000856
-0.282746
0.126444
0.263786
-0.646634
0.403631
0.294474
0.116594
0.287240
0.036692
0.412319
0.068045
-0.202447
-0.118851
-0.411559
-0.302094
-0.274867
-0.353734
2.762028
-0.213877
0.382435
-0.156772
-0.216169
0.113896
-0.199324
-0.248127
0.064883
-0.236153
0.160329
-0.087720
-0.046534
-0.341572
-0.001823
0.351665
0.506451
0.274141
-0.080957
0.227391
0.575232
-0.281658
0.278475
-0.302155
-0.369236
0.216537
-0.288657
-0.007845
-0.393706
0.154417
-0.409219
0.305154
0.280809
-0.213576
0.262841
-0.265611
-0.017980
0.564862
0.323185
0.292469
-0.315310
-0.282315
-0.825347
0.096926
-0.371053
-0.032382
0.334685
0.178835
-0.035406
0.063295
-0.041480
-0.242633
0.004588
0.140088
-0.181850
-0.549507
0.359311
0.390945
0.247942
0.398169
0.211585
-0.048674
0.347701
0.250522
0.209616
0.785098
0.069119
-0.336202
-0.341924
0.190315
0.319219
-0.196289
0.356976
0.344457
-0.191257
0.240909
0.167554
0.104855
0.163628
-0.077965
0.536217
2.604449
-0.072460
0.235569
-0.207718
-0.447127
0.421391
-0.258709
-0.626367
-0.422963
0.114803
-0.407763
0.313339
-0.016260
-0.316112
0.275255
0.299414
-0.298005
-0.080811
-0.264462
0.402495
0.244179
0.362354
-0.817678
0.396624
0.027850
0.158244
-0.308857
-0.368694
-0.182625
-0.175606
0.098998
-0.008209
0.003767
-0.356601
-0.366071
-0.355793
-0.276961
0.000294
-0.177475
0.418704
0.247907
-0.478405
0.308770
0.508236
0.129160
0.025073
-0.368086
-0.152495
-0.295626
-0.298610
-0.431581
-0.047644
-0.697522
0.361653
-0.197112
0.063202
-0.110844
-0.403407
-0.017914
-0.261157
-0.310692
0.124318
0.238478
0.309623
0.391274
0.038188
0.261804
-0.098472
-0.731855
-0.102017
-0.123074
-0.076979
-0.330542
0.279319
0.335467
-0.208427
-0.152463
0.509630
0.234146
0.205056
0.122014
-0.158422
-0.159740
-0.311514
-0.123065
-0.325291
-0.039099
-0.096904
2.699031
0.323852
0.360169
0.325922
-0.248459
0.701670
0.302306
-0.276542
0.396533
-0.294982
0.228559
0.013012
0.237603
-0.406338
-0.350078
-0.321699
2.786498
-0.260195
-0.297617
0.545976
0.226352
0.202812
0.025472
0.301451
-0.319634
0.009817
0.229704
0.269725
-0.059576
0.462459
-0.275747
0.289847
0.227506
-0.291572
0.044036
0.469875
-0.487219
0.393870
-0.358445
0.024239
-0.259624
-0.415842
0.203303
-0.375721
-0.279539
-0.480043
-0.108216
0.045518
-0.011740
2.758232
-0.412864
0.253307
-0.190915
0.149497
-0.113568
2.869729
-0.275820
-0.532038
-0.153141
-0.406394
0.260457
0.027954
0.235578
0.115486
0.108246
-0.603417
0.136403
-0.415303
-0.213821
0.292249
0.118263
0.367506
0.144042
0.082394
0.050591
2.646066
0.217650
0.622959
0.384744
0.088994
-0.340878
0.382218
-0.133679
0.352728
0.049565
0.316412
-0.067247
0.035558
0.320473
0.420536
0.111800
-0.034192
0.167464
0.042762
-0.159730
-0.030614
0.438968
0.468756
0.349047
-0.373398
-0.052126
0.410910
-0.408684
-0.156757
-0.328087
-0.155035
-0.224994
-0.119301
0.382329
0.434699
0.324142
-0.313641
0.308049
-0.121448
-0.064965
0.168541
0.398997
0.111551
0.263957
-0.004114
-0.321261
-0.108004
2.709172
0.205723
-0.303292
0.061411
0.084066
-0.076001
0.134112
-0.208137
-0.081086
0.008529
0.085956
-0.293585
0.207602
0.269413
-0.267515
-0.043228
-0.084767
2.846838
0.279063
-0.210326
0.290921
0.321756
0.016328
-0.740088
-0.412776
-0.030123
-0.189525
2.343463
0.026821
-0.153618
0.080311
0.412526
-0.277594
-0.342091
0.145263
0.466679
0.371652
0.658363
-0.328184
0.348605
0.082148
0.376232
-0.195092
-0.026958
0.195619
0.473619
0.102893
0.138666
0.179276
