0.219944
-0.039510
0.409310
1.109594
0.313794
0.028554
0.235590
0.659360
-1.959098
-0.331813
0.043777
0.768590
-0.334149
-0.437340
-0.297524
0.746794
0.541194
0.000382
0.414550
0.225345
-0.060978
0.403650
-0.143000
0.132431
0.410909
0.303245
-0.189135
0.066790
0.182884
-0.213823
0.571645
0.024648
0.081285
-0.188129
0.444771
-0.176657
0.415032
0.564564
-0.173719
0.238368
0.386655
-0.101163
0.085940
-2.169993
-2.167728
-0.407140
0.549349
0.201373
0.253767
0.080626
0.051786
0.277248
0.647031
0.186345
0.302786
-0.068149
-0.109860
0.189921
2.499586
0.238923
0.727736
0.613267
0.488446
-2.767568
0.136307
0.163374
0.273891
-0.116179
2.604986
0.264760
0.470307
-0.304674
-0.371364
-0.830523
-0.556222
0.083237
0.515503
0.314063
-0.276584
0.345323
-0.130769
-0.206277
-0.086396
0.983851
0.484578
0.400174
1.181712
0.359635
0.465239
-0.281333
0.218537
0.308396
-0.090532
0.149761
-0.019210
-1.949404
-0.015375
-0.292194
-0.219836
0.423397
0.249451
2.837175
0.271014
0.592184
0.349797
-0.136682
-0.200643
0.071743
-0.162822
-0.258285
0.866828
0.440897
0.623800
0.299911
0.322066
0.577106
0.910879
0.486198
-2.415757
0.065116
-0.005722
0.083800
0.259087
0.364238
0.253421
0.434895
-2.137051
2.570128
1.083338
0.013233
0.177672
0.229319
0.404658
-0.036300
0.134404
-0.141963
0.364188
-0.297624
0.098172
-0.082280
0.721033
0.561664
0.584617
0.508995
0.395060
0.530034
0.250344
0.258824
-0.090740
0.076458
-0.460337
-0.050503
0.102734
0.814179
0.302253
0.079830
1.213547
0.520051
0.747532
-0.269312
0.327613
0.067163
0.078618
-0.193381
-0.400529
0.112308
0.739960
0.409943
0.509512
0.079437
-0.097391
0.421468
0.590309
0.419198
-0.159777
0.443096
-0.053051
-0.136100
-0.134567
-0.301067
0.308584
0.504631
0.091209
0.149945
-0.212758
0.098539
2.628297
-0.393757
0.158453
-0.002816
0.525050
0.911272
-0.310073
-0.179453
0.298979
-0.381625
0.696651
0.302496
-0.080074
0.347581
-0.295541
0.218178
0.310067
0.675290
0.275571
0.117083
0.492667
-0.554302
-0.351710
0.150943
0.585790
-2.353990
0.489807
-0.233212
-0.271162
0.323144
-0.085619
0.375153
0.079100
0.354169
-0.151853
-0.215115
-2.242735
-0.383882
-0.390682
0.684414
0.503226
-0.219400
-0.028746
0.445594
-0.208963
0.346563
-0.078539
0.422682
-0.222308
-0.037038
0.277822
-0.264021
0.232241
-2.287203
0.877926
0.284636
0.331915
0.001996
0.564449
0.586631
0.216343
0.270088
0.048612
0.353571
2.776039
-2.484727
-0.174991
0.127761
0.167604
0.265978
2.732307
0.356790
0.263599
0.361326
-0.242531
-0.243463
0.499864
0.095245
-1.770492
-0.164093
0.876856
0.570404
0.112681
0.684709
-0.206269
0.256138
-0.333369
-0.248107
0.542493
-0.137828
-0.098627
0.687062
-0.000410
-0.245199
0.468366
0.275163
2.543691
-0.152999
-0.753317
0.129930
0.512009
0.753547
0.598090
-0.190355
-0.004451
0.378709
0.195465
0.094194
-2.263391
1.174500
0.815527
0.262188
-0.244755
0.058564
-0.019847
0.040289
-0.242924
-0.221454
-1.980979
0.223603
-0.591203
2.774224
0.291904
0.502449
0.390920
-0.182618
0.155233
0.098689
0.377544
0.631254
-0.164617
0.870748
-2.527347
-0.382602
0.443474
0.587811
-0.712289
-0.106933
0.330246
2.638936
0.586166
0.408042
0.070186
-0.404575
0.608866
-0.340873
-0.234599
-0.343688
-0.734089
0.539789
-0.228150
-2.342389
-0.025295
0.218207
-0.280671
0.131507
-2.329624
0.421537
0.760043
-0.298036
-0.082266
-0.594977
0.451486
-2.281813
-0.028081
-2.446774
-0.918403
0.949154
-0.370178
-0.858866
0.409226
0.176986
0.427607
-0.322395
0.084092
0.229403
0.420922
-0.291738
0.256411
0.480140
0.048863
0.706808
0.013417
0.466175
-0.105194
0.192413
0.426468
0.357224
-0.248704
0.458251
-0.146028
0.250509
0.097397
0.462621
-0.345243
0.517195
0.075111
0.048945
0.314235
0.042877
-0.212993
1.314095
-2.245111
0.416362
0.520237
0.557401
-0.409179
-0.142745
-0.127060
-0.096842
-0.277419
-0.461608
-0.399485
-0.268376
0.289618
0.733058
0.300953
-0.755676
0.194670
0.023375
0.811147
0.591445
0.358284
0.241522
-0.498231
-0.490434
0.298689
-2.245117
0.099623
0.411090
0.110447
0.121739
-0.066631
-0.291370
0.336161
2.620783
-2.359571
-0.825314
0.328462
-0.295808
0.554268
-0.204836
-0.189698
0.562057
0.139789
-0.774977
0.068757
0.229584
0.328019
0.433782
0.285552
0.284354
0.228786
-0.405282
-1.915512
0.522866
-0.058130
-0.082486
0.832243
-2.721291
0.334967
0.206624
0.621207
0.061022
-0.302947
-0.453037
0.078787
0.565460
0.321141
0.315481
0.040164
1.091763
-0.456681
0.188545
0.359434
0.412847
0.263584
0.507356
0.375167
0.447486
-0.083582
0.047432
-0.041819
0.694705
0.167232
0.072064
-0.029497
-0.274634
0.310285
-0.087511
-0.120406
0.661609
0.086762
-0.130708
0.566107
0.050436
-2.370987
-0.012440
-0.161074
-0.013330
-0.106886
0.066105
0.374225
-0.133764
-0.059831
0.060989
0.137809
0.362303
-0.127758
2.874263
-0.421435
-0.007935
-0.742404
-2.215037
0.181230
0.120952
0.101273
0.658627
0.202994
-0.005940
2.830434
0.353192
0.650190
0.404823
0.307707
0.020795
0.162303
0.207474
0.225454
0.343563
0.388101
2.484728
0.586176
-2.556476
0.611052
-0.104149
0.229789
0.701865
0.236932
0.383364
0.417510
-0.413223
-0.004483
-0.125203
0.290806
0.660328
0.348501
0.394908
-0.027886
0.111673
0.482322
-0.247040
0.431001
-0.172056
0.420227
0.299777
-0.330780
0.095807
1.391592
0.290799
-0.089120
0.258603
-0.001657
0.462294
0.417175
-0.365904
0.000551
-0.252852
0.317896
0.383126
0.720308
-2.320262
0.269537
0.554676
0.507091
-0.391450
-0.376060
-0.362014
0.333310
0.822249
0.044378
0.029625
0.373535
-0.015541
0.421462
-0.169314
-0.763443
0.209633
0.219848
0.852398
-0.632465
0.405178
-0.275728
0.399595
0.792997
0.264306
0.052566
0.871166
-1.931810
0.386818
0.387343
-0.500935
-0.830540
0.324200
-0.122779
0.145520
0.706429
-0.304228
-0.464396
0.103662
0.128635
2.710938
-0.277524
0.746345
0.274329
0.298706
0.286765
0.184239
-0.039492
0.585070
-0.017291
0.469457
-2.274232
0.563126
0.159685
-0.091619
0.763575
-0.057489
0.655058
-0.030786
0.215894
-0.317481
0.355228
0.637687
0.582220
-0.063332
-0.511546
0.001771
-0.011759
-2.088667
-0.175379
0.748722
-0.484367
-0.040542
0.305619
0.335264
-0.582896
-0.022756
-0.222718
-0.300617
0.730333
-0.569520
0.317155
-0.138013
-0.008575
-0.068603
-0.368382
0.469735
0.526234
-0.368695
-0.256850
0.527037
0.765354
0.096836
0.333673
0.621934
0.314052
0.202911
0.299023
0.391721
-0.160055
-2.291554
0.113344
-0.232118
2.478485
0.059088
0.804731
0.858195
1.290091
0.302735
1.275958
0.032697
0.362563
0.464129
-0.145219
0.048754
-0.280295
-0.332303
0.244080
0.242904
0.524939
0.656773
0.898122
0.351546
0.272917
0.315583
-2.613659
0.146283
-0.315069
0.280267
-0.487565
0.019183
0.312397
0.296925
