-1.071450
1.892547
-0.835357
0.253674
-1.343997
1.570796
0.073939
-0.110657
-2.914794
-2.711830
-1.317122
2.782822
-2.147172
-2.471954
2.380580
-0.197396
0.674741
-2.677945
2.327631
1.760785
1.259798
-1.405648
-1.335251
2.297439
-0.110657
-2.587285
0.363979
1.124691
0.600050
1.815775
2.607884
-2.406153
1.756144
-2.265535
-2.067219
-2.677945
-0.652847
1.067953
2.034444
1.532354
-1.373401
1.216091
0.927295
0.410127
2.741352
-2.553590
1.156289
-2.169215
1.123276
-0.598419
-2.411693
0.463648
-1.438245
-1.774814
-1.107149
1.292497
0.785398
-1.359703
1.570796
-2.191046
-1.913820
1.001483
-1.123276
-2.798569
-2.303611
-2.275290
0.298499
-0.785398
-1.455920
2.181522
-1.390943
3.101614
-2.717398
1.657535
-1.699120
0.636508
-1.913820
2.207305
1.957672
-2.999696
3.141593
1.922241
-0.815692
-1.282741
0.388319
-1.869295
0.499347
-1.839964
-1.019141
-1.343997
0.919720
-0.191184
2.749253
2.181522
1.670465
-2.201876
1.570796
0.278300
0.588003
2.868584
-2.019520
1.197809
-2.310771
2.191046
-2.067219
-1.570796
-1.259798
1.249046
-1.352127
-0.334737
-0.449760
1.703348
-2.607884
-0.429762
-2.142134
-0.896055
-3.020969
0.233743
2.356194
-0.037020
0.817645
-2.969402
-0.664046
-1.878849
0.785398
2.018316
0.610726
0.960070
-1.373401
3.041924
-1.951303
-1.753907
-0.283794
-1.529154
-0.404892
-2.843094
1.905533
-2.944197
-0.840897
-0.165149
0.982794
2.441700
-2.098871
-1.994991
1.030377
1.249046
1.317122
-2.717398
-2.270689
-2.104505
-2.606638
0.039979
1.460139
2.981680
1.141034
1.390943
2.800614
-0.434670
-1.902856
-1.141034
-0.103082
1.051650
-2.838708
-2.767259
-0.569313
-3.101614
-2.245537
2.912361
1.699120
0.668289
-2.677945
-1.261093
0.449760
-1.892547
-2.403778
-2.649783
-1.467715
0.569313
2.055274
-1.967876
0.664046
1.183921
-2.116451
2.194819
-0.523278
2.731465
-0.715744
-2.819842
-0.540420
-0.340979
-0.060532
-2.772259
-2.767259
-3.141593
0.762147
-2.403778
0.255182
-2.085248
0.912908
-3.053585
-3.104573
1.742987
1.742987
-2.214297
1.261093
-2.690931
1.441094
1.019141
-1.144169
1.601090
2.425849
-2.125104
2.005467
0.674741
-2.754717
2.589938
1.797595
2.618314
0.533708
1.538549
-2.466852
-1.325818
1.922241
-1.776192
-1.922241
2.259721
0.295441
-2.651635
0.071307
-1.238737
-0.643501
0.170735
2.386488
0.132552
-1.222025
0.620249
-1.997424
1.122073
-0.236849
-2.711830
-0.712358
2.327631
1.030377
-2.969402
2.176341
1.975688
0.312042
-2.256526
1.717875
-0.073939
2.831890
-2.582993
1.467715
-2.741352
-0.837981
0.418224
1.292497
-0.179853
0.785398
0.832981
2.922924
2.089942
-2.406153
0.235545
1.904041
3.141593
0.129703
2.070143
2.205823
-2.221873
1.570796
1.653938
-2.950408
-2.176341
-1.637364
-0.073939
-1.451367
-0.870903
-1.536327
-1.881795
1.911775
-2.330559
2.613518
-1.570796
0.103082
-0.579074
2.019520
-0.574305
-3.141593
-0.840897
2.471954
-2.982937
2.706922
2.498092
-0.137066
-0.649870
-1.076855
-0.211093
2.279423
-0.934288
-2.649783
1.203622
2.731465
2.510513
-0.756835
0.000000
2.498092
-3.112189
-2.553590
2.147172
1.760785
-2.016902
2.774419
-0.244979
1.487655
-0.032247
-2.178598
0.954499
0.607802
-1.570796
1.325818
1.892547
-2.631104
0.038443
3.061763
2.194819
-1.892547
-0.588003
2.994514
-2.994514
2.840672
-0.354706
0.152649
-2.125104
-1.355439
0.628796
1.197809
-2.697173
2.819842
3.103150
1.190290
-1.570796
2.256526
-2.034444
2.767259
-1.537475
0.519146
-0.866302
1.815775
1.753907
-2.081285
0.039979
1.107149
-1.504228
-2.446854
0.446106
-2.498092
1.007480
-0.972377
1.570796
0.244979
-1.056345
-2.331809
0.919720
2.239086
-0.260602
-2.308611
2.859038
0.682317
-1.259798
0.510488
-0.785398
2.767259
-1.806341
2.517570
-2.184004
-1.761981
2.961739
-0.491809
3.141593
-1.196463
0.588003
0.920926
0.119429
-1.527345
1.881795
-2.768605
-3.038511
-2.711830
1.527345
-2.016902
-0.310998
2.187093
1.985303
1.959115
0.737815
0.890275
2.677945
-1.605265
-1.160669
-2.070143
-1.237552
-1.601090
-0.493941
-0.418224
1.971037
-2.831890
0.114877
-0.079830
2.111216
-2.286540
-3.173840
-1.024007
0.197396
0.404892
-0.758378
2.850136
-2.245537
2.504044
1.477320
2.228685
-2.976444
0.309703
-1.379612
2.594804
-2.704965
2.574863
2.411693
0.540420
-2.261243
-0.197396
1.913820
2.918116
2.466852
2.755710
-0.141897
-2.622447
0.137066
0.269167
-2.521343
-0.096474
-1.410883
1.144169
2.613518
-2.245537
0.218669
1.735945
-0.763180
-2.437099
-2.587285
2.451146
-1.335251
3.050933
1.343997
-1.570796
1.700499
0.463648
-1.808632
-1.508378
-1.922241
-0.392340
2.441700
-2.677945
2.907849
-2.330559
-2.886410
0.039979
1.776192
-2.736701
-0.596199
0.400241
-2.384758
-0.394791
-0.605545
1.637364
-0.729900
-1.725793
-0.855053
-2.356194
1.206817
0.962994
-2.786887
1.570796
2.383215
-2.912361
-1.730709
0.729900
0.062419
0.062419
-2.148698
-2.525296
-2.944197
1.297788
1.442473
2.660705
-2.050316
2.840672
2.796037
-0.244979
0.043451
0.620249
0.367174
-1.453688
0.295441
0.528074
-2.601173
2.414950
-0.972377
0.870903
1.650626
-2.275290
-0.651077
-2.937575
2.601173
0.463648
0.463648
-2.283154
3.050933
-0.994421
-0.880350
-1.141034
1.536327
0.600050
0.708626
-2.261243
1.934775
-2.356194
-2.829551
-0.124355
2.378413
-0.321751
-2.221873
-0.052583
0.812419
-2.425849
-2.717398
1.616220
-0.260602
-2.034444
0.785398
1.523213
1.317122
1.644735
-0.321751
-2.618314
-2.906048
2.761086
1.570796
0.533708
-0.429762
1.647568
1.405648
1.237552
-0.310998
1.190290
2.887919
-2.504044
-1.937970
2.098871
2.498092
0.718830
-0.351445
-1.723446
-2.441700
1.047518
1.001483
-0.960070
-0.188222
1.016489
-0.690446
-2.070143
-0.972377
-3.048116
2.863293
1.012197
-1.892547
0.828849
0.753151
0.321751
2.310771
1.004067
-2.961739
-0.819867
0.982794
1.639653
-1.051650
-2.976444
-1.359703
0.540420
2.586099
1.570796
1.039072
-2.381830
-1.781890
2.356194
2.809533
-2.809533
0.636508
3.075024
-2.830594
1.866237
-1.806341
1.985303
1.570796
-2.483704
2.498092
-2.944197
-2.660705
-2.850136
2.207305
0.809784
-0.920926
2.663240
2.129396
2.579671
-0.970746
-0.114877
-1.035841
2.331809
1.494024
-0.096474
1.123276
-0.309703
-0.927295
0.034469
0.919720
-2.446854
-3.070285
-2.809533
-1.610775
-0.699893
2.134113
1.487655
-1.042722
3.072736
-0.183111
-0.972377
-1.310194
2.231839
-0.643501
0.807617
-0.380506
0.962994
1.657535
-2.466852
-2.132718
-2.570255
-0.866302
0.096474
2.356194
0.636508
2.622447
0.690446
0.223477
-0.386876
0.870903
-1.508378
1.487655
-2.199593
-0.507099
3.072736
-2.228685
0.994421
-1.712693
0.726642
2.859038
1.222025
-2.720173
-0.758378
-2.616797
-1.433730
-2.798569
2.868584
-1.716809
1.951303
1.750650
-1.435269
1.979704
1.673878
2.332943
-2.125104
2.695487
0.421419
-0.152649
-2.782822
-0.165149
2.843094
-1.902856
2.651635
2.634494
