-2.116451
2.896614
2.553590
1.165905
0.708626
-2.228685
3.053585
-1.670465
0.401229
1.343997
-2.594804
2.417343
-2.142134
-1.451367
0.137066
2.999696
-0.283794
3.068552
0.737815
-3.094010
-1.325818
-1.130954
0.832981
0.380506
-2.561590
0.574305
-2.089942
2.988943
-2.982937
-2.134113
-2.723368
-1.282741
1.570796
1.107149
-1.261093
2.297439
-0.130827
1.543026
-0.750929
0.982794
-2.439336
-1.176005
-0.569313
2.284887
-1.774814
2.325901
-2.589938
1.880499
-1.637364
0.885067
-2.455863
0.412410
-0.266252
-2.145101
-2.399645
-0.694738
0.215358
-2.167973
-1.504228
2.976444
-2.651635
2.976444
1.570796
-1.006227
1.379612
-2.034444
-1.997424
-2.697173
2.530867
-1.487655
0.463648
-2.944197
2.553590
-2.149871
1.446441
-2.808348
-2.477546
0.588003
-1.892547
-1.396124
1.373401
-2.151553
2.627141
0.000000
0.540420
-1.681454
-0.605545
0.000000
-2.743070
-1.853351
1.604117
0.534955
-1.236059
-2.570255
-2.755710
-2.034444
2.226492
-2.944197
-2.733444
-2.158799
-1.046001
1.873681
-2.034444
-2.214297
1.225241
-1.474323
-0.499347
0.694738
1.892547
1.152572
2.582993
1.742987
-1.735945
-1.781890
-1.837048
1.901892
-0.588003
-1.421906
2.498092
1.789465
1.570796
2.927532
-2.508844
1.418147
-1.310194
-2.627141
-1.292497
0.000000
-0.577902
2.553590
-1.480136
-0.674741
-1.862253
1.929567
-0.862170
2.761086
1.526381
-1.892547
1.201463
-0.179853
-3.075024
0.296546
-0.632749
-2.701750
-2.579671
-2.570255
-0.266252
-2.536048
-1.165905
-1.687905
-1.892547
-0.385883
0.714091
0.262995
-0.482513
-0.785398
0.896055
0.128323
-2.525296
0.041643
0.732815
-2.377468
0.154997
2.034444
-2.308611
-0.158655
2.111216
2.158799
-2.498092
-2.553590
-1.637364
1.730709
-1.134169
2.356194
2.753274
-1.401018
1.382575
-2.863293
-2.618314
-0.218669
0.041643
1.373401
1.892547
-1.317122
2.034444
1.723446
1.815775
0.410127
-1.843805
-0.674741
2.129396
-1.024007
2.483704
-1.152572
2.642246
0.726642
-0.235545
0.244979
-2.714965
0.392340
-0.688924
-2.393215
-0.687671
2.932570
2.422763
-2.884269
-0.870903
-1.107149
-1.315614
1.471128
-2.060754
-1.548578
2.356194
-1.063698
2.591739
0.380506
1.165905
-1.467715
-1.004067
2.473303
-0.463648
1.994991
2.176341
-2.459276
1.712693
-0.104877
2.329174
2.896614
2.316216
1.616220
1.284745
0.079830
1.807645
0.530216
-0.244979
2.034444
2.846152
1.951303
-3.022164
2.208345
0.704494
0.179853
-0.302885
-1.147942
-0.785398
-0.099669
1.570796
2.312744
-1.197809
-1.177738
2.505084
2.312744
-0.170735
-1.301629
0.321751
1.837048
1.695151
-2.884269
-2.792822
0.540420
-0.499347
1.815775
1.304544
0.507099
0.244979
1.975688
2.914794
0.992894
0.146012
-2.275290
-0.968509
-2.634494
0.548549
-0.528074
0.099669
-1.975688
-0.832981
-0.321751
2.593043
-0.390607
-3.013269
0.851966
-1.647568
-1.012197
1.030377
1.352127
2.214297
-3.011890
2.770701
-1.892547
-1.347320
0.847817
3.141593
2.228685
0.049958
2.910502
3.141593
-0.369334
0.358771
2.613518
2.253113
-0.510488
-1.843805
-2.766322
-1.892547
2.125104
1.854590
-2.390664
0.954499
-1.487655
-2.268699
1.267911
1.925502
-1.016489
-2.589938
-1.929567
2.226492
-2.578276
-2.930499
0.000000
0.885067
-2.003204
1.527345
-2.811968
3.004526
-0.519146
-0.027771
0.348771
2.007423
2.782822
1.190290
-1.267911
2.083186
-1.665748
2.327631
-2.840672
-2.034444
2.798569
1.804540
1.107149
-0.110657
-2.718739
-1.212026
-1.862253
-2.587285
-0.158655
2.504044
0.665969
-1.735945
-2.356194
-0.484478
0.819867
2.158799
-0.421419
1.833791
1.107149
2.191046
2.922924
-1.670465
-2.651635
-0.332059
1.570796
3.050933
-1.373401
-2.838708
2.034444
-2.922924
2.140110
0.055499
-2.483704
0.110657
-1.272297
-1.147942
1.433730
1.325818
0.231091
-1.380808
-3.013269
2.158799
2.064738
-2.855541
2.750986
0.732815
2.081285
0.628796
2.077895
-1.130954
-0.669639
2.226492
0.253674
0.785398
-1.227772
-0.086738
-1.453688
0.674741
0.367174
-1.504228
3.022164
1.019141
-2.553590
-2.492597
0.449760
-0.802940
-2.969402
0.972377
1.951303
-0.726642
0.577902
1.876675
2.221873
0.872137
-2.319174
1.352127
-2.988943
-1.405648
1.681454
3.003587
2.582993
3.141593
2.158799
-2.356194
3.141593
0.915101
-1.093451
-1.881795
2.677945
-2.788602
1.222025
-0.463648
0.189988
0.463648
-1.797595
1.951303
1.071450
-1.165905
-0.244979
0.076772
-0.313621
1.618379
2.589938
2.214297
-1.841743
0.927295
-0.588003
-1.499489
-1.570796
1.929567
-2.158799
-2.412738
-2.736701
2.811968
-0.674741
2.148698
-2.582993
2.356194
-1.299849
0.000000
-1.438245
-1.934775
2.677945
-2.276365
-1.508378
0.000000
-2.286540
-0.721655
1.249046
-2.147172
3.109346
0.000000
-2.582993
3.041924
1.249046
-1.356736
-2.034444
-2.930499
1.471128
2.534605
-1.089909
1.730709
2.437099
-1.501940
-2.521343
1.951303
1.823351
-0.575425
1.892547
0.785398
1.800028
2.609869
-1.570796
1.190290
1.190290
-1.837048
-0.073939
-1.699120
-0.737815
0.512389
1.570796
2.944197
1.681454
-2.466852
-2.609869
2.240435
2.714965
-2.498092
-0.708626
1.910089
2.265535
-1.373401
-1.675673
1.441094
2.819842
0.028564
2.158799
1.951303
1.764008
1.570796
1.107149
1.538549
0.358771
-2.991221
-1.288241
-1.180189
0.554307
2.256526
-2.089942
-2.356194
-0.855053
0.000000
-3.030935
-1.712693
1.937970
-2.966920
-2.158799
-0.761013
-1.325818
-0.982794
0.982794
2.587285
-1.515298
-2.800614
-1.076855
-0.785398
1.499489
0.785398
-1.673878
-1.768192
-1.647568
1.862253
1.866237
-2.466852
-0.321751
1.172274
1.647568
-1.051650
-1.146602
-0.165149
0.065125
2.651635
-1.184914
3.061763
-2.256526
2.582993
0.148890
-2.191046
0.439843
-1.815775
-2.746802
1.412141
0.226799
1.352127
-0.950547
-3.091634
2.034444
-2.165556
-2.384758
1.212026
1.152572
1.107149
2.439336
1.499489
0.367174
3.141593
-2.690140
-3.099950
2.651635
3.141593
2.613518
2.019520
0.942000
1.325818
-2.819842
1.833791
-1.332187
-1.227772
-1.806341
-1.892547
-2.191046
0.090660
-1.642104
-2.803714
2.129396
-0.176709
-2.446854
2.399645
3.046641
-0.345556
-2.819842
-1.480136
1.723446
2.587285
0.343024
-2.034444
1.480136
1.929567
3.086094
2.723368
-0.927295
-0.996491
-2.819842
2.819842
0.702257
0.294235
2.647651
3.054854
-2.677945
0.674741
-1.623379
-2.806856
0.463648
2.611377
1.760785
0.643501
2.034444
-0.901157
-2.205823
-0.121352
-2.570255
-2.819842
0.238609
-2.062606
-0.291457
-1.071450
1.892547
-0.176709
-0.489957
3.109346
-0.690446
0.927295
0.588003
-0.946773
2.273053
-0.345556
0.321751
2.432966
1.030377
0.718830
1.141034
1.373401
1.806341
-1.892547
0.999459
2.380580
-0.229232
2.094075
-2.701750
2.890590
2.073640
1.249046
-2.111216
1.606495
0.548549
-0.463648
0.000000
-0.519146
-2.436024
0.982794
2.191046
0.785398
-1.670465
-2.258468
-0.651077
-1.128422
-0.540420
2.634494
-2.142134
-2.665897
-2.259721
2.886410
3.141593
