-0.161282
-0.142176
2.466790
-0.097289
0.168634
0.169640
-0.079198
0.051800
2.377542
-0.046213
2.335418
2.302018
2.428436
-0.295987
-0.146985
-0.116276
-2.334665
0.260809
0.096065
-0.980791
2.386778
2.316499
0.079066
-2.329259
2.751837
2.313452
-2.315807
0.140880
-0.172517
0.137686
2.472356
2.310008
2.258528
0.217907
-0.116184
0.084758
0.238966
-0.107239
0.062050
-0.137402
-0.136871
0.253479
0.286796
-2.400562
1.058886
-0.156655
2.294682
0.170755
2.304541
-0.218073
-0.068098
2.338085
1.010706
-2.408185
0.240572
0.106896
0.935971
-2.430532
2.367881
0.301872
-0.154029
0.129576
0.203746
-0.075123
-0.051860
-0.174708
2.153324
-2.326532
0.123576
2.300058
0.117749
2.433421
3.624613
-0.191004
-0.034149
0.358225
0.339127
-0.165820
0.062163
-0.029354
0.085517
2.859771
-0.147529
-0.133978
0.211307
2.319400
0.055755
-0.118420
2.325878
2.308498
0.189896
-0.067105
2.569865
1.494858
2.448185
-0.080660
-0.216499
0.518374
0.625288
2.247357
0.310452
0.202481
-0.020253
-0.040052
2.316399
0.071192
1.791496
-2.341637
0.123101
2.316201
-0.210121
-2.097491
0.092308
-0.315209
-0.049720
0.170392
0.174436
0.057547
0.405718
0.129905
0.168727
0.123468
0.129289
-0.170614
2.293857
2.305936
-0.048312
2.403846
-0.071752
-0.249117
2.397882
-0.166817
-0.141571
2.426545
1.021062
-2.284761
-0.009571
0.264471
-0.149424
2.331536
2.788149
0.069746
0.078023
-0.194674
-0.141428
-0.067958
2.273234
0.022397
2.498987
0.208636
0.193215
0.400723
0.138340
-1.029173
-0.060311
2.447444
0.224188
0.203984
-0.122160
-0.978744
-0.010418
-0.195707
0.094493
2.297461
0.019525
-0.023147
0.207051
0.378815
0.166647
-1.479906
0.146312
2.434955
-0.115994
0.190749
0.157988
0.162834
0.136472
-0.020170
2.274105
-0.108135
0.110787
-2.319445
-0.064830
0.031448
-0.189486
0.117074
-0.179554
0.117565
0.157804
0.852425
0.326835
0.139265
0.045578
0.011011
-0.037108
0.722400
1.058359
0.042175
0.457902
1.539370
0.187404
-0.105376
0.135225
-0.100434
0.123426
0.113387
-1.664186
-0.155411
0.094521
0.371816
-0.012189
0.113573
0.161593
0.006711
-2.307789
0.286395
2.617586
0.112319
2.378781
-0.019242
0.250253
-0.080652
0.006575
-0.185505
-0.080609
2.367954
2.549940
-0.069746
0.379767
2.278356
-0.060374
-1.691047
-2.192531
0.384190
2.384413
-0.106702
-0.161375
-0.060139
0.298045
-1.453909
-0.119926
0.486083
0.138677
-0.140509
1.157315
-0.160258
0.657916
-0.132082
2.363116
-0.185093
-0.184283
0.185841
2.769984
-0.157276
0.199162
-0.148493
-0.120420
0.095607
-0.203673
0.096275
0.039509
2.579280
0.301139
0.071296
-0.156364
-0.187125
0.080167
0.190960
-0.950159
-0.097620
-0.871899
0.346941
2.351129
-0.185584
-0.107067
2.283906
-2.386342
0.150060
0.227771
-2.346975
-1.044289
0.067108
0.226594
0.144010
0.060196
2.328975
0.047934
0.207554
0.164852
0.355613
0.932247
-0.197443
-0.264469
-2.217221
-0.098532
-0.144283
0.056750
-0.069255
-0.140607
-0.125508
0.207605
0.076524
0.117090
0.171809
0.120604
-0.047504
2.371218
2.320129
2.254234
0.312721
0.071568
2.388528
0.124898
0.213101
0.104240
-0.107739
-2.381392
-0.185235
-0.959881
2.300700
0.225486
-3.125743
-0.073151
-2.292579
2.357813
2.285687
-0.006521
2.354700
-0.415690
-0.189158
-0.146638
0.187477
-0.127652
0.176670
-0.147616
2.540824
-0.025840
-1.411124
-0.148885
-0.225096
0.064937
0.102119
-0.088221
-0.179313
0.152607
0.080272
0.941636
2.330872
0.030020
0.638994
0.099834
2.236264
-2.322052
0.007391
-0.009281
0.188846
0.154722
-0.176790
0.104595
-0.125278
-0.217821
2.377197
-0.040002
-2.346362
0.086140
2.357728
0.210698
0.042005
0.011169
-0.024380
-0.059882
0.153760
0.164616
-0.213852
0.219870
-0.340460
0.178192
0.100083
2.180813
2.544706
0.384386
2.339407
-0.119036
0.112517
0.300856
0.119857
-0.254162
-0.130091
2.380668
0.397299
0.253193
0.142338
1.027221
-0.241307
0.113561
2.300841
0.280436
0.044786
0.380931
0.104842
0.231542
-0.293415
-2.067431
2.331641
-0.068993
-0.030990
3.697678
0.136967
0.196971
-0.854714
-0.128141
0.354874
2.322278
0.056357
-0.172663
2.262324
-0.217351
2.309294
3.326168
2.256136
2.307869
-0.000705
2.645132
-0.224635
-0.073811
0.035687
0.148912
0.073968
0.085171
2.542802
-0.173495
-0.903230
2.326443
-0.239568
0.158945
0.154965
2.373751
2.586388
-0.033301
0.147078
0.055113
-0.062861
-0.546054
1.121355
-0.058232
0.161647
0.022509
-0.179151
0.061233
1.108400
0.941517
0.105615
0.117765
-0.146691
-2.398262
-2.269087
-0.130868
2.333791
0.146283
2.310408
0.641255
0.039035
-2.300467
0.039133
0.173712
0.337749
0.185559
-0.173639
0.058848
1.517057
-2.293644
0.523251
0.130459
-0.234502
1.459021
-0.053943
2.354297
2.437322
-0.135140
0.459627
0.232795
0.242140
-0.029749
0.145023
0.517572
0.957509
-0.150155
0.118567
2.326667
-2.309898
0.225188
0.199946
0.071334
3.142347
0.075644
0.322586
-0.010515
-0.059284
-0.096441
0.115740
0.085397
-0.052835
0.106671
-1.024888
0.185294
2.371500
2.370462
2.261588
-2.301607
0.126423
-0.157415
0.344114
0.124471
0.007889
0.103034
2.174345
0.044504
0.220200
0.151828
2.339290
0.088168
0.177060
0.018660
0.217476
0.085627
2.342317
-0.082000
0.164282
0.047664
-0.221757
-0.050491
0.210826
2.254529
0.106636
-0.189805
0.118219
-0.140238
-0.285276
2.268593
0.016903
2.354006
0.081892
0.555681
-0.183086
-0.058570
-0.180276
-2.286801
0.258159
-0.116380
0.150251
-0.000813
-0.200921
-1.439121
0.181982
-0.046875
2.284746
0.270974
0.282797
0.170439
-0.126221
0.271162
0.123564
-2.342926
-0.100014
-0.237316
2.359377
0.070989
0.159941
0.099433
0.015080
2.381516
-0.099570
-0.163653
0.254998
-0.108013
0.429927
-0.168338
-0.121638
0.097865
2.276850
2.493760
-2.297410
-0.074510
2.364250
2.515518
2.478140
-0.179450
-0.178112
-1.003490
2.388979
0.164099
0.110680
0.181020
1.939318
2.272139
2.249789
-0.114627
-0.034758
-0.040590
2.277975
2.528397
0.179287
-0.178602
0.126771
-2.252684
-2.241390
-0.150201
-0.206045
-0.865875
2.260711
2.328762
-0.017896
0.128256
0.060955
0.133371
2.338106
1.316373
-0.144314
0.149508
0.185072
-0.143523
0.128712
1.488297
0.339570
1.573170
0.336733
0.172893
2.433167
0.089658
2.343126
0.173554
-0.061219
0.118537
-0.043722
0.155463
-1.148396
-0.217321
0.168117
2.302961
2.297186
-0.794977
-1.389673
-0.038482
0.268314
0.124651
-0.162185
0.042972
-0.075549
-0.219350
-0.198733
2.314674
-0.057060
2.442799
0.121579
-0.060118
-0.183250
0.151591
-0.204107
-0.170831
2.430312
0.431690
0.082214
2.293822
2.422160
-0.067156
-0.095817
0.122025
-0.041422
0.170468
2.369265
0.301634
-0.202286
0.067151
0.090749
-0.092385
0.417555
-0.241439
0.196525
-0.090494
2.507216
0.124929
0.097341
0.012916
0.115056
-0.176613
-0.219782
0.955843
-0.224974
0.099205
2.353078
