0.116840
2.203719
0.256339
0.387834
0.178094
-0.192669
-2.411221
0.184818
2.295051
-0.177555
0.063334
-0.186035
-0.038872
-2.327829
-0.311078
0.035101
2.443400
-0.129750
-0.207944
2.341411
2.298864
0.138666
0.146865
-0.059268
-2.378043
-0.029308
2.404015
2.377868
2.377560
-0.041535
-0.218989
-0.076115
-0.236725
-0.059278
-0.013320
-0.219591
2.381745
0.116364
-0.165225
-0.200437
0.160927
2.281567
2.370049
0.109888
-0.138655
-0.077503
2.212897
-0.074151
-0.193784
0.141439
-0.037991
0.131985
-2.342085
0.013000
0.079468
-0.226957
2.258197
0.056963
-0.179554
-0.180497
2.168568
2.353624
0.094946
-0.236341
-0.054525
-0.081091
2.330606
0.176994
0.056132
-0.122613
0.155874
-1.038894
-0.171294
-0.181934
0.171423
2.233532
-2.392591
-0.270309
-0.226322
0.045523
2.254355
-0.151903
0.139820
-0.029003
0.133911
-2.227645
2.358187
-0.139836
-0.031726
0.128500
2.311587
-2.502915
-1.077929
-0.160966
2.317137
-0.140498
2.342945
2.736295
2.217667
-0.096565
-0.005621
2.397378
-0.102346
-0.183062
-0.050535
-2.207844
0.069469
2.363737
-2.337704
0.107576
2.406381
-0.346464
-0.077241
2.412971
-0.220297
-0.039914
-0.011807
0.151294
-0.160252
0.144961
2.443722
-0.057243
2.237167
-2.390192
2.325903
-0.218712
0.171102
-0.176927
0.069361
1.448875
-2.392093
-0.126424
0.079953
0.206562
0.218526
-0.103863
2.352918
2.449497
0.157948
0.090383
2.480086
-0.093900
-0.137105
-0.003371
-0.191569
-0.198356
2.447695
-0.179005
-0.064298
-0.008856
2.301558
0.096868
-0.070582
-0.989676
-0.219862
2.367141
-1.069620
2.264451
-2.359014
0.186085
0.107791
2.357036
2.295027
-0.134231
2.464569
-0.052991
-0.123285
-0.222685
2.154514
2.242218
-0.200354
0.119239
2.181831
-0.014868
-0.143987
-0.147529
0.115289
2.454213
-0.239634
-2.453943
2.304939
-0.229573
-0.109967
-0.216827
0.118809
-0.099190
0.092378
2.421301
0.148936
-0.068889
0.073459
-0.165605
-0.061057
1.487277
2.311617
-0.170023
0.229393
-0.134467
2.190439
-0.221904
2.437784
2.356052
2.391842
0.051027
-0.160386
-0.906699
-0.303156
2.314905
0.150654
2.186485
-0.314076
0.025112
-0.470981
2.233338
-0.193357
-0.191401
-0.226416
-0.309908
2.337702
2.115129
-0.075004
0.080250
2.232860
0.133711
-0.132835
-0.136644
2.309197
-0.271985
-2.576535
0.038857
0.165033
-0.010190
-0.163711
0.039825
0.060778
2.290847
-0.073097
2.318917
0.033079
-0.090113
0.065119
-0.078078
2.288112
-0.030665
-0.269061
2.313258
-0.206290
-0.042004
-0.118622
0.089195
-0.921662
-0.040913
2.244824
-0.122193
0.158740
2.184438
-0.434051
0.166383
2.269236
2.364379
-0.147793
-0.142144
-0.115091
2.436781
-0.156419
-0.272985
0.134008
-0.104078
-0.126687
-0.067410
2.301775
-0.204298
2.533310
-0.116004
0.061070
0.089680
0.177539
0.113411
0.162316
-2.366473
-0.175066
-0.076023
-0.180973
-2.502008
2.218951
-0.007216
-0.331663
2.405849
1.596200
0.175156
-0.042995
-0.150974
-0.174046
-0.256263
0.024074
0.107909
0.119114
0.236392
-0.231831
0.042622
-0.127173
-2.445119
-0.176314
-0.166817
0.117531
0.130835
-0.079502
1.632860
-0.154108
-0.124399
2.301676
-2.314687
2.333779
0.157634
2.278706
0.112473
-0.080368
2.210399
2.198048
-2.463859
2.370581
2.223400
-0.086945
2.289628
-1.016926
2.307764
-0.186533
0.119876
1.432106
-0.133658
2.246277
-2.425131
0.096106
-2.328237
-0.135796
2.387787
2.418371
-0.115374
-0.148499
-0.160231
-0.190426
0.011996
-0.247262
-2.306269
-0.215841
-2.434832
2.410290
0.114748
2.246314
2.368480
-2.350371
0.078113
2.202627
0.116563
-0.211217
2.307907
-0.088806
-0.255724
0.030959
-0.140053
0.143094
0.140351
2.409865
-0.135946
-0.002888
0.042045
0.036824
-1.096187
2.324140
-0.039798
2.197012
0.145956
-0.253884
0.222713
-0.226453
2.300807
0.140398
-0.128314
-0.366426
-0.969940
0.076800
-0.034833
-0.355011
0.165082
0.131718
2.337133
-0.077089
-0.003628
-0.069788
2.601539
-2.314246
-0.012549
-0.261042
-0.282380
-0.274783
2.179799
-0.196753
-0.112134
0.098846
0.050765
0.076773
0.154995
-2.393729
0.106607
2.354659
-0.184797
0.014789
-2.380189
0.135867
-0.317575
-0.051325
-0.039273
0.108154
-0.071978
2.300887
0.159086
-0.144613
-0.079747
-0.192606
2.214950
-0.259585
-0.092702
0.032426
-2.419723
-0.097765
-0.129789
2.548139
-0.203274
2.455528
-0.203360
0.105321
-0.151410
-0.987536
-0.235018
-0.149535
0.099292
-0.161681
0.035103
2.337421
-0.151581
0.141852
0.033391
2.322078
-0.259389
-0.109035
-0.062409
-0.180654
2.212869
-0.136082
-0.027779
-0.146220
0.084782
-1.075673
0.201835
-0.060903
-0.121868
2.223165
-0.014457
-0.179312
-0.127892
0.031807
-0.169222
0.143425
-0.133185
-0.070937
-0.068244
0.131896
-0.129713
-0.141279
0.137655
2.214046
-2.421378
0.096625
-0.024512
-0.324636
0.167625
-2.276457
0.132091
-0.077194
0.044069
2.265127
-0.104731
-0.198940
-0.044168
-0.134319
-0.027066
2.386593
0.079426
-2.412410
2.455386
-0.224718
-0.074463
2.344385
-0.265895
-0.159040
-0.092634
1.522825
-0.188327
0.256994
0.148115
2.365657
-0.316887
0.118427
0.109118
0.039387
2.452208
-0.185196
0.087240
2.390574
2.510650
-0.040893
0.120354
2.253479
-0.273403
0.182856
2.379127
-0.130921
-1.026198
0.087430
0.037473
0.068153
2.248153
2.433952
2.360529
2.442411
-0.231119
-0.037323
-0.139502
-0.008293
-0.225695
0.192492
-0.055711
0.131086
2.323943
-0.174798
-0.209986
2.232205
0.106002
-2.348033
2.328518
-0.240258
-0.134812
2.348470
2.272736
-0.119346
-0.066313
2.291972
0.402487
2.284066
0.162619
-0.156889
-0.266551
-0.224992
0.141530
2.352687
-1.078253
-0.120531
-2.338076
-0.135000
2.349621
2.254914
0.083076
0.138038
-0.179347
2.293487
0.044053
0.145351
0.111815
2.373083
0.033879
-0.032059
0.155806
-0.154809
1.338742
2.291945
-2.397362
2.282601
2.358400
-2.500949
-0.201591
2.377964
-0.122490
0.137207
-0.183272
-0.162208
0.151102
2.432156
0.049524
2.153443
-0.253863
2.267960
2.451151
-0.004892
-2.352880
-0.126157
2.232549
-0.179519
2.245175
-0.979260
-0.108208
-0.153469
0.106404
-0.216965
-0.181324
-0.149836
-0.196102
-0.014768
-0.126388
-0.095794
-0.176878
0.113665
-0.029886
-1.124844
-0.233688
-0.300228
0.121351
0.239798
0.177889
-0.257254
2.257841
0.055532
2.238189
0.150626
0.077219
2.209807
-0.192256
-0.110976
2.418533
-0.143358
-2.370014
0.133008
-0.170904
2.355408
-0.024381
1.474518
2.096174
0.179328
0.200176
-0.226149
0.074891
2.213375
0.082312
-0.257372
-0.222139
-0.233573
-2.404566
-0.307752
0.170666
-0.052345
-0.356725
2.330147
-0.208847
2.316882
0.076082
2.227795
2.311558
0.155800
-0.223210
-0.035536
0.067543
-1.087070
-0.012980
2.397847
-2.414623
2.379486
-0.971612
2.415437
-0.197399
0.229058
0.049316
0.115116
-0.200148
-0.208462
-2.503743
-0.108168
-0.214310
0.406596
2.371934
2.348620
-0.118791
-0.100957
-0.093541
2.176775
0.098548
-0.062565
0.132988
-0.185238
0.115333
-0.220199
-0.217616
