-2.326240
2.324175
-0.222657
-2.334857
2.249157
-0.090407
-0.959021
-2.427789
2.367030
2.237155
-0.104906
-0.196867
-0.054184
0.137209
0.074944
-0.288371
0.163861
-0.133194
2.396625
0.731263
0.133870
0.042928
2.342434
2.132025
-0.098183
0.094768
-2.291563
-0.847833
-0.099694
-2.447374
-2.394304
0.171969
-0.296254
2.260257
0.073623
-0.308840
0.143698
-0.133787
0.035220
2.293429
-0.145454
0.106870
0.104093
-0.175402
-0.031208
-0.349946
0.012077
-0.178180
-2.419587
2.295757
-0.137594
2.350561
0.122497
-0.131096
2.313098
2.327583
2.303143
-0.114396
0.007068
0.723231
-0.108501
-0.115396
-0.157096
0.071704
-0.116623
-2.356714
-2.593538
-0.075544
-0.177467
-2.360308
2.317921
-0.096943
-0.187568
-0.047965
-2.398667
-0.088341
-0.062104
2.248891
2.355262
-2.504280
-0.282397
0.072789
-1.042983
0.024826
0.126642
0.129676
2.302678
-0.011389
-0.106055
-2.320825
2.339785
2.370912
0.000074
0.033526
-0.031346
0.000300
-0.209116
-0.258985
-0.035986
-0.184941
0.237311
-0.165657
0.073930
-0.206806
-0.180887
0.098765
0.050399
2.154236
-0.283752
0.070080
-0.223617
-0.283984
0.005118
-2.330752
-2.382162
-0.191214
0.101210
0.037034
-0.175330
-0.250770
-0.223818
-0.192417
-0.327748
2.370151
-0.104946
-0.064403
0.089722
-2.397500
2.299278
-0.178272
-2.474391
0.142588
-2.351614
-0.170043
0.114769
-0.257530
2.384427
-2.383514
-0.160123
0.071421
-1.060917
0.267106
0.101742
-0.180733
-0.110118
-0.001908
0.079527
-0.165164
0.232788
-2.420991
-2.285961
0.171997
2.226050
2.354080
0.201323
2.316151
-0.183702
0.140105
-0.041482
0.061760
2.340558
-2.349719
0.124677
-0.175569
-2.465054
0.103274
-0.267707
-0.209541
-0.255564
-2.331506
-2.385734
-0.219209
-2.367163
-0.203227
-0.252107
0.079048
2.349300
-0.197236
-0.059049
-2.497959
0.080007
-2.401213
-0.303068
0.171533
-0.148483
-0.229477
-0.326570
2.328341
-2.406046
0.139305
-0.288868
0.172310
-0.192998
0.097776
-0.177993
2.368202
0.031637
0.117537
-0.008476
0.153960
0.224111
-0.053341
0.118138
1.484896
-0.039814
-0.206383
0.190205
0.142243
0.060028
2.197142
-2.338091
0.110416
-0.186077
0.070567
-0.263229
0.161817
-0.141921
2.217471
0.198424
-0.158215
0.065417
-0.116505
-0.106128
-0.276012
-0.367605
2.288552
-0.090538
1.455677
-0.241894
2.401126
2.239142
2.265315
-0.084684
0.129520
-0.294085
-0.254889
-0.025769
-0.450364
-0.989981
-0.094402
2.305460
0.270697
0.166462
0.052162
2.193422
-2.440971
-0.279181
-0.150145
0.077133
0.094694
-0.183041
-0.254531
0.121899
0.113345
-0.023163
-0.141187
2.303229
-0.175528
-0.170307
0.156946
0.054255
-0.213407
2.238110
2.329935
0.167086
-0.363356
-1.000349
-0.248181
0.123393
-0.105265
0.101702
-0.152675
0.156397
2.290634
0.050492
-2.323058
0.183755
2.338944
-0.146121
0.056077
-1.063270
2.257292
-2.394608
0.020220
2.312930
2.477249
-0.228822
-0.174540
-0.211863
-0.130959
0.007648
-2.264976
-1.193792
-0.229642
0.224843
2.329312
-1.035742
2.348621
2.267933
-0.168280
-0.236884
2.420847
-2.371160
-0.062618
-0.134689
-0.188960
-0.114162
-0.046792
2.343329
0.096023
-2.339597
2.339021
-0.198244
0.088358
-0.085300
-2.310498
-0.145164
-0.121418
-0.189721
0.020909
2.345716
-0.071273
-0.179006
-0.135835
2.385155
2.316136
0.105720
2.183428
-0.311933
-1.068983
-0.226279
0.041911
-0.303841
2.478637
-2.583966
-0.039651
-0.192785
-1.005068
2.396670
0.201514
-0.006725
-0.109367
0.001992
-0.008021
-0.137457
0.076162
-0.186516
-0.299165
-2.330045
-2.457184
0.096102
2.312984
-0.179505
0.106924
-0.197522
2.364193
-0.192280
1.635655
0.193822
-0.153526
0.187649
-0.212446
2.496256
0.109412
-0.207414
-0.122309
-0.166360
-0.189362
0.052814
-0.043657
0.159606
0.067897
0.001862
2.381985
-2.386556
0.135432
0.083341
2.436459
-0.267083
-0.250898
-0.097788
-0.144284
2.255224
-0.227460
2.278267
-0.176907
0.060274
0.056397
-0.216302
0.149732
0.046831
-2.547007
2.197848
0.076591
2.396933
2.322298
0.140066
2.469455
2.181877
-0.026496
-2.374632
2.407340
0.197153
-0.194036
-0.204135
-0.251312
0.071318
0.076581
-0.128584
-0.160805
2.241073
-0.229918
2.240050
-0.081228
0.059143
-0.296755
1.575324
-0.208662
-0.015947
-0.258146
-0.097978
-0.288867
2.258179
0.062694
-0.049048
-0.201445
-0.060124
-0.182080
2.200353
0.101548
-2.462312
-2.318540
-0.147102
2.203978
0.113379
0.168945
0.124784
2.281885
2.300589
-0.222799
-0.125892
-2.343497
2.306102
0.278948
-0.025091
0.103152
-0.123798
0.006109
-0.180780
-0.312987
-0.135193
0.090132
-0.159272
-0.150461
-0.202601
-2.370074
0.143418
0.091253
-0.135034
-0.142554
-2.374133
0.137002
-0.026409
-0.030765
0.095974
2.206904
2.392777
-1.010049
2.297812
-0.158949
-0.215036
-0.254454
0.038952
-0.049428
2.251784
2.273609
-0.104728
0.131262
-0.188111
-0.197762
0.094885
-0.194056
-0.335974
-0.203832
0.201512
-0.231787
0.226432
-0.252087
-0.235216
0.101242
-0.174782
2.300414
-2.333629
0.097979
0.124833
2.294029
-0.020795
2.345418
-1.075951
-0.318315
2.317199
-0.136032
-0.221958
-0.190058
-0.020485
0.078439
-0.270689
-0.182628
0.114917
0.134779
-0.118414
-0.110121
0.142902
-0.203989
-0.248035
-0.135218
-0.337311
2.445857
-0.227373
-0.004182
-0.134405
0.132586
0.131066
2.315421
-0.217181
-0.237129
-0.053505
0.122653
-2.626701
-0.118898
2.310158
-0.182345
-0.196481
0.115382
0.142590
0.124055
-2.358505
2.322611
-0.129781
-2.322958
-0.106486
0.014925
0.162802
-0.120735
2.289268
0.094021
-2.481814
0.082789
-0.303540
-0.105577
-0.151000
0.206478
2.305915
-0.166874
0.109304
0.089372
0.076493
0.177923
-0.142672
0.077557
1.455898
-0.022813
0.654373
0.039799
-0.133321
2.191827
-2.326619
-0.238769
-0.230450
2.341856
2.261017
-0.023245
1.447341
-0.388161
-2.378674
-0.135773
2.172490
-0.113956
2.305806
-0.124584
2.254169
0.036573
2.333158
-0.073364
-1.098681
-0.215789
2.440949
-0.192738
-0.157688
-0.108596
2.268829
0.062799
-0.058536
0.175513
0.079317
0.141495
0.111857
-0.212987
-0.254344
-2.341333
-0.106361
-0.277625
0.087900
-0.069361
-0.175552
-0.080899
0.021915
-0.150508
0.101160
-0.305485
-0.207106
0.023683
-2.357564
2.337933
2.198006
-0.263581
-0.170562
2.226817
-0.092783
2.477285
-1.024564
2.242736
0.146999
-0.213655
2.289337
-0.087792
0.101526
-2.465744
-0.156931
-0.096753
-0.148708
-0.129347
-0.016422
-0.182706
0.061927
-0.073148
0.366059
-0.136209
-0.182819
0.149171
-2.317695
0.032260
0.108189
-0.371611
0.115855
0.126381
2.525504
2.266774
2.369863
0.091110
0.074061
-0.099422
0.120208
2.302539
-0.154505
2.141163
2.306715
-0.195126
2.460630
-0.165448
-0.085420
2.349113
-0.108444
0.144181
-0.189062
-0.113424
2.357133
-0.232031
0.097318
-0.065741
2.354899
0.051522
0.037537
0.031600
0.087187
-0.055592
2.207368
-0.267802
2.231364
-2.431112
-0.023186
0.047550
0.125553
0.070677
1.374476
-0.059276
-0.096765
-0.020334
-0.179645
-0.319992
