0.320038
2.321736
0.236859
-2.244374
-0.182089
0.106140
2.584411
0.436790
0.889883
-0.152714
0.059880
0.386013
-0.142305
2.340606
-0.123846
-0.010663
0.416003
0.083148
-0.150920
-0.232743
2.742028
-0.159887
-0.071245
0.238894
-0.197227
-0.205633
0.034561
0.125981
0.188276
2.347743
-2.332573
0.037912
0.231320
2.518650
-0.183625
-0.052628
0.261714
-0.038671
2.395968
2.568971
0.259166
0.057107
0.112808
1.116312
0.998599
2.283549
-0.051943
-2.389250
0.269912
0.141152
0.087205
-0.267148
0.365864
-0.284049
-0.127335
0.057997
2.358602
-0.235554
-0.930927
-0.203787
0.474567
-0.139702
-0.117033
3.461765
2.493754
0.097560
-0.189191
0.084097
-0.909771
0.188417
-0.138895
-0.129904
2.393603
2.390548
2.286151
0.085358
0.408794
0.261302
-0.098533
-0.041782
0.074648
2.326671
2.402118
0.556074
0.338150
-0.141160
-2.187154
0.283264
0.280115
2.411975
-0.170249
-0.226090
0.116014
0.051710
0.076037
1.161766
0.091790
2.547335
2.366206
0.235702
-2.368847
-0.964088
-0.146346
-0.073912
-0.197622
0.109542
2.341603
0.187863
-0.070702
2.346441
0.507973
-0.125322
-0.024059
0.172922
-0.159251
-0.037511
0.437068
0.298360
0.848562
-0.005748
0.117885
0.201179
-0.079261
-0.191214
0.124712
0.317336
1.055785
-0.962883
0.499859
0.166069
0.160989
-0.131613
-0.117788
0.076160
-0.259056
0.131082
-0.182531
-0.125724
0.034805
-0.066919
-0.025323
-0.089789
-2.405176
0.412275
-0.189910
0.408388
-0.255267
-2.356149
2.410845
0.129953
2.347654
0.077900
2.486908
0.159987
-0.176780
0.149400
-2.108927
0.441961
0.052157
-0.094917
-0.177261
-0.022414
0.146769
2.258805
2.305006
0.056082
0.022816
-0.098550
0.294886
0.120594
0.119456
0.269522
0.377903
-0.134190
-0.086166
0.306722
0.144290
0.061126
-0.074966
-0.104909
-0.232856
0.281385
0.203306
0.090907
2.326847
0.098423
-0.832468
2.292478
-0.245488
0.041748
0.281057
0.090071
2.321623
2.610393
0.281230
-0.064875
-0.023358
0.293789
0.006398
-0.026432
-0.032116
0.282623
-2.295453
0.014904
0.110694
0.339938
-0.104377
2.403555
-0.136608
-0.177068
0.362986
0.896463
0.334996
2.372695
2.551971
-0.193271
0.068778
-2.306275
0.173549
0.303580
0.096709
2.308121
1.045472
2.308408
2.307348
-0.027651
-0.131888
-0.137193
0.162322
-0.097980
2.577011
-0.212402
0.157027
0.373570
-0.031436
2.666777
-0.234755
-0.103063
-0.285788
0.996262
-0.011249
-0.120938
-2.321567
2.727209
0.332081
0.019690
0.161104
0.149209
0.127812
-0.218872
-0.979434
0.866217
2.339590
-0.277850
0.145104
0.257129
-1.049163
-0.190775
-0.190971
-0.133120
-0.062004
2.619942
0.464104
0.136976
1.225134
2.609476
0.514378
-0.015831
0.108925
-0.019831
2.293679
0.159159
2.338343
2.597790
0.361410
0.146184
-0.041414
0.000041
2.593959
2.290989
0.278946
-0.205637
-1.006119
-0.050939
2.403678
0.117811
0.449096
0.033386
0.290958
2.335400
0.092871
-0.147760
-0.157734
2.458502
0.988152
-2.115246
0.038870
-2.326734
2.326114
0.094551
0.138272
0.091156
-0.107666
-0.077006
1.141363
0.146103
2.311013
-0.955304
-0.234900
-0.070202
-0.125904
-0.074207
0.119696
0.098392
0.280631
0.416094
0.093830
-2.302475
0.827588
2.310492
0.280477
-0.058853
2.456477
0.117970
-0.163756
-0.804899
-0.109832
-0.156548
0.159815
2.596794
-0.100219
-0.054211
2.610756
-0.095741
2.393526
0.312806
2.374014
3.513753
0.108232
-0.207778
2.365946
-0.208374
0.887271
-0.189924
0.070953
2.551779
-0.024129
2.366380
0.256327
0.941787
0.065838
0.879921
2.330327
0.082737
-0.127589
2.418915
-0.149233
0.129739
0.298437
-0.132522
0.132111
0.175073
-0.054216
2.317984
2.892937
-2.259178
0.106277
0.020116
0.114840
-0.118971
0.037236
-0.167070
0.309425
-0.218245
-0.059249
0.276362
-0.013847
0.270384
0.211624
-0.154641
2.313953
-0.027659
0.118503
0.124396
-0.133416
0.094218
2.646762
-2.075685
1.040106
-0.214844
-0.061684
-0.051477
-0.135572
-0.034128
0.065926
2.369354
2.314278
-0.136850
-0.119019
2.370187
0.168235
-0.113344
0.281792
2.407994
0.175144
0.136428
0.085373
2.653296
-0.186389
-0.188993
2.434757
2.311264
-2.360464
1.014225
0.199557
0.326908
0.184613
2.805457
0.119054
-0.108377
-2.343652
-0.965368
0.957815
2.457813
0.259031
2.284303
-0.056098
-0.059044
-0.075960
0.106144
0.088348
2.431200
0.162807
-0.266157
-0.178314
-0.152844
0.156578
-0.141075
0.182259
-0.101958
1.092522
-2.235012
0.033477
0.111699
0.352159
3.478571
-0.186743
0.041014
-0.063566
0.197588
-0.041505
2.466992
0.110733
-0.103389
-0.172539
2.632128
0.108090
-2.127588
2.248702
-0.193758
0.224580
-0.177554
-0.107713
-0.083169
0.224545
-0.193518
0.160384
0.022606
0.078290
0.348768
-0.174658
0.067976
0.084247
2.385068
-2.345702
-0.015923
0.140327
-0.093519
0.133986
2.330800
0.380261
2.398889
0.918889
0.070709
0.058733
0.086060
-0.013976
0.193536
2.662560
0.102102
0.102077
0.128172
0.097792
-0.150410
0.014004
-0.891401
2.276903
0.093025
2.441912
1.010883
0.244631
0.070309
0.110939
0.352756
0.151709
0.130174
-0.982482
-0.173862
-0.052782
0.304597
-0.193157
0.061673
-0.155397
0.231615
-0.171454
-0.228289
-0.121980
1.809065
-0.016098
0.888133
0.418416
2.417982
0.134000
0.423544
-0.129639
-0.152855
2.786600
-0.179187
0.043647
-0.003625
0.276372
0.381082
0.320202
0.029268
2.488530
0.117093
-0.166769
2.238981
0.327813
-0.078900
-0.181023
-0.215280
-0.121875
2.566423
-2.062692
-0.196566
0.087418
-0.152289
2.380048
0.367245
-2.315852
2.307380
2.382352
-0.064408
-2.323751
-2.332483
0.394313
0.935063
-0.142210
0.343652
0.413180
-0.146503
-0.035448
2.299881
-0.203926
0.147959
0.163510
0.082048
-0.135188
0.114397
-0.160809
2.344743
2.429223
2.648994
0.108376
0.389830
2.442054
-0.117269
2.347866
-0.171209
0.106640
0.228963
2.474243
-2.209958
1.202367
-0.158462
-0.146865
2.326298
2.461918
-0.109430
2.575029
-0.214878
0.492827
-0.084732
2.320635
0.160471
2.515555
-0.869957
-0.126493
-0.016437
-0.186939
-0.194619
-2.375766
0.265128
0.106446
-0.093338
0.120291
0.268564
0.998957
0.377136
0.074914
0.061374
-0.028390
0.142285
0.395307
0.148636
0.127921
2.344726
0.241350
0.398701
-0.049874
2.683365
2.349884
0.122610
2.398209
0.954723
-0.057752
0.074255
2.382901
-0.033257
-0.221956
0.301373
2.274688
0.085620
0.038530
-0.151420
0.418996
2.300865
-0.222079
-0.007209
0.152962
2.304153
2.387434
0.287231
-0.126559
-0.109070
2.456779
-0.115147
0.020256
0.112894
-2.337271
-0.013518
-0.186924
2.518765
-0.160388
-2.293783
-0.047170
0.965622
0.099810
-0.116287
1.523181
-0.277315
0.509158
0.033118
-2.094336
-0.182169
-2.111143
2.674209
0.253024
0.353507
0.063079
0.072425
-0.105729
-0.140723
0.255050
-0.249819
0.261566
0.327987
0.504701
0.284706
0.138049
-0.194811
0.739040
0.206077
2.353703
-2.325764
2.313320
0.109167
-0.159246
-2.335289
