-0.301484
2.166837
-0.303361
0.037459
-0.349124
0.340986
-1.770857
0.038726
1.046168
-0.572297
-0.245045
0.693723
-0.317149
-2.304791
0.566065
-0.027828
1.944617
-0.545027
0.550191
2.148631
1.959978
-0.358958
-0.338446
0.511298
-1.814966
-0.578294
1.774019
2.049655
1.898970
0.505562
0.579328
-0.521161
0.333735
-0.512556
-0.480408
-0.623818
1.703732
0.200364
0.424194
0.422537
-0.368742
2.069979
1.983999
0.101929
0.645354
-0.393603
1.984830
-0.538753
0.298721
-0.121542
-0.532785
0.086568
-2.112148
-0.435473
-0.288051
0.305286
1.898754
-0.377356
0.371097
-0.435428
1.396463
1.968670
-0.202937
-0.756863
-0.574044
-0.496608
1.826204
-0.324039
-0.268597
0.537505
-0.360601
-1.108976
-0.587451
0.469927
-0.456778
1.866482
-2.221144
0.404064
0.475360
-0.539627
1.403266
0.451071
-0.229559
-0.228880
0.153896
-2.182340
1.853438
-0.442995
-0.308271
-0.352559
1.979644
-1.814013
-1.285888
0.501102
2.098239
-0.444823
2.107638
1.624739
1.826811
0.705230
-0.496090
2.046884
-0.505326
0.509849
-0.393066
-2.114968
-0.226428
1.969403
-2.072157
0.026888
1.752776
0.432364
-0.622413
1.679450
-0.410540
-0.183229
-0.644230
0.055403
0.655126
0.090181
1.924952
-0.542070
1.701766
-2.125539
1.965204
0.506738
0.131516
0.259189
-0.392346
0.582599
-2.174618
-0.330957
-0.072856
-0.332701
-0.135160
-0.697386
2.246490
1.108422
-0.144655
0.005895
2.107994
0.634956
-0.510490
-0.485797
0.274397
0.341134
2.034143
-0.573668
-0.414315
-0.414308
1.175958
-0.055559
0.320289
-1.184254
0.291399
2.052109
-1.207746
1.710824
-2.144892
-0.267109
-0.124457
2.001603
1.108474
-0.539547
1.483847
-0.716913
-0.561029
0.725552
2.089800
1.939610
-0.529222
-0.301937
1.800723
-0.425976
-0.605844
-0.607258
-0.312280
1.913812
0.534365
-2.218280
1.934714
0.256575
-0.466073
0.517627
-0.050831
0.723357
-0.038343
1.050521
-0.070819
-0.054989
0.033859
-0.712921
-0.729907
0.211236
1.986170
-0.542334
-0.028900
-0.393018
1.999997
-0.720001
1.023956
2.220703
2.291786
-0.532175
0.288198
-1.386312
0.421316
1.903210
-0.104606
2.140736
0.582261
-0.464124
0.490713
1.890943
-0.635566
0.522388
0.502584
0.603009
1.910104
2.085071
-0.434050
-0.267074
2.084946
-0.417143
-0.390835
0.593556
1.899436
-0.546374
-1.745951
-0.312677
-0.233701
0.068016
0.664935
-0.043774
-0.187031
2.000723
-0.305030
1.956532
-0.106201
-0.556993
-0.255230
0.593762
1.873769
-0.648140
0.470402
2.257355
0.040296
-0.427715
0.396393
0.035844
-1.267668
-0.610120
2.091850
-0.532791
-0.119313
1.822519
0.337014
-0.006147
1.989555
1.983155
0.747722
0.446273
-0.542046
1.764425
0.479342
-0.316141
0.006788
0.413227
0.501084
-0.517178
2.094890
0.501141
1.086333
-0.531434
-0.337513
0.017815
-0.402886
-0.176579
-0.375519
-2.178462
0.433605
-0.492001
0.649679
-2.151232
1.799047
-0.210438
0.440020
1.689205
0.292950
-0.224986
0.519087
-0.641174
0.529055
0.556685
0.042068
-0.214659
-0.223876
-0.160923
0.572190
-0.143077
-0.561557
-1.636908
0.721934
0.577342
-0.258926
0.018440
0.612227
0.160814
-0.492550
0.498346
2.184874
-2.109569
2.353401
0.002613
2.020071
-0.047624
-0.509062
1.869999
1.899313
-2.123560
2.111260
2.183353
-0.543372
1.813629
-1.108112
2.145255
-0.354885
-0.061666
0.647570
-0.565608
2.471653
-1.754002
-0.039686
-2.250532
-0.298477
1.968928
1.996914
-0.474353
0.648649
-0.368690
0.313201
-0.250769
0.568557
-2.286305
0.767946
-2.086793
1.947018
-0.182416
2.244796
2.126792
-2.257382
-0.003551
2.059289
-0.416857
-0.536147
1.916358
-0.521139
0.367556
-0.302733
0.440081
0.106159
-0.281787
1.189735
0.255463
0.555151
-0.130268
-0.562240
-1.231731
1.910443
-0.254924
1.850299
-0.191763
0.682187
-0.464289
0.457391
1.275414
-0.422546
-0.367898
0.037212
-1.102534
-0.270019
0.105708
0.243171
0.086915
-0.395418
2.152161
-0.531917
-0.722268
-0.678652
2.083721
-2.127209
0.051742
0.462849
0.533303
0.512015
1.917113
0.271119
0.654849
-0.434107
-0.202678
-0.484530
-0.286777
-2.240144
-0.111034
1.673064
0.548833
-0.695043
-1.693124
-0.002316
0.520993
-0.597472
-0.783760
-0.284755
-0.005318
1.907298
-0.113626
0.690312
-0.503540
0.560568
2.057655
0.508866
-0.740128
0.017574
-2.129860
0.542150
-0.576890
2.252592
0.521115
1.853497
-0.467161
-0.010453
0.375623
-1.158565
0.575090
0.546173
-0.016712
-0.622677
0.070218
1.795104
-0.560963
-0.106784
-0.262538
2.062997
0.604580
-0.485595
-0.016031
0.409992
1.533119
-0.537624
-0.534282
0.491949
-0.268743
-1.181198
0.218289
-0.328727
0.353548
1.959232
-0.398166
-0.339421
-0.343567
-0.031482
0.668211
-0.426249
0.828984
-0.493656
-0.561662
0.028760
0.446650
-0.731424
-0.141277
1.900736
-2.266138
-0.150687
-0.206161
0.374018
-0.189262
-2.160171
-0.243531
-0.511055
0.244827
1.926293
-0.608725
0.407143
0.539459
-0.636536
-0.331067
1.904567
0.055232
-1.740352
1.226003
-0.437044
-0.667560
2.061219
0.310191
0.615802
-0.462495
0.470779
0.774490
-0.137492
-0.019136
1.976735
0.107731
-0.436193
0.082701
0.120971
1.117145
0.664907
-0.200321
1.914040
2.088760
-0.394070
-0.162573
1.112787
0.591220
0.105015
1.799842
-0.521567
-1.222739
-0.233028
-0.254980
-0.288224
2.088175
1.952135
1.812796
1.291164
0.565295
-0.634987
-0.639181
-0.024525
0.561273
-0.127334
-0.488416
0.061412
1.899528
-0.518845
-0.519933
2.255972
-0.120042
-2.230176
1.941407
0.400475
0.352889
2.116714
1.758395
-0.678604
-0.597386
2.374260
0.224147
1.850690
-0.092161
0.400598
0.398858
0.279644
-0.078088
1.884631
-1.281670
-0.563751
-2.192876
0.495736
2.363689
1.845253
-0.085762
-0.355862
-0.582263
2.083318
0.106143
-0.075231
-0.088996
2.112722
-0.116968
-0.511381
-0.235234
-0.650777
0.549417
2.065359
-2.218651
1.909746
1.989636
-1.620782
0.536337
1.893817
-0.659971
-0.155205
0.294428
0.390794
-0.121850
1.059928
-0.333713
1.853465
0.567235
2.180265
1.995120
-0.552180
-2.183979
0.575480
2.468338
-0.627238
1.897448
-1.211495
-0.590292
0.456783
-0.365098
0.482392
0.364532
-0.607532
0.545719
-0.672139
-0.598260
-0.651105
0.464949
0.168362
-0.171079
-1.265694
0.427400
0.613913
-0.233842
-0.040999
-0.261991
0.522499
2.137203
-0.031453
2.004928
-0.097344
-0.146829
1.792145
0.283009
-0.514447
1.043069
-0.683595
-2.042478
-0.124085
0.650740
2.178234
-0.363606
0.521019
1.720881
-0.194447
-0.363506
0.567965
-0.239540
1.938088
-0.058278
0.308635
0.453349
-0.527035
-2.299446
-0.534915
-0.117223
0.072180
0.562209
1.859534
0.578652
1.853992
0.187773
1.673265
2.022723
-0.395260
0.333390
-0.400364
-0.080080
-1.115216
-0.525974
1.981117
-2.211101
1.863874
-1.154836
2.138569
-0.588884
-0.177813
-0.564035
-0.305703
-0.534141
0.634533
-2.167880
0.464837
0.512980
-0.339600
2.208495
2.118575
0.478544
-0.390349
0.726967
1.850482
-0.007853
-0.586616
-0.021857
0.697950
-0.472343
0.594914
0.585967
