0.497400
1.236325
0.520934
0.610187
0.359673
-0.577905
0.131719
0.700498
-0.545673
-2.162838
0.087247
0.365795
1.749310
-1.117718
-0.571785
1.954564
0.046915
0.722247
0.611235
-0.634623
0.678265
1.775579
-0.147576
-0.345854
-0.584480
-0.503271
0.670724
0.451984
0.616371
-0.229183
-0.304492
0.737116
2.211221
-0.165978
-0.298596
-0.322394
0.475510
-0.255647
0.585211
1.585080
-0.154222
0.590816
0.288262
-0.524679
-0.594240
0.228577
-0.184310
1.847176
-0.466305
0.532701
-0.180765
-1.240696
0.595720
2.114010
0.568477
1.982998
-0.398237
-1.479082
-1.989332
1.927531
0.043260
0.137136
0.689731
-0.199977
-0.492397
-0.594876
-0.376281
0.706230
-0.389526
-0.480750
-0.021677
-0.631575
-1.379369
0.615336
0.503790
1.864448
0.676912
1.935010
-0.087067
0.289756
-2.234392
0.051154
0.095685
0.379325
-0.170974
0.652828
1.888428
0.104967
-0.579824
0.276873
-0.283469
2.087895
0.676074
-2.040311
-0.576121
-0.703141
0.465604
-0.378420
-0.564956
2.010931
0.186612
-0.103959
0.949200
-0.472754
0.557768
0.363551
0.276167
1.181822
1.901428
2.133549
-0.537959
2.186537
-0.066127
-0.264513
0.041966
0.348963
0.083855
-0.073788
2.026105
0.526920
0.275076
1.805359
-2.015591
-0.007917
0.486089
-1.149336
-0.437002
-0.078025
-0.573554
-0.037302
1.079776
0.315532
0.669244
-2.032199
2.040987
0.750446
1.824468
-0.106816
-0.037757
0.144717
0.562129
0.490409
2.267292
2.033166
-0.460189
-0.410701
0.322937
-0.036881
-0.077422
1.904333
0.020970
1.937234
0.379693
2.029505
-0.061768
-0.245642
-0.571153
2.169949
0.575612
1.997936
-0.325354
2.144644
0.361549
-0.553325
-0.113898
-0.517751
-0.563867
2.189034
1.979785
0.690632
0.572786
0.586753
-0.586143
-0.493330
-0.037209
0.103120
-0.288671
-1.135929
-0.190068
-2.050778
0.600910
1.618967
0.610875
0.308598
0.666774
-0.513702
-0.141169
-0.481214
-0.214420
-0.432393
1.886392
-0.391292
-0.393122
-0.334120
0.024884
0.648166
0.573496
-0.372426
-0.054482
0.618331
2.169565
0.493844
1.852218
2.221281
0.124200
-0.241270
-0.162558
0.026357
0.595473
1.913218
-0.210763
-0.089896
-0.638780
0.579927
-0.394314
-0.488880
0.742383
-0.186691
-0.349792
-0.470680
-0.046531
2.285329
0.059674
-0.200277
0.770918
-0.043075
-0.673812
0.406127
2.130842
-1.990935
-0.519139
-0.290832
0.140355
-0.491965
-0.061194
-0.303158
1.804320
0.689302
0.676370
-0.333547
-0.209537
-0.393703
-0.653139
-0.495230
1.902393
0.079941
0.477403
-0.515129
1.875343
1.890874
-0.179494
0.010096
0.619734
-0.559860
1.769658
1.859256
0.337728
-0.119514
-0.642459
-0.077987
2.090060
-0.309165
-1.342260
0.543526
0.098928
-0.232953
0.593447
-1.163198
0.359008
-0.072905
0.643664
-0.420628
-0.254684
1.801847
-0.088856
0.559618
0.160264
-0.412768
0.575890
0.503539
2.522104
0.622173
0.103178
0.625021
0.374246
1.881637
-0.335568
0.430255
0.102752
-0.198070
-0.341208
0.092610
-0.307108
-0.212815
0.587033
1.799485
-0.549009
1.974457
-0.083038
-0.583126
0.423951
0.636841
-0.089646
0.159466
-0.528367
-1.947029
-0.277007
-0.150733
1.881381
2.526918
0.421144
-2.166369
0.704982
-0.435745
-0.374908
2.257894
0.338487
1.875517
0.749699
2.108304
0.503760
1.825310
-1.279934
-2.153016
-0.393726
0.497090
1.760419
-0.335707
0.746989
-0.449759
1.835178
-0.370282
0.504874
2.035825
-0.559136
0.329809
0.317800
-0.514440
-0.637487
-0.372457
-2.058689
-0.445501
0.448526
-2.055696
-0.540039
-2.069202
-2.046553
-0.439147
1.931981
0.564077
0.494496
-0.100634
-0.155806
-0.058209
0.616338
-0.588845
-0.160021
-0.491572
0.397693
0.396681
0.775595
0.453195
0.485777
0.401068
-0.347971
0.642062
-0.040981
-0.111554
-0.340421
0.706623
-0.326690
0.445334
1.657262
0.207832
0.481863
-0.508177
1.937394
2.017276
-0.517487
2.061690
-0.607731
1.805263
0.086843
-0.307955
0.133886
1.093332
-0.082972
-0.535906
0.693165
0.083318
0.274813
-0.412140
-0.514339
0.487797
-0.270696
0.549161
-0.066679
1.914300
1.823768
-0.074143
0.254469
0.707752
-2.205151
-0.308496
-0.267103
-0.083593
-1.155076
-0.472895
0.632825
-0.649943
-2.110540
2.062347
1.971121
-0.082575
-0.354397
0.642528
-2.192164
-1.471392
0.565402
-1.942899
-0.340887
-0.218854
0.695607
-0.424000
0.367696
2.294276
0.203620
-0.553649
-0.028485
1.919579
0.016714
0.326380
0.477886
-2.026520
-0.012323
-0.445023
0.026256
0.448068
0.449922
-2.099582
-0.262992
-0.296176
2.213261
-0.547737
2.036470
0.534514
0.504528
1.673192
1.965346
-0.567108
-0.053298
-0.134289
-0.243249
-0.015771
-0.429672
0.289669
-0.030784
-0.420711
-0.233907
-2.094213
2.085638
-1.958569
-2.052511
0.070703
1.161126
0.542584
-2.024500
-2.177187
-0.269337
0.585243
2.270995
-0.552433
0.640412
0.729801
-0.502642
-0.234559
-0.014924
0.334703
2.038938
1.868570
0.404756
-0.251024
-0.202433
-0.250392
-2.115239
-1.988047
-0.427797
1.922272
0.566706
-0.493494
-1.221666
-0.388374
0.689714
2.041356
-0.385891
0.646395
-1.507873
0.600962
-0.515919
1.913200
0.005421
0.490659
-2.059002
-0.434965
-0.368859
0.514977
-0.258943
0.560429
0.498453
0.623526
1.816720
0.373784
0.588356
2.064587
0.665183
0.587639
-2.173519
0.726764
-0.331467
-0.317260
0.108711
-0.195623
0.749230
-0.676772
-0.171592
0.842173
-2.224834
0.758493
-2.092187
-0.416718
-0.500747
1.849512
0.709710
-2.208026
-0.183616
0.388424
2.261766
0.264607
-0.267922
2.206999
-0.026867
0.492533
-0.622293
0.043819
-0.114572
0.096748
-0.483593
1.588200
0.293729
-0.440513
0.059791
1.117792
0.495870
0.128386
0.507366
1.942960
0.047849
0.480246
-0.561785
-0.439079
0.576890
-0.636010
0.036487
2.026538
-0.415687
-0.410127
-0.489633
0.041718
0.828623
0.781493
1.325458
0.059355
-0.145948
1.006223
-0.292261
-0.551077
-0.035343
-0.460613
-0.555002
2.013347
2.098918
-0.146121
-0.219080
1.139423
-0.645484
-0.041481
0.247403
-1.467057
2.022410
-0.524384
0.415628
0.473854
0.014896
-0.645597
0.742784
1.939850
-0.143829
-0.048762
-0.496128
-2.224329
1.272316
-2.181977
-2.261077
-0.557133
2.128920
-0.596653
-0.489933
0.623469
-0.566550
-1.675592
-0.560239
-0.592232
1.884829
2.003248
1.662422
-0.230737
-0.370609
0.638742
1.805128
-0.320418
0.747757
2.040916
0.660535
-0.014018
0.777967
0.630900
0.629946
-0.477410
2.046790
2.203403
0.100780
-0.625765
-1.522102
-1.147029
-1.104039
0.558635
-0.242617
2.198897
-0.468785
-2.066216
1.066079
-0.483490
-0.364430
1.645866
-1.999457
-0.222898
0.565657
1.942643
0.572830
-0.394217
0.390897
0.263456
-0.249564
0.066592
-0.187704
1.291131
-0.266191
-0.431589
0.627736
0.592294
0.304631
0.569015
-2.100228
-0.020764
1.087708
1.565782
-0.060584
-0.112333
-0.636800
-2.247271
0.441665
0.437414
-0.660254
-0.497993
2.191057
-0.180171
1.926765
-1.114222
0.658812
-0.522332
-0.213432
2.000784
0.131106
-0.120561
0.720166
-0.448528
-2.203521
0.386878
-1.188085
-0.155257
