-0.249586
1.831808
-0.440294
0.527153
0.019744
-0.356213
-0.574947
-1.896706
-0.062501
1.549709
0.426148
0.524258
1.967786
0.725149
0.208267
1.268973
0.594731
0.608389
0.662044
0.514403
0.743922
0.201778
-0.420985
0.533759
1.957177
1.104662
2.000086
1.897712
-2.018651
-0.710420
-0.542005
1.158643
1.877520
-0.190314
0.492869
-0.239846
-0.110875
0.363178
0.060987
-2.286861
-0.253074
-0.136335
0.111311
1.894451
-0.573631
-2.112020
-1.142254
0.352948
-2.063616
0.419144
-0.079759
1.748310
0.533943
1.978887
0.024775
-0.327620
0.559704
-0.394812
1.956667
-0.608241
0.580977
-0.281313
2.130792
0.600572
2.093596
-0.167940
-1.093045
2.111608
-0.524767
-0.080061
0.171641
-0.190359
-0.207995
1.976150
-2.324864
1.871559
-1.215289
-0.507101
0.508270
1.106354
-0.315028
0.528701
-0.539589
2.078950
1.936178
0.180608
0.426176
1.959296
-1.489387
0.019992
0.368711
0.269667
-0.214340
-2.224093
0.441588
-0.179909
0.664686
-2.248308
0.470320
0.569616
0.553381
0.352758
-0.427817
1.080817
-0.215314
1.711971
0.345568
0.014954
-1.121019
-0.522393
0.590187
1.886688
-0.439510
0.183667
-0.560339
0.464139
0.635731
-2.140888
0.342168
0.176987
-0.488412
-2.119594
1.098564
-0.286034
1.859054
-0.338321
-0.066014
-0.604274
2.090081
1.101349
-0.567370
-0.627668
-0.328946
0.430808
-0.692813
2.002332
1.981866
1.674554
-0.378859
0.135131
-0.358884
-0.198617
-0.439814
1.899416
0.182616
0.027603
0.141320
-1.500471
1.857267
-0.093408
-0.191138
0.628757
-1.140277
1.918464
1.952929
-0.302263
-0.243702
0.521399
0.068941
-0.475493
-0.465189
-0.344651
0.073783
-0.533177
0.005685
-2.137522
0.838759
-0.158271
0.592273
0.455196
0.214425
0.443078
1.968503
0.352647
2.034185
0.602516
0.627693
-2.191546
0.119212
0.724320
0.450283
-0.630408
-2.166491
-0.102028
-1.440925
1.444073
-0.156583
0.563596
1.961296
0.336717
-0.232418
-0.176169
0.593598
1.972811
0.364987
-0.160314
-0.479586
0.156924
-0.416579
0.537691
-0.111358
2.052971
0.294664
1.729244
0.180422
0.298397
0.369286
2.079157
-0.506806
0.299015
0.635276
-2.302120
-0.488672
-0.040246
0.329870
2.164739
-0.235633
0.638075
-0.172710
-0.406505
0.119701
-0.198657
0.595291
-0.219515
0.739452
-0.311743
0.148426
-0.263441
-0.581121
-0.325290
0.512995
-0.580667
1.968347
-0.075260
0.824767
-0.428893
-0.070659
-0.172529
-2.170382
-0.468228
2.161296
-2.203411
0.445328
-0.078962
1.725283
2.108613
0.519014
1.088841
1.977600
0.668263
0.705391
1.966921
-0.184810
-0.619215
0.080019
-0.217529
0.577670
0.753924
0.111315
-0.130356
-0.128601
0.565991
0.645531
-0.256668
-2.971756
0.097071
0.518612
-0.429219
0.096137
1.147770
2.085839
-0.106316
-0.597916
0.673171
-0.223039
-0.381764
-2.257922
-0.277907
0.396211
1.975844
0.251824
2.141963
-2.190270
0.537778
-0.017450
0.579450
-0.344432
2.018587
-0.000491
0.783844
0.003205
-1.284810
0.465948
2.111703
-0.272252
-0.246065
-0.189351
-0.285339
-0.046879
-0.071138
-0.214271
0.345037
0.450226
1.842664
0.077671
-0.509817
-0.619986
0.811229
0.466751
-0.354207
0.147877
-0.622401
-0.483813
0.545004
1.964883
0.430569
0.446310
0.131206
-0.370461
-0.399511
-0.061383
-0.584846
0.477146
-0.252299
-1.340746
-0.522231
2.199923
-0.012414
0.755231
2.135344
0.409346
0.383089
-0.301922
2.021509
0.327638
0.344579
1.829342
-2.261733
0.395396
0.241297
-2.157757
-0.314090
0.542864
0.126833
-0.283579
-0.351111
2.058684
-0.534163
-0.462423
1.914473
-1.170509
-0.218186
0.488155
-0.312628
1.972705
-0.120104
-0.453426
-0.487937
0.021122
-0.505758
0.237484
-0.425125
-0.206213
1.922615
-0.228114
0.544813
0.665643
0.588071
-0.317878
0.136105
0.628615
-0.474728
0.287763
1.705721
-0.488416
0.113399
-0.531784
-0.117241
1.870074
0.029485
-0.677719
-1.948143
0.465328
-0.297388
0.550373
-0.187125
-0.438330
0.698186
0.760408
0.538371
2.007185
-0.467951
1.135158
-0.028320
-0.538101
-0.185982
0.494934
0.055883
-0.265952
-0.194768
-0.370957
2.099797
-0.402499
0.005646
-0.263953
1.641988
0.745595
0.325612
0.509514
0.633200
0.363899
-0.529455
0.687667
0.411966
0.442850
-1.441058
0.074385
1.952435
1.854644
0.079920
-2.274187
-0.518613
0.511202
0.511499
2.062951
0.592361
0.323695
-0.055480
0.304846
-0.165366
0.699794
-1.248822
-0.150462
0.427902
-0.336676
1.866277
0.681363
-0.385227
1.549238
1.937203
0.033542
1.838363
0.687347
0.045232
-0.570834
-2.080671
-2.095232
-0.658546
-0.098925
-0.430401
0.619475
0.467758
0.143086
1.140284
0.630931
-0.070363
-0.068599
2.088248
-0.444210
-0.335748
2.140562
-0.060466
-0.039990
-0.190266
-0.593267
-0.618514
-0.605544
-0.569595
-0.215710
2.227598
0.587033
0.570675
-0.604903
0.429800
0.751576
0.068913
-0.242146
1.771442
2.044014
2.079769
-0.599420
1.788494
2.069826
1.096157
0.376714
-0.349707
-0.057245
-0.087873
-0.530623
-0.195097
-0.509456
2.000186
0.014379
0.632943
0.551307
0.733623
-0.071613
0.347890
2.218421
1.143525
-0.250204
-0.368814
-0.339442
-0.562165
-2.241227
0.771023
1.943075
-0.488081
0.575242
0.113221
-2.227369
0.192049
1.963884
-0.443773
2.095577
-0.377217
-0.614668
-0.108712
1.943063
-1.144517
0.511305
0.421547
0.524931
1.914765
0.755656
0.454208
-0.631497
0.659742
1.960781
0.101471
-0.042391
0.230508
1.780049
-0.535248
1.780925
-1.199403
2.030711
-0.446636
-2.106086
0.015628
0.369799
-0.190066
0.377862
-0.558119
0.052374
0.498683
0.494870
-0.227264
0.723701
-0.418664
0.476848
0.494107
-0.423400
0.076801
0.660061
1.691523
0.558234
1.944189
-0.229704
-0.312871
1.769290
0.518681
1.961036
-0.428457
1.868980
-0.356432
0.013619
-0.278310
-1.159313
1.800681
-2.190863
-0.457797
-0.148194
-0.189190
-1.091602
1.909868
1.265552
-0.440480
-0.587259
-2.261318
0.178673
-0.097983
-0.086063
0.191989
1.359274
-2.345773
-0.578403
-0.587617
0.569515
-0.366011
0.459027
-0.146257
-0.098148
-0.243744
-1.367387
0.020877
0.671196
-2.218004
-0.281933
-0.514702
0.528875
-0.347235
0.498342
0.026053
0.616201
-0.260415
0.149288
-2.145553
0.694224
-0.114773
-0.263901
0.454834
-0.119522
-0.364833
-0.196466
-2.089414
0.583706
-2.166008
-0.581779
-0.152442
0.422670
1.876940
2.139917
1.902677
2.174896
-0.488292
1.860030
0.686928
0.576034
0.626340
-0.471470
0.484374
-0.147563
2.237290
0.129116
-2.017454
0.067431
-2.190380
-0.060128
-0.392126
-0.287036
-1.235289
0.473587
2.085141
0.006149
-0.091712
-0.041394
-0.000253
2.200389
2.333367
-0.118565
-0.212820
-0.472026
0.334024
0.254802
2.121241
-0.265638
-0.371869
-1.185475
0.503300
-0.394824
0.577565
0.661363
-0.376641
1.076757
1.883504
-0.383629
2.052119
0.526042
0.047469
-0.376171
0.058743
0.635588
-0.309838
-0.705206
0.021590
0.593882
0.714204
-1.593743
-0.446401
0.694302
-0.031817
0.529587
-0.149494
-0.190766
0.341558
0.577988
-0.079417
0.031175
0.062401
