-0.873775
1.986861
1.051650
1.627340
2.279423
0.019997
2.307453
0.495133
-2.477546
-2.574863
0.358771
1.392703
-2.541542
0.943488
-2.186416
-3.124353
-0.099669
0.223477
2.494834
2.235571
-0.558599
2.792822
-1.904041
-0.191184
3.058451
2.262718
-1.023234
0.189199
0.361204
1.255582
-1.087349
-1.798899
-1.144169
-0.856706
2.199593
-2.061960
1.181088
1.690905
1.345520
2.074423
-1.633215
-0.988443
0.416065
-2.131156
-2.026868
0.770015
3.089010
-1.752445
-0.982794
0.126973
-0.625485
2.632522
0.878154
1.997424
2.386488
-0.136403
2.075658
1.692639
-3.002497
2.089942
0.411456
2.875341
2.677945
-2.736701
1.629552
-1.730148
2.356194
-0.671606
-3.007782
0.734161
2.687749
-2.527823
0.168597
-2.694750
-0.172191
-0.101689
-0.493941
0.893410
-1.613324
1.467004
-1.116077
1.591627
1.659452
1.190290
0.316286
1.922241
1.910089
-0.696742
0.229232
0.000000
1.609992
2.300696
-0.785398
0.328553
-1.761435
-2.167973
-1.635223
-0.672247
1.721812
0.772412
-1.335251
-3.012682
1.478040
2.940940
2.745151
-1.005647
1.202100
-0.361204
-1.756144
1.016489
1.100392
2.709185
2.525296
0.068856
2.687749
2.961739
1.933341
1.670465
-2.321725
-1.454655
-0.540420
-0.978099
-2.947634
2.826378
-1.807042
0.315970
-2.176341
-2.865787
2.976444
-1.042722
-0.269849
1.728565
2.582993
-0.651077
2.198105
-1.492525
2.697173
-1.875789
0.193211
-1.517276
2.956245
3.141593
0.253674
0.340979
2.896614
-0.819093
2.768605
-1.679067
2.127396
0.291457
-0.315215
-0.356220
1.570796
2.562029
2.118359
-0.533708
2.056023
0.093477
2.510513
-2.472550
2.659929
-1.939145
-0.435353
1.975688
0.435353
-1.282741
2.772259
2.245537
0.592697
0.000000
-1.392703
0.858439
0.851966
2.480549
-1.954966
0.856706
-1.107149
-0.918927
-1.935531
-2.868584
2.233526
0.070061
-0.622671
0.826471
1.892547
0.144442
-3.024484
1.320818
1.681454
-0.037718
1.154358
-2.917358
0.516695
-1.058407
-0.647392
-2.807648
-3.066264
-0.211093
-2.177401
1.570796
-2.441700
-0.750929
-1.467004
2.861056
-1.452704
-1.128422
3.080444
-1.570796
-2.277411
1.325818
0.974136
-2.243044
0.278300
1.377174
-1.142848
2.807648
-0.692334
-1.729452
-0.197396
-0.543478
-1.592070
1.222025
-2.501236
0.630401
0.600050
3.108818
2.198105
-1.825164
-1.142532
2.331809
-0.739975
2.389515
-1.300947
-1.008875
-2.269989
-1.379612
3.002497
-1.932000
2.281706
-2.924719
-3.079174
2.439336
-1.772113
-0.773904
0.738920
1.690905
-1.373401
0.454719
-0.086738
2.721396
3.099065
-2.604006
1.784857
1.549523
-0.543832
-0.033885
-3.121187
2.963500
1.715609
1.668523
-2.058633
-1.353923
-1.022247
0.136403
-2.207867
-0.727990
1.979704
1.824470
0.018866
3.041924
1.756144
1.216091
1.054101
-1.138389
0.614663
-1.590402
-1.921524
-3.078186
-2.999696
1.473069
-0.033321
1.794273
-2.794531
-2.118359
-2.846152
0.168207
-0.669639
-3.048116
0.923749
1.405648
-1.041207
3.024484
1.679067
1.870572
-2.222968
1.909120
2.944197
-1.352127
1.190290
0.358771
-0.960070
-0.083141
-1.609992
-1.954614
-1.815775
0.455451
-0.404892
3.101614
2.587285
2.509902
2.723368
-1.999060
0.141897
-1.658804
-0.556902
0.677386
-1.266795
1.604117
-2.494545
0.630401
0.311547
2.901058
-2.542417
-1.152572
2.386488
-2.868584
3.141593
2.914794
-0.501013
-0.515073
3.087101
-2.906048
-0.924283
-2.733961
-2.460294
1.172274
1.152572
-2.840672
-0.483447
1.932000
1.107149
1.570796
-2.586597
2.566168
2.720173
-1.123276
-1.631328
-1.160669
-0.479519
-2.637966
-0.540420
-2.507960
-2.642246
-2.997151
-2.414950
-2.771687
2.721396
0.418224
0.321751
-2.594030
-1.791290
-1.750650
1.456542
1.069783
0.113792
-0.977446
0.225277
2.772259
-0.161837
-3.102397
-2.332943
1.216799
-0.347062
2.514284
-2.026247
0.017240
-1.732634
-0.070061
-0.798056
2.536048
1.570796
2.472550
-0.315616
-0.454719
1.852029
-1.504228
-1.078987
2.810497
-2.665125
2.574863
2.471954
3.141593
-2.559240
-1.570796
-1.152572
1.590794
1.089909
-3.017238
-2.570255
0.902507
0.593003
3.087101
-0.560360
-2.801211
0.552841
-0.380506
-3.106519
-3.013269
3.060141
2.268187
-1.353923
-0.231091
-1.760785
-2.478037
-0.363147
0.132552
-0.690446
-0.682317
-0.883672
-2.659079
-1.784857
-2.914794
-2.870646
-2.832662
-0.092329
1.046001
3.017238
-2.516957
-2.111216
-2.609869
0.412410
-2.796037
-1.075663
1.954614
2.548243
2.972996
0.388319
2.043703
-1.844964
-2.485897
-1.837048
-1.130045
-1.771449
-0.552841
2.263131
-2.690931
2.444202
0.815692
2.884269
-0.502843
-2.933127
-1.137215
0.655696
2.788602
2.739722
2.034444
-0.205395
2.018941
0.565149
1.610775
0.747442
1.824470
1.381597
3.015001
1.024630
3.081664
-1.330625
-1.623379
-1.012197
2.136280
1.325818
0.269849
-1.699707
1.054101
-1.399417
-1.980234
-1.218752
-2.961739
-1.602036
1.230414
0.543190
2.096380
-2.782822
-2.200830
-1.279340
-1.023234
-1.709892
-0.410127
1.725793
-0.999459
-0.870903
0.188222
0.295441
2.025897
-2.083186
-3.022164
0.785398
0.181649
-2.601173
-2.498092
-0.812419
0.651077
0.643501
1.978052
0.729900
-0.426627
-3.024484
1.707199
2.779048
-1.664273
2.538363
0.335639
1.613324
-0.487836
2.118359
3.005190
1.954966
-2.856475
2.286540
-2.869800
1.100156
1.207649
0.480887
0.571337
1.750650
2.668237
1.506369
-2.604682
-1.588652
-1.687905
-0.519146
1.538549
-0.727990
-3.050933
-2.988943
-0.214061
-3.063322
1.668523
-0.565484
-1.690225
3.056691
2.285888
-2.460294
-2.758065
2.495080
2.659079
-0.908067
1.921524
1.414194
0.068856
-1.628425
0.687124
2.129396
-2.399645
-1.911178
-1.236851
1.495467
-2.076377
2.152701
0.096474
0.211093
-2.653756
-2.920764
0.771315
2.416727
2.235899
-0.321751
-0.612538
1.464061
-0.507099
3.141593
1.425984
-2.729182
1.219352
0.501013
2.214297
-2.624561
2.987648
0.988057
2.725528
2.477546
-0.108661
1.690905
1.438245
-2.418613
2.463884
2.421039
-0.249979
-2.848406
2.834547
-0.830821
1.679067
0.228103
-2.118359
-0.084902
-0.126973
1.712693
-2.830594
-2.356194
-3.004526
1.892547
2.604682
-1.962496
0.096474
-0.919720
2.255413
-0.915101
1.165905
-2.805625
0.569313
-1.342694
-0.799482
2.964884
-0.472122
1.193547
-0.491164
0.563316
1.097890
-0.280838
-0.132552
-3.041924
-1.154358
-0.165149
-0.931410
-3.106519
-2.042574
-1.704607
2.880990
-1.116077
-1.608514
2.999696
-0.725230
-0.368696
-1.746388
-1.212026
-2.454468
0.677386
-0.223477
2.400941
-1.590402
-1.209593
2.042918
0.017240
0.797162
2.613518
-2.498092
-0.037020
2.717924
2.163494
0.416065
-1.494024
2.830046
2.222665
1.675673
2.565217
-1.462526
-1.922841
-2.469345
-0.565149
-2.248505
-3.079174
1.441094
0.942000
3.045119
2.302483
2.614965
2.132718
0.000000
0.139440
0.159913
-0.927295
-1.811643
-1.646125
-2.283857
-0.574305
1.725115
1.107149
1.233340
1.107149
-0.409437
0.668289
2.493781
-2.607197
-0.655696
0.815692
-1.490966
-0.189199
-0.741947
2.184566
-1.607816
