-1.652248
3.079174
2.541542
1.495936
0.588003
-1.764008
-3.095115
-2.297439
0.759088
1.257176
-2.287338
2.877104
-2.171870
-1.198729
0.249979
2.944197
0.157769
3.123076
0.970746
-2.778446
-0.845930
-1.264917
1.061725
0.536435
-2.329174
0.697391
-1.546411
-2.987274
-2.869447
-2.015216
-2.969402
-1.249046
1.390943
1.339706
-1.159732
2.462930
0.296115
1.732171
-0.480887
0.968509
-2.153149
-0.754158
-0.229904
2.338652
-1.443824
2.218608
-2.152701
2.080389
-2.115077
1.277207
-2.270689
0.828849
-0.197396
-2.227871
-2.214297
-0.402321
0.593750
-1.830128
-1.405648
-3.014620
-2.466852
2.834547
1.815775
-0.710909
1.681454
-1.972667
-2.219128
-2.658146
2.504044
-1.529154
0.179853
3.094010
2.768605
-1.906435
1.262744
-2.566168
-2.248916
0.836202
-2.279423
-1.862253
0.670522
-1.699707
2.957649
0.262120
0.694738
-1.661456
-0.341615
0.214061
-2.776391
-1.610775
1.872415
0.801790
-1.214577
-2.570255
-2.245537
-1.821799
1.991460
-2.854311
-2.466852
-2.165010
-0.375961
2.183334
-1.490325
-2.259721
1.354711
-1.242243
-0.023805
0.989416
1.892547
1.275355
2.896614
1.716106
-1.839163
-1.650626
-1.570796
2.206635
-0.179853
-1.452306
2.677945
2.100386
1.709892
3.141593
-2.636731
0.990794
-0.815692
-2.387434
-0.918927
0.094952
-0.356220
2.790865
-1.750650
-0.817645
-1.616220
1.783228
-1.169568
2.276995
2.041437
-2.016097
1.508378
-0.526066
3.141593
0.599175
-0.489957
-2.920278
-2.311448
-2.339247
0.000000
-2.811968
-0.652847
-1.995628
-2.101012
-0.209640
0.931410
0.568525
-0.671144
-0.472497
1.022247
0.588003
-2.255091
0.391700
1.107149
-2.061960
0.594214
2.340811
-2.293776
0.266252
2.064738
2.460294
-2.710900
-1.989021
-1.698306
2.053310
-0.906022
2.323948
2.856862
-1.074374
1.647568
-2.827972
-2.444202
-0.291457
0.270947
1.217806
1.815775
-1.002272
2.034444
1.480136
2.068139
0.608689
-1.759018
-0.601074
2.444571
-0.785398
2.891614
-1.004067
2.143762
0.663203
0.179853
0.418224
-2.566168
0.681298
-0.204642
-1.925502
-0.239743
-3.043866
2.503273
-2.782822
-0.688924
-1.004067
-1.157107
1.784857
-2.256526
-1.084764
2.640579
-0.766532
2.659079
0.113792
1.331053
-1.489344
-0.643501
2.567288
-0.389317
2.236766
2.452668
-2.341703
1.764008
-0.298499
2.666582
2.920278
2.115077
2.077895
1.087349
0.216085
1.986861
0.770906
-0.197396
2.329174
3.141593
1.570796
-2.854311
2.643770
1.117458
0.389317
-0.221314
-1.138389
-0.767218
-0.428778
1.378748
2.553590
-0.907593
-0.657889
2.697173
2.093200
0.161837
-1.059566
0.000000
1.810539
1.849096
-2.914794
-2.627987
0.486899
-0.022723
2.025098
0.876058
0.862170
0.270947
1.929567
3.141593
1.409421
0.399515
-2.054243
-0.766532
-2.566168
0.801790
-0.259332
-0.201762
-1.685673
-0.766532
0.168207
2.372586
0.021736
-3.019750
0.879459
-1.877842
-1.037952
1.065935
1.642104
2.014245
2.944197
2.616797
-2.391894
-1.057190
0.831519
2.761086
2.425051
-0.117109
2.574863
2.914794
-0.112728
0.785398
2.756988
2.589938
-0.157769
-1.229817
-2.532429
-2.305391
2.265535
2.089942
-2.356194
1.116952
-1.289024
-1.789465
0.868539
2.193467
-0.785398
-2.410196
-1.614247
2.301703
-2.455863
-2.959424
0.115759
1.249046
-1.633215
1.593015
-2.442400
-2.948381
-0.667306
0.112728
0.768451
2.179486
3.046641
1.525373
-1.117458
2.441700
-1.410883
2.233526
-2.647651
-2.046492
-3.079174
1.624798
1.150133
-0.113792
-2.342497
-1.279340
-1.410883
-2.707639
0.121352
2.988943
0.476467
-1.419781
-2.413275
-0.441179
1.160669
2.514284
0.068076
2.034444
1.373401
2.459276
-2.916316
-1.438245
-2.723368
0.110657
1.947287
3.046641
-1.480136
3.058451
2.287338
3.091634
2.449671
0.024995
-2.372066
-0.743756
-0.948126
-0.969723
1.647568
1.086318
0.352990
-1.116952
-2.668237
2.158799
2.356194
-3.087591
3.048836
0.602287
2.418613
0.832981
2.505754
-1.359703
-0.308931
2.485897
0.867183
0.321751
-1.465919
0.097253
-0.819867
0.667306
0.740652
-1.304544
-2.953371
1.214577
-2.356194
-2.025897
0.595410
-0.328120
-2.920278
1.272297
1.831399
-0.879459
0.551655
1.803353
2.547843
1.281293
-2.406998
1.264917
-2.839974
-1.270625
1.768192
-2.965653
2.377468
-2.780389
2.209710
-2.043293
-2.668686
1.134169
-0.785398
-1.529154
2.677945
-2.594030
1.405648
-0.344647
0.335639
0.463648
-1.460139
1.828120
0.730907
-1.414194
0.086738
0.393058
0.283794
1.845706
2.950408
2.498092
-2.055274
0.968509
-0.132552
-1.414194
-1.304544
2.402316
-1.959115
-2.230106
2.704965
-3.024484
-0.581905
2.427502
-2.242402
2.403778
-1.428899
0.152649
-1.198729
-1.993650
2.752276
-1.911178
-1.256039
-0.047583
-1.919567
-0.321751
1.292497
-1.832916
-3.077849
-0.212938
-2.761086
3.011890
1.338239
-0.982794
-1.508378
-3.092851
1.260409
3.085049
-0.737815
2.025516
2.980218
-1.182478
-2.580429
1.941688
2.051684
-0.114877
2.214297
0.766532
2.205823
2.390664
-1.220068
1.378096
0.654083
-1.490966
0.228497
-1.474937
-0.388319
0.415492
1.523213
2.922924
1.269876
-2.444202
-2.938547
2.547843
2.636731
-2.240435
-1.059566
1.956679
2.265535
-1.075245
-1.197809
1.673003
2.852089
0.491164
2.186416
2.219128
2.202487
1.712693
1.484058
1.815775
0.127510
-2.632522
-0.950547
-1.042722
0.976583
2.214297
-2.436024
-2.214297
-0.507099
-0.049958
-3.091634
-1.892547
2.399645
-2.795054
-2.120650
-0.521834
-0.927295
-1.325818
0.927295
2.944197
-1.544487
-2.451793
-1.138389
-0.956133
1.815775
1.107149
-1.202100
-1.859772
-1.319794
1.825979
2.321725
3.141593
-0.226799
1.217806
2.026570
-1.128422
-0.918927
-0.205395
0.562498
2.761086
-0.878462
3.141593
-2.214297
2.606638
0.216085
-1.992801
0.554307
-1.418147
-2.920278
1.768192
0.801270
1.616220
-1.107149
-3.098142
2.013171
-1.838707
-2.323948
1.520838
1.433730
1.017502
2.745151
2.105192
-0.060532
-3.096169
-2.356194
3.099950
2.547379
-2.669096
2.503273
2.328424
1.086318
1.337053
-2.819842
2.001489
-1.054101
-1.041207
-1.549061
-1.776192
-2.390664
0.410127
-2.011976
-2.547843
2.013171
0.046478
-2.176341
2.265535
-2.853537
-0.043451
-2.616797
-1.325818
1.546411
2.425051
0.502843
-1.509648
1.570796
1.815775
-3.068552
3.085049
-0.670522
-0.849825
-2.723368
-3.045734
1.012197
0.651869
1.901892
2.835714
-2.356194
0.605545
-1.416478
-2.649107
0.094952
2.956245
1.929567
0.207496
2.176341
-0.630401
-1.942864
0.338324
-2.622447
-3.036716
0.473356
-1.866237
0.000000
-0.860258
1.684588
-0.041643
-0.698660
-2.826378
-0.551655
1.030377
0.304511
-0.740652
2.511191
0.047583
0.638914
2.636731
0.896055
0.714091
1.480136
1.450173
2.131960
-1.629552
0.831519
2.619758
0.000000
2.384758
-2.297439
-3.055598
2.391894
1.279340
-2.171870
1.750650
0.667306
-0.375961
-0.043451
-0.551655
-2.214297
0.947597
2.107232
0.994421
-1.381597
-1.951303
-0.424832
-1.083897
-0.765793
2.796037
-2.158799
-2.356194
-1.870572
2.509902
3.017238
