1.570796
-1.352127
0.982794
-0.106736
-0.132552
0.129703
-2.770701
2.185459
-0.880350
-0.463648
0.090660
-1.570796
-0.674741
1.279340
1.841743
-0.970746
-1.989021
1.074374
-0.588003
1.012197
1.107149
-1.341564
-2.303611
1.815775
-1.272297
-2.245537
-2.308611
2.089942
1.080839
-1.421906
2.843094
0.348771
-2.466852
-1.892547
-0.643501
-1.876675
1.768192
-2.245537
2.819842
-1.815775
2.970857
-1.107149
-2.976444
1.856848
-0.876058
-1.614247
1.570796
0.661043
-0.540420
1.227772
1.390943
-0.982794
-2.964884
3.141593
-2.922924
1.873681
-1.373401
-1.797595
1.536327
-1.661456
3.022164
0.950547
2.746802
-0.540420
-2.857799
1.037088
0.463648
-0.132552
-2.498092
2.356194
-0.321751
2.819842
-2.999696
-2.539305
1.418147
-0.367174
-2.896614
0.418224
-1.700499
1.815775
2.231839
0.588003
3.101614
-0.694738
0.197396
-2.553590
-0.029403
-2.819842
-3.058451
-1.570796
3.041924
0.982794
-0.732815
1.892547
2.498092
-0.321751
-0.124355
2.498092
-2.034444
1.446441
-1.423718
1.199905
-2.380580
0.950547
2.647651
1.828120
-3.101614
2.956245
-0.197396
2.214297
0.176709
0.129703
-0.253674
3.054854
-0.866302
2.961739
-0.321751
1.063698
1.801887
1.074374
0.909753
2.095592
1.753907
-1.107149
-2.176341
-2.034444
-0.214061
-2.265535
3.141593
-0.489957
2.388441
2.723368
2.570255
-1.382575
0.950547
1.961403
-1.385448
3.141593
-2.969402
-2.634494
-1.929567
1.831399
-1.892547
-1.107149
-1.412141
0.643501
0.302885
3.064821
2.782822
2.256526
1.176005
-1.304544
0.507099
2.325901
2.521343
-1.107149
3.070285
3.096169
-2.034444
0.197396
1.675673
-1.633215
-0.724250
-0.643501
-2.034444
1.212026
-1.570796
1.681454
-2.461071
2.582993
-1.249046
-3.089010
0.643501
-0.463648
1.107149
-1.869295
-1.516795
-1.937970
1.394087
-2.553590
0.000000
2.085248
-2.034444
-2.089942
2.746802
-2.505084
2.214297
1.876675
0.000000
-2.770701
-0.038443
1.428899
-0.909753
-0.404892
-2.819842
-0.830821
-0.266252
1.723446
-2.506566
-0.588003
1.570796
-1.405648
0.278300
0.380506
2.279423
-0.147078
-3.064821
-1.423718
2.835714
-1.144169
-0.394791
-2.677945
2.015216
-0.124355
-3.046641
-2.498092
0.514451
-2.736701
-1.487655
-1.606495
-1.453688
-1.849096
2.521343
2.976444
-0.588003
2.863293
-1.107149
-2.944197
3.141593
-2.867425
0.000000
1.152572
-1.862253
-1.971037
2.003204
-0.165149
2.782822
2.835714
-0.785398
-1.007480
0.090660
2.265535
-2.944197
0.822418
-0.298499
0.000000
2.356194
2.241318
1.837048
-1.249046
2.587285
2.677945
2.051684
-2.638749
-2.525296
1.993650
-0.321751
2.927532
-0.785398
-2.356194
-1.690225
-0.737815
-0.124355
-0.244979
1.670465
0.000000
1.414194
2.601173
1.759018
0.785398
1.570796
-3.098142
1.405648
-3.041924
-0.970746
-2.512796
1.190290
2.356194
2.565217
3.058451
-1.609239
1.249046
0.273009
2.723368
2.601173
1.961403
-0.927295
-0.610726
0.141897
3.141593
1.727398
-2.677945
-1.264917
0.927295
1.165905
-1.606495
-0.620249
2.976444
-0.876058
-3.104573
-3.077166
3.112189
1.249046
-0.588003
-0.785398
1.234122
1.610775
-0.043451
1.828120
1.499489
1.815775
-0.352990
0.439843
1.030377
-2.137526
-2.414950
3.064821
-0.588003
-1.107149
-2.466852
-1.107149
-2.176341
-1.975688
1.446441
-2.034444
-2.245537
-2.796037
-0.099669
-1.570796
2.414950
1.249046
0.463648
0.321751
-2.199593
-2.536048
-0.588003
-1.919567
2.736701
0.214061
-1.138389
0.380506
-1.373401
-1.661456
-0.141897
-1.975688
2.240435
1.030377
2.245537
3.141593
-2.863293
0.785398
-1.750650
-0.367174
-2.578276
-1.292497
-0.588003
0.499347
1.862253
-0.244979
-2.289626
-0.643501
-2.634494
-0.588003
-1.789465
-2.049149
-1.297788
2.704965
2.466852
2.958482
-0.528074
2.329174
-0.038443
-0.519146
0.000000
-2.221873
-1.012197
3.105894
2.060754
2.122451
1.428899
1.975688
0.674741
2.677945
-0.235545
0.563316
-1.670465
-0.463648
0.507099
-1.750650
-2.378413
2.073640
1.176005
3.050933
1.570796
1.390943
0.205395
0.785398
-0.380506
-3.064821
-2.129396
2.265535
1.943784
2.403778
2.310771
-2.840672
-0.682317
2.723368
-2.005467
-1.275355
2.819842
-2.191046
2.303611
1.570796
-1.768192
-0.110657
2.034444
-1.249046
1.107149
1.907471
-0.321751
0.463648
-2.070143
2.833540
-1.039072
-2.896614
-0.837981
-1.315614
0.982794
2.677945
-1.657535
-0.071307
-2.158799
-1.642104
2.289626
2.736701
-2.677945
3.017238
1.490966
-0.038443
2.473303
-0.935770
-1.307802
-0.156602
-1.965587
-0.896055
1.267911
2.677945
-1.670465
0.519146
-1.348714
-1.929567
1.570796
-0.726642
2.356194
-2.256526
1.815775
-0.156602
-0.927295
-1.341564
0.090660
0.170735
-1.797595
-1.515298
0.233743
-2.922924
-1.606495
2.969402
-1.789465
-0.726642
-1.862253
1.862253
1.499489
-1.929567
2.214297
-2.194819
-2.709185
-2.594804
2.533791
-0.380506
1.653938
1.570796
1.212026
1.180189
1.570796
-0.785398
-1.107149
2.961739
2.356194
-0.844154
0.000000
2.838708
-2.077895
1.307802
-1.633215
-1.128422
1.570796
2.601173
1.923787
1.071450
-1.465919
-0.291457
1.390943
-2.677945
-1.923787
-2.473303
2.622447
1.438245
1.042722
0.927295
3.045119
1.107149
-2.439336
2.819842
-1.212026
-0.197396
-2.753274
-1.971037
-2.853537
-1.951303
-1.337053
-2.986596
-2.214297
-1.390943
-1.418147
2.321725
-0.620249
0.785398
1.288241
-2.199593
2.077895
-0.935770
1.030377
-1.570796
1.609239
1.107149
1.794273
2.191046
0.785398
1.570796
-3.058451
1.264917
1.428899
-1.570796
3.058451
1.471128
-2.098871
1.471128
-2.181522
1.941688
1.677532
1.653938
1.873681
0.244979
-1.107149
3.026716
2.976444
-0.321751
1.904041
-2.875341
0.197396
-0.463648
-1.695151
-0.965252
-2.003204
2.455863
0.463648
2.914794
-0.099669
1.042722
-0.321751
-1.222025
-2.886410
1.453688
0.909753
-1.487655
2.642246
-1.862253
1.063698
-2.768605
-2.034444
0.832981
-1.824470
0.982794
-2.521343
-0.110657
-1.892547
2.137526
-1.892547
-1.801887
-1.892547
-2.432966
0.942000
-2.736701
1.471128
1.712693
0.000000
0.183111
0.785398
-0.718830
1.152572
3.141593
-1.012197
2.819842
-2.999696
-0.380506
-2.999696
-1.382575
-0.339293
0.308053
1.570796
-2.749253
-2.214297
-1.373401
-1.504228
0.135528
-0.434670
-2.723368
-2.896614
1.390943
0.380506
-1.919567
2.226492
-2.994514
-2.634494
-1.460139
-1.951303
2.553590
-1.318242
-2.761086
-0.558599
-2.951604
3.098142
-2.245537
-1.570796
-2.530867
2.070143
2.356194
-0.165149
-1.196463
1.919567
-0.862170
-1.532354
-1.943784
2.356194
-1.107149
2.819842
1.446441
3.141593
0.343024
1.012197
2.167973
1.279340
3.141593
2.944197
2.530867
0.651077
-0.785398
1.024007
-2.506566
-1.943784
-2.723368
-0.043451
-2.137526
2.736701
1.030377
0.702257
2.414950
-1.815775
1.107149
2.356194
-1.465919
-0.291457
1.735945
-2.622447
2.999696
-1.074374
1.815775
0.605545
2.062606
-0.876058
1.623379
0.643501
-2.414950
-0.785398
0.726642
-0.828849
-1.400061
-1.373401
2.356194
1.138389
