0.380506
2.809533
-2.471954
-3.448638
0.348771
-3.141593
2.829551
1.951303
-3.319189
-0.982794
2.003204
-2.034444
-0.272146
-3.559817
0.991722
0.803578
0.605545
-2.714965
9.707333
0.090660
2.919511
0.942000
1.194835
-1.412141
-2.380580
0.434670
-4.044100
-1.748889
0.281772
0.441179
-3.324703
1.249046
-2.118359
-0.917950
-0.933248
-4.059542
-1.699120
-2.622447
1.532354
0.137066
-2.338652
-0.339293
-1.107149
-2.642246
0.942000
0.422854
0.896055
1.787347
-2.322873
-1.421906
0.444419
-1.006227
-3.605240
2.009133
2.690931
-1.867342
3.660739
-0.432408
-1.095786
-2.753274
0.029403
2.936197
-1.628425
1.071450
-3.141593
-0.809784
2.239086
-2.111216
4.528446
2.331809
-1.842942
0.540420
-2.052460
0.027020
1.249046
2.589938
1.497756
0.576375
1.308676
1.355439
-1.279340
-0.972377
1.774814
-0.291457
-0.197396
0.880350
2.613518
1.042722
2.356194
0.083141
0.412410
3.452591
-2.605781
-2.401618
-3.896697
0.896055
3.220377
-0.982794
-2.553590
-1.428899
-4.944946
-2.214297
-0.523919
1.533776
0.450661
-0.577902
-1.275355
-2.663240
0.574305
9.610126
-3.413739
0.039979
1.325818
-2.563691
2.718739
-0.344647
2.119346
1.007480
9.589927
-0.858439
-2.622447
1.292497
1.007480
1.993650
-2.089942
0.024385
1.809406
-0.398522
-1.121037
-3.406081
1.146602
-2.798569
0.504861
1.869295
1.946067
10.586666
-9.480276
-2.077895
2.251318
2.094075
-1.570796
-0.942000
-0.935770
2.072400
1.155304
9.541887
2.521343
1.203622
-1.030377
2.634494
-0.249587
-0.165149
2.863293
-0.429762
1.014630
0.343024
-0.718830
2.631104
-1.212026
0.972377
-1.530003
2.437099
9.643447
2.356194
0.179853
2.473303
1.008875
2.256526
0.785398
0.524796
-0.408908
-0.076772
1.837048
-1.337053
-0.447520
-2.016902
-1.533776
2.055274
2.982937
0.965252
-2.560212
-1.176005
-2.356194
-2.805954
2.422763
11.480052
1.423718
-3.330792
-1.442473
1.965587
1.677532
-3.926991
1.985303
1.975688
2.240435
3.419892
-0.809784
1.675673
-1.333948
-0.901157
-1.056345
-2.578276
0.888480
-2.889038
-1.768192
-1.677532
-2.077895
-5.400060
2.810497
2.663240
-2.231839
-2.657115
0.802346
1.418147
1.016489
0.392340
-4.248741
2.889038
-0.463648
0.663203
-0.244979
-1.508378
-10.414818
-0.253674
3.433049
-3.338988
-1.523213
1.107149
2.356194
9.669757
-2.461071
-1.536327
1.190290
-0.748378
1.418147
-0.649870
-1.957672
-1.190290
-1.423718
-2.153536
0.054002
3.377138
-2.018316
0.354706
0.934288
1.610775
3.038511
0.965252
-2.843094
2.446854
-0.496423
-1.941688
-2.050316
-2.092631
3.326941
2.327631
3.229600
-2.840672
-1.727398
-0.938047
-0.132552
-1.620755
-2.731465
-1.723446
-1.369034
-0.321751
2.085248
-3.723498
1.661456
2.964884
-0.489957
-0.476467
-0.917950
0.514451
0.192048
0.141897
-2.378413
2.199593
3.050933
-1.165905
-1.422947
-5.244113
-2.632000
-0.376490
-2.466852
1.147942
0.315215
2.835714
-1.366778
2.228685
1.768192
-2.187093
-0.558599
2.517570
2.414950
-2.811295
-2.901850
0.519146
2.462179
-0.588003
0.283794
-1.229817
0.000000
3.017238
2.245537
2.077895
-0.400241
-1.539556
-9.424778
2.806856
-1.837048
-1.735945
-0.260602
-1.699120
3.437033
-1.416478
2.253113
1.865031
-0.907593
-0.337878
-0.270947
0.866302
2.411693
1.405648
-1.617274
-0.748378
-0.753151
-0.090660
-1.925502
1.708802
3.169363
2.510513
1.190290
3.104573
-0.145310
-2.483704
-3.194176
2.177784
-3.386571
0.372988
-1.295886
0.901157
0.972377
-2.427502
3.343355
1.712693
-2.158799
-0.729900
1.661456
0.000000
0.058756
2.221873
2.205823
1.231504
0.643501
-2.074962
-1.746736
-1.617274
1.076855
1.882838
0.000000
-12.719020
-3.511499
-1.972667
-1.091277
1.373401
-0.536435
2.750986
-1.732171
-2.637427
1.570796
-0.935770
0.348771
2.544416
-2.279423
-0.439843
1.570796
-1.932526
1.203622
-0.339293
0.858439
0.558599
-2.406153
-0.343024
0.412410
1.695151
0.534955
-2.579671
0.685730
0.625485
1.504228
-3.554003
-2.034444
-1.373401
2.889038
-2.321725
-0.278300
-2.339803
-2.774419
-2.111216
-0.507099
-1.807645
0.398522
2.414950
0.000000
0.274910
2.912361
-4.375714
0.258771
-2.383215
1.539556
2.306236
-0.183111
0.035699
1.465919
-2.896614
-2.265535
2.275290
-2.184004
0.651077
0.104877
-2.868584
2.229602
-1.178456
-3.185044
2.158799
-2.300696
-1.985303
-4.478646
-1.238737
0.684295
-1.420425
2.386488
-1.272297
0.519146
-1.256564
-2.906048
0.000000
-1.570796
-2.505084
2.761086
5.805840
3.433049
4.092139
-4.008775
-0.846546
2.170847
-0.870903
1.484058
-0.348771
-2.857799
3.256469
-2.214297
-1.612439
-2.616797
-0.333244
0.942000
-0.269167
-0.890275
-2.064738
0.669639
2.214297
-0.124355
-1.965587
1.570796
-1.807645
-1.091277
0.785398
3.232253
2.690140
1.849096
-0.321751
-9.236556
2.323948
-0.197396
2.910502
5.198011
-2.231839
-1.222025
-0.579074
0.680521
-2.533791
-1.238737
-1.074374
2.381830
1.959115
2.504044
-10.063692
2.800614
2.819842
2.507570
-1.999060
3.463343
-0.497343
-0.502843
0.135528
1.520838
3.258701
0.486899
1.355439
-7.424219
-2.649783
-1.768192
-2.356194
-3.283490
-2.425051
0.000000
1.418147
-0.529590
0.463648
1.308676
-0.132552
0.880350
-1.497756
1.373401
-3.071938
1.125495
1.834760
2.777614
-1.570796
-2.694073
-1.394857
-1.007480
2.880990
-3.343914
2.188552
-0.495552
-2.473303
-1.885028
-1.373401
1.640451
-0.762147
-2.830594
-2.022950
-2.124091
-0.840897
-3.748198
-1.474323
0.705568
-0.832981
2.380580
-1.540503
-0.400241
2.528385
-0.426627
-0.380506
0.201762
-2.525296
-1.768192
1.801887
0.309703
-1.249046
0.096474
-1.742987
-3.064821
1.365401
10.555732
-2.034444
-2.021458
2.050316
2.333976
-0.463648
3.291964
-1.536327
-0.927295
0.734594
-0.055499
-1.261093
0.274167
-1.849096
-3.743880
2.516108
-2.131960
1.240499
-3.481975
0.868539
-0.023805
0.066568
-10.137136
-1.237552
-3.989410
-2.312744
-2.510513
-0.159913
-3.576263
-1.687905
-1.288241
-0.176709
1.346085
-4.270015
-1.405648
2.790148
-1.107149
-0.449760
-0.960070
-0.880350
1.276562
0.828849
-0.408908
-2.750986
-0.312901
2.034444
1.320353
-0.982794
-1.156289
2.462930
0.809784
-4.416948
0.876058
2.356194
-2.307054
2.356194
1.242243
1.227772
-0.197396
-1.091277
2.588298
-2.356194
-2.634494
2.779048
-0.300920
-0.771700
2.884269
0.363979
-1.177738
0.141897
0.035699
-1.668050
1.929567
1.462526
2.593043
-1.807645
-0.165149
2.749253
-2.098871
-0.337878
-0.257324
-3.443212
2.619189
-3.190335
-1.297788
0.694738
-1.141034
-2.568627
-1.006227
3.472689
1.839964
0.493941
-0.879459
2.356194
3.048116
-4.215966
-1.629552
-0.588003
2.103640
-2.214297
2.178598
-0.226799
-0.047583
-4.209546
-1.892547
2.310771
-0.475011
1.089909
0.866302
-2.688814
0.129703
1.858852
0.478352
0.156602
-2.323948
-2.025098
2.356194
2.020556
0.286051
2.616797
-0.348771
-2.279423
0.291457
2.199593
-3.985747
-1.676781
-1.093451
-9.314121
-1.783228
2.936197
-1.061204
-2.999696
-2.677945
-0.367174
