1.449160
-1.409792
0.153292
1.715296
-1.617564
-0.198099
1.403374
1.447282
-1.652765
-1.509716
-0.260493
0.241100
-0.309966
-0.146324
0.121088
-0.397228
0.036977
0.349640
-1.726678
-1.618084
-0.057893
-0.084496
-1.603892
-1.573269
-0.319916
0.081415
1.446042
1.331821
-0.297322
1.483827
1.251741
-0.180446
0.028031
-1.544042
-0.046740
0.099586
0.103392
-0.033786
0.022512
-1.628145
-0.286355
-0.013757
0.002872
0.070914
-0.218622
0.052870
-0.387429
-0.054433
1.467959
-1.510906
-0.276271
-1.702230
0.089749
-0.227215
-1.796318
-1.645168
-1.546067
-0.206518
-0.006805
-1.492496
-0.302686
0.140903
-0.126398
0.066086
0.053453
1.479025
1.536672
-0.297553
0.121696
1.428910
-1.932005
-0.414629
0.073948
-0.216683
1.711571
-0.297367
-0.373124
-1.542946
-1.866908
1.501889
-0.142740
-0.204071
1.387732
0.088523
0.115847
-0.255409
-1.705225
0.072170
-0.413768
1.536382
-1.497495
-1.615095
-0.092282
-0.390429
-0.360201
-0.277435
-0.014511
-0.312247
-0.385794
-0.298511
-0.002545
0.043110
-0.129101
-0.229712
-0.054006
-0.013896
0.066159
-1.528545
-0.014117
0.208814
0.191875
0.033259
-0.386261
1.470906
1.539868
0.021670
0.117980
-0.136778
0.056440
0.050540
0.083067
-0.237076
-0.344988
-1.677672
0.151615
-0.338296
-0.095603
1.579675
-1.678676
0.108591
1.434308
0.081659
1.402135
0.132123
0.011276
-0.001536
-1.526305
1.401687
0.024902
-0.085139
1.454058
0.274509
0.057985
-0.299349
-0.342837
-0.381620
0.100487
-0.352009
0.027120
1.549031
1.426481
0.001698
-1.474391
-1.627195
0.027690
-1.634320
-0.037527
0.010670
-0.271216
0.154461
-1.573634
1.406042
0.208468
-0.004839
1.458092
0.069509
-0.012040
0.072265
-0.344302
1.365298
1.515875
0.031112
1.430169
0.037289
0.254106
-0.077210
-1.634634
-0.332175
-0.334410
1.417486
0.096419
1.656998
-0.026201
-0.060675
0.019420
-0.024093
0.180624
-1.592610
1.464883
-0.013828
0.201124
-0.091171
0.229147
-0.016076
0.082182
-1.620057
0.099296
0.046175
-0.395775
0.160823
0.131457
-0.118806
-0.023055
-0.056983
-0.055623
-0.333562
-0.078725
-0.165371
-0.018576
-1.616373
1.477450
-0.057768
0.103865
0.009159
0.164494
0.040608
0.013959
-1.902469
-0.071115
0.043702
0.069956
0.018661
0.090771
-0.211142
0.039210
-1.642477
0.010714
-0.106321
0.033441
-1.592541
-1.453381
-1.659285
0.004100
0.087487
-0.074592
0.078244
0.270007
0.029237
1.420930
0.147050
-1.512085
-0.198504
-0.013875
0.005973
-1.692880
1.553343
-0.053789
0.050360
-0.025913
0.257845
0.141649
0.030456
0.077989
-0.061572
0.125991
0.007440
-1.480017
-0.351684
-0.279666
0.059228
0.144434
0.086997
-1.689156
-1.571926
0.043622
0.023739
1.464624
0.004491
0.093857
-0.254983
-0.032828
-0.323199
0.134653
-1.580738
-0.061482
1.540900
-0.006158
-1.580541
0.140685
0.056254
1.499677
-1.583635
1.397756
0.034070
-1.632723
-1.420189
0.004333
0.090451
0.085668
-0.257631
0.036776
1.626415
1.453779
0.143978
0.015046
-1.547837
1.423085
-1.674412
-1.553834
0.075985
0.165404
-1.769558
1.481653
-0.370282
-0.251650
0.089239
-0.039903
-0.391407
-1.593316
-0.139984
1.502831
-1.629333
0.129040
-0.021594
-0.317021
1.528174
-0.008561
-0.335509
-0.297356
0.035771
-1.599661
-0.169468
-0.018377
-0.307392
-1.429816
-1.670279
0.180526
-1.694944
0.000724
1.501665
0.090688
-0.014656
0.117838
-1.715720
1.815407
-0.409498
-0.178445
1.487255
-1.600559
0.149568
0.075324
-0.353823
-0.016833
-0.178925
-0.397464
0.102617
0.262031
-0.035716
1.510248
1.378209
0.037392
-1.538239
0.126532
0.064004
0.054019
-1.619771
0.076336
-0.273632
-0.185914
-0.408158
0.020224
0.158349
-1.889031
-0.067481
-0.337102
-0.041134
-0.378176
0.128166
0.096601
-0.339033
-0.055750
-0.034532
0.069331
-1.511431
1.569626
0.001822
0.044204
-1.948030
0.012475
0.081345
-0.484604
0.199283
-1.565670
0.112321
-1.480978
0.072071
-0.000098
-0.042905
0.069843
0.088354
0.057439
1.463939
-1.692814
-0.015994
-1.673235
-1.661322
0.009189
-1.936053
-1.516260
-0.387525
1.448799
-1.793614
-0.182760
-0.391349
0.017350
-0.084358
-0.095442
0.151533
0.011763
0.038377
-1.394844
-0.292665
-1.563361
-0.370106
-0.118125
0.014489
-0.213290
0.045306
-0.309593
0.051064
-0.125223
-0.330409
-1.509427
-0.014372
-0.174596
0.101284
-0.420346
0.014632
-1.697242
-0.001303
1.682797
1.566465
-0.049027
-1.561174
-0.073161
0.029513
0.056926
-1.628366
-1.475915
-0.470119
0.051775
1.286108
-1.548761
0.206157
-0.123130
-0.113423
0.145525
-0.324842
-0.240733
-0.040728
-0.359543
-0.056153
0.006734
-0.210564
-0.017562
1.469261
0.010558
-0.124664
-0.268989
0.090541
1.533717
-0.225305
0.036777
-0.285135
0.186232
-1.646060
-1.863253
1.463515
-1.656626
-0.341720
0.181681
-0.081405
-0.066092
-0.211064
-1.829426
-1.827484
0.158531
-0.050003
0.022660
0.165872
-0.074434
-0.301476
0.032996
0.095195
0.177531
0.146173
0.060843
0.107920
0.072295
-0.103205
-0.049035
-1.661168
1.440107
0.061563
0.006319
-1.627973
0.144131
-1.532773
1.539674
-0.063624
-1.961763
-0.298961
0.092339
0.093237
-0.243282
-0.073564
-0.085231
0.036962
-0.106303
-0.057672
-0.010257
0.107708
0.087517
0.100454
0.048408
0.031073
0.034554
-1.549673
0.045585
0.022376
-0.304989
-0.075317
-0.089186
-1.565426
-0.077605
-0.229907
-0.323522
-0.014066
1.655445
-0.425516
-1.896832
0.104240
-0.283074
-0.069605
-0.019660
-0.099917
1.357797
-1.507036
0.029057
1.479694
-0.232952
0.167709
-0.002266
0.054780
-1.488965
0.009369
1.469758
-0.037758
-0.077870
0.181905
-0.507823
-0.066536
-1.534179
0.067519
-0.111990
0.042037
0.121134
0.148485
0.118813
0.014858
-0.125212
-0.398143
-1.681839
0.076481
-0.223932
-1.610634
1.522540
-0.268273
0.038802
-1.697351
-1.496231
-0.009749
-0.086443
0.096903
1.466606
-0.149651
-1.632444
0.074504
-1.508522
0.056035
-1.383438
-0.060568
-2.045994
-0.302135
1.391326
0.079777
-1.887746
-0.007435
0.111625
-0.097857
-1.422457
-0.277679
-0.106355
-0.079890
-0.024491
-0.109831
-0.113022
-0.324994
-0.138247
1.401046
-0.392202
0.017681
0.070087
-0.311606
0.023124
-0.355191
0.123081
-0.278377
-0.080236
-0.149533
0.048879
0.106293
1.601477
-1.511182
-1.425242
-0.235089
0.234292
-1.654586
0.030150
-1.905077
1.367438
-1.570123
0.127386
-0.049793
-1.344280
-0.221140
0.087091
1.536359
-0.288342
0.133674
0.162272
-0.004930
0.009715
0.076150
0.065609
-0.249826
-0.064703
-0.280219
-0.335983
-0.051354
1.462454
0.092350
-0.010941
-0.026449
0.092312
-0.151383
-1.954231
-1.662512
-1.562696
0.038552
-0.083105
0.018914
-0.072996
-1.684614
0.061368
-1.459989
-1.721629
0.015750
-1.587626
0.000781
-0.207752
-1.684664
-0.002737
0.025144
0.103063
-0.295381
-1.301989
0.137353
0.192623
-0.239732
-1.516722
0.159740
-0.029973
0.028199
-0.043710
-0.229186
-1.592035
-0.120719
-1.574592
1.559559
-0.209258
0.010276
-0.032096
-0.018340
-0.237437
-0.357790
-0.282335
-0.177331
-0.035893
0.199592
