-0.076696
-1.482786
-0.122590
-0.091465
-0.217873
-0.042844
1.579518
0.043243
-2.032781
-0.323642
-0.077590
0.138152
-0.240887
1.336369
0.118307
0.055911
-1.623331
-0.290606
0.121008
-1.553365
-1.572761
-0.118935
-0.105862
-0.054506
1.488880
-0.326958
-1.788345
-1.505442
-1.685325
0.021894
0.101408
-0.254822
-0.034479
-0.408599
-0.384013
-0.365190
-1.709172
-0.240647
-0.075931
0.028956
-0.090113
-1.494145
-1.621158
0.105905
0.102215
-0.194870
-1.485873
-0.247397
-0.059117
0.023231
-0.366410
0.092906
1.489883
-0.099152
-0.055527
-0.080444
-1.623427
-0.127729
-0.024224
-0.326050
-1.880990
-1.683694
0.054897
-0.367532
-0.363268
-0.311690
-1.616878
0.038011
0.110001
0.027956
-0.107195
1.505427
-0.310237
0.146732
-0.159105
-1.507582
1.450436
-0.029358
-0.015346
-0.318834
-1.852339
-0.056555
0.032285
-0.033063
0.146626
1.334082
-1.667354
-0.182047
-0.101381
-0.068149
-1.574624
1.613788
1.423581
-0.000576
-1.545444
-0.131715
-1.557641
-1.812980
-1.609639
0.034408
-0.384484
-1.581911
-0.217166
0.082906
-0.166823
1.483401
-0.002691
-1.664924
1.545007
0.024539
-1.673198
0.066160
-0.430186
-1.810493
-0.279740
0.041499
-0.359935
0.082884
0.129551
0.109421
-1.624177
-0.344790
-1.606002
1.482075
-1.607968
0.129057
0.047017
-0.080842
-0.077098
-0.124375
1.504671
-0.200613
0.064037
-0.107717
-0.095463
-0.370804
-1.456022
-1.810542
-0.014181
0.090562
-1.676615
0.068192
-0.235698
-0.299394
-0.012087
-0.012358
-1.571727
-0.314680
-0.200449
-0.208449
-1.889393
0.027229
-0.125867
1.447771
-0.054215
-1.560823
1.390710
-1.615473
1.478484
-0.111881
-0.076924
-1.556541
-1.928090
-0.314540
-1.418799
-0.498892
-0.320032
0.160570
-1.442915
-1.588182
-0.283702
-0.059695
-1.683840
-0.247421
-0.302187
-0.309302
-0.055890
-1.757705
0.033445
1.424970
-1.644459
0.010661
-0.301978
0.099059
0.034503
0.104096
0.081058
-1.958584
0.043610
0.100540
0.049219
-0.451798
-0.424009
-0.193842
-1.508585
-0.255734
-0.039009
-0.226788
-1.604328
-0.459714
-1.894641
-1.511523
-1.467163
-0.305780
-0.076632
1.456398
0.079805
-1.594161
0.081888
-1.505377
0.116512
-0.367785
0.119540
-1.584440
-0.417313
0.155491
0.074981
0.123231
-1.623439
-1.519089
-0.226370
-0.076859
-1.525144
-0.000297
-0.335693
0.078312
-1.617352
-0.274257
1.632142
-0.074043
-0.071223
0.218751
0.146866
-0.058922
0.016177
-1.563085
-0.117269
-1.588213
0.069915
-0.319306
-0.005196
0.001594
-1.623160
-0.395759
0.024080
-1.483475
0.183867
-0.266735
-0.121410
0.097510
1.331225
-0.370992
-1.546093
-0.315245
-0.050784
-1.642894
0.054320
0.059604
-1.566221
-1.602608
0.119719
-0.000057
-0.276231
-1.717117
0.093301
-0.234871
-0.027769
0.037931
-0.026539
-0.246017
-1.517256
0.071300
-1.996038
-0.343728
-0.089568
0.078657
-0.164590
-0.002707
-0.068631
1.578101
0.015860
-0.260674
0.087373
1.495892
-1.621039
-0.026986
0.067472
-1.675795
-0.090411
-0.067361
0.047862
-0.282622
0.007191
0.128945
0.149450
0.033752
0.002897
-0.141339
0.082522
-0.040378
-0.370542
1.578391
0.123365
0.041885
-0.062747
0.056094
0.036468
-0.221484
-0.374274
-0.044927
-1.572893
1.509934
-1.413444
0.021319
-1.559909
0.043894
-0.281455
-1.556898
-1.474911
1.496711
-1.443375
-1.443609
-0.348937
-1.578292
1.413357
-1.441076
-0.203832
-0.011525
-0.050936
-0.331464
-1.331962
1.605565
-0.021776
1.429447
-0.034477
-1.622118
-1.613044
-0.229841
0.089707
-0.309139
-0.027869
-0.113775
0.046712
1.361044
0.243835
1.494814
-1.676586
-0.013228
-1.475174
-1.536860
1.409004
0.084832
-1.433694
-0.061313
-0.261605
-1.628038
-0.299574
0.012095
-0.055923
-0.040810
0.095260
-0.090011
-1.895052
-0.098248
-0.034208
0.054058
-0.396677
1.450482
-1.606808
0.132457
-1.702970
-0.071748
0.137768
-0.116898
0.002896
-1.906736
-0.210389
-0.371762
-0.184194
1.522905
-0.009483
-0.221447
-0.029408
0.045558
-0.119570
-1.525264
-0.379916
-0.404434
-0.424079
-1.766288
1.461248
0.121764
0.062696
0.128145
0.118807
-1.553006
0.015632
0.074608
-0.135994
-0.054517
-0.385689
-0.123073
1.490260
0.036841
-1.744279
0.085858
-0.447984
1.551196
0.084577
-0.019286
-0.290182
-0.391335
-0.069790
0.205642
-1.601308
-0.050210
0.137371
-0.270424
0.039852
-1.481594
0.061067
-0.352086
0.157574
1.545118
0.021357
-0.315503
-1.681418
0.061693
-1.680289
-0.237117
0.054103
-0.112970
1.492343
0.021266
-0.000361
0.027302
-0.297519
0.109187
-1.703114
-0.254944
0.021894
-0.013210
-1.549980
0.102096
-0.186228
0.001782
-0.011677
-1.775000
-0.296424
-0.318662
-0.002859
0.010788
1.458419
0.172799
-0.030079
-0.093130
-1.539360
-0.154259
-0.182741
-0.189811
0.051390
0.191717
-0.276596
0.218689
-0.203799
-0.363014
0.000061
0.054257
-0.346292
-0.099307
-1.608912
1.708377
0.001048
-0.032789
0.013294
-0.095885
1.496289
-0.140901
-0.243233
-0.184869
-1.593885
-0.331916
0.152160
0.001708
-0.361386
-0.330944
-1.634056
-0.005118
1.594397
-1.933859
-0.217481
-0.387377
-1.629152
-0.008397
0.145003
-0.256471
-0.096895
0.255009
-0.144999
-0.003000
-1.608464
0.008293
-0.157825
0.132908
0.165408
-1.936507
0.141608
-0.035311
-1.684932
-1.650564
-0.297400
-0.026397
-1.882933
0.164383
0.089623
-1.726448
-0.389644
1.483010
-0.036077
-0.105731
-0.053610
-1.560678
-1.638208
-1.593450
-1.949625
0.151548
-0.382569
-0.404336
0.078144
0.123521
-0.097415
-0.337897
0.104446
-1.627946
-0.287203
-0.300448
-1.328443
-0.033491
1.416458
-1.550182
0.007498
0.006852
-1.594005
-1.582796
-0.390564
-0.391988
-1.438522
-0.229127
-1.593936
-0.023009
-0.062451
-0.052304
0.028352
-0.022678
-1.617426
1.430144
-0.387517
1.467779
0.053148
-1.375108
-1.548719
0.045738
-0.096196
-0.230614
-1.452060
0.190116
0.029555
-0.028131
-1.574360
0.043425
-0.328645
-0.011499
-0.423497
-0.166611
-1.530195
1.369016
-1.637060
-1.574089
1.679852
0.012805
-1.649257
-0.406033
0.025112
0.018257
-0.038381
0.042157
-1.930713
-0.031360
-1.430393
0.080150
-1.539459
-1.567764
-0.349238
1.440537
0.067256
-1.414007
-0.355977
-1.512732
1.402638
-0.290029
0.005244
-0.044345
0.094918
-0.063534
-0.340155
0.091520
-0.411873
-0.382082
-0.370798
0.013647
0.164815
0.109825
1.407076
-0.028970
0.150950
-0.001204
-0.070475
-0.095206
0.056911
-1.445937
0.080569
-1.531147
-0.041298
0.049997
-1.676019
-0.099561
-0.251165
-1.989083
-0.363377
1.600784
0.042414
0.138110
-1.550154
-0.095414
-0.180483
-1.581093
-0.010084
-0.175502
0.118401
-0.036673
-1.503288
0.042527
0.122716
0.030728
-0.206588
1.357937
-0.267467
0.057748
0.062065
0.083320
-1.637428
0.151249
-1.596456
0.211942
-1.685322
-1.543812
-0.098416
0.027084
-0.183324
0.008360
1.466811
-0.393528
-1.629336
1.555211
-1.687817
1.374434
-1.490044
-0.268396
-0.150458
-0.363578
-0.115717
-0.319808
0.180306
1.521080
0.060272
0.105730
-0.219925
-1.497829
-1.556091
0.062312
-0.172413
0.147226
-1.587251
0.088222
-0.330345
-0.041800
0.180199
-0.118488
0.138884
0.065290
