0.737028
-1.454452
0.415394
0.328600
0.599518
0.297315
-1.160289
2.246054
0.150870
-1.165521
0.409700
-1.606135
-0.941033
2.178150
2.165778
-1.219300
-1.499663
0.131003
0.209926
0.858310
2.111471
-1.477474
0.043430
0.376007
0.100930
-0.666832
0.026874
2.316675
0.578645
0.512658
-1.119421
0.447776
0.001731
-2.389331
0.389370
-1.423467
0.555364
-0.022250
0.352902
-0.016267
0.218958
0.220198
-3.081740
0.399264
0.228337
-1.365160
1.949021
0.547313
0.382945
0.887016
0.619414
0.248520
-1.432177
-1.314283
0.819665
0.567655
-0.868246
-1.138307
-1.298506
0.191346
-2.897263
0.748765
0.415294
0.238480
-1.375339
1.996549
0.483065
0.333592
-0.786894
0.390366
0.367871
-1.149176
-2.620706
-1.257689
0.400513
0.332718
-1.005887
0.542309
-1.532462
2.312761
2.135810
0.495892
-1.335859
0.317993
0.367738
0.025155
0.221668
-1.273525
-1.361213
-1.463242
-0.655324
2.704231
1.646481
2.249057
0.385192
2.655991
0.596716
0.241698
-0.343175
0.547270
0.217925
0.336603
-0.013443
2.263679
0.334134
0.509044
-1.457254
0.311533
-0.836147
0.420337
0.180024
0.511184
0.375169
-1.335671
0.305057
-2.860978
0.499800
0.477255
2.248588
1.896495
0.520486
2.224717
0.222312
0.323643
-0.085158
0.204749
-1.477677
-1.075021
-2.387800
-1.378065
2.259268
2.471787
-1.319862
-1.441030
2.161181
2.060507
0.088666
-0.786647
-2.796894
-1.150256
-1.014895
-1.281473
0.033837
0.168893
0.166025
0.554269
2.072695
-1.238973
0.698710
0.322251
2.176839
0.274591
0.506723
2.195125
2.213686
-1.247298
0.294987
-1.182462
-0.948474
2.310683
2.134815
0.395207
0.164072
-1.077846
0.118444
0.408480
0.967560
0.232437
-0.019975
-1.088653
-0.979436
-1.241129
2.402313
0.461619
0.458547
-1.180807
-0.057503
-1.469608
2.001100
-2.209332
0.889403
0.381129
1.783794
-1.075619
0.707937
-0.098645
-1.098804
0.284036
0.564074
-1.226189
0.402884
2.144336
0.294766
0.261732
-1.304183
0.090755
-1.205322
0.237720
-1.095713
0.512992
2.259657
-1.495988
0.208142
0.568449
2.474455
0.347396
-1.094508
0.243068
-2.936890
-1.334248
0.213623
-0.910078
2.209692
0.089293
-1.277166
-1.075266
0.371689
-0.015222
0.371755
-1.573290
-2.298821
-0.779665
2.195349
0.683404
0.302910
-0.986373
0.347593
-1.385686
-1.300968
-1.421489
0.287939
2.006802
-0.105154
1.691991
0.296279
0.272685
-1.213668
-2.793356
-1.024859
-1.344345
0.469636
2.459840
-2.813585
0.524640
0.271022
0.415460
0.563608
0.024127
2.433312
-1.388812
0.356743
-1.158968
0.396335
-1.235130
-0.004809
0.427708
0.247516
-1.315646
0.420343
0.797919
0.149730
0.298153
0.527710
0.360898
2.031302
0.582546
2.051133
0.473594
2.198507
0.528886
2.467463
-1.300353
2.393240
0.857043
0.332066
-1.232499
2.082836
2.360957
0.339243
0.428594
-1.383872
0.530496
0.279900
0.534424
-0.842988
0.401603
-1.456827
0.398747
0.843613
-1.434165
0.666546
0.032405
-1.445396
1.980403
0.751251
-1.559932
0.489945
-1.424471
0.528426
-2.902042
-1.585208
-1.429662
0.846430
-1.091303
1.060488
2.045025
2.104485
0.341550
2.069660
1.983737
1.120722
0.436506
0.524758
0.719955
-1.658447
0.110872
0.656872
0.542853
0.757766
-1.178100
0.468945
-1.239968
0.614810
2.347877
-1.913260
-0.079058
-1.248525
0.644350
0.171748
0.461953
1.899723
0.532436
0.717903
-0.093467
-0.927625
-1.136321
0.153548
0.360830
-1.336895
-1.213750
0.445447
-1.333269
-2.580962
0.547361
1.733374
0.358785
0.323811
0.679794
-0.118914
-1.759789
-2.983368
-1.348825
0.225485
0.437720
0.429543
0.224264
-1.293949
0.836850
0.408380
0.174792
-1.366609
0.080641
0.308812
-1.643343
-0.004288
-1.544570
0.415894
2.436010
-1.235099
0.565125
2.019837
0.310472
0.560704
0.918551
-0.038616
0.205905
-2.865549
2.192241
0.388955
1.928676
-1.120295
1.023194
0.458419
0.339307
0.581586
0.270712
-0.378597
0.720374
-1.175561
-0.270682
0.488436
1.830369
-1.391102
1.013396
2.093244
0.465422
0.218765
0.338526
-1.216066
0.193383
0.463299
1.986426
2.423974
0.391078
-1.311936
0.327246
2.249018
-0.034029
-1.414153
0.602740
-2.413677
0.276530
-3.012863
-0.674748
0.498296
0.542914
0.042057
2.332755
0.377844
0.434700
0.795961
-1.118810
-1.266440
0.414584
0.827609
-1.362887
0.260762
2.261482
0.500913
-1.436802
0.217431
0.184769
-1.259871
0.460816
0.965233
-0.583079
-1.006779
1.945466
0.335519
-3.090129
0.211809
0.159315
0.569312
-1.452203
0.584838
0.538438
0.392361
0.273772
2.259902
0.033190
-0.988426
2.334825
-0.913862
0.263868
-0.068658
2.392056
0.538615
0.192007
-1.419433
0.395617
0.259102
-1.643965
-1.265715
0.408016
-1.403889
-1.576361
-1.173702
-2.564756
0.473306
0.265145
2.198400
0.706520
0.204536
0.515234
-0.053700
-0.984877
-0.083190
-1.484566
0.358843
2.135477
0.490317
2.086679
2.293254
0.296222
0.378378
-1.330938
0.518708
0.506132
0.348942
0.435441
0.385986
0.137546
0.177174
-1.456859
0.262853
2.547382
0.504093
1.996789
0.356783
-1.417545
-1.506430
2.290520
-0.068091
0.156431
-1.223051
0.399455
0.512190
0.436042
0.470626
-1.471244
1.904066
-1.132986
0.396818
0.144804
0.402486
-1.254730
0.017239
-1.392268
0.529621
0.429024
-2.928927
-0.067094
0.555139
-1.456359
0.537477
0.480859
0.537271
1.839920
0.021006
2.222972
0.321841
0.516099
0.848921
0.343483
2.061906
0.316129
0.748933
0.560354
2.045129
-1.033703
0.310597
2.194001
-1.141415
-2.869674
2.120999
1.562056
2.280643
0.235136
0.824496
-1.249737
0.763388
-1.267100
2.421750
0.527556
-1.203815
-1.227676
1.066356
0.197832
0.568640
0.636283
0.525093
-1.446647
0.154258
-0.023623
0.307130
0.454598
-1.289498
0.535733
0.416657
0.322757
0.199807
-2.890171
-1.367644
0.685993
-1.506668
0.299438
-1.467726
2.122010
-1.357936
-1.678465
0.475045
0.004427
0.347159
-0.053627
0.556148
0.014806
-0.863476
-0.011076
-1.123309
-1.466203
-0.037449
0.235525
-1.145064
2.200584
0.250713
0.330156
0.251453
0.531303
-1.310957
0.605609
-0.098654
-1.258052
0.356921
0.642460
0.485292
-1.717357
-1.466498
0.518522
-1.190506
2.753581
-1.345858
-1.203570
0.466930
0.427191
0.383015
0.181545
-1.298945
-1.043583
0.601351
0.769421
-1.295461
-1.224440
-0.126792
-0.695986
-0.864318
-1.043979
-2.657712
-1.450571
-0.767816
0.321618
-1.339078
-2.893355
-0.359805
-0.827485
-1.297907
0.345689
0.676953
1.986200
-1.457878
2.138340
0.459104
0.121730
-0.003307
2.170801
-1.444175
-0.927128
0.573036
0.454075
0.481803
2.207153
-0.023421
0.511307
-0.396326
-1.308690
2.197571
0.396154
0.353269
0.371987
-0.008907
0.005862
-2.917842
0.384330
0.084402
2.545225
0.499397
2.133749
0.537113
-0.945098
-0.827918
0.800672
-1.359743
0.399209
0.389941
-1.329238
0.524622
0.132394
12.139130
0.645849
0.240400
-1.260905
2.075555
0.643784
-1.237751
0.208457
0.772474
0.048076
-1.575957
1.229860
0.545208
0.377127
