0.321595
1.473212
-0.302604
0.166769
-1.557245
0.108442
-0.130220
-1.552151
0.100509
0.037470
-0.116835
-0.005997
-0.242272
-0.053728
-1.579224
0.102613
-0.322778
0.018665
0.077029
1.652628
-0.032399
0.052311
-1.706235
0.100069
-0.256112
-1.778274
-1.542921
1.382710
0.076257
-0.069582
-1.422845
-0.306731
-1.628510
0.041270
0.066319
-1.545989
0.070230
0.115169
0.042402
-1.556101
0.068610
-1.479168
1.333638
-1.817390
0.014522
0.056169
1.504810
-0.362381
1.417100
-0.230370
0.036012
1.382246
1.366298
-1.463035
-0.379313
-0.355601
0.066451
1.515297
-0.304995
-0.031719
-1.961124
-1.574524
-0.034106
-1.436871
-0.095570
-0.026497
-0.366430
-1.465960
-0.322604
1.461620
-1.920883
-0.059890
-0.067315
0.154150
0.059755
0.047245
-1.596585
0.022591
0.006183
0.255745
1.496120
0.095518
-0.020513
-0.251199
0.216693
0.140424
1.524077
0.240857
-0.359929
-1.880145
-0.235752
-1.626570
-0.138187
-1.516314
0.121032
0.070203
-0.070994
-1.564715
-0.278733
1.402076
0.074970
0.014821
0.107744
-1.564258
-1.555222
0.039189
-1.820494
0.126128
-0.237511
0.032219
-1.589891
-1.982887
1.507727
-1.503525
1.554901
1.549070
-0.024902
-1.505237
-1.565840
0.002781
-0.027732
0.050939
0.023846
-0.146641
0.000566
1.418538
-0.032217
-0.242028
-1.665132
1.450619
0.152819
-0.038749
0.062622
0.117030
-0.019207
-0.273253
-0.344497
-1.823896
-1.471665
-0.186694
-0.344989
-0.343906
0.208772
-0.398019
0.018003
-0.390508
-0.088684
-1.610146
-0.124963
0.099911
0.065347
-0.002768
0.074838
0.077526
-0.096048
-0.230432
0.018387
-0.024310
0.106979
-0.108251
-1.570497
-1.587382
-0.068947
-0.217346
-0.323291
0.030821
-0.072384
0.005590
-0.028553
1.456548
-1.495576
0.015359
-0.037964
0.145625
-0.248015
0.115590
0.164234
-1.510714
-1.726377
-0.223481
-1.539636
-1.606005
-0.107645
-0.077341
0.016468
0.028003
1.507376
-1.534067
-1.542908
-0.299553
1.548027
-0.064524
1.474092
1.477250
1.815717
-0.305356
-1.741120
-0.394798
1.456842
1.455074
0.134812
0.061606
0.134883
-1.853615
-0.273408
-1.706848
-1.451271
-0.008415
1.383683
-0.251681
0.074813
0.022143
-1.434875
0.055281
-0.339003
-1.578154
-0.316922
-0.320487
0.037078
-0.016987
-0.265559
0.175567
-0.413591
0.102523
-0.014493
-0.301013
-1.575732
-1.626424
-0.135984
0.038009
-0.360541
1.472683
-1.563413
-0.145433
0.025186
-0.380868
0.072592
1.460941
-0.307346
0.052845
-0.327053
1.570025
1.589952
-0.191138
0.235075
-1.870976
-0.238617
-1.760666
-0.038116
0.028314
-1.594341
0.112569
-1.698372
-1.715947
-0.162646
0.041539
0.208077
-0.290323
-1.941105
-0.114796
-0.119526
-0.329993
0.059908
0.167757
-0.348490
-1.500303
-0.114533
-0.262647
0.072534
0.023217
-1.515858
-0.125547
0.000346
-0.471980
1.599369
0.096393
-0.336032
-1.811311
-0.018673
0.076849
-0.221389
0.087383
-1.637703
-1.436287
0.175843
-0.034424
-0.044377
0.010594
1.451226
0.009701
-0.005576
1.619522
1.521773
-1.571916
0.034150
1.553439
-0.277576
0.008629
-0.076253
-0.337268
-1.586089
-1.540043
-0.254226
-0.003956
0.071958
0.167260
-0.070880
1.667604
0.016944
-1.405552
1.529296
-0.368932
0.090386
0.120907
0.061575
-0.366749
-0.257155
1.491733
1.423291
0.275520
-0.015034
-1.584535
-0.013814
-0.266707
0.206643
0.010557
-0.240301
-1.601459
0.136220
-1.467099
-1.670942
0.064967
-0.058118
-0.018783
0.083367
1.407952
-1.499412
-1.580560
0.124614
-1.610524
0.002267
-1.330507
-0.030876
1.686157
-0.069793
-0.336367
0.072292
-0.022883
0.090827
-0.300157
-1.682741
-0.289574
-0.075166
0.084460
-1.581001
1.465505
0.020599
-1.613099
-1.810258
-0.308321
-1.674769
-1.714628
-0.339910
-0.398568
-0.123328
-1.632942
1.536358
0.137943
-0.155131
-0.255017
-0.094609
-0.073197
-0.271469
-1.672356
0.108684
0.068176
-0.374017
-0.200125
-1.646288
-0.228343
-1.432178
0.066591
-0.042024
-1.449246
0.047211
-0.104479
0.160553
0.001963
-0.111176
-0.322717
-1.628764
-0.233632
0.154133
0.045305
-0.313875
0.028915
0.086415
0.207710
0.148260
0.012838
0.161894
0.158533
-0.061117
0.048725
-0.005127
0.018015
0.048715
-0.073056
-0.114195
0.076530
-1.884147
-0.012531
-1.526408
-1.696334
1.368932
1.508425
-0.025881
0.085170
-0.092274
-1.692382
-0.100612
-0.286067
0.012706
-1.576210
-1.954818
-1.604402
-0.326330
0.196515
0.011440
0.017740
-0.304370
0.078839
-0.003266
0.161623
0.026615
-1.669658
0.080447
0.054741
-0.098432
-0.275019
-0.037726
-1.549836
1.555432
-0.391609
1.507463
-1.603531
-1.515883
0.120774
-1.849092
-0.209405
0.051456
-0.232464
0.101838
0.057296
0.040709
-1.637236
-0.232247
-0.247110
-1.783782
0.006707
0.016869
0.048811
1.587513
-0.040673
-1.667636
1.512557
-0.061732
0.077101
-0.333861
-0.327297
-0.034634
-0.344966
-1.426651
-1.668978
0.054127
-0.112426
-0.033919
-0.377538
-0.343796
-0.035083
-0.016744
-1.574103
-0.143962
0.189982
0.130983
-1.521572
0.042630
0.167476
1.557305
1.446616
0.104750
-1.736926
-0.290631
-0.220651
-0.132017
-0.048219
-0.370999
0.196550
-1.667733
-0.094316
-0.273992
-3.168687
-0.316992
-0.379079
-0.109515
0.095099
0.026163
-1.611627
0.169518
0.125918
0.034664
-1.516107
-0.455847
-0.022392
-0.026421
-0.318376
0.143709
-0.249011
1.562735
-0.056042
-0.062773
-0.072821
0.103680
-0.278415
1.564947
0.050741
-1.868345
-1.506280
-0.315289
1.443692
0.067468
1.649176
0.051808
-1.580391
0.053503
0.044157
-0.251145
-0.373037
-0.190733
-0.187075
1.436340
0.079564
-1.546006
-1.416367
-1.579078
0.101661
0.121600
0.104254
-0.395750
1.431058
-0.029673
-0.408015
0.086082
-0.048582
1.633241
0.188643
0.120438
-0.002552
-0.058030
-0.003526
0.060116
-0.003919
-0.373969
-0.074199
1.499984
0.015013
-1.724173
0.179286
-0.044951
-1.615552
1.445357
1.564752
-0.039629
0.009509
-0.008448
0.019920
0.188596
0.087246
0.155303
-0.471980
1.283415
-0.011030
-0.132107
-0.307888
0.065420
0.007862
-0.171908
0.123460
0.023665
0.007117
-1.652426
1.388108
0.102667
-1.437457
0.158936
-0.253168
-1.594256
-0.358310
0.117912
0.024706
-1.621094
-0.398688
-0.302618
0.158854
-0.058083
0.031895
-0.043560
0.085556
-1.899568
1.650705
0.226450
-0.054500
0.050704
-0.007132
-0.204122
-0.275770
0.013222
1.460363
-1.647187
0.193037
-1.649715
1.415905
-0.347192
-1.649193
-0.032418
-0.378353
0.144092
-0.058731
-1.540156
0.053142
0.026978
-1.346512
-0.053061
0.046317
1.462707
-1.574810
0.033637
0.132802
0.075899
0.018580
-0.023291
-0.050139
-0.076043
-0.042682
-0.340661
0.061479
-0.346781
-0.097425
-0.304738
-1.519462
0.045574
-1.500051
1.507524
-0.392467
-0.102395
-1.623861
-0.266130
0.033846
0.026495
0.063340
-1.412850
-0.040471
1.566933
-0.095096
-1.529911
0.045135
-0.279859
1.511532
1.616842
-1.578797
0.198453
0.273187
-1.581613
-0.387483
-0.274900
-0.300935
-1.575358
0.016818
-1.655035
0.118665
1.489707
-1.417141
-0.408313
0.112600
0.137103
0.076168
-1.634518
1.680513
0.140508
-0.300638
