1.518213
-2.265535
1.665748
2.731465
1.158386
-2.875341
0.000000
2.677945
-2.321725
-1.892547
0.218669
1.529154
-0.588003
3.011890
-2.677945
0.635027
0.418224
2.629203
2.521343
-2.896614
2.896614
0.444419
-0.554307
-1.484058
-2.578276
-2.699218
2.761086
1.234122
2.846152
-0.726642
-1.107149
2.896614
1.856848
-0.380506
-1.487655
-1.570796
1.570796
-1.206817
2.083186
-1.570796
-0.927295
2.411693
1.249046
-2.526930
-2.992703
3.050933
-1.190290
0.188222
-2.539305
2.055274
-0.881872
3.011890
2.414950
1.134169
1.910089
0.571337
-1.529154
-3.099950
-2.176341
1.165905
0.090660
0.188222
2.553590
-1.373401
-2.699218
-2.697173
-2.111216
2.984991
-1.525373
-2.622447
-0.090660
-2.884269
3.141593
1.941688
1.951303
0.257324
2.214297
0.398522
-1.249046
0.755104
-2.214297
0.000000
0.588003
1.138389
-1.086318
2.473303
0.945311
-0.124355
-2.875341
3.141593
-1.961403
1.007480
2.356194
-1.365401
-3.036716
3.101614
1.804540
-1.490966
-2.638749
0.652847
0.388319
-0.422854
-3.058451
-2.388441
3.006065
1.249046
1.217806
-3.082837
0.524796
1.661456
-2.697173
1.804540
-0.418224
-0.935770
-0.218669
1.525373
-0.090660
0.000000
1.382575
2.284887
1.022247
0.086738
-1.441094
-0.188222
2.158799
2.918116
-2.422763
-0.358771
-2.541542
0.049958
-2.953371
3.141593
2.761086
-1.750650
0.956133
2.356194
0.223477
-0.444419
-0.665969
0.148890
2.356194
1.675673
1.862253
0.982794
-1.916352
-3.009041
1.356736
-0.436627
-0.632749
-0.049958
0.218669
0.785398
1.086318
0.602287
-1.180189
-1.412141
-2.819842
1.735945
2.073640
0.748378
-1.484058
1.396124
1.484058
-2.657115
-0.620249
-2.051684
-2.677945
1.687905
0.856706
2.806856
2.418613
2.129396
-2.753274
-2.466852
-0.558599
-0.463648
-1.051650
2.984991
-1.460139
-1.661456
2.539305
-1.299849
2.541542
1.264917
2.111216
-2.944197
-0.938047
-2.609869
-1.284745
-2.802300
0.436627
-2.593043
-2.396173
-1.719686
-0.110657
2.616797
2.459276
-1.989021
-1.313473
3.030935
1.107149
2.205823
0.086738
1.794273
0.257324
-1.249046
-0.909753
0.135528
2.284887
0.866302
-0.982794
-0.828849
-2.936197
2.356194
-2.289626
-1.919567
2.768605
-0.851966
-1.837048
-2.601173
-0.463648
3.017238
0.052583
-0.996491
1.712693
-0.856706
-3.022164
1.130954
1.849096
-1.866237
-2.553590
-1.453688
-0.099669
-2.508844
-0.205395
-1.480136
-0.090660
1.892547
2.819842
3.022164
-1.071450
-2.053310
-2.731465
-2.055274
0.502843
0.244979
1.980924
-2.356194
-0.519146
0.426627
-1.158386
0.094952
2.609869
-2.384758
-0.286051
-0.694738
3.086094
-0.531724
-3.099950
-0.352990
0.938047
-1.487655
1.626295
2.388441
0.442374
-1.051650
2.321725
2.875341
1.128422
-0.915101
2.593043
-2.185459
-1.815775
0.083141
-0.321751
2.034444
0.463648
-1.653938
2.607884
2.170847
2.907849
2.077895
0.207496
2.699218
1.618379
0.380506
-1.147942
1.421906
0.548549
-1.190290
-1.892547
0.104877
-2.539305
-0.380506
2.642246
0.076772
-2.777614
0.484478
-0.270947
-2.804918
1.512041
2.325901
-0.291457
0.436627
-2.480549
-1.130954
-1.494024
-0.588003
0.334737
2.870646
1.862253
-1.525373
2.593043
-2.677945
-1.570796
1.768192
1.264917
0.426627
2.622447
1.385448
1.706324
0.422854
1.272297
-2.034444
-2.158799
1.325818
-0.486899
-1.484058
2.743070
-2.473303
-0.188222
-1.315614
2.077895
1.046001
-2.498092
1.067953
0.141897
-2.677945
-2.833540
-1.907471
-2.055274
-1.657535
2.321725
-1.618379
-2.768605
-1.794273
-1.623379
-2.327631
0.554307
1.983207
2.095592
-0.463648
-0.726642
-0.643501
2.279423
-2.414950
-0.388319
-2.239086
1.831399
1.975688
2.129396
0.685730
1.993650
1.570796
-2.073640
2.316216
0.041643
-0.502843
-1.934775
2.768605
-2.601173
1.570796
-0.600050
0.815692
1.959115
-2.293776
0.223477
1.128422
-2.587285
1.616220
-2.677945
0.278300
0.104877
-1.234122
0.047583
-3.054854
-0.694738
-2.384758
2.654693
0.352990
1.304544
-1.862253
-2.275290
1.934775
-1.525373
1.862253
-0.278300
0.394791
0.266252
-0.563316
0.828849
2.677945
-2.053310
-1.304544
-1.199905
-0.745419
2.863293
-2.422763
2.259721
-3.064821
-1.570796
1.527345
1.083897
-0.602287
-1.907471
2.750986
-1.784857
3.089010
2.418613
-1.527345
-1.441094
-1.165905
2.526930
-2.356194
0.519146
1.801887
0.574305
-2.541542
-1.030377
0.694738
-0.558599
1.356736
1.623379
-1.570796
-0.436627
-2.750986
0.207496
1.471128
2.055274
-1.742987
-1.126377
-1.016489
1.727398
-3.006065
1.206817
1.993650
1.975688
-0.718830
0.643501
-2.833540
-0.785398
-0.588003
-0.620249
-0.086738
-2.422763
0.463648
-0.418224
-2.488746
-1.929567
-2.057696
1.080839
-1.768192
-1.428899
0.207496
-3.036716
1.951303
-1.907471
-1.849096
-1.160669
1.910089
1.815775
-3.050933
2.638749
2.736701
-2.321725
-1.067953
-0.370891
1.337053
0.917950
0.156602
1.180189
-2.057696
-1.217806
-1.292497
-2.034444
-1.520838
-1.912746
0.363979
2.567288
-2.356194
2.833540
-1.825979
2.553590
0.982794
-1.975688
2.488746
3.099950
1.892547
-2.388441
0.722979
-0.938047
2.034444
-1.742987
-2.498092
-2.055274
1.943784
-1.620755
1.712693
1.661456
1.687905
0.363979
1.363300
2.245537
0.996491
2.284887
2.743070
-1.892547
2.122451
-2.223643
-2.057696
0.156602
-1.337053
2.850136
-3.098142
-1.067953
2.835714
-2.125104
2.273053
-2.034444
-2.553590
-2.578276
0.463648
2.214297
-1.905533
-0.945311
1.570796
2.057696
1.158386
-0.785398
1.700499
-0.174672
1.620755
-3.054854
0.574305
-0.652847
0.352990
-2.356194
-0.753151
0.785398
-2.265535
-0.156602
-3.006065
2.073640
0.218669
1.841743
0.968509
-0.588003
2.083186
-2.750986
-2.191046
2.259721
-2.792822
-0.197396
0.996491
-2.191046
-1.993650
-2.383215
-0.404892
2.582993
3.024484
3.082837
0.305879
-0.426627
-2.961739
-1.249046
-2.753274
-1.352127
-2.850136
-2.906048
0.718830
1.279340
-1.088283
-1.261093
-2.944197
-2.753274
0.104877
3.098142
2.922924
0.917950
-2.743070
1.527345
1.856848
-0.058756
-2.857799
2.466852
0.682317
-0.714091
-0.291457
-2.384758
-2.185459
-1.980924
-2.095592
-2.018316
-2.736701
1.508378
-2.616797
-2.325901
2.541542
-2.838708
-0.398522
-2.695487
-2.833540
0.348771
0.548549
-0.970746
-1.910089
-2.134113
1.687905
0.255182
-2.015216
2.432966
0.960070
2.642246
-0.090660
2.736701
2.452668
2.191046
-2.553590
1.088283
1.107149
-0.141897
-3.050933
3.096169
3.017238
2.961739
2.265535
-1.304544
1.828120
-1.993650
-1.727398
3.141593
-2.452668
-1.828120
-0.682317
-1.414194
-1.165905
2.205823
0.888480
2.259721
-2.922924
1.337053
0.785398
-0.851966
-0.370891
-1.284745
-2.498092
-1.030377
-1.784857
2.321725
2.714965
0.847817
2.321725
-1.876675
-0.558599
-3.061763
-0.699893
-0.321751
-0.404892
-2.918116
-2.111216
2.070143
1.794273
2.896614
-2.835714
1.778293
-0.982794
0.614663
2.992703
1.768192
-2.850136
-0.699893
1.107149
0.047583
-1.030377
2.701750
-2.319174
-1.878849
1.570796
2.887919
-1.012197
