0.426178
2.392956
0.430644
0.444573
0.609025
0.463356
1.319459
-1.823757
0.326085
2.663594
0.417043
2.414649
2.669857
-1.871644
-1.739513
2.522038
2.495670
0.061044
0.439541
0.572279
-1.838588
2.311423
0.213101
0.045139
0.417821
1.726156
0.133516
-1.713868
0.522175
0.384453
2.347102
0.556968
0.230701
3.762897
0.525456
2.528685
0.013024
0.221435
-0.052191
0.319262
0.130718
0.512139
3.529154
0.111132
0.334880
2.495678
-1.888015
0.475807
0.527230
0.363878
0.511605
0.466686
1.262692
1.393256
-0.515335
0.188694
2.726609
2.591490
2.242476
0.198180
3.463032
0.596302
0.036618
0.401030
1.224068
-1.951283
0.463012
0.371188
1.502352
0.053939
0.476177
1.436299
3.693289
1.424247
0.385144
0.335309
1.491731
0.560453
2.476617
-1.775980
-1.835987
0.461591
1.233691
0.384907
0.310596
0.179775
0.334383
1.178220
1.262241
2.413317
1.766390
-1.503295
-1.763019
-1.906271
0.038623
-1.617208
0.495663
0.059320
0.949091
0.157032
0.414903
0.088627
0.117752
-1.722907
0.005892
0.116685
1.171642
-0.010799
2.617012
0.109713
0.417093
0.508370
0.389865
1.323573
0.305389
3.533680
0.595578
0.528943
-1.756195
-1.951407
0.483898
-1.831739
-0.010142
0.505516
0.083369
0.294978
2.465054
1.391907
3.802364
2.624808
-1.655751
-1.661414
1.453782
2.499765
-1.784016
-1.839436
0.317365
1.573249
3.606936
1.341885
1.419605
2.385849
0.208130
0.385097
0.375452
0.460739
-1.839596
1.221325
0.326721
-0.048395
-1.941271
0.455938
0.456888
-1.944512
-1.738992
2.407794
0.130723
1.255285
1.456167
-1.646684
-1.898224
0.624390
0.283337
2.755986
0.230564
0.385146
0.742943
0.006766
0.149297
1.274968
2.714519
1.327374
-1.703197
0.579457
0.244670
2.680654
0.321168
2.544127
-1.958654
3.840514
0.701723
0.095359
-1.736970
1.405616
-0.061701
0.170080
1.394083
0.086789
0.555118
1.365811
0.400401
-1.485608
0.471092
0.447707
1.318126
0.272821
2.466080
-0.044864
1.286198
0.484378
-1.832904
2.499276
0.323873
0.554946
-1.773731
0.415759
1.442865
0.350784
3.619630
2.468121
0.418665
1.441094
-1.845589
0.499269
1.317381
1.310756
0.319485
0.103064
0.438902
2.500737
3.726402
1.533963
-1.730701
-0.004513
0.483636
1.766343
0.527003
1.231667
1.159012
1.173297
0.372878
-1.731005
0.073624
-1.915353
-0.008590
0.385723
1.339717
3.576557
2.644577
2.510989
0.459782
-1.650785
3.536245
0.430420
0.439131
0.178363
0.037821
-0.035178
-1.733149
2.395711
0.129615
1.468047
0.023912
1.223581
0.133760
0.069267
0.384827
1.169438
0.461591
-0.399593
0.472646
0.328358
0.549016
0.421773
-1.759622
0.444818
-1.715972
0.001292
-1.831160
0.400758
-1.705369
1.362629
-1.720362
-0.459346
0.385210
2.707575
-1.967575
-1.781921
0.114416
0.093355
2.476946
0.492587
0.414500
0.136549
1.550588
0.098600
2.480425
0.428021
0.636931
1.248592
0.415016
0.221420
2.544861
-1.799080
0.540884
2.436683
0.535341
1.265741
0.473489
3.585938
1.219745
1.120786
-0.552279
2.687548
0.794670
-1.891524
-1.798934
0.445822
-1.672504
-1.875303
0.602054
0.523208
0.451930
0.754756
2.488022
0.287223
0.070397
0.528489
0.757486
1.299330
0.692206
1.083876
0.664776
-1.851610
-0.229444
0.185372
1.317086
0.602810
0.242937
0.000417
-1.920935
0.420314
0.613529
0.261386
1.489474
2.643860
0.224551
0.023275
2.389513
2.606984
0.417761
2.618270
3.718603
0.613310
-1.779990
-0.047046
0.166386
0.275320
-1.418276
-0.053112
1.403139
2.532847
0.444968
-0.750084
0.542004
0.382636
2.359692
0.390632
0.436965
0.360026
2.560593
-0.799779
0.403320
2.446786
0.100161
2.446599
0.001070
-1.676582
2.367041
0.629692
-1.879025
0.458192
0.550056
0.703554
0.160305
0.403462
3.524809
-1.790877
-0.091801
-1.789702
1.268027
0.586115
0.054786
0.356200
0.545461
0.505855
2.293168
0.571794
2.744373
0.234055
0.127717
-1.922333
1.213715
0.833740
-1.850826
0.396227
0.409867
0.538909
2.441072
0.468742
-0.010330
-1.831384
-1.741933
-0.032722
1.233639
0.492098
-1.773313
0.135908
2.386543
0.516437
3.694159
0.054256
1.430615
1.766270
0.567246
0.192138
0.446367
-1.718128
0.156219
0.593766
0.498229
1.236256
2.323950
0.553464
-0.502336
2.472773
0.534534
-1.926782
0.086456
2.579388
0.473236
0.450986
2.691976
0.084570
-0.451784
1.580488
1.406449
-1.941107
0.494992
3.459766
0.498799
0.371645
0.574904
2.405731
0.634840
0.148236
0.139218
0.388119
-1.699195
0.387839
1.346977
-1.669095
2.618932
0.044352
0.169509
-1.630630
0.528171
0.423085
2.403503
0.474580
0.390215
2.505637
2.475881
0.424084
1.198140
2.385584
1.174238
3.613499
0.555401
0.405653
-1.788205
0.492824
0.402595
0.170074
0.131075
2.674545
0.057218
1.227786
0.509108
-1.912592
0.191411
-1.861051
-1.745503
0.033981
0.507756
2.675559
0.109100
0.127298
0.587472
0.469104
-0.037526
0.265631
-0.058135
2.493391
0.436312
-1.651663
0.109943
-1.805195
0.337039
2.565992
2.429184
-1.559363
0.067908
0.266833
1.226606
0.035726
0.590938
0.268784
0.672804
1.183422
-1.909861
1.338341
0.025381
0.356164
0.516451
1.147223
0.147564
1.103069
0.689304
0.410969
3.454188
0.242635
0.610229
2.381280
0.024979
0.565705
0.216343
-1.959417
0.206292
-1.689070
0.374451
0.456187
0.862877
0.192435
-1.775257
0.079689
-0.498827
0.481308
-1.938274
1.464564
0.074832
-1.704012
2.665170
3.570536
-1.827420
-1.850952
-1.642424
0.290263
0.375229
2.276470
0.567352
2.252333
-1.598722
0.581973
2.407544
1.232368
0.741506
-0.006137
-0.515774
0.474160
0.561091
2.466843
0.356915
0.144875
0.070166
0.480220
1.406068
0.479356
0.358200
0.378668
0.415549
3.561263
2.275856
0.515361
2.481990
0.025164
2.634482
-1.726775
1.181260
2.471467
0.444499
0.082202
0.406470
0.185021
0.477673
0.283311
1.511811
0.255850
2.638062
2.568964
0.114503
-0.012171
1.423542
-1.874021
0.018517
0.480408
0.420531
0.437911
2.488149
0.466108
-1.432923
2.588357
-0.026907
0.661908
0.506711
2.447420
2.543001
0.589270
2.423005
-1.550962
1.244720
1.292647
0.523367
0.489536
0.465291
0.358661
1.378391
1.447988
0.494642
0.623091
2.470995
1.358363
0.158579
1.471890
1.522046
2.633448
3.742991
2.325838
1.571418
0.279829
1.146626
3.516908
0.949712
2.782798
1.239826
0.125421
0.205601
-1.713939
2.458755
-1.842113
0.476940
0.109681
0.165172
-1.813729
2.511846
2.395185
0.464852
0.166625
0.407723
-1.763033
0.149786
0.507654
1.623155
1.382581
-1.802804
0.373176
0.412356
0.364857
0.137849
0.255421
3.457935
0.465176
0.267777
-1.661338
0.343981
-1.893371
0.087296
2.603848
2.482033
0.460834
2.556016
0.551108
0.114459
1.265372
-0.112530
0.465087
0.210075
0.459605
0.040669
2.651558
-1.899928
0.584326
1.273751
0.383784
0.625139
0.387303
2.418535
0.763317
0.062234
0.278342
