-1.965587
1.828120
0.165149
0.528074
1.841743
-0.339293
0.785398
-0.825377
2.312744
-2.677945
0.148890
-0.094952
-2.723368
0.714091
-2.396173
2.142134
-1.637364
-0.174672
1.892547
2.102520
-2.279423
2.508844
-2.782822
-1.042722
2.884269
2.034444
-1.299849
-0.124355
0.055499
1.107149
-1.234122
-2.647651
-1.637364
-1.570796
1.508378
-2.253113
0.321751
0.748378
0.938047
0.982794
-3.283490
-1.325818
0.000000
-3.785094
-3.578220
0.682317
2.312744
-2.034444
-1.626295
-0.305879
-0.822418
2.427502
-0.726642
1.801887
2.010639
-0.218669
1.969319
1.828120
-3.141593
1.910089
-1.418147
1.937970
2.111216
-4.218448
0.588003
-2.976444
2.077895
-1.058407
-3.194176
-0.090660
2.508844
-2.788602
-0.244979
-2.896614
-0.305879
-0.233743
-1.937970
-0.058756
-1.789465
1.107149
-1.570796
1.284745
1.373401
-0.643501
-1.063698
1.325818
0.927295
-1.941688
-0.665969
-0.862170
1.264917
2.083186
-1.128422
-0.174672
-2.723368
-4.068888
-2.714965
-1.975688
1.465919
-0.211093
-1.520838
2.953371
1.264917
2.060754
2.629203
-1.107149
0.996491
-0.785398
-1.828120
0.819867
-0.661043
2.526930
1.418147
-0.519146
2.582993
1.815775
0.436627
0.737815
-3.141593
-2.142134
-0.950547
-1.756144
-3.274144
2.609869
-2.999696
-0.661043
-3.974574
-3.094010
0.896055
-1.414194
-0.674741
1.570796
2.245537
-0.956133
2.111216
-1.910089
2.466852
-1.961403
0.000000
-2.089942
1.768192
1.869295
-0.052583
-1.292497
2.654693
-2.736701
2.723368
-1.892547
1.446441
0.052583
-0.652847
-0.531724
0.370891
0.862170
2.053310
-0.950547
0.418224
-1.480136
1.570796
-2.896614
2.356194
-2.729182
-0.614663
1.983207
0.231091
-2.034444
1.504228
1.745469
-0.685730
-0.257324
-1.661456
-0.141897
-0.718830
1.359703
-2.319174
-0.321751
-1.570796
-1.199905
-2.855541
-3.241261
1.961403
-1.134169
-1.046001
0.463648
1.629552
-0.055499
-3.241261
1.107149
1.396124
-0.339293
-0.197396
2.137526
0.270947
-2.582993
-1.768192
-3.141593
2.388441
-1.292497
-3.208161
0.785398
-2.855541
-1.849096
-1.712693
1.428899
-2.356194
-2.414950
2.922924
-1.862253
-2.466852
1.012197
-0.528074
-3.463343
-0.888480
1.152572
-1.750650
2.699218
-0.968509
-1.910089
-0.463648
-1.570796
-1.768192
1.083897
-3.926991
0.519146
0.486899
1.797595
1.735945
-2.173084
-1.570796
1.471128
-2.098871
2.396173
-1.471128
-2.850136
-2.798569
-2.956245
2.835714
-2.034444
2.226492
-4.514993
1.892547
2.158799
-1.892547
-2.574863
-0.566729
0.489957
-2.647651
0.104877
-0.390607
2.319174
3.094010
-3.729595
1.515298
1.352127
-1.190290
-0.832981
2.992703
2.701750
1.523213
1.435269
-2.284887
-2.485897
-2.896614
-0.270947
-4.331883
-2.356194
0.090660
0.868539
-0.439843
1.937970
1.520838
0.499347
0.856706
-2.158799
-0.632749
-1.876675
-2.245537
2.070143
-3.785094
1.249046
-0.904827
1.570796
-3.086094
-2.393215
-2.953371
-0.117109
-2.158799
1.735945
-0.321751
1.128422
-1.421906
2.677945
1.512041
1.019141
-3.729595
0.610726
1.647568
-1.570796
0.938047
-0.343024
-1.217806
-0.390607
-1.759018
-2.432966
-4.068888
-0.512389
-0.674741
2.992703
2.526930
2.010639
2.356194
-2.273053
-0.110657
-3.024484
-1.570796
-0.551655
-1.520838
0.927295
-3.440092
0.336675
-0.785398
2.303611
-2.819842
-1.570796
2.034444
-3.236544
2.788602
2.629203
-0.785398
-1.446441
2.414950
-3.141593
-2.498092
-3.030935
-2.654693
0.000000
1.022247
1.494024
-0.512389
1.849096
0.785398
1.352127
-3.512484
2.319174
1.647568
-2.279423
-2.574863
-1.465919
-1.212026
-3.823909
-0.708626
-3.568220
-2.944197
2.064738
-2.651635
-2.992703
2.321725
0.099669
-0.512389
-2.723368
-2.863293
-2.704965
0.380506
0.968509
-2.034444
-1.706324
0.156602
1.304544
-0.339293
2.819842
-2.988943
0.996491
-1.249046
2.526930
-2.158799
-1.107149
-2.185459
-0.785398
-1.304544
2.321725
1.339706
1.504228
-0.785398
-0.714091
1.626295
-2.498092
-2.077895
1.292497
-4.446137
2.390664
1.626295
2.455863
-2.609869
-1.727398
-1.315614
1.460139
0.904827
-2.944197
-3.006065
0.412410
0.266252
2.060754
-1.570796
-3.141593
0.000000
-0.682317
1.961403
1.165905
2.750986
1.989021
-2.356194
-0.463648
-2.013171
-3.926991
-0.602287
-0.876058
-1.801887
-2.303611
-1.199905
-2.743070
-1.951303
-2.907849
-3.752319
-2.984991
-0.741947
0.968509
2.432966
-2.677945
-2.356194
-3.966970
0.104877
-2.944197
-1.768192
1.681454
2.319174
2.567288
-0.049958
1.778293
-3.200348
-2.539305
-3.926991
-1.815775
-2.629203
-0.785398
1.508378
-3.827322
2.214297
0.745419
1.745469
-0.708626
-3.141593
-2.137526
0.412410
1.629552
2.466852
0.463648
-0.439843
0.718830
0.463648
1.299849
-0.062419
0.825377
1.212026
2.253113
0.367174
2.870646
-1.570796
-2.432966
-1.304544
1.190290
1.083897
0.148890
-2.880990
0.665969
-1.873681
-2.613518
-1.570796
2.657115
-2.634494
0.938047
-1.042722
1.518213
-3.836331
-3.141593
-1.512041
-1.199905
-1.941688
-0.708626
-0.058756
-1.172274
-1.083897
-0.099669
-0.045423
1.907471
-2.880990
2.875341
0.643501
0.099669
-2.788602
-4.317598
-1.797595
0.531724
0.412410
1.152572
0.305879
-0.708626
2.910502
1.284745
2.003204
-3.326941
2.279423
0.117109
1.299849
-0.938047
1.862253
2.761086
1.778293
-3.605240
1.019141
-3.490364
-0.165149
0.117109
0.141897
-1.030377
1.520838
2.475623
-0.620249
-2.896614
-2.148698
-2.119346
-1.152572
0.302885
-1.937970
-3.568220
-3.463343
-0.588003
2.953371
1.352127
-1.815775
-2.010639
2.835714
2.245537
-2.629203
-3.761842
0.844154
2.629203
-1.130954
1.789465
0.432408
-0.748378
-1.815775
0.439843
1.152572
-2.723368
-2.173084
-1.518213
0.266252
-3.386571
1.892547
-1.107149
-1.086318
-2.934096
-3.241261
0.507099
2.203545
0.418224
-0.785398
-0.674741
0.655696
-0.665969
2.850136
1.249046
-3.036716
-0.463648
0.305879
1.249046
-3.444478
2.181522
0.558599
2.356194
0.737815
-0.917950
0.785398
0.661043
-4.629248
2.185459
2.284887
-0.643501
-3.141593
2.452668
-2.137526
1.570796
-1.570796
-2.459276
-0.174672
-0.352990
0.367174
-3.546484
-2.498092
2.111216
1.735945
2.432966
-2.223643
-0.588003
-1.249046
1.414194
-1.190290
0.571337
-3.985747
-0.960070
-2.297439
-0.888480
1.997424
-0.708626
-0.165149
-0.856706
0.244979
1.012197
-1.016489
-1.831399
2.158799
-2.601173
-0.302885
-1.217806
2.613518
-3.412540
-1.862253
1.471128
-1.508378
-2.399645
2.750986
-1.670465
-0.512389
-2.961739
-1.373401
-2.750986
-0.982794
-0.286051
2.214297
-2.007423
-1.460139
1.727398
-0.665969
0.165149
1.975688
-3.082837
-0.661043
2.129396
0.610726
0.165149
-1.712693
1.647568
2.034444
0.741947
2.427502
-1.778293
-2.223643
-3.559817
-0.785398
-2.601173
3.011890
1.363300
-0.551655
1.873681
0.643501
2.432966
0.291457
-1.570796
-0.876058
-1.227772
-1.107149
-2.782822
-1.828120
-2.446854
-1.570796
1.570796
-0.152649
-0.197396
-0.390607
-1.414194
0.358771
2.284887
-3.484617
-1.107149
0.665969
-1.675673
-0.463648
-1.022247
1.828120
-1.907471
