-1.152572
0.110657
-2.279423
1.499489
0.000000
-2.356194
-2.835714
-1.629552
-0.278300
-0.753151
1.618379
2.010639
0.785398
2.896614
0.321751
-2.819842
1.831399
3.041924
2.399645
2.319174
2.521343
1.398606
-1.618379
2.145101
0.708626
-3.141593
0.665969
0.463648
-1.815775
-2.999696
-2.173084
-2.835714
0.614663
-0.950547
2.173084
-1.076855
-0.904827
2.203545
-0.380506
-1.815775
-0.817645
-1.134169
-0.260602
0.996491
-2.475623
-1.768192
2.838708
1.212026
-2.060754
1.969319
-0.489957
0.278300
2.356194
0.588003
-0.358771
-1.703348
1.107149
-1.435269
0.956133
-2.819842
2.516108
-1.007480
1.815775
2.704965
1.414194
-0.888480
2.934096
1.504228
-2.622447
-1.292497
0.489957
-1.176005
-0.888480
1.063698
-2.034444
0.390607
2.927532
-2.245537
1.862253
-2.999696
-1.841743
2.102520
-2.388441
1.438245
0.244979
-0.493941
1.629552
0.358771
-3.191551
0.104877
1.222025
0.432408
-1.128422
-1.768192
2.055274
-0.956133
2.521343
-2.073640
1.453688
2.289626
2.034444
1.570796
-2.034444
-2.788602
-0.398522
-0.682317
0.244979
-0.117109
2.884269
-2.629203
2.308611
0.748378
-2.158799
0.837981
-2.723368
2.191046
2.034444
-1.665748
1.373401
0.862170
-2.259721
-1.892547
-2.999696
-1.929567
0.305879
-1.465919
-0.148890
-2.498092
1.249046
-2.966920
-2.293776
-2.601173
-1.363300
-3.372683
-3.046641
-0.286051
1.134169
-0.233743
-2.393215
0.708626
-1.363300
-1.339706
-2.642246
0.927295
-0.117109
0.124355
0.817645
0.211093
-0.832981
-0.785398
-1.264917
2.459276
3.141593
0.321751
0.463648
-0.750929
-1.465919
1.951303
0.000000
-2.284887
-2.013171
-2.647651
-0.685730
-2.677945
0.000000
-2.013171
2.651635
-0.896055
1.983207
1.975688
1.107149
1.675673
0.620249
1.264917
0.785398
2.819842
2.432966
-1.670465
0.643501
2.399645
1.642104
-3.006065
-2.214297
-0.302885
-3.194176
-1.570796
-0.614663
2.390664
0.938047
1.352127
-0.917950
-0.851966
2.539305
1.086318
1.520838
-0.635027
-1.934775
0.174672
-2.399645
2.259721
-0.574305
1.570796
1.138389
-0.398522
0.888480
1.520838
1.138389
1.570796
-2.356194
0.868539
2.835714
-2.205823
-2.466852
-0.305879
1.719686
1.703348
-1.570796
1.951303
-0.965252
-1.801887
0.837981
-0.785398
2.526930
-0.982794
2.884269
-1.373401
0.380506
-1.414194
-2.539305
-1.325818
2.319174
-2.922924
0.832981
-0.486899
2.729182
-1.670465
0.000000
-0.881872
-2.236766
-2.356194
1.373401
-1.907471
2.158799
-0.674741
0.266252
1.841743
2.134113
-3.050933
0.938047
1.797595
2.761086
1.012197
-1.373401
-3.096169
0.336675
-0.982794
2.654693
2.729182
0.999459
-0.489957
-1.165905
1.937970
2.158799
-1.768192
3.050933
0.000000
-3.283490
-2.459276
-0.358771
-2.819842
1.019141
-0.398522
-2.452668
2.003204
-0.982794
-1.983207
-1.980924
-1.039072
1.284745
1.520838
0.737815
1.504228
-1.475845
2.316216
-0.665969
2.279423
-2.253113
1.471128
0.370891
2.870646
0.588003
2.918116
1.504228
0.620249
-2.158799
-0.868539
-1.063698
-1.428899
-0.404892
-0.278300
-0.785398
1.217806
1.862253
-0.260602
0.148890
-2.521343
-2.922924
2.613518
1.570796
-1.828120
0.132552
-2.488746
-2.245537
2.245537
0.632749
1.876675
1.969319
0.110657
-1.681454
-1.520838
-0.231091
-2.657115
1.337053
-2.034444
0.628796
-2.553590
1.778293
-0.489957
2.798569
1.735945
1.414194
1.325818
-1.390943
1.030377
1.325818
0.655696
0.052583
-1.784857
1.512041
1.128422
-1.934775
-1.046001
2.770701
-0.394791
-1.873681
-1.727398
0.785398
-2.651635
-2.393215
0.927295
3.036716
-1.756144
2.231839
-1.626295
1.325818
-0.278300
-2.196281
-2.356194
0.000000
-2.284887
0.888480
-1.313473
-1.267911
0.486899
-0.463648
2.321725
2.007423
2.064738
-1.279340
0.231091
2.863293
-1.784857
0.432408
-0.291457
-2.750986
0.904827
-2.677945
-1.249046
0.442374
0.260602
-2.953371
-1.446441
1.231504
-1.735945
2.356194
-2.158799
-1.849096
2.750986
2.455863
1.438245
0.737815
-2.245537
-2.657115
-0.352990
-2.788602
-1.051650
2.203545
0.737815
-0.956133
-0.876058
-1.620755
1.570796
-1.297788
0.000000
-1.325818
-0.463648
2.399645
0.708626
-3.258701
-3.386571
1.759018
-2.034444
2.835714
1.414194
1.359703
1.267911
0.049958
0.938047
0.519146
0.058756
-2.356194
-2.356194
2.393215
1.446441
1.284745
1.975688
1.199905
-0.390607
1.180189
-1.051650
2.723368
3.041924
-1.249046
1.352127
-2.064738
0.851966
2.782822
-2.601173
-1.022247
0.832981
-0.726642
0.531724
2.896614
-0.132552
-2.743070
-1.892547
-1.520838
-2.838708
-0.486899
-1.951303
2.393215
2.185459
-0.071307
-2.819842
2.966920
-0.837981
-1.723446
0.785398
-2.466852
-1.570796
1.520838
0.135528
-1.076855
-0.917950
-2.750986
-2.422763
-2.761086
-2.697173
-0.785398
2.007423
1.272297
2.422763
-2.418613
2.223643
2.399645
0.321751
-1.030377
0.352990
1.570796
1.249046
-2.884269
0.156602
1.264917
-3.036716
1.759018
-2.057696
-0.165149
-1.910089
-2.709185
-1.299849
-2.057696
0.856706
0.104877
1.487655
2.142134
2.498092
-0.286051
1.570796
0.876058
-2.910502
-0.888480
-1.523213
-1.892547
-2.289626
-1.923787
2.642246
1.063698
-2.259721
2.321725
-0.226799
-2.427502
1.051650
1.083897
-1.750650
1.284745
-1.742987
-3.036716
-0.390607
1.206817
3.086094
2.060754
1.520838
1.325818
0.956133
2.226492
1.794273
-2.863293
2.446854
0.302885
0.370891
-0.049958
0.226799
0.352990
-2.966920
0.207496
2.999696
1.310194
-2.582993
-1.471128
-0.185348
1.623379
-0.927295
1.828120
-1.951303
-0.785398
2.279423
2.356194
-1.128422
2.729182
-2.485897
2.319174
2.119346
-2.485897
0.000000
1.768192
-0.512389
2.253113
0.244979
-0.938047
-1.983207
-0.156602
1.873681
0.302885
-2.057696
0.558599
-2.279423
-0.785398
-1.126377
3.096169
0.094952
-2.651635
-2.223643
-0.643501
-1.130954
2.835714
0.825377
3.098142
-1.876675
-2.922924
-2.196281
-0.226799
0.363979
-0.463648
0.551655
-1.759018
-2.498092
-3.041924
-2.922924
2.214297
-1.487655
2.158799
-0.847817
-1.134169
-0.844154
-3.316265
-0.055499
2.508844
-1.804540
-1.046001
-2.944197
2.422763
-2.553590
2.319174
-0.655696
1.831399
-0.856706
0.486899
-1.951303
2.701750
-0.197396
-1.629552
1.703348
-0.244979
-2.319174
-0.822418
-1.675673
2.393215
-1.661456
-3.036716
-0.339293
2.077895
-0.528074
1.570796
0.548549
1.310194
-2.910502
0.748378
2.191046
2.422763
2.743070
-2.459276
2.057696
-1.310194
1.983207
0.197396
-1.428899
-0.058756
-2.129396
-1.405648
-2.677945
-1.359703
3.189176
2.181522
0.876058
-0.822418
-0.380506
-0.156602
-0.099669
1.828120
1.712693
-0.489957
-0.982794
-2.782822
1.665748
1.304544
0.876058
-1.414194
-1.313473
2.961739
1.642104
-1.570796
2.570255
1.869295
-1.570796
-2.896614
0.165149
-1.398606
0.956133
3.050933
-0.412410
-1.325818
0.104877
2.064738
-2.279423
-2.743070
0.278300
2.396173
2.896614
0.825377
-2.034444
2.176341
-0.398522
1.745469
-1.359703
-1.292497
1.623379
2.593043
-0.714091
-0.540420
0.370891
