-0.058289
-1.722281
-0.327718
0.187923
-0.005315
-0.176984
-0.310341
1.723997
0.103048
-1.856279
-0.022581
-0.015151
-1.779775
0.063849
0.098829
-1.855236
0.133265
-0.380526
0.116295
-0.079407
0.218420
-0.138065
-0.132263
0.027171
-1.702141
-1.964839
-1.689734
-1.774037
1.621448
-0.411254
-0.313888
-1.962784
-1.796703
-0.055382
0.000733
-0.039787
-0.022956
-0.098935
0.072455
1.410468
-0.145891
0.025657
0.209753
-1.706614
-0.234344
1.604897
1.403098
0.032545
1.622418
-0.026758
0.100037
-1.802459
-0.012027
-1.699934
0.168875
-0.010511
0.161392
-0.145997
-1.725466
-0.333849
0.000852
-0.084673
-1.638622
0.067214
-1.698907
-0.020990
1.326034
-1.626319
-0.228753
0.097673
0.047852
0.070668
-0.095460
-1.754365
1.416107
-1.765023
1.190682
-0.392158
0.040760
-2.028786
-0.027006
0.012434
-0.282052
-1.600756
-1.698311
0.249229
0.054526
-1.712618
1.221627
0.107613
0.234569
0.143365
-0.021356
1.566222
-0.050241
0.017599
0.148541
1.496089
0.040808
0.087293
0.015105
-0.116682
-0.226628
-2.030813
-0.093091
-1.847202
0.301062
0.011376
1.303179
-0.278416
0.144787
-1.713327
-0.225236
0.137242
-0.319856
-0.012029
0.114908
1.530981
-0.053263
0.073821
-0.276982
1.574648
-2.026333
-0.178816
-1.696293
-0.117278
0.014313
-0.315668
-1.609634
-1.927229
-0.463351
-0.455937
-0.109035
0.111789
-0.433560
-1.685017
-1.698799
-1.878874
-0.239694
0.038324
-0.089356
-0.036002
-0.132715
-1.787082
0.104850
0.053259
-0.143193
1.845982
-1.632397
0.012638
-0.035789
0.078719
1.282828
-1.760551
-1.681528
-0.132868
-0.065733
0.134600
0.145495
-0.319569
-0.236209
-0.203921
0.173532
-0.351496
0.029843
1.613780
0.207757
0.026921
-0.013624
-0.009919
-0.176886
-0.027487
-1.676815
-0.043187
-1.735669
0.084466
0.108828
1.517258
0.084113
0.188272
0.084205
-0.347631
1.607336
0.040224
1.258189
-1.815939
-0.111429
0.017406
-1.743317
-0.028935
-0.049674
-0.049512
0.059177
-1.710458
-0.034366
-0.093436
-0.334744
0.069883
-0.272496
0.045063
-0.016948
-1.702944
0.157778
-1.832690
-0.167273
-0.120494
0.270959
-1.730922
-0.277325
0.226948
0.120540
1.411563
-0.282191
-0.004895
-0.058412
-1.609547
0.036140
0.167487
0.126116
-0.256481
0.086245
-0.018135
0.048896
-0.073761
0.124596
-0.044525
0.107266
-0.158602
-0.330545
-0.130019
-0.014946
-0.297683
-1.667473
-0.010789
0.179904
-0.211026
-0.080953
-0.037322
1.585430
-0.304748
-1.625054
1.513106
-0.073310
0.005898
-1.907725
-1.680845
0.038959
-2.033685
-1.737717
0.122687
0.032760
-1.702901
-0.069990
-0.402994
-0.218464
0.012341
0.057741
0.161956
0.100481
0.003696
0.105314
0.093630
0.108053
-0.219649
3.037510
0.091196
0.210983
-0.264703
0.141917
-1.969184
-1.602392
-0.037828
-0.375117
0.108705
-0.085877
-0.191152
1.461140
-0.064492
-0.020205
-1.710928
0.219780
-1.621093
1.507851
0.081487
0.051157
0.017023
-0.286673
-1.692368
-0.017679
0.189895
0.060293
1.214753
0.060714
-1.674668
-0.107261
-0.058977
-0.077915
-0.020262
0.094824
-0.080640
-0.068712
-0.055018
-0.047423
-1.716136
0.036914
-0.294911
-0.323378
0.244778
0.103313
-0.273706
0.166591
-0.397477
-0.261078
0.038608
-1.748333
0.006709
0.041481
0.103302
-0.171753
-0.179081
-0.016099
-0.378865
-0.020972
-0.148053
1.966513
-0.285691
-1.686587
0.114464
0.255226
-1.681156
0.027632
0.092023
-0.131225
-1.695556
-0.003571
0.187073
-1.724949
1.435596
0.055499
-0.062769
1.492250
-0.175323
0.009288
0.200302
-0.182892
-0.107190
-1.622092
-0.321798
-0.262579
-1.783076
1.288099
-0.131046
0.001925
-0.080352
-1.767584
-0.080327
-0.303424
-0.273658
0.035986
-0.318600
-0.065776
-0.133594
0.023807
-1.756272
-0.074837
0.049467
0.042429
0.128403
-0.107337
0.138140
-0.024122
-0.113720
0.221578
-1.921862
-0.255860
0.114678
-0.354175
0.079730
-1.790740
0.082908
-0.402530
1.599568
0.117423
0.005618
0.012841
-0.120944
-0.479904
0.108060
0.199619
0.170753
-1.682615
-0.254550
-2.000029
0.061970
-0.369470
-0.019694
-0.010685
0.062238
-0.048953
-0.007348
-0.291265
-1.698765
-0.246166
-0.079371
0.035229
-1.837518
0.250042
0.227950
0.142685
0.259096
-0.068943
-0.316285
0.162810
0.019608
0.087441
1.843325
0.099099
-1.707921
-1.779921
0.039965
1.452420
-0.337032
-0.023889
0.051514
-1.660185
0.192258
-0.069970
0.056332
-0.063928
0.015001
0.164334
1.302881
0.020163
0.006196
-0.200714
-1.756347
0.083650
-0.168454
-1.784968
-1.655249
0.160408
-1.804538
0.178504
0.142218
-0.300648
1.683496
1.577749
-0.340074
0.002042
-0.230927
0.086928
-0.019099
0.128473
-1.913906
0.104179
0.079531
0.055752
-1.623090
-0.256356
-0.021357
-1.677141
-0.028611
0.104171
-0.066795
-0.326327
-0.426761
-0.363482
-0.364660
-0.084826
-1.543917
0.083871
0.102988
-0.327347
-0.053647
0.154353
0.073198
-0.123443
-1.849948
-1.738038
-1.679806
-0.321067
-1.799413
-1.736390
-2.016219
-0.084904
-0.209004
-0.006093
-0.108465
-0.274453
0.011296
-0.277101
-1.729892
0.019753
0.238665
0.081020
0.158950
0.030024
-0.040570
-1.615513
-1.960427
-0.059824
-0.134760
-0.127153
-0.373335
1.504688
0.250103
-1.795900
-0.385310
0.030514
0.091068
1.566079
0.166155
-1.790589
-0.136061
-1.618599
-0.269695
-0.371600
-0.006817
-1.862610
1.447562
-0.006299
-0.025004
0.130099
-1.800800
0.121422
-0.032016
-0.400599
0.152574
-1.654957
0.084181
0.083287
0.161069
-1.828156
-0.252310
-1.820167
1.256901
-1.660178
-0.268049
1.539097
-0.038522
-0.019476
-0.039714
-0.047071
-0.020075
0.177699
0.045022
0.065812
-0.087042
0.120180
-0.169532
0.012498
0.057166
-0.206752
0.119160
0.066734
-1.821679
0.093821
-1.691141
-0.088161
-0.155865
-1.906001
0.069885
-1.695230
-0.291157
-1.734648
-0.230063
0.135208
-0.057100
1.280507
-1.789003
1.616348
-0.267772
0.016827
-0.016904
1.271516
-1.722107
-2.073057
-0.325734
-0.319939
1.498728
0.151919
-0.189740
-0.041765
0.225305
-1.986144
1.533128
-0.237653
-0.371062
0.048840
-0.191908
0.013418
-0.082858
0.030247
-0.154636
1.314509
0.037593
0.055112
1.512232
-0.173200
-0.197555
0.065922
-0.162924
-0.002486
0.184537
0.103095
-0.090051
0.093355
1.630289
0.146495
-0.030520
0.039749
0.074336
0.025111
-0.217886
0.033149
1.530882
0.092539
1.564045
-0.334210
0.049305
-0.103908
-1.698043
-1.679242
-1.765962
-1.607273
-0.303213
-1.833377
0.109048
0.014020
0.061137
-0.254601
0.033531
0.051345
-1.628052
0.142978
1.630302
0.108707
1.585777
0.047579
-0.142656
-0.011464
1.276373
0.011519
-1.626628
-0.014151
-0.020145
0.073935
-0.023086
-1.682262
-1.583876
0.062050
-0.089108
-0.245163
-0.103801
-0.199885
-1.589248
-0.019674
-0.172454
1.291856
0.071891
-0.107988
0.149704
0.166956
-0.148499
-2.072300
-1.748035
-0.186398
-1.746218
-0.410150
0.175584
-0.145392
0.052487
0.148073
-0.143661
-0.436016
-0.035408
0.017034
0.187694
1.701233
-0.240249
0.138796
0.006673
0.049412
-0.040224
0.051085
-0.046995
-0.035632
0.007119
0.066112
0.036982
