-2.034444
1.815775
0.348771
0.610726
1.892547
-0.370891
0.851966
-0.950547
2.446854
-2.697173
0.090660
-0.257324
-2.777614
0.682317
-2.466852
2.003204
-1.703348
-0.231091
1.869295
1.969319
-1.929567
2.459276
-2.761086
-0.876058
2.863293
1.969319
-1.363300
-0.174672
0.047583
1.030377
-1.304544
-2.622447
-1.633215
-1.756144
1.339706
-2.289626
0.358771
0.785398
0.896055
0.927295
-3.141593
-1.292497
-0.052583
-3.648691
-3.574000
0.548549
2.308611
-2.034444
-1.687905
-0.352990
-0.927295
2.356194
-0.540420
1.727398
2.013171
-0.278300
1.907471
1.657535
-3.232253
1.849096
-1.390943
1.913820
2.057696
-4.184315
0.685730
-2.774419
1.975688
-1.083897
-3.290483
0.000000
2.459276
-2.761086
-0.363979
-2.969402
-0.422854
-0.334737
-1.735945
-0.124355
-1.862253
1.128422
-1.570796
1.249046
1.304544
-0.785398
-1.030377
1.325818
0.982794
-1.989021
-0.832981
-0.982794
1.249046
2.034444
-1.222025
-0.305879
-2.770701
-4.331883
-2.746802
-1.831399
1.382575
-0.197396
-1.525373
2.850136
1.249046
2.034444
2.526930
-1.126377
0.917950
-0.785398
-1.951303
0.785398
-0.785398
2.418613
1.471128
-0.432408
2.466852
2.245537
0.404892
0.785398
-3.058451
-2.273053
-0.968509
-1.629552
-3.338988
2.459276
-2.774419
-0.722979
-3.979574
-3.141593
0.960070
-1.428899
-0.714091
1.475845
2.158799
-0.994421
1.923787
-1.910089
2.427502
-2.034444
-0.052583
-2.265535
1.869295
2.003204
-0.099669
-1.446441
2.578276
-2.432966
2.593043
-1.969319
1.343997
0.049958
-0.699893
-0.643501
0.321751
0.950547
1.959115
-1.130954
0.278300
-1.304544
1.284745
-2.863293
2.231839
-2.782822
-0.755104
1.989021
0.055499
-2.034444
1.570796
1.633215
-0.643501
-0.336675
-1.794273
-0.124355
-0.358771
1.272297
-2.323948
-0.244979
-1.623379
-1.264917
-2.910502
-3.246470
1.934775
-1.107149
-1.051650
0.439843
1.570796
-0.110657
-3.321446
0.904827
1.363300
-0.321751
0.124355
2.356194
0.207496
-2.536048
-1.695151
-3.141593
2.356194
-1.304544
-3.070285
0.741947
-2.870646
-1.869295
-1.837048
1.428899
-2.356194
-2.077895
2.850136
-1.919567
-2.516108
0.996491
-0.551655
-3.463343
-0.982794
1.128422
-1.797595
2.697173
-1.007480
-2.013171
-0.531724
-1.570796
-1.837048
0.956133
-3.785094
0.519146
0.336675
1.997424
1.712693
-2.231839
-1.675673
1.647568
-2.003204
2.245537
-1.525373
-2.677945
-2.896614
-2.838708
2.770701
-2.119346
2.203545
-4.353618
1.892547
2.145101
-2.034444
-2.480549
-0.380506
0.519146
-2.709185
0.099669
-0.463648
2.259721
2.907849
-3.640939
1.471128
1.279340
-0.942000
-0.643501
2.792822
2.634494
1.446441
1.356736
-2.325901
-2.553590
-2.736701
-0.370891
-4.345215
-2.308611
0.000000
0.785398
-0.442374
1.965587
1.480136
0.588003
0.815692
-2.158799
-0.745419
-1.892547
-2.289626
1.919567
-3.490364
1.222025
-0.996491
1.515298
-3.091634
-2.427502
-3.011890
-0.156602
-2.226492
1.837048
-0.321751
1.067953
-1.480136
2.634494
1.460139
0.896055
-3.761842
0.643501
1.653938
-1.670465
0.917950
-0.404892
-1.275355
-0.531724
-1.815775
-2.459276
-3.605240
-0.519146
-0.753151
2.918116
2.418613
1.951303
2.321725
-2.236766
-0.165149
-2.914794
-1.504228
-0.694738
-1.480136
0.785398
-3.352686
0.266252
-0.726642
2.176341
-2.804918
-1.614247
1.959115
-3.283490
2.743070
2.593043
-0.909753
-1.249046
2.414950
-3.236544
-2.446854
-3.091634
-2.677945
0.090660
0.970746
1.480136
-0.574305
1.776192
0.819867
1.234122
-3.628492
2.253113
1.703348
-2.312744
-2.214297
-1.475845
-1.249046
-3.889971
-0.819867
-3.559817
-2.999696
2.256526
-2.770701
-3.041924
2.231839
-0.043451
-0.512389
-2.804918
-2.863293
-2.774419
0.211093
0.881872
-1.975688
-1.804540
0.000000
1.390943
-0.380506
2.884269
-3.064821
0.982794
-1.363300
2.418613
-2.170847
-1.051650
-2.196281
-0.942000
-1.325818
2.185459
1.172274
1.570796
-0.588003
-0.753151
1.623379
-2.356194
-1.965587
1.428899
-4.390638
2.319174
1.570796
2.498092
-2.697173
-1.794273
-1.398606
1.373401
0.785398
-3.094010
-3.011890
0.418224
0.179853
2.057696
-1.570796
-3.141593
-0.071307
-0.722979
1.849096
1.138389
2.634494
1.862253
-2.245537
-0.531724
-2.034444
-3.926991
-0.548549
-0.828849
-1.756144
-2.356194
-1.292497
-2.777614
-2.015216
-3.098142
-3.926991
-3.050933
-0.868539
0.917950
2.439336
-2.718739
-2.289626
-3.761842
0.099669
-2.992703
-1.759018
1.670465
2.245537
2.593043
-0.179853
1.750650
-3.200348
-2.657115
-3.926991
-1.951303
-2.526930
-0.982794
1.438245
-3.827322
2.196281
0.674741
1.892547
-0.819867
-3.191551
-1.965587
0.305879
1.637364
2.356194
0.610726
-0.558599
0.726642
0.484478
1.234122
0.058756
0.702257
1.180189
2.321725
0.394791
2.750986
-1.695151
-2.439336
-1.361156
1.325818
1.039072
0.141897
-2.819842
0.602287
-1.873681
-2.589938
-1.661456
2.701750
-2.553590
0.856706
-1.144169
1.465919
-3.836331
-3.265948
-1.520838
-1.249046
-2.055274
-0.819867
0.000000
-1.262744
-1.128422
-0.188222
-0.135528
1.837048
-2.896614
2.846152
0.531724
0.000000
-2.875341
-4.193243
-1.756144
0.484478
0.370891
1.190290
0.321751
-0.851966
2.770701
1.313473
1.965587
-3.326941
2.185459
0.117109
1.190290
-1.107149
1.794273
2.638749
1.706324
-3.419892
0.942000
-3.463343
-0.110657
0.000000
0.047583
-0.851966
1.441094
2.393215
-0.540420
-2.875341
-2.275290
-2.214297
-1.234122
0.260602
-1.815775
-3.640939
-3.419892
-0.661043
2.863293
1.414194
-1.873681
-2.013171
2.819842
2.119346
-2.743070
-3.712930
1.304544
2.567288
-1.217806
1.665748
0.512389
-0.822418
-1.837048
0.418224
1.144169
-2.761086
-2.223643
-1.570796
0.197396
-3.224734
1.815775
-0.950547
-1.107149
-3.036716
-3.232253
0.484478
2.119346
0.358771
-0.785398
-0.817645
0.694738
-0.785398
2.804918
1.190290
-3.046641
-0.380506
0.278300
1.203622
-3.463343
2.064738
0.524796
2.223643
0.493941
-1.022247
0.685730
0.643501
-4.712389
2.111216
2.196281
-0.753151
-3.236544
2.245537
-2.077895
1.518213
-1.405648
-2.526930
-0.257324
-0.422854
0.394791
-3.626071
-2.634494
2.111216
1.665748
2.390664
-2.259721
-0.463648
-1.337053
1.325818
-1.206817
0.571337
-3.926991
-1.004067
-2.137526
-0.960070
2.137526
-0.785398
-0.141897
-0.888480
0.218669
0.927295
-1.107149
-1.653938
2.356194
-2.704965
-0.390607
-1.262744
2.613518
-3.546484
-1.993650
1.670465
-1.570796
-2.356194
2.654693
-1.727398
-0.652847
-2.746802
-1.520838
-2.750986
-0.885067
-0.398522
2.158799
-2.083186
-1.681454
1.712693
-0.741947
0.132552
2.034444
-3.017238
-0.668289
2.480549
0.643501
0.094952
-1.892547
1.750650
2.013171
0.785398
2.432966
-1.849096
-2.231839
-3.546484
-0.817645
-2.539305
2.961739
1.264917
-0.628796
1.892547
1.212026
2.321725
0.620249
-1.487655
-0.832981
-1.138389
-1.086318
-2.896614
-1.969319
-2.541542
-1.359703
1.460139
0.083141
-0.226799
-0.404892
-1.518213
0.321751
2.158799
-3.463343
-1.180189
0.614663
-1.778293
-0.502843
-1.128422
1.804540
-1.951303
