1.909120
-1.967238
1.980924
2.866167
1.343997
-2.469629
0.420197
2.951604
-2.169215
-1.532354
0.516695
1.995628
-0.286051
-2.940638
-2.487022
0.870903
0.706199
2.955106
2.813473
-2.850136
2.944197
0.612538
-0.334737
-1.186627
-2.410196
-2.356194
2.993743
1.609992
-2.936197
-0.438859
-0.859887
3.141593
1.986861
-0.209640
-1.000756
-1.336074
1.911178
-0.830144
2.303611
-0.977446
-0.671606
2.761086
1.508378
-2.327631
-2.806856
-2.956245
-1.016489
0.521834
-2.277411
2.311448
-0.627308
-3.098142
2.668686
1.432157
2.257921
0.827627
-1.295370
-2.844528
-1.739003
1.336074
0.255182
0.491164
2.784973
-0.998337
-2.368852
-2.356194
-1.679067
-2.951604
-1.041207
-2.268187
0.201762
-2.594804
-2.850136
2.296026
2.107707
0.734594
2.620158
0.756835
-0.785398
1.209593
-1.879727
0.244979
0.755104
1.530818
-0.643501
2.896614
1.136843
0.043451
-2.523448
-3.037800
-1.570796
1.209593
2.661418
-0.973038
-2.813854
-2.933127
2.152701
-1.171281
-2.356194
0.785398
0.864597
-0.147849
-2.896614
-2.142134
-3.022164
1.589662
1.509648
-2.661418
0.844154
1.970312
-2.317253
1.947706
-0.112728
-0.615620
0.075329
1.780436
0.376909
0.021736
1.634540
2.428532
1.295370
0.499347
-1.218752
0.000000
2.424581
-3.080444
-2.169215
-0.255182
-2.312744
0.229904
-2.694750
-2.920764
2.944197
-1.415201
1.152572
2.731465
0.638914
-0.193211
-0.328120
0.315616
2.451793
1.866237
2.295662
1.311465
-1.704607
-2.387434
1.549966
-0.193959
-0.356620
0.372988
0.519146
1.134169
1.416478
0.823355
-0.609163
-1.026964
-2.449258
2.008588
2.493781
1.023234
-1.116952
1.805519
1.772559
-2.411693
-0.384169
-1.869295
-2.521343
2.025516
1.152572
3.047531
2.637966
2.228685
-2.601173
-2.051684
-0.135528
0.161837
-0.827627
-3.108272
-0.899190
-1.394087
2.731465
-0.966491
2.764683
1.455920
2.588751
-2.643770
-0.728317
-2.317253
-0.966491
-2.437099
0.647811
-2.210884
-2.181522
-1.236059
0.133811
2.993743
2.695487
-1.745469
-0.814801
-3.066264
1.495467
2.428532
0.436627
2.077895
0.657075
-0.982794
-0.558599
0.420197
2.501823
1.123954
-0.831519
-0.255182
-2.553590
2.645170
-1.849096
-1.756144
3.068993
-0.570040
-1.629552
-1.975688
-0.269849
-2.855541
0.402321
-0.798056
2.394151
-0.394791
-2.807648
1.495467
1.961403
-1.471128
-2.454468
-1.163165
0.358771
-2.408778
0.201317
-1.186627
0.189199
2.410196
3.060141
-2.891614
-0.631691
-1.821239
-2.505754
-1.973117
0.755995
0.556599
2.253988
-2.176341
0.083141
0.671606
-0.717012
0.404892
2.739272
-1.983207
0.021273
-0.144442
-2.947971
-0.289504
-2.838708
-0.022219
1.231504
-1.209593
1.892547
2.640579
0.659310
-0.659310
2.317253
3.102397
1.435269
-0.483447
2.996780
-1.978428
-1.624317
0.416065
-0.038443
2.439336
0.702257
-1.315614
2.896614
2.506566
-3.086094
2.370278
0.429762
2.920764
1.725115
0.740652
-0.551655
1.666655
0.785398
-0.919720
-1.801887
0.304001
-1.999060
-0.244979
2.940276
0.454719
-2.451793
0.710909
-0.081452
-2.594804
1.697388
2.624898
0.000000
0.868539
-2.265535
-0.932477
-1.033886
-0.254368
0.624635
-2.982937
2.071810
-1.311465
2.920764
-2.356194
-1.507053
2.026247
1.630724
0.710909
2.972996
1.591627
2.084402
0.651869
1.551568
-1.750650
-1.886412
1.739393
-0.019605
-1.261866
3.005190
-2.052460
0.126592
-1.205049
2.283857
1.260409
-2.482283
1.405648
0.773053
-2.329174
-2.589938
-1.747505
-1.510868
-1.361156
2.399645
-1.402590
-2.356194
-1.300947
-1.200890
-2.025516
0.785398
2.214297
2.210566
-0.101689
-0.481664
-0.286051
2.614965
-2.188552
-0.189199
-1.917858
1.835285
2.129396
2.382504
1.365401
2.283857
1.810539
-1.916352
2.410196
0.281232
-0.244979
-1.633215
-3.121987
-2.142134
2.000559
-0.289504
1.071450
2.226492
-2.127396
0.582353
1.369034
-2.300696
1.843805
-2.399645
0.519146
0.516695
-0.940395
0.491164
-2.814192
-0.297064
-2.329174
2.920764
0.740652
1.526381
-1.532354
-1.939492
2.222665
-1.243058
2.070143
0.076772
0.708626
0.418224
-0.293589
1.116494
3.002497
-1.720609
-1.000756
-0.919720
-0.463648
3.120319
-2.184566
2.521343
-2.650429
-1.255582
1.852029
1.176005
-0.412410
-1.607144
2.806856
-1.446441
-2.944197
2.805954
-1.200890
-1.124691
-0.883672
2.767866
-1.954614
0.955176
2.018316
0.832981
-2.304957
-0.505290
0.982794
-0.189988
1.611590
1.975688
-1.160669
-0.189199
-2.397267
0.643501
1.709892
2.176341
-1.415201
-0.918927
-0.770906
1.983207
-2.659079
1.422947
2.140837
2.283857
-0.501013
0.908067
-2.514284
-0.431139
-0.193211
-0.446106
0.234723
-2.089942
0.662730
-0.114877
-2.175102
-1.647568
-1.515298
1.369479
-1.380808
-1.220482
0.463648
-2.850136
2.308611
-1.460139
-1.528269
-0.840897
2.179960
2.108081
-2.523837
2.866167
2.922924
-1.879727
-0.630401
-0.056543
1.485895
1.138389
0.473356
1.549061
-1.679458
-0.859887
-0.931410
-1.732634
-1.127348
-1.798899
0.622671
2.813039
-2.181522
3.079174
-1.405648
2.911688
1.255582
-1.510868
2.839974
-2.979755
2.407432
-2.169972
0.948126
-0.604306
2.356194
-1.325818
-2.178598
-1.851634
2.225367
-1.287002
2.058633
2.025516
2.184566
0.593350
1.460139
2.543174
1.315614
2.650429
2.860755
-1.550799
2.430683
-1.726391
-1.590025
0.499347
-1.072974
3.141593
-2.833540
-0.635027
-3.045734
-1.929567
2.559240
-1.625288
-2.164546
-2.342497
0.831519
2.516957
-1.715609
-0.715092
1.702112
2.164546
1.418147
-0.699893
2.051684
0.078271
1.962496
-2.677945
0.713061
-0.328120
0.722979
-2.225367
-0.472907
1.321209
-1.943784
0.095859
-2.733961
2.297439
0.445301
1.973117
1.097440
-0.229904
2.210182
-2.382504
-1.838707
2.478863
-2.523837
0.099669
1.209593
-1.943784
-1.729452
-2.065930
-0.189988
3.122727
-3.081664
-3.039904
0.523919
-0.151015
-2.819842
-1.033886
-2.482283
-0.691921
-2.516957
-2.548243
1.016489
1.742987
-0.627308
-0.878462
-2.713329
-2.650429
0.101689
-2.940638
-3.024484
1.209593
-2.430683
1.951303
2.095592
0.283794
-2.748535
2.729182
0.958259
-0.546789
0.084902
-2.230106
-1.973117
-1.668523
-1.796073
-1.922841
-2.490516
1.796073
-2.322873
-2.341270
2.882261
-2.713329
-0.055499
-2.384758
-2.416727
0.687124
0.940395
-0.463648
-1.307802
-1.797595
2.008588
0.511231
-1.530003
2.778446
1.230414
3.019750
0.076772
3.017238
2.745151
2.601173
-2.281706
1.335251
1.570796
0.181649
-2.813854
-2.996780
-3.007782
-2.920764
2.509902
-1.071450
2.077895
-1.797595
-1.510868
-2.927532
-2.275290
-1.369842
-0.481664
-1.190290
-0.840897
2.587285
1.172274
2.518922
-2.329174
1.615212
1.088283
-0.554307
0.057628
-0.853785
-2.383965
-0.743170
-1.478040
2.584993
2.877104
1.197809
2.668686
-1.592070
-0.388319
-2.844528
-0.399515
-0.165149
-0.022219
-2.799977
-1.634540
2.245537
2.107707
-2.838708
-2.587285
1.904741
-0.674741
0.883672
-2.940276
2.395136
-2.411693
-0.407632
1.205049
0.566729
-0.684295
3.099950
-2.006150
-1.608514
1.759995
-3.043866
-0.813169
