-3.064821
-2.034444
-2.574863
0.141897
1.135443
0.537285
-0.909753
0.873406
0.178093
0.685730
-1.856848
-0.259332
-2.034444
-0.953041
1.292497
2.703801
-2.739272
2.542417
2.721396
-1.428899
-0.935770
2.315122
1.283515
2.275290
-2.016097
-0.108271
0.918927
-2.125104
2.054243
-0.376490
3.017238
-2.188552
0.932477
0.335639
0.061148
2.323948
0.110657
2.605157
-0.387524
0.745419
-0.516695
1.732171
-0.228497
-0.401871
1.878849
2.310073
-3.030935
-2.279423
-1.695151
-1.530003
-1.261866
-1.929567
-1.780436
1.065506
-3.119374
-2.916316
-1.076855
-1.358364
-1.787347
0.041643
-2.687291
0.982794
-0.799096
0.901753
-1.742987
2.129396
-2.385598
1.661456
-2.485897
-1.801887
-2.813039
-0.857735
-0.554307
2.198105
-0.179853
2.451793
0.335639
0.156602
0.293589
2.887225
-1.784857
2.929161
-0.647811
-1.869295
0.293187
0.262995
0.041643
2.529440
-2.576443
-1.295370
-1.862253
1.526381
-2.768605
0.798731
0.571337
0.244979
-0.691921
0.526627
-1.962496
-1.954966
2.420621
0.129703
2.142134
1.022247
0.610726
2.341270
-0.840897
2.911688
-2.051684
1.613324
0.697391
-2.887225
-1.717875
1.650626
-0.849825
-1.209067
-0.179853
1.392703
1.098299
-0.275426
1.614247
2.813473
2.634494
-1.676781
2.340323
-1.760785
-0.896055
-1.854590
0.917950
3.030935
2.662073
-0.259332
0.223477
-0.488852
0.065125
-3.120762
-2.739272
-2.754069
1.630724
-2.148698
-3.058451
-3.080444
2.050316
-2.850136
1.854590
-2.731465
-1.800701
0.605545
2.931953
-0.876058
1.906435
-1.020410
0.209640
2.356194
-0.799482
-2.315122
-1.078311
1.460139
2.398423
2.222665
1.518213
1.134169
-0.965252
-1.739003
-2.713329
-0.193211
2.084402
-0.454302
-0.526627
-1.975688
1.408959
1.947287
-1.089909
2.642246
-2.000559
-0.380506
0.188222
0.927295
0.380506
-1.750650
1.056345
1.194306
-1.378096
-0.977047
2.007423
-0.830144
-1.831399
1.615212
0.960070
-2.536048
-1.757283
-0.767856
-1.198729
-1.631944
3.022164
-2.413275
0.554307
-3.099950
0.300171
2.980218
-0.397628
2.248916
2.901422
-1.703348
-1.965587
1.075245
1.892547
0.124355
-1.929567
-2.356194
0.651869
-0.576375
1.090621
0.126973
-2.372066
1.405648
-2.574863
-2.173084
-0.757628
-0.201317
-1.735945
0.315616
-2.952394
3.005190
-1.231504
-2.458401
2.827361
1.061725
-1.124691
0.404892
-2.706239
-2.061960
1.796073
-1.089133
2.571552
-2.570255
-0.287281
-1.546411
-2.729182
0.083141
-2.743965
-0.126973
-0.813962
-2.135946
-3.085049
-2.529055
-2.054243
0.606988
-0.278300
2.725528
1.087349
2.707639
-0.321751
-0.377249
-0.899190
1.892547
-3.122727
-2.523837
-3.076467
-1.756144
-3.056691
-2.686873
0.021736
0.588003
-2.619758
1.041207
-2.148698
-1.927416
2.087491
0.061148
1.570796
-1.858852
0.065125
-2.739722
-0.988443
2.630362
-2.153149
-0.266252
1.794273
-0.384169
-2.260596
2.901422
1.147942
1.249046
2.944197
-0.883672
-0.697391
1.932000
2.985998
-0.021736
-0.635027
0.041643
-1.315614
0.376490
0.657075
0.685730
-2.218188
2.164146
1.177738
-2.472550
1.230414
0.724866
-2.016097
2.186416
-0.546167
0.367174
-0.432408
-1.280950
-0.225277
2.863293
-1.631944
-2.976444
0.220829
2.852089
-0.516695
-2.772897
3.056691
-1.398606
-1.728565
3.019750
0.321751
0.740652
-0.755995
-2.193467
3.070285
0.335639
3.101614
1.325818
3.141593
1.340892
0.859887
1.963854
-0.671606
0.000000
2.761086
2.982937
1.336074
1.612439
2.446854
0.831519
1.959115
1.243698
-0.940395
0.445301
-0.988443
-1.855527
-0.358771
0.350728
2.780389
-2.498092
-2.127396
-2.356194
-1.135443
-0.396441
0.771700
-1.116494
2.559240
1.320353
-2.574863
-1.983207
-1.014630
1.197809
-2.948381
-2.230106
-1.606495
1.089133
-1.643396
0.068076
-0.988891
-1.862253
-0.086738
3.121595
-2.512796
0.519146
0.799482
-0.328553
-2.356194
-2.186416
-0.367174
-2.307054
2.071810
0.639386
-0.722979
2.806856
2.587285
-1.570796
1.365401
1.695151
1.570796
-2.807648
0.081452
-2.129396
-2.997151
1.732171
-2.936197
2.279423
2.706239
-3.026716
2.292988
-0.507099
2.198105
2.383965
2.230106
2.437099
-0.141897
0.088656
2.084402
-1.315614
-1.352127
2.846152
-2.704965
0.278300
0.931410
0.000000
-3.118341
0.065125
1.919567
1.810967
-1.549966
0.413689
-0.982794
-2.239839
0.047583
1.235158
-2.819842
0.815692
-2.420621
0.089050
2.426501
-0.741947
2.990577
2.525973
2.400941
2.711830
-0.278300
-0.158655
0.348771
-0.388319
1.683947
-2.356194
2.188552
1.269177
-1.127348
-2.372066
-1.482140
1.373401
1.249046
3.022164
-2.731465
-2.100386
2.135946
-2.397267
0.040794
0.413689
0.869942
1.007480
-1.629552
-1.886412
-0.343024
-0.647811
0.321751
-0.759088
-1.242243
-0.739277
0.473356
-0.844154
1.939492
0.157769
-2.275290
-2.386488
-0.627308
-2.819842
2.969402
0.581905
2.839974
-1.033886
1.750650
-2.384758
-3.026716
1.732171
-0.729900
1.683947
-1.026516
2.532429
-0.054491
0.965252
0.473356
3.099950
-0.878875
-3.102397
2.713329
0.022723
-2.636302
-2.538363
-1.759995
-1.216799
-2.936197
2.967921
0.736257
-0.785398
-2.530867
3.064821
-2.295662
-2.819842
-0.612538
-0.685730
-0.543832
1.234122
-3.056691
2.076087
0.084902
1.507053
3.061763
1.784857
2.435394
-2.798569
2.669471
-2.578276
-0.601074
-1.071450
-0.671144
-0.915101
2.558853
-2.381189
-1.473069
0.062419
-3.100799
2.071810
-2.435394
3.103150
0.922985
-0.197396
2.383215
1.405648
-0.702257
2.749893
-2.498092
-2.498092
-2.043293
-1.723446
-1.965587
0.234723
1.037952
2.026570
1.703348
2.175102
2.873226
1.735945
-2.553590
-1.633215
-0.482513
-2.619758
0.343024
1.126377
0.659310
2.767866
0.743170
-0.040794
-0.771700
-0.785398
1.471128
2.158799
-2.643770
-0.966491
-1.570796
2.025897
-0.426627
-3.075024
-1.098299
1.634540
-1.467004
-1.150600
-1.298650
-0.862170
-0.043451
-0.428264
2.605157
2.356194
0.537285
-2.839974
-3.033322
2.252095
-0.943488
-2.944197
-1.090621
-0.971621
-1.629552
2.441700
2.303611
2.723368
0.892677
-3.120319
-0.273009
3.022164
0.814801
-1.801887
0.639386
-2.158799
3.098142
2.242402
0.620249
-2.745151
-1.835285
0.399515
-0.915101
-0.665969
0.828849
2.186416
2.819842
0.108271
1.163165
-0.927295
2.265535
-1.078311
-2.070143
-2.171870
-0.961633
-1.690225
1.186192
0.361204
0.834539
2.911688
-2.299114
1.373401
2.312744
-2.273053
2.118359
1.786881
0.605545
2.205823
2.152701
-2.996780
-0.994421
-0.380506
-1.843805
1.630724
1.381597
0.463648
1.929567
0.612538
1.513168
-0.785398
-1.373401
-2.896614
-3.103150
1.772113
-3.098142
-1.016489
-1.892547
0.772412
2.024135
1.242676
-0.855705
-2.612003
-1.810028
0.817645
-2.843094
-0.769526
-1.275355
2.044152
2.140837
-0.582353
-1.647568
1.907471
1.287002
2.386488
-2.896614
-0.135528
0.308931
1.057190
0.785398
0.812419
1.044169
-2.509902
-2.493781
-1.959115
0.097727
2.657115
0.090660
0.511231
-1.492525
1.936544
-2.711830
1.453688
-3.049263
2.341270
0.639386
0.092756
2.659929
-1.810967
