-0.908067
1.986861
1.047518
1.697769
2.341270
0.099669
2.273053
0.394791
-2.505754
-2.553590
0.365747
1.337053
-2.525973
0.943488
-2.131483
-3.026716
-0.073939
0.239743
2.548895
2.202487
-0.574305
2.806856
-1.843805
-0.141897
-3.121595
2.311448
-0.988443
0.214061
0.418224
1.306308
-1.030377
-1.801887
-1.145591
-0.868539
2.175102
-1.999060
1.207649
1.726391
1.408959
2.068619
-1.685673
-0.955176
0.426627
-2.138901
-2.108081
0.827627
3.104573
-1.666655
-0.950547
0.141897
-0.581905
2.643770
0.901753
2.025516
2.384758
-0.095859
2.084402
1.748889
-2.947971
2.186416
0.422005
2.970214
2.686873
-2.694750
1.612439
-1.752445
2.356194
-0.643501
-2.944197
0.772066
2.677945
-2.501823
0.185348
-2.661418
-0.141897
-0.073939
-0.521434
0.982794
-1.670465
1.487655
-1.080839
1.630724
1.633215
1.156289
0.420197
1.987235
1.919567
-0.677386
0.372988
-0.022219
1.647568
2.342497
-0.800322
0.422854
-1.702112
-2.206635
-1.605265
-0.624635
1.739393
0.840897
-1.343997
-3.015001
1.441094
2.999696
2.745151
-1.014197
1.236059
-0.275426
-1.748889
1.033886
1.145591
2.741352
2.548243
0.124355
2.716760
2.976444
2.017639
1.723446
-2.267818
-1.338692
-0.526627
-1.033512
-2.841817
2.844528
-1.820383
0.328553
-2.178598
-2.791278
3.067654
-0.998337
-0.259332
1.746736
2.632522
-0.654571
2.255091
-1.448954
2.659929
-1.793457
0.234723
-1.496857
3.038511
3.141593
0.333244
0.354706
2.887225
-0.797446
2.789548
-1.655698
2.153149
0.309703
-0.333945
-0.335639
1.550391
2.539305
2.210182
-0.526627
2.144237
0.103082
2.573488
-2.422763
2.627141
-1.994465
-0.348771
2.087491
0.407632
-1.197809
2.798569
2.257921
0.635838
0.020830
-1.399417
0.967566
0.834140
2.482283
-1.954966
0.851966
-0.988057
-0.844154
-1.911178
-2.819842
2.260596
0.022723
-0.664774
0.911486
1.886412
0.179853
-3.010277
1.405648
1.718646
0.019605
1.158386
-2.929161
0.560687
-1.044169
-0.581905
-2.746802
-3.099950
-0.081452
-2.138901
1.627340
-2.460294
-0.706614
-1.412141
2.831205
-1.412141
-1.076855
3.120762
-1.590402
-2.275290
1.325818
1.002692
-2.163799
0.273009
1.377174
-1.138389
2.807648
-0.651077
-1.735945
-0.168597
-0.560687
-1.592070
1.197809
-2.529440
0.681298
0.622671
3.122727
2.176341
-1.835285
-1.144169
2.356194
-0.747442
2.373142
-1.287002
-0.964191
-2.265535
-1.317122
3.022164
-1.962496
2.385598
-2.836600
-3.067654
2.525973
-1.709892
-0.759088
0.761013
1.748889
-1.412141
0.437791
0.000000
2.778446
3.122364
-2.478863
1.825979
1.529154
-0.509071
-0.017855
-3.099065
3.002497
1.772113
1.707199
-2.042574
-1.405648
-1.044169
0.161837
-2.195432
-0.677708
2.003204
1.880499
0.018180
3.050933
1.752445
1.306308
1.030377
-1.160669
0.665969
-1.550799
-1.975688
-3.071532
-2.982241
1.492525
-0.019228
1.810539
-2.775845
-2.054243
-2.882261
0.244979
-0.692334
-3.004526
0.966491
1.490966
-1.071450
3.045734
1.742987
1.916352
-2.158799
1.922841
2.911688
-1.320818
1.179096
0.426627
-0.960070
-0.059928
-1.588652
-1.875789
-1.807645
0.499347
-0.380506
3.103150
2.632522
2.494201
2.775845
-1.940702
0.101689
-1.633215
-0.503626
0.689800
-1.232473
1.697388
-2.394151
0.627308
0.339293
2.906048
-2.494201
-1.152572
2.414950
-2.873682
-3.099950
2.873682
-0.509071
-0.448723
3.141593
-2.914794
-0.942000
-2.725528
-2.485897
1.249046
1.142532
-2.837592
-0.453844
1.929567
1.124691
1.628425
-2.570255
2.601173
2.746802
-1.089133
-1.602036
-1.158386
-0.394791
-2.525973
-0.497822
-2.455863
-2.601173
-2.988943
-2.371119
-2.719588
2.736701
0.388319
0.309703
-2.518922
-1.764755
-1.703348
1.552617
1.089133
0.128323
-1.012197
0.244979
2.896614
-0.158655
-3.047531
-2.330559
1.223735
-0.404892
2.509902
-2.009656
0.019228
-1.709892
0.018180
-0.708626
2.536048
1.550391
2.454468
-0.264488
-0.455101
1.936544
-1.474937
-1.075663
2.830594
-2.663240
2.636302
2.498092
-3.068993
-2.537287
-1.588976
-1.150600
1.631944
1.150600
-3.026716
-2.532429
0.935770
0.609163
2.976444
-0.528074
-2.768605
0.718830
-0.376909
-3.102397
-2.999696
3.061763
2.295662
-1.346562
-0.168207
-1.764418
-2.438362
-0.350314
0.131315
-0.647047
-0.704494
-0.840897
-2.669096
-1.776192
-2.836600
-2.837592
-2.813473
-0.081452
1.059566
3.015001
-2.527823
-2.114629
-2.604308
0.472497
-2.789548
-1.046877
1.978052
2.607884
2.976444
0.393058
2.071810
-1.892547
-2.437099
-1.789465
-1.054101
-1.768192
-0.463648
2.255091
-2.618314
2.428532
0.876058
2.940638
-0.563316
-2.882261
-1.036401
0.671606
2.875341
2.739722
2.077895
-0.205395
2.050316
0.622671
1.663126
0.825377
1.780436
1.431700
2.966920
1.024007
3.121987
-1.297788
-1.570796
-0.948493
2.081285
1.381597
0.302885
-1.712693
1.071450
-1.396124
-1.929567
-1.158386
-2.896614
-1.536327
1.335251
0.546789
2.153536
-2.764344
-2.199593
-1.225241
-0.982794
-1.630724
-0.372988
1.681454
-0.934958
-0.870903
0.239232
0.353997
2.085248
-2.016902
-3.061763
0.827627
0.302885
-2.620158
-2.515331
-0.726642
0.731397
0.692334
1.992801
0.756835
-0.418224
-3.024484
1.742987
2.786887
-1.647568
2.613518
0.404892
1.591627
-0.446842
2.125104
3.063322
1.973117
-2.891614
2.277411
-2.790148
1.196463
1.202100
0.471778
0.616297
1.780436
2.696292
1.533776
-2.570255
-1.570796
-1.631944
-0.530773
1.570796
-0.694738
-3.026716
-2.982937
-0.172191
-3.028865
1.742175
-0.558599
-1.650626
3.056691
2.356194
-2.446854
-2.702733
2.491722
2.725528
-0.896055
1.913820
1.453688
0.076772
-1.570796
0.756835
2.148698
-2.397267
-1.856848
-1.212026
1.512041
-2.004378
2.158799
0.114877
0.209640
-2.573488
-2.929161
0.813169
2.457298
2.231839
-0.321751
-0.570040
1.591202
-0.428264
-3.122364
1.451367
-2.643770
1.249046
0.501013
2.218188
-2.629203
3.049263
1.046877
2.687291
2.505754
-0.020830
1.742175
1.536327
-2.451146
2.512796
2.444571
-0.205395
-2.843094
2.714965
-0.862170
1.709892
0.254368
-2.071810
-0.065125
-0.154319
1.746736
-2.825977
-2.275290
-2.944197
1.852029
2.632522
-1.980924
0.183111
-0.923404
2.343537
-0.880996
1.249046
-2.797374
0.577192
-1.358364
-0.731397
3.030935
-0.455101
1.261866
-0.536911
0.617756
1.124691
-0.220829
-0.073939
-3.009041
-1.209593
-0.144812
-0.899190
-3.015001
-2.016902
-1.687905
2.840672
-1.061725
-1.512041
3.043866
-0.745419
-0.308053
-1.679458
-1.171281
-2.478863
0.651077
-0.244979
2.441700
-1.550799
-1.209593
2.085248
0.078271
0.837981
2.645170
-2.394151
-0.020830
2.764683
2.153536
0.435353
-1.453688
2.892341
2.198105
1.811331
2.601173
-1.467004
-1.927416
-2.451146
-0.543832
-2.210566
-3.102397
1.487655
0.970746
3.070285
2.381189
2.677945
2.133294
0.041643
0.244979
0.183111
-0.919720
-1.779262
-1.590025
-2.242402
-0.568105
1.759995
1.131937
1.321209
1.158386
-0.291457
0.651869
2.476818
-2.601173
-0.605545
0.842479
-1.453688
-0.165149
-0.717012
2.184566
-1.570796
