-0.977446
0.472122
-1.978428
1.800701
0.205395
-1.931633
-2.594030
-1.130954
0.059928
-0.499347
1.742175
2.153536
1.033886
3.120319
0.639770
-2.422763
2.328424
-3.039904
2.710454
2.402316
2.982241
1.613324
-1.377585
2.426501
0.982794
-2.882261
1.000756
0.708626
-1.462135
-2.852089
-2.007423
-2.710454
0.889498
-0.886502
2.466852
-1.063698
-0.643501
2.054243
-0.057628
-1.739393
-0.664774
-0.842479
0.304001
1.168475
-2.356194
-1.460139
3.043866
1.499489
-1.570796
2.291768
-0.178093
0.388319
2.650429
0.909753
0.037020
-1.460139
1.352127
-1.197809
1.320818
-2.745151
2.736701
-0.758378
2.176341
2.754069
1.613324
-0.689800
-3.121595
1.690225
-2.454468
-0.901753
0.818719
-0.851966
-0.655696
1.107149
-2.043703
0.622671
3.103150
-2.111216
2.169972
-2.764683
-1.408959
2.233526
-2.316216
1.552280
0.627308
0.018516
1.910089
0.745419
-3.007782
0.225277
1.473069
0.902507
-0.813169
-1.614247
2.193467
-0.628796
2.612003
-1.978052
1.760785
2.686873
2.287808
1.672485
-1.867861
-2.742077
-0.328553
-0.179853
0.822418
0.039979
-3.086094
-2.533791
2.584993
0.909753
-1.965587
1.054101
-2.518922
2.233526
2.277411
-1.513168
1.570796
1.089133
-1.990993
-1.549061
-2.704965
-1.492525
0.785398
-1.171281
0.121842
-2.340811
1.551191
-2.669096
-2.252095
-2.565217
-1.197809
-3.067654
-2.813039
0.333945
1.223735
-0.181649
-2.026247
0.849825
-1.079633
-0.785398
-2.406153
1.037952
0.356620
0.453844
0.917950
0.604306
-0.383818
-0.639386
-0.842479
2.927532
-2.956245
0.664774
0.588003
-0.600050
-1.016489
2.153536
0.193622
-2.158799
-1.752445
-2.245537
-0.235545
-2.341703
0.201762
-1.670465
3.122364
-0.526627
2.312744
2.342111
1.501142
1.947287
0.812419
1.653938
1.000756
3.121987
2.617673
-1.549061
0.743170
2.801211
1.815775
-2.694750
-1.999060
-0.139096
-2.961739
-1.311465
-0.399515
2.454468
1.347320
1.496857
-0.785398
-0.610726
2.813039
1.287002
1.796073
-0.368696
-1.854590
0.472497
-2.068619
2.498092
-0.369906
1.879727
1.292497
-0.108271
0.976037
1.525373
1.373401
1.794273
-2.143256
1.249046
2.956245
-1.919567
-2.287808
-0.193211
1.997424
2.042918
-1.173168
2.318238
-0.713061
-1.764418
0.828849
-0.651077
2.686873
-0.828849
3.081664
-1.005647
0.755104
-1.125495
-2.493781
-1.048962
2.371578
-2.587285
0.918927
-0.079830
3.102397
-1.509648
0.226799
-0.615620
-1.978428
-2.122451
1.570796
-1.634540
2.226492
-0.226799
0.424832
1.955401
2.485897
-2.892006
1.142532
2.188941
2.979755
1.186627
-0.913721
-2.775845
0.678119
-0.878462
2.871743
-3.068993
0.976583
-0.264488
-0.916226
2.299114
2.620158
-1.473069
-3.054854
0.267910
-2.878598
-2.186416
0.000000
-2.607884
1.183273
-0.240171
-2.482283
2.329885
-0.827627
-1.841743
-1.728565
-0.889498
1.530818
1.754740
1.090621
1.756144
-1.325818
2.542417
-0.302885
2.460294
-1.892547
1.752445
0.352044
2.970857
0.710909
2.927532
1.791625
1.010109
-1.726391
-0.622671
-0.599175
-1.124691
-0.174672
-0.083141
-0.554307
1.489344
2.214297
0.035699
0.558599
-2.260596
-2.651635
2.929161
1.796073
-1.613324
0.605545
-2.295662
-2.016097
2.398423
0.994421
2.052460
2.214297
0.497822
-1.490966
-1.306308
0.092756
-2.428532
1.892547
-1.588338
1.394087
-2.421039
2.015216
-0.266252
-3.106519
1.860300
1.712693
1.644735
-1.078311
1.242676
1.469107
1.061725
0.444419
-1.570796
1.735945
1.262744
-1.570796
-0.953041
2.819842
0.136403
-1.690225
-1.385448
1.007480
-2.482283
-2.104505
0.935770
-3.121987
-1.423718
2.542417
-1.471128
1.337053
-0.084902
-1.904741
-2.125104
0.209640
-1.970312
1.216799
-1.171281
-0.939106
0.739277
-0.380506
2.538363
2.437099
2.356194
-1.037952
0.588003
3.075024
-1.628425
1.080839
-0.078271
-2.408778
1.057190
-2.457298
-0.931410
0.563316
0.433953
-2.927532
-1.218752
1.710236
-1.434394
2.460294
-1.742175
-1.735945
-3.054854
2.713329
1.983207
0.943488
-1.984486
-2.579095
-0.136403
-2.571552
-0.811034
2.369892
0.831519
-0.726642
-0.516695
-1.549523
1.750650
-1.026516
0.274910
-1.004067
-0.309703
2.868584
1.170556
-3.050933
-2.813854
1.919567
-1.695151
3.024484
1.633215
1.672485
1.530003
0.334737
1.174355
0.605545
0.418224
-2.014245
-2.147172
2.498092
2.137526
1.436985
2.385598
1.320353
0.041643
1.462526
-0.798056
3.030935
3.099950
-0.955176
1.633215
-1.919567
0.948126
3.019750
-2.179960
-0.758378
0.966491
-0.293187
0.697391
2.940276
0.126973
-2.629203
-1.652248
-1.396124
-2.695487
-0.353997
-1.898916
2.642246
2.265535
0.418224
-2.677945
3.104573
-0.588003
-1.044169
0.977047
-2.328424
-1.325818
1.820775
0.275426
-0.643501
-0.741947
-2.601173
-2.326791
-2.604682
-2.469986
-0.529590
2.164146
1.778293
2.617673
-2.356194
2.371578
2.825977
0.604306
-0.771315
0.501013
1.728565
1.451367
-2.591207
0.454302
1.640451
-2.801211
1.972667
-1.672485
0.041643
-1.336074
-2.584993
-0.826471
-2.000559
1.079633
0.393058
2.067219
2.370278
2.863293
-0.099669
1.739393
1.292497
-2.686873
-0.647392
-1.230414
-1.487655
-2.252095
-1.732634
2.982937
1.242243
-2.054243
2.702733
0.086738
-1.962496
1.107149
1.314645
-1.513168
1.570796
-1.674589
-2.750986
-0.059928
1.302430
-2.999696
2.291768
1.840645
1.704607
1.000756
2.813473
1.943784
-2.733961
2.660705
0.824340
0.605545
0.121842
0.699893
0.519146
-2.591207
0.483447
-3.121187
1.480136
-2.383215
-1.261093
0.065125
1.796073
-0.547562
2.097424
-1.779262
-0.447520
2.273053
2.570255
-0.785398
3.045734
-2.050971
2.432966
2.323948
-2.221873
0.304001
2.153149
-0.234723
2.559240
0.717012
-0.631691
-1.753907
0.105984
1.965587
0.516695
-1.917858
0.739277
-1.797595
-0.350314
-0.785398
-3.010277
0.388319
-1.973117
-1.973117
-0.321751
-0.840897
3.099950
1.107149
-3.076467
-1.879727
-2.754069
-2.068619
0.076772
0.221314
-0.269849
0.953041
-1.609992
-2.230106
-2.813854
-2.668686
2.502207
-1.269177
2.175102
-0.455451
-0.731397
-0.736257
-3.061763
0.275426
2.939830
-1.650626
-0.853785
-2.505754
2.584993
-2.058633
2.523837
-0.200954
2.179960
-0.715092
0.697391
-1.609992
2.925042
-0.059928
-1.237552
1.911178
-0.155595
-1.961403
-0.472497
-1.611590
2.749893
-1.498197
-2.905347
-0.350314
2.165010
-0.103792
1.756144
0.785398
1.551191
-2.502207
1.054566
2.424581
2.610819
2.780389
-2.188552
2.341703
-0.896055
2.193467
0.558599
-1.230414
0.214061
-1.886011
-0.934958
-2.236766
-1.048962
-3.039904
2.283857
1.163165
-0.577902
-0.174672
0.084902
0.266252
1.962496
2.131483
-0.205395
-0.708626
-2.461071
1.739393
1.435269
1.089909
-1.089909
-1.041207
3.082837
1.940702
-1.311465
2.743965
2.283857
-1.347320
-2.780389
0.416065
-1.277207
1.267911
-3.098142
0.018866
-1.141034
0.369906
2.591207
-1.999060
-2.780389
0.388319
2.473303
2.966920
0.540420
-1.922841
2.489724
0.020830
2.114629
-1.225241
-0.853785
1.742175
2.834547
-0.454302
-0.149812
0.570040
