-1.650626
3.060141
2.588751
1.502720
0.570040
-1.707199
-3.120319
-2.218608
0.770474
1.331053
-2.235571
2.910502
-2.198105
-1.216799
0.289504
2.944197
0.147849
3.141593
0.970746
-2.739272
-0.830144
-1.269177
1.107149
0.571337
-2.277411
0.759088
-1.616220
-2.996780
-2.865787
-2.009656
-2.906048
-1.241172
1.460139
1.390943
-1.097440
2.571552
0.294730
1.746736
-0.455101
0.994421
-2.186416
-0.697391
-0.168597
2.385598
-1.464812
2.277411
-2.193467
1.972667
-2.202487
1.281293
-2.214297
0.851966
-0.172191
-2.191046
-2.133294
-0.399515
0.593750
-1.838707
-1.289564
-2.951604
-2.487022
2.891614
1.820775
-0.702257
1.739393
-1.954966
-2.137526
-2.703801
2.539305
-1.533776
0.124355
3.104573
2.787595
-1.911178
1.261093
-2.523837
-2.239086
0.953041
-2.265535
-1.768192
0.689800
-1.783228
2.956245
0.293589
0.710909
-1.685673
-0.327739
0.197396
-2.727903
-1.551568
1.892547
0.688924
-1.142532
-2.667193
-2.289626
-1.799293
2.016097
-2.789548
-2.521343
-2.202487
-0.443448
2.117585
-1.500736
-2.218188
1.342300
-1.190290
-0.044415
0.958259
1.892547
1.307802
2.947971
1.700499
-1.906435
-1.549966
-1.570796
2.248505
-0.124355
-1.446441
2.677945
2.169972
1.757283
-3.120762
-2.645170
1.002272
-0.922985
-2.457298
-0.873406
0.119429
-0.341615
2.805954
-1.690225
-0.811708
-1.593015
1.825164
-1.168926
2.397267
2.019520
-2.007423
1.530003
-0.493941
-3.098142
0.576375
-0.497822
-2.927532
-2.329885
-2.411693
0.021273
-2.832662
-0.657075
-1.904041
-2.075658
-0.161837
0.923749
0.600050
-0.706614
-0.455101
1.023234
0.563316
-2.214297
0.423669
1.127348
-2.025516
0.617756
2.312744
-2.174026
0.281232
2.125104
2.454468
-2.698144
-1.970312
-1.657535
2.061960
-0.864182
2.285888
2.931953
-1.049362
1.686556
-2.839974
-2.469986
-0.321751
0.284730
1.182478
1.825979
-1.030377
2.070143
1.595182
2.111216
0.630401
-1.732634
-0.600050
2.469629
-0.755104
2.901422
-1.014630
2.245537
0.678119
0.214061
0.453339
-2.619758
0.770906
-0.172191
-1.887082
-0.301619
-3.041924
2.454468
-2.757423
-0.726642
-1.087349
-1.115696
1.797595
-2.163799
-1.131937
2.687749
-0.708626
2.716388
0.234723
1.365401
-1.533078
-0.703614
2.559688
-0.293589
2.236766
2.482283
-2.297439
1.791625
-0.205395
2.601173
2.959944
2.131483
2.044648
1.173168
0.201762
1.990993
0.724866
-0.108271
2.356194
3.141593
1.614247
-2.832662
2.627141
1.163165
0.272146
-0.239743
-1.089133
-0.728317
-0.424832
1.369034
2.541542
-0.885067
-0.639386
2.768605
2.125104
0.189988
-1.026964
0.076772
1.878849
1.892547
-2.826378
-2.601173
0.516695
0.065125
2.025516
0.816638
0.872894
0.295441
2.063282
3.120762
1.412141
0.428264
-2.051684
-0.802346
-2.525973
0.827627
-0.240171
-0.212432
-1.644735
-0.801270
0.209640
2.473303
0.040794
-2.966920
0.939106
-1.854590
-1.008298
1.071450
1.642104
2.043293
3.020241
2.686873
-2.340811
-1.051650
0.823355
2.819842
2.463473
-0.281772
2.559688
2.854311
-0.128911
0.840897
2.780389
2.622447
-0.110657
-1.007480
-2.525973
-2.263131
2.310073
2.024640
-2.386488
1.107149
-1.256564
-1.760785
0.945311
2.277411
-0.813962
-2.382504
-1.609992
2.248916
-2.399645
-2.918116
0.126973
1.269177
-1.590402
1.631944
-2.395136
-2.996780
-0.631691
0.201317
0.770906
2.188552
3.049263
1.613324
-1.134169
2.434978
-1.464061
2.236766
-2.619758
-1.967238
-3.043866
1.617274
1.134169
0.000000
-2.397267
-1.315614
-1.428899
-2.639502
0.193211
3.049263
0.516231
-1.428899
-2.432966
-0.428264
1.171281
2.494201
0.063743
2.060754
1.352127
2.435394
-2.959944
-1.484058
-2.697173
0.105984
1.989021
-3.098142
-1.455920
3.009041
2.256526
3.101614
2.489724
0.042528
-2.371119
-0.588003
-0.915101
-0.899190
1.547545
1.107149
0.361204
-1.081944
-2.640579
2.222665
2.356194
3.118869
3.043866
0.678119
2.426501
0.847817
2.543174
-1.249046
-0.291457
2.498092
0.896055
0.380506
-1.441094
0.113151
-0.769526
0.612538
0.728317
-1.286066
-2.972996
1.311465
-2.341270
-2.034444
0.441179
-0.418224
-2.854311
1.298650
1.869295
-0.922985
0.755104
1.821239
2.542417
1.275355
-2.341270
1.356736
-2.896614
-1.229181
1.815775
-3.017238
2.356194
-2.742077
2.242402
-1.983207
-2.636302
1.202100
-0.785398
-1.508378
2.723368
-2.629203
1.381597
-0.218669
0.321751
0.509071
-1.408959
1.825979
0.815692
-1.347320
0.084902
0.384605
0.240171
1.886011
2.913096
2.506566
-2.147172
1.051650
-0.110657
-1.398606
-1.315614
2.414950
-1.980924
-2.164146
2.541542
-3.100799
-0.588003
2.420621
-2.169215
2.397267
-1.373401
0.105984
-1.163165
-1.973117
2.792822
-1.838707
-1.361156
-0.043451
-1.898916
-0.297064
1.335251
-1.911178
-3.054854
-0.141897
-2.711830
2.994514
1.356736
-0.976583
-1.570796
-3.037800
1.294990
3.041924
-0.799890
2.050971
2.993743
-1.152572
-2.537287
1.899349
2.104505
-0.117109
2.255091
0.818719
2.248505
2.386488
-1.222025
1.455037
0.724866
-1.476735
0.205395
-1.412141
-0.301619
0.453844
1.570796
3.049263
1.203622
-2.431054
-2.913096
2.564400
2.591207
-2.228685
-1.056345
1.951303
2.273053
-1.004067
-1.231504
1.570796
2.871743
0.463648
2.302193
2.265535
2.121182
1.729452
1.609239
1.880499
0.214061
-2.614965
-0.950547
-1.090621
0.970746
2.183334
-2.274410
-2.255091
-0.556166
0.000000
-3.099950
-1.886412
2.384758
-2.725528
-2.054243
-0.499347
-0.939106
-1.421906
1.023234
3.025833
-1.504228
-2.424581
-0.915101
-0.935770
1.866237
1.186627
-1.223735
-1.777120
-1.275355
1.858852
2.291350
3.141593
-0.223477
1.262744
2.058633
-1.107149
-0.873406
-0.183111
0.514451
2.667741
-0.824340
3.141593
-2.310073
2.647651
0.283794
-1.978052
0.620249
-1.377174
-2.939830
1.787347
0.785398
1.650626
-1.107149
-3.121987
2.061960
-1.815775
-2.222665
1.490966
1.444204
1.041207
2.707639
2.117585
-0.092756
3.141593
-2.330559
3.086094
2.617673
-2.704965
2.446854
2.383215
1.078311
1.311465
-2.833540
1.969319
-1.030377
-1.016489
-1.570796
-1.741532
-2.385598
0.367174
-1.978428
-2.553590
2.000559
0.042528
-2.164146
2.231839
-2.870646
0.020405
-2.612003
-1.292497
1.446441
2.430683
0.624635
-1.514253
1.612439
1.904041
-3.099065
3.087101
-0.694738
-0.813169
-2.677945
-3.022164
1.116952
0.691921
1.960113
2.866167
-2.263131
0.671963
-1.373401
-2.617673
0.255182
3.024484
1.905533
0.205395
2.186416
-0.617756
-1.864385
0.278300
-2.601173
-3.054854
0.416065
-1.867861
0.039979
-0.850242
1.768192
0.000000
-0.768451
-2.866167
-0.489957
1.005647
0.363979
-0.728317
2.480549
0.063743
0.657075
2.632522
1.030377
0.651869
1.549966
1.410034
2.134113
-1.646125
0.785398
2.571552
-0.039979
2.430683
-2.311448
-2.976444
2.341270
1.297788
-2.143256
1.704607
0.715092
-0.361204
0.038443
-0.540420
-2.226492
0.955176
2.129396
1.020410
-1.292497
-1.904041
-0.420197
-1.061725
-0.785398
2.863293
-2.222665
-2.408778
-1.830128
2.483704
3.056691
