-0.484478
2.226492
-1.320818
1.205595
1.262744
-0.732815
-1.465919
1.436985
-2.111216
-0.845930
-3.015001
-0.988443
-0.197396
1.695151
-0.799482
-1.804540
0.119429
-0.906750
-1.904741
-0.057628
1.332960
-2.317253
-1.150133
1.657535
1.929567
-1.259798
1.190290
0.197396
-2.652740
0.302885
0.404892
-1.096945
-2.521343
-1.840645
1.369034
-3.122364
-2.686492
-0.372988
2.916316
2.512796
2.089942
2.819842
1.535097
0.251690
0.121352
-0.612538
0.059928
1.060308
0.039979
-2.709185
2.077895
-1.436985
0.917950
-2.158799
2.896614
-0.588003
-0.571337
-0.038443
-2.003204
1.530003
-1.292497
1.744042
0.473356
-0.657889
-0.058756
1.042722
-0.594759
-1.134169
-2.543174
-0.414507
0.430693
2.987648
-2.427502
-2.944197
1.340892
2.053310
1.892547
-0.043451
2.761086
0.551655
-2.098871
2.976444
0.489957
1.435269
-0.867183
-1.080839
1.958320
1.892547
2.782822
-3.100799
-0.531724
-0.610726
0.197396
0.817645
-1.611590
1.780436
-1.385448
-3.104573
-1.650626
-2.446854
-1.924794
-1.999060
-2.179960
2.706239
0.472122
-0.543478
1.508378
2.428532
2.739272
-0.401871
2.303611
3.100799
2.714965
2.988943
-1.995628
-2.896614
1.490966
2.657115
-1.789465
2.412738
-0.215358
-1.983207
-2.719588
2.055274
3.030935
-0.370891
-2.375060
2.233526
-1.878849
-1.886412
2.122451
-0.262995
-1.446441
1.611590
1.455920
0.438337
0.000000
0.837981
-0.305879
-0.728317
0.694738
0.000000
-0.769526
-2.589938
-2.052460
2.437099
2.265535
3.141593
0.350728
-2.799977
-0.068856
-2.474287
0.622671
1.716809
2.702733
0.336675
2.563691
-0.509071
1.999060
0.073939
0.480887
-0.887605
2.757423
-0.813962
0.822418
-1.664273
0.418224
-0.110657
-0.047583
0.839400
-2.838708
-0.441179
0.291457
-2.637427
3.053585
-1.016489
0.785398
0.214061
-0.183943
-0.938047
-1.024007
-1.362331
0.063743
-3.041924
1.467715
-1.504228
-2.245537
0.380506
-3.050933
-0.602287
0.799096
0.966491
-2.702733
-2.158799
-0.828849
1.570796
0.689800
2.957649
-2.063282
0.080904
-2.181522
1.453688
1.161888
2.356194
-2.418613
0.800322
1.490966
2.016902
2.601173
-1.123954
0.131315
0.302885
0.141897
-2.661418
-0.942000
-1.295370
-2.316216
-1.377585
-0.697391
-3.099950
-2.248505
-2.850136
2.537287
-1.067170
-0.491164
-0.732815
-1.729452
1.249046
-1.005647
-0.269167
-2.804918
-0.278300
-2.048142
1.124691
1.177738
2.677945
-0.973620
2.369527
-0.536911
-3.030935
0.873406
-2.723368
1.325818
-2.214297
2.996283
-2.238102
2.896614
-0.321751
-1.570796
2.920278
0.331096
2.719588
-2.034444
-1.152572
-0.963809
-1.973117
0.334737
0.454302
0.393058
2.127396
0.410127
-2.368540
1.392703
-1.753907
-0.302885
-1.168475
-2.101012
1.553557
-1.951303
-2.390664
-2.627141
-2.719588
-3.098142
1.150600
-1.155304
2.677945
2.548243
-1.937970
-1.985303
-0.117109
-2.328424
2.051684
-2.850136
-2.453448
-3.085049
0.269167
-0.568105
0.234723
-1.144169
-0.971621
-0.022219
0.770906
0.304001
2.356194
-3.070285
2.005467
1.030377
-0.657075
-1.148791
0.289504
-1.292497
-0.883672
-1.994465
-2.052460
1.107149
1.480136
-2.677945
0.785398
0.593750
2.999696
-0.351445
-1.008875
1.793457
0.684295
2.574863
-2.553590
1.419781
1.542233
-3.009041
-0.785398
-0.610726
0.260602
-3.002497
2.386488
2.063282
0.321751
-0.878462
1.570796
-1.441886
2.268187
-2.634494
1.203622
1.524318
-2.303611
0.514451
-0.837981
2.774419
-1.471128
-1.999060
-1.080839
2.297439
-1.152572
1.570796
2.480549
0.201762
1.069783
3.017238
1.909120
2.794531
2.527823
0.432408
0.099669
-1.359703
-0.661043
2.506566
-0.872894
1.300947
-1.116494
0.099669
1.650626
3.141593
2.265535
0.602287
-2.441700
-1.190290
-2.553590
-0.646758
2.459276
-0.799482
0.620249
1.063698
-0.312042
-1.345520
3.141593
-0.976037
-0.674741
0.555494
-1.932000
-1.570796
-0.368696
-1.310194
-2.242402
-0.497822
2.901422
-1.570796
-1.902856
0.042528
-1.419781
-2.077895
-0.582353
2.662073
-0.605545
-1.723446
2.966920
1.989021
2.070143
0.770474
-1.802900
-2.629203
2.463473
0.234723
2.191046
0.401871
-3.020969
1.695151
-0.665969
0.363979
2.660705
-1.997424
-2.018941
-1.593015
-1.155304
0.308931
1.806341
-1.685673
0.418224
-2.425849
-0.418224
-2.230106
-1.107149
-1.742175
-1.892547
-1.209593
-1.679067
-1.163165
2.169215
-0.620249
-2.723368
1.899349
0.582739
2.082027
0.691921
-1.720609
-1.434394
0.105984
-1.712693
-2.302193
2.303611
1.627340
1.878849
2.750986
1.874797
-0.859337
-2.419401
-2.221873
1.591202
0.708626
-0.068076
0.110657
-0.957026
0.982794
-1.317122
-0.228497
-2.668237
1.570796
1.071450
-0.966491
0.414507
-2.218188
-2.034444
0.982794
0.588003
-2.498092
-2.727903
1.750650
2.158799
3.122727
-0.218669
-2.315122
1.604117
-2.957649
-2.181522
0.038443
-0.785398
2.466852
1.687905
2.607884
3.058451
-0.078271
2.950408
2.158799
-2.131483
-2.530867
0.663203
-1.489892
-2.929161
-0.674741
3.039904
-1.082960
-0.812419
-1.687905
-0.604306
-1.781890
2.976444
-2.999696
-1.742175
1.020943
-1.272297
-1.635223
-0.729900
2.802300
-0.756835
-2.312744
0.927295
-3.071938
-2.010639
1.732634
0.708626
-2.338652
1.846222
-1.705118
-2.051684
-2.778446
-2.015216
-2.214297
-1.531601
1.325818
2.677945
-1.373401
-0.597177
2.813473
-1.810967
1.222025
-2.852089
-0.909753
-1.494024
3.030935
-1.203622
1.647568
-1.042722
0.376909
3.141593
-0.536911
-0.900275
0.380506
-1.608514
0.849825
2.279423
-1.107149
-0.999459
-1.748889
1.152572
-0.463648
-1.487655
-0.726642
0.694738
-0.491164
-0.352990
0.040794
3.141593
0.037718
-0.385158
2.245537
-0.699893
-0.156602
-0.309703
2.761086
-1.242243
1.892547
1.174355
-1.457645
-2.158799
-0.259332
-0.254368
2.070143
-0.509071
2.502207
2.986596
-1.783228
0.052583
0.226799
2.659929
-1.759995
2.850136
-2.042918
1.983207
1.297788
0.888480
-1.229817
1.004067
-0.209640
-0.689800
-2.300696
0.428264
-1.390943
-2.149321
0.463648
1.176005
0.220829
-0.741947
-1.947706
-0.038443
-2.701750
0.341615
2.034444
3.104573
-2.226492
1.482140
-0.927295
-1.759018
3.141593
-0.994421
3.110353
3.005190
-1.811331
2.437979
-3.085049
0.999459
-0.475695
-0.916226
-3.122364
2.607884
1.255181
-0.785398
-2.659929
3.100799
-0.283794
2.733961
-1.655340
-1.815775
1.825979
-1.024007
2.994514
-2.514284
-1.298650
-2.574863
1.405648
1.530818
0.906022
-2.077895
-1.460139
2.837592
2.582993
2.634494
-0.744325
1.026516
-0.620249
-2.964884
-1.316428
1.078311
-1.635921
3.022164
0.288055
-0.674741
0.507099
-2.403778
1.501142
1.197809
-0.994421
2.677945
-2.951604
2.546833
2.713329
2.892006
-2.525296
-1.266795
-0.840897
-1.209593
1.849096
2.732685
-2.462930
-2.289626
0.059928
1.393200
0.870903
-0.509071
2.526930
-2.877104
2.194819
-0.785398
0.152649
-2.018316
-0.643501
1.550799
1.030377
-1.044730
-0.878462
-3.103150
1.345520
0.412410
-0.063743
3.089010
2.276995
2.259721
-2.743070
2.210182
-0.068856
-0.638914
-1.956679
-1.538549
