-0.619750
1.258167
-0.375347
-1.242728
0.277890
-0.118823
0.427570
-0.486923
1.740859
-0.522962
0.013408
-0.244650
-0.505395
1.016082
-0.476391
0.110688
-0.836537
-0.045360
0.151757
0.449186
-0.132826
0.393864
-0.763236
-0.422423
0.471190
0.351241
-0.235218
-0.060848
-0.120202
1.148502
-1.240374
-0.825934
-0.531729
0.430754
0.166891
-0.422825
-0.239926
-0.117572
1.004386
0.880271
-1.266606
-0.282086
0.007179
1.331650
1.461417
1.132522
0.113431
-1.324954
-0.525467
-0.172696
-0.139678
0.487368
-0.801259
0.370430
0.320466
-0.080251
1.249261
0.423081
-2.367832
0.359593
-0.919467
0.062355
0.266268
2.230808
0.738621
-0.973833
0.406003
-0.274349
-2.339075
-0.347732
0.468337
-0.607747
0.790100
0.302985
0.945874
-0.044524
-0.912369
-0.226338
-0.377753
0.126671
-0.401567
1.071288
1.141462
-0.722980
-0.737487
0.112164
-1.129274
-0.687395
-0.485320
0.652431
0.113875
0.355574
-0.267995
-0.092408
-0.783623
1.408035
-0.875244
0.163358
1.177154
-0.384970
-1.235281
-2.065457
0.196715
0.086542
0.564109
-0.243042
1.111367
-0.193807
-0.320372
1.098597
-0.745544
0.460956
-0.182176
-0.291811
0.482738
-0.142139
-0.430553
-0.187267
1.715308
-0.633301
-0.250184
-0.616164
0.238605
0.496183
-1.030779
-0.364563
1.270893
-2.293904
-0.468460
-0.347384
-0.187179
0.271786
0.329341
-0.260442
0.409316
-0.485981
0.447344
-0.415666
-0.065396
-0.568788
-0.082975
-0.043142
-0.998125
-0.789629
0.508611
-1.446093
0.571855
-1.292529
1.003610
-0.062065
0.778867
-0.090133
0.789869
-0.512494
0.372086
-0.232316
-1.515511
-0.825454
0.045334
-0.750398
0.483884
-0.739088
-0.130576
1.248547
1.027354
-0.618202
-0.169476
0.133106
-0.584863
-0.017925
-0.326548
-0.221275
-0.828989
-0.080763
-0.541584
-0.435829
-0.396072
-0.286002
-0.748479
-0.725154
0.348233
-0.569088
-0.277572
0.034418
1.224006
-0.047488
-2.349407
1.123092
0.221063
-0.141365
-0.653888
-0.066859
0.929207
-0.020700
-0.710493
-0.718286
0.309079
-0.584123
-1.009496
-0.076166
-0.633636
-0.654616
-1.251481
-0.172479
-0.800147
-1.006462
0.490254
0.560625
-0.534932
0.182225
-0.581738
1.504181
-0.435241
1.058685
0.330420
0.536761
-0.271743
-1.307255
-0.112888
-0.633938
-0.316001
1.181999
1.281062
0.973751
1.069736
-0.126336
0.168113
-0.449475
-0.334448
-0.068645
0.129661
0.517009
-0.268694
-1.220283
-0.605410
-0.136049
0.501160
-0.402811
0.371707
1.138806
-0.060726
0.359325
-1.275692
-0.158051
-0.628145
-0.314540
-0.857632
-0.085471
-0.158818
0.388704
-1.991623
1.453454
1.168464
0.281737
-0.517048
-0.474564
-2.017489
0.451395
0.295657
0.238395
-0.517307
0.082830
-1.285073
-0.121477
1.023143
0.027921
-0.668903
-0.134615
-0.148957
-0.014609
1.191588
-0.143751
1.061039
0.189209
-0.454732
-0.419540
-0.469660
0.048985
0.724263
1.114507
-0.522022
0.298026
-2.330927
-0.566731
0.390504
-0.139107
-0.876563
-0.223494
-0.456591
1.147063
-0.303246
0.421350
0.292789
0.854905
1.279528
-1.253686
-0.168866
-1.275657
1.065253
-0.226702
-0.229048
-0.122567
-0.329574
-0.596036
0.841717
-0.351034
0.836916
-2.107135
0.498191
0.318109
0.359778
-0.514833
-0.078897
-1.084471
-0.692239
-0.464587
-0.388659
-0.964800
1.583867
0.991011
-0.515412
0.321438
0.268473
-0.330639
0.333380
-2.414084
0.481226
0.419099
-0.110792
0.303840
0.260655
-0.673120
-0.002947
-0.627839
0.382498
-0.480505
1.079577
2.255478
-0.084293
0.414986
0.998941
0.298890
1.714307
0.427474
-0.038715
0.280932
-0.979570
0.628494
-0.546711
1.578533
-0.123204
1.524229
0.348389
-0.063180
-0.545435
0.269069
0.356899
0.009197
-0.344171
-0.506035
-0.897924
-0.909019
-0.182753
1.139748
-0.204935
-1.413747
0.083839
-0.282460
-0.078168
0.385913
-0.803791
0.152503
-0.484570
0.517839
-0.459634
-0.547787
-0.497101
-0.362819
-0.402927
0.433464
1.177991
-0.047762
-0.316947
-0.228471
0.234073
-0.812657
0.145001
-1.378695
1.045647
0.423445
0.035719
0.199908
-0.513877
-0.389841
-0.231221
1.136414
1.067790
-0.500755
-0.647381
0.908322
0.012161
0.165153
-0.642431
0.254340
-0.175901
-0.191016
0.065404
0.468920
0.555662
0.305152
0.204356
0.839632
-1.325296
1.276665
-0.229653
-0.526894
-0.729043
-0.025937
-0.240069
-0.521816
-1.307754
-2.203290
1.610371
0.372846
-0.266013
1.113483
0.317083
-0.553284
-0.564035
-0.326114
-0.051782
0.296052
-0.551062
0.288996
0.365419
0.440786
-0.029402
0.258122
-1.064467
-0.454548
1.217029
-1.484264
-0.738205
-0.144016
0.110469
2.380144
0.348091
0.132105
-0.089822
-0.189261
-0.677648
0.150314
0.037270
-0.008438
0.454450
0.515842
-0.148756
-1.280295
1.004595
0.174020
-0.341524
-0.009371
0.172408
0.178174
-0.147747
0.546632
-0.294261
-0.676622
-0.295807
-0.169371
0.200840
0.009364
-0.864989
0.948361
-1.401921
-0.683113
-0.356409
0.289779
-0.821681
1.061014
-0.683574
1.063175
1.567682
-0.832154
-0.363844
-0.247879
-0.410570
-0.215205
0.423722
-0.264855
-0.291781
-0.092359
-0.026255
0.301639
-0.728388
-2.172649
1.091608
-0.038111
0.321940
1.080956
-0.568349
0.051262
0.028858
-0.117892
-0.063982
-0.164934
-2.119853
0.156580
0.105112
-1.212947
0.355032
-0.080661
0.189539
-0.299042
0.318665
0.500046
0.301467
-1.820563
-0.164631
1.695982
-0.560274
0.725967
-0.016008
-0.782528
0.326471
0.398248
-0.103126
-0.676150
-0.518010
-0.495340
-0.368688
-0.380654
-0.759231
-0.048440
1.007188
-0.116211
0.481851
1.152933
-0.780919
-0.442815
0.482575
0.411186
-0.473257
0.823916
-1.526732
0.475198
-0.164081
0.318605
0.708835
-0.359996
-1.341849
0.932421
0.813428
-0.560971
-1.417125
-1.265211
-0.434615
1.554796
0.356957
-0.697525
-0.553208
-0.595711
-0.747789
0.991013
0.435794
-0.572821
-0.278365
-0.118333
-0.105889
-0.193009
0.505765
1.152320
0.277730
0.319242
-0.015216
-0.164952
-0.033947
0.195431
0.931026
0.399837
-0.256009
-0.352497
0.802588
-1.084512
0.955085
0.319809
0.402816
0.757486
0.253691
0.483561
0.090574
0.305114
-1.037718
-0.472989
0.857538
-0.092387
0.619296
-2.602434
-0.491914
0.015489
0.359060
0.452517
-1.393834
-0.453012
-0.265306
0.082751
-0.261017
-0.199324
1.353770
-0.709691
-0.867433
-0.184024
0.036896
-0.180989
-0.502800
-0.236859
-0.018255
1.060045
-0.390370
-1.006141
0.038645
0.083207
0.817176
-0.297436
1.250239
1.588714
-0.321684
-0.269058
0.548591
-0.663117
0.504286
-0.612588
0.897071
-1.053322
-0.169878
-0.572780
-0.691368
0.921971
0.423158
-0.495474
-0.264138
1.168245
0.639232
-0.150835
0.146778
-0.770192
0.661651
0.036795
-0.348360
-0.030148
-1.308586
-0.074985
0.340983
0.672934
0.423102
-1.300533
-0.485423
1.482176
-0.191043
-0.673256
-1.130320
0.303691
-0.626357
-0.059052
-1.643165
0.412278
-1.640786
0.182926
-0.476379
-0.733269
-0.252013
-0.832521
-0.314277
-0.523728
-0.740110
0.322971
-0.496744
-0.515437
-0.582425
-0.434100
0.035317
0.462699
1.709483
-0.366434
0.993192
-1.234308
0.832116
-0.236720
0.266463
-1.301312
