-0.258387
0.827172
-0.467025
0.268340
-0.001791
-0.602496
-0.531586
-1.409203
-0.291354
0.787277
0.314289
0.379718
0.963836
0.600715
0.033581
0.292171
0.203118
-1.109114
0.318475
0.366814
0.407541
0.221428
-0.367868
0.367429
1.016419
0.260553
1.012014
1.067787
-1.360386
-0.601472
-0.435399
0.373259
1.061856
-0.128015
0.341193
-0.173986
-0.241701
0.394917
-0.120618
-1.312988
-0.210174
-0.268597
-0.168793
1.107996
-0.468874
-1.298082
-2.075649
0.117502
-1.474276
0.342017
-0.129951
0.994777
0.380978
1.024030
-0.076571
-0.395035
0.163687
-0.256236
1.027740
-0.587688
0.388981
-0.265572
1.199284
0.462051
1.223400
-0.148281
-2.111651
1.164181
-0.485294
-0.361295
-0.003511
-0.306531
-0.174006
1.167873
-1.335019
1.004950
-2.107815
-0.431572
0.362708
0.327878
-0.356037
0.438010
-0.446723
1.173644
0.891849
-0.233589
0.252718
0.804174
-2.386519
0.020268
0.125223
-0.067823
-0.229313
-1.290839
0.426939
-0.272270
0.471245
-1.339774
0.211475
0.341325
0.391524
0.309809
-0.400427
0.435117
-0.087095
0.735633
-0.112252
-0.069053
-2.105760
-0.498926
0.392651
1.150135
-0.403674
0.117714
-0.529636
0.362368
0.338692
-1.257749
0.247342
0.157150
-0.495002
-1.377894
0.352016
-0.462167
0.886723
-0.294965
-0.085929
-0.487320
1.143872
0.295076
-0.420596
-0.520352
-0.239791
0.143292
-0.617309
0.768953
1.110593
0.833213
-0.519639
0.096343
-0.331484
-0.395337
-0.581460
1.105451
-0.120721
-0.096523
0.211646
-0.966284
0.608640
-0.231750
-0.332145
0.357343
-2.044983
0.988216
1.062618
-0.174826
-0.386202
0.332841
-0.021257
-0.432979
-0.398426
-0.668589
-0.196371
-0.500779
0.040780
-1.330264
0.394510
-0.268641
0.344757
0.339176
0.148041
0.346147
1.002249
0.156534
1.102836
0.445303
0.473809
-1.231220
0.133905
0.246673
0.230665
-0.672344
-1.378972
-0.060578
-2.385447
0.554871
-0.190295
0.489014
0.948961
0.285064
-0.174013
-0.233739
0.402119
1.176994
0.254369
-0.104963
-0.350308
-0.112779
-0.501974
0.403728
-0.172003
1.193319
0.188493
0.776864
0.157028
0.301507
0.120073
1.161519
-0.461917
0.028793
0.505604
-1.350363
-0.446943
-0.035902
0.245012
1.165839
-0.407665
0.325360
-0.230572
-0.352047
0.109787
-0.119389
0.452702
-0.179998
0.547742
-0.212076
0.056028
-0.343891
-0.419492
-0.341286
0.406183
-0.687876
1.063636
-0.208564
0.396998
-0.320566
-0.023479
-0.127033
-1.368003
-0.482587
1.124998
-1.402445
0.432794
-0.259060
0.962619
1.321796
0.389510
0.352024
1.129962
0.276212
0.476117
1.068744
-0.385252
-0.598435
-0.032313
-0.214563
0.459892
0.459933
0.220121
-0.151190
-0.315244
0.266037
0.262550
-0.382438
-2.923728
-0.046018
0.136936
-0.497043
-0.126892
0.310016
1.053480
-0.039861
-0.390623
0.249044
-0.184914
-0.394894
-1.304826
-0.215128
0.256313
1.202870
0.039780
1.188221
-1.262786
0.452925
-0.182126
0.437749
-0.504600
1.253583
0.091569
0.470955
0.108411
-2.079634
0.255534
0.936895
-0.523424
-0.205136
-0.283795
-0.370794
-0.184336
-0.136580
-0.226923
0.199408
0.329312
0.794305
-0.040769
-0.600199
-0.692749
0.385276
0.183957
-0.335857
-0.115178
-0.539894
-0.438301
0.427439
0.992105
0.347420
0.367806
-0.120469
-0.289242
-0.330828
-0.113050
-0.521646
0.097224
-0.541385
-1.163679
-0.544056
1.258786
-0.096911
0.416995
1.265295
0.163280
0.167030
-0.289483
1.088823
0.287970
0.009276
0.992698
-1.304263
0.186097
0.183012
-1.280055
-0.177014
0.514636
-0.183757
-0.386253
-0.355053
1.097445
-0.534251
-0.531423
1.152708
-2.046634
-0.387893
0.381827
-0.271011
1.209956
-0.085133
-0.477010
-0.594556
0.019724
-0.504139
0.067343
-0.262684
-0.300129
1.037400
-0.059860
0.436686
0.280337
0.305466
-0.200612
-0.029625
0.467860
-0.339854
-0.099907
0.829045
-0.611235
0.119068
-0.549963
-0.266342
1.044902
-0.075130
-0.518732
-1.244756
0.126215
-0.425834
0.510027
-0.547407
-0.461601
0.376270
0.440233
0.164976
0.995754
-0.365018
0.394687
-0.093567
-0.535269
-0.274396
0.379287
0.076679
-0.209415
-0.275960
-0.333290
1.246211
-0.248673
-0.009072
-0.309297
0.859432
0.325972
0.015443
0.249820
0.047216
0.309968
-0.479493
0.517547
0.266472
0.214460
-0.773900
-0.002345
1.049793
0.958441
-0.038367
-1.433120
-0.431473
0.422749
0.119573
1.151142
0.328253
0.252742
-0.204890
0.166252
-0.301815
0.469455
-2.004033
-0.286460
0.236004
-0.423056
1.163226
0.439847
-0.595002
0.807167
1.013295
-0.365690
1.033269
0.528123
-0.037913
-0.530199
-1.311158
-1.184419
-0.583362
-0.058173
-0.403466
0.420287
0.421704
-0.166998
0.370797
0.511802
-0.175789
-0.569485
1.048225
-0.515754
-0.355364
1.259485
0.035630
-0.326850
-0.140724
-0.586625
-0.486050
-0.513037
-0.537012
-0.123092
1.251684
0.043974
0.420657
-0.475416
0.442238
0.295076
0.023348
-0.190674
0.952218
1.199985
1.166348
-0.605708
0.889039
1.147734
0.344584
0.278027
-0.472020
-0.084315
-0.477540
-0.491549
-0.421563
-0.401010
1.112281
0.022209
0.074788
0.386722
0.371680
-0.052011
0.266812
0.954225
0.328381
-0.197762
-0.325540
-0.428793
-0.454408
-1.324113
0.444136
1.052921
-0.460824
0.334206
-0.128913
-1.515954
0.179062
1.138108
-0.416895
1.136846
-0.296261
-0.628128
-0.163184
1.216285
-2.092566
0.382450
0.193818
0.110111
1.171105
0.281215
0.349144
-0.581577
0.349595
0.853081
-0.006444
-0.072080
-0.083763
0.983736
-0.622391
0.935909
-2.048242
1.093080
-0.531861
-1.254454
-0.096989
0.326551
-0.227891
0.324906
-0.302213
-0.158883
0.402971
0.403610
-0.311766
0.468003
-0.571758
0.479381
0.425044
-0.602663
-0.105922
0.266769
0.815263
0.379870
0.873913
-0.203976
-0.427221
0.915091
0.361567
0.933399
-0.376442
1.035198
-0.554958
-0.205801
-0.269232
-2.024995
0.894854
-1.662122
-0.418558
-0.208807
-0.220453
-2.106527
1.044342
0.630454
-0.425238
-0.535870
-1.337008
-0.145834
0.069033
-0.101624
0.080930
0.559596
-1.442581
-0.593227
-0.680263
0.424902
-0.338528
0.340067
-0.261965
-0.300809
-0.090870
-2.439799
-0.066299
0.350079
-1.315337
-0.268162
-0.687466
0.427193
-0.685821
0.381764
-0.226250
0.278453
-0.182746
0.123691
-1.387731
0.511237
-0.021410
-0.421512
0.233978
-0.026972
-0.567285
-0.194264
-1.238866
0.377241
-1.266353
-0.588087
-0.108929
0.450091
0.774864
1.181146
1.026076
1.088288
-0.665762
0.972542
0.312551
0.469587
0.573122
-0.483464
0.310392
-0.419442
1.184904
-0.048493
-1.284159
-0.123899
-1.391396
-0.401150
-0.617522
-0.355878
-1.973164
0.433497
1.076664
-0.209742
-0.045284
-0.107500
-0.031208
1.291510
1.113940
-0.149412
-0.201222
-0.656844
0.344354
0.278037
1.093812
-0.283995
-0.300946
-2.033532
0.197129
-0.304687
0.418922
0.338454
-0.318388
0.371974
0.957364
-0.208618
1.095001
-1.090163
-0.263827
-0.263647
0.009380
0.280660
-0.457922
-0.509515
0.055126
0.475657
0.512315
-0.668209
-0.380025
0.358777
-0.181379
0.244294
-0.382944
-0.424884
0.307580
0.468358
-0.149513
-0.279248
-0.018658
