-2.406230
4.019178
-1.641796
-1.858433
1.135557
0.975495
-1.538912
-0.734598
0.024484
-2.056773
1.252721
0.534532
-2.076364
3.046534
-2.152210
1.757846
-2.108181
-1.811949
-1.031835
-2.913502
2.910106
2.314604
-1.821018
-1.230897
0.904102
4.559393
-1.268467
-1.693306
3.209460
1.553179
-2.798415
-1.838415
-0.161832
1.819945
2.514071
-1.603792
2.713303
-2.507639
1.790091
-0.874313
2.611377
-1.722169
3.350804
-2.073626
-0.005350
-2.193933
-3.015019
3.543899
-2.965587
3.269623
-1.468798
1.441432
-2.861578
-0.350750
1.819387
-2.355772
-2.352492
0.920473
5.110446
2.311089
-3.243804
-0.987574
-0.150561
-2.002894
0.348111
-1.533282
1.347445
-4.910223
2.442324
1.511228
-0.756356
2.681648
2.496787
2.815571
2.575335
2.644123
-1.184100
-1.782220
-1.014680
1.126155
-1.045871
0.151972
-2.596840
3.832958
-2.044459
-1.878147
2.230860
3.017171
1.970065
1.307241
-1.114872
-2.338919
0.772074
1.698125
1.680927
-1.052776
-0.803141
3.395016
1.704968
-0.090917
-0.960460
1.974446
2.214644
2.043407
0.155681
-2.394546
-0.780907
2.239222
1.977989
-2.507982
-0.882293
1.660572
2.134025
0.679802
2.751998
1.481483
2.443447
2.725222
-0.409504
2.258317
-2.691863
1.955556
-1.274748
2.702119
3.619701
1.395266
2.777729
2.413682
2.568780
1.891669
2.555653
-2.662373
0.156878
-0.556020
-0.738967
-3.001800
-2.259922
-0.262526
0.300194
-2.174489
1.535836
-2.759663
-2.179245
2.477167
2.041419
2.217730
-0.475672
0.790954
-2.457836
-2.182427
0.911341
2.448207
-3.032814
3.107754
2.250510
-3.219826
2.131131
-2.418122
-0.550745
-2.037032
-2.916594
-2.757798
1.968495
-2.122442
1.406262
-1.388338
0.545624
-0.131760
-2.250626
-0.139914
-1.268558
-2.456157
0.930859
2.626694
-1.517724
-1.976442
1.036032
-3.109884
-2.770199
1.299557
-1.930057
-3.115405
-2.986165
-1.668814
3.128797
1.492814
-0.122924
-0.392340
0.496100
-0.001557
-0.089147
-0.293507
2.636570
-1.101127
-1.326997
2.280676
-0.014161
1.115006
2.033624
-2.827451
3.371306
-0.666942
-1.952733
0.822579
-3.126424
-0.103414
-3.188563
-0.932552
2.133703
-1.894497
-3.049644
-2.788002
-2.205869
2.657439
-1.923256
-4.751236
1.523086
-1.435603
-2.243176
-1.583444
2.171454
2.931371
2.196551
-2.651672
0.355716
-2.179871
0.630009
-0.363371
-3.298538
-2.510646
3.009689
-2.645501
5.319595
-0.437765
-0.359570
2.081185
-2.033168
2.350246
-2.434470
1.174680
-0.171922
-2.507161
-0.546525
2.337956
1.845235
2.155523
-1.331301
-1.823148
2.828380
1.936457
-2.380827
2.063921
2.401564
-4.876996
1.168668
-4.154652
-2.834025
-2.797087
-2.550708
-1.347678
-3.325282
2.356602
-0.683790
1.815950
-2.571775
1.439373
2.136667
-0.475139
1.977774
2.487302
2.518952
-0.498487
1.477302
-0.436662
1.376356
3.451953
2.224944
-3.512849
5.029062
-1.708781
2.304919
-0.366510
0.315555
2.413511
1.248818
-1.987926
-2.397233
-3.107136
1.453117
-2.008000
-2.895926
-0.356544
-2.787585
0.665805
-0.715469
3.069459
-3.667840
-2.182341
-1.825653
-2.446614
-1.428817
-2.093104
2.034809
2.006250
-0.397797
2.437493
0.136039
-2.893916
0.056814
1.266967
-2.836220
-1.141297
2.406103
-0.030754
3.689473
-0.026790
-0.743124
3.239766
1.139138
-2.177133
-1.179382
-2.687084
1.513344
3.799203
2.624173
-3.248383
-2.084251
2.394351
-1.369527
2.437144
3.181545
2.627151
-0.813468
2.274075
0.735087
-1.367063
2.523293
1.939600
1.969645
-1.933340
3.955344
-0.041745
2.646646
-1.866158
-2.647262
-0.204847
-1.525757
2.758505
1.895249
2.152040
0.474942
-3.032604
-1.387099
-2.081668
2.192054
1.306533
-0.495394
-1.836899
-2.620374
3.076742
3.624708
3.985768
1.063487
2.384659
-1.827545
2.545160
-2.964137
2.197027
-2.089344
-0.226568
-0.898260
-2.416964
-1.529724
1.310002
-1.904516
-1.850166
-2.457514
1.901936
-1.274936
-2.592821
2.306005
2.228398
-2.473656
1.820483
-0.851232
-1.326469
-3.022176
-3.135843
2.032115
-2.396478
2.283484
-2.314190
1.788169
0.129247
2.920690
-1.371257
-0.136148
1.814888
2.614685
2.195710
-3.094758
-2.936415
0.243393
0.057871
2.251808
-2.197271
0.243262
2.053901
1.744593
2.011700
4.936856
1.562051
-3.186756
2.487290
-1.189032
-0.091879
-0.694379
-2.501460
2.253058
2.063893
-1.059467
1.915711
-1.753008
1.759898
-4.889187
-1.053883
-2.335806
1.134016
-0.337204
-2.741997
2.584605
-2.824968
1.775103
0.145883
-3.102990
-0.829536
2.250195
2.411431
2.311751
1.758718
-1.331535
2.855596
-2.024273
2.404229
-0.497646
2.367771
-0.004130
-0.046223
-1.935558
-1.962138
-1.699307
1.209023
-2.744005
-2.142007
0.566284
-0.356288
-2.029697
-2.874238
2.185324
5.160683
-0.565407
-0.376312
2.571753
2.612659
-4.165575
1.299840
1.295495
0.656661
2.249088
3.241446
1.124833
2.972725
0.615949
-1.371715
4.071373
2.208915
2.131762
0.031336
-2.860648
3.410745
2.815751
2.086050
0.288879
-2.783153
1.755392
-2.039522
-2.210894
1.441853
-3.433195
1.831892
-1.187138
-2.316278
1.724294
1.454764
-0.861249
1.710774
-0.276645
-2.843752
1.582571
-2.212684
1.880907
-2.174975
2.627858
-2.522139
-0.816548
2.031017
2.140785
2.559051
2.440726
-1.170814
1.741627
1.864388
2.704324
1.752276
2.273037
-1.317036
-0.503341
2.073543
-0.789053
-1.531653
1.877007
1.841738
-0.557975
2.785028
-1.268908
1.601577
1.787587
-0.813307
-0.314706
1.254456
-2.817811
3.270422
-2.352209
-1.988042
-2.388820
-1.180851
-0.141102
2.418139
-0.821753
-1.963253
1.690733
-0.486782
-0.058740
1.437822
-1.494425
0.450091
-2.437861
0.342853
-2.960800
1.359113
-2.834143
-2.402392
2.469200
0.359815
-2.745844
-2.635745
-0.357580
-1.750772
1.967443
2.725683
4.822112
-0.375757
-2.703135
-2.676396
2.623376
-2.442036
2.235872
3.390630
-1.078283
-1.939829
-2.360541
2.012942
1.724287
1.895606
2.079285
2.983923
-0.490807
-0.190631
-1.621112
-0.319928
-2.667985
-2.264316
2.274552
-3.301112
1.563264
2.358370
-0.793314
-0.045681
-3.079278
-2.226082
1.949869
-2.659088
3.057185
0.600653
4.337827
3.281259
2.206267
-0.816277
-1.939229
1.597485
2.374831
-2.712428
1.883924
1.760127
-1.000085
2.280743
1.267997
-0.277944
1.696646
-2.030282
1.662728
2.114728
-0.476409
-0.994337
-0.590689
1.662826
-1.973061
1.940861
1.702419
1.569551
4.764791
1.312166
-1.930522
2.692681
-1.546775
2.485940
2.536882
-0.223477
-0.205466
5.180998
2.330048
1.916838
2.165757
3.956810
-2.155346
-0.283487
1.378666
0.010259
-1.484155
-2.991415
-1.211823
1.453082
0.776721
-2.249284
2.139699
2.519085
2.610075
-0.463752
-1.518647
1.198171
3.098632
2.364500
1.999477
1.826725
-0.769391
-3.241972
-2.081701
-4.822849
2.129987
0.414164
2.550891
0.607104
-2.992194
-0.664186
-0.196918
-2.458032
3.802012
-2.053215
2.722897
-2.042026
-3.080616
1.923645
-2.346856
2.347567
-2.563825
1.348955
-2.107896
-1.525862
-0.543341
2.904987
-2.833508
0.009766
2.446684
2.910018
-0.079351
2.424752
-1.922857
-2.281499
1.975097
4.828477
