-2.126456
-1.273154
-2.453908
-2.385285
-1.876784
2.849170
0.847347
-2.982329
-2.007805
2.514763
-1.785978
2.397977
2.077015
-0.641390
2.243829
-2.851571
-0.173630
2.514549
2.248330
-1.186566
-0.770968
-1.817886
-2.595459
2.125398
0.844438
2.215022
-0.353056
-0.467197
-0.077939
2.618451
1.907302
2.189564
2.624777
2.069491
1.868773
2.269754
0.204199
2.386947
2.386297
2.225715
-1.935320
-0.716854
-0.381884
-2.935747
1.883973
2.356546
-0.534128
2.001329
2.497880
-2.662533
2.088069
-2.739073
-1.532353
-1.549275
-2.020938
2.391485
-0.207217
-1.913761
2.104314
2.110473
1.692440
-0.352716
-2.116980
2.578737
2.057487
2.052704
0.107526
-2.720593
-2.152286
2.338133
-2.623263
1.854708
2.434884
2.142636
-1.595244
-0.146453
1.936489
1.546375
2.639561
2.713671
-1.883486
2.569762
-2.252239
-1.878251
-2.968131
-1.203982
-0.177720
1.734108
-2.071624
-1.921496
-0.373567
1.101458
1.649157
2.401156
-1.012085
2.090724
-0.739605
-0.016460
-0.077010
1.727951
4.866096
-0.667126
2.029904
2.390777
1.850170
0.054550
-1.862456
-0.795161
-1.616933
-2.686323
0.248056
2.794833
2.404110
0.066718
2.182261
-2.150699
2.603605
-2.866999
2.159615
-3.041061
-0.412407
2.590635
0.310332
-1.097908
-0.207520
2.391824
-2.987026
2.716063
-1.741042
-1.892894
-1.112731
1.695884
-2.798922
-1.904815
-2.799119
2.486887
-0.916291
-2.092710
-2.224382
-2.995657
-0.451306
2.051746
2.014383
1.901527
2.490138
2.479038
-0.979319
2.419483
2.074869
1.907168
-2.150090
-3.139423
2.236903
1.242022
2.556688
-0.476627
2.918827
0.189452
-1.146152
-2.085654
-2.262065
-0.730053
-0.667873
2.571864
-2.594189
2.709237
1.961534
1.536417
-1.053979
-0.203864
2.483426
-1.855436
0.009003
1.742018
2.145466
2.386634
-1.703053
-0.109656
2.486050
1.904936
-0.079877
2.516958
2.063090
2.392930
-2.608533
1.787535
-2.468681
-1.966368
-2.544133
-2.857292
-2.889403
2.550696
2.486939
-0.396381
-0.197371
2.256547
-2.706922
1.930545
-0.298409
2.946824
-2.012357
-0.485163
-0.878691
1.956539
2.443214
2.307760
2.488058
-0.406905
-2.832309
-0.957092
2.077015
1.795370
2.517334
-0.169245
2.632352
1.940097
2.711398
2.046469
-0.001731
-1.031079
2.286841
-1.893454
-1.189177
-4.637568
4.877157
2.278151
0.206785
2.510659
0.840544
-1.957277
-2.605603
-3.227688
2.187798
-2.379850
-1.954622
-0.115284
1.923681
-0.567626
-2.863016
2.406992
-2.401336
2.175680
-0.534119
2.475493
2.422459
-1.309785
-3.273735
1.931190
2.750005
-3.050220
1.572976
2.295935
-0.900308
2.549331
-2.280830
0.180189
2.466369
-2.656415
-0.165024
-0.396091
1.680888
2.426424
2.300182
0.161185
2.436819
1.454077
-2.626207
2.319555
2.277435
1.991828
-0.918764
2.687460
-1.920817
2.034229
-1.569677
-2.983041
-1.870983
-2.381838
-4.835060
-1.110527
2.548309
2.034870
1.971670
1.748658
0.340487
-2.317601
2.498132
0.127141
-2.011864
-2.201805
2.151387
2.691883
1.914505
2.192715
-2.168039
-2.400253
-2.075328
-2.896061
2.339500
-2.180962
2.532150
0.386332
2.631898
2.100549
-2.394704
-2.489917
2.035516
-1.968728
2.460694
2.475968
-0.756354
-1.105183
-1.364937
-2.949611
-0.797292
-3.042642
1.934142
-0.370144
-0.053699
1.681529
-0.893359
-1.296358
2.548675
-0.314156
2.024441
-1.628975
1.944004
-2.503242
-1.935625
2.738732
-1.458159
1.183885
-2.815158
-1.082858
-1.635375
-0.188363
-0.593382
2.469023
1.745629
1.303456
2.522397
-4.591681
2.345802
-1.078041
1.856510
1.680654
-0.362303
-2.386889
-0.939498
-0.911884
-1.018246
-3.119932
-0.463628
-4.659286
2.254666
0.040448
2.236670
2.672507
-2.284936
2.233915
-2.810502
-2.029025
-1.147933
2.797660
2.255529
-2.829580
2.026626
1.357537
-0.322242
-1.885309
0.030413
-2.367935
1.829502
-4.655958
2.063027
-1.235964
-1.469719
2.870457
4.201405
1.296074
-1.935930
3.004507
2.719532
-3.261603
-1.725271
-0.516548
2.541546
2.586815
2.337187
-0.793010
-1.072628
-2.642227
2.385144
2.445150
2.494349
-0.113329
2.612569
1.818932
-1.602239
-1.938356
1.866858
-1.955968
-1.320371
-2.677424
0.220443
2.560580
2.440993
0.736106
-2.920501
2.522015
2.063220
1.456191
-2.248674
-2.578504
0.006979
-2.258607
1.613972
2.056176
2.107499
-0.893393
2.347572
1.300752
-2.657429
-1.579518
1.863729
2.490575
-1.407234
2.110466
-0.221698
2.052602
-2.813711
2.595037
1.325722
3.499026
1.965685
-2.293019
2.505578
-2.424053
0.248082
2.238309
-2.911112
-1.712508
-0.560557
2.024466
2.012629
-2.552811
2.649572
1.143267
2.097072
2.335036
2.153407
-1.861951
1.360929
-3.529534
-1.596262
2.362536
-0.175362
-1.482150
1.544465
1.803220
-2.660374
2.031326
1.233382
2.428779
2.073007
2.606115
-3.047758
2.549307
2.554809
-1.914133
0.080199
-1.056267
-2.734007
-2.390106
2.955199
-2.442819
-1.272883
-2.191151
2.175499
2.568374
-0.326048
2.396387
2.242045
2.037361
2.771891
4.738735
-0.289524
-2.360277
0.840147
-1.292552
2.345972
2.558750
-0.624352
2.473810
2.014999
1.810585
-1.882262
1.739922
-2.900412
-2.863997
-0.135036
3.362402
-1.671099
-3.318487
-2.778640
-0.952602
2.137272
-2.195480
-0.381075
-0.919772
2.066579
-2.495065
-0.397698
1.971814
-3.127800
0.093930
2.087103
1.266619
-2.199480
-2.067308
-2.000401
-0.994441
-0.185633
-0.433236
-1.038091
2.572785
2.135543
2.611322
-2.826568
2.015846
-2.274701
2.017321
-3.077629
-0.236581
2.292413
2.519216
-0.913569
-2.950865
-1.107996
-0.572775
2.734944
2.391194
-1.027357
0.108878
2.461216
2.692054
-1.433374
2.711688
0.052017
-2.779544
2.547068
2.251839
2.406739
-2.721305
-1.030199
1.509674
2.325616
-1.201137
2.266396
-1.229729
-0.208771
-2.763733
-1.582875
2.079510
-0.521211
-3.090904
-2.142565
-2.793018
-0.556108
-2.397942
1.765924
-2.328769
1.282256
-1.699641
-0.418584
1.952257
-0.263999
-0.324111
0.652224
2.326584
-0.506934
2.528623
-2.327341
2.573360
2.757066
-2.158779
-1.959195
-1.706703
0.019894
2.037973
-0.849760
-0.515547
2.095610
-1.165762
2.208803
-1.356291
2.676786
-0.131688
1.298109
2.474017
2.596651
-4.541815
2.503294
2.864025
2.382066
2.016898
1.204991
2.477749
2.582248
2.423780
-3.123675
-2.278163
1.560825
2.281733
1.915645
-2.189043
-3.067025
-2.078228
2.304108
-0.627944
-2.908540
-0.601386
-2.723808
-2.195485
-0.251274
3.060514
2.191340
-1.871439
2.686905
1.602656
-2.394788
2.432189
-0.595210
-1.995917
-1.973467
-0.157045
-2.367586
-4.760227
2.302793
-2.398220
-0.380026
-2.592208
2.788799
2.756656
2.254502
2.183097
5.426740
-2.313023
-2.405572
2.342498
-0.156744
1.778257
-0.246080
-3.258257
0.134299
-0.286131
-1.767603
2.274997
1.933114
-2.432654
2.723396
1.891163
-0.511495
-1.344971
-0.351448
1.474097
-0.630361
2.471541
-2.396217
2.237210
-1.656562
2.641645
1.732342
-1.279619
2.435571
2.500250
-2.227856
-0.580235
-1.085542
3.567096
1.939557
1.959363
0.080582
-2.646853
2.542515
-2.901558
1.739603
-4.370315
1.859298
2.067249
