-3.152359
1.933914
2.378148
-1.431808
1.891528
2.876045
1.878529
2.093586
3.367367
-2.017979
2.419842
1.382352
-2.321131
3.036029
-0.294165
-0.386790
-0.613997
1.880680
-2.075225
0.068094
1.770851
-3.401323
2.654072
-1.421801
2.283619
0.343769
3.132280
1.198238
-2.456480
-2.943865
-0.727938
-0.513031
4.399990
0.928466
-1.974104
-0.804688
-1.206202
2.472762
2.443047
-2.902909
-1.596700
-2.662743
-1.995100
2.314432
-0.495783
-2.818784
-0.136009
-1.149233
2.238191
-1.144621
-3.225375
1.306034
3.332099
-1.232310
3.320494
1.879500
-2.203764
-2.512281
0.599990
-0.913453
-2.854771
-0.998152
-2.057129
-3.209649
2.232398
-2.182014
2.533820
1.614070
0.846980
2.080394
1.385078
-3.300295
0.865339
0.876338
-0.003663
2.186524
2.800269
3.438132
3.001567
2.624270
-4.797310
-2.713224
-0.901747
-2.710019
-2.647243
-0.167642
2.152594
-0.207818
2.002947
0.551718
-0.582507
1.135335
1.755770
2.341348
3.183943
-0.092980
1.302535
-1.942645
1.162127
-4.651136
-0.685992
2.239381
-1.930426
2.468228
-2.569502
-2.140509
-1.631038
-2.036153
-3.024741
-1.990520
3.343485
-3.038909
-0.711463
2.510263
2.021982
1.132708
2.048107
-2.677195
1.269402
-2.177566
2.050942
2.617725
-0.559050
2.340688
1.095868
-3.308199
2.757356
-2.130791
-1.863237
3.330841
2.752872
1.245718
-3.015309
2.467108
4.077290
3.057343
2.926577
-1.625995
2.582738
2.562228
-1.637662
-1.986124
-1.855841
2.449566
3.011972
1.334090
2.236740
3.042408
0.834164
3.425537
-2.411601
-2.735631
1.877715
0.334504
3.027908
-3.190044
-2.260610
2.145691
-1.071305
-0.225902
-2.221357
2.328264
1.219280
2.395252
-2.636157
1.753923
-0.139428
2.486088
-0.164172
-2.838630
-1.967693
0.500088
3.634083
-1.787525
-2.400446
2.046128
-1.197275
2.300719
1.800058
-2.215866
-0.988318
-1.796100
2.417286
2.060190
3.511187
4.195399
-0.533437
2.691428
-1.419865
-0.805018
2.345445
2.984755
-0.924799
4.110748
2.489707
1.188272
-2.092836
-0.110401
-1.891885
-2.038599
-1.569912
2.363264
-0.367447
1.138690
-1.491888
-1.163814
-1.451122
1.045364
2.041399
2.018866
2.169697
-1.049311
3.199469
3.030957
-0.182412
0.423122
3.826510
1.828666
-2.475118
2.738132
0.932700
-3.020498
3.358239
-2.581703
1.191807
3.123789
-0.995837
3.319670
2.468589
1.206642
1.619440
-1.262750
-0.452336
-1.717834
-0.578087
-2.395615
1.998130
-1.890149
-1.475719
1.949481
-3.008872
-1.011160
2.016750
-3.192052
-0.055437
2.357144
1.775280
-3.334840
-1.261547
2.254889
-2.365494
1.925432
2.004208
2.314759
1.263851
2.430604
-3.318570
2.595893
1.510463
-2.507305
-2.764666
-1.787710
1.751130
-1.412053
-2.834709
-2.595520
2.490774
-0.348494
-0.157353
1.830290
-2.972532
-2.489339
-2.108540
-3.026473
-3.261724
2.441037
2.487414
2.434690
1.758339
-1.806355
-1.604746
2.769407
2.614197
1.080431
2.490131
-0.435740
0.283143
2.071689
-1.670359
2.400952
-1.019872
2.219784
-2.442000
2.217668
3.552437
2.241884
2.035375
-0.122014
2.287498
-2.375275
0.615803
1.401420
-3.008304
1.726106
2.455053
-0.829403
-2.582971
0.149834
2.929597
1.994976
1.769722
1.752527
0.154205
-3.015934
1.214892
-2.384554
2.159778
2.633722
-2.228468
-1.952589
-2.815052
0.005220
0.155790
2.492780
-2.095972
1.787264
-2.504297
3.790803
1.950435
-1.092019
2.888320
2.382584
-0.286069
1.709929
0.093518
2.513476
2.590100
2.270904
2.849358
0.404426
-2.036661
-0.105500
-0.247932
-3.186597
2.559542
2.298032
-1.815019
-2.851487
2.470436
-2.745942
-3.111466
2.623289
-1.299475
-3.427409
-2.656268
2.132487
-1.575514
1.752970
-0.630458
2.801328
-1.311105
-2.182116
-0.372179
1.019993
-1.859178
2.542877
-1.968091
1.727497
0.640412
2.710627
2.345167
-2.006029
-2.494360
2.155843
2.336172
0.461213
-0.702812
0.579760
2.978423
-2.369546
0.511126
-0.103630
2.383265
-2.541326
-3.061266
2.812895
0.145038
2.599459
-2.511169
-0.865739
0.285886
3.404042
-1.284368
-1.556008
1.968366
2.382223
-2.789874
4.803707
-1.057810
-0.802301
-2.450372
1.858335
3.266194
2.439408
-2.889416
-2.478211
1.806240
1.186856
0.704466
2.481979
2.427437
2.505206
0.020335
-2.852458
2.428493
2.323018
2.245958
2.466935
2.145402
0.185753
-2.267031
-1.232060
-0.722565
-1.801115
-0.696437
-1.141101
1.024140
1.754046
0.212863
-1.822147
0.133667
-1.356036
2.235731
-2.144739
0.606072
-2.159474
-0.552170
-2.886601
1.343316
-1.832108
1.916091
-1.572605
2.777027
-3.308032
2.066220
-2.276101
2.455697
-2.105063
2.400432
-2.488797
-1.082256
1.563627
2.201482
-1.785028
-1.008071
-2.548141
0.448913
-2.543210
-2.014801
2.114425
0.133029
1.986430
-2.753713
-1.594889
2.683521
1.803003
-1.785042
0.029082
2.665787
1.972493
-1.080748
-2.724846
2.930357
2.315523
0.114683
-0.550392
-3.387357
1.707479
-2.662365
-2.299515
-0.027056
2.479132
-1.708143
-1.930470
2.330991
-1.074976
2.284005
3.085159
2.027739
2.050963
-1.608825
1.083367
1.632009
0.450147
-2.267030
0.663328
4.416114
1.244392
3.857428
-0.576004
-1.170769
1.220603
-1.520129
2.279968
-0.011683
2.236624
-2.879582
2.562117
0.615638
-0.104297
2.601264
0.086808
-0.342946
1.545244
2.941657
2.616508
2.864435
2.411028
1.899611
-1.212529
2.701138
1.402324
2.463895
1.907961
-1.269112
2.240221
-2.427161
-0.961073
1.556165
-2.561907
2.527801
-2.765335
1.278369
2.071824
-1.223214
-2.039633
-0.352505
-4.595942
-0.239930
0.806555
2.489091
-1.175338
-2.495914
2.185828
-2.439804
-2.569894
0.459650
2.370159
1.863057
-1.232526
-2.902094
1.700467
-2.991192
-1.153591
3.004569
2.270505
1.990297
2.088320
-1.534861
2.540284
2.423038
-2.322558
-1.852887
-1.302651
-2.951802
-0.257480
-2.138806
-4.785530
-2.804721
1.686796
1.636061
2.328708
1.282548
-0.363024
-0.686211
-3.379413
-2.290686
-2.768459
3.027818
-4.760417
3.667972
2.532630
2.535127
0.184023
3.338199
-1.248512
-4.790474
-0.030759
-0.811937
3.906067
-1.392376
2.015956
-1.822841
-2.452455
-2.046555
-0.513330
2.640120
-2.976870
-2.574271
2.693133
-2.535414
-1.303220
2.444009
1.268843
-1.818717
3.520786
-0.121383
0.021083
2.950910
2.220723
0.871013
2.463311
3.119026
-0.425059
-2.667675
-1.980493
-1.622226
-1.281027
-2.563050
2.074159
-2.626372
1.099365
1.771339
-3.421232
-2.205612
0.518723
-2.929824
-1.663126
2.791090
2.572909
2.079776
-0.960042
-2.702618
1.955695
2.045097
1.339305
-2.517041
2.985826
2.038204
-0.700450
-1.877637
-2.679229
-1.847827
2.323575
-2.473475
2.691282
2.318627
1.077349
1.222946
2.459523
1.723026
-1.256381
1.664895
-2.168048
2.286778
2.119341
2.506641
-2.586844
0.361056
3.533786
-0.895642
2.350108
-2.675187
-0.348492
-0.158292
2.446117
-3.010516
2.242242
-0.145002
-3.022473
-1.134391
1.590708
2.390152
-1.152513
-2.693835
3.634295
-0.018010
1.584864
-3.122085
2.243992
3.262210
0.406785
-1.884399
2.772933
-1.909669
2.441184
-2.217389
1.168851
2.379945
-2.562581
