-0.968509
8.019130
-0.434670
0.348771
-1.155304
1.768192
-6.163756
0.024995
3.300248
-2.690140
-1.304544
3.028442
-2.151553
-8.616128
2.228685
-0.262995
7.198286
-2.714965
2.336589
8.085072
7.609003
-1.158386
-1.231504
2.606638
-6.154862
-2.249459
6.977924
7.378971
7.048178
2.115660
2.697173
-2.319174
1.951303
-2.143762
-1.908675
-2.498092
5.936646
1.712693
2.279423
1.544487
-1.080839
7.565926
7.298488
0.337878
2.755710
-2.460294
7.351138
-2.131960
1.292497
-0.321751
-2.126290
0.515549
-7.724279
-1.647568
-1.091277
1.428899
7.038290
-1.212026
1.721168
-2.331809
4.153790
7.305432
-1.004067
-2.886410
-2.116451
-2.181522
6.758881
-0.251003
-0.933248
2.337329
-1.195526
9.546130
-2.677945
1.624798
-1.405648
6.951475
-8.137776
2.117585
1.866237
-2.699218
9.457025
2.111216
-0.805003
-1.380808
0.394791
-7.978337
7.068583
-1.925502
-1.128422
-1.130954
7.179241
-6.509984
8.870470
2.181522
7.895624
-2.297439
7.934886
7.346883
6.823605
2.976444
-1.681454
7.635313
-2.214297
2.209116
-1.937970
-7.641043
-1.249046
7.724279
-7.661934
-0.344647
5.910198
1.570796
-2.498092
6.091137
-2.490516
-1.091277
-2.601173
0.328553
2.462930
0.052583
7.403320
-2.677945
5.668522
-8.226049
7.068583
2.191046
0.802940
1.080839
-1.373401
15.560885
-8.219183
-1.866237
-0.274167
-1.044730
-0.137066
-2.613518
8.135214
3.471890
-0.785398
-0.054002
7.500991
2.688814
-2.214297
-1.923787
1.319794
1.281821
8.024717
-2.594804
-2.171870
-1.951303
3.407845
0.088007
1.661456
9.424778
1.201463
7.697380
9.227382
5.835665
-8.152481
-0.901157
0.052583
7.695326
3.536384
-2.768605
5.639684
-2.779048
-2.070143
3.104573
7.763322
7.009828
-2.662073
-1.212026
6.773143
-1.797595
-2.384758
-2.530867
-1.390943
7.100830
2.059130
-8.109164
6.897848
1.237552
-2.245537
2.169215
-0.418224
2.922924
-0.605545
3.338988
-0.475695
-0.380506
-0.211093
-2.677945
-2.626044
9.424778
7.009828
-2.506566
0.588003
-2.096863
7.016000
-3.252250
3.403712
8.219183
8.152481
-1.946757
1.373401
3.635534
1.516795
7.277606
-0.936774
7.688833
2.452668
-1.792878
1.778293
6.951475
-2.875341
2.618314
1.842942
2.441700
6.909928
7.712085
-2.393215
-1.195526
7.989509
-1.570796
-1.878849
2.372586
6.644915
-2.796037
-6.283185
-1.182478
-0.369334
0.079830
2.459276
0.045423
-1.222025
6.970857
-2.013171
7.390334
-0.244979
-2.532903
-0.724250
2.524401
7.390334
-2.508844
2.134113
8.234488
-0.110657
-1.937970
1.929567
-0.028564
9.150611
-2.356194
7.712085
-2.677945
-0.716542
6.622478
1.012197
-0.375271
6.977924
7.351138
3.003587
2.174546
-2.480549
6.802331
2.231839
3.013269
0.404892
2.356194
2.417343
-2.106608
7.688833
1.917335
3.419892
-2.145101
-1.570796
-0.080904
-1.132460
-0.665969
-1.332187
-8.175732
1.919567
-2.146221
2.649783
-8.051377
6.398062
-0.896055
1.985303
6.058474
9.522031
-0.803578
2.533791
-2.870646
2.718739
2.303611
-0.179853
-0.657889
-0.927295
-0.000000
2.214297
-0.950547
-2.714965
-4.943480
2.788602
2.543174
-0.654083
0.291457
2.704965
9.491346
-2.660705
2.158799
7.953650
-8.145438
9.063049
-0.029403
7.642888
0.041643
-2.057696
7.159243
6.767663
-7.891002
7.819513
8.077458
-2.677945
6.368691
9.399143
8.528723
-2.148698
-0.522403
15.613012
-2.902983
9.091534
-6.574642
0.238609
-8.166883
-1.637364
7.129732
7.541940
-2.632000
2.930499
3.243799
1.267911
-1.695151
2.214297
-8.166024
2.677945
-7.895624
6.997276
-0.658806
8.080780
8.175732
-8.255210
0.025635
7.233732
-1.570796
-2.488746
6.818997
-2.356194
1.069192
-0.817645
1.620755
0.288975
-1.020943
4.110102
1.044730
2.528385
-0.321751
-2.034444
9.179799
7.204986
-1.373401
6.746833
-0.661043
2.727086
-1.467715
2.498092
4.112339
-1.570796
3.294242
-0.625485
9.372195
-1.136126
0.965252
0.942000
0.287281
-1.310194
8.208687
-2.677945
-2.637427
-2.425849
8.280609
-8.190656
-0.463648
2.147172
2.085248
2.034444
6.846502
1.165905
2.884269
-1.421906
-1.203622
-1.831399
-1.080839
-8.033835
-0.380506
5.837080
2.095592
-2.466852
-6.045349
-0.107690
1.951303
-2.145101
-3.141593
-0.821097
0.165149
6.852498
-0.750929
3.033903
-2.203545
2.530867
7.656586
2.158799
-3.060689
0.348771
-7.795226
2.863293
-2.631104
9.353470
2.450256
7.233732
-2.283154
-0.244979
2.034444
9.310986
2.622447
2.697173
0.047583
-2.731465
0.114877
6.647164
-2.422763
-0.124355
-1.494024
7.427354
2.514850
-2.166206
0.129703
1.965587
5.672459
-2.238102
-2.396173
2.490516
-1.234122
9.179799
1.365401
-1.735945
1.783735
6.621063
-1.647568
-1.797595
-1.951303
-0.446106
2.582993
-2.740364
3.028442
-2.165556
-2.709185
-0.000000
2.102520
-2.731465
-0.244979
6.786029
-8.306135
-0.339293
-0.819867
1.484058
-0.555494
-8.033835
-0.862170
-2.307054
1.789465
7.139891
-2.498092
1.869295
2.704965
-2.914794
-1.653938
7.248437
0.099669
-6.283185
4.299979
-2.574863
-2.677945
7.507443
1.236059
2.626044
-1.929567
15.608295
2.877629
-0.000000
0.369334
7.034114
0.266252
-1.304544
0.288975
0.444419
3.959238
2.475623
-0.904827
7.304128
8.317629
-2.134113
-0.572966
3.218365
2.528385
0.658806
6.797637
-2.256526
9.341637
-0.900275
-1.088283
-1.118642
7.853982
7.216433
7.341592
4.068888
1.986288
-2.214297
-2.761086
-0.380506
2.578276
0.128323
-2.135366
0.078784
7.132327
-2.498092
-2.741352
8.061478
-0.047583
-8.158493
7.139891
1.274251
1.436475
7.918408
5.860331
-2.601173
-2.835714
9.135803
2.642246
6.760531
-0.207496
1.570796
1.523213
1.332960
-0.253674
7.944642
9.071788
-2.525296
-8.061478
2.375060
8.980359
6.977924
-0.321751
-1.468590
-2.284887
7.409562
0.699893
-0.885067
-0.244979
7.523684
-0.694738
-1.829567
-0.683709
-3.054854
15.303071
7.265979
-8.111305
7.131002
7.281015
-6.134295
2.300696
7.417354
-2.553590
-0.726642
1.267911
1.910089
-0.839890
3.323761
-1.460139
6.709813
2.516108
7.665760
7.498346
-2.145101
-8.142037
2.450256
9.019886
-2.896614
6.899482
9.353470
-2.568627
2.010639
-1.698306
2.066348
1.759018
-2.591739
2.638749
-2.850136
-2.639989
-2.727086
2.158799
0.876058
-0.919720
8.990108
2.303611
2.587285
-0.879459
0.141897
-0.927295
2.181522
7.761225
-0.152649
7.390334
-0.244979
-0.927295
6.244743
1.048393
-2.306236
3.241261
-2.886410
-7.749105
-0.663203
2.181522
7.853982
-1.197809
15.674642
5.987744
-0.652847
-1.304544
2.268699
-0.699893
7.196093
-0.528074
0.825377
1.822486
-2.563691
-8.317629
-2.616797
-0.697903
0.090660
2.070143
7.009828
2.831890
7.154089
0.212938
5.835665
7.125127
-1.222025
1.485291
-1.993650
-0.652847
9.389079
-1.926432
7.468824
-8.001060
7.282644
9.275888
7.614750
-2.677945
-0.540420
-2.223643
-1.398606
-2.850136
2.845047
-8.152481
2.219792
1.595182
-0.497343
8.272206
8.019130
2.651635
-2.055274
2.756435
6.636176
0.085505
-2.655971
-0.099669
2.873226
-1.866237
2.753274
2.512796
