0.059466
-2.797567
-0.230408
-0.126513
0.103133
-0.316853
-0.229628
2.434410
-0.055187
-2.743895
-0.073993
-0.159176
-2.805365
-0.060025
0.152867
-2.839423
-0.246120
-2.359101
-0.225733
-0.110305
-0.226164
0.007437
0.052157
-0.107052
-2.650185
-2.876683
-2.793921
-2.749069
2.529413
-0.231128
-0.176627
-2.855500
-2.701587
0.038038
-0.070783
0.004505
-0.086664
-0.031927
-0.087174
2.676611
0.003247
-0.069630
-0.172007
-2.630499
-0.081179
2.652441
0.232577
-0.269085
2.449175
0.011406
0.018446
-2.628272
-0.095615
-2.836025
0.075527
-0.086420
-0.057540
0.058155
-2.701609
-0.338736
-0.087017
0.010493
-2.719070
-0.053948
-2.657404
0.118904
0.203731
-2.665313
-0.266665
-0.227826
0.109645
-0.158950
-0.003896
-2.658271
2.650122
-2.818369
0.295022
-0.230476
0.008026
-2.785372
0.025775
-0.078108
-0.047331
-2.707410
-2.776671
-0.280682
-0.140592
-2.886931
0.183919
0.190520
0.030298
-0.025889
0.054092
2.698939
0.008033
-0.038356
-0.043877
2.654217
-0.118500
-0.010669
-0.011609
-0.119357
-0.133162
-2.789155
0.077904
-2.846266
-0.230979
-0.057764
0.174239
-0.206154
-0.059553
-2.626967
-0.119254
-0.003660
-0.249554
-0.004646
-0.125108
2.672176
-0.059525
0.073972
-0.168435
2.579110
-2.842550
-0.270256
-2.692842
-0.011151
0.105598
-0.116036
-2.751497
-2.883096
-0.215153
-0.192716
0.074688
-0.130204
-0.292182
-3.055557
-2.678067
-2.714265
-0.337249
0.112513
0.066702
-0.144603
-0.333517
-2.666062
-0.169395
-0.070193
-0.038045
2.461088
-3.032234
-0.014503
-0.022503
-0.052334
0.282685
-2.769826
-2.772187
0.054234
-0.115988
-0.024586
-0.047056
-0.229885
-0.109809
-0.358962
-0.106420
-0.231715
0.158377
2.740909
-0.092043
-0.007845
-0.180033
-0.112099
-0.129016
-0.088205
-2.726647
-0.173754
-2.825968
0.058034
-0.022878
2.693945
0.185087
-0.160899
-0.054270
-0.271675
2.683994
0.127830
0.119878
-2.937107
0.088623
-0.052957
-2.687217
-0.048486
0.085286
0.014983
-0.078688
-2.602404
-0.073220
0.076744
-0.060337
0.036298
-0.357540
-0.089771
0.039245
-2.704404
0.042511
-2.800673
-0.034476
-0.086842
0.022792
-2.705018
-0.146538
-0.009995
0.095469
2.579908
-0.167527
0.096566
-0.029322
-2.791720
-0.105876
-0.156493
0.205157
-0.154288
0.027425
-0.000196
-0.038451
0.035253
-0.057732
0.032323
0.095077
-0.117038
-0.135150
-0.027629
-0.075961
-0.345092
-2.799947
-0.012702
-0.080697
-0.052590
0.022580
0.092788
2.660375
-0.109632
-2.773126
2.589291
-0.075387
-0.027042
-2.729090
-2.543752
-0.003660
-2.817664
-2.755141
-0.294375
0.026813
-2.694413
-0.193733
-0.318792
-0.081461
0.026122
0.034022
-0.096455
0.227588
-0.013498
-0.024375
-0.232084
-0.193300
-0.304792
3.130809
-0.041759
-0.161248
-0.236478
-0.045466
-2.823916
-2.748783
0.091719
-0.146439
-0.344897
0.063344
-0.206161
2.615686
0.099908
-0.096447
-2.655551
-0.000324
-2.776777
2.666937
-0.039502
-0.119748
-0.000139
-0.387683
-2.745406
0.130277
-0.187892
0.036577
0.291816
-0.049556
-2.826767
-0.290967
0.005018
-0.080593
-0.136229
0.041245
0.051819
0.075789
-0.106370
-0.046494
-2.917151
-0.088918
-0.298487
-0.162109
-0.111215
-0.235695
-0.132616
-0.052182
-0.265665
-0.116307
-0.006636
-2.774632
-0.063300
-0.046865
-0.086706
-0.162751
-0.073037
0.085923
-0.261380
-0.233397
-0.334566
2.388910
-0.237533
-2.753942
0.012410
-0.170984
-2.717548
-0.170385
-0.104480
-0.030907
-2.645177
0.088143
-0.136833
-2.676128
2.703793
-0.108020
-0.024209
2.718006
0.077799
-0.007026
-0.128441
-0.153555
0.097333
-2.629767
-0.273522
-0.248911
-2.625524
0.383404
-0.206622
-0.023847
0.052910
-2.581108
0.094002
-0.261862
-0.266557
0.159490
-0.229071
-0.073897
-0.019803
0.036024
-2.744238
0.116718
-0.009238
-0.217204
-0.120061
0.049914
-0.038088
-0.093992
0.108807
-0.079420
-2.823874
-0.238150
0.248339
-0.251659
-0.111952
-2.686854
0.075583
-0.151217
2.569219
-0.247294
-0.024708
0.035013
-0.287599
-0.415187
-0.156607
-0.156213
-0.206351
-2.840720
-0.067734
-2.779447
-0.027111
-0.200564
-0.021262
-0.044654
0.210358
-0.000601
-0.049338
-0.214020
-2.697365
-0.035621
0.053509
-0.082884
-2.759101
-0.141228
-0.060108
-0.081587
-0.430019
-0.033058
-0.294287
-0.047779
-0.021580
-0.205677
2.658390
0.126027
-2.701048
-2.759761
-0.043511
2.616380
-0.123495
-0.076242
-0.315942
-2.764659
-0.050912
-0.045303
0.051052
-0.076322
0.003911
-0.042312
0.437693
-0.112702
-0.080871
-0.277244
-2.588764
-0.051496
-0.308537
-2.636631
-2.721061
-0.353981
-2.684063
0.091328
0.087674
-0.216424
2.598860
2.701434
-0.231916
0.118526
-0.210184
-0.018869
-0.097222
-0.070149
-2.798227
0.042185
-0.163310
-0.318122
-2.879982
-0.208790
-0.017740
-2.653630
0.129630
-0.118367
0.065714
-0.172592
-0.032712
-0.184119
-0.162004
0.071127
-2.583998
-0.389816
-0.009485
-0.092481
-0.021030
-0.281893
0.113188
0.028324
-2.684521
-2.679870
-2.734352
-0.300460
-2.754309
-2.721417
-2.911123
-0.064806
-0.269450
0.035813
-0.281158
-0.199414
-0.082188
-0.184975
-2.752433
0.070573
-0.213669
-0.006551
-0.193601
0.049127
-0.064096
-3.031813
-2.893761
0.097933
0.010913
-0.051925
-0.144937
2.648020
-0.165009
-2.684806
-0.138685
-0.131470
-0.248254
2.628170
0.140635
-2.710879
0.047109
-2.692871
-0.118960
-0.297672
0.088632
-2.643997
0.391945
-0.030157
-0.121846
-0.213498
-2.712655
-0.374251
-0.047006
-0.210582
-0.196823
-2.917795
0.081719
0.068415
-0.147711
-2.770700
-0.282243
-2.810397
0.347267
-2.749202
-0.337366
2.640809
-0.090588
-0.003708
-0.003782
-0.072641
0.041143
-0.070293
-0.031742
0.034908
-0.035709
-0.115444
-0.324282
-0.000806
0.051186
-0.178294
-0.004648
-0.243067
-2.760936
-0.048202
-2.952346
-0.036887
-0.225457
-2.795612
-0.069368
-2.693613
-0.096827
-2.684064
-0.397848
-0.043015
0.091447
0.321285
-2.702355
2.552904
-0.168460
-0.118166
0.065997
0.167513
-2.611322
-2.793011
-0.158436
-0.210388
2.694964
-0.045493
-0.063855
0.038980
0.148384
-2.814554
2.660858
-0.206549
-0.322055
-0.024025
-0.027694
-0.086588
-0.057637
-0.198572
0.077989
0.160849
-0.042575
-0.157081
2.622267
-0.055812
-0.405838
0.025629
-0.543254
-0.141544
0.057741
-0.154002
0.064263
0.144069
2.612894
-0.057369
0.113371
-0.147362
-0.115791
0.126939
-0.292534
0.075631
2.575303
-0.046753
2.645756
-0.246062
0.084853
-0.056210
-2.983904
-2.729997
-2.730012
-2.737703
-0.318738
-2.768929
-0.176625
-0.010232
0.030633
-0.147247
-0.025076
-0.110997
-2.751512
-0.074232
2.526588
0.024527
2.633354
-0.102316
-0.313180
-0.059199
0.342931
0.048499
-2.689430
-0.058700
0.018488
0.169157
0.004016
-2.614433
-2.902050
0.021986
0.007576
-0.385770
0.013322
-0.039862
-2.866762
0.075507
0.030577
0.235587
-0.157475
0.072794
-0.004623
-0.161538
-0.031169
-2.854147
-2.708360
0.036752
-2.834943
-2.293037
-0.078098
0.001946
0.081537
-0.247433
-0.286051
-0.178597
0.061608
-0.103975
-0.040431
2.631859
-0.167259
-0.156627
0.031882
-0.261896
-0.129478
-0.154089
-0.074558
-0.017625
-0.008774
-0.136039
0.084119
