-0.021789
-0.246880
-0.021727
-0.445527
1.103757
-3.595101
-0.135076
-2.558643
-2.075386
0.015806
0.257617
2.714976
-0.144665
-0.638961
-0.012943
-0.204086
-0.477289
-0.600250
2.726167
0.102280
0.354543
-0.303458
-0.221695
-1.501024
0.990989
-0.782382
-1.787678
-1.254731
-1.578937
1.660007
0.174100
-0.199729
-1.452744
-0.332945
-0.119528
-2.647639
-0.535340
-0.070686
-0.032926
-2.917465
-0.187050
-3.020790
-0.826339
-1.441908
-2.918164
-0.363991
0.091042
-0.491245
0.126997
2.731963
-2.629397
-0.066378
-0.478831
-0.679456
0.004667
-0.002855
-0.023503
2.236747
-0.584242
-0.017439
0.003173
-2.749777
-2.743595
-0.509250
-3.083398
-0.878385
2.078588
0.045137
-0.157583
2.281483
-0.804978
0.732004
-0.346281
-0.499770
-0.126473
-0.092141
-2.629533
-0.931997
-3.206665
1.719026
-3.315410
-1.247965
0.026019
-1.264252
-0.102277
0.004243
0.074777
-0.902512
0.011458
0.283745
-1.394609
-0.007825
2.276681
0.476567
-0.207376
-2.602960
-2.003821
-1.090000
-0.143899
-1.904975
2.696200
-0.232446
-0.258317
-0.127044
-2.689238
0.042052
-2.847195
-0.004849
0.028831
0.032837
-2.948046
-0.012604
-0.135435
-4.629023
-1.959981
-0.294881
-0.087014
-1.745273
-0.731780
-0.140650
-0.029656
-0.103920
-2.811095
-0.644242
-0.941153
2.157282
-1.156457
-0.026812
2.007524
-0.197124
-0.124148
0.063072
2.540742
-2.714966
-2.620359
-0.639426
-0.040228
-3.173222
-2.135364
-0.023868
1.364063
-0.371102
-0.019508
-0.197978
-0.211190
-0.373764
2.796841
-2.142773
0.039705
-2.330711
2.162889
-0.246979
-0.045257
-0.528765
-0.933937
0.019836
-0.019693
-0.062172
-2.680380
-1.158489
0.135747
-0.116856
-0.023793
-0.038396
1.466778
-3.255232
-3.449906
-1.383683
-0.458509
-2.685493
-2.448804
-0.270587
0.334854
-0.410760
-2.772668
0.013932
2.178695
0.059271
-0.015914
2.391995
0.045542
0.010052
0.075521
-2.701646
-0.642339
-3.219312
-1.680049
-1.743162
-0.690251
-0.681129
-2.743824
-2.840705
-0.236093
-3.212793
-0.325470
-0.043672
-2.741924
1.053403
-0.243564
-0.547617
-2.088419
-2.750800
0.698527
-1.194959
-2.329930
-2.723843
-0.617808
-2.738817
-0.088087
0.003322
0.039839
0.175298
-0.032148
-0.251493
-0.214497
-0.098029
0.904077
2.620850
0.105538
-2.673689
-0.218033
-1.022541
-0.112102
0.042339
-2.777810
-0.204184
-1.367943
-3.143839
-0.391903
-0.271424
-1.141399
0.026871
-0.503353
-2.628039
-2.890979
-0.255757
-0.117944
-0.163887
-0.028607
0.349042
-2.691030
-2.268133
-2.780197
-0.500470
-0.802668
-0.047729
-2.753025
-0.287096
-0.104763
-0.217240
-0.175324
-0.198546
-1.037886
-0.054763
-3.580421
-0.005634
0.004594
-0.005788
0.182670
-2.724764
0.006788
-0.299687
-2.554507
-0.474168
-0.018239
2.620562
-0.482521
-2.853505
-3.430299
-0.552848
-0.177951
-2.938487
-0.205298
-2.660268
-3.423418
-0.161609
-0.234177
-2.316457
-0.649333
-0.390821
-0.174615
-3.370057
-1.557713
-0.269785
0.280251
-1.393862
0.149178
0.073393
-3.867706
-0.028351
0.031267
-2.773109
0.037542
-0.646379
3.741257
-1.141778
-0.286569
-0.013502
0.012056
0.091719
2.485395
0.091189
-0.197891
-0.140487
-2.676967
-0.059550
-1.693411
-0.167391
-2.723302
0.761644
1.920954
-0.404903
0.003257
-2.815665
-0.518712
-1.797554
-2.663335
-0.421304
0.495603
-0.143632
-1.208212
-0.099547
-0.057035
-0.619212
-0.083476
0.126207
-0.030592
-0.190008
2.704531
-0.049419
-1.513763
-0.363924
-2.728502
-0.261979
2.252919
-0.558023
0.980422
2.316238
-0.261180
0.067309
-1.192717
-2.012188
-0.147889
-1.863422
0.027619
-3.019168
-2.716542
-0.053078
-0.031385
0.074540
2.461243
0.037478
2.585353
-0.665197
0.076520
2.440714
-2.747047
-0.010788
-0.454879
-0.720374
-1.768445
-0.920322
1.867646
-0.198511
0.070536
-0.321943
-0.217655
0.039743
-0.032689
-2.728954
2.051035
-0.421362
2.778669
0.346756
-0.202172
-0.632976
-0.409793
-0.125955
2.632244
0.100863
2.477760
-0.142123
0.096508
-0.095421
-4.275975
-3.002077
0.076487
0.030363
-0.157233
0.062994
-0.926962
-0.049310
-0.337363
-3.666269
-1.372152
-2.677461
-2.714540
-0.221946
-0.325999
-0.082471
-0.055929
-1.284781
-2.703594
-3.721592
-0.221365
-0.140498
-2.754048
-0.048047
-3.349207
-0.167927
-0.558550
2.486784
-0.001689
-0.153054
2.621820
-2.766433
-3.122931
0.029679
-0.358698
2.059135
2.577575
-0.306370
-0.018426
-0.233771
-0.035765
-3.116613
-0.092132
-0.118972
-2.788801
0.113565
-0.053702
0.136710
-0.235742
2.680520
0.158961
-1.312306
-0.273273
-0.072830
-0.124032
0.960606
-2.721250
-0.135807
-0.088851
-0.277394
-3.957718
-0.163191
-2.812391
-2.762604
-0.524180
-0.094487
-1.194200
-3.282271
0.090869
-2.873271
1.828947
-2.728603
0.015359
0.069098
-0.125330
-0.868198
-1.802839
3.855081
-0.602368
-0.292869
0.129207
1.816771
0.408693
2.606250
-0.246070
-0.691944
0.307802
2.065370
-2.948123
-0.911545
-0.938397
-0.114986
-0.076917
-0.302415
0.188109
2.496365
-0.756060
-0.187485
0.265471
0.006247
-0.738549
-2.299612
-0.108426
0.245612
-0.007114
1.796033
2.692531
0.023396
-3.526921
0.285891
3.937068
-0.108336
-2.895382
1.496435
-3.400009
0.036923
0.066847
0.032585
2.012163
-1.589402
-2.874426
-0.408187
-0.067207
2.115593
-0.812929
-2.631968
0.673324
-3.159283
-0.265997
-3.236282
-0.416564
2.638442
-2.961118
-0.324240
-1.215267
-0.187301
0.012972
-0.209663
-2.695437
-0.184191
-0.896506
-3.455085
-0.282598
-0.208704
-3.639985
-3.861806
0.014828
-1.648572
-0.040987
-0.003681
-0.600770
2.612341
-2.745702
-0.607369
-1.261443
-0.069362
-0.107683
-2.698071
-1.927567
-3.080996
-1.497356
-3.782278
0.102260
-3.045647
0.060044
0.215815
-0.038643
-0.356549
-0.044738
-1.422293
-0.041278
-0.227898
3.598170
0.037508
-0.080604
-0.152816
-0.675054
-1.056622
0.078846
-0.058040
-0.446481
0.076580
-0.135419
-0.665377
2.636165
-0.497140
-0.095299
0.050914
-0.153070
-0.088141
-0.235154
-0.965902
-3.082069
-2.814425
-3.454944
-2.618819
-0.097578
-0.024921
-0.245490
0.051441
3.215972
-0.776695
-1.626203
2.361274
-0.011403
0.047723
-0.142788
-0.407116
-1.300640
-3.284035
-1.068689
-1.034336
-0.236426
-2.679916
-0.172121
-3.386847
1.016485
-0.048103
-0.921537
-0.062379
2.486305
-0.159682
0.374195
-2.751196
2.089759
-0.043027
-0.120568
-0.143049
-2.775704
-3.897393
-2.857835
-0.095394
-0.254788
-0.018430
-0.337362
-3.214136
1.279548
-4.046352
-2.779249
-0.533484
2.617738
-0.229991
-0.241303
-3.007044
-2.721011
-0.613431
1.406822
-0.178336
-0.070337
-1.334560
-0.077331
-2.846715
1.856024
-3.624802
2.662103
-0.198771
2.626110
0.290111
2.143230
0.065853
1.470963
-0.571192
-0.513083
-2.618935
2.663492
3.345981
-1.014351
-0.425568
-0.065601
0.034603
-3.269237
-0.086036
-0.002168
-0.042118
-0.122286
-3.773228
-0.502791
-3.397802
-0.005518
-2.905686
-2.684659
0.017072
-1.194402
-2.342147
-0.526754
-0.019674
-0.002011
-3.193216
0.106649
-0.160715
-1.097002
-3.740632
0.089196
-3.401192
-2.818804
1.708488
0.051958
-2.935351
-0.161609
-1.135563
-1.143034
-0.002367
-0.018200
-0.034024
-0.201870
-0.781417
