-0.211357
2.625374
-0.344633
-0.018424
-2.594413
-0.090437
0.060836
-2.639895
0.076542
-0.009479
-0.290264
-0.044789
-0.269981
0.072136
-2.733121
-0.086727
-0.245829
-0.198688
0.026610
2.485312
0.030508
-0.021122
-2.724978
-0.046388
-0.037219
-2.843588
-2.664699
2.626222
-0.100097
-0.041743
-2.646238
-0.153463
-2.597040
0.171823
0.145657
-2.584000
0.146445
0.025869
-0.212498
-2.795023
0.001276
-2.561116
2.506717
-2.648221
-0.074457
0.077180
0.319299
-0.273183
2.678013
-0.195894
0.088673
2.602757
2.667375
-2.896647
-0.306120
-0.310075
-0.223393
2.579829
-0.282566
-0.099838
-2.828016
-2.738720
-0.055787
-3.022723
0.167049
-0.016759
-0.332635
-2.536403
-0.269068
2.741624
-2.899841
-0.020843
0.113603
-0.152197
0.240786
-0.053253
-2.801206
-0.142008
0.010199
-0.308474
2.649619
-0.067262
-0.029539
-0.205882
-0.040123
-0.186625
2.695282
-0.278974
-0.188984
-2.892981
-0.331315
-2.712018
-2.392764
-2.735681
0.268147
0.012156
0.069993
-2.604511
-0.151375
2.683754
-0.073519
0.100500
-0.101709
-2.725309
-2.840992
-0.144545
-2.762910
0.143116
-0.032837
-0.109265
-2.759085
-2.896921
2.733709
-2.949717
2.508382
2.897583
-0.002397
-2.780489
-2.756861
0.013691
-0.052483
0.000493
-0.079226
0.124019
-0.183962
2.610977
0.040427
-0.310596
-2.657949
0.390989
0.012959
0.064126
0.255870
-0.230793
-0.026977
-0.089330
-0.231006
-2.920372
-2.813209
-0.240793
-0.155915
-0.287006
-0.187090
-0.243916
-0.030910
-0.140331
0.158077
-2.704362
-2.175761
-0.048270
-0.078005
-0.134305
0.016234
-0.080578
0.022272
-0.381249
0.047965
0.004265
-0.078539
-0.121499
-2.622304
-2.772553
0.036007
-0.283946
-0.172931
0.100111
-0.013150
-0.040506
-0.005877
2.658668
-2.864203
0.028677
-0.011462
-0.111430
-0.201502
-0.049900
0.047852
-2.821125
-2.946769
-0.227394
-2.768937
-2.743177
0.143277
0.037890
-0.090759
0.027958
2.674461
-2.725336
-2.650134
-0.277833
2.606993
0.066276
2.860027
2.590546
2.806887
-0.210397
-2.889061
-0.092200
2.674351
0.356377
-0.147143
-0.004697
-0.047469
-2.807605
-0.223041
-2.749078
-2.609061
0.021735
2.611608
-0.112051
-0.053425
0.097949
-2.903340
0.117612
-0.257804
-2.708310
-0.209678
-0.107048
0.207570
0.052475
-0.168608
0.058256
-0.275940
0.013983
-0.064023
-0.181511
-2.773560
-2.690754
0.003960
0.182565
-0.071085
2.639599
-2.679090
0.011890
-0.027612
-0.229768
0.103047
2.526129
-0.086470
0.033153
-0.267636
2.755254
2.625116
-0.190973
0.018392
-2.731596
-0.246613
-2.739056
0.019220
-0.080934
-2.707833
-0.027502
-2.809219
-2.797085
-0.197038
-0.110717
-0.197583
-0.103545
-2.858746
-0.006976
-2.251627
-0.144404
0.030908
0.179560
-0.062619
-2.604691
-0.165761
-0.159640
-0.091979
0.081928
-2.570640
-0.228911
0.023474
-0.187965
2.858090
-0.135123
-0.125947
-2.846678
-0.078037
-0.061149
-0.378331
-0.094382
-2.708087
-2.795602
0.039693
0.016814
0.096531
-0.066103
0.325705
0.034744
0.209093
3.019358
2.698773
-2.773892
0.125611
2.715482
-0.145338
-0.206417
-0.157245
-0.275317
-2.652673
-2.542662
-0.171944
-0.093456
-0.219497
-0.142270
0.106877
2.529500
0.158822
-2.506654
2.634581
-0.331057
0.123747
0.013197
-0.159036
-0.216423
-0.283846
2.593273
2.682491
-0.045631
0.062542
-2.638135
0.168386
-0.122029
-0.039097
0.024794
-0.169914
-2.637509
-0.184385
-2.755283
-2.705807
0.099721
-0.021071
0.021611
0.072881
0.308183
-2.958545
-2.638129
-0.015556
-2.771591
-0.102264
-3.072477
0.199487
2.794273
-0.009567
-0.180016
0.141019
-0.037005
0.087391
-0.192389
-2.430971
-0.063244
-0.069156
0.194623
-2.769449
2.655784
-0.120953
-2.650771
-2.828780
-0.266246
-2.792126
-2.688819
-0.149310
-0.311618
-0.205621
-2.711127
2.600379
0.075526
0.012753
-0.162264
0.000982
-2.296321
-0.287554
-2.709836
0.128741
0.023513
-0.358582
-0.242319
-2.596938
-0.150382
-2.554142
0.030208
0.040475
-2.662248
-0.056524
-0.072374
0.101914
-0.038662
-0.255048
-0.204553
-2.868223
-0.144868
-0.160079
-0.010475
-0.181769
-0.196663
-0.171023
-0.145992
0.034697
-0.107707
-0.070097
-0.103289
-0.132604
-0.170639
0.024032
0.097217
-0.150640
0.069121
0.125795
-0.105427
-2.911991
0.081558
-2.598532
-2.776911
0.206615
2.646846
-0.219161
0.045103
0.033699
-2.754987
0.141857
-0.328865
-0.004881
-2.772025
-2.814458
-2.642285
-0.082273
-0.056148
-0.087257
0.163144
-0.143835
-0.169312
-0.174352
-0.180371
0.156852
-2.816408
0.259256
0.063925
-0.168457
-0.183527
-0.054361
-2.579485
2.713906
-0.171595
2.682496
-2.772125
-2.693878
0.082362
-2.839293
-0.155970
0.115006
-0.101903
-0.011766
0.189925
0.123548
-2.681133
-0.297390
-0.287998
-2.832513
0.135259
-0.069805
-0.086121
2.697572
0.037196
-2.850367
2.707401
-0.120964
0.128870
-0.171052
-0.234429
0.003729
-0.246478
-2.542164
-2.795444
-0.019209
0.056095
0.029963
-0.297504
-0.199370
-0.039683
0.034973
-2.736881
-0.104001
-0.088485
-0.140214
-2.690674
0.011772
0.042585
2.723670
0.451122
-0.031973
-2.627833
-0.272077
-0.270788
-0.061967
0.181553
-0.180913
-0.160576
-2.731338
-0.131336
-0.024558
-3.158772
-0.177049
-0.345044
-0.065060
-0.044058
-0.179897
-2.774863
-0.020167
-0.270335
-0.042168
-2.774688
-0.167997
-0.048662
-0.086058
-0.163182
0.068125
0.012647
2.746427
0.059409
0.124359
0.046063
-0.130499
-0.225960
2.512176
0.060069
-2.803413
-2.631205
-0.243487
0.267120
0.293876
2.817206
-0.041945
-2.565694
0.122594
-0.105826
-0.197768
-0.235712
-0.104937
0.010796
2.683697
0.099744
-2.696146
-2.810054
-2.559195
0.116428
-0.050896
-0.093308
-0.228872
2.530404
0.062210
-0.163004
0.174199
-0.111068
2.462804
-0.298650
0.113132
-0.102524
0.063552
0.068286
-0.053040
-0.237656
-0.181261
-0.031945
2.744462
0.001648
-2.810096
-0.064489
0.031749
-2.768633
2.687333
2.572603
-0.022736
0.117115
0.095217
0.055160
0.056583
-0.073440
0.105483
-0.195285
0.254386
0.006011
-0.028653
-0.249777
-0.005536
0.043584
-0.364374
-0.003507
-0.063843
-0.092149
-2.768214
0.320279
0.194745
-2.632461
0.192565
-0.177173
-2.775172
-0.250236
0.030076
-0.211783
-2.852685
-0.272353
-0.291189
0.077409
0.107800
-0.109413
-0.152220
-0.003439
-2.608727
2.769593
0.060745
-0.074566
-0.090370
0.013281
-0.099568
-0.090635
-0.068632
2.770003
-2.628609
-0.142092
-2.782457
0.288924
-0.250215
-2.786144
-0.035114
-0.176638
0.080897
-0.024026
-2.819343
-0.011625
-0.087347
-2.776704
0.059991
0.109976
2.645516
-2.695723
-0.179192
0.104470
0.093193
-0.093609
-0.086775
-0.203618
0.021325
-2.331029
-0.332575
-0.096291
-0.137982
-0.033228
-0.147473
-2.832664
0.123411
-2.970430
2.690707
-0.182286
0.082414
-2.872210
-0.292256
0.164191
0.150336
0.010703
-2.709693
0.113980
2.647103
-0.163744
-2.718710
-0.128978
-0.097163
2.741257
2.646064
-2.700750
-0.164992
0.080912
-2.766072
-0.300713
-0.041401
-0.258029
-2.799843
-0.016064
-2.928598
0.114343
2.629490
-2.871386
-0.276785
0.015306
-0.037390
-0.047194
-2.700305
2.792338
-0.086026
-0.213950
