1.338628
-1.156426
-0.553184
-1.280840
-1.656814
0.215830
-0.967513
0.307941
-0.116090
2.198974
-0.135711
-0.229084
2.249655
-0.271186
1.949194
-2.144714
0.782158
0.118058
-1.818041
-1.729955
1.582135
-2.201303
2.014244
0.610983
-2.500365
-1.759746
1.079528
0.064769
-0.167274
-0.537194
0.572668
1.839692
1.150514
1.471302
-1.436943
1.855939
-0.587066
-0.947331
-0.523105
-0.729502
2.018805
1.061191
-0.017104
-0.664496
-0.747349
-0.127043
-2.293871
1.273941
1.128773
0.131270
0.699581
-2.030629
-0.108996
-1.512348
-1.775303
0.161374
-1.300500
-1.453011
0.229235
-1.629046
0.463028
-1.985437
-1.939133
0.151831
-0.459039
2.000516
-1.758455
0.801394
0.303812
-0.274340
-2.122258
2.219992
0.475838
2.723714
0.696370
0.203032
1.025751
-0.204604
1.442441
-1.038187
1.187430
-0.796546
-0.818447
-0.130684
0.308653
-1.288198
-1.567072
1.240362
0.175300
0.933009
-1.211722
-1.802932
0.877940
0.056099
1.942296
-0.330325
1.841166
1.575205
-0.884708
-0.194570
0.859110
0.660982
-1.118937
-2.071691
-2.149557
0.905014
-0.467979
0.593494
1.538548
-0.300318
-0.128847
-2.144804
-1.689454
0.227823
-2.172389
-2.060066
-0.928684
-0.959951
-0.891243
1.515149
0.708269
1.165786
-2.827779
-2.206307
1.983690
0.276644
-0.545764
0.224750
-1.482540
1.094162
0.492124
-1.353678
-2.000216
0.716232
-1.770712
1.460794
-2.100026
1.584362
-0.059751
1.537039
-1.966638
-2.041450
-0.420538
0.468119
-2.237033
1.291213
-2.234183
1.171912
-1.049553
-0.107373
0.874146
0.456833
-0.212584
-1.473900
-1.743387
0.729726
-1.468615
0.626908
-1.616816
2.184901
-1.969520
2.010385
0.498281
-1.317897
0.228920
1.417730
-1.775350
-1.675742
0.073608
0.235141
1.372160
-0.125302
-0.133881
-1.551633
1.799238
-0.141625
1.188173
0.935882
2.104452
2.561885
-1.694847
0.541831
0.782610
-0.447041
-1.004724
0.010852
0.334700
-0.567460
-1.247108
0.203050
-0.485263
-2.315512
0.090786
1.997120
1.056974
2.470461
-2.192544
0.698615
2.208231
-0.939640
2.250981
1.189361
1.025533
-1.726188
1.570142
1.424851
-2.515845
1.899432
1.971481
-0.895994
-0.100853
-0.799411
0.423120
-0.665673
1.565672
-2.244618
0.721932
1.188591
0.358374
0.942908
1.493980
-0.480170
-0.548807
-0.104299
0.013369
-2.040860
-1.637853
1.736177
1.251521
-1.622167
1.665503
-1.944720
1.241512
1.613981
2.217036
2.261893
-2.419617
1.669324
-1.918664
-0.109685
-2.072655
-1.881523
1.197368
1.847378
-0.084441
-0.888386
1.775181
-0.184187
0.237258
-2.029509
0.614659
-0.578305
-0.942158
-1.133909
0.691961
0.367047
0.678089
-2.337430
-1.293057
-1.253844
1.803885
2.036692
1.609799
0.145326
-0.428236
1.800334
-0.831460
-1.086195
0.288573
-2.062439
-0.922622
-0.675236
-0.366057
1.812434
0.145614
1.499966
1.801717
-2.136858
-2.344233
-0.715026
0.388287
-1.341795
0.182630
1.864334
2.864239
-0.011393
1.269770
-2.084641
-0.175245
-0.575993
1.135119
-2.348917
-1.279282
-0.763215
-0.756527
-1.386982
-1.914880
0.868317
-0.449865
0.094107
1.009948
0.270345
1.453897
1.854669
-0.878677
0.124275
0.950365
0.604389
-2.103917
-1.789405
-2.084670
1.786827
0.044381
1.936195
0.893714
0.062600
1.171336
-1.393969
-0.736526
0.077188
0.252609
-2.082906
2.604060
1.257024
-1.788914
0.264971
-2.402780
-2.292948
0.678546
1.204352
-2.255663
2.527085
1.918250
2.442847
2.547503
-0.513910
-0.510274
0.697504
0.458224
-1.501726
-0.364032
-1.129326
-0.527771
-1.978649
-1.781107
1.997161
1.622195
1.566037
0.686599
-0.372167
0.603707
-0.661865
2.795327
-2.236837
2.135897
2.782812
-2.052181
-0.094642
0.170416
2.255418
1.974125
1.821589
-0.652456
-0.400001
1.235780
0.845119
-0.060853
-1.707322
0.272890
-2.526809
2.220338
-0.896247
0.767378
-2.076486
1.739719
0.548911
1.699076
0.426826
0.925495
-1.966226
-0.746554
-1.642154
0.488097
0.512706
-1.452143
1.685260
1.693827
-2.195794
-0.273361
-2.045566
-1.684953
-2.354774
2.147368
1.372363
1.115564
-0.895191
-0.408722
2.517708
2.382404
-0.087719
-0.252826
-2.008779
0.931864
2.905060
-0.185217
0.504730
-2.022042
-1.383256
-2.297721
-1.758466
2.014732
0.747532
1.260822
-0.555376
0.401772
0.344543
1.073073
1.714025
0.975792
2.268127
1.223698
0.150932
-0.376472
2.878239
0.480235
-0.424201
-2.213104
2.169799
1.833731
-2.733917
-0.161122
2.770093
1.233252
-1.466970
-2.030208
-2.231600
-0.001273
-1.591131
2.141707
2.124374
-0.666427
0.890145
1.894284
0.654655
-1.446387
-0.068537
-1.938232
-0.613287
-1.944850
0.547589
2.522108
1.740242
-0.378879
-1.761777
-2.102304
-0.578409
0.306677
-1.529282
-0.021082
-1.189584
-0.295252
-0.944270
-1.085273
-2.170937
-0.526318
-2.416472
1.305440
1.759791
1.033938
-1.392639
-0.947486
-0.130538
2.005546
-0.295430
1.042245
1.950493
1.238930
-2.474180
1.816618
-0.466654
0.319133
-1.062643
-0.351681
2.322637
1.179609
0.983043
1.555154
0.515407
-0.151295
0.940186
0.828025
0.007731
0.007534
-1.669670
2.161545
0.640590
-0.126904
-0.126174
2.637273
-0.377998
1.227210
-0.475304
-0.390482
-1.297952
-0.380321
0.558450
0.651296
-1.197434
-1.989864
2.111754
-2.003237
-0.189628
-1.170421
0.658614
-1.620618
-2.355476
-1.534629
0.709197
-1.291606
-0.541029
-0.417249
-0.010012
-0.166533
0.214617
-1.266321
-2.152904
-0.097916
2.260085
1.648489
1.641339
0.797345
-0.719838
1.180707
-2.798027
-2.393221
0.469050
-2.560444
-0.805037
1.036374
1.588745
-2.437499
-1.895754
2.186931
-2.310249
-1.899183
-2.220156
0.986548
-1.527480
-0.333529
0.390326
1.056251
-0.074016
-0.958993
2.190665
1.340979
0.821250
-0.729976
-0.838704
-1.614633
0.410837
0.508864
2.368009
2.545985
-0.092537
-1.852622
-1.103529
0.515427
0.585448
-0.838558
0.501735
-2.439008
-0.676671
2.820189
0.159515
-0.308078
-1.448536
2.909899
-2.096352
-0.213809
-2.047546
-1.133459
0.554630
-0.587087
-1.239750
-0.207485
-1.940414
-1.948335
0.839622
2.914753
-2.063722
1.672666
-1.327065
0.515648
1.999146
0.494926
0.276162
-0.383509
0.372758
2.045711
-2.210927
-1.444926
-2.061061
1.411436
0.153932
1.000941
-1.428159
0.952702
-0.774095
-0.393467
0.221868
1.448006
0.737455
-2.062389
0.546830
-0.381667
0.634574
-0.273992
-0.510478
0.628968
0.805833
-2.236366
2.124682
0.582421
0.945060
-1.995200
-0.780209
1.563739
-1.847244
1.527957
1.733113
-2.339200
1.072165
0.854150
1.913785
1.224252
2.211435
0.245390
0.667003
-1.873228
1.531386
1.229817
-1.160215
0.737437
-0.326847
-1.913418
2.335727
0.761111
-2.155364
-1.072115
-0.195037
0.981170
-1.834094
-1.761902
-0.662802
-2.075678
1.048820
1.761620
-0.704079
0.617205
1.968494
1.012596
-1.121395
-0.105717
-2.041121
-1.808276
-2.094798
-1.469653
1.164862
0.385404
0.482821
0.888198
1.951260
1.526090
1.961883
0.849879
-1.315140
-0.380233
-0.368939
-0.230414
0.964500
-0.334652
-1.906197
-0.564722
0.763182
-0.235146
1.015534
0.739358
0.805258
-1.637076
1.173706
