1.023812
-2.024400
-2.100217
-1.497724
-0.019829
1.468676
0.571790
1.518272
0.035968
-0.457841
1.921717
-2.344331
1.929958
1.067850
-0.021092
3.006385
-0.034961
-2.250575
-0.515894
-0.702753
0.818319
1.020758
-0.377457
-0.036839
2.113621
-0.634643
1.017866
0.187931
2.312805
1.248606
2.103904
1.255325
-1.090549
-0.769003
1.155560
-2.136643
-0.028138
-1.268847
0.263447
-0.407422
1.837439
0.656645
0.381696
-1.964109
1.348412
-1.983276
1.902869
-1.667507
1.715044
-0.614140
2.010769
0.098102
0.113895
1.883056
2.223797
0.923724
0.090705
1.591277
1.279092
-0.613373
2.220867
-2.375123
-1.367973
0.667980
-1.253499
1.379683
1.446072
2.115150
-2.056622
0.923824
0.318394
2.514729
-2.172568
1.657686
-1.341220
2.130995
2.014053
-0.269648
2.265394
1.062943
-0.706276
1.673572
0.737117
-0.143422
-0.438559
1.581343
0.784630
-0.192632
2.170587
1.140899
-1.093689
-0.087505
0.934423
2.101633
1.916705
1.556600
-1.724684
2.287917
2.206492
1.840806
0.577272
-1.729889
1.450757
1.883430
-0.906959
1.182617
0.174929
-0.194393
-1.600109
-1.178729
-2.333127
-1.405692
1.639858
1.228391
1.062330
-1.799989
0.280330
1.212445
-2.240526
-1.728589
-1.460660
2.878996
2.098501
-0.434771
0.799807
2.192446
0.900044
-0.514351
0.823681
-2.253126
1.037968
0.791254
1.101496
-1.510384
1.103978
-1.869598
-1.077358
1.257822
-1.138650
0.426567
0.560145
-0.042677
0.512041
2.572758
1.791071
2.049275
0.097120
2.360252
0.751191
1.292995
1.292030
0.289898
-0.264581
0.055556
0.654654
1.003101
-0.670723
-0.367825
2.036851
-0.329109
-0.446158
1.441207
-0.280992
-1.874400
1.462076
-0.063299
-1.794191
-1.877292
2.232432
1.301299
1.060879
-1.606784
0.294832
-1.733404
-2.305163
1.078925
-0.884595
2.413194
2.160025
-0.288478
-0.073697
-1.411842
-1.400077
1.073766
-1.588429
-1.240197
-1.653243
0.025614
0.979513
0.766807
-1.887551
0.816134
-2.339052
0.901159
-1.830133
-0.193492
-0.143746
-0.286750
2.310983
-0.391441
0.319090
1.731433
0.284420
1.016670
-1.957552
2.325904
0.645595
0.891364
1.092308
-1.303130
1.485033
1.094692
-2.020261
0.600599
-2.198311
-0.337118
-0.867835
1.660957
0.857475
-1.992450
0.255513
-1.742307
-2.080602
1.761101
-1.489541
0.624518
-2.122948
1.178598
-1.601088
-1.263680
-0.493227
0.487904
-1.484088
-0.478026
0.215488
-1.893189
-2.271179
-1.340172
0.296946
-2.096462
-0.357506
-0.204008
0.259803
0.999188
0.966873
0.059828
-1.092209
-1.816220
0.823272
0.751954
-2.130049
-1.765214
-0.069066
1.018126
0.011984
-1.312738
-1.180160
2.326072
2.077659
-0.504135
0.092330
-1.476398
-0.206855
-0.225093
-0.289898
-1.771828
0.602980
-1.166344
-0.192668
1.792434
0.772581
2.135412
-0.739871
0.889085
0.305989
0.914141
0.620175
0.564893
-2.053682
0.058065
0.525651
-0.316850
1.098161
0.896292
-0.537033
-0.683510
-1.726544
-2.357988
-2.210876
2.080698
0.902355
-1.166617
0.814628
-1.883075
0.391906
-1.728665
0.699929
0.623803
-0.303191
-2.158418
-2.081560
0.700753
0.063217
2.284893
1.834762
-1.737440
-1.746861
1.918908
-0.273691
1.234725
1.174949
-0.240999
-1.851506
0.677225
2.097169
1.079131
-1.863398
1.966574
2.422686
0.015505
-0.486363
1.503883
-1.288797
2.167505
-2.134111
0.993686
0.099243
-0.267465
-1.772978
0.538929
-1.238771
0.932924
-2.115038
1.801409
-2.351342
2.323999
1.687646
0.576266
-0.695412
-0.992264
0.196446
2.107200
1.181676
1.411024
2.067496
-0.103956
-2.407772
-0.457547
0.871614
1.617918
0.375371
-0.497205
-1.983449
0.033250
-1.639346
-0.752743
-1.903111
0.624542
1.387764
2.201331
0.077699
-1.569539
2.924519
1.339624
2.975369
-1.719529
2.925447
-2.005532
0.135176
2.064968
0.596508
0.893215
0.847774
-0.796227
-1.289453
-0.321803
0.929577
2.779820
-1.972471
-2.006593
2.543283
-2.450238
-0.136674
-2.078479
-0.104667
-2.044456
1.207674
0.228652
-1.945571
-0.796346
-0.265617
0.843948
0.351879
0.766597
0.062254
-0.134385
1.169799
2.876437
-0.658875
1.930674
1.333320
0.062284
0.658662
2.392115
-1.059240
-1.557914
0.850453
-0.428856
-1.455179
-2.051743
-0.593205
1.935386
-0.684824
2.500613
1.020050
-1.531387
0.923561
-1.961943
2.428710
-1.925225
1.799376
2.149302
-0.435585
0.749912
1.492036
-2.308599
2.146630
-0.965488
0.665067
-0.215210
-0.743075
0.849112
-1.465142
-0.191142
1.315919
0.107445
-0.114939
0.206694
-1.042771
2.775347
-2.001975
1.464599
-0.519159
0.493467
1.165322
1.184074
-1.906650
1.622604
1.907049
-2.123812
2.845862
0.568921
-1.961847
2.023824
-2.150062
0.815229
-0.132166
1.152457
1.647446
-2.223681
1.247485
1.166888
0.014945
1.738715
0.512766
-0.849260
1.978782
0.727159
0.700200
2.317109
-2.413026
-1.324466
0.924715
1.317731
3.252737
-0.717222
-2.508546
0.696889
-1.714313
-2.403447
1.096648
2.182662
-1.787353
-1.612478
0.331139
-1.804116
-0.692898
-1.836945
-1.990412
1.122464
-1.124187
-0.213516
0.845328
-0.050578
1.375553
0.835681
-0.299229
-0.863699
0.722506
-1.004923
2.323810
2.453608
-2.023068
-2.137480
2.051727
0.827235
-1.823591
-1.946189
0.857896
1.135521
-1.272598
-2.186318
-0.288245
-1.774217
-1.778900
-1.675271
-1.486040
-0.880846
-1.493563
-0.038727
2.322670
0.937045
0.904358
-0.324712
-2.020024
1.972520
1.840772
0.529476
-0.364136
2.754963
2.026384
-1.862064
2.366720
1.713830
0.627732
0.839607
0.825430
-0.370763
-2.352505
0.866194
2.219856
1.060442
0.900946
-1.369037
-0.445262
1.141709
1.099284
1.218965
-1.544685
-1.761035
2.513318
0.112847
-0.534427
-1.658840
0.906815
0.900957
0.278025
-0.186682
-1.928911
0.826946
1.094923
1.943464
0.023427
-0.199247
1.844566
-0.079087
0.956166
2.887836
-1.468953
-0.188800
-1.083167
1.079849
0.969783
-1.743862
1.184140
2.252630
-0.952917
-0.895102
-0.328517
-2.241182
-1.266500
0.119141
2.835502
2.049650
0.702055
-2.082567
2.708135
-2.148280
-1.774339
-0.784616
-0.647273
2.365486
-1.584998
0.945718
1.062812
1.488672
1.531129
1.965639
-0.274153
1.362210
2.147408
-1.651430
0.124007
1.819943
-1.919311
2.385024
0.138975
2.379830
1.176106
-1.166820
-1.969397
-0.451259
1.039138
-0.816496
-1.125699
2.834156
-2.443358
1.078945
0.587694
2.718043
0.553774
-0.530021
-0.496635
-1.497830
-1.874396
1.978182
-0.471250
0.792745
2.287654
-0.108832
-2.341566
-1.504030
-0.247002
-1.672433
0.657983
1.852980
0.154265
2.229067
2.872662
-0.263705
1.334712
-0.104929
0.911982
-1.546673
0.224009
0.657566
2.883535
0.898898
-0.469838
-0.214014
0.742286
-1.830824
0.126754
-0.029019
-2.096978
-0.145217
-0.162521
-1.194603
-0.495605
-1.766344
1.424833
-0.226972
-2.009034
0.199371
-1.878567
2.018340
-2.077762
-2.107160
-1.011645
1.726947
-0.869918
-0.570816
0.342753
0.029615
0.510004
2.030837
-0.450114
-1.839975
-0.300363
0.936808
1.848673
0.414600
1.034413
0.711439
1.086732
1.788194
2.049567
1.698080
-2.084533
-2.440049
