-0.024643
-2.178433
2.204800
0.449418
-0.912050
2.545518
-2.187506
-1.323865
-0.455365
1.013950
-1.587668
2.016245
0.240375
-0.017937
-0.328434
-0.289784
0.064976
2.342838
0.907700
0.404568
-2.321079
-0.645045
-1.197250
0.946668
2.023013
0.244840
0.323324
1.854715
-0.078843
-0.369496
-0.523752
-0.525804
1.698259
0.521583
0.961594
1.044721
1.139722
2.270921
-1.112264
0.079921
1.610462
0.377361
1.266069
2.081388
-0.211220
-0.168461
-0.231110
-1.181351
2.200245
1.226268
-0.135651
0.546052
0.132672
-1.162562
-1.813301
1.679022
0.556568
0.470443
0.329135
2.762973
0.198032
-2.607147
1.407654
-0.431981
-2.862296
0.835425
-1.686607
2.190797
-1.597324
-1.786874
1.730589
-0.517928
1.846357
-0.264867
-1.366338
-1.941389
-1.332446
-0.364430
-1.089161
-0.904672
1.158216
0.938146
-1.027326
0.372677
0.363996
-0.191790
-2.113589
-0.247621
-1.791011
-0.674749
0.257552
0.206611
1.987646
2.142793
0.316116
-0.105757
0.308925
0.945538
2.211769
1.396446
1.588385
2.034576
0.489079
-1.051777
-0.101526
0.717924
0.982999
2.760218
-0.529893
1.036730
0.186797
-0.170839
-2.246467
2.153925
-2.172333
-0.255578
-2.051707
-0.616225
0.635980
0.828756
1.929943
-0.928423
-0.234233
-1.561126
2.087994
-0.242644
-1.283245
0.464071
1.108729
0.101738
-0.759371
2.501697
-0.426178
-1.451919
-2.001716
0.469203
-0.749129
1.432923
-1.621128
-1.647798
1.296177
0.911273
0.859055
-1.584770
-0.806108
0.615816
-1.967545
-0.933087
0.486048
-1.976254
0.264651
0.325239
-2.263453
0.923406
-0.857873
-0.032536
0.716213
-2.066361
1.201650
-0.210878
1.209568
-1.955775
0.640430
-1.763564
-0.072872
-2.257202
-0.170545
-1.781792
-0.131465
-0.199267
0.603760
0.618309
-1.587471
1.299312
0.541051
1.782217
1.093342
-1.789977
-2.352969
0.022345
2.515748
1.323154
2.283321
2.687232
-1.902829
0.976244
-0.557488
-0.318258
0.860089
-1.007983
-1.236597
0.175989
-1.111626
-1.570128
-1.671160
0.223498
0.857113
-1.740017
1.652788
0.756282
0.800910
2.020998
-0.428595
2.294463
1.019970
1.142742
1.541340
1.469744
-2.110046
-2.091740
1.994716
2.547999
-0.608660
-1.096211
-0.262611
0.667164
0.483811
-2.291858
0.515279
-0.753904
-0.181932
1.456225
0.025566
0.420649
0.247972
-0.054864
1.357739
-0.714812
-1.678019
0.603765
2.421690
1.140985
-0.387585
0.651339
-0.543194
0.710026
1.750189
1.026652
0.866788
1.925797
0.150350
3.219021
1.675352
-0.123951
-0.125441
-1.109056
-2.433426
-0.925676
2.881273
-1.832152
0.565529
1.801517
1.866436
1.365419
0.202303
-1.823966
2.952140
2.487986
2.070646
0.568742
0.441022
1.519046
2.606992
1.320127
1.087839
0.382667
-1.709937
0.403363
-0.151625
-2.229016
0.090465
0.446325
0.629255
-0.357396
-0.379571
-0.527197
2.179229
-1.781024
-2.299737
1.129256
1.138585
1.211209
2.351499
-0.057637
2.180958
-0.394986
0.354061
-2.140639
1.272490
-1.728620
-0.883565
2.044155
0.009066
-1.988782
-1.863941
2.321807
2.784164
0.206788
-1.863164
0.626092
-0.735527
0.684522
0.069614
-2.345073
-1.818979
-1.207020
0.419474
1.012960
-0.572113
-2.086864
1.558973
1.576149
0.749664
1.922762
0.178268
1.025586
-1.747782
-1.559689
0.856993
0.569250
-0.087648
-0.067853
-2.101442
-1.019122
0.886303
0.489383
0.736612
-0.045916
1.756758
-0.984833
2.957909
-1.752891
-0.294757
-2.477278
0.577067
2.243022
2.348426
-1.552844
-0.649747
-0.940449
1.122879
-0.152588
-0.249191
2.553204
2.847956
-1.243188
1.045418
0.439893
-1.333903
0.306444
-0.029625
-1.604866
-1.221169
-0.972098
-0.297954
1.926398
1.430525
1.049018
-0.357190
-1.413470
1.498379
0.806439
0.306580
1.809321
1.129715
-1.006552
0.708430
-2.423465
1.505212
2.420382
-1.200394
0.986998
-0.068843
-1.998040
2.073429
1.040068
-0.877672
0.543538
-0.967730
0.216592
0.444226
0.350433
2.179592
0.490861
-0.318393
-1.288264
0.177636
2.402798
-0.365492
-0.796629
-1.436210
0.028585
1.512141
1.299878
-2.023703
2.195218
0.439375
1.874881
2.414295
1.531820
0.545992
1.661096
-0.743784
-1.816551
0.211173
-0.101904
-2.207441
0.587416
-0.446727
2.131833
-1.130368
-1.621319
0.626566
0.259191
-1.454462
2.443245
2.062683
-1.649362
1.912675
0.083206
0.259556
2.695582
-1.175129
1.119765
-0.871433
-1.275527
1.920932
1.707264
0.966508
1.145796
-1.291894
0.945158
-1.852557
1.176711
-0.688540
0.940755
1.957905
0.221249
1.896633
1.324788
-2.059824
-1.522362
2.876533
0.069048
0.324651
0.610697
-1.738766
0.661268
-1.145474
0.512520
2.070480
-2.481282
1.935832
1.406194
2.589496
0.302995
-1.192756
0.552010
0.892216
1.890024
0.048664
-1.825658
0.309005
1.453360
-1.218312
1.704263
1.193655
0.048793
2.925586
-2.138296
-0.934813
0.287624
-0.661219
-1.797551
0.778065
-0.938226
-0.757022
1.630620
0.367807
0.690705
0.080099
2.233705
1.308183
1.028949
-1.791417
-1.243443
-1.900230
-0.311884
-2.061946
-2.113338
-1.540573
1.962329
3.048676
-0.671778
0.775907
-0.699051
-1.288920
0.186256
-0.225536
-0.572454
1.909715
2.464952
1.729033
2.049903
0.348746
2.240225
0.118636
-1.391267
-0.138798
0.177283
-1.325616
0.677523
-0.088511
0.886552
-1.103868
2.513848
-0.997033
-1.730682
-2.224363
1.109067
2.447505
0.629440
0.582498
-2.268158
0.402460
-1.710738
0.582916
2.638590
2.122418
0.695334
-1.314590
0.298508
2.561776
1.844483
2.324449
0.879634
0.355103
1.528104
0.026557
0.084543
-1.746966
1.256933
0.486343
-1.930004
0.473437
0.518697
-0.653852
2.119644
1.677223
-1.023669
-0.439263
0.944142
0.125641
1.178128
-2.854380
-1.161942
0.604820
1.824752
2.164880
-1.642049
-1.723627
0.669100
3.273587
1.016910
-0.474521
0.002903
0.360487
1.117628
-0.172713
1.570008
-0.011957
-1.818636
2.065154
-0.272686
0.230546
-0.488132
0.376508
0.037406
-0.507565
1.290607
0.385327
2.322952
2.277570
0.742890
0.047343
1.424993
1.202860
0.567310
-0.806189
0.480048
0.902841
-2.140866
1.142175
0.564236
1.078983
-0.331407
-0.832278
-0.062800
0.540901
1.168208
0.416125
-1.250617
-1.040809
0.515522
1.063163
-1.805560
-0.195331
0.724594
-0.903748
-1.875995
2.068062
-1.783057
-1.314310
-0.403304
0.436894
1.019455
-1.584621
1.639470
1.421648
-2.094256
0.279063
-0.277576
-2.319980
-0.170402
0.960635
0.460021
0.211724
1.377773
-1.372933
-1.253573
-2.035373
1.382061
0.236860
-2.167347
1.915200
-0.237067
0.200345
-0.639827
-2.075152
2.852133
0.844651
-0.403236
0.977542
2.194620
0.685410
2.858607
-1.243827
-1.138053
0.327326
-1.804378
-2.339184
0.939758
1.469937
0.952818
-1.701377
1.929794
-1.734302
0.352848
-0.468381
0.589768
1.434457
-1.776901
-0.144986
-0.368924
0.235593
2.436415
0.173144
-1.277443
0.102797
0.109688
2.576074
2.192335
-1.845031
-1.045591
-0.342963
-0.949764
0.619175
2.387885
-0.109122
-1.707435
-0.272829
1.411893
1.128761
-0.616430
1.499517
-2.493542
0.923428
2.458001
2.292641
0.411248
