-0.056942
0.440959
-0.375824
0.562834
-2.179495
0.894114
-0.584616
1.782989
0.984702
-0.234129
-1.405519
-1.899876
-0.246150
-0.005277
-0.261404
-0.536205
-0.214343
-0.585128
-2.044710
-0.042855
0.219702
-0.523206
-0.404752
0.630024
-2.133219
-0.680446
2.388120
-0.492490
1.732057
-2.100337
0.084858
-0.453927
1.232826
-0.502909
0.158887
2.282152
-0.641709
-0.168123
0.591721
1.849662
0.493443
1.896291
-0.224376
-0.175249
1.577445
-0.227317
-0.050168
0.041193
-0.112636
-3.205836
2.043692
-0.294108
-0.321924
-0.850033
0.509737
-0.193348
-0.188593
-1.825954
-0.685151
0.349285
-0.310271
1.753794
1.606199
-0.498102
1.391059
0.016286
-2.147764
-0.369657
-0.565915
-2.038206
-1.015842
-0.843418
-0.846971
-0.480458
0.291522
0.473861
1.931769
-0.389661
1.719722
-1.987275
1.170436
1.218743
-0.038085
-0.320994
-0.266946
-0.393128
0.426633
-0.225728
0.489615
-1.296811
-0.939904
-0.091619
-1.768978
-2.488177
-0.524696
1.907764
1.136586
1.274411
-0.430438
1.148995
-2.075950
-0.427118
-0.531193
0.496090
1.752171
-0.234899
1.643076
0.444894
0.580185
-0.303726
1.837382
0.628065
0.422602
2.448401
1.207533
0.525546
0.262616
1.100330
-0.674431
0.283163
-0.216575
-0.546550
0.937232
0.054717
0.271498
-1.853843
1.541538
0.391010
-2.092969
-0.335171
0.342726
-0.106490
-2.025568
1.918053
1.767817
-0.131394
0.007287
1.610166
1.844007
-0.223063
-2.113985
-0.315972
-0.323047
-0.579084
-0.477860
0.223121
-1.221089
0.458473
-0.089589
0.287000
-1.823682
-0.695427
0.133817
0.071781
0.792644
-0.052723
0.565045
-0.168464
1.921052
-0.676747
-0.065164
-0.241952
0.478331
-0.204445
-2.025481
0.799992
1.168744
2.125341
-0.334382
1.694547
0.205489
-0.307733
-2.255239
-0.409988
2.031133
-0.326619
-1.666111
0.016652
-0.165341
-2.048539
-0.231325
-0.479559
-0.074396
1.907794
0.078186
0.993003
1.204610
2.276033
0.672664
-0.713547
1.697211
1.737353
-0.598748
0.936585
-0.434057
0.274248
1.761239
-1.627806
-0.549450
-0.270494
0.881257
1.935041
-0.323051
1.159317
-0.052183
1.702352
-0.336838
1.970647
0.417570
-0.265562
0.013195
-0.067833
-0.115860
-0.673048
-0.481129
-0.360902
0.026063
-1.879787
-0.232251
2.171719
-0.475643
1.507414
0.497677
-0.349275
1.428220
-0.399698
1.831296
1.476650
-0.425174
-0.264061
1.295278
-0.219923
-0.790179
1.898908
1.707612
0.482085
-0.394797
0.555826
-0.191349
-1.282140
1.683062
0.050637
1.904918
-0.367681
1.585569
-0.519615
2.021639
-0.277094
-0.031027
0.423577
-0.192084
0.598949
-0.579398
-0.511255
1.074958
-0.616222
-0.020157
0.092501
0.012039
1.985362
-0.072460
-0.451160
1.754430
-0.635923
-0.086120
-1.896076
-0.633766
2.009630
1.014627
-0.805760
-0.549392
0.938997
-0.748734
1.784341
1.016053
0.317677
0.457510
0.000539
-0.738345
-0.425097
-0.572412
1.404200
1.110892
-0.567961
-1.319148
-0.900305
-0.131256
-0.130650
0.710508
-0.291465
-0.159712
1.797111
0.109245
0.514345
-1.582055
-0.054392
-0.177647
-0.288689
-0.357084
-0.073229
-1.985572
-0.216183
-0.441032
-0.567623
1.705633
0.314346
1.062927
-0.218072
1.585336
-0.805300
0.098822
-0.511619
0.456111
1.726992
0.312668
1.242490
1.833660
0.074793
-1.703583
-0.452451
-0.802157
-0.062793
0.717578
0.220263
0.408347
-0.039667
-0.207525
0.269106
-1.999273
0.465553
1.372088
0.014322
1.784122
-0.562687
-1.711909
-0.553378
-0.236488
-2.216226
-0.516988
-0.304308
1.187012
1.306092
0.278039
1.329864
-0.118737
1.674144
2.110173
0.395767
0.518760
0.489816
-1.617161
-0.007043
-2.020600
-0.581999
0.416155
-2.014030
1.778366
-0.361065
-0.307387
0.022376
0.984376
1.347337
-1.937524
-0.613446
-0.352718
-0.627717
-0.126058
0.504149
-0.357591
1.693508
-1.687234
-0.404082
-1.889140
-1.354355
-0.542755
-0.538427
-0.312673
-0.568164
-1.988337
-0.119911
-2.066386
-0.568425
-0.184193
0.614662
2.782947
0.902982
-0.127223
-0.353434
-0.428406
-0.184171
1.222644
-0.149106
-0.307555
2.850204
1.007285
1.996732
1.709911
-0.331276
-0.499159
0.449245
0.079332
-0.349279
1.677519
2.903732
0.319473
-0.212904
1.589957
0.510112
0.800417
-0.400978
-0.674352
-2.123411
-0.008014
0.410271
-2.079324
1.557953
0.751404
-0.106878
-0.372310
-2.177963
-2.075806
-0.377482
-0.308311
-0.482082
-0.346245
1.764548
-0.331541
-0.655598
1.813631
0.031828
0.346565
0.170650
-0.486300
-1.966360
-0.047168
0.248820
-0.470257
0.412973
0.340364
-1.427915
2.111509
0.398175
-0.401815
-0.609654
3.027874
0.248019
1.682318
1.424860
-0.263719
-0.273283
0.249995
0.981876
-0.169740
0.882359
-1.850856
1.831481
-0.263932
0.077448
-0.616569
-0.979683
2.222370
-2.735135
-0.716610
-0.763829
0.204262
-1.253878
-1.284169
-1.787080
-0.561610
-0.086113
-1.306985
-2.312115
1.373561
-0.693564
0.064281
0.281659
0.614759
0.492105
-0.107040
-1.048988
0.118094
-0.482205
-1.638725
-0.063041
-0.707050
-0.127706
-0.191188
-1.341351
-0.301029
-2.173173
-2.072445
-0.212361
0.758276
-1.365147
-2.193279
-0.396400
1.627690
0.372652
0.909046
-0.213477
0.613177
-0.279876
-2.232171
-1.117950
2.143783
-0.427147
0.238655
-1.708698
-0.583128
1.874820
-1.823094
0.940095
-0.619523
0.989676
-0.662845
-1.953948
1.583727
0.314567
-0.948671
-0.406615
0.593588
-0.472687
1.746883
-0.690321
-0.743004
0.977028
0.448818
-0.558938
1.379028
0.893457
-0.010373
0.999038
-0.157553
-0.521452
-0.304059
-2.112394
1.763403
0.157476
-1.087646
-0.201552
-0.411887
1.745321
1.248401
0.955556
-1.023146
1.026824
-0.228758
1.304001
-0.031657
-1.407580
0.045723
-0.333436
0.395452
2.034606
-0.120634
-0.399768
-1.725214
-0.342559
0.260635
0.218093
-0.523264
-0.962662
-0.110877
-0.063826
0.174210
-0.213101
0.537948
1.546837
-2.084763
-0.328089
-0.126338
0.550004
-0.472526
0.549175
-0.548481
0.031174
1.498798
1.630595
0.818132
1.763770
-0.077251
-0.238841
-0.519992
0.028520
-1.161599
-0.317410
2.398886
-1.601348
-0.089020
-0.273981
-0.483239
-0.078798
1.298784
1.443439
-0.101571
1.423262
-0.588433
1.840320
-0.351620
0.786420
-1.292956
-0.427431
1.422868
0.664531
-2.024736
0.392232
-1.398170
1.690315
-2.115058
-0.268301
0.607850
0.326006
1.867973
2.309801
1.021361
0.888139
-0.284141
0.554939
-0.335619
0.885378
-0.720561
0.901563
2.025463
-0.725772
-1.933458
-0.649293
0.333713
1.708428
1.664492
-0.712658
-2.335448
0.598000
0.562830
1.138373
-0.168226
1.629394
-1.959033
2.882625
-1.883288
-0.179499
-2.033992
-1.460662
-1.903842
-0.189408
0.894370
-0.648970
-0.022195
1.797043
-2.119032
-2.438384
1.344168
0.282080
0.612592
0.534502
0.728152
-0.363313
-0.206278
-0.390752
0.344933
2.875716
-0.755661
3.906810
0.014526
1.713642
1.740119
-0.174951
1.258657
-0.077837
0.181597
-0.337134
-0.000655
0.867960
-0.211935
0.308873
-0.507157
0.688556
-0.224845
2.994090
1.731636
-1.422016
-0.104875
2.057003
0.453487
-0.116883
1.317828
0.432706
-0.233162
-0.293188
-0.551842
-0.830243
