-0.018912
1.928089
0.457523
-1.014759
0.413938
0.011976
2.266340
0.053320
1.870105
-0.542976
-0.015779
0.016871
-0.588650
1.694298
-0.503953
0.694413
0.096588
0.000921
0.745127
0.508754
1.927895
0.566884
-0.330199
0.072877
0.627862
0.402298
-0.300564
0.014408
0.028247
1.803563
-1.922982
-0.445390
-0.138509
1.327654
0.509007
-0.556689
0.214211
0.384279
1.859990
2.078751
-0.144220
-0.292835
0.083902
1.836463
1.766252
1.719279
0.824660
-1.983066
-0.272413
-0.130774
-0.219341
0.553217
0.494713
0.371937
0.363286
-0.103190
1.911247
0.342752
-1.674422
0.463332
0.344066
0.742068
0.624270
3.182854
1.933856
-0.240414
0.448886
-0.258993
-1.670370
0.304069
0.573704
-0.602810
1.533977
0.924509
1.472107
-0.186128
-0.017301
0.107934
-0.451142
0.156726
-0.336669
1.823304
1.828607
0.602216
0.347281
0.557254
-1.149941
-0.088694
-0.073533
1.556817
0.287173
0.496885
-0.304756
0.013995
-0.496282
1.639850
-0.145218
1.397509
1.872806
0.077754
-1.890363
-1.398164
0.190489
0.655560
0.509564
-0.375273
1.785048
-0.129522
-0.434744
1.758984
0.509135
0.582213
0.665432
0.077859
0.502413
0.816303
0.455670
0.365806
1.693508
-0.180201
-0.128992
-0.356906
0.439967
0.656539
-0.357423
-0.050608
1.613198
-1.577121
1.133309
-0.258508
-0.143398
0.246727
0.540822
-0.225013
0.415119
-0.378935
0.593221
-0.476299
0.018490
-0.266100
0.909845
0.871581
-1.532096
0.299587
0.570942
0.247159
0.548862
-2.083680
1.988582
-0.077955
1.522893
-0.176750
1.871590
1.100612
0.410274
-0.251698
-0.599333
0.275601
0.587365
-0.597379
0.545036
-0.350471
-0.262846
1.980441
1.618972
-0.401318
0.804466
0.425097
0.133578
-0.090227
-0.477986
0.150404
0.417655
0.555188
-0.493924
0.299485
-0.188735
-0.302762
-0.356658
-0.636968
0.482264
0.052562
-0.285678
0.180148
1.797526
0.048052
-1.622796
1.802345
0.310002
-0.063400
0.363429
0.873166
1.634669
1.206056
-0.251625
-0.729447
0.565300
0.091287
-0.395809
0.312965
-0.590600
0.010332
-2.022314
0.845831
-0.521620
0.078660
0.574990
1.158467
-0.588857
0.220001
0.168112
1.734506
0.052754
1.774735
1.499642
0.510998
-0.269203
-2.075763
-0.081231
-0.069861
-0.435003
1.701782
1.898517
1.650086
1.654517
0.806322
0.353242
-0.438646
-0.257704
0.566523
1.578349
0.521228
-0.373614
0.168763
-0.389083
1.455714
0.601063
-0.538699
0.474984
1.643586
0.964405
0.522629
-2.038875
1.653692
0.314986
0.278963
-0.167863
0.025737
-0.053073
0.603326
-1.441963
1.477678
1.847691
0.268576
-0.051478
0.062010
-1.420966
0.476582
0.380198
0.283633
-0.527304
1.293349
0.153491
-0.025411
1.613525
1.423197
0.717655
0.286785
-0.014392
1.022347
1.866854
0.333515
1.647179
1.361144
0.150332
-0.486809
-0.494216
0.916252
2.104832
1.811091
-0.060401
0.380856
-1.616240
-0.542886
0.888505
-0.082307
-0.028623
1.010645
0.340273
1.762579
-0.299696
0.590892
0.378158
2.042193
1.932218
-0.766863
0.832566
-1.963470
1.850067
0.142980
-0.323672
-0.139618
-0.368091
-0.449890
2.103624
0.264607
1.485314
-1.460890
0.528328
0.421145
0.590037
-0.461566
0.062040
-0.281898
0.027389
0.193201
-0.370730
-1.060948
1.718773
1.630709
0.290839
0.692296
0.932720
-0.350879
0.385280
-1.650145
0.613964
0.604273
-0.171018
1.749701
0.848336
-0.703477
1.474725
-0.695537
1.037532
0.435640
1.742522
3.734806
-0.208107
0.328484
1.754450
0.300813
1.450850
0.506414
0.684032
1.379339
-0.205181
1.244406
-0.015922
1.465210
-0.159498
1.926936
0.953099
1.002481
-0.607381
0.900328
0.496192
-0.043826
-0.019767
-0.565070
-0.167588
-0.104121
0.329173
1.752783
2.362130
-1.893686
0.003605
0.847003
-0.157887
0.639267
-0.427327
0.290171
-0.238467
0.508882
-0.549093
0.020248
-0.462029
0.074460
-0.023092
0.428938
1.802835
0.667423
0.077703
-0.269862
0.298064
-0.145755
1.472331
-0.628151
1.893692
0.513288
0.605863
0.796723
-0.626366
-0.394434
-0.365153
1.842169
1.856467
-0.667842
-0.658724
1.703366
0.234347
0.596409
0.009067
0.888810
0.240169
-0.229310
0.702106
2.849910
0.586634
0.440094
1.512185
1.606197
-2.034106
1.754830
-0.196040
0.048829
-0.008271
1.732029
-0.241790
-0.654835
-2.104314
-1.657805
1.630688
0.874902
-0.080882
1.698888
0.678725
-0.591577
-0.547352
0.452565
0.093676
0.868238
-0.325430
0.455976
0.524475
0.638366
-0.048201
0.307968
-0.441364
-0.640728
1.853364
-1.777095
-0.434670
-0.192191
0.529560
3.128562
0.459311
0.075576
0.652374
-0.158004
-0.623089
1.634762
0.039473
0.724851
0.514093
2.199862
-0.172041
-0.992140
1.579361
0.266291
0.158496
0.348329
0.197646
0.499534
0.324132
0.694785
-0.402885
-0.308546
-0.284247
0.511312
0.201739
-0.063573
-0.375231
1.761177
-1.958290
-0.297244
-0.385862
0.760573
-0.105573
1.837992
0.254517
2.089863
1.629430
-0.480818
-0.335939
-0.229363
-0.473414
-0.194004
2.105176
-0.292571
-0.318928
-0.135094
0.033130
0.363320
-0.297465
-1.437848
1.748845
-0.036831
0.931663
1.875801
-0.186457
0.067655
0.069182
0.631817
0.065545
-0.289709
-1.355143
0.307086
0.916998
-0.239514
0.496126
-0.058651
0.277435
-0.232342
0.325039
0.599084
0.377395
-0.132908
0.593197
1.482658
0.416820
1.891923
-0.023196
0.485122
0.297626
0.493809
2.477195
-0.595686
-0.445947
-0.508009
-0.120748
0.379162
-0.133818
0.469690
2.075577
-0.135644
0.618125
1.864870
-0.111135
-0.416396
0.581633
0.445155
-0.578410
2.179551
-0.722634
0.542173
-0.278763
0.254617
1.991168
-0.012474
-1.954316
1.691637
2.172866
-0.567011
-2.137112
-1.904739
0.441212
1.824835
0.451809
0.408167
-0.132533
-0.543314
-0.711136
1.763659
0.530375
1.063503
-0.155886
-0.139483
0.469173
-0.172297
0.655604
1.781686
0.945815
2.174440
-0.001978
0.496743
1.026298
0.747393
1.736953
0.480700
0.644864
-0.096302
2.171221
-1.103474
1.853099
0.463152
0.436532
1.449139
0.875750
0.383517
1.550623
0.213624
0.553995
-0.517889
1.541422
-0.162960
2.014339
-1.622647
-0.547828
0.789316
0.317202
0.557984
-2.113681
0.229369
-0.243718
0.600390
-0.281320
0.232918
1.614455
0.104739
-0.273049
-0.317937
0.731962
-0.218373
0.281895
-0.183225
0.102666
1.748216
-0.239470
0.237842
0.929804
1.321574
1.531486
-0.321284
2.329122
1.721240
-0.431020
0.978222
1.262884
-0.370590
0.641916
-0.117655
1.465107
-0.162762
-0.392149
-0.598370
0.346668
1.452353
0.466166
-0.462678
-0.315705
1.966660
1.546676
0.187009
0.672144
-0.236396
1.464869
0.660661
0.747346
0.027868
-1.994691
0.815073
0.347783
2.131188
0.540410
-1.958163
-0.480906
1.884662
-0.247025
-0.511438
0.194782
0.277278
0.343021
0.844983
-0.826290
0.548792
-0.839782
1.849629
0.138510
0.141349
-0.328709
-0.407045
-0.367090
-0.654247
-0.068404
0.356165
0.437087
0.250134
0.235003
-0.228965
0.070490
0.544158
1.709323
-0.191073
1.670355
-1.948136
1.464103
-0.232571
0.448413
-1.980431
