-1.801887
2.950408
2.609869
1.418147
0.665969
-1.904041
3.110353
-2.137526
0.544864
1.325818
-2.381830
2.601173
-2.158799
-1.317122
0.096474
3.141593
0.000000
2.902361
0.946773
-3.002953
-1.078987
-1.172274
0.896055
0.507099
-2.471071
0.668289
-1.729452
3.141593
-2.792822
-2.067219
-2.914794
-1.287002
1.373401
1.712693
-1.282741
2.446854
0.118490
1.670465
-0.643501
0.950547
-2.293776
-0.912908
-0.449760
2.297439
-1.600200
2.231839
-2.333976
2.050316
-2.089942
1.138389
-2.419938
0.588003
0.000000
-2.293776
-2.170847
-0.588003
0.408908
-2.007423
-1.339706
-3.075024
-2.577023
3.082837
1.661456
-0.844154
1.570796
-2.111216
-2.129396
-2.594804
2.677945
-1.647568
0.558599
-2.922924
2.579671
-1.951303
1.279340
-2.662073
-2.333976
0.708626
-2.226492
-1.570796
0.915101
-1.929567
2.830594
0.076772
0.540420
-1.570796
-0.501604
0.000000
-2.701750
-1.768192
1.741532
0.649870
-1.107149
-2.459276
-2.459276
-1.833791
1.989021
-2.976444
-2.601173
-2.214297
-0.674741
2.111216
-1.672485
-2.185459
1.259798
-1.438245
-0.235545
0.785398
1.892547
1.190290
2.772259
1.612439
-1.801887
-1.849096
-1.712693
2.102520
-0.432408
-1.412141
2.709185
1.933341
1.708802
3.026716
-2.567288
1.359703
-0.972377
-2.517570
-1.136126
0.099669
-0.558599
2.746802
-1.750650
-0.729900
-1.730709
1.768192
-1.152572
2.432966
1.780436
-2.018316
1.396124
-0.404892
-3.082837
0.251003
-0.661043
-2.870646
-2.334921
-2.312744
-0.158655
-2.729182
-0.837981
-1.989021
-1.876675
-0.274167
0.750929
0.414507
-0.620249
-0.648996
0.837981
0.362544
-2.356194
0.226799
0.942000
-2.201876
0.312042
2.194819
-2.432966
0.066568
2.060754
2.286540
-2.802300
-2.173084
-1.727398
1.815775
-0.982794
2.214297
2.727086
-1.281821
1.455920
-2.761086
-2.510513
-0.321751
0.119429
1.051650
1.989021
-1.138389
2.191046
1.633215
1.969319
0.533708
-1.760785
-0.735440
2.229602
-0.880350
2.649783
-0.968509
2.466852
0.722979
-0.066568
0.422854
-2.690140
0.476467
-0.401871
-2.084402
-0.486899
3.089010
2.774419
-2.699218
-0.785398
-1.107149
-1.325818
1.869295
-2.170847
-1.331565
2.403778
-0.741947
2.622447
0.244979
1.190290
-1.501940
-0.812419
2.490516
-0.531724
2.096863
2.609869
-2.446854
1.623379
-0.257324
2.544416
2.927532
2.073640
1.980924
1.046001
0.000000
1.945130
0.564569
-0.305879
2.143762
3.064821
1.570796
-3.067654
2.396173
0.885067
0.218669
-0.244979
-1.182478
-0.741947
-0.493941
1.504228
2.399645
-1.071450
-0.945311
2.544416
2.236766
0.000000
-1.208252
0.000000
1.768192
1.862253
-2.992703
-2.607884
0.528074
-0.309703
1.849096
0.825377
0.718830
0.418224
1.983207
3.038511
1.259798
0.174672
-2.178598
-0.847817
-2.593043
0.785398
-0.526066
-0.207496
-1.892547
-0.737815
-0.073041
2.414950
-0.165149
-3.081061
0.982794
-1.695151
-1.128422
1.012197
1.523213
2.170847
-3.089010
2.601173
-2.265535
-1.282741
0.902507
2.863293
2.330559
-0.086738
2.782822
2.934096
-0.224711
0.605545
2.706922
2.372066
-0.260602
-1.039072
-2.690931
-2.356194
2.275290
2.085248
-2.259721
0.927295
-1.418147
-2.045196
1.203622
2.122451
-0.982794
-2.521343
-1.735945
2.399645
-2.446854
-2.976444
0.000000
1.025141
-1.792878
1.653938
-2.667741
3.141593
-0.588003
-0.051237
0.694738
2.077895
2.944197
1.359703
-1.152572
2.356194
-1.614247
2.221873
-2.706922
-1.941688
3.004526
1.907471
1.275355
0.000000
-2.547379
-1.279340
-1.637364
-2.660705
-0.037020
2.677945
0.436627
-1.661456
-2.441700
-0.358771
0.922464
2.310771
-0.191184
1.881795
1.315614
2.279423
3.141593
-1.536327
-2.601173
-0.096474
1.756144
-2.961739
-1.390943
-3.017238
2.129396
-3.030935
2.286540
0.000000
-2.425849
-0.499347
-1.183921
-1.071450
1.535097
0.927295
0.463648
-1.176005
-2.767259
2.158799
2.356194
-2.835714
2.961739
0.694738
2.308611
0.636508
2.314552
-1.249046
-0.504166
2.334921
0.577902
0.380506
-1.527345
0.000000
-1.147942
0.577902
0.605545
-1.203622
-3.030935
1.126377
-2.323948
-2.303611
0.607802
-0.595410
-2.927532
1.141034
2.034444
-0.785398
0.386876
1.961403
2.498092
0.974597
-2.316216
1.446441
-2.964884
-1.337053
1.892547
-3.087591
2.414950
-2.938547
2.125104
-2.166206
-2.907849
0.999459
-1.025141
-1.750650
2.709185
-2.607884
1.205595
-0.291457
0.244979
0.439843
-1.570796
1.997424
0.702257
-1.292497
-0.106736
0.236849
-0.025635
1.825979
2.914794
2.442933
-2.055274
1.076855
-0.372988
-1.446441
-1.467715
2.187093
-1.892547
-2.412738
3.041924
3.023103
-0.507099
2.308611
-2.482787
2.441700
-1.363300
0.223477
-1.318242
-1.997424
2.731465
-2.034444
-1.396124
-0.110657
-2.047264
-0.588003
1.234122
-1.825979
3.079174
-0.244979
-2.723368
2.976444
1.398606
-1.138389
-1.712693
-2.922924
1.373401
2.869447
-0.934288
1.922241
2.723368
-1.355439
-2.567288
2.060754
1.901094
-0.307046
2.034444
1.107149
1.992216
2.516108
-1.373401
1.325818
0.726642
-1.687905
0.034469
-1.543026
-0.624023
0.489957
1.570796
3.017238
1.343997
-2.356194
-2.782822
2.399645
2.714965
-2.402316
-1.016489
2.119346
2.446854
-0.945311
-1.463106
1.570796
2.723368
0.278300
2.214297
2.117585
1.963854
1.570796
1.279340
1.691420
0.165149
-2.838708
-1.120135
-1.083897
0.785398
2.316216
-2.432966
-2.245537
-0.712358
-0.165149
-3.050933
-1.828120
2.220667
-2.770701
-1.965587
-0.674741
-1.060308
-1.373401
1.012197
2.819842
-1.414194
-2.677945
-0.960070
-0.904827
1.664273
0.965252
-1.438245
-1.923787
-1.533776
1.797595
2.131483
-3.017238
-0.148890
1.199905
1.899846
-1.107149
-1.094329
-0.226799
0.295441
2.601173
-1.082462
3.009041
-2.158799
2.961739
0.135528
-2.179486
0.610726
-1.626295
-2.884269
1.570796
0.636508
1.570796
-1.212026
-3.064821
1.907471
-2.013171
-2.461071
1.460139
1.168926
1.134169
2.568627
1.799293
0.000000
-3.041924
-2.453921
3.061763
2.677945
-2.914794
2.582993
2.226492
1.001483
1.231504
-2.677945
2.034444
-1.155304
-1.249046
-1.703348
-1.837048
-2.284887
0.226799
-1.892547
-2.642246
1.989021
-0.137066
-2.245537
2.399645
-3.006065
-0.310998
-2.779048
-1.467715
1.520838
2.498092
0.286051
-1.762844
1.768192
1.837048
-3.086094
2.852617
-0.737815
-1.046001
-2.582993
3.058451
0.888480
0.463648
2.214297
2.927532
-2.455863
0.726642
-1.518213
-2.727086
0.124355
2.782822
1.843805
0.244979
2.094075
-0.849141
-2.169215
0.108271
-2.622447
-2.782822
0.296546
-2.007423
-0.197396
-1.073454
1.781890
-0.159913
-0.655696
-2.976444
-0.624023
1.086318
0.412410
-0.901157
2.377468
-0.170735
0.493941
2.613518
0.870903
0.694738
1.297788
1.480136
2.051684
-1.822486
0.956133
2.477546
-0.099669
2.194819
-2.492597
2.961739
2.275290
1.292497
-2.053310
1.677532
0.574305
-0.528074
-0.218669
-0.499347
-2.410686
0.965252
2.214297
0.900275
-1.539556
-2.045196
-0.610726
-1.063698
-0.741947
2.714965
-2.010639
-2.530867
-2.024135
2.574863
2.984991
