2.976444
-1.951303
-2.744513
-0.179853
1.051650
0.281772
-0.862170
0.655696
-0.030294
0.491809
-2.219792
-0.588003
-2.203545
-0.950547
1.083897
2.539305
-2.999696
2.376600
2.677945
-1.778293
-1.158386
2.356194
1.390943
2.034444
-2.034444
-0.183111
0.690446
-2.102520
2.158799
-0.551655
2.922924
-2.185459
0.927295
0.412410
-0.183111
2.312744
-0.035699
2.677945
-0.752077
0.545655
-0.698660
1.618379
-0.071307
-0.463648
1.892547
2.279423
2.984991
-2.273053
-1.670465
-1.699120
-1.510264
-1.929567
-1.735945
0.804264
-2.863293
-2.838708
-1.331565
-1.570796
-1.929567
-0.113792
-2.838708
0.679414
-1.058407
0.566729
-2.007423
2.356194
-2.312744
1.712693
-2.720173
-1.975688
-2.995580
-0.828849
-0.540420
1.862253
-0.339293
2.231839
0.380506
0.540420
0.159913
2.642246
-2.034444
3.086094
-0.551655
-2.166206
-0.049958
-0.134321
0.124355
2.209116
-2.498092
-1.212026
-2.126290
1.831399
-2.991221
0.555494
0.463648
-0.028564
-0.643501
0.412410
-2.214297
-1.941688
2.187093
0.278300
1.801887
1.325818
0.331096
2.536048
-0.714091
2.910502
-2.129396
1.318242
0.528074
-2.980830
-1.768192
1.332187
-1.107149
-1.325818
-0.401229
1.107149
0.865228
-0.572966
1.570796
2.615526
2.510513
-1.695151
2.261243
-1.965587
-0.950547
-2.072400
1.203622
2.966920
2.406153
-0.424194
0.000000
-0.728855
-0.141897
3.089010
-2.770701
-2.944197
1.390943
-2.393215
-3.079174
3.082837
1.773118
-2.870646
1.651700
-2.761086
-1.815775
0.655696
2.966920
-1.215160
1.937970
-1.339706
0.033321
2.629203
-0.655696
-2.553590
-1.231504
1.359703
2.570255
2.236766
1.570796
0.957589
-0.837981
-2.034444
-2.889038
-0.244979
2.226492
-0.571337
-0.708626
-2.034444
1.146602
2.191046
-1.190290
2.396173
-2.254506
-0.631079
-0.058756
0.721655
0.215358
-2.003204
0.872137
1.001483
-1.446441
-1.178456
1.801887
-1.129617
-1.929567
1.467715
0.999459
-2.284887
-1.999574
-0.825377
-1.138389
-1.512041
2.847358
-2.577023
0.832981
-3.030935
0.298499
2.956245
-0.802940
2.316216
2.677945
-1.781890
-2.187988
0.962994
1.681454
0.218669
-1.892547
-2.485897
0.451453
-0.655696
0.859337
-0.132552
-2.579671
1.325818
-2.553590
-2.034444
-0.785398
-0.392340
-1.849096
-0.028564
-2.838708
2.810497
-1.465919
-2.601173
-3.041924
0.991722
-0.904827
0.215358
-2.701750
-2.129396
1.637364
-1.215160
2.677945
-2.582993
-0.298499
-1.570796
-2.753274
-0.209023
-2.570255
-0.058756
-0.950547
-2.226492
3.024484
-2.536048
-1.989021
0.828849
-0.549853
2.736701
1.130954
2.677945
-0.321751
-0.601074
-0.938047
1.768192
3.036716
-2.601173
-3.009041
-1.727398
3.009041
-2.701750
0.071307
0.605545
-2.657115
1.080839
-2.414950
-2.158799
1.902856
-0.218669
1.633215
-2.137526
0.000000
-2.609869
-1.212026
2.782822
-2.057696
-0.062419
1.975688
-0.679414
-2.498092
2.790148
0.920926
1.034985
2.732685
-1.047518
-0.885067
1.761981
2.976444
-0.185348
-0.694738
-0.124355
-1.325818
0.099669
0.741947
0.844154
-2.442933
1.986288
1.107149
-2.677945
0.999459
0.737815
-2.010639
1.972025
-0.769006
0.047583
-0.367174
-1.665748
-0.321751
3.024484
-1.910089
-2.863293
0.029403
2.896614
-0.844154
-2.677945
3.141593
-1.460139
-1.703348
2.749253
0.128323
0.785398
-0.655696
-2.111216
2.828691
0.412410
-3.017238
1.471128
-3.017238
1.078987
0.685730
1.965587
-0.849141
0.156602
2.723368
2.944197
1.069192
1.703348
2.536048
0.534955
2.191046
0.969723
-0.904827
0.000000
-1.201463
-2.098871
-0.463648
0.252554
2.637427
-2.662073
-2.403778
-2.173084
-1.130954
-0.439843
0.535811
-1.107149
2.292451
1.264917
-2.782822
-2.191046
-1.138389
1.180189
-2.930499
-2.471071
-1.855527
1.080839
-1.883698
0.000000
-0.945311
-2.083186
-0.209023
3.089010
-2.729182
0.484478
0.504166
-0.519146
-2.560836
-2.466852
-0.558599
-2.356194
2.057696
0.418224
-0.880350
2.910502
2.782822
-1.453688
1.107149
1.712693
1.703348
-2.991221
0.197396
-1.983207
3.020241
1.801887
-2.819842
2.080389
2.545394
3.141593
2.034444
-0.827041
1.951303
2.184004
2.059130
2.151553
-0.330297
0.062419
1.839964
-1.570796
-1.352127
2.703256
-2.875341
0.432408
0.828849
-0.165149
-2.761086
-0.188222
2.034444
1.460139
-1.484058
0.197396
-1.107149
-2.414950
0.244979
1.107149
-2.802300
0.785398
-2.356194
-0.232557
2.485897
-0.825377
3.036716
2.279423
2.466852
2.493261
-0.244979
-0.463648
0.071307
-0.665969
1.849096
-2.356194
2.279423
0.939717
-1.165905
-2.226492
-1.673878
1.190290
0.999459
2.922924
-2.880990
-2.034444
2.034444
-2.537843
-0.229232
0.278300
0.982794
0.927295
-1.867342
-2.089942
-0.555494
-0.708626
0.048742
-1.042722
-1.385448
-0.694738
0.229232
-0.702257
1.781890
0.117109
-2.601173
-2.214297
-0.785398
-2.838708
2.944197
0.351445
2.896614
-1.212026
1.856848
-2.245537
3.141593
1.856848
-1.030377
1.570796
-0.927295
2.236766
-0.330297
0.698660
0.489957
3.041924
-0.885067
3.013269
2.586099
0.052583
-2.810497
-2.766322
-1.695151
-1.446441
3.017238
2.689439
0.915101
-1.012197
-2.601173
-2.984991
-2.034444
-2.802300
-0.876058
-0.953605
-0.785398
1.446441
3.027801
1.876675
-0.068856
1.373401
3.141593
1.707863
2.677945
-2.880990
2.701750
-2.782822
-0.674741
-1.332960
-0.828849
-0.825377
2.457883
-2.546183
-1.716809
-0.150371
-3.070285
1.881795
-2.439336
2.949545
0.982794
-0.260602
2.226492
1.292497
-0.935770
2.504044
-2.508844
-2.595938
-2.314552
-1.837048
-2.142134
0.000000
1.019141
1.803353
1.695151
2.034444
2.896614
1.388628
-2.521343
-1.773842
-0.664046
-2.432966
0.298499
1.076855
0.365201
2.512796
0.526066
-0.330297
-0.915101
-0.741947
1.249046
2.466852
-2.657115
-0.999459
-1.570796
1.959115
-0.571337
2.966920
-1.304544
1.510264
-1.629552
-1.383817
-1.203622
-0.904827
-0.236849
-0.683709
2.651635
2.485897
0.258771
-2.838708
-2.855541
2.149871
-1.122073
-2.835714
-1.368475
-1.107149
-1.908675
2.241318
2.214297
2.770701
0.915101
3.082837
-0.358771
3.141593
0.504166
-1.994991
0.369334
-2.356194
2.838708
2.111216
0.426627
-2.677945
-1.946067
0.432408
-0.982794
-0.927295
0.694738
2.158799
2.855541
-0.071307
0.920926
-1.132460
2.062606
-1.107149
-2.314552
-2.122451
-1.217806
-1.892547
1.025141
0.090660
0.657889
2.956245
-2.419938
1.215160
2.539305
-2.147172
1.910089
2.034444
0.332059
2.019520
2.316216
3.109346
-1.165905
-0.531724
-1.815775
1.424784
1.504228
0.436627
1.815775
0.304511
1.304544
-1.044730
-1.446441
-3.111299
-3.041924
1.570796
-2.896614
-1.173717
-2.086345
0.504166
1.961403
0.911990
-1.078987
-2.609869
-1.797595
0.674741
-3.060689
-0.866302
-1.460139
2.111216
1.865031
-0.574305
-1.919567
2.265535
1.310194
2.582993
-2.922924
-0.124355
0.493941
1.019141
0.540420
0.588003
0.872137
-2.639989
-2.651635
-1.703348
-0.274167
2.798569
-0.110657
0.340979
-1.708802
1.752965
-2.782822
1.570796
3.033903
2.521343
0.369334
0.141897
2.335789
-1.910089
