2.677945
-1.207649
1.262744
0.132552
0.348771
0.484478
-2.400941
2.454468
-0.755995
0.062419
0.129703
-1.304544
-0.358771
1.490966
2.077895
-0.918927
-1.653938
1.482140
-0.463648
0.223477
1.160669
-1.382575
-2.199593
1.880499
-0.844154
-1.377585
-2.070143
2.521343
1.206817
-1.171281
2.982937
0.655696
-2.279423
-0.982794
-0.165149
-1.509648
1.936544
-2.085248
2.969402
-1.607816
3.119374
-0.866302
-2.659929
2.260596
-0.674741
-1.141034
1.951303
1.071450
-0.358771
1.378096
1.650626
-0.404892
-2.721396
-2.564400
-2.714965
2.430683
-0.463648
-1.041207
1.570796
-1.321209
-3.098142
1.004067
2.642246
-0.278300
-2.565217
1.147942
0.570040
-0.020830
-1.929567
2.831890
-0.039979
-2.940276
-2.796037
-1.919567
1.593015
-0.244979
-2.051684
0.815692
-1.509648
2.073640
2.342111
0.718830
-2.731465
-0.634023
0.260602
-2.424581
0.278300
-2.878598
-2.802300
-1.484058
-0.939106
2.831890
-0.039979
2.158799
2.559240
1.873681
0.235545
2.831890
-1.943784
1.695151
-0.883672
1.482140
-2.245537
1.532354
2.677945
2.206635
-2.918116
3.058451
-0.218669
2.553590
0.484478
0.412410
-0.022723
-2.784973
-0.743170
-3.076467
0.037020
1.419781
2.135946
1.409421
1.236059
2.060754
1.993650
-0.651077
-2.103640
-1.690225
0.606988
-1.866237
-2.753274
0.000000
2.485897
2.958482
-2.255091
-1.134169
1.570796
2.147172
-1.235158
-1.287002
-2.877104
-2.356194
-1.609239
2.054243
-1.735945
-0.657075
-1.133005
1.182478
1.206817
3.104573
3.099950
2.324955
1.653938
-1.054101
0.610726
2.325901
2.782822
-0.970746
3.076467
-2.686492
-1.768192
1.343997
1.899349
-0.239232
-0.785398
-0.158655
-1.880499
1.356736
0.205395
1.995628
-2.140837
-2.714965
-0.906022
-2.787595
1.484058
0.266252
1.206817
-1.089909
-1.147942
-1.494024
1.416478
-1.650626
1.275355
2.293776
-1.484058
-1.647568
2.796037
-2.371578
-2.982937
2.529055
0.083141
-2.371119
0.105984
2.164546
-0.363979
-0.114877
-2.329174
-0.913721
-0.045423
1.831399
-2.277411
-0.244979
1.750650
-0.945311
0.293589
0.946161
2.731465
0.086738
-2.753274
-1.157107
-2.956245
-1.012197
-0.214061
-2.398423
2.089942
0.314758
-2.742077
-2.257921
0.661043
-2.630362
-1.297788
-1.413028
-0.892677
-1.609239
2.774419
2.731465
-0.509071
-3.030935
-0.680521
-2.617673
-2.982937
-2.782822
0.063743
1.490966
-1.947287
-1.919567
2.147172
0.023805
3.046641
-2.920764
-0.358771
-0.635027
0.396441
2.643770
-2.584993
0.847817
-0.079830
0.970746
2.564400
2.322873
2.239086
-1.107149
2.819842
-3.075024
2.252095
-2.547379
-2.469986
2.322873
-0.295441
-2.852089
-0.446106
-2.210182
-1.269177
-0.463648
0.205395
-0.172191
1.997424
0.205395
2.131483
2.808348
1.970312
0.942000
2.140837
-2.725528
1.729452
-2.660705
-0.756835
-0.908067
1.292497
2.868584
3.035608
-3.011890
-1.261093
1.570796
0.475011
3.061763
-2.506566
2.073640
-0.651869
-0.388319
0.873406
-2.774419
2.044152
-2.399645
-0.798384
1.325818
1.570796
-1.390943
-0.543832
-2.716760
-0.547562
-2.694750
-2.839974
-2.939830
-2.906048
-0.348771
1.262744
1.413028
1.860300
0.269849
2.299114
1.690225
3.141593
0.144812
0.404892
1.222025
-1.647568
-2.125104
-2.976444
-0.205395
-0.446106
-2.003204
0.565149
-2.176341
-0.942000
1.980924
-2.591207
-2.016902
-2.661418
0.235545
-1.570796
2.622447
1.617274
0.600050
0.708626
-1.866237
-2.501823
0.105984
-1.943784
2.833540
0.523919
-0.934958
0.473356
-0.732815
-1.529154
0.220829
-1.685673
2.297439
1.728565
2.731465
1.570796
-3.017238
-0.691921
-1.380808
-0.233743
-2.297439
-0.674741
-0.463648
0.870903
2.253988
0.021273
-1.723446
-0.244979
-2.534605
-0.554307
-1.448954
-1.984486
-1.198729
2.906048
2.736701
3.052937
0.328120
2.493781
0.147849
-0.119429
1.037088
-1.858078
-0.770474
-2.920764
2.205823
2.034444
1.922841
-2.936197
1.768192
2.782822
0.042528
0.902507
-1.455920
-0.205395
0.896055
-0.348771
-2.013171
2.356194
1.482140
-2.713329
1.347320
1.695151
0.643501
0.982794
-0.147078
-2.944197
-1.487655
2.452668
2.016902
2.570255
2.400941
-2.659929
-0.519146
3.061763
-1.912412
-1.147942
3.034857
-1.490966
2.677945
-1.007480
-0.886502
0.244979
2.711830
-0.801790
2.114629
2.506566
-0.083141
1.236059
-1.943784
3.141593
-0.576375
-2.650429
-0.620249
-0.927295
1.398606
2.887919
-1.298650
0.361204
-1.760785
-0.982794
2.563691
-2.536048
-1.343997
-2.887919
1.594048
0.103792
-3.101614
-0.293589
-1.163165
0.178093
-1.854590
-0.334737
2.169215
2.733444
-1.405648
1.373401
-1.012197
-1.784857
2.193467
-0.499347
2.534605
-2.016902
2.563691
0.275426
-0.533708
-1.186192
0.105984
0.250443
-1.505671
-1.216799
0.581905
-2.704965
-1.591202
-2.990577
-1.532354
0.189199
-1.532354
1.965587
1.780436
-1.325818
2.158799
-2.100386
-0.755104
-2.526930
3.090355
-0.201762
1.943784
1.911178
1.732171
2.202487
1.772559
-0.509071
-0.179853
-3.101614
2.906048
-0.480887
0.343024
2.857799
-1.869295
1.405648
-1.249046
-0.826471
2.819842
2.714965
2.231839
0.970746
-0.942000
-0.334737
1.594601
-2.612003
-1.614247
-2.385598
2.901850
1.718646
0.945311
1.614247
3.141593
1.365401
-2.176341
2.896614
-0.892677
0.226799
-2.514284
-1.821239
-2.805954
-0.977446
-1.152572
-2.922924
-1.980924
-0.715092
-1.160669
2.341270
0.079830
1.225241
1.480136
-2.152701
2.594804
-1.012197
1.365401
0.000000
2.050971
1.389147
1.947287
-2.999696
1.046001
1.706324
-2.252095
1.681454
1.924794
-0.647392
-2.866167
1.690225
-1.776192
2.444202
-1.904041
1.764008
1.942864
1.867861
1.932000
1.929567
-0.610726
-3.099065
-2.843094
1.959115
2.082027
-3.101614
0.516231
0.041643
-1.611590
-0.915101
-1.965587
2.667741
0.927295
-2.564400
-0.083141
1.147942
-0.145310
-0.831519
-2.832662
1.855527
0.960070
-1.142532
2.768605
-1.455920
1.451367
-2.742077
-1.650626
1.097440
-1.735945
1.086318
-2.170847
0.039979
-1.655698
-2.652740
-1.760785
-0.988057
-0.960070
-2.241940
1.177738
-2.548243
1.441094
1.912412
0.172191
0.445301
1.089909
-0.422854
1.236059
2.070143
-0.726642
3.002953
-0.972377
-0.119429
-2.866167
-1.056345
0.388319
0.772066
3.064821
-2.607884
-1.980924
-0.588003
-0.857735
0.239743
-0.372068
-2.356194
-2.857799
1.570796
1.451367
-1.609239
-2.638749
-2.765102
-1.910089
-1.373401
-0.610726
-2.936197
-1.135443
-2.512796
-0.540420
-2.578276
-2.857799
-2.148698
0.000000
-2.140837
2.428532
2.982937
0.453844
-0.851966
2.236766
-0.266252
-1.618379
-1.674589
2.711830
-1.033886
3.098142
1.815775
-2.996780
0.885067
1.446441
2.695487
1.657535
-1.494024
-2.994514
2.796037
0.755995
-0.674741
1.270625
-2.209710
-1.549061
-2.707639
0.154319
-1.892547
2.846152
1.067953
0.896055
2.736701
-0.697391
1.325818
2.819842
-0.785398
-0.079830
2.248505
-2.570255
-3.099950
-0.876058
-2.034444
0.853785
2.287808
-0.119429
1.679067
0.935770
-2.018316
-0.610726
1.262744
-0.576375
-1.284745
0.717012
2.441700
0.976037
