0.258950
-0.579525
0.209259
0.423501
0.237662
-0.409000
0.226721
0.440587
-0.467171
0.151791
0.101188
0.268330
-0.487591
2.695016
-0.307747
-0.320877
0.187406
0.464323
0.470449
-0.404146
0.467103
-0.355236
-0.054398
-0.137888
-0.325462
-0.362602
0.410442
0.258124
2.423344
-0.141231
-0.037758
0.502409
-0.094786
0.124667
-0.147931
0.017963
0.157013
-0.021438
0.117929
-0.306829
0.016114
0.281519
0.188390
-0.416607
-0.309234
2.319899
-0.075624
-0.383553
-0.180519
0.235115
-0.050736
2.911544
0.433683
-0.153772
0.277009
-0.320589
-0.089621
2.572077
0.217255
-0.274253
0.067935
0.092914
0.351554
-0.061810
-0.293803
-0.312415
-0.065227
2.447950
-0.094702
-0.352991
0.137010
-0.460614
2.706842
0.259215
0.322330
-0.346213
0.415684
-0.317913
-0.041730
0.096512
0.220887
0.054922
0.335448
0.188697
-0.058221
0.393885
-0.294652
0.038135
-0.443175
2.310685
-0.249997
-0.207445
0.386674
0.272241
-0.420203
-0.342127
0.192355
-0.154341
-0.283901
-0.449389
0.044083
0.029228
-0.831584
-0.300107
2.386094
0.231918
0.151901
-0.697551
-0.234820
-0.104696
-0.379194
-0.305220
0.011699
-0.059469
-0.004376
0.175001
0.009179
-0.040687
-0.187295
0.391392
0.201123
-0.323129
0.398263
0.144310
0.267705
2.875687
-0.335684
0.043194
-0.242608
0.046018
-0.728377
2.273495
0.292417
0.239973
-0.266897
0.409394
-0.382039
0.019506
0.073063
0.092300
0.255610
0.230546
-0.025159
-0.349914
-0.314474
-0.159200
0.221308
0.003763
0.077263
-0.487684
0.184121
-0.201562
0.257881
-0.373748
0.153428
-0.078617
-0.314760
-0.103506
0.284594
-0.252134
-0.110028
-0.243086
0.187722
-0.455779
-0.145839
-0.281341
-0.475600
-0.103930
-0.176261
0.400643
0.306273
0.309966
-0.414800
-0.185994
0.082642
0.287177
-0.084881
2.887683
0.005456
0.349123
0.320353
-0.545529
0.340127
0.307884
0.316192
-0.451022
-0.127418
-0.288439
0.111452
-0.400640
-0.364850
-0.267924
-0.181175
-0.057957
0.038531
0.411027
0.343909
-0.381831
0.054703
2.371057
-0.227688
0.360687
-0.520678
-0.233406
0.265205
-0.055288
0.093118
0.100470
0.341256
-0.272202
-0.050775
0.125941
-0.423829
0.212428
-0.225954
-0.207250
0.494355
0.020398
-0.139519
-0.348689
-0.001334
-0.113339
-0.005130
-0.006946
0.461149
0.177977
-0.419601
0.059916
-0.175780
0.300821
-0.405967
-0.154916
0.128779
-0.333665
0.068780
-0.144989
-0.453765
0.382622
0.408392
-0.137386
-0.035985
-0.300141
-0.266357
-0.299039
-0.273355
0.089856
0.374754
-0.373333
-0.299069
-0.407870
0.079218
0.081093
0.393911
-0.228192
-0.487377
-0.478072
2.248116
-0.067309
-0.473732
0.178785
-0.256422
-0.138223
0.710276
0.264193
0.202025
-0.162552
0.123290
2.768361
0.133079
0.212586
0.376679
-0.245223
-0.199769
-0.415665
-0.045121
0.198765
-0.107583
-0.127402
0.358786
0.303918
0.000980
0.176468
0.122978
0.362587
0.309823
-0.265742
-0.130659
0.044342
0.282187
-0.112451
-0.365069
0.071884
-0.112242
-0.073309
0.409868
-0.528554
-0.349540
-0.480559
-0.016094
-0.413116
0.290032
0.481477
-0.010776
0.104768
-0.265598
0.287990
0.088162
-0.037701
-0.437787
0.090179
0.082224
0.397910
0.361644
-0.209936
-0.237593
-0.206504
0.242137
-0.324050
0.455121
-0.261462
0.301520
-0.449484
0.798147
0.242071
-0.270262
0.217520
-0.507548
-0.065827
0.195938
-0.239480
-0.473912
-0.057203
0.288684
-0.252813
-0.269739
0.184833
0.195881
-0.269516
-0.376628
-0.288954
0.285813
-0.148201
0.232856
0.264697
-0.372496
0.245358
0.251865
-0.229547
-0.370933
0.300890
0.209493
-0.053182
-0.014518
0.058121
0.253608
-0.329644
-0.005825
-0.257704
0.140260
0.273253
0.333444
0.724380
0.289140
0.273032
-0.393023
0.138362
-0.043271
0.002165
-0.235092
0.443083
-0.230013
0.318890
-0.398872
0.104468
0.297125
-0.215329
-0.371498
-0.249698
-0.303276
-0.263629
-0.300112
-0.352627
0.026303
-0.035487
0.229815
-0.731332
-0.009674
-0.308327
0.491330
0.030821
0.198462
-0.200880
-0.204646
0.354768
-0.060954
0.214995
0.080920
-0.341281
-0.452926
-0.015410
0.135272
0.361347
0.277052
-0.009491
0.024127
-0.130057
2.881917
-0.365787
0.304762
-0.242740
0.256778
-0.091376
-0.339916
-0.036768
-0.208689
0.236237
0.240487
2.794853
0.422118
0.354235
-0.224548
-0.055661
0.439642
-0.251871
0.290894
0.067551
0.267732
-0.336938
-0.009260
-0.181889
0.078581
0.269207
0.321110
0.390226
0.092933
-0.277895
0.184471
0.225844
0.261930
0.255410
0.067139
-0.103280
-0.139577
-0.274399
-0.108661
0.226855
0.272063
-0.544716
-0.382782
-0.332806
-0.011565
-0.015476
-0.000811
0.107324
-0.337454
0.069313
-0.006287
-0.177051
-0.145186
0.176095
-0.287575
0.410586
0.239158
0.130497
-0.727669
0.300206
0.314159
0.189504
-0.047713
0.261462
-0.161720
-0.328352
0.398686
0.339526
-0.149158
-0.012662
-0.069500
0.295974
-0.406635
-0.379209
0.149344
-0.168198
-0.137440
-0.011051
0.120359
0.366684
0.072831
-0.364421
0.539870
-0.314349
2.736157
-0.117027
0.346324
-0.203659
-0.060367
0.383181
2.667992
0.375474
-0.322216
-0.289292
-0.067008
0.343936
0.329072
-0.389863
-0.295793
0.340067
-0.257853
0.264759
0.262755
0.445689
-0.377575
0.257087
0.289084
-0.253718
0.300527
0.337684
0.229389
0.479877
-0.260896
-0.161174
0.154967
-0.148230
0.436169
-0.369105
-0.033336
0.372047
0.265955
0.503074
0.173523
-0.246782
-0.254472
-0.445086
0.324827
0.293361
-0.093014
0.156569
-0.130987
0.342645
0.001413
-0.128804
-0.042631
0.255122
-0.300439
0.203552
-0.000362
0.196781
-0.288603
-0.460689
0.324480
-0.292772
-0.001864
-0.803938
0.344276
0.139073
0.303340
-0.411449
0.100359
0.219756
-0.390930
-0.256753
0.310764
-0.360833
0.057790
-0.296464
-0.243211
-0.312326
-0.165921
0.023619
0.445995
0.280560
-2.762699
0.224182
-0.024224
-0.834252
-0.127862
-0.466041
-0.058778
-0.258573
-0.373952
-0.315490
-0.224197
-0.040231
-0.210087
-0.797555
-0.406462
-0.016810
2.171860
2.631912
-0.162315
-0.342375
0.175747
0.304361
-0.003936
-0.451286
0.437934
-0.395981
-0.076385
0.027220
-0.147837
0.139188
-0.558651
0.234608
0.160087
-0.317457
-0.256065
-0.348809
-0.352035
0.375578
-0.340706
0.479220
-0.358407
-0.380903
-0.327575
-0.275302
-0.449501
-0.089753
-0.195333
0.351591
-0.411194
-0.126955
0.380718
-0.126845
0.327832
0.022041
0.455193
0.461352
0.367065
-0.308670
-0.211569
-0.133155
0.075043
-0.306801
2.629343
2.833048
2.890571
0.319515
-0.169130
-0.210012
-0.271916
0.229005
-0.793822
-0.330115
-0.182468
-0.485180
0.093223
-0.058406
0.377918
-0.126300
0.381897
-0.337539
0.318064
0.106217
-0.057398
0.071407
-0.129200
-0.681122
-0.165164
-0.045139
0.357547
0.409402
0.167019
0.297299
0.245382
0.129369
-0.862027
-0.563295
-0.013055
-0.050744
-0.403854
0.212809
0.381618
0.281408
-0.404710
-0.233163
-0.048740
0.048176
-0.295493
2.788424
0.256701
-0.368138
0.012393
-0.264679
0.228077
-0.096025
0.400370
-0.339240
0.195605
0.338742
2.802598
-0.073755
