0.297907
0.029971
0.309213
0.764210
-0.416052
-0.167872
2.820944
-0.036966
-0.141881
-0.355456
-0.340172
0.390177
-0.251176
-0.051883
0.026437
-0.401697
0.151703
0.388710
-0.128918
-2.791251
-0.087849
-0.209086
-0.241435
-0.544732
-0.356494
0.200227
0.328277
2.636753
-0.457024
0.004432
0.047892
0.000686
0.016729
-0.053201
-0.169968
0.293896
0.161937
0.308861
-0.155141
-0.280887
-0.352376
-0.076424
0.091790
0.241238
-0.148486
0.226705
-0.175677
0.337605
0.138623
-0.232591
-0.336851
-0.149240
-0.008137
-0.417229
-0.921737
-0.432050
-0.242947
-0.268673
-0.335330
-2.753347
-0.355838
0.483858
0.244273
-0.109433
0.384694
0.085933
-0.250287
-0.446570
0.291183
0.165222
-0.392863
-0.398925
0.303546
-0.191124
0.739665
-0.350094
-0.199928
-0.388161
-0.766735
-0.021577
0.087553
0.018297
2.770630
-0.017271
0.066511
0.109938
-0.463124
-0.170858
-0.356572
0.234320
-0.156351
-0.125278
-0.231253
-0.231674
-0.279322
-0.145225
0.244595
-0.555692
-0.215202
-0.462629
0.095150
0.340461
0.124198
-0.374683
0.205768
-0.088517
0.021770
-0.374369
0.076792
0.222460
0.323664
0.008846
-0.090540
0.120154
0.205348
0.172914
0.014582
-0.233093
0.446488
0.270425
0.207359
-0.182279
-0.565649
-0.333738
0.114063
-0.278227
-0.023262
0.308459
-0.508512
0.460677
0.053312
-0.058842
0.281854
0.235545
-0.220257
0.167825
-0.013642
0.130281
0.162334
-0.124713
2.733428
0.246100
-0.156475
-0.381174
-0.440539
-0.339666
-0.011651
-0.491431
0.115794
0.005243
0.140303
0.048603
-0.391583
-0.362970
-0.050751
-0.459530
0.150508
0.129798
-0.249976
-0.034500
-0.253606
0.200934
0.108704
0.307483
0.005743
0.160794
0.208232
0.392505
-0.451361
0.251131
0.093265
0.216416
0.171243
0.314368
0.185477
-0.097724
-0.120781
-0.517959
-0.356294
0.261471
0.047424
0.638919
0.118344
-0.118830
0.281539
0.052652
0.233892
-0.351858
0.128994
-0.124509
0.114091
0.024319
0.330946
-0.158851
0.230348
-0.306431
-0.060530
0.089838
-0.275017
0.159859
0.147957
-0.230799
-0.043010
2.370913
0.432305
-0.492237
0.030675
-0.052165
-0.163110
-0.334830
0.049288
-0.029876
0.244102
-0.189316
0.280472
-0.002372
0.175762
-0.749348
0.229339
0.324657
-0.188620
0.352648
0.369152
-0.552972
0.122036
-0.657133
0.393540
2.306507
0.251115
-0.002357
-0.404705
-0.449282
0.408505
0.167994
-0.311933
0.323191
0.707030
-0.029677
2.698079
0.352408
-0.375499
0.351258
-0.008253
-0.166648
-0.618364
0.366690
0.126947
0.390384
-0.176542
0.060120
0.279726
0.266085
0.096170
-0.093706
-0.142624
0.220714
-0.405514
-0.663509
-0.457644
0.073772
-0.063946
0.180736
-0.423714
-0.344414
0.048905
0.095812
2.738023
0.161729
0.055646
-0.295426
-0.080757
-0.401020
0.114444
-0.482731
-0.076515
0.153268
0.018849
-0.295227
0.240701
-0.088433
2.749639
-0.509023
0.175159
-0.278980
-0.186613
0.028556
0.236285
0.406236
0.225125
-0.417302
-0.322139
0.565372
2.544082
0.256542
0.075725
0.059188
2.622371
-0.330383
-0.425188
0.379787
0.242005
-0.283706
0.188446
-0.207729
-0.411652
0.356699
0.357366
-0.268604
-0.218357
-0.179087
0.159582
-0.058544
0.342976
-0.052302
-0.377203
0.228712
0.384304
-0.356414
-0.480937
-0.061806
-0.246888
-0.206686
0.188140
-0.299924
0.106101
-0.563272
0.009516
-0.327486
0.374675
2.817455
0.131813
-0.239233
0.210409
-0.657733
0.568893
-0.291954
-0.339952
2.786101
-0.135670
0.237380
0.009333
-0.305417
-0.272535
0.035014
-0.564387
-0.016753
0.355564
-0.040705
0.124484
-0.116883
-0.018755
-0.366680
0.360623
0.112558
0.270621
-0.232267
0.290567
2.309125
-0.122316
-0.466911
0.142918
0.229590
-0.668095
-0.127697
-0.256080
0.387481
-0.206693
0.244674
-0.091556
-0.272588
-0.254900
-0.208133
-0.447677
-0.119166
0.385881
0.200803
-0.117638
-0.638716
0.147429
0.366153
-0.495683
0.260167
-0.516033
0.262442
-0.398438
0.341863
-0.128398
-0.075632
0.256009
0.188749
0.025493
-0.004399
-0.484699
-0.053868
-0.268097
-0.238867
-0.162792
-0.741994
-0.388550
-0.302173
0.119814
-0.188015
0.145429
-0.322001
0.133873
0.279970
-0.116923
-0.131576
0.258132
0.444853
-0.344732
-0.565752
-0.310593
-0.363818
-0.220857
0.099246
2.471302
0.203002
-0.276422
0.069611
-0.193728
-0.576667
-0.360049
-0.129129
-0.158573
0.276148
-0.354103
0.120722
-0.556124
0.095762
0.395446
0.325049
0.237510
-0.421161
-0.219105
0.119122
0.119690
-0.390795
-0.171107
-0.098063
0.515460
0.097140
-0.442529
0.253755
-0.340549
-0.225296
0.373979
-0.053897
-0.433655
0.218418
-0.170260
-0.094330
0.329209
-0.385570
0.239329
0.178587
0.125948
-0.103476
-0.446846
0.354425
0.213634
-0.139014
-0.040695
-0.152374
0.001039
-0.489885
-0.619116
2.798503
-0.436541
-0.498605
0.401533
0.139371
-0.186505
-0.109962
-0.682444
-0.200982
0.524320
-0.035170
0.298735
0.396086
-0.131325
-0.540785
0.051049
0.209113
0.185352
0.244847
0.171859
0.280832
0.246801
-0.163446
0.241749
-0.416505
0.261892
0.066680
-0.243172
-0.517339
0.041317
-0.174839
2.533012
0.017246
-0.841401
-0.618922
0.244986
0.357582
-0.258345
-0.062963
0.288311
0.254960
0.036223
-0.094161
0.212768
0.459406
0.126262
0.195659
0.221129
0.328583
0.051522
-0.156120
0.192582
0.036698
-0.381576
-0.000509
-0.065970
-0.316326
0.200900
-0.597475
-0.098937
0.029581
0.227814
-0.139278
-0.593872
0.342705
-0.373864
-0.480086
0.006473
-0.043249
0.009683
-0.286734
0.564056
0.307236
-0.278539
-0.149959
-0.000724
0.248985
-0.324060
-0.172799
-0.009955
-0.181630
-0.024240
0.278826
-0.537653
0.017712
-0.362062
0.289816
-0.105317
-0.130233
-0.055655
0.232525
0.365469
-0.097094
2.323830
-0.257951
-2.727636
-0.118648
-0.278728
-0.412192
0.331022
-0.053096
0.083092
-0.236961
-0.368662
-0.323521
2.306922
0.030707
0.090243
-0.389623
-0.378785
0.279983
-0.276336
0.368908
-0.133471
-0.049448
-0.985338
-0.312455
2.713504
0.494292
-0.757507
0.474377
0.464637
0.320920
-0.412565
-0.364334
0.405700
-0.064316
-0.129333
-0.123547
-0.185688
-0.325483
0.065901
0.287258
-0.333893
0.110746
0.069234
-0.333631
0.226177
-0.395073
-0.053267
-0.467269
-0.130526
0.027591
0.168794
-0.141285
0.242466
-0.436518
-0.283099
-0.358648
0.394489
-0.695902
-0.322980
-0.686824
2.898662
-0.392625
0.025066
0.200801
-0.177511
-0.356205
0.101008
0.225193
-0.376640
-0.106538
0.416931
0.267672
0.024544
0.288163
-0.139220
-0.317499
0.475894
-0.489257
-0.134295
0.121275
0.160622
-0.184490
-0.037915
-0.051016
0.015383
-0.019118
-0.702806
-0.663764
-0.287887
-0.057153
-0.116944
0.425899
0.147117
-0.289214
0.432645
-0.485932
-0.288162
0.135732
-0.005333
0.362257
-0.295747
-0.337295
0.473992
0.042544
0.365618
-0.351115
0.035738
0.109740
0.033207
-0.421384
-0.149521
0.019947
-0.084034
-0.077391
0.077720
-0.377029
-0.502266
0.410418
-0.393607
0.257769
-0.216037
-0.116480
-0.078559
-0.165100
2.177003
-0.147829
-0.275380
-0.112291
0.182296
0.192244
