0.482306
0.245287
-0.294371
0.053722
-0.522300
0.255856
-0.123416
-0.416594
0.084879
0.206868
-0.402809
0.084121
-0.174674
-0.249193
-0.157430
0.410391
-0.336125
0.462951
0.343425
0.226930
-0.086529
0.194640
-0.223102
0.382215
-0.538782
-0.345911
-0.460917
-0.016269
0.149038
0.055193
0.041065
-0.307061
-0.299166
0.041500
0.015701
-0.136361
0.059037
0.267624
0.140018
-0.223229
-0.018968
-0.180851
0.471373
-0.578112
0.132293
0.187482
2.765421
-0.277033
0.187531
-0.139022
-0.392326
0.098316
0.117421
-0.227899
-0.262599
-0.418159
-0.042996
0.300372
-0.173308
0.241497
-0.694145
-0.285658
-0.070547
-0.255964
-0.470799
0.269416
-0.257817
-0.326787
-0.407678
0.099166
-0.625184
-0.077909
-0.134284
0.299621
-0.223785
0.341113
-0.351465
0.105545
0.154245
0.449552
0.155040
0.304455
-0.058732
-0.287195
0.060061
0.122507
0.438346
0.340193
-0.354716
-0.407436
-0.241638
-0.199226
2.322128
-0.444924
0.027497
-0.009342
-0.011154
-0.650124
-0.273044
0.093561
0.276440
-0.040493
0.202588
-0.270571
-0.393685
0.372301
-0.753255
0.176066
-0.500219
0.262887
-0.283738
-0.702933
0.107547
0.012701
0.365513
-0.054680
0.120082
-0.283431
-0.301740
0.087572
0.053899
0.390607
0.504299
-0.423502
0.489547
0.217356
-0.137928
-0.125677
-0.307737
2.732879
0.059840
0.056252
-0.035774
0.118003
0.184667
-0.442064
-0.345339
-0.701159
-0.124353
-0.289974
-0.435483
-0.186109
0.387760
-0.390628
0.251847
-0.507716
-0.345097
-0.409839
2.233811
-0.204496
0.058162
-0.068835
0.010632
0.237657
0.072579
-0.266131
-0.186488
0.160079
0.536541
0.334492
-0.519639
-0.188097
-0.176853
-0.136692
-0.421422
-0.000724
0.364288
0.119101
0.098464
0.069963
-0.224820
0.117067
-0.075527
0.363132
-0.269603
0.070678
0.032827
-0.275125
-0.318662
-0.206617
-0.263568
-0.246049
-0.373211
-0.140652
0.223974
-0.063426
0.160277
-0.113422
-0.285217
-0.280857
0.173908
-0.046052
0.113982
0.302341
0.786792
-0.295429
-0.203430
-0.437470
0.537073
2.637927
0.050606
0.223687
0.442818
-0.943999
-0.249545
-0.163976
-0.208688
0.102911
0.072141
-0.321684
0.243273
-0.019868
-0.216231
-0.036490
-0.239535
-0.173614
-0.370956
-0.353570
-0.305463
-0.044396
-0.275257
-0.013147
-0.408128
0.400878
-0.079771
-0.393363
0.026686
-0.171486
-0.165802
-0.012414
-0.525991
-0.060739
-0.195450
-0.096746
0.376348
-0.564612
-0.200079
0.200835
-0.451216
0.068426
-0.347490
0.315011
0.368555
-0.307091
0.245699
-0.772732
-0.283802
-0.294764
0.031660
0.524495
-0.097925
0.187784
-0.462128
-0.486700
-0.235287
0.157573
0.562757
-0.574819
-0.851824
-0.322470
2.413009
-0.460513
0.216146
-0.108927
-0.365914
-0.419281
-0.368266
-0.268371
0.231402
0.057848
-0.130287
-0.303996
0.030556
-0.364414
-0.074266
0.348932
-0.303956
-0.354652
0.179178
0.060533
-0.194573
0.487041
-0.181027
-0.265775
0.327692
-0.149750
-0.108164
0.340296
2.808337
0.057397
-0.018274
0.164602
0.108507
-0.323063
-0.013096
0.543073
-0.403161
0.343840
0.236926
-0.304430
-0.314705
-0.565047
-0.449097
0.320114
0.031473
0.206322
-0.243125
0.215098
0.042420
-0.112695
0.149360
-0.199870
0.135489
0.188178
-0.037292
-0.397265
-0.189183
0.247565
0.135231
0.267828
0.248989
-0.421464
-0.041210
-0.387404
0.345059
0.109824
-0.328482
-0.276411
0.527510
-0.272490
-0.242240
0.006000
0.087409
0.053277
0.201460
2.731724
-0.108244
-0.291414
0.292943
-0.347351
0.320110
-0.151329
-0.269503
0.412511
-0.057615
-0.215648
-0.113166
0.209896
0.209644
-0.392037
-1.065236
-0.256150
-0.039595
-0.217180
-0.303063
0.162735
0.338259
-0.434924
-0.762825
-0.136422
-0.774470
-0.141759
-0.461595
-0.214386
-0.282956
-0.356735
0.222878
0.012709
-0.009757
-0.350603
0.164456
2.370186
-0.380210
-0.431187
0.123339
0.056407
-0.193251
-0.320846
-0.647209
-0.380669
-0.167774
0.195286
-0.111868
-0.042983
0.189160
-0.270222
0.391384
0.108785
0.206388
-0.318745
-0.473863
-0.359892
0.335307
0.173793
-0.315538
0.357672
0.415084
0.474755
0.356144
0.062293
0.197676
0.291712
0.452161
0.329868
0.116321
-0.121234
0.252685
-0.312555
-0.225450
0.538418
-0.701468
-0.029220
-0.535367
-0.360142
2.828842
0.330184
0.338505
0.072356
-0.192499
-0.313610
-0.405273
-0.144550
0.214016
-0.113384
-0.802740
-0.232255
-0.472453
0.030253
0.308143
-0.311714
-0.332378
0.421593
0.308686
0.403224
-0.028123
-0.518157
-0.006534
-0.061460
0.254993
-0.417311
0.424427
-0.307769
0.118684
-0.241962
0.223044
-0.176182
-0.323521
0.177872
-0.802873
-0.410188
0.154998
-0.374250
0.137792
0.006686
-0.032266
-0.297878
-0.102384
-0.169787
-0.394955
-0.106454
0.084316
-0.051371
0.305556
-0.127447
-0.354683
0.182399
0.291663
0.009299
-0.399046
-0.290155
-0.064422
-0.422505
0.019845
-0.293711
0.346171
-0.084849
0.032683
-0.260777
-0.583850
0.212443
-0.085455
-0.062450
0.162305
0.309163
0.128134
-0.340182
-0.007331
0.347729
0.315767
2.736796
0.403278
-0.315932
-0.413276
-0.353962
-0.286404
-0.447434
-0.551267
0.435734
-0.297249
0.095733
-0.583051
-3.054781
-0.366216
-0.317000
0.124255
-0.051204
0.100180
-0.177090
0.524028
0.289928
0.156074
-0.012278
-0.370451
0.225514
0.407903
-0.638728
0.207840
-0.526819
0.211043
-0.140276
-0.131828
-0.066033
0.443820
-0.363447
0.322448
0.054746
-0.803614
-0.180298
-0.505313
2.879818
0.023250
0.300548
0.299759
-0.273469
-0.307914
0.429830
-0.402722
-0.361149
-0.326574
-0.133598
0.115574
0.040787
-0.289905
-0.109500
-0.249946
-0.002442
0.246857
0.081002
-0.396765
0.381106
-0.038999
-0.500748
-0.052633
0.061302
0.695484
0.536433
0.151294
0.172343
-0.004987
-0.105553
0.207833
0.381866
-0.507132
-0.098791
0.056552
0.148303
-0.448858
0.435735
-0.102013
-0.028708
0.238987
0.368224
-0.311969
-0.202269
0.056333
-0.003178
0.370588
0.234395
0.020515
-0.481412
2.679650
0.242517
0.013997
-0.358710
-0.041884
-0.124074
-0.057345
0.295034
0.354310
0.463257
-0.377486
2.889185
-0.285359
-0.049338
0.058491
-0.214210
-0.366447
-0.229223
0.399070
0.405632
-0.319145
-0.313455
-0.164061
0.054908
-0.129411
0.008018
0.056679
0.219325
-0.774496
0.239111
0.189913
0.000120
0.300562
-0.142073
-0.303828
-0.435538
-0.067176
-0.014295
-0.226150
0.151810
-0.358616
2.770740
-0.262679
-0.098793
0.319116
-0.248477
0.089893
0.368852
-0.374840
0.204708
0.297570
0.139374
-0.035765
-0.112819
0.230284
-0.006345
0.098215
0.041416
0.080025
0.242900
0.179376
0.102972
-0.274144
2.509700
-0.334836
0.255154
-0.622538
0.015588
-0.176576
-0.332739
0.045388
-0.086783
0.332117
-0.434533
-0.293675
-0.230377
-0.398022
-0.133550
-0.404829
0.314757
-0.144867
-0.127799
0.114129
0.375782
-0.089699
0.301509
-0.541648
0.424865
0.417637
-0.315558
0.175539
0.176778
-0.285549
-0.282482
-0.518654
-0.295965
-0.410751
0.387525
-0.323319
0.178204
0.203225
-0.129095
-0.367965
-0.034027
0.475514
0.371195
-0.340294
0.219420
0.276224
-0.173313
