-0.144702
-0.363816
-0.282412
0.124064
0.073971
-0.312674
-0.360302
0.397908
0.112808
-0.575142
0.258624
0.390590
-0.155911
0.496634
0.219624
-0.770641
0.355634
2.549163
0.493066
0.409056
0.308971
0.144644
-0.109276
0.468538
-0.280217
-0.723771
-0.286003
-0.282169
0.281724
-0.406361
-0.279827
-0.758831
-0.283512
-0.078530
0.398956
-0.190046
0.047703
0.337178
0.184084
0.352505
0.015250
-0.020833
0.183662
-0.342068
-0.399533
0.320442
2.738826
0.228466
0.253402
0.298010
-0.044726
-0.529996
0.439688
-0.225439
-0.051825
-0.237065
0.029522
-0.168381
-0.244143
-0.179143
0.488958
-0.047418
-0.099105
0.318326
-0.213413
-0.065453
2.903949
-0.284933
-0.338008
-0.007486
0.237022
-0.109937
-0.017268
-0.340595
0.298366
-0.319297
2.783098
-0.185260
0.238909
-0.764489
-0.161261
0.334403
-0.492780
-0.286969
-0.308417
0.112655
0.257497
-0.244365
2.734266
-0.067483
0.314888
0.198093
-0.060428
0.196045
0.332763
-0.054176
0.325327
0.238343
0.248500
0.354124
0.319899
0.328199
-0.325540
-0.731372
0.016959
-0.394456
0.270723
0.193886
2.889430
-0.376043
0.233038
-0.346625
-0.304495
0.159227
-0.318495
0.275668
0.323236
0.289462
0.101644
0.196100
-0.159580
0.283290
-0.780514
-0.114226
-0.363117
-0.032617
0.126453
-0.370488
-0.266698
-0.628067
-0.104767
-0.329510
-0.077818
0.320319
-0.272331
-0.260393
-0.290887
-0.469850
-0.207569
0.257240
-0.139393
-0.032990
-0.434550
-0.278266
0.187052
0.231595
0.058437
0.597505
-0.554918
0.109915
-0.078512
0.436673
2.825310
-0.380328
-0.402527
-0.031329
0.054484
0.098390
0.006306
-0.234326
-0.259679
-0.317323
0.043518
-0.191601
0.093956
0.191087
0.478852
-0.043332
0.333218
0.375018
0.330892
0.308921
-0.440764
0.255448
-0.221026
0.453124
0.217699
0.223508
0.092671
0.419155
0.074700
-0.417441
0.093077
-0.048744
2.739637
-0.570524
0.108317
0.389901
-0.222472
0.063863
-0.154462
-0.004060
0.370164
-0.269929
0.290418
0.039391
-0.201557
0.220633
-0.208241
0.339900
0.016827
-0.222922
0.311292
-0.388859
0.155140
0.351522
0.206423
-0.129133
-0.387103
0.346431
0.285913
0.285090
-0.323671
0.056700
0.180037
-0.125153
-0.132541
0.267743
-0.150086
-0.264673
0.228103
-0.042667
0.271863
0.011952
0.449900
-0.114640
0.091694
0.041058
-0.370240
0.007340
0.414402
-0.338831
-0.304615
0.064787
0.465334
-0.216338
0.261035
-0.040927
0.095003
-0.216626
-0.139849
0.339390
0.337237
0.089836
-0.311237
-0.141787
0.296899
-0.757739
-0.295229
0.346666
0.528917
-0.259684
-0.001323
-0.338221
0.117869
-0.193152
0.266101
0.409299
0.055043
0.055597
-0.045524
0.310878
0.329466
-0.044410
3.352271
0.159904
0.269327
-0.268630
0.107880
-0.737085
-0.310839
-0.005597
-0.299251
0.407304
-0.065874
-0.373830
0.409418
-0.184110
0.247955
-0.179863
0.239413
-0.173875
0.338865
0.275603
0.054206
0.424465
-0.008697
-0.282528
0.106448
0.384856
0.156106
2.838088
0.111327
-0.179730
-0.201175
0.004996
0.223078
-0.045634
-0.017752
0.179834
-0.027821
0.251614
0.411565
-0.319721
0.208321
-0.219779
-0.358069
0.376355
0.220108
-0.234872
0.211582
-0.168018
-0.299628
0.280479
-0.190336
0.308526
0.252316
0.055412
-0.288366
-0.030555
0.067678
-0.320845
0.446847
-0.156093
0.761686
-0.405504
0.008847
0.013893
0.325474
-0.163271
0.223358
0.071353
0.020476
-0.224536
0.106688
0.201697
-0.636881
0.346176
0.306851
0.121897
0.252583
0.033713
0.404888
0.063414
-0.213152
-0.171871
-0.353520
-0.306378
-0.309093
-0.296996
2.777815
-0.214920
0.359385
-0.162938
-0.228920
0.052639
-0.243004
-0.214452
0.067351
-0.263125
0.142273
-0.107843
-0.137950
-0.339684
-0.030365
0.331507
0.488875
0.308500
-0.114103
0.209593
0.533770
-0.299524
0.312391
-0.247437
-0.372247
0.188331
-0.266099
-0.050295
-0.336545
0.153397
-0.414647
0.248351
0.247934
-0.222183
0.270924
-0.281850
0.035758
0.574553
0.330982
0.224871
-0.223266
-0.283601
-0.773461
0.045489
-0.395646
-0.040492
0.310981
0.145730
-0.038093
-0.000131
-0.036212
-0.183348
-0.043983
0.141069
-0.145515
-0.516147
0.349866
0.334146
0.169378
0.373003
0.229897
-0.104767
0.345114
0.257158
0.173015
0.692374
0.027678
-0.305884
-0.257298
0.178496
0.238347
-0.227605
0.363539
0.326985
-0.178162
0.172709
0.173446
0.100186
0.169864
-0.112328
0.499422
2.700754
-0.056367
0.187156
-0.211637
-0.428926
0.429277
-0.261056
-0.595996
-0.397323
0.098909
-0.322719
0.308734
-0.064613
-0.337102
0.173068
0.245804
-0.285930
-0.082698
-0.283796
0.427691
0.311438
0.279429
-0.752834
0.401390
0.025329
0.139790
-0.251879
-0.402959
-0.227570
-0.161741
0.162780
-0.042545
-0.036993
-0.417799
-0.402289
-0.338188
-0.280415
-0.032261
-0.135637
0.386682
0.262309
-0.469197
0.350546
0.489179
0.105579
-0.012876
-0.286665
-0.144076
-0.249309
-0.323759
-0.362836
-0.046400
-0.686258
0.318879
-0.184493
0.059334
-0.107991
-0.389228
0.004654
-0.244368
-0.319792
0.125245
0.170268
0.257623
0.382996
0.036731
0.226634
-0.009372
-0.721865
-0.037727
-0.164784
-0.079807
-0.328545
0.207705
0.329176
-0.165936
-0.135320
0.539744
0.232392
0.147757
0.094899
-0.168595
-0.164384
-0.252398
-0.125363
-0.358798
-0.054480
-0.030709
2.758534
0.321259
0.332769
0.256564
-0.191005
0.640330
0.309089
-0.260691
0.420192
-0.300538
0.214135
0.011661
0.202733
-0.397698
-0.395499
-0.312557
2.843459
-0.259079
-0.301937
0.447556
0.224531
0.204909
0.023928
0.330744
-0.306702
0.008495
0.229002
0.313948
-0.034871
0.420626
-0.333046
0.294684
0.268868
-0.295260
0.008639
0.422792
-0.432051
0.372924
-0.300502
-0.060147
-0.262583
-0.362272
0.179915
-0.298357
-0.350448
-0.395922
-0.145908
-0.011678
-0.051811
2.770087
-0.394977
0.204932
-0.233513
0.147592
-0.093303
2.930159
-0.217472
-0.472217
-0.167127
-0.449945
0.176721
0.071742
0.149865
0.147585
0.102253
-0.598430
0.110670
-0.459103
-0.256962
0.301385
0.115329
0.370166
0.122146
0.026147
0.048948
2.703845
0.127391
0.625987
0.274430
0.085280
-0.327100
0.300399
-0.137426
0.368248
0.033655
0.269207
-0.070187
0.094480
0.255123
0.415310
0.063672
-0.037407
0.181489
0.040907
-0.163031
-0.063293
0.383015
0.459820
0.248761
-0.408539
-0.056196
0.379839
-0.363737
-0.090014
-0.278434
-0.140643
-0.228666
-0.109935
0.334074
0.434773
0.310758
-0.353228
0.308080
-0.143240
-0.045328
0.168174
0.246659
0.067984
0.185990
-0.021055
-0.357463
-0.111657
2.821496
0.282279
-0.270350
0.091004
0.071438
-0.084627
0.089837
-0.132719
-0.021241
-0.010209
0.085621
-0.273565
0.219023
0.268234
-0.255498
-0.084933
-0.088043
2.860727
0.255343
-0.213956
0.315446
0.294252
-0.033078
-0.741614
-0.342569
-0.032609
-0.192982
2.456548
-0.013338
-0.143411
0.080788
0.361785
-0.243620
-0.395105
0.097558
0.449851
0.378585
0.598504
-0.331551
0.326785
0.026384
0.366812
-0.230706
-0.064046
0.205682
0.467216
0.119675
0.129984
0.137045
