0.204537
0.041758
0.439982
1.024899
0.281640
0.020650
0.296558
0.629344
-2.033572
-0.351836
0.005843
0.723287
-0.380768
-0.345554
-0.330637
0.720242
0.432404
0.045677
0.422275
0.274458
-0.026704
0.392580
-0.193360
0.117491
0.419637
0.270541
-0.223946
0.066663
0.151246
-0.170893
0.428851
-0.025892
0.041826
-0.209137
0.405176
-0.224929
0.405226
0.538415
-0.127932
0.281332
0.351221
-0.146740
0.095361
-2.194730
-2.210355
-0.390629
0.547228
0.065342
0.166625
0.078442
0.016216
0.224292
0.624834
0.144607
0.381889
-0.037935
-0.068641
0.095787
2.554039
0.266299
0.697606
0.576916
0.473178
-2.807104
0.197273
0.128080
0.270500
-0.117913
2.661924
0.266487
0.409807
-0.322475
-0.313065
-0.767726
-0.535227
0.026357
0.485557
0.236286
-0.289758
0.297156
-0.132589
-0.150343
-0.074830
0.988971
0.459025
0.374798
1.059721
0.334400
0.455331
-0.298150
0.222632
0.315928
-0.134864
0.152378
-0.034801
-2.022571
-0.025963
-0.253351
-0.207825
0.417891
0.194068
2.897512
0.270879
0.601932
0.378442
-0.186196
-0.189690
0.071552
-0.174270
-0.230841
0.829774
0.468415
0.637921
0.228555
0.374104
0.576855
0.848355
0.421476
-2.572385
0.064484
-0.002850
0.063461
0.227801
0.397831
0.172059
0.436879
-2.209451
2.593969
1.033292
-0.008980
0.162292
0.239994
0.502958
-0.070601
0.141285
-0.190500
0.346484
-0.333390
0.097607
-0.120586
0.764899
0.551919
0.450109
0.480423
0.387627
0.531107
0.209102
0.188011
-0.054102
0.083393
-0.380430
-0.052027
0.175324
0.828394
0.265889
0.085927
1.133106
0.488773
0.737876
-0.273180
0.337334
0.006378
0.055925
-0.231350
-0.398618
0.039153
0.694627
0.377886
0.462481
0.021256
-0.142759
0.372540
0.568350
0.386121
-0.181462
0.453562
-0.013678
-0.183721
-0.128148
-0.296979
0.316752
0.471257
0.089791
0.140904
-0.190797
0.098255
2.685985
-0.378867
0.163033
-0.012745
0.514304
0.922385
-0.296776
-0.148426
0.241924
-0.420548
0.668619
0.236458
-0.106593
0.348895
-0.298448
0.169487
0.301218
0.700116
0.210476
0.115447
0.500985
-0.501957
-0.357619
0.157545
0.544106
-2.431188
0.488600
-0.176034
-0.219623
0.375212
-0.088136
0.308209
0.112472
0.341257
-0.163024
-0.175304
-2.331599
-0.368350
-0.377186
0.656171
0.502653
-0.220657
-0.073039
0.453834
-0.180524
0.356591
-0.073272
0.362401
-0.203012
0.013557
0.272630
-0.263161
0.231054
-2.339174
0.823296
0.289178
0.219041
0.058940
0.589648
0.556577
0.217827
0.288701
0.000482
0.338040
2.782243
-2.522644
-0.107746
0.134113
0.109314
0.300162
2.785428
0.395251
0.224912
0.326447
-0.288828
-0.225421
0.423266
0.139110
-1.794802
-0.087535
0.892094
0.507117
0.061627
0.660690
-0.191925
0.259351
-0.294346
-0.239973
0.511517
-0.148481
-0.101211
0.660449
0.088832
-0.238436
0.467818
0.230341
2.556077
-0.198235
-0.739486
0.091253
0.441287
0.766067
0.549547
-0.188605
-0.047010
0.420450
0.251426
0.092224
-2.314200
1.052608
0.816051
0.207245
-0.187048
0.060785
-0.021966
0.028823
-0.294281
-0.243827
-2.040678
0.233804
-0.524321
2.786883
0.336905
0.483895
0.440064
-0.243902
0.158263
0.058753
0.308646
0.654695
-0.160870
0.776938
-2.594722
-0.301636
0.403252
0.548817
-0.675912
-0.100252
0.332423
2.742521
0.548123
0.402629
0.009714
-0.272431
0.619003
-0.338366
-0.166444
-0.347663
-0.695873
0.496289
-0.213737
-2.369277
-0.028308
0.175141
-0.233902
0.129941
-2.365939
0.399771
0.739896
-0.276529
-0.153226
-0.542140
0.363820
-2.383721
-0.057791
-2.499661
-0.903932
0.924488
-0.386845
-0.769169
0.370379
0.144082
0.356824
-0.365399
0.021670
0.195781
0.438992
-0.260370
0.314894
0.476123
0.051964
0.730517
-0.000917
0.475463
-0.135661
0.197639
0.412962
0.311167
-0.273090
0.461928
-0.100622
0.170201
0.095010
0.484116
-0.286760
0.502022
0.073147
0.021610
0.334649
0.007466
-0.174151
1.254004
-2.296915
0.415188
0.529675
0.564651
-0.392364
-0.146225
-0.130177
-0.032703
-0.220251
-0.464902
-0.386933
-0.212235
0.193491
0.629801
0.308315
-0.694541
0.189129
0.061228
0.819830
0.662361
0.411974
0.274738
-0.481529
-0.434860
0.200676
-2.314540
0.057161
0.374633
0.101041
0.149720
-0.068226
-0.339508
0.217246
2.634275
-2.448355
-0.759273
0.272626
-0.265766
0.571566
-0.181109
-0.251084
0.548595
0.153933
-0.768680
0.019883
0.197452
0.307783
0.474045
0.236931
0.244117
0.158229
-0.409244
-2.035214
0.441094
-0.089807
-0.082270
0.810070
-2.749596
0.344392
0.172152
0.617897
0.031325
-0.308763
-0.388956
0.014036
0.557628
0.392047
0.347402
0.038605
1.055982
-0.377226
0.190629
0.278947
0.385470
0.209543
0.504908
0.376307
0.406580
-0.086472
0.047087
-0.080834
0.651968
0.173675
0.080339
-0.077355
-0.244213
0.250404
-0.123881
-0.122860
0.672294
0.022298
-0.178812
0.504088
0.096092
-2.413981
-0.039396
-0.214366
-0.034129
-0.109290
-0.000165
0.406423
-0.137041
-0.100904
0.063862
0.138973
0.353920
-0.181236
2.935696
-0.336573
-0.009096
-0.673804
-2.280122
0.117007
0.080983
0.101966
0.626404
0.191992
-0.034076
2.890588
0.317042
0.646899
0.405047
0.320193
0.030081
0.210542
0.168880
0.252859
0.353007
0.372316
2.536070
0.517680
-2.637813
0.613265
-0.042262
0.264944
0.705188
0.249128
0.368296
0.479014
-0.441570
-0.010482
-0.158642
0.283827
0.592491
0.325222
0.402292
0.036176
0.094046
0.447764
-0.284902
0.409855
-0.174148
0.370056
0.301768
-0.359634
0.157089
1.306465
0.247905
-0.091087
0.280137
0.023834
0.464551
0.272204
-0.335905
0.040801
-0.306238
0.283734
0.326302
0.682281
-2.394805
0.250009
0.523315
0.472495
-0.462897
-0.374942
-0.342552
0.341797
0.805640
0.020918
-0.045733
0.381232
0.020102
0.425101
-0.173187
-0.754735
0.271971
0.175095
0.830217
-0.582401
0.400332
-0.217105
0.382959
0.797200
0.333002
0.077294
0.778754
-1.980946
0.366053
0.367220
-0.466072
-0.775445
0.261207
-0.094773
0.151658
0.679491
-0.305514
-0.410667
0.054523
0.147103
2.804488
-0.313602
0.723396
0.231306
0.316113
0.228603
0.111037
-0.059577
0.537984
0.005052
0.432781
-2.335425
0.546275
0.157885
-0.130996
0.690866
-0.049867
0.642220
-0.025651
0.173519
-0.261649
0.345187
0.599987
0.554198
-0.007362
-0.457782
-0.040152
0.008523
-2.186422
-0.144492
0.712342
-0.455851
-0.115814
0.299662
0.282565
-0.537415
0.008017
-0.224791
-0.316999
0.686826
-0.535133
0.322813
-0.139957
-0.011956
-0.068156
-0.319605
0.497756
0.481164
-0.404070
-0.246411
0.519096
0.761545
0.062676
0.232516
0.616909
0.280538
0.159208
0.306150
0.334615
-0.178968
-2.423706
0.063476
-0.264417
2.552280
0.099399
0.807832
0.869034
1.217921
0.320968
1.243752
0.046027
0.325548
0.430828
-0.190629
0.036347
-0.334390
-0.402746
0.166312
0.202267
0.499847
0.647158
0.915314
0.304600
0.263214
0.361004
-2.692971
0.078052
-0.293301
0.219253
-0.448240
-0.017112
0.303105
0.240171
