-1.570796
3.141593
2.622447
1.508378
0.726642
-1.626295
3.338988
-2.158799
0.566729
1.076855
-2.142134
2.863293
-2.226492
-1.158386
0.165149
3.141593
0.117109
2.553590
1.249046
-2.850136
-0.785398
-1.051650
1.030377
0.610726
-2.403778
0.785398
-1.633215
-2.761086
-2.714965
-1.723446
-2.930499
-1.428899
1.480136
1.512041
-1.227772
2.709185
0.090660
1.675673
0.000000
1.107149
-2.034444
-0.588003
-0.321751
2.408778
-1.453688
2.843094
-2.236766
2.191046
-2.961739
1.428899
-2.245537
0.343024
-0.071307
-2.308611
-2.098871
-0.499347
0.531724
-1.768192
-1.515298
-3.141593
-2.553590
2.819842
1.801887
-0.785398
1.633215
-1.961403
-2.060754
-2.455863
2.677945
-1.570796
0.000000
-2.798569
2.798569
-1.892547
1.249046
-2.466852
-2.279423
1.058407
-2.122451
-1.637364
0.999459
-2.111216
3.030935
0.321751
0.643501
-1.937970
-0.286051
0.588003
-2.439336
-1.789465
1.869295
0.732815
-0.785398
-2.319174
-2.176341
-1.789465
2.142134
-2.622447
-2.408778
-2.064738
-0.643501
2.142134
-1.951303
-2.236766
1.107149
-1.310194
-0.124355
0.982794
2.231839
1.570796
3.009041
1.919567
-1.849096
-1.703348
-1.570796
2.214297
-0.055499
-1.222025
2.896614
2.312744
1.869295
3.360262
-2.256526
1.203622
-1.460139
-2.498092
-0.965252
0.380506
-0.418224
2.819842
-1.508378
-1.107149
-1.681454
2.214297
-1.144169
2.466852
1.723446
-1.670465
1.428899
-0.380506
3.316265
0.066568
-0.463648
-2.956245
-1.937970
-2.553590
0.062419
-2.782822
-0.896055
-1.681454
-1.797595
-0.141897
0.927295
0.519146
-0.685730
-0.694738
0.828849
0.694738
-2.308611
0.610726
1.152572
-2.102520
0.348771
2.396173
-2.176341
0.218669
2.512796
2.356194
-2.485897
-1.975688
-1.570796
2.003204
-0.394791
2.034444
3.024484
-1.051650
1.687905
-2.736701
-2.459276
0.348771
0.260602
1.325818
1.873681
-1.363300
1.929567
1.653938
1.975688
0.665969
-1.487655
-0.822418
2.414950
-0.785398
2.863293
-0.868539
2.308611
0.885067
0.432408
0.519146
-2.704965
0.528074
-0.463648
-2.289626
-0.132552
3.212900
2.356194
-2.736701
-0.655696
-0.876058
-1.180189
2.356194
-2.176341
-1.203622
2.567288
-0.519146
2.774419
0.566729
1.107149
-1.190290
-1.022247
2.567288
-0.165149
2.064738
2.651635
-1.815775
2.137526
-0.244979
2.729182
3.070285
1.951303
2.083186
1.222025
0.000000
1.876675
0.685730
-0.124355
2.356194
2.642246
1.849096
-3.058451
2.466852
0.999459
0.588003
-0.211093
-1.051650
-0.412410
-0.432408
1.325818
2.273053
-0.785398
-0.785398
2.677945
2.226492
0.244979
-1.051650
0.185348
1.637364
2.089942
-2.446854
-2.446854
0.856706
0.058756
1.873681
1.190290
0.876058
0.571337
2.181522
3.265948
1.570796
0.298499
-2.034444
-0.785398
-2.530867
1.063698
-0.588003
-0.076772
-1.494024
-0.540420
-0.226799
2.642246
0.197396
3.212900
1.019141
-1.570796
-0.960070
1.343997
1.063698
2.214297
2.870646
2.774419
-2.399645
-0.868539
1.152572
3.204011
2.432966
-0.244979
2.798569
3.141593
-0.244979
1.051650
2.782822
2.601173
-0.278300
-0.152649
-2.589938
-2.034444
2.203545
2.226492
-2.098871
0.828849
-1.284745
-1.815775
0.904827
2.316216
-0.620249
-2.432966
-1.675673
2.356194
-2.312744
-2.855541
0.218669
1.212026
-1.681454
1.670465
-2.574863
3.006065
-0.620249
-0.090660
1.165905
2.158799
3.283490
1.633215
-0.909753
2.709185
-1.797595
2.553590
-2.677945
-1.892547
3.258701
1.325818
1.222025
-0.062419
-2.356194
-1.249046
-1.797595
-1.989021
0.185348
2.843094
0.694738
-1.385448
-2.158799
-0.197396
1.203622
2.601173
0.174672
2.007423
1.570796
2.356194
-2.896614
-1.570796
-2.403778
0.055499
1.937970
-2.988943
-1.418147
3.141593
2.279423
3.089010
2.647651
0.000000
-2.422763
-0.412410
-0.828849
-0.558599
1.512041
1.352127
0.655696
-1.107149
-2.782822
2.589938
2.521343
-2.956245
2.944197
0.832981
2.729182
0.868539
2.485897
-1.460139
0.000000
2.455863
1.203622
0.463648
-1.310194
0.380506
-0.785398
0.620249
0.741947
-1.212026
-2.838708
1.480136
-2.034444
-1.873681
0.665969
-0.745419
-2.880990
1.504228
2.064738
-0.828849
0.785398
1.797595
2.647651
1.212026
-2.214297
1.438245
-2.966920
-0.909753
2.060754
3.326941
2.455863
-2.914794
2.530867
-2.158799
-2.466852
1.134169
-0.632749
-1.768192
2.944197
-2.536048
1.292497
-0.152649
0.540420
0.519146
-1.418147
1.801887
0.832981
-1.405648
-0.062419
0.286051
0.394791
1.756144
3.372683
2.446854
-1.913820
1.313473
-1.107149
-1.051650
-1.203622
2.316216
-1.919567
-2.089942
2.647651
3.265948
-0.321751
2.601173
-2.356194
2.850136
-1.460139
0.226799
-1.264917
-1.797595
2.819842
-1.937970
-1.138389
0.321751
-1.951303
-0.694738
1.768192
-1.892547
3.141593
-0.244979
-2.701750
2.896614
1.892547
-0.904827
-1.570796
3.200348
1.975688
2.961739
-0.655696
2.265535
3.041924
-1.199905
-2.480549
2.408778
2.111216
-0.643501
2.396173
0.844154
2.439336
2.512796
-1.217806
1.570796
0.950547
-1.385448
0.197396
-1.508378
-0.463648
0.528074
1.647568
3.070285
1.310194
-1.937970
-2.774419
2.622447
2.746802
-2.455863
-0.785398
2.356194
2.536048
-0.965252
-1.107149
1.633215
2.701750
0.493941
2.289626
2.273053
2.060754
2.034444
1.570796
1.929567
0.270947
-2.651635
-1.042722
-0.960070
1.076855
2.701750
-2.129396
-2.142134
-0.574305
0.174672
3.444478
-1.781890
2.226492
-2.701750
-1.876675
-0.643501
-0.868539
-1.385448
0.927295
2.944197
-1.428899
-2.613518
-1.480136
-1.107149
1.681454
1.138389
-1.284745
-1.637364
-1.460139
2.279423
2.034444
-2.729182
0.000000
1.292497
2.111216
-0.982794
-0.942000
-0.165149
0.152649
2.403778
-0.837981
3.141593
-2.396173
2.709185
0.566729
-2.303611
0.785398
-1.512041
3.141593
1.983207
0.904827
1.951303
-1.042722
3.252250
2.199593
-1.815775
-2.819842
1.695151
1.004067
0.876058
2.843094
2.034444
0.000000
-2.677945
-2.498092
3.224734
2.736701
-2.677945
2.647651
2.142134
1.130954
1.249046
-2.704965
1.831399
-1.042722
-1.058407
-1.681454
-1.570796
-2.265535
0.463648
-2.122451
-2.466852
1.997424
0.058756
-2.060754
2.432966
-2.761086
0.000000
-2.677945
-1.299849
1.975688
2.613518
0.876058
-1.797595
1.570796
1.892547
3.208161
2.930499
-0.685730
-0.463648
-2.761086
3.427644
1.428899
0.851966
1.951303
2.863293
-2.356194
0.785398
-1.222025
-2.593043
0.321751
2.988943
1.941688
0.493941
2.089942
-0.528074
-2.158799
-0.278300
-2.622447
3.306741
0.489957
-1.873681
0.394791
-1.004067
2.034444
-0.197396
-0.685730
-2.930499
-0.390607
1.227772
0.493941
-0.708626
2.273053
0.000000
0.665969
2.677945
0.896055
0.909753
1.512041
1.107149
2.316216
-1.487655
0.896055
2.553590
0.000000
2.356194
-2.245537
2.930499
2.896614
1.570796
-1.975688
1.629552
0.927295
-0.244979
0.291457
-0.394791
-2.455863
1.249046
2.601173
1.051650
-1.460139
-2.265535
-0.551655
-1.080839
-0.558599
3.522099
-2.142134
-2.403778
-2.111216
2.723368
3.009041
