-0.896055
2.122451
-0.574305
0.278300
-1.107149
1.801887
0.367174
-0.058756
-2.642246
-2.439336
-1.190290
3.024484
-2.265535
-2.308611
2.455863
0.000000
0.685730
-2.570255
2.446854
2.064738
1.508378
-1.203622
-1.080839
2.526930
0.257324
-2.321725
0.785398
1.165905
0.868539
1.969319
2.914794
-2.265535
2.158799
-2.111216
-1.801887
-2.408778
-0.489957
1.264917
2.226492
1.687905
-1.158386
1.249046
1.190290
0.380506
2.884269
-2.736701
1.373401
-1.910089
1.396124
-0.358771
-2.158799
0.620249
-1.272297
-1.446441
-0.965252
1.405648
0.982794
-1.107149
1.892547
-2.089942
-1.841743
1.190290
-0.982794
-2.393215
-2.034444
-2.034444
0.489957
-0.266252
-1.249046
2.176341
-1.212026
3.427644
-2.657115
1.642104
-1.460139
0.876058
-1.687905
2.709185
2.003204
-2.976444
3.440092
2.034444
-0.643501
-1.212026
0.404892
-1.681454
0.702257
-1.687905
-0.741947
-1.190290
0.982794
0.000000
2.880990
2.356194
1.892547
-2.034444
1.815775
0.682317
0.965252
2.956245
-1.815775
1.267911
-2.399645
2.319174
-2.060754
-1.460139
-1.165905
1.695151
-1.158386
-0.302885
-0.489957
1.869295
-2.396173
-0.148890
-2.034444
-0.655696
-2.782822
0.321751
2.396173
-0.058756
1.030377
-2.910502
-0.528074
-1.756144
0.832981
2.226492
0.938047
1.212026
-1.227772
3.316265
-1.801887
-1.637364
-0.071307
-1.405648
-0.058756
-2.508844
1.831399
-2.704965
-0.876058
-0.071307
0.694738
2.508844
-2.007423
-1.856848
1.299849
1.438245
1.570796
-2.729182
-2.145101
-1.929567
-2.622447
0.286051
1.712693
3.204011
1.396124
1.570796
3.089010
-0.367174
-1.873681
-0.927295
0.117109
1.227772
-2.553590
-2.677945
-0.302885
-2.884269
-1.801887
2.956245
1.913820
0.965252
-2.647651
-1.107149
0.825377
-1.727398
-1.983207
-2.439336
-1.267911
0.708626
2.226492
-1.681454
0.828849
1.373401
-1.983207
2.273053
-0.404892
2.782822
-0.732815
-2.589938
-0.571337
-0.174672
-0.244979
-2.396173
-2.446854
-2.988943
0.982794
-2.265535
0.558599
-1.929567
1.076855
-2.761086
-2.819842
1.873681
1.637364
-1.989021
1.453688
-2.553590
1.745469
1.352127
-1.325818
1.703348
2.601173
-1.828120
2.089942
0.965252
-2.536048
2.746802
2.007423
2.863293
0.694738
1.570796
-2.521343
-1.080839
2.226492
-1.695151
-1.703348
2.265535
0.343024
-2.570255
0.278300
-1.019141
-0.339293
0.211093
2.356194
0.432408
-1.231504
0.741947
-2.176341
1.508378
-0.062419
-2.536048
-0.432408
2.466852
1.446441
-2.761086
2.485897
1.837048
0.588003
-2.111216
1.941688
0.062419
3.036716
-2.356194
1.712693
-2.798569
-0.868539
0.571337
1.570796
-0.197396
0.885067
0.915101
2.966920
2.279423
-2.279423
0.588003
2.111216
3.208161
0.404892
2.265535
2.399645
-2.010639
1.723446
1.801887
-2.819842
-1.961403
-1.570796
0.062419
-1.172274
-0.785398
-1.325818
-1.642104
2.060754
-2.226492
2.804918
-1.359703
0.343024
-0.404892
2.214297
-0.551655
-3.208161
-0.785398
2.651635
-2.880990
3.036716
2.677945
-0.165149
-0.489957
-0.965252
0.104877
2.521343
-1.004067
-2.485897
1.637364
2.819842
2.582993
-0.436627
0.244979
2.570255
-2.855541
-2.485897
2.319174
1.929567
-1.910089
2.966920
-0.110657
1.661456
0.226799
-2.083186
1.310194
0.628796
-1.373401
1.494024
2.303611
-2.601173
0.197396
3.265948
2.356194
-1.873681
-0.540420
3.208161
-2.855541
2.944197
-0.244979
0.418224
-1.910089
-1.180189
0.785398
1.267911
-2.609869
3.036716
3.316265
1.453688
-1.629552
2.403778
-1.856848
2.914794
-1.438245
0.540420
-0.674741
1.975688
1.941688
-1.789465
0.132552
1.107149
-1.325818
-2.455863
0.571337
-2.356194
1.138389
-0.571337
1.626295
0.321751
-0.950547
-2.245537
0.904827
2.316216
0.066568
-2.119346
3.208161
0.828849
-0.982794
0.737815
-0.588003
2.944197
-1.428899
2.875341
-2.089942
-1.515298
3.197091
-0.463648
3.204011
-1.076855
0.950547
1.172274
0.062419
-1.231504
2.064738
-2.654693
-2.699218
-2.393215
1.681454
-1.941688
-0.321751
2.399645
2.034444
2.191046
1.051650
1.212026
2.934096
-1.373401
-1.063698
-1.961403
-0.996491
-1.292497
-0.321751
-0.380506
2.142134
-2.508844
0.302885
-0.071307
2.214297
-1.951303
-2.910502
-0.748378
0.551655
0.493941
-0.694738
2.966920
-2.111216
2.553590
1.687905
2.408778
-2.729182
0.588003
-1.227772
2.884269
-2.475623
2.718739
2.704965
0.785398
-2.007423
-0.132552
2.256526
3.082837
2.704965
2.976444
-0.066568
-2.356194
0.244979
0.412410
-2.356194
0.211093
-1.325818
1.272297
2.956245
-2.122451
0.540420
2.034444
-0.574305
-2.245537
-2.570255
2.629203
-1.190290
3.316265
1.446441
-1.504228
1.983207
0.528074
-1.629552
-1.310194
-1.929567
-0.339293
2.446854
-3.204011
2.944197
-2.356194
-2.819842
0.278300
1.969319
-2.279423
-0.528074
0.551655
-2.236766
-0.110657
-0.367174
1.768192
-0.519146
-1.570796
-0.655696
-2.236766
1.475845
1.212026
-2.539305
1.756144
2.601173
-2.677945
-1.518213
1.058407
0.174672
0.298499
-1.801887
-2.446854
-2.701750
1.453688
1.629552
2.880990
-1.778293
3.079174
2.880990
-0.055499
0.321751
0.588003
0.566729
-1.231504
0.298499
0.726642
-2.356194
2.498092
-0.868539
1.083897
1.876675
-2.214297
-0.380506
-2.819842
2.677945
0.519146
0.828849
-2.034444
3.316265
-0.876058
-0.785398
-1.051650
1.695151
0.748378
1.051650
-2.176341
1.913820
-1.951303
-2.589938
-0.062419
2.570255
0.058756
-1.983207
0.000000
1.051650
-2.356194
-2.647651
1.633215
0.132552
-1.929567
1.004067
1.499489
1.515298
1.856848
-0.211093
-2.312744
-2.761086
2.984991
1.841743
0.737815
-0.370891
1.681454
1.629552
1.512041
-0.197396
1.745469
3.141593
-2.446854
-1.873681
2.319174
2.589938
1.030377
-0.124355
-1.515298
-2.142134
1.051650
1.176005
-1.158386
-0.132552
1.030377
-0.694738
-1.828120
-0.785398
-2.934096
3.070285
1.107149
-1.768192
1.051650
0.885067
0.260602
2.356194
1.284745
-2.677945
-0.828849
1.212026
1.873681
-1.134169
-2.802300
-1.292497
0.844154
2.709185
1.647568
1.231504
-2.245537
-1.687905
2.399645
2.896614
-2.677945
0.785398
3.265948
-2.629203
2.007423
-1.801887
2.111216
1.768192
-2.273053
2.647651
-2.750986
-2.570255
-2.704965
2.455863
1.019141
-0.828849
2.896614
2.393215
2.761086
-0.876058
0.055499
-0.825377
2.622447
1.570796
0.062419
1.343997
-0.197396
-0.785398
0.343024
1.107149
-2.414950
-2.918116
-2.553590
-1.512041
-0.685730
2.034444
1.508378
-0.785398
3.338988
0.000000
-0.708626
-1.249046
2.356194
-0.380506
1.042722
-0.321751
1.042722
1.892547
-2.356194
-1.856848
-2.265535
-0.862170
0.226799
2.485897
0.785398
2.782822
0.927295
0.071307
-0.141897
0.965252
-1.385448
1.695151
-2.245537
-0.571337
3.208161
-1.862253
1.080839
-1.446441
1.030377
2.976444
1.267911
-2.601173
-0.614663
-2.498092
-1.446441
-2.651635
3.075024
-1.508378
2.089942
1.781890
-1.107149
2.034444
1.929567
2.539305
-2.111216
2.677945
0.643501
0.000000
-2.750986
-0.052583
2.956245
-1.687905
2.870646
2.838708
