-0.805003
1.702112
-1.709436
10.173156
-1.294990
-2.332389
-2.089942
1.277207
-4.889098
-1.152572
9.143006
-1.378096
-0.653636
0.697021
-1.154732
-2.081285
-0.836635
-2.143256
-2.044648
-0.183943
1.852568
-2.699218
-1.735945
9.746529
-1.165905
-2.534988
2.872425
-1.282741
-10.615068
-1.115023
0.177596
-1.659452
-4.037648
-2.270689
1.051650
2.819842
-3.328572
-0.819867
2.627987
1.779262
1.675673
1.965587
0.108661
-1.428899
-0.691921
-1.449444
-0.138640
0.327739
-0.289504
3.171886
1.400061
-1.663553
-0.208465
-2.772259
2.589938
-0.867183
-0.931882
-0.773351
-2.767259
1.405648
-1.594048
1.294990
0.147849
-1.941688
-0.299776
9.554480
-1.428899
-1.570796
-2.768605
-1.170556
7.609003
-2.105751
-3.088072
2.669471
1.002272
1.719686
1.663553
-1.699120
1.473069
-0.650421
2.982937
-4.235044
-0.018180
-0.540420
-1.314645
-1.398606
1.826948
0.367174
2.455863
9.192221
-2.935269
-0.821097
-0.592697
-2.391894
-2.044648
1.471128
-4.076551
-4.177994
-1.981861
-4.529278
-2.023575
-2.233999
-2.574863
2.245537
0.329050
-0.851966
0.893088
2.253113
2.498092
-0.892134
1.712693
2.772897
2.193099
-5.680898
-10.483185
2.618314
1.217806
-5.678880
-2.912361
1.929567
-0.729900
-2.241940
-2.980218
1.055724
1.433730
-1.144169
-3.678877
2.025516
-2.526930
-2.199593
1.821799
-0.581905
-1.773118
1.286066
1.206817
-0.576375
-0.315616
0.106736
0.969723
-1.096945
-1.433730
-1.051650
-1.154732
-2.790865
-2.372586
1.831399
1.978052
-5.789244
-0.090660
9.381327
-0.745419
-2.813854
0.270947
0.643501
1.415800
-0.115759
2.386488
-0.872894
1.794273
-1.772559
0.232557
-1.325818
2.498092
-1.095786
-1.144169
-2.743965
-0.730907
1.951303
-0.746457
0.628796
9.143006
-1.241747
-2.692869
3.017238
2.543174
-1.261866
-0.079830
-0.073041
-0.532844
-1.712693
-1.220068
-1.750650
-0.216085
-3.343914
0.550386
-2.442400
-4.485590
1.965587
2.403778
-2.463884
0.548549
0.628796
-3.030935
-2.979755
-1.501940
1.386853
0.486899
0.257324
-2.420621
-1.088283
-5.130613
1.190290
10.476428
-4.781245
3.398916
0.528074
-0.205395
1.752965
2.169972
-1.295886
-0.192701
0.065125
-0.278300
-3.075024
-1.699120
-1.732171
-0.497822
-1.698306
-0.982794
2.795054
-2.566168
-3.612487
2.165010
-1.325818
-0.770015
-1.366778
0.691921
0.204642
-2.013171
-1.020410
-3.926991
-0.612538
-3.024484
0.921801
0.687671
1.997424
-1.431356
2.023575
-0.831519
9.276929
0.536435
2.988943
0.932477
-2.660705
-3.846087
-2.443690
2.384758
-1.033512
-4.508371
2.214297
-0.514451
2.305391
2.559688
-1.673878
-2.523837
-2.308611
0.024995
0.000000
0.192048
1.852568
0.090660
-2.699218
1.128422
-2.523448
-0.634023
-1.482140
-2.825622
1.267911
3.072736
-3.260083
-2.826378
-3.099065
-3.407845
0.849825
-2.484518
2.106608
2.098871
3.802636
-2.748142
-1.225241
-2.566168
0.671963
-4.588034
-2.777614
9.259629
-2.070143
-0.710909
-0.124355
-3.050933
-1.277207
-0.336675
0.504166
0.069655
1.570796
-1.030377
-0.079830
0.034469
-1.057190
-1.359703
-0.092756
-1.795507
-1.152572
-2.317752
-2.325901
0.854255
1.249046
-4.575323
0.108661
0.356220
-5.906276
2.223643
-1.973117
1.665748
0.380506
1.681454
-3.676548
1.168926
0.685730
3.232253
-1.341564
-2.587285
-0.068076
2.866683
1.514253
1.735945
0.069655
-1.118018
1.226149
-1.772559
1.989021
-4.362075
0.588003
1.194835
-2.560212
-0.530773
-1.844964
-1.570796
-2.245537
-2.274410
-1.263751
-4.778957
-3.926991
1.214577
-1.926432
-0.121352
0.134321
2.595426
1.716106
2.578276
2.387434
-0.034469
-0.145310
-1.774814
-1.880499
2.218608
-1.533078
0.909753
-1.497756
-0.523278
0.550386
-5.047126
-4.508371
-1.174355
-2.725528
-1.390943
-3.006065
-1.095101
2.305391
-1.249046
0.344647
0.141897
-1.352127
-1.547545
9.131189
-1.735945
-1.373401
-0.609163
-2.152701
-2.004750
-0.588003
-1.774814
-2.547379
-0.635027
2.578276
-3.793462
-2.446854
-0.264488
-1.759018
-2.274410
-0.832981
-4.507747
-0.947597
-1.956679
-4.197938
-5.497787
1.837048
0.563316
-2.056418
-2.934096
2.183334
-0.169778
-0.235545
0.192048
-4.166734
1.421906
-1.147127
0.154319
2.323948
-2.819842
-2.238102
-2.659929
-1.858852
-0.074860
1.397551
-2.055274
0.602287
-3.399845
-0.746956
-2.609869
-1.951303
-2.137526
-2.179486
-1.546991
-2.129396
-1.594601
0.831519
-1.138389
-2.896614
1.217806
0.384605
1.797595
0.555494
-2.003204
-1.689286
-0.090660
-8.639380
-2.667193
1.969319
1.298650
3.381764
2.421039
1.544487
-1.423718
-2.819842
-3.877032
1.176005
0.244979
-0.401871
-0.404892
-1.325818
3.345611
-2.217844
-0.588003
-2.948892
-0.042528
0.734594
-1.117458
0.175940
-2.470449
-3.141593
2.081285
-1.241172
-3.370089
-3.082837
1.025141
4.746858
9.309019
-0.657889
-2.627987
0.363147
9.222456
-2.872425
-0.493941
-2.034444
0.982794
1.405648
2.268699
2.521343
-0.315215
2.586597
0.802346
-2.388441
3.170996
0.188222
-2.733961
3.188071
-1.030377
9.048817
-1.314645
-2.094716
-1.869295
-0.909753
-2.912361
8.990825
-0.847817
-1.951303
0.347062
1.237552
-2.630362
-1.019141
2.601173
-1.002272
2.840672
-1.804540
2.534605
-2.396173
1.527345
3.979574
2.644250
1.618379
-4.248741
-2.692869
-3.097177
-2.670952
-2.906048
-1.846222
0.583636
2.072887
-2.938547
-1.290260
2.647651
-2.152701
0.917950
-3.097177
-2.173084
-2.779048
2.279423
-1.975688
-0.286051
-2.868584
0.051237
-4.629248
-0.969723
-1.446441
-0.856706
-1.993650
0.566729
1.366778
-3.108272
-1.302430
-1.917858
0.968509
-3.926991
-2.283154
-3.360262
-1.341564
-0.769526
-1.107149
-0.192701
9.115847
-0.424194
-1.300947
1.929567
1.455920
-0.564084
-1.123276
-1.570796
-1.455037
1.603043
0.859337
-2.651635
-3.172832
-0.495552
-0.620249
1.237552
-0.857735
2.129396
-3.874408
-2.071810
-1.227772
-0.315616
2.484518
-2.015216
2.511191
-2.408778
0.661043
0.360566
0.484478
-2.591207
0.773053
-0.722979
-1.014630
-2.588298
0.090660
-0.064427
-3.176062
2.521343
0.321751
-0.152649
-0.976583
-2.201198
-0.858439
-3.969219
-0.718830
0.515073
-3.961460
-2.585426
1.190290
-1.460139
-2.761086
2.704965
-1.422947
-4.046420
2.743070
-2.191046
1.939492
9.231566
0.639386
-1.614247
-1.206817
2.553590
2.092231
0.938047
-0.597758
-2.909036
2.976444
-0.822418
2.416727
-1.875307
-2.464206
-5.716456
-2.934096
2.279423
-3.405556
-1.638873
-2.777614
0.974597
0.944535
0.563316
-2.856475
-2.872425
2.459276
2.214297
-4.957368
-1.162647
0.544280
-1.442473
-3.963120
-1.623379
0.136403
-2.053310
8.930837
-0.760403
-0.942000
3.209669
-3.185044
0.433953
0.950547
-1.637364
-5.636138
-3.850219
1.570796
2.356194
2.677945
-3.316265
-1.570796
-1.117458
-1.593015
1.452306
-4.419202
-3.256469
1.180189
-0.263964
0.785398
0.612538
-0.801270
-4.559740
3.094010
1.131937
-1.179096
-0.278300
-2.743070
-0.867183
1.295886
-1.147127
-2.677945
-1.078311
-3.690967
0.839890
9.393538
-0.507099
2.393215
1.907471
0.240171
-3.877032
2.025098
-0.708626
-1.087349
-2.432966
-2.774419
