-0.027020
2.509902
-2.790865
-3.971737
-0.113151
-3.246470
2.507570
1.389147
-3.715897
-1.373401
1.530003
-2.548243
-0.785398
-4.025265
0.643501
0.255182
0.287281
-3.041924
9.361035
-0.231091
2.687749
0.499347
0.739277
-1.645656
-2.605157
0.092756
-4.379145
-2.260596
-0.249587
0.078271
-3.656044
1.034361
-2.530867
-1.431700
-1.345520
-4.792219
-2.073640
-2.788602
1.198729
-0.255182
-2.541542
-0.739277
-1.728565
-2.800614
0.580756
-0.147078
0.524796
1.915444
-2.854311
-1.823351
0.182168
-1.182478
-4.106844
1.674589
2.140837
-2.369527
3.324703
-0.785398
-1.325818
-3.377138
-0.501013
2.450256
-2.111216
0.474400
-3.249283
-1.095786
1.845706
-2.569133
4.712389
1.993650
-2.385598
0.040794
-2.463473
-0.392340
1.006227
2.241940
0.862170
0.000000
0.785398
0.842479
-1.529154
-1.256564
1.382575
-0.463648
-0.600050
0.706199
2.295662
0.720971
1.854590
-0.327400
0.171379
3.164844
-3.050933
-2.785373
-4.377652
0.411065
2.906870
-1.283515
-2.890590
-1.810028
-5.221981
-2.532429
-1.115023
1.162647
-0.019997
-1.079633
-1.768192
-3.009041
0.705568
9.250106
-3.884762
-0.463648
2.226492
-2.798569
2.356194
-0.771700
2.239086
0.432408
9.276929
-1.046001
-2.533791
0.989416
0.610726
1.607816
-2.483704
0.000000
1.306308
-0.816638
-1.570796
-3.949714
0.689800
-3.188071
-0.042528
1.373401
1.608514
9.843002
-9.254043
-1.385448
1.803353
1.786881
-1.927416
-1.182478
-1.494024
1.719686
0.545655
9.083162
2.245537
0.772741
-1.496857
2.013171
-0.862170
-0.502843
2.498092
-0.700854
0.404892
-0.094952
-1.086318
2.340811
-1.539556
0.694738
-1.849096
2.129396
9.273763
1.906435
-0.429762
2.505084
0.502843
1.959115
0.426627
-0.056543
-0.812419
-0.674741
1.387686
-1.871717
-0.785398
-2.373142
-1.748392
2.077895
2.699218
-0.385883
-3.141593
-1.544487
-2.839974
-3.218365
2.042256
8.750037
1.022247
-3.723946
-1.683947
1.595182
1.331565
-4.390638
1.719686
1.490966
1.815775
3.120319
-1.157107
1.197809
-1.756144
-1.135443
-1.570796
-2.654693
0.493941
-2.948892
-2.129396
-1.921524
-2.332389
-5.695183
2.341703
2.339247
-2.508844
-3.067654
0.239232
0.950547
0.663203
0.454302
-4.645821
2.657115
-0.694738
0.514451
-0.771700
-1.870967
-10.955596
-0.601074
2.968347
-3.856684
-1.929567
0.612538
1.934775
9.223461
-2.951604
-1.849096
0.785398
-1.197809
1.048393
-0.982794
-2.252095
-1.439969
-1.593015
-2.627141
-0.361204
2.906048
-2.238102
0.047583
0.411065
1.281821
2.718739
0.489957
-3.195594
1.972667
-0.903490
-2.230106
-2.430134
-2.607884
2.983824
2.013171
2.677945
-3.141593
-2.414950
-0.690446
-0.614663
-2.148698
-3.224734
-2.094075
-1.778293
-0.622671
1.808632
-4.178681
0.588003
2.532903
-0.255182
-0.661043
-1.239700
0.428778
0.186979
-0.273009
-2.736701
2.034444
2.622447
-1.402199
-1.929567
-5.674022
-2.972996
-0.956133
-2.953371
0.603230
-0.244979
2.321725
-1.618379
2.003204
1.499489
-2.498092
-0.834539
2.214297
1.954614
-3.428874
-3.426323
0.207496
2.114629
-0.755995
-0.244979
-1.419781
-0.266252
2.553590
2.089942
1.570796
-0.671144
-1.815775
-9.888426
2.512796
-2.057696
-2.107232
-0.625485
-1.921111
3.117207
-1.912412
1.750650
1.308676
-1.443824
-1.079633
0.041643
0.463648
2.178598
1.155304
-2.047264
-1.334551
-1.190290
-0.532844
-2.201198
1.432790
2.634494
2.100386
0.785398
2.777614
-0.189199
-2.804918
-2.887919
1.666655
-3.958231
0.043451
-1.683524
0.446106
0.663203
-2.810497
2.775845
1.319794
-1.083897
-0.862170
1.152572
-0.492486
-0.088007
1.878849
1.757776
1.025141
0.239232
-2.430683
-2.133294
-2.153873
0.638914
1.570796
-2.329174
-12.701898
-3.903186
-2.424581
-1.352127
0.969723
-1.089133
2.677945
-2.075658
-2.993743
1.299849
-1.281821
0.083141
2.308611
-2.594030
-1.156289
1.319106
-2.165556
0.670522
-0.797743
0.602287
0.124355
-2.761086
-0.834539
0.343024
1.091277
0.218669
-2.885441
-0.390607
0.168207
1.100392
-4.052760
-2.437099
-1.886412
2.455863
-2.710900
-0.757628
-2.819842
-3.238846
-2.401618
-0.755995
-2.094716
-0.110657
1.999060
-0.348771
-0.218669
2.553590
-4.831818
-0.232557
-2.733444
1.222025
1.821799
-0.344647
-0.452778
1.490966
-3.380202
-2.585426
1.735945
-2.435394
0.272146
-0.455774
-3.180035
1.692639
-1.457645
-3.324703
1.723446
-2.654693
-2.181522
-4.918713
-1.460139
0.234723
-1.611590
2.151553
-1.707863
0.215358
-1.504228
-3.009041
-0.341615
-2.184566
-3.017238
2.255091
5.924415
2.901058
3.739351
-4.371410
-0.960070
1.946757
-1.335251
1.264917
-0.643501
-3.180035
2.948381
-2.567288
-2.050971
-2.997151
-0.725230
0.472907
-0.758378
-1.270625
-2.340811
0.221314
1.690225
-0.367174
-2.410196
1.097440
-2.087027
-1.369479
0.329624
2.653756
2.597312
1.524318
-0.570040
-9.300423
1.841743
-0.568525
0.394791
5.231535
-2.034444
-0.321751
-1.019141
0.367174
-2.804918
-1.548578
-1.286066
2.075658
1.455920
2.060754
-10.276744
2.356194
2.371578
2.034444
-2.547843
2.999696
-0.610726
-1.205595
-0.177596
1.092444
3.061763
-0.129703
1.097440
-7.520737
-3.164316
-2.259721
-2.539305
-3.669667
-2.892006
-0.389317
1.078987
-0.939106
0.156602
0.859887
-0.293589
0.411065
-2.024640
0.814801
-3.592254
0.684295
1.331565
2.613518
-1.912412
-3.091634
-1.873681
-1.389477
2.529055
-3.842853
1.590025
-1.033512
-3.064821
-2.470449
-0.927295
1.014630
-0.336675
-3.209669
-2.616009
-2.718739
-1.150133
-4.232870
-1.878849
0.161375
-1.287002
2.014245
-2.024135
-0.681298
2.222665
-0.703614
-0.708626
-0.266252
-2.743070
-2.075658
1.504228
0.310998
-1.644735
-0.337878
-1.983207
-3.243799
1.238737
9.259629
-2.241940
-2.582993
1.867342
1.810028
-0.831519
2.819842
-1.831399
0.946773
0.063743
-0.516695
-1.595182
0.000000
-1.951303
-4.141052
2.070143
-2.624898
0.665969
-3.969219
0.561922
-0.681298
-0.367174
-10.012781
-1.594601
-4.504893
-2.859821
-2.846152
-0.544280
-4.138084
-2.163799
-1.469107
-0.452778
1.272297
-4.752368
-1.725115
2.463473
-1.468590
-0.813962
-1.177738
-1.092444
0.755995
-0.270947
-0.708626
-2.831205
-0.655696
1.781890
0.814801
-1.202100
-1.356736
1.921524
0.484478
-4.493720
0.669639
2.140110
-2.563691
2.003204
0.851966
0.849825
-0.671144
-1.338239
2.543174
-2.717398
-2.129396
2.356194
-0.367174
-1.024630
2.726101
-0.211093
-1.589662
-0.341615
-0.233743
-2.131483
1.451367
0.971621
2.241318
-2.241940
-0.452154
2.480549
-2.356194
-0.847817
-0.722191
-3.822114
2.149321
-3.708322
-1.712693
0.367174
-1.349482
-2.850136
-0.785398
3.060141
1.263751
0.718830
-1.331565
1.993650
2.727903
-4.643532
-1.981861
-1.190290
1.609992
-2.440738
1.876675
-0.532844
-0.533708
-4.752368
-2.202771
1.969319
-0.807617
0.802940
0.631691
-3.177292
-0.286051
1.338239
0.141897
-0.174672
-2.901422
-2.516957
2.044152
1.614247
0.332059
2.111216
-0.438337
-2.733961
-0.205395
1.613324
-4.341498
-1.989021
-1.659452
-9.739010
-2.248505
2.772259
-1.229817
-3.163811
-3.177292
-0.638914
