1.661456
-1.997424
1.839964
2.966920
1.172274
-2.582993
0.086738
2.768605
-2.117585
-1.606495
0.348771
1.873681
-0.610726
-2.937575
-2.553590
0.927295
0.674741
2.777614
2.729182
-2.961739
2.880990
0.712358
-0.252554
-1.219352
-2.455863
-2.490516
3.009041
1.474323
-2.956245
-0.432408
-0.872137
2.988943
1.980924
-0.298499
-1.047518
-1.339706
1.854590
-0.880350
2.239086
-1.304544
-0.712358
2.761086
1.570796
-2.251318
-2.878598
-2.988943
-1.042722
0.510488
-2.386488
2.306236
-0.636508
-3.004526
2.664247
1.343997
2.053310
0.699893
-1.208252
-2.772259
-2.170847
1.538549
0.300920
0.534955
2.695487
-1.297788
-2.613518
-2.356194
-1.839964
3.141593
-1.074374
-2.245537
0.211093
-2.563691
-3.098142
2.181522
2.111216
0.616297
2.383215
0.785398
-1.190290
1.238737
-1.933341
0.244979
0.762147
1.190290
-0.715744
2.830594
1.310194
-0.205395
-2.589938
-3.058451
-1.768192
1.259798
2.563691
-0.999459
-2.875341
-2.932570
2.240435
-1.107149
-2.333976
0.813962
0.939717
-0.204018
-2.819842
-2.111216
-2.944197
1.494024
1.570796
-2.958482
0.837981
1.922241
-2.356194
2.085248
-0.283794
-0.624023
-0.049958
1.781890
0.300920
0.218669
1.677532
2.327631
1.269876
0.278300
-1.269876
0.000000
2.356194
3.109346
-2.331809
-0.482513
-2.333976
0.255182
-2.796037
-2.922924
3.030935
-1.506369
1.138389
2.480549
0.613207
-0.170735
-0.514451
0.262995
2.615526
1.833791
2.207305
1.269876
-1.721168
-2.677945
1.633215
-0.531724
-0.519146
0.321751
0.223477
1.212026
1.325818
0.785398
-0.881872
-1.066630
-2.622447
1.878849
2.505084
0.902507
-1.134169
1.653938
1.789465
-2.330559
-0.244979
-1.911775
-2.442933
1.993650
1.138389
3.009041
2.691833
1.919567
-2.510513
-2.150799
-0.235545
-0.132552
-0.737815
2.961739
-1.183921
-1.570796
2.638749
-1.170556
2.779048
1.325818
2.289626
-2.761086
-0.847817
-2.553590
-1.236059
-2.642246
0.735440
-2.429235
-2.384758
-1.317122
0.000000
2.904744
2.647651
-1.833791
-1.076855
3.141593
1.259798
2.429235
0.507099
2.064738
0.496423
-0.954499
-0.690446
0.432408
2.381830
1.169568
-0.890275
-0.674741
-2.553590
2.706922
-1.913820
-1.664273
3.017238
-0.657889
-1.603043
-2.007423
-0.363979
3.058451
0.321751
-0.972377
1.735945
-0.712358
-2.809533
1.261093
1.843805
-1.570796
-2.383215
-1.249046
0.172191
-2.473303
0.191184
-1.282741
0.288055
1.934775
2.927532
-2.956245
-0.605545
-1.756144
-2.579671
-1.971037
0.762147
0.561922
2.269456
-2.187093
-0.205395
0.721655
-1.071450
0.432408
2.662073
-2.060754
0.000000
-0.614663
-3.098142
-0.244979
-2.840672
-0.068856
1.144169
-1.178456
1.570796
2.754717
0.643501
-0.551655
2.356194
-3.020969
1.464061
-0.870903
2.863293
-2.051684
-1.750650
0.463648
0.093477
2.491722
0.756835
-1.373401
2.991221
2.525296
2.964884
2.279423
0.244979
2.999696
1.815775
0.785398
-0.545655
1.650626
0.664046
-1.197809
-1.807645
0.152649
-2.381830
-0.099669
2.932570
0.534955
-2.544416
0.862170
-0.086738
-2.697173
1.570796
2.553590
0.035699
0.722979
-2.194819
-0.756835
-1.173717
-0.367174
0.669639
3.070285
2.251318
-1.317122
2.808348
-2.498092
-1.438245
2.021458
1.535097
0.763180
2.622447
1.490966
2.077895
0.718830
0.868539
-1.815775
-2.062606
1.606495
-0.211093
-1.249046
3.038511
-2.048142
0.071307
-1.225241
2.265535
1.279340
-2.403778
1.361773
0.321751
-2.286540
-2.525296
-1.869295
-1.691420
-1.385448
2.618314
-1.387686
-2.312744
-1.504228
-1.487655
-2.009133
0.880350
2.053310
2.251318
-0.170735
-0.404892
-0.432408
2.498092
-2.132718
-0.197396
-1.992216
1.876675
2.140110
2.085248
0.558599
2.234842
1.815775
-1.892547
2.388441
0.351445
-0.260602
-1.753907
3.050933
-2.406153
1.839964
-0.291457
1.078987
2.269456
-2.178598
0.655696
1.366778
-2.289626
1.892547
-2.378413
0.479519
0.463648
-0.954499
0.226799
-2.919511
-0.310998
-2.220667
2.753274
0.708626
1.570796
-1.712693
-1.967876
2.214297
-1.307802
1.980924
0.033321
0.679414
0.432408
-0.260602
0.909753
3.013269
-1.800028
-1.042722
-1.091277
-0.554307
3.070285
-2.221873
2.517570
-2.717398
-1.380808
1.871717
1.126377
-0.600050
-1.747505
2.833540
-1.438245
3.141593
2.754717
-1.390943
-1.122073
-0.920926
2.594804
-2.098871
0.576375
1.742987
0.862170
-2.403778
-0.870903
1.040581
-0.463648
1.637364
1.706324
-1.282741
-0.422854
-2.601173
0.372988
1.670465
2.240435
-1.450173
-0.954499
-0.828849
1.869295
-2.896614
1.712693
2.178598
2.286540
-0.463648
0.972377
-2.572279
-0.694738
-0.229232
-0.449760
0.269167
-2.265535
0.600050
-0.226799
-2.332943
-1.997424
-1.535097
1.089909
-1.717875
-1.190290
0.482513
-3.058451
2.333976
-1.673878
-1.537475
-0.896055
2.085248
2.081285
-2.723368
2.937575
2.944197
-2.051684
-0.735440
-0.110657
1.467715
1.236059
0.482513
1.527345
-1.937970
-1.071450
-0.954499
-1.664273
-1.227772
-2.115660
0.685730
2.662073
-2.148698
3.141593
-1.450173
2.863293
1.282741
-1.721168
2.896614
-3.013269
2.125104
-2.149871
0.946773
-0.674741
2.289626
-1.540503
-2.283154
-1.881795
2.132718
-1.317122
1.965587
1.951303
1.866237
0.561922
1.301629
2.265535
1.297788
2.606638
2.830594
-1.637364
2.070143
-1.937970
-1.843805
0.358771
-1.249046
3.108272
-2.872425
-0.708626
3.026716
-1.873681
2.199593
-1.806341
-2.129396
-2.451146
0.837981
2.170847
-1.807645
-0.785398
1.570796
2.089942
1.180189
-0.755104
1.975688
0.165149
1.789465
-2.761086
0.685730
-0.372988
0.577902
-2.231839
-0.540420
0.970746
-1.933341
0.141897
-2.677945
2.308611
0.410127
1.797595
1.160669
-0.652847
2.270689
-2.530867
-1.808632
2.466852
-2.510513
0.071307
1.292497
-2.073640
-1.725793
-2.111216
-0.548549
2.809533
3.141593
3.050933
0.446106
-0.035699
-2.754717
-0.973620
-2.356194
-0.950547
-2.723368
-2.579671
1.107149
1.703348
-0.718830
-0.883125
-2.786887
-2.572279
0.158655
-3.048116
3.141593
1.156289
-2.406153
1.881795
2.005467
0.090660
-2.579671
2.543174
1.092444
-0.862170
0.000000
-2.245537
-2.000559
-1.658804
-1.781890
-1.844964
-2.491722
1.706324
-2.331809
-2.333976
2.809533
-3.086094
-0.309703
-2.356194
-2.422763
0.643501
0.785398
-0.636508
-1.633215
-1.940130
1.644735
0.588003
-1.695151
2.466852
1.173717
2.986596
0.000000
2.904744
2.706922
2.437099
-2.330559
1.355439
1.261093
0.090660
-2.912361
-3.004526
-2.981680
-2.937575
2.562518
-1.107149
2.050316
-1.892547
-1.610775
-3.006065
-2.275290
-1.605265
-0.540420
-1.126377
-0.954499
2.498092
1.091277
2.498092
-2.582993
1.471128
1.078987
-0.540420
-0.226799
-1.037088
-2.498092
-0.674741
-1.538549
2.483704
2.926235
1.122073
2.622447
-1.761981
-0.533708
-2.772259
-0.397079
-0.103082
0.000000
-2.779048
-1.673878
2.289626
2.049149
-3.017238
-2.878598
1.892547
-0.763180
0.858439
-3.070285
2.184004
-2.601173
-0.375271
1.190290
0.278300
-0.844154
3.041924
-2.034444
-1.570796
1.800028
-3.030935
-1.016489
