-0.674741
1.995628
-1.405648
-1.997424
-1.065506
-2.017639
-1.570796
1.642104
1.535097
-0.962994
-3.110353
-1.122073
-0.328120
1.088283
-0.851966
-1.832916
-0.639386
-1.866237
-1.800028
-0.039979
2.197539
-2.504044
-1.405648
-2.919511
-1.012197
-2.164146
2.863293
-1.176005
2.129396
-0.893088
0.321751
-1.378096
2.432966
-2.034444
1.359703
3.107124
3.141593
-0.598419
2.872425
2.075658
1.905533
2.093200
0.507099
-1.740575
-0.312901
-1.180189
0.076772
0.691921
0.062419
-2.918116
1.405648
-1.433730
0.129703
-2.587285
2.926235
-0.690446
-0.694738
-0.391700
-2.384758
1.707863
-1.379612
1.640451
0.488334
-1.628425
0.000000
-2.736701
-1.298650
-1.154732
-2.471071
-0.922985
3.079174
-1.745469
-2.709185
3.099950
1.222025
2.005467
1.904041
-1.570796
1.934775
-0.387524
-2.768605
2.356194
0.337878
-0.463648
-1.107149
-1.130954
2.148698
0.800782
2.736701
3.141593
-2.619758
-0.729900
-0.218669
-2.325901
-1.761981
1.839964
2.434978
2.444202
-1.687905
1.815775
-1.869295
-2.067219
-2.437099
2.570255
0.540420
-0.571337
1.314645
2.477546
2.711830
-0.493941
2.034444
2.995580
2.425051
0.940395
2.245537
2.944197
1.387686
0.923404
-2.695487
2.321725
-0.463648
-1.945130
-2.754717
1.358364
1.723446
-0.837981
2.991780
2.334921
-2.268187
-1.957672
2.064738
-0.321751
-1.639653
1.570796
1.541393
-0.682317
-0.097253
0.463648
0.953605
-0.855053
-1.227772
-0.601074
-0.830821
-2.510513
-2.077895
2.063282
2.478390
0.643501
0.274167
-2.910502
-0.411065
-2.524401
0.432408
1.078311
1.570796
0.238609
2.582993
-0.588003
2.020556
-1.446441
0.388319
-1.196463
2.754717
-0.942000
-0.893088
-2.291768
-0.627308
2.201876
-0.422854
0.870903
-3.081061
-0.830144
-2.553590
-2.930499
2.928654
-1.030377
0.266252
0.132552
-0.203045
-1.365401
-1.091277
-1.541393
0.000000
-3.072736
0.970746
-2.079867
2.104505
2.034444
2.627141
-2.234842
0.761013
0.840897
-2.704965
-2.527823
-1.236059
1.644735
0.651077
0.488334
-2.126290
-0.661043
1.335251
1.249046
-0.807617
1.706324
-2.658146
0.811034
0.189199
1.892547
2.482787
-1.138389
0.033321
0.404892
0.000000
-2.740364
-1.315614
-1.542233
-0.454719
-1.536327
-0.669639
3.038511
-2.292451
2.982937
2.356194
-1.160669
-0.507099
-1.071450
0.718830
0.575425
-1.651700
-0.804264
2.837592
-0.340979
-2.605781
1.141034
0.872137
2.410686
-1.147942
2.184004
-0.588003
-2.976444
0.915101
3.101614
1.183921
-2.863293
2.798569
-2.067219
2.761086
-0.700854
1.905533
2.553590
-0.073041
2.466852
2.927532
-1.319794
-2.114629
-1.901892
0.343024
0.218669
0.502843
1.997424
0.351445
-2.544416
1.598567
-2.188552
-0.478352
-1.229817
-2.418613
1.307802
-2.819842
-2.834547
-2.589938
-2.903757
-3.053585
1.134169
-2.122451
2.704965
2.310771
-2.273053
-2.430683
-0.948126
-2.310771
1.080839
1.849096
-2.562518
-3.082837
-1.750650
-0.493941
0.176709
-2.706922
-1.019141
-0.096474
0.554307
0.253674
1.742987
-0.968509
0.545655
0.273009
-0.785398
-1.161888
0.343024
-1.685673
-0.891383
-2.077895
-2.007423
1.170556
1.423718
1.854590
0.484478
0.685730
0.609163
2.601173
-1.550391
1.854590
0.636508
2.117585
2.677945
1.471128
1.097890
-2.699218
-0.927295
-2.398423
0.090660
3.107124
1.748889
1.957672
0.321751
-0.954499
1.387686
-1.482789
2.207305
2.210566
0.945311
1.538549
-2.401618
-0.266252
-1.494024
-1.457004
-2.089942
-2.158799
-1.024007
1.768192
2.422763
1.510264
-2.001489
0.132552
0.623199
2.906870
1.815775
2.800614
2.694073
0.321751
0.068856
-1.612439
-1.647568
2.579671
-1.308676
1.123276
-1.238737
-0.135528
0.958259
1.520838
2.111216
-0.974597
-2.439336
-1.136126
-2.677945
-1.124691
2.582993
-0.967047
0.558599
0.422854
-0.999459
-1.279340
-3.113029
-1.279340
-1.147942
-0.188222
-1.882838
-1.626295
-0.354706
-1.441094
-2.219792
-0.392340
2.761086
2.846152
-2.134113
0.090660
-1.415800
-2.117585
-0.551655
2.158799
-0.737815
-2.134113
2.512796
1.144169
2.111216
0.832981
-1.963136
-2.878598
2.466852
-0.038443
0.000000
0.444419
2.548590
1.539556
-0.927295
0.449760
2.606638
-2.512796
-2.050316
-2.281706
-1.499489
0.244979
1.635223
-1.741532
0.851966
-2.866167
-0.540420
-2.406153
-1.650626
-1.937970
-2.098871
-1.258754
-1.876675
-1.222025
1.325818
-0.785398
-2.647651
1.701624
0.680521
2.067219
0.688924
-1.882838
-1.438245
0.191184
-2.006150
-2.301703
2.169215
1.506369
-2.891150
2.736701
1.789465
-1.069192
-2.480549
2.774419
1.510264
0.594759
-0.028564
-0.165149
-1.149377
-2.878598
-1.852029
-0.218669
-2.736701
0.404892
0.991722
-1.004067
0.354706
-2.201876
-2.796037
2.148698
-1.136843
-2.983824
-2.712815
1.176005
-1.418147
-3.101614
-0.522403
-2.334921
0.769006
-2.944197
-2.607884
-0.161375
-1.849096
1.236851
1.604117
2.517570
2.697173
0.029403
2.804918
1.181480
-2.228685
-2.930499
0.515549
-2.326791
-2.896614
-1.001483
2.976444
-1.170556
-1.760785
-1.677532
-0.679414
-2.594804
2.999696
-0.569313
-1.717875
0.754158
1.468590
-2.265535
-0.785398
2.922924
-0.835357
-3.026716
-1.393200
2.889903
-2.293776
1.730709
-2.255091
3.118341
1.881795
2.336589
-2.426501
-2.867425
-2.383965
-2.553590
-1.597817
0.948126
2.284887
-2.819842
-0.886502
2.853537
-1.967876
1.288241
-2.838708
-1.944523
-2.455863
2.658146
-1.650626
-0.027771
-2.563691
0.226799
2.000559
-0.683709
-0.896055
-0.473356
-1.768192
0.785398
1.653938
-2.831890
-1.170556
-1.661456
1.301629
2.527823
-1.831399
3.107124
-0.950547
-0.507099
-0.734594
0.037020
3.020969
-0.255182
-0.968509
2.250210
1.745469
-0.300171
-0.635027
-1.535097
-1.282741
1.876675
1.060308
-2.198105
-2.922924
-0.288055
-0.392340
1.695151
-0.534955
2.356194
2.913096
-1.844964
-0.812419
0.073041
2.767259
-1.808632
2.761086
-2.207305
0.890275
0.799890
0.804264
-2.310073
1.069192
-0.451453
-0.785398
-2.432966
0.310998
0.157769
-2.996283
2.637427
0.652847
0.110657
-0.712358
-1.967876
-0.685730
2.565217
-0.442374
0.853785
2.617673
-2.286540
1.543026
-1.284745
-2.398423
-0.996491
-1.132460
2.582993
2.896614
-2.170847
2.320495
-3.030935
0.927295
-1.255582
-1.091277
3.027801
2.389515
1.024007
-0.546789
-2.736701
3.036716
-0.513606
2.729182
-2.013171
-2.111216
0.943488
-2.774419
2.470449
-3.064821
-1.385448
-2.577023
1.196463
1.347320
0.872137
-2.469986
-2.647651
2.631104
2.491722
1.527345
-0.954499
0.827041
-1.297788
2.686492
-1.532354
0.582353
-1.687905
2.991221
-0.315215
-0.732815
-2.931953
-2.852617
0.847817
1.292497
-1.435269
0.758378
2.794531
1.932526
2.586099
2.970857
-2.891150
-1.446441
-0.934288
-1.379612
1.730709
2.214297
-2.913096
1.418147
0.032247
1.136843
0.901157
-0.510488
1.975688
-2.981680
1.480136
-0.976037
0.027771
-2.400941
-0.605545
1.433730
-0.868539
-2.449671
-0.785398
2.902361
1.136126
3.141593
-0.124355
2.761086
2.135366
0.647811
2.687291
2.292451
-0.358771
-0.805003
-2.023575
-2.410196
