0.256151
2.761086
-2.370278
3.319189
-3.926991
-2.808348
2.951604
1.885028
-9.344948
-0.892677
2.420621
5.015274
0.380506
-2.453921
7.344911
7.583035
6.794416
-2.685819
15.897162
6.714324
2.988943
1.079633
2.397837
-7.681791
-2.303611
6.558095
-2.589938
5.149016
0.312042
1.007480
-1.637364
7.540361
-0.900275
-6.802331
-0.955176
2.714965
-7.874387
-2.487022
1.453688
-0.071307
0.257324
-0.226799
-0.708626
-2.214297
7.214596
0.904827
7.156591
8.317629
-2.165010
-1.071450
0.287281
-7.317071
-2.948892
8.258873
3.030935
-1.910089
9.805284
-0.347062
-5.627490
4.149073
-0.043451
-3.316265
-0.522403
0.785398
-2.837592
-0.755995
2.163799
4.759972
0.711459
2.184566
4.947934
1.516795
5.727692
-5.931741
-4.768932
2.537287
2.174546
1.453688
1.841743
1.302430
-1.255582
-0.977047
7.940720
-0.226799
-0.273009
7.156591
2.579095
7.191252
3.036716
-4.629248
6.746833
3.457208
-1.401695
-2.299114
-2.863293
7.116167
3.313783
-0.993604
-2.756988
-1.373401
2.595938
-2.275290
-0.066568
1.471128
0.408149
-0.814801
-0.231091
3.477231
0.978369
15.809652
-3.030935
1.339706
-3.374572
-2.558853
2.746802
-5.231535
2.884269
1.570796
9.504608
-0.743170
-1.815775
1.289564
7.265979
2.508844
5.439031
1.495936
1.997424
0.179853
-1.059566
-3.027801
1.130954
-2.746802
1.215160
2.457883
-4.180665
8.333501
-8.881300
-1.269876
2.107707
2.255091
-0.137066
-0.972377
-0.055499
2.342111
1.963854
9.403948
2.444202
1.943784
-6.604936
3.017238
0.474400
-0.174672
2.931953
5.819538
1.883698
0.353997
-0.635027
2.598115
-1.272297
7.259768
-0.540420
2.395136
9.526467
2.370278
0.785398
3.158832
7.145355
2.205823
7.223580
0.858439
-0.086738
6.695596
3.024484
-1.042722
-0.509071
-2.009656
-8.026172
2.523448
2.940638
0.058756
4.296897
-1.107149
-2.426501
4.189111
2.958482
14.365664
7.497762
-2.115660
-7.688833
8.137776
1.570796
-2.338652
8.253497
2.046492
2.245537
3.377138
-0.851966
-4.189111
-0.148890
-0.902507
-0.643501
-2.330559
8.317629
-2.661418
-0.083141
-7.966709
-0.352990
3.283490
2.677945
2.775845
-2.148698
4.339401
1.684588
1.735945
7.150368
3.836331
-3.729595
2.925042
-0.455101
1.841743
-5.898028
-1.471128
-9.115075
-0.321751
3.334804
-2.779863
-1.107149
1.388628
2.235571
9.566675
4.877538
-7.873210
7.480994
-7.453741
7.564478
-0.472907
-2.015216
-1.000756
-7.648586
-1.815775
0.126973
10.531927
-2.042574
0.348771
7.019443
1.570796
2.979755
2.383215
3.660739
2.564400
-0.550386
-1.963854
-1.947706
-7.374462
3.323241
2.245537
3.638015
-2.490516
4.313867
-0.264817
-0.076772
-0.785398
4.712389
-0.426627
-0.634023
-0.291457
2.316216
3.841486
6.758881
2.948381
0.253674
-0.429762
0.321751
0.655696
0.785398
-4.795530
-2.506566
2.265535
3.013269
-1.165905
-0.237836
-3.664871
-2.657115
-6.283185
-2.511191
7.452753
6.794416
2.640579
-1.267911
2.285888
8.070532
-2.252095
0.636508
2.527823
2.740364
-1.913820
4.381293
6.820096
2.451793
-0.552841
-4.595280
-7.409562
0.197396
3.076467
2.276995
8.586797
-0.340382
-7.675889
-8.769082
2.739722
-1.704607
-1.697769
6.059709
4.754032
3.299361
-0.159913
2.732685
2.102520
-0.638320
-0.051237
0.573441
6.967480
3.410760
1.420984
0.404892
-7.021000
-0.221314
1.267911
-1.951303
8.282246
3.407845
2.312744
7.260631
3.052543
6.169393
-2.537287
-2.510513
2.619189
-8.373128
-4.369365
-0.715744
6.977924
7.265979
3.785094
3.865843
1.690225
-1.091277
0.186487
2.609869
-0.165149
0.262995
2.060754
8.354995
1.439481
0.532844
-2.164146
-1.348714
-7.667002
7.354635
1.904741
-2.120650
-9.091534
3.982489
5.679436
-1.098299
1.397551
0.110657
3.105894
6.031495
-2.746802
1.592532
-0.915101
0.388319
2.559688
-2.368852
5.807490
8.082084
-4.975384
1.997424
0.321751
4.604699
6.767663
-2.369892
-0.315215
0.680521
1.951303
6.865925
-2.688814
0.124355
-5.144797
-4.748088
-3.244674
-0.321751
-1.373401
2.736701
-2.426501
0.260602
-1.367751
4.478646
-1.642104
-0.437791
-1.863983
1.916352
2.257921
0.023252
0.331096
3.061763
-3.070285
-5.911118
-2.553590
1.471128
2.235571
6.201733
-0.040794
1.948045
-2.087027
-2.225367
2.327631
-2.153536
6.782532
0.107690
4.537717
8.467189
-1.116494
-0.380506
9.239430
5.684766
-1.642104
3.493037
-1.115696
-4.189111
-7.813188
2.570255
-0.643501
-5.597456
-0.785398
-1.325818
-0.040794
4.937100
-0.828849
2.850136
4.990689
3.438138
10.300836
-3.379429
-0.593350
2.285888
0.156602
1.518213
-0.453339
-1.712693
3.161998
-2.179960
-0.963809
4.213042
-0.372988
-4.778957
-0.426627
-0.919720
-2.125104
6.841785
3.030935
0.188222
0.269167
2.299651
-1.726391
-1.173168
6.961305
3.779141
2.746802
8.135214
-0.139096
-8.912389
2.502679
6.183517
6.746833
11.301453
-1.538549
-0.071307
-0.605545
7.068583
-2.525973
-1.212026
-0.971621
2.428532
9.206109
2.454468
-8.823704
2.704965
2.650429
8.569073
5.414646
11.256177
-4.579837
-0.610726
-4.736774
2.000559
3.294242
0.957589
7.581836
-16.493361
-2.807648
-1.276562
-2.291350
3.228331
-2.048142
-0.020830
2.381830
-5.387130
6.755682
2.446854
6.114979
7.006165
-7.456902
1.902856
-2.493261
2.111216
2.453921
2.873682
-7.930754
-2.727903
-6.389921
-7.179241
2.819842
2.934096
2.644250
-0.488334
4.017651
4.764972
-0.068856
2.462179
-0.159913
-2.813473
-2.034444
4.373096
-0.946161
4.096092
-1.422947
7.349816
-5.888394
2.158799
-7.978337
-0.438859
2.570255
-0.491164
-0.281232
-4.434089
-2.342497
-1.892547
8.515025
0.934958
-7.912737
0.103792
-7.966709
-2.901058
1.791625
7.883385
-2.122451
4.868991
2.228685
2.382504
-0.643501
9.659501
-7.833576
0.765793
7.441571
-0.051237
-1.266795
0.418224
-1.644735
-2.754717
2.413275
5.450204
7.331578
4.461946
1.030377
0.278300
1.066630
-8.762048
-1.287002
-3.287605
-2.666582
-2.612003
6.023854
-3.006065
-0.625485
-1.284745
6.336706
7.894775
-3.559817
-7.722666
2.704965
-1.069783
-0.454719
-0.902507
-10.995574
1.338239
-0.232557
-0.278300
-7.853982
-0.388319
8.317629
1.570796
-7.283941
-1.131937
2.916881
7.127339
3.797288
1.947287
2.610819
5.875036
2.205823
2.838708
7.427354
-0.225277
-0.893088
8.763735
-0.531724
-0.839400
2.677945
-0.302885
-4.712389
2.964884
0.785398
-0.513606
6.457858
-0.000000
-1.152572
1.849096
2.397837
2.704965
-8.194364
-0.211093
2.837592
-2.067219
-5.456145
0.855053
-8.497483
2.726101
3.821006
0.165149
0.548549
-1.096945
-2.276995
-0.315215
3.326941
1.570796
-6.425082
-6.043954
2.222665
3.011890
3.298195
-1.590025
-0.705568
2.634494
-2.137526
2.214297
-0.310387
-5.240463
-2.944197
-1.620755
2.469986
0.726642
7.362818
6.064516
-2.289626
0.145310
1.690225
6.816029
0.124355
4.348410
4.658387
2.291768
8.145438
0.654571
-0.718830
6.336706
4.850395
0.938047
2.654693
-8.866179
6.247486
-1.042722
-8.600438
-0.825377
3.161590
-0.628796
-2.624561
-2.191046
-0.347062
