3.178613
-8.317629
-2.537287
0.139096
7.440292
0.552841
-0.903490
7.169687
0.181649
0.720971
-1.856848
-0.249587
-1.992801
-0.945311
7.594650
2.727086
-2.764683
2.553590
2.742077
-7.729627
-0.931410
2.295662
7.546936
2.289626
-2.024640
6.172528
7.223580
-8.412581
2.064738
-0.348771
9.286138
-2.183334
7.162645
0.314232
0.061148
8.606059
0.132552
2.613518
-0.350314
7.055251
-0.533708
8.019130
-6.516928
5.878294
1.837048
2.340811
9.551370
-2.209710
-7.989509
-1.508378
-1.223735
-8.226969
-8.047193
7.356159
3.187016
-2.911688
-1.070129
-7.622891
-1.791625
0.081452
3.634078
7.254806
-0.771700
7.182018
-1.754740
2.115077
-2.356194
7.944642
-2.498092
-8.079258
3.510289
-0.801270
-0.593750
2.186416
-0.183943
2.451793
6.597417
0.174672
0.343024
2.883340
-8.088704
2.916316
-0.661043
-1.856848
0.293187
0.253674
-6.237762
2.505084
-2.565217
5.061160
-1.874797
7.830730
9.797766
7.095604
0.588003
0.244979
-0.671144
6.865090
-1.962496
-8.215185
2.449671
0.148890
2.125104
7.325907
6.898805
2.340811
5.440706
2.866167
-2.007423
1.631944
7.008051
3.409503
-8.006631
7.966709
-7.154089
-7.473475
-0.165149
7.682603
7.373094
-0.289504
1.612439
2.838708
2.659929
-1.679067
2.387434
-8.047604
-0.867183
-1.838707
7.245292
9.314121
2.662073
-0.220829
0.233743
-0.455451
0.103792
3.185044
-2.704965
3.539221
7.912737
-2.174026
-3.011890
3.228331
2.072887
-2.813473
1.904741
-2.753274
-1.789465
6.926686
15.556948
-0.887605
1.864385
-1.030377
0.229904
2.308611
-0.770474
-2.289626
-1.076855
1.457645
2.356194
2.281706
7.827672
7.425717
-0.940395
-1.715238
-2.677945
-0.172191
2.098871
-0.407632
-0.489957
-8.286389
7.709169
1.955401
-1.125495
2.642246
-2.000559
-0.368696
0.192701
7.194672
6.647164
-1.725115
7.373094
7.485286
-1.418147
-0.971621
2.025516
-0.857735
-8.126128
7.940720
7.223580
-2.511191
-8.037092
-0.730907
-7.503254
-7.897433
-3.221423
-2.383965
6.913587
-3.099950
-6.032183
9.282881
-0.390607
2.241940
2.901422
4.551014
-1.975688
7.390334
8.217129
0.129703
-8.194364
-2.372586
0.699893
-0.647811
7.398208
0.105984
-2.386488
7.681791
-2.576443
-2.173084
-0.800322
-0.201317
-1.712693
0.297064
-2.939830
3.002497
-1.214176
-2.422763
9.143006
7.409562
-1.079633
0.454302
-2.698144
-8.412581
8.083886
-1.071450
2.571552
-2.601173
-0.321751
-7.853982
-2.713329
0.101689
-2.733961
-6.437504
-7.112034
-2.176341
3.218365
3.748580
-2.034444
6.897848
-0.254368
2.698144
7.380626
2.699218
5.961435
5.918450
-0.970746
1.855527
3.199221
-2.559688
3.206718
-1.725115
15.749606
-2.659929
0.046478
0.524796
-2.597312
7.309701
-2.148698
-1.921111
2.087491
0.078271
7.805240
-1.820048
0.086738
-2.720929
-7.313562
2.616797
-2.164546
6.043954
1.759018
-0.340382
-2.273053
2.920764
7.460924
7.548989
2.966920
-0.857735
-0.722979
1.951303
9.279965
-0.021736
-0.630401
-6.283185
-7.587730
6.651881
0.682317
-5.564355
-2.230106
2.199593
1.229181
-2.483704
7.532231
6.986799
-2.015216
2.214297
-0.523278
0.414507
-0.418224
-7.600906
-0.168597
9.143546
-7.913910
3.360262
0.220829
2.896614
-0.499347
-2.739722
3.052937
-7.652219
-7.989509
3.039904
0.315215
7.008051
-0.785398
-2.183334
3.070285
0.356220
3.120319
7.587730
3.164844
7.648586
7.175862
1.932526
-0.643501
0.000000
2.819842
9.259629
7.628705
7.875255
2.455863
7.129115
1.975688
7.537412
-0.976583
-5.780342
-0.960070
-1.832916
-0.388319
0.372068
2.806856
-2.498092
4.101663
-2.372066
-1.157107
-0.433953
7.040813
-7.340376
2.559240
7.614239
3.698192
-1.968424
5.252808
7.469377
-2.980218
-2.233526
-1.588338
7.351138
-7.929311
0.047583
-0.950547
-1.856848
-0.021273
15.686690
-2.490516
6.794416
0.785398
-0.301619
-2.356194
-2.175102
5.864961
-2.284887
8.346467
0.639386
-0.722979
9.056082
2.571552
-1.527345
1.377585
1.695151
1.570796
-2.807648
6.371841
-2.134113
-2.984991
1.754740
3.313783
2.292988
2.761086
3.297187
2.307453
-0.507099
2.214297
2.384758
2.260596
2.437099
-0.121842
0.092756
2.122451
-1.364472
-1.320353
2.882261
3.595895
0.307046
7.202113
6.304459
9.476015
-6.262355
1.942864
1.830128
-1.549523
6.727605
-0.994421
-2.210566
0.000000
7.510958
3.455825
7.131002
-2.389515
0.089050
2.399645
-0.770015
2.976444
2.525973
2.432966
2.727086
-0.315215
6.124530
0.328553
-0.391700
1.712693
-2.402316
2.191046
7.558541
-7.390334
-2.356194
-7.765326
7.681791
7.567930
3.017238
3.578220
-2.107232
2.140837
-2.369892
0.061148
0.372068
0.836202
7.309701
-1.628425
-1.880499
5.954632
-0.691921
0.339293
-0.759088
-7.503254
-0.769526
6.746833
-7.159243
1.959115
0.092756
-2.263131
-2.418613
-0.610726
-2.748535
9.223016
6.877399
2.848004
-1.037952
1.777120
-2.311448
-3.061763
1.739898
-0.699893
7.989509
-1.022247
2.532429
-0.018180
7.254806
0.513606
3.120319
-7.165057
9.485926
2.739272
6.283185
-2.601173
-2.527823
-1.764008
-1.222025
-2.927532
2.987648
7.051636
-0.770906
-2.463473
3.100799
-2.307054
-2.834547
-0.600050
-0.685730
-0.543832
7.503254
3.245385
2.067219
0.083141
7.832708
-3.183235
1.858078
2.455863
-2.796945
2.757423
-2.593043
-6.911982
-1.051650
-0.682317
-0.909753
2.591207
-2.394151
-7.720171
0.101689
9.467305
8.346467
-2.356194
9.424778
0.931882
-6.489509
2.410196
7.712085
-0.756835
2.775845
-2.505754
-2.449671
-2.025897
-1.690225
-8.238151
0.214061
7.290665
8.309755
7.986533
2.193467
2.866683
1.735945
-2.547843
-7.874812
-0.463648
-2.597312
0.380506
1.054566
-5.635793
2.761086
0.728317
0.000000
-0.728317
-0.785398
1.455920
2.205823
-2.651635
-0.994421
-7.853982
2.043293
5.856558
3.247577
-1.089909
7.980954
-7.727009
-7.443854
-1.286066
-0.864597
-0.021736
-0.455101
2.546833
2.295662
0.540420
-2.841421
3.277120
2.297439
-0.906022
-2.957649
-1.065506
-0.965252
-1.647568
2.454468
2.303611
2.706239
7.210481
9.446997
-0.334737
9.341637
0.828849
-1.783228
6.951475
-2.131483
3.099065
2.300696
6.942495
-2.706239
-1.800701
0.424832
-0.906022
-0.639770
0.799890
2.214297
9.088103
-6.213531
1.182478
-0.915101
2.325901
-1.065935
-2.034444
-2.145101
-0.950547
-7.978337
7.510958
0.361204
7.100830
9.152632
-2.270689
7.682603
2.340323
-2.268187
2.118359
1.815775
6.935054
2.265535
2.158799
9.549133
-0.970746
-0.388319
-8.098960
7.910525
1.421906
0.452154
1.978428
0.635027
1.514253
-0.770906
-1.405648
15.989195
-3.101614
1.776192
-3.141593
-1.005647
-1.879727
7.042274
2.045196
7.513600
-7.138890
-2.589938
-1.757776
7.131002
-2.819842
-0.753151
-1.295370
2.014245
8.401544
-0.547562
-7.909480
1.884417
7.525428
2.389515
-2.936197
-6.373845
-5.975133
7.305432
0.785398
0.811708
7.344911
-2.466852
-2.484518
-1.927016
6.377247
2.644250
6.412096
0.502843
-7.754313
8.245682
-2.695487
1.471128
3.230642
2.293776
6.938881
-6.183517
2.624898
-1.752445
