2.285888
2.591207
7.746292
-2.025516
-0.147078
-1.107149
-2.199593
-2.463473
7.892424
2.135366
7.172683
8.478617
3.381336
2.199593
2.693448
-2.384758
-8.291773
1.358364
0.889498
9.563874
7.699663
5.949240
-0.967566
-7.521362
9.006554
7.814003
-7.729627
0.426627
2.669471
1.321209
5.995130
7.368360
7.236226
-0.416065
-2.016097
0.083141
0.297064
3.232253
2.949545
2.221873
3.180035
-0.519146
1.295886
-8.015819
-8.709034
3.180035
5.914489
-1.098674
7.083075
2.153149
-2.295662
6.944228
-8.357608
-7.893177
1.313473
-0.302885
-8.136537
-5.096994
6.989384
-0.880350
2.308611
0.684295
0.361204
-1.616220
-1.590025
3.228331
7.420028
-7.833151
0.101689
7.143443
-0.499347
9.674757
-1.254510
2.991780
-2.225367
-0.035699
-0.029403
2.959944
-1.478467
3.106519
-0.000000
9.504608
1.867861
3.102397
0.509071
8.222678
-2.370278
-2.118359
7.587730
7.407876
0.772412
2.502679
5.737019
15.767891
3.457208
-2.558853
2.982241
1.187269
0.872137
7.373807
0.226799
-0.533708
2.869447
-2.997151
7.499984
-0.718830
4.550190
-7.890329
0.922985
8.300824
2.609869
-4.385291
-2.013171
2.604682
-2.017639
0.037718
0.117109
-0.950547
-0.057081
-0.208465
-0.654571
0.568525
-0.620249
2.569133
8.513292
8.416480
-1.985303
3.555282
-2.594030
2.327631
7.322258
3.089010
2.736701
3.605240
-7.957063
1.570796
-2.426501
0.422854
1.107149
7.416190
7.367082
-2.098871
-1.008298
2.094716
2.695487
1.665748
8.275987
2.972996
5.867693
-0.849825
-1.275355
-1.178456
-0.454719
9.424778
-2.446854
6.558991
0.674741
0.165149
3.105894
9.678452
3.061763
1.405648
0.444419
7.231311
-2.699218
-1.464061
-0.485227
1.373401
-0.688924
-15.010942
-0.376490
3.505572
2.875341
-0.315215
-0.593350
0.988443
-0.463648
2.937575
7.068583
2.341703
0.482513
-7.456354
-1.650626
-1.916352
1.646125
0.501013
1.970312
-0.200954
0.154319
12.811349
2.017639
-0.334737
0.896055
-2.374374
-1.664858
-0.940762
-8.058000
-0.918927
-0.037020
-7.480255
0.256151
2.387434
0.636508
-2.176341
-0.902507
-1.590025
-5.176037
1.626295
-0.057628
0.057081
-1.673878
-1.148791
-0.438859
-2.356194
-7.953650
-0.137066
4.591765
-0.114877
9.677332
-1.959115
-1.397551
-2.398423
2.571209
2.341703
-1.975688
8.234488
9.522031
2.185459
2.544416
7.414139
2.887919
-9.287712
-5.955065
0.150371
8.339604
-2.523837
-2.553590
-2.916316
-0.132552
-15.424867
-2.017639
-0.071307
-0.222661
2.807648
-7.991048
1.866237
2.226492
2.343208
8.297430
1.721812
1.570796
0.743170
3.463343
2.122451
1.570796
2.794531
2.703801
0.207496
2.806856
-1.171281
0.620249
4.990689
0.610726
3.486240
1.428899
1.591627
-1.004067
-0.316569
9.263403
-1.875789
9.630173
0.361204
5.839737
2.970214
-2.514284
7.372318
-8.137776
-0.745419
0.634023
-4.948634
9.406598
0.076772
-0.431139
2.767259
2.455863
7.560393
-1.469107
-0.200653
1.063698
-0.134321
12.031416
1.646125
2.188941
-8.008300
2.819842
3.025833
0.141897
-1.959115
-2.585426
-1.892547
-1.115696
-0.402321
0.492486
-0.600050
0.866302
-2.169215
6.604936
7.590987
8.187927
-2.356194
0.385158
7.412802
-1.269177
-0.165149
1.179096
2.985998
-7.989509
3.141593
9.592985
7.162060
-2.553590
2.761086
-1.874797
-8.029921
7.445833
7.051636
0.267910
9.318794
2.411693
-2.547843
-2.233526
-0.270947
2.466852
-1.455920
-2.525973
15.807632
2.848004
8.652037
3.211653
1.315614
1.124691
-1.732634
-1.881795
2.677945
-0.823355
-1.193887
13.194000
7.277606
2.132718
0.785398
-1.345520
6.903435
-7.891700
3.419892
-1.921524
-0.414507
0.882651
-2.764344
-1.321209
-2.407432
2.121182
7.133010
-1.730148
-7.307193
0.853785
7.519245
1.420425
-1.508378
-1.801887
2.338652
-2.547379
0.919720
0.192701
2.273053
-0.103792
-1.537475
-0.688924
-0.758378
7.549981
7.338433
-0.957589
12.583610
1.910089
-0.811034
0.000000
-1.494024
1.634540
0.612538
3.585041
-0.000000
-1.292497
0.075329
13.363004
2.713329
-2.553590
7.572749
0.540420
-2.071810
-0.495133
-0.473356
-1.215160
2.686492
-7.947458
7.853982
-2.527823
2.609869
12.495063
-1.545802
-1.409421
9.593879
1.735945
0.052583
8.368433
1.341564
2.604682
7.162645
2.356194
6.241543
-2.655561
7.670038
6.456857
2.070143
6.283185
1.768192
-1.673878
-1.428899
0.454302
1.080839
3.290483
7.877787
2.482283
3.491907
7.112034
2.772897
0.288055
0.505290
7.170790
-0.240846
3.045119
0.372988
-1.019141
-2.480549
-2.838708
-8.802746
-2.016902
-0.136403
2.014245
2.607884
0.259332
13.426629
13.560792
-1.004067
-0.444419
2.769525
-7.480994
-7.875255
-2.369527
7.642888
-1.397125
8.058000
0.300920
0.179853
-7.740831
3.244674
-0.315215
-1.030377
-0.076772
1.422947
-1.915444
15.893311
-7.451661
-1.414194
-1.284745
2.342862
15.957550
-1.551568
7.313562
3.355653
2.463473
-0.785398
-0.412410
-0.433581
-2.034444
0.181649
1.259798
-8.450642
3.066264
0.671606
7.202113
-5.034140
1.361156
-0.361204
-0.816638
5.627490
2.702733
1.797595
-1.838707
-2.371578
-1.962496
0.482513
-0.592697
-2.643770
0.607802
9.404781
0.605545
6.839785
7.260232
7.490003
-7.532231
0.281232
2.416727
0.476467
-0.604306
-1.321834
-0.418224
7.794053
-1.227772
0.179853
-0.927295
7.068583
-2.700413
-0.084902
-2.393215
1.496857
1.804540
8.327833
2.474684
-0.220829
-1.883698
2.782822
-1.661456
0.424832
6.773143
0.437791
1.469107
2.250210
1.672485
1.718646
7.398208
2.265535
7.872498
-0.443448
0.173246
2.251318
3.165978
3.161590
-4.793293
0.088656
3.141593
0.356620
2.375800
1.843805
8.873123
0.785398
3.455825
3.797288
1.922241
-1.779819
-0.269849
3.141593
-0.901753
-1.631944
-7.415122
-2.449258
3.141593
7.431128
0.618144
-0.301619
-0.939106
3.060689
7.553810
-1.862253
-2.142134
1.249046
2.791278
0.000000
-2.622447
-1.797595
0.576375
7.026355
9.130543
-7.488234
-1.779262
7.538366
5.285830
7.236790
1.912412
-2.502207
9.492854
7.186675
0.481664
0.275806
0.847048
5.497787
6.876535
6.114588
-2.293776
-2.145101
-2.115077
6.693313
8.334157
-0.309703
-2.662073
0.327400
-7.802744
-7.514689
1.369034
2.164546
3.324703
6.922571
7.435757
-1.892547
-0.126973
0.141897
-0.612538
7.339530
-8.569073
1.661456
-1.098674
0.562498
2.328424
0.168597
3.612759
-1.698306
3.738769
1.948327
-0.896055
8.611609
-2.804918
7.628705
-0.988057
-1.534449
-0.181649
-1.849096
1.513168
-13.725711
3.010277
-0.480887
7.995879
7.140921
1.553849
7.260631
-2.310073
2.056023
-1.186979
1.650626
0.079830
-2.008588
1.527345
2.089942
6.225557
-2.948381
8.569073
-0.840897
-2.511191
2.201198
-1.037952
2.408778
2.579095
3.678877
-0.454302
-2.390664
7.198286
7.238362
3.290483
-2.206635
0.927295
-1.681454
-0.097727
7.420028
-1.453688
3.184120
0.062419
-0.553681
-1.820383
2.720173
1.862253
-0.483447
-2.265535
7.162645
0.126973
1.378096
1.845706
-0.554307
2.610819
2.341270
-2.732155
2.297439
-1.049658
7.668634
