-7.893960
9.383984
2.564400
-4.780465
6.877399
-1.695151
9.511516
-8.455055
7.011503
7.532231
-2.231839
2.925042
-2.158799
-1.182478
0.289504
2.936197
0.172191
3.159772
7.302327
-8.996514
-0.785398
-1.256039
7.408681
6.820096
-2.279423
0.717012
-7.876705
3.313783
-2.850136
-8.274178
-9.189233
-1.215160
1.490966
7.665760
-1.107149
2.547379
0.300920
1.794273
-0.455451
7.278557
-2.142134
-0.710909
-0.189199
2.356194
-1.464812
2.273053
-2.176341
1.991460
-8.425319
7.584132
-2.210566
7.145355
-0.135528
-2.153149
4.171969
5.917438
6.893911
-1.825164
-1.298650
-9.250106
-2.449258
2.922924
1.866237
-0.715092
1.721812
-8.215185
-8.458287
-2.713329
2.518393
-7.816962
6.448334
-3.181571
2.852089
-1.886011
-4.985398
-2.536048
-2.222665
7.265979
4.006190
-8.068042
0.678119
-1.775438
9.235579
0.278300
0.724866
-1.653938
6.004886
0.214061
-2.688814
-7.834753
8.201043
7.035262
-1.116494
-2.609869
-2.263131
-1.804540
2.025098
-2.813473
-2.501823
-2.210182
-0.411065
2.137526
-1.448601
-2.252095
1.359703
-1.163165
-0.000000
7.223580
1.866237
1.373401
2.963500
1.700499
-1.858078
-7.853982
-7.813188
2.289626
-0.101689
-1.425984
2.667193
2.186416
1.760785
3.184120
-2.643770
7.292818
-0.830144
-2.416727
-0.859887
-6.196447
5.987744
2.819842
-7.933812
-0.799890
-7.876705
1.835285
-1.185639
2.326791
8.310330
-8.253497
1.570796
-0.453339
9.491346
0.659310
-0.437791
-2.944197
-2.316216
-2.410196
0.021736
-2.819842
-0.661043
-8.206026
-8.363574
-0.155595
7.188012
6.865090
-0.655696
5.836343
1.067953
0.581905
-2.191046
0.397628
7.460924
-8.345145
0.605545
2.341270
-8.485672
0.308053
2.100386
2.466852
-2.723368
-8.253497
-7.922058
2.061960
-7.199411
2.283857
2.911688
-1.042722
7.946738
-2.819842
-2.457298
-6.549437
0.268366
-5.076368
1.825979
-1.019141
2.089942
1.620755
2.115077
6.940260
-8.039330
-0.594214
2.498092
-0.722979
2.920764
-0.989416
2.291768
6.961305
0.197396
0.463648
-2.571552
0.726642
-0.151015
-1.870572
-0.272146
15.825072
2.476818
-2.753274
-0.691921
-1.009633
-1.124691
8.116976
-8.481290
-1.099019
2.716760
-0.657075
2.719588
0.262120
1.385448
4.803049
-0.620249
2.566168
-0.293589
2.273053
2.489724
-2.251318
1.820775
6.089974
2.632000
15.514752
2.100386
8.358843
7.425717
6.506662
2.016097
0.770474
-0.113151
2.381830
3.174914
1.614247
3.417019
2.677945
7.465663
0.328553
-0.206324
-1.088283
5.545370
-6.667790
1.364472
2.582993
-0.885067
-0.609163
2.761086
2.111216
0.193622
-1.023234
0.041643
1.886011
8.149422
-2.854311
-2.624898
0.511231
-0.000000
2.043703
7.131002
7.175319
0.363979
2.122451
9.446051
1.405648
0.418224
-2.052460
-0.750929
-2.498092
0.799890
6.043014
-0.220829
-7.889681
-0.802346
6.445023
2.432966
0.019228
9.602871
7.210481
-8.079258
-0.999459
7.364024
7.957063
2.118359
2.902361
2.659079
-2.356194
-1.023234
-5.443786
9.066007
2.498092
-0.244979
8.854737
9.168627
6.172528
7.112034
2.839974
2.618314
6.153483
-7.325907
-2.505754
-2.299114
2.340323
2.044648
-2.356194
7.420028
-1.234122
-8.054936
7.230782
2.263131
-0.799890
-2.356194
-7.894775
2.274410
-2.399645
-2.901850
0.129703
7.545051
-1.570796
1.631944
-2.381189
9.617989
5.631316
0.193622
7.114705
2.235571
9.344948
1.592532
-1.135443
2.523448
4.849455
-4.007895
-2.589938
-2.003204
9.522505
7.927022
1.154732
0.025635
-2.398423
-1.315614
-1.411445
-2.685819
0.157769
3.032931
0.519146
-7.685385
-8.691963
-0.424832
7.513600
2.521343
0.063743
2.060754
7.670038
2.484518
9.630173
-1.441094
-2.687749
0.108271
2.007423
3.141593
-1.451367
3.071938
2.291768
3.099950
2.482283
0.022219
-2.341270
-0.566729
-0.902507
-0.876058
7.853982
-5.184886
0.376490
-1.056345
3.624106
2.231839
2.341270
-3.141593
3.037800
6.954329
2.413275
7.147783
2.527823
-1.235158
-0.278300
2.498092
0.878875
0.370891
-7.740831
6.415737
-0.785398
6.913587
7.025133
-1.232918
3.334804
7.556917
-2.340811
-8.266392
6.828049
-0.363979
-2.848004
1.292497
1.859772
-0.913721
0.722979
1.832916
2.553590
7.584132
-2.325901
7.545929
-2.852089
-1.216799
1.784857
15.855813
2.372586
-2.733961
2.235571
-2.001935
-2.636302
7.492778
-0.771315
-1.509648
2.754717
-2.601173
1.377585
6.064516
0.328553
-5.706810
-7.652665
1.878849
7.084455
-1.347320
0.108271
0.422854
6.514276
8.141263
2.835714
2.541542
-8.390892
7.342751
-0.068856
-1.394857
-1.295370
2.444202
-1.965587
-2.143256
2.573068
3.199221
-0.571337
2.474287
-2.153536
2.398423
-7.633153
0.110657
-1.107149
-1.970312
2.785373
-8.140033
-1.331053
-0.000000
-1.879727
-0.267910
7.637431
4.377652
9.530762
6.107246
-2.695487
3.026716
1.356736
-0.958259
-1.510868
9.533049
7.551097
3.067654
-0.770015
2.051684
3.030935
-1.160669
-2.518922
1.906435
2.094716
-0.114877
2.255091
0.885067
2.245537
2.416727
-1.229181
1.432157
7.004157
-7.756255
0.234723
-1.415201
5.961435
0.442374
7.853982
9.330717
1.118642
3.888049
-2.953371
2.580906
2.604682
-2.177401
-1.054101
1.915444
2.356194
-1.016489
-1.236851
1.619538
2.940276
0.491164
2.256526
2.308611
2.158799
1.776192
7.815539
1.910089
0.228497
-2.614965
-0.934958
-1.054101
7.302327
2.245537
-2.262133
-2.265535
-0.575425
-6.233227
3.141593
4.422885
2.424581
-2.736701
-2.045196
-0.489957
-0.902507
-7.743324
7.321138
3.071938
-7.782674
-2.424581
-0.896055
-0.958259
1.860300
7.469812
-1.197809
-8.116101
-1.283515
1.869295
2.292988
-3.141593
-0.228497
7.539224
2.034444
-1.088283
-0.859887
-0.189988
0.572460
2.718739
-0.837981
15.750491
-2.227871
-3.605240
0.295441
-1.944523
6.882361
-7.645516
3.343355
1.815775
7.084975
7.937123
-1.096945
15.727961
2.063282
-8.094516
-2.279423
7.767243
1.448601
7.321138
2.772897
8.382056
-0.049958
3.181571
-2.304957
9.349449
2.642246
3.614090
2.516108
2.356194
1.087349
7.628705
-2.833540
2.013171
-1.030377
-1.005647
-1.549966
-1.747505
-2.372066
0.400241
-8.238586
-2.530867
1.997424
0.043451
-2.131483
2.214297
-2.841817
-0.000000
-2.576443
-1.275355
1.462526
2.420621
0.588003
-7.777210
7.853982
8.199537
3.208161
3.068993
5.579572
-0.800782
3.605240
9.522505
7.380130
0.722979
1.965587
9.158526
-2.236766
0.683191
-7.656586
-2.617673
0.266252
3.043866
1.919567
0.223477
2.230106
-0.622671
-1.885554
0.302885
-2.601173
3.254744
0.453844
-8.132281
0.039979
-0.823355
1.754740
-0.000000
-0.714091
3.437033
5.801522
7.361496
0.398522
-0.726642
2.493781
0.110657
6.972110
2.622447
7.271242
7.008051
1.570796
7.746292
2.146221
-1.609239
7.081916
2.601173
-0.020405
2.457298
-2.283857
9.561844
2.340811
1.315614
-2.114629
8.015819
0.694738
-0.341615
0.039979
-0.550386
-2.202487
7.206170
2.140837
7.293295
-7.580973
-1.933943
-0.436627
-1.067953
-0.752077
15.471115
-2.196281
-2.394151
-1.843805
2.498092
3.052937
