-0.453844
2.265535
-1.295370
13.848192
-4.909785
5.713872
-1.468590
7.734553
-1.892547
-0.844154
9.569220
-7.271629
-0.132552
1.815775
-0.799890
-1.732171
0.235545
-0.805803
-8.151046
-0.058756
1.339706
-2.289626
-1.096396
14.295822
-4.420932
-1.060308
7.068583
0.197396
-8.961130
-5.711848
0.394791
-1.002272
-2.356194
-1.759995
1.398606
9.443644
-2.694750
-0.372988
2.956245
8.961130
2.107707
9.169596
1.667270
0.244979
6.404537
-0.657075
0.061148
1.165905
0.058756
-2.642246
8.373128
-1.458069
1.030377
-2.034444
2.944197
-0.570040
-0.554307
-6.158830
-2.034444
1.550391
-1.292497
8.040961
6.794416
-0.579074
6.528164
13.558093
-6.746833
-1.116077
-2.505754
-6.628741
12.992998
-3.332232
-2.389515
3.471890
1.402199
2.034444
8.189620
0.083141
9.044272
-5.545370
10.476428
-2.819842
0.523278
1.605265
-0.834539
-1.071450
1.973117
1.967876
2.807648
9.465572
-0.394791
-0.631691
-5.934414
-5.467493
-1.610775
8.109164
-1.275355
-2.958482
-1.652248
-2.265535
-8.188718
-2.016097
-2.179960
2.742077
6.764073
-0.517032
7.887303
2.428532
2.739272
-0.393058
8.639380
3.141593
2.792822
3.064821
-8.226969
3.490364
1.469107
-3.551720
-1.570796
2.417343
-0.229232
-1.983207
3.580452
2.223643
3.089010
-6.604936
-2.356194
2.257921
-7.899405
-1.880499
2.165010
-0.249587
-7.692144
7.894775
7.777210
0.438337
0.000000
7.265979
5.934414
-0.741947
-5.662936
0.000000
-0.720971
-2.571552
-2.061960
2.627141
-3.926991
-2.792822
0.396441
16.076659
-6.163756
-2.459276
0.635027
1.795507
2.739272
0.372068
2.588751
-0.472907
8.317629
0.226799
0.505290
-0.873775
2.768605
-0.799890
-5.387130
4.712389
6.616430
6.241543
0.052583
7.122585
15.986263
-0.438337
-5.819538
3.697086
9.424778
-0.994421
-5.355890
0.193211
-0.192701
-7.068583
-0.998337
-1.348135
0.062419
3.265948
1.490966
4.867386
-2.214297
6.501854
3.386571
-0.563316
7.082667
7.249676
-2.694750
4.201901
-0.832981
1.611590
6.983078
-3.286405
-2.044152
0.113792
-2.199593
7.775710
13.767833
-3.926991
10.286948
7.083508
1.607816
8.290609
2.622447
-1.080839
0.152649
0.328120
0.226799
-2.661418
-0.885067
-1.295370
-2.582993
-7.664783
-0.647811
9.445608
-2.222665
-2.677945
2.570255
-1.065506
5.810279
-0.726642
4.592960
7.674128
-0.982794
-0.154997
-2.488746
-0.256151
-2.060754
7.435757
7.477491
2.699218
-0.885067
2.410196
-0.529590
9.558589
7.189207
9.918719
7.573144
-2.287808
-3.319189
-2.238102
9.200067
-0.229232
-7.609003
2.925508
0.390607
2.750986
4.262629
-1.019141
5.360721
-1.989021
0.361204
0.472907
0.393058
8.426441
0.454719
-2.343849
7.698387
-1.644735
-0.328120
-7.443854
-2.034444
7.853982
10.615068
-2.356194
-2.591207
3.554003
-3.075024
7.459191
5.074118
2.792822
2.569133
11.175428
-1.929567
0.029403
-2.315122
8.522271
-2.709185
-2.442400
9.520637
0.351445
-0.558599
0.234723
5.211736
-0.955176
-0.022723
7.068583
0.315616
2.736701
-9.390309
2.049149
1.190290
-0.739277
-1.133005
0.287281
-7.564135
-0.855705
-2.017639
-2.034444
7.390334
1.496857
-1.951303
0.855053
6.871188
-9.387758
-0.215358
-0.933248
1.801887
7.011503
2.746802
-1.735945
7.721430
1.626295
3.440092
-0.694738
-0.496423
0.244979
3.261022
2.553590
2.111216
0.353997
-0.853785
1.589662
-7.739105
2.268187
-2.536048
1.317122
7.897433
-2.251318
-5.556543
-0.785398
-3.493037
-7.793450
-1.970312
-1.079633
-3.682012
-1.165905
1.551191
2.483704
0.183943
7.321138
9.424778
1.925502
2.826378
2.532429
-5.672459
0.124355
-7.609003
-0.463648
2.506566
-7.150368
7.538767
-1.116494
0.418224
1.742987
-2.896614
-3.974574
-5.668522
-2.428532
-1.174355
-2.553590
-0.659629
2.498092
-0.813169
6.865925
-5.219487
-0.258771
-7.609003
9.444006
-0.942000
-0.165149
0.526066
-1.919567
-7.812339
-0.356220
-7.532231
-2.257921
-0.480887
2.979755
4.738699
4.411469
0.086738
-1.381597
-2.060754
-0.529590
-3.515926
-0.588003
-1.717875
3.079174
-4.153790
8.380609
7.068583
-1.785612
-2.629203
2.498092
0.234723
2.422763
6.672502
3.366304
1.764008
-0.702257
6.663692
2.686873
4.485590
-2.026247
-1.550799
-7.367082
0.334737
1.801887
-7.933812
6.637891
3.853950
-0.365747
-2.248505
-7.135152
-8.040469
-1.869295
-1.216799
-1.718646
-1.152572
8.333501
-0.496423
-2.704965
8.219729
0.588003
2.111216
0.671144
-1.742175
-7.704169
0.147849
-7.609003
-2.300696
2.330559
1.628425
1.742987
9.085485
1.886412
-0.766532
-2.419401
4.184315
1.610775
7.012040
6.258800
0.321751
-0.961633
6.957926
5.079563
-0.157769
3.605240
-4.632559
7.362818
-0.955176
0.438859
-2.230106
-1.750650
6.528164
-12.244620
-2.443690
-2.667741
1.892547
2.085248
9.424778
-6.412888
-2.299114
1.815775
9.622174
-8.317629
6.369924
-0.620249
2.613518
1.742175
2.642246
3.349089
-0.097727
-3.288671
2.209116
-2.104505
3.860423
0.667306
-1.414194
9.602871
-0.650421
9.302936
-1.082960
-6.963707
-7.973411
-0.615620
4.712389
9.273763
-9.197979
-1.723446
7.364024
-1.196463
4.712389
-0.717012
2.855541
-0.770906
-2.245537
0.945311
9.515438
-1.996001
1.780436
0.785398
3.943938
8.162034
-8.019130
4.402686
-2.754069
4.331883
-2.100386
-7.796353
7.688833
2.884269
-1.190290
-0.449760
2.806856
-1.787347
7.566700
-2.866167
-0.528074
4.865038
3.113029
-1.176005
8.266392
5.368085
0.372988
-2.850136
-0.519146
-0.883125
0.499347
-7.946311
7.165057
2.521343
-0.463648
-0.977047
-1.709892
7.459191
-0.519146
4.887061
-0.785398
6.938881
-0.463648
5.938538
0.040794
9.462496
0.018516
-0.346539
2.270689
5.553286
-0.083141
-0.137066
-10.119516
-1.256039
1.975688
1.194306
-1.416478
-1.712693
-0.249979
-0.197396
2.231839
-0.491164
2.530867
-3.244674
-8.070532
0.076772
0.274910
2.659079
-1.721812
2.873682
-2.050971
2.072400
7.815539
7.245292
5.098272
7.480994
-0.205395
-0.687124
-2.313966
0.435353
-7.656586
-2.221218
6.871188
-4.990689
0.220829
-0.755995
-1.929567
-0.075329
-2.582993
6.641956
2.399645
-3.026716
-2.186416
7.787413
-0.934288
4.712389
3.386571
-0.965252
-3.306741
3.010277
-8.103234
2.484518
9.482406
7.317071
-6.698677
-0.904827
3.141593
2.695487
7.556917
10.995574
3.614499
3.141593
-0.205395
2.792822
-1.623379
4.641082
-10.590683
5.336412
9.424778
-2.548243
-7.553810
-2.537287
1.405648
7.814003
7.202113
-1.975688
-7.265979
2.892006
2.619758
-3.433049
-0.702257
7.309701
-6.688077
3.419892
-7.594650
1.097890
-7.944642
9.341637
-5.789244
-0.665969
0.643501
-2.437979
1.549061
7.480994
-7.390334
-15.489294
-2.819842
2.526930
2.704965
2.892006
3.860423
-1.249046
-0.840897
-1.163165
1.843805
2.809533
-2.427502
10.276744
0.097727
7.602292
7.185692
-0.472907
-3.715897
9.694627
2.283154
-0.724250
0.192048
4.302262
-0.599175
1.590402
1.165905
5.081723
-0.868539
3.396775
7.628705
6.725560
-0.079830
9.400393
2.310073
2.356194
-2.516108
2.252095
-0.000000
-0.594214
-1.922241
-1.355439
