0.202219
2.103896
0.272785
0.131630
0.295811
-0.258071
-2.226202
0.204202
2.202437
-0.149680
0.105801
-0.188639
-0.008255
-2.118955
-0.287596
0.110759
2.188065
-0.053363
-0.162086
2.174376
2.080405
0.104315
0.200441
-0.016617
-2.162006
0.031740
2.302150
2.234229
2.177729
-0.020872
-0.204586
-0.056355
-0.295203
0.030111
0.064997
-0.148042
2.273940
0.102769
-0.264638
-0.149862
0.152725
2.096469
2.184091
0.203628
-0.133754
0.002921
2.102629
-0.035473
-0.155646
0.115409
0.029613
0.161113
-2.158199
-0.000928
0.071721
-0.265918
2.165693
0.027235
-0.138166
-0.098241
2.032311
2.215106
0.130556
-0.133241
-0.030674
-0.045366
2.227294
0.106871
0.067364
-0.078849
0.216460
-1.127188
-0.081729
-0.187632
0.129006
2.054878
-2.203030
-0.201997
-0.215655
0.053703
2.197328
-0.209262
0.204093
0.072851
0.212650
-2.017043
2.248853
-0.090447
-0.012100
0.199953
2.220403
-2.268225
-1.184834
-0.137495
2.135557
-0.151497
2.188205
2.419465
2.118741
-0.082209
-0.025047
2.247759
-0.052757
-0.165924
0.016367
-2.015375
0.083216
2.175461
-2.098592
0.182086
2.158850
-0.326985
0.020276
2.266535
-0.144533
0.094706
-0.277037
0.264784
-0.127397
0.096517
2.253470
-0.042928
2.100256
-2.120838
2.244725
-0.185822
0.194161
-0.115435
0.167072
1.192436
-2.171733
-0.176849
0.123270
0.233215
0.232800
-0.087797
2.244260
2.329562
0.212659
0.165408
2.332444
-0.063658
-0.087693
-0.057729
-0.174878
-0.192197
2.298544
-0.053855
0.000054
-0.011472
2.257115
0.162189
-0.024527
-1.196232
-0.159659
2.270154
-1.213573
2.148167
-2.125864
0.203880
0.111517
2.134205
2.137751
-0.096501
2.435088
0.034723
-0.107979
-0.300395
2.064376
2.158967
-0.167939
0.185249
1.986529
-0.065613
-0.116769
-0.123155
0.047427
2.294912
-0.187431
-2.322107
2.139738
-0.242995
-0.058785
-0.121098
0.137292
-0.082641
0.208589
2.385609
0.211816
0.047198
0.134048
-0.158158
-0.020244
1.234958
2.182540
-0.123311
0.265983
-0.036784
2.141181
-0.164872
2.346799
2.224942
2.248553
0.070834
-0.128527
-1.070078
-0.254943
2.194166
0.229574
2.153423
-0.356730
0.057825
-0.352336
2.102972
-0.140528
-0.169197
-0.189409
-0.260589
2.184640
2.067264
-0.031110
0.169500
2.180981
0.161411
-0.078666
-0.076558
2.146092
-0.179299
-2.265083
0.064807
0.256487
0.037031
-0.121642
0.032648
0.129010
2.160841
-0.008739
2.093491
0.145849
-0.061615
0.148856
-0.091398
2.154502
0.009965
-0.315237
2.198883
0.021425
-0.101540
-0.126338
0.136184
-1.063102
-0.011626
2.088928
-0.104336
0.187415
2.175457
-0.370759
0.225021
2.137653
2.155314
-0.154342
-0.095317
-0.101024
2.293296
-0.189361
-0.221020
0.272413
-0.112953
-0.104141
0.033563
2.147279
-0.174357
2.362290
-0.147599
0.160566
0.121024
0.252398
0.194180
0.214170
-2.170885
-0.206581
-0.017605
-0.191087
-2.239855
2.092655
0.127547
-0.302388
2.309053
1.368640
0.267572
-0.114706
-0.075253
-0.241436
-0.210552
0.056962
0.185136
0.092145
0.303505
-0.201445
0.123964
-0.145536
-2.268577
-0.162141
-0.160415
0.183295
0.139917
-0.106511
1.303948
-0.130778
-0.105747
2.196738
-2.107822
2.194346
0.159225
2.196470
0.116161
-0.039195
2.128648
2.087906
-2.221587
2.062239
2.112587
-0.049129
2.175512
-1.172755
2.284787
-0.101434
0.191566
1.121016
-0.062632
2.049785
-2.300465
0.149385
-2.084485
0.053009
2.269040
2.281824
0.029268
-0.157869
-0.122342
-0.170531
0.056005
-0.260400
-2.059909
-0.129283
-2.192819
2.209628
0.195324
2.113722
2.211083
-2.120690
0.135267
2.071073
0.016761
-0.116318
2.191317
-0.001229
-0.187266
0.099411
-0.055920
0.176439
0.207318
2.181003
-0.081884
-0.005927
-0.003661
0.086954
-1.223005
2.261054
0.005105
2.128550
0.219378
-0.200688
0.245373
-0.244796
2.223938
0.079814
-0.159289
-0.335251
-1.095961
0.119273
-0.066949
-0.256823
0.236724
0.182572
2.093738
-0.040549
0.021765
-0.013222
2.433149
-2.112283
0.069271
-0.216144
-0.303618
-0.238504
2.062661
-0.162522
-0.080282
0.127066
0.142266
0.052348
0.147524
-2.180426
0.101131
2.221592
-0.212494
0.036523
-2.208227
0.219982
-0.275253
-0.109141
-0.074226
0.146524
-0.050587
2.195892
0.193982
-0.075395
0.038734
-0.223909
2.023191
-0.267094
0.005436
0.059939
-2.160194
-0.132775
-0.108114
2.463675
-0.155418
2.316362
-0.187903
0.109356
-0.203978
-1.087057
-0.276253
-0.231630
0.053841
-0.147461
0.052613
2.099051
-0.094227
0.219145
0.024905
2.230820
-0.255531
-0.014069
0.072111
-0.178114
2.052411
-0.002577
0.003756
-0.163375
0.148561
-1.133806
0.210433
0.072770
-0.081830
2.162620
0.070628
-0.017386
-0.046674
0.049578
-0.149946
0.231377
-0.096074
-0.009809
-0.029473
0.155072
-0.136385
-0.106979
-0.056297
2.011932
-2.172830
0.140740
0.134853
-0.351396
0.236957
-2.141159
0.154916
-0.017172
0.039610
2.005904
-0.083559
-0.071646
-0.122220
-0.109678
-0.141318
2.267292
0.058803
-2.209934
2.176820
-0.176821
0.003907
2.236313
-0.289462
-0.194441
-0.048428
1.197049
-0.197500
0.290710
0.200253
2.267639
-0.241191
0.165287
0.164141
0.053597
2.229597
-0.151942
0.153595
2.287580
2.340803
0.051189
0.165455
2.194918
-0.204520
0.272670
2.122619
-0.065770
-1.125403
0.183919
0.090213
0.169974
2.138019
2.316427
2.228784
2.222242
-0.202226
-0.067619
-0.105173
0.025669
-0.249255
0.172185
0.036479
0.214200
2.205247
-0.147660
-0.132761
2.182222
0.045631
-2.121270
2.198254
-0.076730
-0.141703
2.187644
2.198238
-0.094772
-0.033053
2.183582
-0.267762
2.179921
0.211410
-0.131251
-0.267388
-0.186759
0.170195
2.211173
-1.202407
-0.046512
-2.101073
-0.137482
2.089234
2.140665
0.093827
0.155334
-0.115232
2.088422
0.095275
0.173738
0.161400
2.262617
0.089854
0.023992
0.211679
-0.161182
1.080632
2.165478
-2.287249
2.127427
2.188789
-2.325444
-0.241073
2.233486
-0.211646
0.193270
-0.179528
-0.202820
0.189524
2.337543
0.056476
2.040020
-0.228685
2.133850
2.269704
0.032007
-2.157354
-0.114314
2.030249
-0.175009
2.118442
-1.192115
-0.019855
-0.137657
0.171339
-0.197044
-0.203492
-0.082297
-0.244840
0.058796
-0.069601
-0.086164
-0.167295
0.160317
0.075524
-1.191794
-0.184153
-0.272055
0.183743
0.272067
0.132350
-0.284151
2.146349
0.158680
2.125309
0.235771
0.139523
2.114968
-0.142829
-0.051936
2.373873
-0.141009
-2.176239
0.178333
-0.143627
2.176875
0.019447
1.198493
2.021502
0.202078
0.299514
-0.165661
0.115053
2.079423
0.168089
-0.216605
-0.223163
-0.134150
-2.249416
-0.263346
0.246323
0.132194
-0.194454
2.165576
-0.223115
2.112556
0.164737
2.157417
2.202832
0.087444
-0.156124
0.040857
0.029723
-1.242470
0.019111
2.248074
-2.126754
2.296633
-1.204100
2.283403
-0.106442
0.251040
0.099966
0.118349
-0.198184
-0.179251
-2.128956
-0.124145
-0.165937
0.412993
2.162584
2.144286
-0.091089
-0.018633
-0.078301
1.983598
0.159286
-0.010035
0.192179
-0.124382
0.102645
-0.268009
-0.189559
