0.348482
2.260538
0.289551
-1.975543
-0.180991
0.134338
2.530556
0.455358
1.097977
-0.099378
0.170468
0.426262
-0.063623
2.176544
-0.041471
0.015502
0.492005
0.164409
-0.046570
-0.180466
2.626010
-0.134734
0.012126
0.289620
-0.163178
-0.163752
0.124822
0.185780
0.201999
2.188096
-2.070520
0.117794
0.304340
2.479157
-0.080784
-0.048793
0.327387
0.028743
2.246991
2.414388
0.364091
0.166411
0.155841
1.268513
1.256747
2.108433
-0.018321
-2.165609
0.337519
0.208339
0.194175
-0.201134
0.418877
-0.202992
-0.117175
0.135553
2.257510
-0.162429
-1.007547
-0.218916
0.503304
-0.083677
-0.099454
3.461773
2.355780
0.189886
-0.202738
0.190401
-1.012739
0.302891
-0.114679
0.008487
2.289007
2.319272
2.191671
0.144110
0.414830
0.343784
-0.015016
-0.056364
0.154195
2.209531
2.299206
0.571508
0.396780
-0.075596
-1.961581
0.375204
0.360664
2.327708
-0.160230
-0.184985
0.169576
0.163289
0.104362
1.371534
0.145145
2.461255
2.201037
0.313453
-2.123135
-1.105122
-0.085523
0.008857
-0.142932
0.153108
2.255861
0.228591
-0.045942
2.236951
0.580188
-0.138477
0.052224
0.231824
-0.117844
0.006050
0.395102
0.360619
1.079733
0.047825
0.179354
0.310226
-0.064062
-0.196277
0.218066
0.400042
1.306736
-1.062071
0.514541
0.202747
0.221479
-0.106800
-0.096133
0.189930
-0.200861
0.213048
-0.134914
-0.072039
0.077200
0.096502
-0.008758
-0.057426
-2.177861
0.484101
-0.141405
0.450608
-0.213923
-2.134429
2.327136
0.177559
2.256226
0.151127
2.360899
0.226335
-0.145893
0.235990
-1.910947
0.463587
0.103433
-0.000092
-0.176698
0.105308
0.183983
2.174200
2.181644
0.134938
0.069094
-0.041923
0.384477
0.130566
0.215097
0.308510
0.445227
-0.026104
0.001059
0.405542
0.181964
0.133319
0.048606
0.020950
-0.181256
0.388202
0.227754
0.161059
2.217233
0.137942
-1.005632
2.159591
-0.220625
0.123204
0.385971
0.108458
2.165108
2.479985
0.379421
-0.014622
0.020959
0.413958
0.118124
0.009805
-0.008688
0.374337
-2.087866
0.075398
0.168443
0.359117
-0.099740
2.319561
-0.060313
-0.141487
0.452956
1.154420
0.377102
2.249680
2.484204
-0.201572
0.157388
-2.076243
0.181580
0.409780
0.194540
2.188534
1.279104
2.177253
2.214918
0.037035
-0.080065
-0.085549
0.189750
-0.055041
2.487698
-0.144951
0.192917
0.421765
0.030321
2.533271
-0.194213
-0.056057
-0.232767
1.255254
0.057755
-0.166896
-2.157013
2.629330
0.401495
0.069852
0.224611
0.222546
0.168951
-0.191198
-1.116231
1.061208
2.187934
-0.222607
0.234733
0.327153
-1.123658
-0.159830
-0.146212
-0.106760
-0.013039
2.493129
0.526812
0.155763
1.425600
2.511113
0.512330
0.034753
0.188155
0.016103
2.178860
0.244508
2.254561
2.506844
0.482199
0.215260
0.012113
0.072938
2.477171
2.210366
0.377741
-0.163756
-1.095154
0.028493
2.312039
0.175238
0.477101
0.062542
0.343681
2.247670
0.193227
-0.132960
-0.155314
2.373099
1.251363
-1.885950
0.131409
-2.097387
2.247307
0.201451
0.169071
0.180973
0.000472
-0.000433
1.339930
0.211921
2.167311
-1.090138
-0.166793
-0.069498
-0.111178
-0.013042
0.232769
0.179099
0.405840
0.464253
0.171612
-2.090579
1.047793
2.196280
0.350961
-0.048160
2.380310
0.180751
-0.153091
-0.934942
-0.065720
-0.120177
0.194620
2.476521
-0.039342
0.038311
2.531181
-0.000724
2.274727
0.396084
2.255402
3.563967
0.164853
-0.178341
2.250994
-0.247584
1.128999
-0.173239
0.042505
2.475182
0.106848
2.260962
0.333056
1.136743
0.159890
1.173381
2.273088
0.124346
-0.073257
2.305858
-0.099797
0.221892
0.403255
-0.079934
0.225868
0.275718
-0.003703
2.225531
2.710924
-1.941109
0.169361
0.042777
0.145896
-0.126004
0.127674
-0.104698
0.370987
-0.179456
-0.035444
0.390616
-0.007310
0.330331
0.242832
-0.152864
2.203477
0.039539
0.327442
0.210014
-0.079118
0.130271
2.531492
-1.887847
1.230053
-0.162046
-0.020487
-0.005952
-0.070094
0.005519
0.143391
2.272774
2.217016
-0.014901
-0.039886
2.244238
0.258563
0.026654
0.338247
2.302733
0.219283
0.190025
0.067486
2.546645
-0.150113
-0.142300
2.405351
2.198164
-2.135161
1.180652
0.260200
0.395705
0.289559
2.692966
0.141383
-0.035768
-2.106804
-1.061867
1.165590
2.353387
0.307039
2.201383
-0.095512
0.003876
0.045218
0.175809
0.163482
2.331836
0.283509
-0.198249
-0.121065
-0.162910
0.175952
-0.149428
0.238170
-0.048859
1.356680
-2.009311
0.114187
0.180753
0.347139
3.524295
-0.172652
0.139017
0.044684
0.230472
0.002267
2.369586
0.184679
-0.061862
-0.184805
2.503146
0.189539
-1.941436
2.169696
-0.183220
0.317763
-0.121746
-0.112329
-0.024992
0.293137
-0.180883
0.190329
0.108601
0.167608
0.393768
-0.189742
0.182906
0.148067
2.279991
-2.021036
0.080763
0.178321
-0.074903
0.212598
2.155995
0.477040
2.272623
1.131934
0.149528
0.096299
0.169430
-0.003891
0.270851
2.568168
0.120594
0.182087
0.171952
0.180500
-0.149433
0.117290
-1.050137
2.166063
0.130372
2.343361
1.227496
0.372529
0.149348
0.158239
0.431263
0.198683
0.174604
-1.098048
-0.062092
-0.005685
0.311501
-0.155577
0.116368
-0.115777
0.265096
-0.165232
-0.185649
-0.081600
1.509002
0.048589
1.108002
0.472792
2.305583
0.165037
0.471361
-0.164195
-0.158725
2.643889
-0.112198
0.149721
0.023469
0.360930
0.484446
0.449409
0.096023
2.349180
0.161837
-0.128026
2.102769
0.432526
-0.029172
-0.106152
-0.163686
-0.061668
2.492044
-1.832432
-0.137232
0.124652
-0.129508
2.237974
0.369251
-2.086407
2.206598
2.284006
-0.010505
-2.112278
-2.103253
0.439932
1.128029
-0.151570
0.438968
0.493158
-0.075954
0.003593
2.172369
-0.192367
0.191660
0.255700
0.184661
-0.099903
0.226462
-0.094271
2.241909
2.324943
2.527490
0.232614
0.432052
2.402083
-0.103868
2.227493
-0.097150
0.139386
0.307233
2.363504
-1.941609
1.354879
-0.124946
-0.149996
2.226029
2.325636
-0.130380
2.520943
-0.164650
0.497076
-0.078749
2.207239
0.215527
2.362090
-0.934010
-0.060799
0.054879
-0.181060
-0.187470
-2.136851
0.380561
0.171237
-0.003669
0.155931
0.340283
1.237191
0.474976
0.135472
0.143450
0.035471
0.204862
0.430580
0.199175
0.198958
2.262387
0.336717
0.509482
-0.012019
2.557932
2.233482
0.183710
2.247828
1.199045
0.014345
0.094721
2.298888
0.036588
-0.186022
0.390601
2.194473
0.133931
0.089687
-0.052137
0.460904
2.245463
-0.239303
0.011704
0.236479
2.183289
2.291015
0.343842
-0.073950
-0.033520
2.381692
-0.018389
0.065782
0.157821
-2.120903
0.039872
-0.164317
2.426989
-0.148969
-2.075987
-0.016812
1.205410
0.169540
0.033034
1.206403
-0.218617
0.523639
0.040960
-1.903128
-0.130942
-1.865526
2.544064
0.323845
0.455879
0.176523
0.112523
-0.066128
-0.045274
0.367176
-0.226669
0.407326
0.403989
0.529954
0.349728
0.217028
-0.154336
1.032323
0.286369
2.188692
-2.108988
2.209576
0.166271
-0.140882
-2.130178
