0.051318
-2.833970
-0.221896
-0.133471
0.137275
-0.287606
-0.202142
2.529916
-0.015695
-2.766336
-0.017409
-0.143161
-2.818983
-0.030826
0.175050
-2.849183
-0.205359
-2.414943
-0.180624
-0.054661
-0.207387
0.027982
0.061872
-0.102756
-2.681646
-2.882767
-2.829659
-2.746937
2.608069
-0.153260
-0.136844
-2.861807
-2.741145
0.032368
-0.063197
0.036678
-0.091450
0.031340
-0.054410
2.777644
0.026121
-0.083156
-0.149247
-2.610645
-0.054302
2.736221
0.226114
-0.240023
2.558592
0.037447
0.024772
-2.648434
-0.082485
-2.829805
0.104819
-0.082078
-0.019052
0.102781
-2.731940
-0.279750
-0.063729
0.024904
-2.753868
-0.027982
-2.691050
0.122420
0.201661
-2.682649
-0.245034
-0.217536
0.155433
-0.140852
0.016266
-2.692426
2.758849
-2.831300
0.283962
-0.178328
0.014635
-2.815294
0.059471
-0.070903
0.002086
-2.731045
-2.837318
-0.266596
-0.179770
-2.879160
0.186898
0.272972
0.056871
-0.003979
0.089870
2.782843
0.031458
0.004030
-0.044192
2.700785
-0.125173
0.009672
0.020004
-0.066129
-0.154506
-2.817665
0.122218
-2.867654
-0.186383
-0.028682
0.132028
-0.167375
-0.037834
-2.634011
-0.101940
0.058663
-0.204930
-0.016453
-0.097599
2.728591
-0.010317
0.078836
-0.156101
2.629692
-2.856511
-0.287106
-2.734214
-0.033610
0.136528
-0.048869
-2.785079
-2.931581
-0.171177
-0.160107
0.077808
-0.078807
-0.253180
-3.051425
-2.682776
-2.718546
-0.312721
0.160395
0.094156
-0.130720
-0.308453
-2.672515
-0.067249
0.001582
0.018588
2.561373
-3.056992
0.020987
-0.020236
-0.034636
0.261221
-2.772729
-2.811619
0.145975
-0.105714
-0.015067
0.020394
-0.204311
-0.095951
-0.278655
-0.162100
-0.194359
0.162668
2.816672
-0.091353
0.039373
-0.131066
-0.091490
-0.072405
-0.089613
-2.729676
-0.131019
-2.860699
0.130357
-0.004060
2.780231
0.206092
-0.102518
-0.000876
-0.216913
2.798081
0.180637
0.131396
-2.989877
0.155040
0.023922
-2.724539
-0.026180
0.149239
0.082849
-0.032922
-2.652567
-0.047828
0.099048
-0.030678
0.121596
-0.331861
-0.058734
0.065261
-2.730006
0.057568
-2.808698
-0.013308
-0.037376
0.039173
-2.730686
-0.122019
-0.010820
0.139985
2.680975
-0.143128
0.120617
-0.053800
-2.845045
-0.063692
-0.164926
0.206858
-0.149829
0.094942
0.096534
-0.038180
0.031394
-0.007707
0.037598
0.134392
-0.103246
-0.119111
-0.033300
-0.086337
-0.340929
-2.828876
-0.005507
-0.100126
-0.049665
0.053957
0.118138
2.701229
-0.082028
-2.831615
2.701895
-0.031782
-0.000311
-2.741567
-2.576388
0.026356
-2.830511
-2.760178
-0.265531
0.071211
-2.751349
-0.222097
-0.255234
-0.033380
-0.003837
0.015458
-0.082136
0.287876
0.020778
-0.042184
-0.239605
-0.184671
-0.312114
3.183976
-0.002679
-0.136260
-0.172979
-0.030147
-2.813402
-2.737926
0.139818
-0.125370
-0.380155
0.079330
-0.218451
2.696124
0.138855
-0.076375
-2.680041
0.080299
-2.838373
2.732577
-0.072517
-0.067150
-0.031419
-0.329971
-2.721383
0.228062
-0.194850
0.093799
0.286089
-0.049880
-2.888345
-0.311104
0.029464
-0.062588
-0.127119
0.069680
0.075614
0.126287
-0.098592
-0.040857
-2.982580
-0.053540
-0.244997
-0.133281
-0.081211
-0.208559
-0.099298
-0.032389
-0.225480
-0.075252
0.031335
-2.766116
-0.060247
-0.039581
-0.019644
-0.131066
-0.034600
0.117511
-0.242712
-0.186002
-0.378640
2.439597
-0.226045
-2.771109
0.013649
-0.176486
-2.768188
-0.179166
-0.114725
-0.020518
-2.683760
0.110495
-0.043495
-2.652709
2.816747
-0.152486
0.026885
2.796250
0.106320
0.001270
-0.095025
-0.121814
0.103212
-2.651785
-0.253366
-0.196397
-2.650016
0.388756
-0.242297
0.010664
0.088156
-2.613806
0.146344
-0.275475
-0.242484
0.198732
-0.201864
-0.050217
0.029693
0.025931
-2.720553
0.120907
-0.014726
-0.315693
-0.082889
0.090469
0.001664
-0.056252
0.166650
-0.081732
-2.866544
-0.227747
0.289729
-0.216494
-0.109819
-2.713097
0.133819
-0.106746
2.635368
-0.262527
-0.023111
0.055313
-0.306408
-0.390052
-0.114213
-0.162625
-0.176117
-2.817863
-0.011708
-2.788262
-0.020722
-0.159856
0.002156
-0.030597
0.212947
0.037998
-0.048449
-0.215366
-2.724682
0.013696
0.121600
-0.069138
-2.747720
-0.139477
-0.063705
-0.086164
-0.395455
-0.032313
-0.304901
-0.035932
0.004031
-0.179905
2.709900
0.168316
-2.729865
-2.777632
0.001610
2.698405
-0.065518
-0.060587
-0.325489
-2.822079
-0.034049
-0.029582
0.046193
-0.064596
-0.013827
0.011655
0.409164
-0.097882
-0.124774
-0.216906
-2.574263
-0.000626
-0.260085
-2.670899
-2.748551
-0.359270
-2.703933
0.069600
0.129834
-0.171731
2.684521
2.764639
-0.216006
0.135621
-0.191134
0.011501
-0.057116
-0.066892
-2.818867
0.065882
-0.234321
-0.315970
-2.854866
-0.141745
0.031619
-2.680207
0.163661
-0.059738
0.086987
-0.167280
-0.006696
-0.155765
-0.108232
0.077861
-2.657675
-0.357987
0.013264
-0.047394
-0.011230
-0.264220
0.141211
0.041298
-2.712290
-2.680313
-2.741277
-0.248024
-2.802054
-2.722895
-2.925027
-0.045056
-0.295927
0.028313
-0.285046
-0.153519
-0.065138
-0.144108
-2.805162
0.114891
-0.180278
0.006743
-0.201823
0.063972
-0.068494
-3.112290
-2.876040
0.123976
0.019670
-0.022466
-0.136968
2.727285
-0.155683
-2.697498
-0.140457
-0.117855
-0.285696
2.685470
0.201017
-2.727795
0.107337
-2.751987
-0.098599
-0.259513
0.137639
-2.693147
0.336956
0.001707
-0.093460
-0.266621
-2.724863
-0.351541
-0.039015
-0.169462
-0.150587
-2.961329
0.110450
0.102013
-0.100547
-2.738817
-0.258220
-2.829296
0.313368
-2.805817
-0.318341
2.731092
-0.057015
0.030717
-0.003183
-0.053545
0.033839
-0.105990
0.005070
0.059202
-0.017978
-0.073350
-0.323526
0.014025
0.082049
-0.149149
0.036842
-0.273936
-2.778469
-0.032962
-2.968185
-0.040122
-0.205930
-2.795801
-0.014020
-2.714448
-0.077421
-2.676075
-0.371138
-0.010997
0.089412
0.318928
-2.713853
2.614856
-0.151106
-0.055989
0.085557
0.157978
-2.656213
-2.767299
-0.112597
-0.196664
2.788318
-0.000422
0.004316
0.058217
0.176196
-2.842054
2.767481
-0.190643
-0.323112
0.036226
-0.009217
-0.055498
-0.031944
-0.166588
0.118075
0.135223
0.026835
-0.100032
2.703218
-0.024883
-0.365877
0.050330
-0.571506
-0.152254
0.024022
-0.161725
0.088477
0.161100
2.670582
-0.054731
0.139343
-0.105705
-0.110398
0.146756
-0.289234
0.138089
2.658053
0.000188
2.726585
-0.203263
0.088924
-0.033569
-3.025359
-2.753903
-2.730274
-2.811251
-0.272792
-2.814005
-0.183582
0.010311
0.065821
-0.076126
0.027929
-0.092740
-2.784080
-0.030955
2.632143
0.025865
2.749220
-0.090014
-0.257877
-0.091741
0.317158
0.073238
-2.716476
-0.014522
0.035412
0.173734
0.003054
-2.622618
-2.955526
0.040279
0.003912
-0.337637
0.040456
0.000839
-2.871939
0.077916
0.015964
0.243870
-0.159347
0.107250
0.019684
-0.192475
0.001193
-2.828230
-2.786240
0.084781
-2.824196
-2.349041
-0.064631
0.040766
0.094119
-0.242299
-0.283292
-0.135804
0.075995
-0.115423
-0.023823
2.718219
-0.111619
-0.142468
0.055340
-0.237062
-0.080902
-0.139202
-0.049402
0.028594
0.041144
-0.121241
0.098150
