-0.610660
-2.801830
-0.446918
2.137313
-0.094975
0.023774
-3.646978
-0.721004
-1.245154
-0.147050
0.157199
-0.555199
-0.129109
-2.704231
-0.166759
-0.633693
-0.830351
0.052781
-0.450327
-0.041641
-4.047936
-0.024032
-0.442584
-0.447112
0.044305
-0.027352
0.102228
0.035073
0.041516
-2.770694
2.681360
-0.599225
-0.426240
-3.428608
-0.320125
-0.137414
-0.270681
-0.514512
-2.911504
-3.357107
-1.182954
0.026333
0.046071
-1.603428
-1.344230
-2.644264
-0.536076
2.724402
-0.404292
0.020506
0.106812
0.014757
-0.748239
-0.010482
-0.101084
0.157453
-2.703923
0.054909
0.271333
-0.077215
-1.134694
-0.431358
-0.215955
-3.910335
-3.300309
-0.890228
0.012532
-0.004805
0.215687
-0.374496
-0.024140
-0.230958
-2.861236
-2.776781
-2.746933
0.108477
-0.865924
-0.166776
-0.110039
-0.234511
-0.074759
-2.816694
-2.846795
-1.071174
-0.749318
-0.471514
2.276080
-0.642321
-0.541458
-3.076735
-0.086341
-0.107070
0.052217
0.046234
-0.658434
-1.594604
-0.828403
-3.526476
-2.738130
-0.467241
2.769921
0.212340
-0.087385
-0.478273
-0.032803
0.167682
-2.741391
-0.130909
-0.119862
-2.767410
-1.115959
-0.121474
-0.815469
-0.183854
0.015874
-0.701241
-0.757333
-0.329210
-0.884172
-0.510821
-0.031271
-0.375959
-0.138199
-0.010826
-0.913561
-0.405133
-1.432443
0.244637
-1.136706
-0.221523
-0.033072
-0.035526
-0.061681
0.093423
0.070611
-0.057132
-0.030984
-0.124959
0.120070
-0.570419
-0.838776
-0.557881
2.656732
-0.810277
-0.073615
-1.244583
0.065386
2.793751
-3.033440
0.099971
-2.885813
0.081591
-3.287642
-1.335373
-0.033790
-0.137885
1.668924
-1.014318
-0.761217
-0.367119
-0.066482
-0.644185
0.050393
-2.682358
-2.807995
-0.506982
-0.717331
-0.381890
-0.530602
0.116964
0.017423
-0.391664
-0.803197
-0.548833
-0.201497
-0.473589
-0.067768
0.054488
-0.615652
-0.281948
-0.074493
-0.451457
-0.018263
0.093150
-2.744009
0.059578
0.271820
-2.658703
-0.025332
0.100203
-0.652129
-0.666275
-2.857536
-3.616670
-0.481008
-0.273285
-0.386819
-0.620725
-0.701166
-0.471551
-0.400221
-0.590976
2.727798
-0.754931
-0.684698
-0.836442
0.112091
-2.945189
-0.177478
-0.070669
-0.761427
-1.076454
-0.517360
-2.780573
-3.353205
0.061674
-0.019192
2.640853
0.069293
-0.592798
0.077548
-2.793567
-1.423111
-2.787343
-2.737892
-0.784275
-0.228199
-0.102697
-0.120613
-0.434306
-3.618381
-0.021334
-0.102633
-1.196815
-0.580676
-3.712960
0.125527
-0.119494
-0.027923
-1.550481
-0.928025
-0.070872
2.715245
-3.945854
-0.681633
-0.662583
-0.841746
0.011455
0.039745
-0.007996
0.316714
-1.028013
-2.721160
-0.024999
-0.195959
-0.368299
0.286096
0.007671
-0.014155
-0.188152
-0.187419
-3.574407
-1.296916
0.030633
-1.791309
-3.652817
-1.051064
-0.558960
-0.016299
-0.780060
-2.763090
-0.236149
-2.707271
-3.358633
-0.638521
-0.074964
-0.256758
-0.814271
-3.407039
-2.718550
-0.475973
-0.068261
0.232740
-0.202669
-2.821413
0.016796
-0.883818
-0.776369
-0.581781
-2.766976
0.000763
-0.105335
-0.022195
-3.501853
-1.531442
1.796616
-0.878044
2.759017
-2.733176
-0.193393
0.012712
0.128715
-0.109395
-0.244323
-1.799133
-0.255936
-2.796936
0.329264
-0.018611
-0.201411
-0.173779
-0.261552
-0.019488
-0.924654
-0.589178
-0.759834
0.007509
2.339318
-0.929599
-2.740058
-0.665825
-0.283941
-2.909582
-0.041276
-0.001007
0.235546
-0.108766
-0.040756
0.070316
-3.532834
-0.452929
-0.245148
-3.494959
-0.264175
-2.828736
-0.565766
-2.695228
-4.345810
0.139024
0.016186
-2.812808
-0.030139
-0.925096
-0.057105
-0.912942
-3.276784
-0.796635
-2.889483
-0.482448
-1.122615
0.045711
-1.310305
-2.738557
-0.769697
-0.169407
-2.854198
-0.125867
0.050951
-0.440859
-0.146133
-0.881144
-1.029377
-0.721068
-2.704319
-4.366644
2.313916
0.128849
-0.999515
0.111902
-0.089071
-0.803914
-0.078309
-0.310885
-0.005200
-0.111412
-0.530844
-0.225048
-0.433612
-0.459226
-0.083497
-2.718196
-0.520370
-0.245774
0.008760
-0.164468
-1.044935
-3.634498
1.437572
-1.600612
-0.008262
-0.496398
-0.411815
-0.177095
-0.200580
0.047308
-2.767218
-2.797205
-0.126572
-0.246340
-2.893699
-0.245487
-0.287749
-0.481576
-2.933219
-0.279226
0.063479
-0.626798
-3.864144
0.045944
-0.058418
-3.416552
-2.862678
2.718886
-1.513586
0.008853
-0.467653
-0.385733
-4.035693
0.068881
-0.164975
2.731715
0.340260
-1.006228
-2.807181
-0.305852
-2.618267
-0.285256
-0.312919
-0.208311
-0.685450
0.065544
-2.901006
-0.163133
-0.137164
-0.050866
-0.051024
-0.031405
-0.073132
-0.966100
-0.112700
-1.694931
2.204720
-0.486303
-0.053760
-0.455262
-4.064525
-0.110446
0.172271
-0.635163
0.061415
-0.248816
-3.394939
0.077790
-0.565919
-0.046711
-3.725421
0.065041
2.052515
-2.692848
-0.079225
-0.251838
-0.500514
-0.111339
-0.390396
-0.296978
0.023716
-0.014569
-0.730728
-0.086185
-0.476764
-0.093405
0.182195
-0.847913
-2.904851
2.501959
-0.527806
-0.004166
-0.203977
-0.922398
-2.809600
-0.885333
-3.048204
-1.091711
-0.709085
-0.011600
0.069491
-0.217210
-0.051819
-3.827178
0.078585
0.078711
0.134533
0.050713
-0.072051
-0.573475
0.231260
-2.698784
0.163224
-2.908301
-1.551866
-0.618393
0.116536
0.148400
-0.671982
0.008772
0.056043
0.171439
-0.183394
-0.629589
-1.253921
-0.037783
0.179346
-0.108175
-0.123713
-0.020124
0.007301
-0.148720
-3.086885
-0.760753
-0.922570
-0.710711
-3.244756
0.035977
-0.860001
-0.085087
-0.078177
-4.223742
-0.175240
-0.382378
-0.330534
-0.304775
-0.525483
-0.724226
-0.445237
-2.977687
0.003388
0.035990
-2.713660
-0.770596
-0.235046
0.005780
-0.057071
-0.143868
-3.171747
1.693406
-0.002658
0.021678
0.006379
-3.155532
-0.466935
2.688269
-2.763086
-3.274777
-0.241319
2.673342
2.717024
-0.653827
-1.181667
-0.038638
-0.831170
-0.564239
-0.250325
-0.262471
-2.815709
-0.079337
-1.313560
0.002187
0.035050
-0.426569
0.025131
-0.068394
-2.707391
-2.818758
-3.761937
0.079462
-0.597206
-3.166599
-0.289004
-2.870222
-0.032025
-1.058270
-0.251894
-3.279473
2.112140
-1.950512
-0.115577
-0.130790
-2.892760
-2.885593
-0.043862
-3.696023
-0.045717
-1.076413
-0.152767
-2.763214
0.074949
-3.334730
0.054836
-0.246339
-0.664792
-0.031917
-0.003312
2.668422
-0.356456
-0.065202
-0.663290
-0.058010
-0.162930
-1.326688
-0.666476
-0.832348
0.143451
-0.745717
0.034123
-0.595310
0.029548
0.050489
-2.739894
-0.343922
-0.944197
-0.644866
-3.739882
-2.823947
0.007424
-2.999635
-1.227162
-0.158719
-1.142364
-2.969212
-0.463034
0.036654
-0.472838
-2.747157
-1.091796
0.104781
-0.273783
-0.934522
-2.715888
-0.036600
-0.258734
-0.007783
-2.823020
-3.126934
-0.389850
-0.322277
-0.488882
-3.049362
-0.516188
-0.974534
0.051449
2.674194
-0.780533
-0.042407
-3.380134
-0.022241
2.639804
-0.199523
-1.386114
-0.035669
-0.340578
-2.419812
0.058797
-0.873602
-0.777221
1.788805
-0.101869
1.738164
-3.607263
-0.458405
-0.723327
0.060823
-0.707424
-0.119690
-0.131085
-0.494719
-0.024111
-0.460136
-0.698615
-0.917918
-0.494421
0.047921
-0.037257
-0.862403
-0.147090
-2.733706
2.740449
-2.746564
-0.013550
-0.141165
2.685663
