0.211093
2.772897
-2.384758
-3.014083
2.526930
-2.865787
2.906048
1.884417
-2.927532
-0.845930
2.372586
-1.222025
0.270947
-2.577023
1.051650
1.289024
0.540420
-2.716388
-2.922924
0.423669
2.999696
1.044169
2.451146
-1.467004
-2.316216
0.263964
-2.403778
-1.030377
0.392340
1.128422
-1.504228
1.224257
-0.891383
-0.432408
-0.948126
2.896614
-1.550799
-2.521343
1.469107
-0.099669
0.273009
-0.197396
-0.825377
-2.217555
0.902507
0.950547
0.830144
1.935998
-2.271651
-0.909753
0.256151
-1.057190
-2.920278
1.993650
3.110353
-1.844964
-2.746802
-0.407632
0.502843
-2.170847
-0.021736
2.914794
-0.572966
0.785398
-2.873682
-0.740652
2.203545
-1.544487
0.588003
2.131483
-1.310194
1.432790
-0.449760
0.386876
1.478467
2.506566
2.074962
1.446441
1.875307
1.272297
-1.256039
-1.000756
1.638873
-0.058756
-0.278300
0.862170
2.574863
0.896055
3.082837
1.657535
0.785398
-2.877104
-1.435269
-2.299114
-2.574863
0.832981
-3.002953
-1.010109
-2.769525
-1.392703
2.729182
-2.283857
0.034469
1.408959
0.428778
-0.800322
-0.218669
-2.769525
0.950547
-3.014620
-2.964884
1.299849
2.917358
-2.570255
2.711830
1.190290
2.814766
1.518213
-3.099950
-0.785398
-1.887366
1.320353
0.938047
2.485897
-0.732815
1.424784
2.034444
0.146012
-1.012197
-2.999696
1.205595
-2.782822
1.107149
2.466852
2.265535
2.191046
-2.645170
-1.343997
2.129396
2.222665
0.037020
-0.982794
-0.062419
2.248916
1.942864
3.120319
2.446854
2.050316
-0.281772
3.039386
0.519146
-0.201317
2.901850
-0.435353
1.963136
0.328120
-0.630401
2.564400
-1.304544
0.931882
-0.580756
2.383215
-3.054854
2.326791
0.605545
3.124645
0.831519
2.245537
0.918927
0.866302
-0.110657
0.330297
2.999696
-0.927295
-0.529590
-2.042574
-1.742987
2.487022
2.940638
0.352990
-2.115660
-1.089909
-2.441700
-2.073640
3.098142
1.862253
1.190290
-2.158799
-1.402199
1.840645
1.570796
-2.396173
2.007423
2.020556
2.239086
-2.952394
-0.840897
2.094075
-0.172191
-0.935770
-0.566729
-2.410196
2.228685
-2.677945
-0.278300
-1.729452
-0.390607
-3.009041
2.706239
2.746802
-2.158799
-1.880499
1.677532
1.768192
0.856706
-2.191046
2.723368
2.896614
-0.455101
1.851634
0.375271
-1.453688
-2.806856
-0.372988
-2.922924
-2.752276
-0.876058
1.396124
2.214297
-2.993743
-1.460139
-1.590794
1.209593
-0.942000
1.287002
-0.472907
-2.014245
-1.019141
-1.377585
-1.810028
0.165149
-2.010639
-2.017639
0.287281
0.753151
1.549523
2.990577
2.483704
-2.685819
2.525973
-0.543832
-1.946757
-1.999060
-1.124691
-2.936197
2.256526
-2.563691
-2.521343
-1.418147
-0.336675
-0.110657
-0.748378
-1.570796
-0.141897
-0.623199
-0.321751
2.289626
-2.137526
0.637549
2.927532
0.193959
-0.454719
0.708626
0.571337
2.245537
1.325818
-2.530867
2.251318
3.045119
-1.186627
-0.237836
2.819842
-2.646041
0.000000
-2.493781
1.212026
0.495552
2.677945
-1.311465
2.326791
1.732634
-2.262718
0.651077
2.532429
2.798569
-1.905533
-1.853351
0.499347
2.399645
-0.566729
1.681454
-1.127348
0.070061
3.056691
2.256526
2.466852
-0.334737
-1.389147
-2.558853
2.720929
-1.748889
-1.697769
-0.201762
-1.446441
-2.996283
-0.150371
2.810497
2.034444
-0.632749
-0.083141
0.534395
0.678119
-2.896614
1.396124
0.577902
-0.657889
-0.262120
1.288241
-1.983207
1.947706
-2.901850
2.311448
0.971621
3.050933
-0.099669
-2.530867
-2.528385
2.532903
-2.034444
1.892547
-0.607802
0.870903
0.960070
-2.231839
-2.394637
1.628425
-1.107149
0.176709
2.560212
-0.185348
0.262995
2.025098
2.053310
1.405648
0.493941
-2.158799
-1.259798
-1.363300
1.026964
1.905533
-1.986288
-2.718739
-2.181522
-0.670522
-1.116494
1.373401
0.055499
3.089010
-0.252554
-2.768605
1.548073
-0.927295
0.335639
2.593043
-2.396173
-0.463648
1.778293
1.400061
1.999574
0.502843
-1.453688
0.484478
-2.396173
-0.407632
0.669043
2.064738
0.550386
-2.689439
0.363979
1.317122
1.735945
-3.064821
-0.363979
-1.349482
2.718739
-2.424581
0.222082
-1.284745
-1.570796
-1.570796
-0.454719
-1.851634
1.905533
2.252095
0.000000
0.380506
3.002497
-3.075024
0.278300
-2.580429
1.467004
2.201198
-0.103792
-0.059928
1.913820
-2.056418
-2.248505
2.312744
-2.181522
0.463648
0.141897
-1.727398
2.220667
-1.145964
0.141897
3.009041
-0.579074
-1.692991
-2.694073
-1.116077
2.132718
-1.548073
2.612003
-0.493941
0.674741
-0.804264
-0.982794
-0.063743
-1.394087
-0.551655
2.850136
-1.460139
-2.875341
-2.279423
2.919511
-0.730907
2.268187
0.302885
1.498197
-0.474400
-1.499489
3.141593
-2.236766
-0.950547
-2.106608
-0.218669
1.570796
-0.375271
-0.896055
-2.140837
0.540420
3.024484
0.493941
0.141897
2.203545
-1.772113
-1.205049
0.630401
-2.432966
2.761086
1.815775
-0.121842
-2.677945
2.459276
-0.174672
0.862170
-1.400061
-1.570796
-0.124355
-0.617756
0.734594
-2.559240
-1.242676
-0.982794
2.416727
2.984991
2.460294
-2.755710
2.696292
2.659929
2.293776
-0.785398
-1.292497
1.685673
-0.599175
1.523213
1.980924
-3.017238
0.927295
1.256564
2.677945
-2.832662
-1.304544
-2.317253
-3.006065
-2.111216
-0.043451
2.446854
0.785398
0.482513
2.356194
-0.254368
0.664774
-1.208252
1.831399
-2.507570
2.126290
2.537843
2.844528
-1.672485
-2.736701
-0.079830
-0.685730
2.813473
2.976444
2.593043
-0.397079
-2.214297
-1.516795
-0.096474
2.356194
-0.038443
-2.846152
-1.945130
-2.008588
-0.950547
-2.111216
-1.422947
1.063698
0.463648
2.165556
-1.674589
-0.446106
2.530867
-0.521834
-0.295441
1.845706
-2.356194
-1.921524
2.214297
0.946161
-1.647568
0.168597
-1.704607
-2.933127
1.760785
1.768192
-2.146221
-1.428899
2.184566
2.356194
-0.685730
-2.886410
-1.570796
1.042722
1.312025
0.052583
-1.284745
0.416065
-1.644735
-2.806856
2.356194
-0.954499
1.080839
-1.892547
1.024007
0.212938
1.134169
-2.534605
-1.325818
3.024484
-2.518393
-2.638749
-0.289504
-2.896614
-0.600050
-1.287002
0.000000
1.611590
2.944197
-1.474937
2.718739
-1.097890
-0.482513
-0.913721
1.781890
1.383817
-0.182168
-0.291457
1.107149
-0.376490
2.079867
1.524318
-1.007480
-1.150600
2.870646
0.845930
-2.589938
1.919567
2.543834
-0.313621
2.218608
2.867425
1.125495
-0.275426
-0.927295
2.383215
-0.451453
-0.734161
2.650429
-0.335639
1.490966
2.961739
0.851966
-0.634023
0.229232
-0.019605
-1.194835
1.882838
2.485897
2.729182
-1.932000
-0.177596
2.825977
-2.094716
0.805803
0.934288
-2.256526
2.717398
-2.498092
0.321751
0.588003
-1.046001
-2.356194
-0.474400
-2.810497
1.592070
-0.519146
0.188222
2.231839
3.006065
-2.934096
-1.627340
-0.737815
2.503273
-2.137526
2.222665
-0.327739
1.107149
-3.009041
-1.051650
2.446854
0.718830
1.023234
-0.620249
-2.316216
0.124355
1.650626
0.581905
0.083141
-1.934775
-1.512041
2.289626
1.830128
0.613770
-0.785398
0.017542
-1.463106
0.968509
2.665897
-2.330559
0.141897
-0.996491
-2.383215
-0.766532
3.103150
-0.655696
-2.655561
-2.122451
-0.368696
