1.781890
-2.081285
1.824470
2.830594
1.269876
-2.663240
0.354706
2.904744
-2.286540
-1.605265
0.496423
1.712693
-0.432408
9.392531
-2.477546
0.715744
0.704494
2.830594
2.723368
-2.786887
3.038511
0.528074
-0.447520
-1.282741
-2.451146
-2.536048
2.922924
1.499489
9.314121
-0.613207
-1.012197
3.075024
1.965587
-0.262995
-1.272297
-1.433730
1.747505
-1.004067
2.094075
-1.124691
-0.735440
2.589938
1.423718
-2.432966
-2.887919
3.177292
-1.042722
0.372988
-2.380580
2.191046
-0.808650
9.424778
2.533791
1.405648
2.221873
0.735440
-1.394087
3.312328
-1.858852
1.237552
0.176709
0.380506
2.709185
-1.107149
-2.477546
-2.512796
-1.904041
9.491346
-1.359703
-2.498092
0.039979
-2.779048
3.324703
2.140110
2.098871
0.463648
2.553590
0.636508
-0.973620
0.912908
-2.018316
0.062419
0.785398
1.455920
-0.906750
2.677945
1.060308
0.076772
-2.706922
3.244674
-1.637364
1.176005
2.572279
-1.121037
-2.904744
-3.009041
1.980924
-1.394087
-2.411693
0.735440
0.533708
-0.226799
-2.958482
-2.228685
9.498717
1.428899
1.418147
-2.774419
0.758378
1.815775
-2.601173
1.892547
-0.211093
-0.664046
-0.071307
1.707863
0.152649
0.038443
1.501940
2.512796
1.156289
0.351445
-1.282741
-0.076772
2.330559
9.387758
-2.234842
-0.141897
-2.356194
0.114877
-2.819842
3.212900
2.896614
-1.433730
1.123276
2.662073
0.394791
-0.309703
-0.394791
0.236849
2.356194
1.880499
2.104505
1.170556
-1.774814
-2.411693
1.537475
-0.132552
-0.463648
0.189988
0.447520
0.962994
1.297788
0.737815
-0.735440
-1.183921
-2.525296
1.892547
2.221873
0.942000
-1.261093
1.533776
1.570796
-2.525296
-0.478352
-1.925502
-2.601173
1.892547
1.123276
2.930499
2.618314
2.306236
-2.601173
-2.220667
-0.273009
0.037020
-0.906750
9.493634
-1.203622
-1.446441
2.694073
-1.107149
2.645170
1.538549
2.331809
-2.774419
-0.812419
-2.380580
-1.030377
-2.601173
0.674741
-2.240435
-2.228685
-1.380808
0.000000
2.808348
2.574863
-1.881795
-0.840897
9.424778
1.460139
2.356194
0.345556
1.971037
0.554307
-1.141034
-0.657889
0.321751
2.429235
1.063698
-0.885067
-0.444419
-2.749253
2.446854
-2.000559
-1.824470
2.976444
-0.668289
-1.712693
-2.406153
-0.367174
-2.970857
0.197396
-0.807617
2.270689
-0.499347
-2.912361
1.317122
1.807645
-1.570796
-2.544416
-1.282741
0.147078
-2.356194
0.000000
-1.405648
0.147078
2.279423
2.994514
3.176062
-0.876058
-1.951303
-2.572279
-2.019520
0.657889
0.404892
2.167973
-2.283154
0.000000
0.588003
-0.785398
0.321751
2.798569
-2.220667
-0.152649
-0.244979
3.215532
-0.447520
-2.964884
-0.073939
1.076855
-1.301629
1.916352
2.533791
0.732815
-0.946773
2.327631
9.277700
1.261093
-0.566729
2.677945
-1.951303
-1.637364
0.253674
-0.170735
2.228685
0.491809
-1.467715
2.767259
2.356194
3.141593
2.283154
0.463648
2.819842
1.685673
0.607802
-0.912908
1.501940
0.785398
-1.030377
-1.913820
0.244979
-2.034444
-0.321751
2.809533
0.244979
-2.631104
0.514451
-0.114877
-2.677945
1.768192
2.498092
-0.110657
0.685730
-2.356194
-0.935770
-1.261093
-0.332059
0.510488
3.215532
1.916352
-1.272297
2.694073
-2.356194
-1.501940
1.937970
1.570796
0.540420
2.857799
1.536327
1.892547
0.528074
1.464061
-1.943784
-1.963136
1.647568
-0.273009
-1.259798
2.830594
-2.256526
0.000000
-1.227772
2.256526
1.227772
-2.380580
1.237552
0.528074
-2.505084
-2.677945
-1.756144
-1.741532
-1.433730
2.381830
-1.499489
-2.601173
-1.605265
-1.428899
-2.178598
0.759763
2.129396
2.176341
-0.278300
-0.528074
-0.432408
2.356194
-2.303611
-0.298499
-1.989021
1.858852
2.085248
2.455863
1.264917
2.169215
1.753907
-2.005467
2.425849
0.176709
-0.345556
-1.717875
2.964884
-2.270689
1.869295
-0.345556
0.934288
2.137526
-2.201876
0.386876
1.356736
-2.403778
1.774814
-2.572279
0.400241
0.321751
-1.024007
0.380506
-2.809533
-0.478352
-2.261243
2.868584
0.528074
1.460139
-1.747505
-2.098871
2.158799
-1.366778
1.937970
-0.035699
0.588003
0.400241
-0.446106
1.024007
2.999696
-1.881795
-1.123276
-0.934288
-0.569313
9.282881
-2.286540
2.455863
-2.878598
-1.460139
1.717875
1.092444
-0.569313
-1.730709
2.677945
-1.677532
3.404587
2.647651
-1.249046
-1.317122
-1.001483
2.692869
-2.149871
0.962994
2.050316
0.759763
-2.403778
-0.657889
0.809784
-0.310998
1.501940
1.904041
-1.287002
-0.197396
-2.505084
0.510488
1.607816
2.085248
-1.535097
-0.992894
-0.912908
1.913820
-2.808348
1.418147
2.085248
2.251318
-0.577902
0.809784
-2.563691
-0.523278
-0.446106
-0.493941
0.141897
-2.194819
0.616297
-0.253674
-2.132718
-1.642104
-1.570796
1.307802
-1.467715
-1.333948
0.380506
-2.853537
2.169215
-1.537475
-1.681454
-0.973620
2.098871
2.034444
-2.694073
2.761086
2.843094
-1.971037
-0.890275
-0.236849
1.460139
1.063698
0.197396
1.197809
-1.703348
-1.203622
-1.042722
-1.849096
-1.307802
-1.583953
0.496423
2.761086
-2.221873
9.282881
-1.604117
2.642246
1.170556
-1.639653
2.594804
3.312328
2.187093
-2.283154
0.912908
-0.690446
2.187093
-1.400061
-2.356194
-1.892547
2.122451
-1.464061
1.839964
1.892547
1.989021
0.540420
1.455920
2.455863
1.074374
2.543174
2.829551
-1.644735
2.466852
-2.003204
-1.781890
0.447520
-1.196463
3.067654
-2.944197
-0.862170
3.070285
-1.945130
2.553590
-1.815775
-2.331809
-2.332943
0.610726
2.461071
-1.760785
-0.785398
1.712693
2.169215
1.352127
-0.628796
1.892547
-0.035699
1.789465
-2.843094
0.680521
-0.463648
0.588003
-2.228685
-0.558599
1.138389
-2.067219
0.000000
-2.808348
2.275290
0.432408
2.003204
0.950547
-0.226799
2.178598
-2.543174
-2.049149
2.406153
-2.645170
0.035699
1.176005
-2.000559
-1.833791
-2.167973
-0.176709
2.914794
3.072736
-9.213685
0.510488
-0.288055
-2.843094
-1.091277
-2.582993
-1.056345
-2.572279
-2.754717
0.835357
1.490966
-0.880350
-1.122073
-2.786887
-2.662073
0.176709
3.208161
3.218365
1.190290
-2.613518
1.774814
1.951303
0.147078
-2.843094
2.723368
0.704494
-0.643501
-0.147078
-2.207305
-2.003204
-1.741532
-1.904041
-2.005467
-2.553590
1.723446
-2.553590
-2.129396
2.741352
-2.694073
-0.137066
-2.589938
-2.727086
0.588003
0.866302
-0.732815
-1.501940
-1.892547
2.018316
0.310998
-1.741532
2.694073
1.216091
2.863293
0.066568
2.944197
2.677945
2.384758
-2.406153
1.165905
1.423718
0.073939
-2.863293
3.318302
9.390309
9.390309
2.381830
-1.123276
2.003204
-1.862253
-1.496857
-3.026716
-2.380580
-1.604117
-0.558599
-1.279340
-0.896055
2.461071
1.071450
2.490516
-2.505084
1.455920
0.954499
-0.657889
-0.147078
-0.992894
-2.331809
-0.890275
-1.644735
2.471954
2.930499
1.042722
2.521343
-1.707863
-0.394791
-2.976444
-0.607802
-0.071307
-0.262995
-2.786887
-1.833791
2.214297
2.003204
-3.034857
-2.589938
1.925502
-0.762147
0.759763
9.389079
2.234842
-2.601173
-0.607802
1.237552
0.386876
-0.785398
2.944197
-2.169215
-1.637364
1.747505
9.292226
-0.862170
