0.172191
2.647651
-2.533791
-3.246470
0.404892
-2.930499
2.695487
1.490966
-3.568220
-1.067953
2.134113
-1.642104
-0.188222
-3.208161
0.934288
1.063698
0.510488
-2.709185
9.496085
0.321751
2.937575
0.960070
2.064738
-1.535097
-2.283154
0.226799
-3.141593
-1.512041
0.090660
0.321751
-2.677945
1.190290
-1.570796
-0.982794
-1.012197
-4.493720
-1.729452
-2.618314
1.359703
-0.035699
-1.849096
-0.531724
-1.313473
-2.245537
0.866302
0.339293
0.837981
2.289626
-2.300696
-1.650626
0.226799
-0.991722
-3.349089
1.892547
2.279423
-2.070143
3.326941
-0.372988
-0.844154
-2.526930
-0.183111
2.746802
-1.428899
0.514451
-2.887919
-0.756835
2.111216
-2.015216
6.338684
2.234842
-1.385448
0.938047
-1.249046
-0.266252
1.380808
2.455863
1.856848
0.620249
1.661456
1.124691
-1.292497
-0.992894
1.717875
-0.510488
-0.386876
0.808650
2.589938
0.785398
2.203545
0.540420
0.083141
3.318302
-1.695151
-2.490516
-3.669667
0.651077
3.288671
-1.092444
-2.613518
-1.570796
-4.972991
-2.379446
-0.531724
1.317122
0.205395
-0.906750
-0.628796
-2.830594
1.076855
9.360351
-3.816334
0.726642
2.981680
-2.536048
2.731465
-0.226799
2.922924
0.714091
9.358210
-0.809784
-1.880499
1.176005
0.934288
1.975688
-1.642104
1.212026
1.618379
-0.305879
-1.176005
-3.682012
0.896055
-2.878598
0.785398
2.057696
1.776192
8.114584
-8.961130
-1.361773
1.959115
2.104505
-1.405648
-1.047518
-0.588003
2.117585
1.695151
9.353470
2.403778
0.965252
-0.714091
2.629203
-0.117109
-0.310998
2.782822
-0.598419
1.405648
0.189988
-0.674741
2.517570
-1.570796
0.811034
-0.699893
2.425849
9.325109
2.228685
0.244979
3.141593
0.680521
2.178598
0.729900
0.218669
-0.856706
-0.117109
1.892547
-1.527345
-0.588003
-2.081285
-1.815775
2.381830
2.904744
-0.540420
-2.319174
-1.609239
-2.677945
-2.312744
2.158799
8.317629
1.176005
-2.553590
-1.412141
1.747505
1.490966
-2.875341
1.916352
1.907471
2.117585
3.278659
-0.934288
1.623379
-1.892547
-0.785398
-0.868539
-2.228685
1.633215
-2.525296
-0.927295
-1.774814
-1.653938
-5.279118
2.483704
2.642246
-2.330559
-2.475623
1.004067
1.365401
0.840897
0.083141
-4.406510
2.887919
-0.493941
1.706324
-0.099669
-1.570796
-9.036459
-0.367174
3.300248
-3.258701
-1.675673
0.996491
1.985303
9.390309
-2.007423
-1.781890
0.972377
-1.460139
1.190290
-0.651077
-2.050316
-0.994421
-1.394087
-2.137526
0.035699
3.546484
-1.945130
0.345556
0.674741
1.464061
2.922924
1.405648
-2.746802
2.214297
-0.558599
-2.129396
-2.137526
-2.034444
3.318302
2.169215
2.835714
-2.695487
-2.490516
-0.309703
-0.394791
-1.745469
-2.077895
-1.642104
-0.917950
-0.278300
2.303611
-3.648691
0.114877
2.711830
0.321751
-0.404892
-1.058407
0.510488
0.278300
0.076772
-2.711830
2.283154
3.064821
-1.238737
-1.076855
-4.803049
-2.831890
-0.049958
-2.553590
0.972377
0.278300
2.521343
-1.352127
2.158799
1.606495
-2.331809
0.655696
2.451146
2.265535
-2.356194
-2.574863
0.321751
2.331809
-0.649870
0.960070
-1.156289
0.110657
2.868584
2.228685
1.570796
-0.298499
-1.570796
-8.763735
2.490516
-1.717875
-1.789465
-0.394791
-1.804540
3.256469
-0.661043
2.055274
2.034444
-0.876058
-0.422854
0.554307
0.558599
2.880990
1.282741
0.588003
-1.071450
-0.563316
0.321751
-2.034444
1.951303
3.271295
2.081285
0.785398
3.045119
-0.037020
-2.662073
-2.525296
2.129396
-2.677945
0.844154
-1.199905
0.444419
0.890275
-2.830594
3.419892
1.570796
-1.190290
0.172191
1.815775
-0.278300
0.189988
1.945130
1.905533
1.423718
0.429762
-2.261243
-1.670465
-1.700499
1.074374
1.741532
-2.473303
-8.998150
-3.463343
-1.647568
-1.301629
1.304544
-0.605545
3.067654
-0.732815
-2.919511
1.533776
-0.982794
0.204018
2.461071
-2.399645
-0.519146
1.717875
1.570796
1.687905
-0.197396
-1.781890
0.158655
-2.601173
-0.410127
0.628796
1.520838
0.362544
-2.878598
0.000000
0.486899
0.912908
-3.605240
-1.681454
-1.487655
2.461071
-2.694073
-0.643501
-2.064738
-2.403778
-2.170847
-0.493941
-1.940130
1.222025
2.140110
-0.129703
0.083141
2.768605
-4.083593
0.305879
-2.594804
1.373401
1.943784
-0.106736
-0.197396
2.085248
-2.508844
-2.356194
2.034444
-2.283154
0.400241
-0.348771
-1.997424
1.849096
-1.272297
-2.723368
2.057696
-1.405648
-1.797595
-3.490364
-1.249046
1.570796
-1.538549
2.384758
-1.373401
0.400241
-0.652847
-2.736701
-0.204018
-1.815775
-0.463648
2.390664
6.283185
3.101614
3.896697
-3.326941
-0.410127
2.228685
-0.463648
1.464061
-0.566729
-2.089942
3.072736
-2.148698
-1.390943
-2.446854
-0.519146
1.080839
-0.785398
-1.004067
-2.234842
0.499347
2.553590
-0.339293
-1.570796
1.670465
-1.971037
-1.379612
0.446106
3.197091
2.736701
1.647568
-0.183111
-9.189233
2.199593
-0.394791
0.651077
5.189734
-1.570796
-0.032247
-0.708626
0.496423
-2.613518
-1.467715
-1.123276
2.228685
2.356194
2.306236
-9.076007
2.477546
2.613518
2.429235
-1.373401
3.874408
1.997424
-0.902507
1.144169
1.373401
3.386571
0.418224
1.216091
-7.334836
-2.951604
-1.907471
-2.306236
-3.546484
-2.718739
0.000000
2.526930
-0.266252
0.333244
1.951303
-0.236849
0.607802
-1.512041
1.515298
-2.553590
1.373401
2.455863
2.809533
-1.800028
-2.896614
-0.507099
-1.212026
2.798569
-3.500363
2.145101
-0.722979
-2.723368
-1.878849
-0.158655
1.849096
0.141897
-3.026716
-2.214297
-2.089942
-1.001483
-3.265948
-1.774814
0.620249
0.165149
2.137526
-1.925502
-0.463648
2.406153
-0.479519
-0.533708
1.460139
-2.331809
-2.050316
1.529154
1.004067
-1.768192
-0.119429
-1.607816
-3.030935
1.614247
8.132281
-2.129396
-1.828120
2.178598
2.117585
-0.835357
3.141593
-1.639653
0.737815
0.785398
-0.410127
-1.152572
0.480887
-1.723446
-2.750986
2.148698
-1.937970
0.704494
-2.498092
0.755104
-0.129703
-0.174672
-8.639380
-1.460139
-3.959238
-3.103150
-2.723368
-0.380506
-3.368392
-1.862253
-1.301629
0.000000
1.824470
-4.279981
-1.501940
2.553590
-1.176005
-0.607802
-1.216091
-0.785398
0.935770
-0.218669
-0.577902
-2.432966
-0.400241
2.111216
1.530818
-1.030377
-1.196463
2.284887
0.837981
-2.843094
1.719686
2.441700
-1.279340
2.129396
1.892547
1.042722
-0.394791
-1.024007
2.466852
-0.851966
-0.819867
2.594804
-0.197396
0.110657
2.896614
0.110657
-0.851966
0.000000
-0.137066
-1.339706
1.570796
1.831399
2.521343
-2.098871
-0.197396
2.736701
-2.187093
0.298499
-0.156602
-2.875341
2.411693
-2.356194
-0.909753
0.174672
-1.024007
-2.297439
-0.300920
3.232253
1.496857
0.197396
-0.260602
2.178598
2.922924
-3.546484
-1.681454
-1.144169
2.253113
-2.094075
2.169215
-0.321751
0.152649
-3.926991
-1.980924
2.251318
1.042722
1.024007
0.493941
-2.961739
-0.129703
1.609239
0.345556
-0.079830
-2.418613
-2.034444
2.207305
1.781890
0.729900
-0.876058
0.035699
-2.284887
0.370891
2.236766
-3.141593
-0.718830
-1.190290
-8.836775
-1.292497
3.224734
-0.514451
-2.536048
-2.701750
-0.354706
