1.543776
-2.223643
1.692148
2.604682
1.132460
-2.752276
0.054002
2.642246
-2.299651
-1.821799
0.270947
1.612439
-0.603749
9.356702
-2.720929
0.638914
0.426627
2.639989
2.428532
-3.024484
2.743070
0.384605
-0.639386
-1.505671
-2.613518
-2.632000
2.761086
1.272297
9.295075
-0.706199
-1.182478
2.902983
1.795507
-0.548549
-1.359703
-1.618379
1.653938
-1.147942
2.072400
-1.497756
-0.989416
2.518922
1.190290
-2.503273
-3.010765
3.070285
-1.198729
0.192701
-2.642246
2.003204
-0.785398
9.191035
2.356194
0.990794
1.946067
0.515549
-1.570796
3.226494
-2.122451
1.157107
0.094952
0.188222
2.514850
-1.414194
-2.689439
-2.638749
-2.024640
9.317088
-1.319794
-2.547843
-0.088656
-2.850136
3.113029
1.965587
1.862253
0.331096
2.265535
0.485622
-1.152572
0.913721
-2.248916
0.000000
0.422854
1.165905
-0.922464
2.529055
0.945311
-0.258771
-2.863293
3.041924
-1.865031
0.917950
2.374374
-1.275355
-3.036716
-3.224734
1.832916
-1.448954
-2.616797
0.678662
0.484478
-0.463648
-3.163328
-2.406998
9.259629
1.289024
1.249046
-3.204011
0.507099
1.637364
-2.752276
1.786881
-0.355636
-0.927295
-0.165149
1.501142
-0.022723
-0.094952
1.354711
2.145101
0.950547
0.177596
-1.526381
-0.278300
2.171870
9.116725
-2.466852
-0.501604
-2.608749
0.000000
-2.939271
3.164844
2.730528
-1.754740
0.837981
2.394637
0.272146
-0.484478
-0.648996
0.169101
2.188552
1.626295
1.885028
1.022247
-1.936544
-2.995580
1.262744
-0.397079
-0.632749
0.048742
0.231091
0.799890
1.107149
0.580756
-1.058407
-1.325818
-2.736701
1.803353
2.191046
0.767218
-1.482140
1.487655
1.499489
-2.588298
-0.582353
-2.158799
-2.718739
1.795507
0.851966
2.813039
2.444202
1.983207
-2.813039
-2.426501
-0.499347
-0.401229
-1.088283
9.193687
-1.299849
-1.616220
2.539305
-1.231504
2.463473
1.199905
2.297439
-2.884269
-0.950547
-2.654693
-1.299849
-2.665125
0.358771
-2.539305
-2.504044
-1.595791
-0.102207
2.718739
2.389515
-1.923787
-1.292497
9.319901
1.169568
2.122451
0.161375
1.845706
0.244979
-1.279340
-0.976583
0.138640
2.233999
0.828849
-1.159732
-0.785398
-2.846152
2.422763
-2.209116
-1.955401
2.806856
-0.888480
-1.885028
-2.405335
-0.475011
-3.235069
0.160763
-1.004067
1.797595
-0.859337
-3.037800
1.215160
1.773118
-1.789465
-2.546833
-1.414194
0.102207
-2.615526
-0.108271
-1.409421
-0.023252
1.975688
2.837082
3.037800
-0.918927
-2.111216
-2.819842
-2.119346
0.463648
0.295441
2.007423
-2.455863
-0.362544
0.376490
-1.094329
0.145310
2.498092
-2.356194
-0.192048
-0.519146
3.114572
-0.452778
-3.163328
-0.288975
0.968509
-1.526381
1.541393
2.452668
0.313621
-0.889498
2.199593
9.131189
1.172274
-0.896055
2.646041
-2.262133
-1.792111
0.110657
-0.264488
2.158799
0.580756
-1.570796
2.642246
2.196281
2.934096
2.158799
0.130827
2.688254
1.499489
0.483447
-0.881872
1.468590
0.463648
-1.184914
-1.951303
0.054002
-2.475623
-0.463648
2.594030
0.209640
-2.743070
0.463648
-0.339293
-2.795054
1.453688
2.295662
-0.291457
0.655696
-2.523837
-1.119343
-1.402199
-0.516231
0.363979
2.916881
1.892547
-1.570796
2.644250
-2.677945
-1.706324
1.768192
1.289024
0.444419
2.611377
1.339706
1.706324
0.401871
1.203622
-2.034444
-2.111216
1.428899
-0.394791
-1.548578
2.850136
-2.324955
-0.141897
-1.480136
2.111216
1.048962
-2.677945
1.057190
0.310998
-2.566168
-2.812543
-1.951303
-1.839163
-1.657535
2.227871
-1.732171
-2.658146
-1.642104
-1.543026
-2.297439
0.513606
1.972025
2.055274
-0.453339
-0.724866
-0.561163
2.375800
-2.402316
-0.444419
-2.265535
1.844964
1.877842
2.047264
0.496423
1.972667
1.502720
-2.024135
2.356194
0.021736
-0.581905
-1.869295
2.813039
-2.545394
1.594048
-0.688924
0.832981
1.892547
-2.324955
0.250443
1.061204
-2.559240
1.593520
-2.622447
0.233743
0.238609
-1.212026
0.074860
-3.052937
-0.540420
-2.578276
2.601173
0.385158
1.256039
-1.828120
-2.235571
1.877842
-1.449444
1.809406
-0.221314
0.365747
0.192701
-0.532844
0.915101
2.677945
-2.004750
-1.325818
-1.264917
-0.708626
9.095728
-2.356194
2.227871
-3.056691
-1.570796
1.548073
1.039072
-0.595410
-1.884417
2.653259
-1.681454
3.027801
2.389515
-1.616220
-1.409421
-1.214577
2.443690
-2.259721
0.463648
1.653938
0.595410
-2.566168
-0.891383
0.684295
-0.463648
1.304544
1.681454
-1.547545
-0.436627
-2.677945
0.186979
1.443287
1.972667
-1.728565
-1.198729
-1.088283
1.744042
-2.944197
1.190290
1.869295
1.981861
-0.682317
0.716542
-2.907849
-0.750929
-0.588003
-0.715092
-0.084902
-2.319174
0.439843
-0.365201
-2.462930
-1.922241
-1.932526
1.066630
-1.748392
-1.354711
0.244979
-3.141593
2.013171
-1.781890
-1.870967
-1.152572
1.883698
1.822486
-2.944197
2.605157
2.699218
-2.338015
-1.009633
-0.257324
1.220068
0.916714
0.232557
1.346085
-2.057696
-1.130954
-1.177738
-1.972667
-1.443287
-2.245537
0.380506
2.462930
-2.408778
9.137497
-1.735945
2.585426
1.034361
-1.892547
2.585426
3.028442
1.919567
-2.405335
0.671144
-0.846546
2.006150
-1.728565
-2.466852
-2.045196
1.905533
-1.570796
1.815775
1.681454
1.883698
0.343024
1.195526
2.241318
1.039072
2.209116
2.667741
-1.899846
2.019520
-2.045196
-1.941688
0.134321
-1.249046
2.812543
-3.164316
-0.931882
2.984991
-2.181522
2.089942
-1.852568
-2.440738
-2.593043
0.558599
2.149871
-2.044648
-0.956133
1.512041
1.932526
1.169568
-0.900275
1.732171
-0.049958
1.673003
-3.033322
0.452778
-0.553294
0.313621
-2.376600
-0.785398
0.868539
-2.214297
-0.207496
-3.023103
2.014245
0.202322
1.701624
0.916714
-0.540420
1.961403
-2.665125
-2.153149
2.201198
-2.813039
-0.207496
0.989416
-2.208345
-2.103640
-2.399645
-0.408908
2.629203
3.030935
-9.512785
0.244979
-0.393058
-3.070285
-1.270625
-2.677945
-1.080839
-2.859821
-2.860360
0.768451
1.368475
-0.958259
-1.158386
-3.017238
-2.869447
0.000000
3.030935
2.922924
0.867183
-2.688814
1.594048
1.740575
-0.029403
-2.965653
2.412738
0.678662
-0.687671
-0.251003
-2.518922
-2.106608
-1.954966
-2.045196
-2.104505
-2.813039
1.542233
-2.580429
-2.613518
2.585426
-2.944197
-0.313621
-2.632522
-2.756988
0.350728
0.528074
-0.834539
-1.828120
-2.087027
1.627877
0.308053
-1.942864
2.462179
0.918927
2.687291
-0.141897
2.619758
2.405335
2.181522
-2.498092
1.051650
1.144169
-0.102207
-3.141593
2.999696
9.334118
9.332022
2.231839
-1.308676
1.841743
-2.034444
-1.778293
-3.112189
-2.518393
-1.723446
-0.716542
-1.352127
-1.227772
2.262718
0.818719
2.199593
-2.776391
1.249046
0.769526
-0.817645
-0.329624
-1.134169
-2.568627
-0.970746
-1.750650
2.321725
2.565217
0.831519
2.271651
-1.941688
-0.603749
-3.022164
-0.713061
-0.358771
-0.350728
-3.092851
-2.014245
1.997424
1.728565
-3.338988
-2.845047
1.695151
-1.005647
0.581380
9.348006
1.908675
-2.746802
-0.710909
0.990040
0.074860
-0.999459
2.689439
-2.214297
-1.934775
1.438245
9.208228
-1.044730
