-0.846546
1.679458
-1.709436
10.306650
-1.292497
-2.344701
-2.137526
1.270625
-4.916407
-1.176005
9.149868
-1.378096
-0.682317
0.671963
-1.174355
-2.096380
-0.873775
-2.123638
-2.055274
-0.211093
1.876675
-2.688814
-1.735945
9.770334
-1.178456
-2.481964
2.859038
-1.325818
-10.660837
-1.122073
0.152649
-1.683947
-4.106844
-2.299114
1.030377
2.812543
-3.306741
-0.819867
2.608749
1.745469
1.678486
1.955954
0.103082
-1.482789
-0.681298
-1.438245
-0.138640
0.286051
-0.295441
3.171886
1.400061
-1.663553
-0.218669
-2.782822
2.608749
-0.885067
-0.931882
-0.808650
-2.761086
1.401695
-1.594048
1.289959
0.144812
-1.990676
-0.321751
9.614766
-1.464812
-1.609239
-2.768605
-1.177346
7.853982
-2.086345
-3.106519
2.661418
0.976037
1.723446
1.665748
-1.695151
1.474937
-0.640088
2.951604
-4.208223
-0.018516
-0.564084
-1.308676
-1.419781
1.826948
0.335639
2.493261
9.186169
-2.948381
-0.839890
-0.588003
-2.449671
-2.055274
1.449444
-4.094245
-4.210299
-1.981861
-4.570492
-2.077895
-2.249459
-2.574863
2.259721
0.329050
-0.869942
0.864182
2.233999
2.482787
-0.892134
1.673878
2.772897
2.138901
-5.674496
-10.631595
2.618314
1.185639
-5.674022
-2.950408
1.911178
-0.729900
-2.259721
-2.972491
1.055724
1.438245
-1.190290
-3.660739
2.016097
-2.536048
-2.165556
1.821799
-0.594214
-1.828120
1.279340
1.198729
-0.610726
-0.340382
0.106736
0.950547
-1.107149
-1.442473
-0.988443
-1.174355
-2.790865
-2.356194
1.827313
1.968424
-5.771955
-0.113151
9.380363
-0.720554
-2.831890
0.251690
0.631691
1.332960
-0.135528
2.388441
-0.876058
1.821239
-1.796073
0.207496
-1.373401
2.482787
-1.107149
-1.128422
-2.710454
-0.836202
1.957672
-0.785398
0.588003
9.149868
-1.256039
-2.706922
3.036716
2.553590
-1.306308
-0.110657
-0.124355
-0.544280
-1.707863
-1.234122
-1.750650
-0.226799
-3.343914
0.556599
-2.451146
-4.449394
1.916352
2.412315
-2.478863
0.528074
0.658806
-3.030935
-3.010277
-1.570796
1.382575
0.463648
0.244979
-2.452668
-1.176005
-5.130613
1.178456
10.339879
-4.808863
3.390555
0.519146
-0.193622
1.705118
2.135946
-1.289024
-0.197396
0.066568
-0.288055
-3.076467
-1.664273
-1.754740
-0.463648
-1.727398
-0.982794
2.770701
-2.608749
-3.633402
2.146221
-1.319794
-0.739277
-1.341564
0.639386
0.183111
-2.014245
-1.056345
-3.938226
-0.643501
-3.007782
0.844154
0.665969
1.980924
-1.431356
2.001489
-0.864597
9.276929
0.548549
2.991780
0.932477
-2.714965
-3.822114
-2.427502
2.383965
-1.008298
-4.508371
2.186416
-0.521434
2.305391
2.570255
-1.710236
-2.514284
-2.308611
0.024995
-0.057081
0.197396
1.859772
0.092756
-2.699218
1.096396
-2.519290
-0.628796
-1.480136
-2.831205
1.201463
3.041924
-3.306741
-2.799977
-3.119857
-3.435182
0.834539
-2.493781
2.096863
2.089942
3.793764
-2.732155
-1.277609
-2.553590
0.650421
-4.651241
-2.777614
9.236556
-2.050316
-0.724866
-0.124355
-3.024484
-1.292497
-0.336675
0.463648
0.046478
1.570796
-1.093451
-0.076772
0.032247
-1.076855
-1.378096
-0.071307
-1.768192
-1.171281
-2.319174
-2.340811
0.836202
1.226149
-4.579837
0.108661
0.356220
-5.892578
2.239086
-1.975688
1.668050
0.352990
1.642104
-3.690142
1.159732
0.661043
3.232253
-1.341564
-2.624898
-0.066568
2.866683
1.516305
1.739898
0.094952
-1.129617
1.217806
-1.799293
1.999574
-4.374065
0.564084
1.185639
-2.593043
-0.577192
-1.844964
-1.570796
-2.294544
-2.289626
-1.286066
-4.776816
-3.952626
1.206817
-1.907471
-0.121352
0.160763
2.612346
1.692148
2.578276
2.403778
-0.034469
-0.173246
-1.807645
-1.904041
2.214297
-1.552617
0.868539
-1.497756
-0.510488
0.546789
-5.061160
-4.508371
-1.197809
-2.725528
-1.413028
-3.002953
-1.144169
2.287338
-1.262744
0.352990
0.106736
-1.373401
-1.546991
9.124607
-1.729452
-1.405648
-0.588003
-2.152701
-2.014245
-0.601074
-1.815775
-2.585426
-0.678119
2.566168
-3.780979
-2.461684
-0.264488
-1.777120
-2.289626
-0.849825
-4.489728
-0.947597
-2.021458
-4.184315
-5.497787
1.815775
0.544280
-2.068139
-2.954613
2.177784
-0.203045
-0.262995
0.197396
-4.153790
1.368475
-1.163540
0.129703
2.339803
-2.829551
-2.238102
-2.677945
-1.863983
-0.099669
1.373401
-2.044648
0.638320
-3.377838
-0.765793
-2.596729
-1.951303
-2.137526
-2.193996
-1.570796
-2.158799
-1.595791
0.800782
-1.168142
-2.913096
1.181480
0.393058
1.773118
0.530216
-2.066348
-1.689286
-0.092756
-8.651427
-2.718739
1.955954
1.292497
3.331581
2.408778
1.544487
-1.423718
-2.819842
-3.866823
1.152572
0.258252
-0.411065
-0.421419
-1.349482
3.338988
-2.231839
-0.588003
-2.944197
-0.040794
0.700854
-1.128422
0.154319
-2.502679
-3.174914
2.140110
-1.249046
-3.407845
-3.063322
1.015303
4.743629
9.329826
-0.683191
-2.619758
0.356620
9.227382
-2.850136
-0.508730
-2.048142
0.982794
1.382575
2.249459
2.540138
-0.334737
2.567288
0.785398
-2.389515
3.141593
0.165149
-2.704965
3.141593
-1.073454
9.016629
-1.342300
-2.108081
-1.892547
-0.927295
-2.919511
8.971439
-0.812419
-1.960113
0.358771
1.317122
-2.659929
-1.037952
2.589938
-1.009633
2.859038
-1.815775
2.534605
-2.417343
1.548073
3.964011
2.677945
1.618379
-4.321782
-2.706922
-3.096169
-2.657814
-2.925042
-1.872415
0.583636
2.064738
-2.999696
-1.254227
2.636731
-2.152701
0.917950
-3.097177
-2.181522
-2.790148
2.256526
-1.975688
-0.275806
-2.922924
0.025635
-4.638450
-0.982794
-1.530003
-0.888480
-2.014245
0.544864
1.373401
-3.109346
-1.295886
-1.924794
0.990040
-3.938485
-2.274027
-3.378441
-1.318242
-0.801790
-1.142532
-0.197396
9.070781
-0.436627
-1.300947
1.892547
1.423718
-0.564084
-1.107149
-1.602036
-1.452306
1.603043
0.822418
-2.652740
-3.171886
-0.507099
-0.588003
1.259798
-0.857735
2.120650
-3.852131
-2.089942
-1.254227
-0.352044
2.470449
-2.034444
2.498092
-2.408778
0.612538
0.374841
0.484478
-2.627141
0.760403
-0.708626
-1.007480
-2.588298
0.069655
0.027771
-3.235069
2.601173
0.333244
-0.152649
-0.963809
-2.231839
-0.901157
-3.954761
-0.754158
0.499347
-3.971406
-2.566168
1.182478
-1.455037
-2.758065
2.930499
-1.419781
-4.098619
2.743070
-2.231839
1.939492
9.248838
0.622671
-1.612439
-1.220068
2.560212
2.089942
0.921801
-0.592697
-2.909036
2.999696
-0.809784
2.402316
-1.892547
-2.459276
-5.705283
-3.091634
2.245537
-3.433049
-1.638873
-2.785373
0.974597
0.944535
0.563316
-2.865496
-2.880990
2.443690
2.199593
-4.981556
-1.185639
0.536435
-1.477320
-3.985747
-1.651700
0.110657
-2.015216
8.941331
-0.761013
-0.976037
3.204011
-3.208161
0.388319
0.950547
-1.648763
-5.666888
-3.827322
1.570796
2.323948
2.677945
-3.331581
-1.595182
-1.138389
-1.615212
1.446441
-4.427271
-3.252250
1.209067
-0.281772
0.785398
0.625485
-0.801270
-4.556794
3.092851
1.123276
-1.186627
-0.314232
-2.740799
-0.885067
1.264917
-1.154358
-2.669815
-1.067953
-3.693248
0.839890
9.424778
-0.507099
2.380580
1.877842
0.249587
-3.879408
2.034444
-0.722191
-1.087349
-2.458401
-2.792822
