-0.027020
2.498092
-2.812543
-4.031091
-0.135528
-3.246470
2.493261
1.373401
-3.724966
-1.373401
1.551568
-2.582993
-0.785398
-4.020055
0.643501
0.234723
0.281232
-3.039386
9.359653
-0.237836
2.687749
0.475695
0.728317
-1.673003
-2.605157
0.094952
-4.369365
-2.281335
-0.240534
0.056543
-3.669667
1.002272
-2.553590
-1.474937
-1.361156
-4.748088
-2.103640
-2.811968
1.198729
-0.234723
-2.587285
-0.755104
-1.739393
-2.838708
0.531724
-0.176709
0.532844
1.869295
-2.852089
-1.844964
0.160763
-1.222025
-4.101663
1.676781
2.094716
-2.369181
3.294242
-0.802940
-1.392703
-3.318302
-0.492486
2.450256
-2.102520
0.474400
-3.279599
-1.142018
1.876675
-2.616009
4.669861
1.981861
-2.384758
0.038443
-2.466852
-0.406971
0.982794
2.241940
0.870903
-0.038443
0.757628
0.842479
-1.549523
-1.279340
1.378096
-0.463648
-0.600050
0.688924
2.324955
0.703614
1.869295
-0.354706
0.149812
3.141593
-3.056087
-2.813039
-4.428595
0.411065
2.911688
-1.304544
-2.890590
-1.810028
-5.276958
-2.537287
-1.122073
1.140104
-0.019997
-1.069783
-1.760785
-2.987274
0.620249
9.246685
-3.913293
-0.478352
1.937970
-2.790865
2.356194
-0.772412
2.181522
0.432408
9.276929
-1.065935
-2.582993
0.962107
0.572966
1.570796
-2.525296
-0.148890
1.306308
-0.844154
-1.570796
-3.959946
0.677708
-3.212900
-0.040794
1.377585
1.626295
10.085821
-9.321696
-1.438245
1.778293
1.786881
-1.921111
-1.202100
-1.460139
1.692148
0.564569
9.103027
2.227871
0.747442
-1.498197
2.024135
-0.856706
-0.493941
2.498092
-0.663203
0.380506
-0.115759
-1.107149
2.340323
-1.570796
0.658806
-1.945130
2.140837
9.270459
1.906435
-0.463648
2.483704
0.502843
1.947287
0.426627
-0.053520
-0.798384
-0.681298
1.400061
-1.902856
-0.801270
-2.339247
-1.778293
2.005467
2.699218
-0.282555
-3.119857
-1.596432
-2.839974
-3.262945
2.010639
8.961130
1.002272
-3.750756
-1.709436
1.570796
1.302430
-4.444479
1.695151
1.473069
1.792111
3.098142
-1.168926
1.183273
-1.837048
-1.174355
-1.606495
-2.666582
0.504166
-2.948892
-2.094075
-1.951303
-2.344701
-5.709745
2.326791
2.338652
-2.514850
-3.067654
0.244979
0.946161
0.678662
0.480887
-4.647962
2.646041
-0.708626
0.386876
-0.772066
-1.877842
-10.995574
-0.601074
2.968347
-3.872989
-1.940702
0.558599
1.942864
9.203949
-2.994514
-1.849096
0.785398
-1.179096
1.058407
-0.982794
-2.248916
-1.489892
-1.593520
-2.694750
-0.380506
2.843094
-2.253113
0.047583
0.411065
1.306833
2.688254
0.537285
-3.220377
1.972667
-0.907593
-2.257921
-2.450256
-2.627141
2.980218
2.023575
2.669815
-3.202125
-2.412738
-0.737815
-0.628796
-2.182949
-3.256469
-2.122451
-1.815775
-0.617756
1.779819
-4.178681
0.561922
2.532903
-0.308053
-0.674741
-1.222025
0.404892
0.238609
-0.298499
-2.746802
2.013171
2.553590
-1.422947
-1.929567
-5.669415
-2.976444
-1.009633
-2.953371
0.593003
-0.280838
2.338652
-1.643837
1.991460
1.497756
-2.516108
-0.862170
2.196281
1.937970
-3.422825
-3.402195
0.182168
2.125104
-0.770474
-0.226799
-1.441094
-0.260602
2.553590
2.053310
1.570796
-0.682317
-1.837048
-10.012781
2.498092
-2.102520
-2.126963
-0.643501
-1.994465
3.141593
-1.898916
1.747505
1.270625
-1.446441
-1.079633
-0.043451
0.474400
2.163494
1.132460
-2.022950
-1.338692
-1.230414
-0.560687
-2.201198
1.378748
2.625362
2.092631
0.770015
2.790865
-0.214061
-2.819842
-2.896614
1.608514
-3.969219
0.039979
-1.697388
0.446106
0.678662
-2.810497
2.721396
1.289024
-1.030377
-0.927295
1.134169
-0.492486
-0.120624
1.858078
1.762844
0.982794
0.239232
-2.444202
-2.123638
-2.178598
0.606988
1.549966
-2.388441
-12.719020
-3.937979
-2.396173
-1.369034
0.917950
-1.107149
2.622447
-2.092631
-2.993743
1.266285
-1.274251
0.083141
2.308611
-2.601173
-1.231504
1.346085
-2.152177
0.617191
-0.832981
0.563316
0.102207
-2.774419
-0.834539
0.321751
1.107149
0.197396
-2.907849
-0.231091
0.147078
1.113951
-4.040142
-2.395136
-1.879727
2.470449
-2.723368
-0.771700
-2.799977
-3.262945
-2.389150
-0.770474
-2.131483
-0.105984
2.016902
-0.375271
-0.214815
2.539305
-4.827266
-0.257324
-2.743070
1.209593
1.821799
-0.352990
-0.452778
1.441094
-3.403712
-2.585426
1.712693
-2.435394
0.250443
-0.455774
-3.215532
1.692639
-1.480136
-3.360262
1.685673
-2.647651
-2.181522
-4.884580
-1.457645
0.205395
-1.631944
2.158799
-1.735945
0.191184
-1.605265
-3.108272
-0.341615
-2.169215
-3.098142
2.255091
5.819538
2.878598
3.700192
-4.481298
-1.044730
1.941688
-1.352127
1.257176
-0.643501
-3.215532
2.944197
-2.588298
-2.129396
-3.002153
-0.685730
0.436627
-0.744325
-1.292497
-2.371578
0.244979
1.690225
-0.373727
-2.439336
1.030377
-2.098871
-1.405648
0.344647
2.646459
2.553590
1.524318
-0.551655
-9.300423
1.829049
-0.601074
0.661043
5.184166
-2.034444
-0.499347
-1.037952
0.336675
-2.804918
-1.548578
-1.331565
2.064738
1.460139
2.052460
-10.428845
2.341703
2.403778
1.995628
-2.509902
3.038511
-0.708626
-1.215160
-0.188222
1.063698
3.058451
-0.084902
1.088283
-7.532231
-3.164844
-2.295662
-2.539305
-3.709697
-2.896614
-0.389317
1.019141
-0.942000
0.156602
0.857735
-0.307046
0.401871
-2.071810
0.830144
-3.581435
0.687124
1.382575
2.580429
-1.939492
-3.091634
-1.849096
-1.389477
2.511191
-3.853950
1.608514
-1.049362
-3.067654
-2.502679
-1.063698
0.988891
-0.602287
-3.254744
-2.595426
-2.736701
-1.162647
-4.195357
-1.878849
0.147849
-1.297788
2.003204
-2.034444
-0.678119
2.222665
-0.685730
-0.726642
-0.283794
-2.743070
-2.087027
1.471128
0.310998
-1.607816
-0.346539
-2.059130
-3.243799
1.178456
9.843002
-2.256526
-2.597760
1.849096
1.810028
-0.847817
2.819842
-1.837048
0.906750
0.062419
-0.507099
-1.595791
-0.025635
-1.951303
-4.176578
2.046492
-2.651635
0.651077
-3.954011
0.561922
-0.671606
-0.380506
-10.119516
-1.594601
-4.504893
-2.803714
-2.846152
-0.575425
-4.124386
-2.149321
-1.509648
-0.452778
1.256564
-4.752368
-1.725115
2.449671
-1.468590
-0.842479
-1.190290
-1.136126
0.741947
-0.251690
-0.708626
-2.825307
-0.684295
1.804540
0.785398
-1.214577
-1.356736
1.913820
0.474400
-4.607512
0.571337
2.111216
-2.558516
1.981861
0.815692
0.834539
-0.671144
-1.363300
2.505754
-2.726101
-2.356194
2.339247
-0.398522
-1.047518
2.703256
-0.204018
-1.625288
-0.341615
-0.262120
-2.131483
1.412141
0.972377
2.236766
-2.241940
-0.439843
2.480549
-2.373737
-0.922985
-0.748378
-3.838614
2.163494
-3.693248
-1.741532
0.380506
-1.368475
-2.920278
-0.992894
3.081664
1.256564
0.635027
-1.359703
1.993650
2.707639
-4.612720
-2.024135
-1.218752
1.629552
-2.459276
1.859772
-0.524796
-0.546789
-4.749409
-2.225628
1.978945
-0.828849
0.821097
0.659310
-3.177940
-0.266252
1.332187
0.094952
-0.179853
-2.883340
-2.563691
2.024640
1.615212
0.343024
2.356194
-0.489957
-2.739272
-0.259332
1.612439
-4.341498
-2.008588
-1.681454
-9.732831
-2.289626
2.744513
-1.332960
-3.208161
-3.176062
-0.638914
