-1.373401
3.605240
3.141593
1.768192
1.249046
-1.570796
9.805284
-1.815775
0.982794
2.158799
-1.892547
3.141593
-1.815775
-0.927295
0.463648
3.463343
0.380506
3.141593
1.325818
-9.103027
-0.785398
-0.785398
1.190290
1.570796
-1.951303
1.570796
-1.373401
3.682012
-2.944197
-1.249046
-2.677945
-1.249046
2.356194
2.356194
-0.785398
2.896614
0.000000
1.951303
0.000000
1.570796
-1.570796
-0.540420
-0.197396
2.553590
-1.190290
3.141593
-2.356194
2.761086
-1.570796
1.815775
-2.111216
1.107149
0.000000
-2.214297
-1.815775
-0.244979
1.030377
-1.815775
-0.785398
-9.103027
-2.214297
3.386571
2.214297
-0.588003
2.034444
-1.405648
-1.570796
-2.356194
3.141593
-1.570796
1.570796
-2.677945
3.141593
-1.892547
1.570796
-2.034444
-1.951303
1.570796
-2.158799
-1.570796
1.107149
-1.892547
9.589927
0.463648
0.982794
-2.034444
0.000000
0.000000
-2.214297
-1.405648
2.356194
1.107149
0.000000
-2.498092
-2.034444
-1.570796
2.356194
-2.214297
-2.356194
-1.815775
-0.785398
2.356194
-2.356194
-1.892547
1.815775
-1.190290
0.197396
1.892547
3.141593
1.570796
3.338988
2.356194
-1.570796
-1.107149
-1.570796
2.356194
0.000000
-1.325818
2.976444
2.601173
2.553590
3.682012
-1.892547
1.325818
-1.107149
-2.245537
-0.785398
0.000000
0.000000
3.141593
-1.249046
-0.588003
-1.373401
2.356194
-0.982794
2.896614
2.158799
-1.570796
1.815775
-0.463648
9.965197
0.000000
-0.785398
-2.498092
-2.034444
-2.356194
0.463648
-2.356194
-0.380506
-1.570796
-1.570796
0.000000
1.570796
0.785398
-0.588003
-0.244979
1.373401
0.785398
-2.034444
0.463648
1.570796
-1.712693
0.785398
2.601173
-1.768192
0.463648
2.356194
2.761086
-2.214297
-1.951303
-1.325818
2.356194
-0.785398
2.553590
3.522099
-0.927295
1.951303
-2.158799
-2.158799
0.000000
0.463648
0.000000
2.677945
-1.030377
2.677945
2.158799
2.677945
1.325818
-1.249046
-0.380506
2.677945
-0.674741
3.141593
-0.588003
2.761086
1.325818
0.588003
0.463648
-2.356194
0.785398
-0.785398
-1.570796
0.000000
9.888426
2.819842
-2.214297
-0.643501
-1.107149
-1.190290
3.926991
-1.815775
-1.107149
2.976444
-0.321751
3.141593
0.463648
1.570796
-1.570796
-0.463648
2.976444
-0.244979
2.601173
2.896614
-1.815775
2.819842
0.000000
3.141593
9.888426
2.819842
2.356194
1.892547
0.785398
2.466852
0.982794
0.321751
2.896614
3.141593
2.356194
3.546484
2.498092
1.815775
0.000000
0.000000
-1.570796
-0.244979
0.000000
1.892547
2.761086
-0.588003
-0.785398
3.141593
2.677945
0.244979
-1.030377
0.785398
2.356194
2.677945
-2.356194
-2.466852
0.982794
-0.197396
2.356194
2.034444
1.107149
0.785398
2.553590
9.888426
1.815775
0.588003
-1.735945
-0.540420
-2.356194
0.463648
0.000000
0.321751
-1.570796
-0.643501
0.588003
2.896614
0.000000
10.068279
1.570796
-1.249046
-0.982794
1.570796
1.570796
2.819842
3.338988
3.338988
-2.034444
-0.643501
1.107149
9.746529
2.976444
0.321751
3.141593
10.012781
0.000000
1.325818
3.338988
3.141593
0.000000
-1.249046
-2.498092
-1.951303
2.761086
2.498092
-2.034444
1.325818
-0.896055
-1.815775
1.570796
2.466852
-0.785398
-2.111216
-1.405648
2.896614
-2.245537
-2.356194
1.107149
1.570796
-1.570796
2.356194
-2.356194
3.419892
0.000000
0.463648
2.356194
2.761086
9.805284
2.034444
-0.785398
3.386571
-1.570796
3.141593
-2.466852
-1.570796
9.746529
2.356194
1.570796
0.000000
-2.245537
-0.785398
-1.325818
-2.356194
0.197396
3.141593
1.107149
-1.107149
-1.570796
-0.463648
1.768192
2.761086
0.000000
2.498092
1.768192
2.976444
3.522099
-1.405648
-2.158799
0.244979
2.498092
-3.141593
-1.570796
3.522099
2.498092
3.141593
2.944197
0.588003
-2.265535
0.000000
-0.785398
-0.463648
1.951303
0.785398
0.463648
-0.785398
-2.466852
2.761086
2.677945
-3.141593
3.141593
1.107149
2.761086
1.373401
2.761086
-1.249046
0.000000
3.141593
0.785398
0.463648
-1.249046
0.785398
-0.694738
0.927295
1.325818
-1.190290
-2.761086
2.356194
-2.356194
-1.815775
0.982794
-0.588003
-2.553590
1.815775
2.356194
-0.785398
0.982794
2.158799
2.944197
1.570796
-2.111216
2.034444
-2.466852
-1.107149
2.677945
9.746529
2.819842
-2.761086
2.896614
-1.951303
-2.158799
1.951303
-0.380506
-1.570796
3.463343
-2.498092
2.034444
0.000000
0.463648
0.982794
-1.325818
2.677945
1.249046
-1.107149
0.000000
0.785398
0.463648
2.214297
3.338988
2.761086
-1.570796
2.034444
-1.570796
-1.107149
-1.107149
2.761086
-2.034444
-1.951303
3.141593
3.306741
0.000000
2.819842
-2.034444
3.141593
-1.405648
0.321751
-0.982794
-1.570796
3.141593
-2.034444
-1.107149
0.785398
-1.570796
-0.244979
2.677945
-1.570796
9.805284
0.000000
-2.356194
3.463343
1.892547
-0.785398
-1.190290
3.605240
2.553590
3.141593
-0.785398
2.601173
3.306741
-1.030377
-2.158799
2.896614
2.553590
-0.463648
2.761086
0.785398
2.601173
3.141593
-0.896055
1.951303
1.249046
-1.373401
0.588003
-1.107149
-0.244979
1.249046
2.356194
9.888426
1.815775
-2.034444
-2.498092
3.141593
3.141593
-2.356194
-1.325818
2.553590
2.498092
-0.785398
-1.292497
2.034444
3.141593
0.588003
2.356194
2.761086
2.356194
3.141593
0.000000
2.111216
0.588003
-2.356194
-0.785398
-0.785398
1.570796
2.896614
-1.892547
-1.951303
-0.540420
0.463648
3.463343
-1.570796
2.498092
-2.466852
-1.735945
-0.643501
-1.030377
-1.570796
1.892547
2.819842
-1.405648
-2.214297
-1.107149
-1.107149
2.111216
1.815775
-0.927295
-1.249046
-1.190290
3.141593
2.356194
-2.553590
0.000000
1.570796
2.498092
-0.785398
-0.588003
0.000000
0.244979
3.141593
-0.463648
9.805284
-2.111216
-3.386571
0.785398
-2.034444
1.570796
-1.190290
3.682012
2.111216
0.927295
2.677945
-0.785398
9.746529
2.896614
-1.815775
-1.951303
3.141593
1.325818
1.570796
2.944197
2.553590
0.244979
-2.356194
-2.245537
10.210176
3.141593
-2.498092
2.896614
2.498092
1.325818
1.570796
-2.356194
2.034444
-0.982794
-0.643501
-1.373401
-2.356194
-1.951303
0.000000
-1.815775
-2.245537
2.677945
0.463648
-1.951303
2.761086
-2.553590
0.380506
-2.214297
-1.030377
2.677945
3.141593
1.107149
-1.570796
2.356194
2.356194
3.785094
3.386571
-0.321751
-0.463648
-2.677945
9.965197
1.570796
1.107149
2.677945
3.605240
-2.214297
1.570796
-1.249046
-2.356194
0.785398
3.338988
2.245537
0.785398
2.761086
-0.244979
-1.849096
-0.463648
-2.356194
3.682012
0.927295
-1.570796
0.000000
-0.785398
2.553590
0.244979
-0.588003
-2.761086
-0.197396
1.570796
0.982794
-0.380506
2.819842
0.000000
0.927295
2.999696
2.034444
1.107149
1.951303
1.892547
2.601173
-1.570796
0.982794
2.944197
0.244979
2.761086
-1.892547
3.386571
3.141593
2.356194
-2.034444
2.111216
1.249046
0.000000
0.000000
-0.321751
-2.214297
1.325818
3.463343
1.570796
-1.190290
-2.034444
-0.321751
-0.463648
-0.588003
10.210176
-1.951303
-2.498092
-1.815775
3.605240
3.605240
