2.677945
2.553590
1.951303
-1.951303
-0.321751
-1.030377
-2.356194
-2.446854
1.570796
2.466852
1.107149
2.158799
-2.601173
2.553590
3.141593
-2.214297
-1.951303
0.785398
1.107149
9.965197
1.815775
-0.321751
-0.588003
-1.815775
2.819842
1.815775
-1.570796
0.000000
2.819842
1.249046
-1.570796
1.570796
1.768192
-0.540420
-1.815775
0.321751
0.000000
2.677945
3.141593
1.892547
3.386571
-1.570796
0.982794
-1.570796
-9.888426
3.141593
0.000000
-1.190290
1.325818
2.553590
-1.951303
0.785398
-9.179799
-1.570796
0.785398
-0.321751
-8.961130
1.570796
1.107149
-1.815775
2.601173
0.463648
0.785398
-1.373401
-1.570796
3.338988
1.768192
-1.373401
0.321751
0.982794
-0.463648
3.141593
-9.424778
3.141593
-2.356194
-1.107149
0.000000
3.141593
-1.107149
2.677945
0.000000
2.944197
1.815775
3.338988
0.588003
2.356194
-2.553590
-2.034444
1.570796
1.570796
0.000000
2.761086
-1.892547
9.805284
-2.601173
-2.356194
3.141593
-0.785398
-1.325818
1.570796
0.197396
-0.785398
3.141593
-2.896614
1.570796
-0.643501
0.982794
-1.570796
1.190290
2.214297
2.356194
0.785398
-2.158799
2.761086
-2.214297
-0.463648
0.000000
-0.785398
-0.165149
-0.785398
-1.570796
0.785398
-0.321751
2.896614
2.761086
2.356194
-2.356194
-2.356194
-2.601173
2.761086
1.373401
3.338988
2.944197
-2.498092
-9.888426
5.176037
-2.356194
0.463648
1.107149
1.570796
0.000000
-2.677945
-0.785398
2.819842
3.141593
1.951303
2.356194
2.819842
-0.197396
-0.785398
-1.405648
-1.249046
-0.197396
9.746529
-2.356194
0.000000
0.463648
0.000000
3.141593
10.068279
2.356194
1.768192
0.463648
1.373401
-2.356194
-1.768192
-1.107149
0.321751
-0.380506
-8.961130
-0.197396
-2.498092
3.141593
-0.785398
-0.463648
0.785398
-0.588003
2.677945
1.107149
2.498092
0.321751
-0.982794
-1.768192
-2.553590
2.034444
0.785398
2.034444
-0.244979
0.000000
10.531927
1.249046
-0.244979
0.927295
-2.466852
-1.951303
-3.141593
-9.424778
-0.927295
-1.570796
-10.407572
0.380506
2.498092
0.321751
-2.034444
-1.249046
-1.570796
0.141897
1.570796
-0.321751
0.000000
-1.570796
-1.107149
-0.785398
-2.034444
-1.735945
-1.249046
-1.570796
-0.463648
3.141593
-1.892547
-1.292497
-2.245537
1.570796
2.553590
-1.768192
2.158799
3.605240
2.677945
2.466852
1.107149
2.944197
-4.712389
-0.463648
0.540420
2.498092
-2.158799
-2.356194
-2.677945
-1.570796
-9.424778
-1.892547
-0.321751
-0.321751
3.141593
-9.888426
1.735945
0.141897
2.553590
2.601173
1.892547
2.034444
0.463648
-3.926991
2.356194
1.107149
2.896614
2.761086
0.463648
3.141593
-0.927295
0.785398
-2.158799
0.785398
3.605240
1.768192
2.034444
-0.785398
-0.785398
9.566675
-2.034444
9.888426
-0.197396
-0.380506
3.141593
-2.111216
1.570796
-1.815775
-1.190290
0.785398
1.570796
9.669757
0.321751
-0.982794
2.736701
2.466852
1.570796
-1.951303
-0.785398
0.785398
-0.197396
9.424778
1.892547
2.553590
-1.735945
2.761086
3.283490
0.321751
-1.768192
-2.356194
-1.570796
-1.190290
-0.321751
0.643501
-0.463648
1.107149
-2.356194
0.000000
1.892547
2.498092
-2.356194
0.785398
1.373401
-0.982794
-1.107149
1.570796
2.999696
-1.570796
3.522099
9.805284
1.325818
-2.553590
8.639380
-1.951303
-1.892547
1.768192
1.373401
0.463648
3.141593
2.896614
-2.111216
-2.214297
-0.588003
2.356194
-1.570796
-2.111216
7.853982
2.944197
12.102723
3.463343
1.815775
1.570796
-1.570796
-1.892547
2.944197
-0.785398
-1.325818
10.352073
1.249046
2.601173
0.463648
-1.570796
0.785398
-1.405648
2.976444
-1.951303
-0.785398
0.982794
-2.356194
-1.325818
-2.356194
2.356194
1.107149
-1.951303
-0.785398
1.249046
1.570796
1.249046
-2.356194
-1.570796
2.356194
-2.356194
0.321751
0.244979
2.677945
-0.197396
1.107149
-0.785398
-1.107149
2.034444
0.927295
-1.292497
4.248741
2.034444
-0.982794
-0.785398
-1.570796
2.356194
0.927295
-2.356194
0.000000
-2.356194
-0.244979
10.673824
2.896614
-2.356194
1.570796
0.380506
-1.975688
-1.892547
-0.380506
-1.190290
2.944197
-1.570796
1.892547
-2.356194
1.570796
3.729595
-1.570796
-1.405648
9.746529
1.815775
0.165149
2.158799
1.570796
2.553590
1.815775
2.553590
0.000000
-9.424778
1.815775
0.000000
1.951303
-1.570796
2.356194
-2.356194
-1.249046
0.463648
1.107149
1.892547
1.951303
2.677945
3.605240
1.249046
2.553590
0.000000
0.588003
0.785398
-3.141593
2.677945
0.321751
-0.927295
-2.356194
1.570796
-10.210176
-1.892547
-0.463648
2.034444
2.761086
0.463648
10.210176
11.459222
-1.373401
-0.244979
2.944197
-1.190290
-1.892547
-2.034444
1.570796
-1.570796
3.141593
-2.158799
0.463648
-1.373401
2.356194
-0.244979
-0.896055
-0.463648
1.815775
-1.849096
9.805284
-1.249046
-3.141593
-1.107149
2.553590
10.012781
-1.570796
1.405648
-2.819842
2.553590
-0.896055
-0.982794
-1.249046
-2.356194
0.321751
-0.785398
-9.424778
3.141593
0.785398
1.107149
1.249046
1.570796
-0.380506
-0.785398
-2.601173
1.892547
1.570796
-2.356194
-2.214297
-1.768192
0.785398
-0.321751
-2.498092
0.000000
9.888426
0.785398
0.000000
1.325818
1.815775
-1.570796
0.244979
2.677945
0.785398
-0.785398
-2.111216
-0.785398
2.158799
-1.107149
-0.463648
-0.588003
0.785398
-2.677945
0.000000
-2.677945
0.785398
1.570796
2.214297
2.356194
-0.463648
-2.034444
3.141593
-1.815775
0.321751
0.982794
0.463648
1.815775
2.466852
1.951303
3.141593
1.570796
1.570796
2.034444
-0.244979
-1.352127
2.158799
3.283490
3.141593
1.815775
-0.463648
3.682012
0.463648
2.819842
2.158799
12.244620
0.785398
3.605240
-2.111216
0.785398
-1.849096
-0.785398
3.522099
-1.768192
-1.373401
-1.190290
-2.356194
3.546484
1.570796
0.982794
-0.588003
-0.927295
3.141593
1.570796
-1.570796
-1.735945
0.000000
2.553590
-0.197396
-2.356194
-1.815775
0.588003
1.107149
3.283490
-1.249046
-1.815775
0.982794
-1.815775
1.107149
2.158799
-2.245537
9.805284
1.107149
0.000000
0.000000
0.321751
2.601173
0.982794
0.000000
-2.214297
-1.951303
-2.034444
0.785398
1.815775
-0.588003
-2.214297
0.321751
-1.249046
-1.570796
1.951303
2.356194
3.141593
1.107149
1.570796
-1.712693
0.000000
0.463648
-0.588003
1.325818
-10.210176
2.356194
-0.982794
0.000000
2.896614
0.244979
0.982794
-1.570796
1.570796
1.107149
-0.927295
2.158799
-2.976444
1.570796
-1.107149
-1.815775
0.000000
-1.951303
1.249046
-9.227382
3.386571
-1.249046
2.034444
0.982794
5.497787
10.210176
-1.892547
1.249046
-1.570796
1.815775
0.643501
-1.951303
1.951303
2.356194
0.000000
-2.819842
2.034444
-0.785398
-2.356194
2.498092
-0.896055
2.553590
2.498092
-2.553590
-1.570796
-2.446854
1.325818
1.107149
3.463343
-2.214297
0.785398
-2.158799
-0.321751
1.373401
-1.292497
3.463343
0.321751
-0.321751
-1.768192
0.000000
2.158799
-0.463648
-2.214297
1.030377
0.321751
1.373401
2.034444
-0.380506
2.896614
2.677945
-3.785094
2.761086
-1.249046
1.768192
