0.588003
3.141593
-2.245537
-3.141593
0.785398
-2.944197
3.141593
2.356194
-2.999696
-0.927295
2.111216
-1.975688
0.000000
-3.386571
1.107149
1.030377
0.785398
-2.498092
9.965197
0.244979
3.141593
0.927295
1.190290
-1.325818
-2.214297
0.785398
-3.729595
-1.695151
0.380506
0.540420
-3.386571
1.570796
-1.768192
-1.165905
-0.896055
-3.729595
-1.570796
-2.356194
1.815775
0.244979
-1.975688
-0.165149
-0.896055
-2.498092
1.107149
0.785398
1.107149
2.129396
-1.975688
-1.570796
0.588003
-1.030377
-3.283490
2.245537
3.141593
-1.849096
3.926991
-0.463648
-1.030377
-2.498092
0.197396
3.141593
-1.446441
1.570796
-2.896614
-0.927295
2.356194
-2.158799
5.071160
2.498092
-2.034444
0.674741
-1.892547
0.197396
1.570796
2.944197
1.712693
1.107149
1.570796
1.570796
-1.249046
-0.927295
1.768192
-0.463648
0.000000
1.107149
2.761086
1.107149
2.896614
0.141897
1.107149
3.682012
-2.265535
-2.245537
-3.386571
0.927295
3.419892
-0.927295
-2.498092
-1.373401
-4.390638
-1.892547
-0.463648
1.768192
0.927295
-0.785398
-1.325818
-2.601173
0.588003
9.805284
-3.017238
0.321751
1.325818
-2.498092
2.896614
0.000000
2.158799
1.249046
9.965197
-0.643501
-2.356194
1.815775
1.325818
2.553590
-1.768192
0.674741
2.245537
-0.141897
-1.190290
-3.017238
1.373401
-2.601173
0.674741
2.245537
2.356194
10.320833
-9.424778
-2.034444
2.677945
2.214297
-0.927295
-0.927295
-0.785398
2.356194
1.570796
9.746529
2.761086
1.428899
-1.051650
2.863293
0.000000
0.000000
3.338988
-0.321751
1.428899
0.463648
-0.785398
2.944197
-1.107149
1.325818
-1.325818
2.498092
9.965197
2.601173
0.244979
2.677945
1.030377
2.498092
1.249046
0.785398
0.000000
0.197396
2.158799
-1.325818
-0.463648
-2.034444
-1.373401
2.356194
3.338988
1.570796
-2.446854
-0.927295
-2.034444
-2.736701
2.999696
11.583577
1.570796
-3.017238
-1.373401
2.214297
1.815775
-3.500363
2.214297
2.245537
2.498092
3.522099
-0.643501
1.768192
-0.674741
-0.927295
-1.107149
-2.677945
1.428899
-2.761086
-2.034444
-1.570796
-1.892547
-5.176037
3.141593
2.944197
-1.815775
-2.432966
1.107149
1.768192
1.107149
0.785398
-3.926991
3.141593
-0.463648
1.107149
-0.165149
-1.570796
-10.210176
-0.244979
3.522099
-2.863293
-1.428899
1.446441
2.761086
9.888426
-2.214297
-1.405648
1.570796
-1.107149
1.815775
-0.380506
-1.951303
-1.325818
-1.373401
-1.892547
0.165149
3.926991
-2.111216
0.463648
1.107149
2.034444
3.338988
0.982794
-2.677945
2.761086
-0.588003
-1.712693
-1.892547
-2.034444
3.463343
2.553590
3.338988
-2.761086
-1.570796
-0.785398
0.000000
-1.292497
-2.498092
-1.570796
-1.352127
-0.380506
2.356194
-3.338988
2.677945
3.306741
-1.107149
-0.380506
-0.588003
0.463648
0.380506
0.000000
-2.356194
2.498092
3.463343
-0.927295
-1.107149
-5.092895
-2.446854
-0.321751
-2.356194
1.292497
0.588003
3.141593
-1.190290
2.498092
2.034444
-2.111216
-0.588003
2.761086
2.723368
-2.466852
-2.622447
0.982794
2.819842
-0.463648
0.321751
-1.190290
0.321751
3.283490
2.466852
2.553590
-0.380506
-1.405648
-9.103027
3.141593
-1.815775
-1.768192
-0.197396
-1.768192
3.605240
-1.325818
2.622447
2.214297
-0.785398
-0.141897
-0.244979
1.107149
2.622447
1.815775
-1.735945
-0.540420
-0.785398
0.000000
-1.768192
1.735945
3.419892
2.819842
1.570796
3.338988
0.000000
-2.214297
-2.944197
2.677945
-3.141593
0.588003
-1.107149
1.107149
1.107149
-2.158799
3.500363
1.951303
-2.356194
-0.588003
2.089942
0.000000
0.463648
2.356194
2.553590
1.107149
0.785398
-1.849096
-1.695151
-1.570796
1.107149
2.245537
-0.785398
-12.971262
-3.419892
-2.089942
-0.927295
1.405648
-0.141897
3.141593
-1.695151
-2.466852
1.892547
-0.785398
0.674741
2.761086
-2.214297
0.165149
1.892547
-1.892547
1.405648
-0.244979
1.107149
1.190290
-2.214297
-0.244979
0.785398
1.815775
0.927295
-2.245537
0.463648
0.785398
1.570796
-3.463343
-1.849096
-1.405648
3.306741
-2.158799
-0.165149
-2.158799
-2.761086
-2.158799
-0.463648
-1.735945
0.321751
2.677945
0.244979
0.321751
3.338988
-4.124386
0.643501
-2.214297
1.768192
2.677945
0.000000
0.244979
1.570796
-2.622447
-2.111216
2.498092
-1.951303
0.982794
0.380506
-2.498092
2.677945
-1.249046
-3.141593
2.677945
-2.279423
-1.768192
-4.307497
-1.030377
0.588003
-1.405648
2.677945
-1.107149
0.785398
-1.165905
-2.601173
0.197396
-1.570796
-2.677945
3.141593
5.300392
3.729595
4.248741
-3.660739
-0.785398
2.553590
-0.463648
1.892547
-0.244979
-2.677945
3.522099
-2.111216
-1.446441
-2.553590
-0.244979
1.030377
0.244979
-0.982794
-1.951303
0.927295
2.356194
-0.197396
-1.712693
1.975688
-1.570796
-0.927295
1.107149
3.386571
2.976444
2.214297
-0.197396
-8.836775
2.553590
0.000000
2.896614
5.300392
-2.034444
-1.570796
-0.643501
1.107149
-2.356194
-1.107149
-0.927295
2.601173
2.356194
2.761086
-9.669757
3.141593
3.141593
2.819842
-1.929567
3.785094
-0.278300
-0.321751
0.278300
1.570796
3.463343
0.785398
1.735945
-7.210481
-2.466852
-1.428899
-2.214297
-2.976444
-2.158799
0.000000
1.570796
-0.463648
0.785398
1.712693
0.000000
1.107149
-1.428899
1.570796
-2.999696
1.428899
1.892547
2.944197
-1.405648
-2.356194
-1.051650
-0.876058
3.141593
-3.141593
2.622447
-0.463648
-2.034444
-1.695151
-1.570796
2.034444
-0.463648
-2.601173
-2.245537
-1.892547
-0.785398
-3.463343
-1.373401
1.249046
-0.588003
2.761086
-1.249046
-0.463648
2.819842
-0.588003
-0.463648
0.519146
-2.356194
-1.570796
2.356194
0.463648
-1.570796
0.463648
-1.570796
-2.677945
1.570796
10.407572
-1.849096
-1.849096
2.214297
2.761086
-0.244979
3.463343
-1.405648
-1.570796
1.030377
0.165149
-1.373401
0.321751
-1.892547
-3.306741
2.896614
-1.975688
1.735945
-3.141593
1.570796
0.404892
0.321751
-10.068279
-1.030377
-3.761842
-2.158799
-2.466852
0.000000
-3.306741
-1.352127
-1.373401
0.000000
1.373401
-4.390638
-1.373401
3.141593
-1.190290
-0.380506
-0.588003
-0.540420
1.405648
1.107149
-0.380506
-2.214297
-0.321751
2.214297
1.570796
-0.927295
-1.107149
2.999696
1.107149
-4.124386
1.249046
2.896614
-2.034444
2.677945
1.428899
1.570796
0.000000
-1.190290
2.863293
-2.034444
-2.553590
2.944197
-0.380506
-0.862170
3.141593
0.321751
-1.165905
0.197396
0.244979
-1.570796
2.356194
1.570796
2.896614
-1.570796
-0.244979
2.976444
-1.768192
-0.321751
-0.197396
-3.265948
2.999696
-3.141593
-1.373401
1.570796
-1.325818
-2.356194
-0.785398
3.816334
2.034444
0.000000
-0.643501
2.677945
3.306741
-3.605240
-1.570796
-0.380506
2.446854
-2.111216
2.498092
-0.244979
-0.321751
-3.729595
-2.034444
2.601173
-0.694738
1.325818
1.570796
-2.446854
0.321751
2.034444
0.785398
0.463648
-2.089942
-1.695151
2.761086
2.214297
0.463648
2.553590
-0.244979
-2.034444
0.540420
2.356194
-3.836331
-1.570796
-1.107149
-9.179799
-1.460139
3.141593
-0.896055
-2.819842
-2.356194
-0.463648
