-1.917335
2.852617
2.502207
1.249046
0.495552
-1.932000
9.309019
-2.307054
0.120624
1.116952
-2.356194
2.714965
-2.370278
-1.394857
-0.045423
2.782822
-0.069655
2.516108
0.750929
-9.292226
-1.096396
-1.352127
0.700854
0.549853
-2.622447
0.674741
-1.899846
3.118869
-2.884269
-1.885028
-3.054854
-1.657535
1.405648
1.206817
-1.373401
2.422763
-0.137066
1.356736
-0.432408
0.916714
-2.297439
-0.881872
-0.572966
2.187988
-1.744042
2.299651
-2.625362
1.892547
-2.396173
1.150133
-2.518922
0.224711
-0.141897
-2.408778
-2.287338
-0.702257
0.314758
-2.023575
-1.570796
-9.487197
-2.723368
2.688254
1.482140
-0.803578
1.343997
-2.089942
-2.034444
-2.701750
2.412738
-1.570796
-0.062419
-3.187016
2.524401
-2.053310
1.147942
-2.649107
-2.476818
0.720971
-2.374374
-1.768192
0.565149
-2.286540
9.035461
0.104877
0.442374
-2.034444
-0.563316
0.244979
-2.863293
-1.892547
1.705118
0.439843
-1.196463
-2.697173
-2.524401
-1.993650
2.024135
-2.930499
-2.774419
-2.191046
-1.022247
1.924794
-2.270689
-2.310073
0.968509
-1.520838
-0.372068
0.732815
1.892547
1.284745
2.720929
1.675673
-2.153149
-1.965587
-1.809406
2.019520
-0.356220
-1.492012
2.424581
1.899846
1.752965
3.014620
-2.605157
0.903490
-1.126377
-2.706239
-1.241172
0.049958
-0.600050
2.529055
-1.735945
-0.944053
-1.877842
1.670465
-1.266285
2.209710
1.460139
-1.994991
1.239700
-0.617756
9.358210
-0.258771
-0.637549
-3.161998
-2.338015
-2.560212
-0.132552
-2.936197
-1.097440
-2.052460
-1.960113
-0.394791
0.708626
0.291457
-0.785398
-0.750929
0.682317
0.329050
-2.488746
0.365201
0.906022
-2.295662
0.236849
2.054243
-2.356194
-0.068076
2.014245
2.118359
-2.799977
-2.214297
-1.810028
1.748392
-0.956133
1.999574
2.774419
-1.382575
1.283515
-2.957649
-2.761086
-0.321751
0.145310
0.896055
1.616220
-1.390943
1.768192
1.436475
1.969319
0.443448
-1.762844
-0.940395
2.279423
-1.116077
2.690140
-1.116952
2.188552
0.703614
0.104877
0.221314
-2.925508
0.397079
-0.496423
-2.279423
-0.452778
9.232730
2.142134
-2.848004
-0.931882
-1.236059
-1.432157
2.007423
-2.170847
-1.541393
2.356194
-0.801790
2.622447
0.102207
1.002272
-1.602036
-1.130954
2.285888
-0.401229
1.955954
2.295662
-2.122451
1.673003
-0.394791
2.405335
9.156412
1.955954
1.780436
1.073454
-0.021736
1.672485
0.426627
-0.398522
2.150799
2.455863
1.475845
2.988943
2.254506
0.864597
-0.118490
-0.428778
-1.122073
-0.713061
-0.628796
1.128422
2.134113
-1.020943
-1.287002
2.435394
1.878849
0.000000
-1.263751
0.000000
1.597817
1.878849
-2.841421
-2.646041
0.422005
-0.268366
1.683947
0.724250
0.608689
0.308053
1.965587
9.325109
1.256564
0.117109
-2.181522
-0.945311
-2.723368
0.661043
-0.632749
-0.344647
-1.626295
-0.902507
-0.288055
2.391894
-0.110657
9.424778
0.817645
-1.821239
-1.063698
1.054566
1.063698
1.937970
2.644250
2.580429
-2.529055
-1.117458
0.825377
9.129337
2.209710
-0.363979
2.388441
9.232730
-0.463648
0.716542
2.507570
2.356194
-0.615620
-0.887087
-2.928654
-2.281706
2.004750
1.906435
-2.452668
0.648332
-1.505671
-2.062606
0.684295
1.921524
-0.976583
-2.625362
-1.892547
2.070143
-2.502679
-2.983824
0.080904
0.899652
-1.892547
1.473543
-2.704965
2.866167
-0.668289
-0.211093
0.745419
1.989021
9.272129
1.421906
-1.048393
2.512796
-1.831399
2.265535
-3.030935
-2.095592
9.248838
1.308676
1.130954
-0.239743
-2.646041
-1.441094
-2.005467
-2.546183
0.049958
2.776391
0.483447
-1.619538
-2.297439
-0.630401
0.982794
2.259721
-0.233743
1.864385
1.172274
2.165556
3.041924
-1.706324
-2.812543
-0.233743
1.773842
-3.258701
-1.570796
2.957649
1.927016
2.868584
2.338015
-0.049958
-2.723368
-0.664774
-1.227772
-0.849141
1.418147
0.947597
0.154319
-1.185639
-2.939830
2.126963
2.177784
-3.352686
2.827361
0.612538
2.308611
0.667306
2.233999
-1.361773
-0.452778
2.265535
0.730907
0.114877
-1.413028
0.000000
-1.098299
0.321751
0.507099
-1.504228
-3.164316
1.172274
-2.507570
-2.131960
0.272146
-1.014630
-3.115957
1.172274
1.686556
-1.181480
0.475695
1.719686
2.339247
1.063698
-2.547843
1.206817
-3.096169
-1.264917
1.784857
9.334118
2.308611
-3.053585
2.229602
-2.282255
-2.756435
0.938047
-0.922985
-1.867342
2.723368
-2.854311
1.152572
-0.495552
0.135528
0.321751
-1.545161
1.653938
0.634023
-1.609239
-0.287281
0.069655
0.104877
1.635921
2.835714
2.262133
-2.265535
0.999459
-1.144169
-1.432157
-1.463106
2.146221
-2.253113
-2.282255
2.463473
2.884269
-0.702257
2.209710
-2.482787
2.339247
-1.592070
0.047583
-1.464812
-2.011976
2.523837
-2.034444
-1.473543
0.000000
-2.131960
-0.687671
1.453688
-2.011976
9.160814
-0.437791
-2.944197
2.863293
1.388628
-1.147942
-1.744042
3.118869
1.001483
2.574863
-1.002272
1.885028
2.725528
-1.386853
-2.601173
2.077895
1.823351
-0.463648
2.084402
0.594759
2.024135
2.373142
-1.462526
1.186192
0.615620
-1.663553
0.047583
-1.649580
-0.588003
0.389317
1.421906
9.152632
1.147942
-2.508844
-2.992703
2.356194
2.526930
-2.772259
-1.042722
1.937970
2.114629
-1.235158
-1.467004
1.401695
2.469986
0.270947
1.955954
2.034444
1.815775
1.815775
1.438245
1.592532
0.000000
-2.896614
-1.264917
-1.145964
0.803578
2.107707
-2.397267
-2.416727
-0.726642
-0.188222
3.058451
-2.073640
2.098871
-2.969402
-2.239086
-0.851966
-1.186192
-1.690225
0.956133
2.425051
-1.716106
-2.802300
-1.415800
-1.152572
1.549061
0.968509
-1.425486
-1.862253
-1.478040
1.789465
1.892547
-3.261022
-0.268366
1.076855
1.815775
-1.206817
-1.095786
-0.156602
0.080904
2.374374
-1.107149
9.292226
-2.559240
-3.926991
0.244979
-2.241318
0.580756
-1.786881
3.054854
1.593015
0.393058
1.700499
-1.168926
9.367697
2.080389
-2.021458
-2.766322
1.453688
0.785398
0.799890
2.508844
1.768192
-0.214061
-3.098142
-2.659079
9.143006
2.502207
-2.938547
2.256526
1.855527
0.736257
1.240499
-2.886410
1.701624
-1.224257
-1.298650
-1.864385
-1.961403
-2.516108
0.188222
-2.185459
-2.742077
1.969319
-0.211093
-2.341270
2.153149
-3.053585
-0.188222
-2.866683
-1.527345
1.480136
2.387434
0.601074
-1.779819
1.525373
1.841743
3.141593
2.819842
-0.864597
-0.821097
-2.948892
9.179799
1.051650
0.386876
1.810028
2.835714
-2.580429
0.548549
-1.475845
-2.832662
0.148890
2.770701
1.657535
0.135528
1.934775
-0.694738
-2.283857
-0.579074
-2.688254
3.028865
0.192701
-2.107232
0.000000
-1.224257
1.712693
-0.268366
-0.892134
-3.141593
-0.681298
1.007480
0.293589
-0.953041
2.107232
-0.380506
0.329050
2.370686
0.906750
0.581905
1.214577
1.051650
1.921524
-1.727398
0.581905
2.268187
-0.218669
2.066348
-2.389515
2.877629
2.320495
1.234122
-2.134113
1.462526
0.663203
-0.524796
-0.049958
-0.685730
-2.508844
0.828849
2.046492
0.867183
-1.665748
-2.279423
-0.588003
-1.186192
-0.822418
9.118899
-2.340323
-2.642246
-2.234842
2.430134
2.913096
