-0.110045
3.066845
-0.149671
0.183293
-2.604641
0.124514
0.241164
-2.666427
0.190426
0.233341
-0.112799
0.166889
-0.025272
0.372731
-2.740524
0.060657
0.014736
-0.024566
0.198581
2.925697
0.216542
0.346218
-2.620084
0.009987
0.172086
-2.825609
-2.708435
3.215554
0.054037
0.304840
-2.648286
0.113447
-2.642587
0.457729
0.288989
-2.676694
0.387637
0.198811
-0.032966
-2.902174
0.269281
-2.688434
3.045243
-2.700274
0.205391
0.271106
0.175571
-0.012368
3.179691
0.055399
0.270164
3.081596
3.206780
-2.992245
-0.087342
-0.033361
-0.092939
3.101582
-0.042567
0.124335
-2.838766
-2.784217
0.146533
-3.152077
0.304047
0.171548
-0.064492
-2.683961
-0.065553
3.238657
-2.983274
0.248301
0.439385
0.015547
0.464499
0.101469
-2.887768
0.170650
0.232400
-0.246567
3.195890
0.187177
0.211961
0.031773
-0.060112
0.002660
3.175058
-0.151740
0.035462
-3.065674
-0.136009
-2.682414
-2.737584
-2.790620
0.520744
0.266458
0.263699
-2.683500
0.103002
3.171340
0.099200
0.319112
0.043229
-2.836385
-2.939864
0.059639
-2.769687
0.278896
0.188289
0.102518
-2.840303
-2.873925
3.188914
-2.984086
3.079505
3.467608
0.224144
-2.865808
-2.876413
0.249791
0.216459
0.156605
0.107408
0.357431
0.051421
3.139613
0.309925
-0.150129
-2.658763
0.200458
0.112624
0.271001
0.419391
-0.071620
0.170729
0.144011
-0.040334
-2.949464
-2.945501
-0.034404
0.114438
-0.082702
-0.124344
0.050829
0.171148
0.102393
0.470621
-2.798035
-2.595213
0.041606
0.105299
0.105155
0.297219
0.132917
0.178173
-0.137382
0.332155
0.142332
0.042366
0.066016
-2.679780
-2.873697
0.238258
-0.020193
-0.002119
0.317115
0.170226
0.182551
0.222128
3.205770
-2.879513
0.188457
0.127342
0.116715
0.010993
0.169093
0.294258
-2.952967
-2.960599
-0.014479
-2.802768
-2.767684
0.414809
0.182015
0.071814
0.246959
3.193779
-2.721319
-2.750686
-0.011816
3.074043
0.254834
3.322293
3.070733
3.237451
-0.050781
-2.847051
0.069923
3.210593
0.241298
0.131413
0.202866
0.099918
-2.843971
-0.087700
-2.814824
-2.748665
0.163107
3.193122
0.034155
0.179970
0.278391
-3.042151
0.320179
-0.004317
-2.725030
0.043225
0.210476
0.423249
0.302034
0.061959
0.322976
-0.077417
0.107842
0.153465
0.056403
-2.910138
-2.785423
0.223254
0.410525
0.165596
3.198028
-2.810466
0.220780
0.119695
0.019174
0.244633
3.181042
0.207263
0.242279
-0.046325
3.122591
3.080976
-0.009956
0.151113
-2.807312
-0.027751
-2.810107
0.278883
0.065608
-2.730398
0.061022
-2.888407
-2.840523
-0.013292
0.052480
0.037765
0.074906
-2.862570
0.297211
-2.691103
0.068660
0.207064
0.458501
0.085227
-2.556040
-0.009299
0.002196
0.105299
0.278276
-2.666323
-0.136306
0.192422
0.057966
3.393409
0.079134
0.062072
-2.874266
0.035227
0.152577
-0.180672
0.082819
-2.737110
-3.012777
0.106427
0.274822
0.281948
0.055294
0.190219
0.170747
0.392170
3.526070
3.179831
-2.945202
0.344406
3.240771
0.004804
-0.019177
-0.104777
-0.040146
-2.686157
-2.703365
-0.091469
0.125147
-0.009689
0.092862
0.354273
2.980421
0.416926
-2.670830
3.133488
-0.125764
0.372367
0.171516
0.066389
-0.043465
0.008699
3.077386
3.198977
0.104044
0.216677
-2.717895
0.274221
0.017041
0.145943
0.332530
0.050158
-2.698294
-0.045002
-2.813408
-2.825508
0.308628
0.160875
0.277342
0.266113
0.228537
-3.019007
-2.812283
0.177238
-2.747958
0.074567
-3.154668
0.377094
3.305773
0.214011
0.100804
0.429927
0.284959
0.198669
-0.029256
-2.367075
0.099088
0.130659
0.425434
-2.842911
3.258265
0.084355
-2.668217
-2.901317
-0.058449
-2.838256
-2.773684
0.059923
-0.078771
0.040589
-2.706175
3.106182
0.352172
0.290217
0.037141
0.221740
-2.570322
-0.143443
-2.750605
0.289285
0.205312
-0.090873
-0.013194
-2.724319
0.105425
-2.567916
0.282533
0.265451
-2.738114
0.256279
0.215762
0.279004
0.135289
-0.036096
-0.029815
-2.908040
0.086874
0.003271
0.205271
0.005779
0.030441
0.006178
-0.038981
0.129357
0.107674
0.080485
0.094910
0.004106
0.036572
0.233139
0.310823
0.095849
0.399015
0.337411
0.032041
-2.975556
0.221371
-2.657057
-2.886046
0.190510
3.262460
-0.034807
0.146184
0.315697
-2.781600
0.427733
-0.082771
0.318496
-2.869388
-2.809684
-2.701224
0.104431
0.154328
0.058281
0.357031
0.068060
0.064043
-0.007309
0.065110
0.459779
-2.838714
0.471720
0.234182
0.089331
0.027332
0.132787
-2.695385
3.175915
0.053774
3.155102
-2.845604
-2.707801
0.277194
-2.887063
0.054631
0.339149
0.028905
0.161775
0.391536
0.322213
-2.732720
-0.042898
-0.147755
-2.881430
0.371649
0.173967
0.050718
3.129758
0.281043
-2.956173
3.180434
0.032066
0.258513
-0.002386
-0.040258
0.191020
-0.017719
-2.666221
-2.877145
0.098677
0.277042
0.246863
-0.090319
0.057370
0.173535
0.161655
-2.794684
0.145519
0.048362
0.073349
-2.650277
0.222306
0.155154
3.245592
0.211223
0.173812
-2.756176
-0.001358
-0.102357
0.104633
0.471572
0.054030
-0.039934
-2.750690
0.172474
0.115490
-2.976354
0.028363
-0.106411
0.165698
0.129279
0.083066
-2.934712
0.107247
-0.089143
0.176226
-2.777182
0.116864
0.089499
0.004405
0.062179
0.155074
0.181191
3.259097
0.224476
0.290608
0.222273
0.043462
-0.036405
2.984359
0.275458
-2.855750
-2.701450
-0.047263
0.195345
0.452942
3.261507
0.139073
-2.676908
0.191389
0.163020
0.073521
-0.009372
0.075934
0.310972
3.147954
0.356416
-2.781148
-3.007801
-2.702827
0.340659
0.059574
0.139062
-0.007787
3.036161
0.281755
0.095684
0.298953
0.272466
3.005604
-0.170104
0.287412
0.036681
0.272780
0.161226
0.113299
0.002832
0.198649
0.227336
3.268447
0.111102
-2.848112
0.072769
0.147378
-2.789102
3.227069
2.964549
0.124046
0.391854
0.369759
0.274653
0.141024
0.176535
0.346519
0.071912
0.275497
0.253412
0.248517
0.011828
0.147254
0.231152
-0.201324
0.097386
0.068273
0.073914
-2.758799
0.275546
0.436450
-2.780296
0.410037
0.022730
-2.817188
-0.037736
0.283826
0.000397
-2.918082
-0.004621
0.019419
0.376947
0.376642
0.068542
0.140579
0.245692
-2.679703
3.260793
0.280826
0.153204
0.143999
0.224763
0.123863
0.055781
0.144583
3.269934
-2.727279
0.028829
-2.820099
0.196486
0.025680
-2.804268
0.090174
0.012395
0.275214
0.194356
-2.805851
0.080103
0.053499
-2.880008
0.257627
0.395334
3.115785
-2.862003
-0.056235
0.344097
0.318864
0.136426
0.078200
-0.000959
0.158012
-2.712178
0.005125
0.069194
0.188644
0.118097
-0.021670
-2.871465
0.349382
-3.073279
3.189475
0.040821
0.304394
-2.907246
-0.106465
0.315153
0.258399
0.262567
-2.749903
0.308039
3.059705
0.107875
-2.790057
0.184058
0.138728
3.262464
3.074976
-2.855308
0.019668
0.119160
-2.826564
-0.095039
0.229474
-0.074844
-2.904960
0.128953
-3.042601
0.224716
3.146307
-2.926451
-0.051144
0.236323
0.105369
0.108170
-2.830773
3.344151
0.164819
0.059145
