-0.487442
-0.455632
2.616262
-0.298053
0.075197
0.040865
-0.171152
-0.188988
2.407700
-0.157346
2.616449
2.385799
2.436876
-0.332397
-0.373459
-0.456165
-2.858447
0.140817
-0.144533
-0.824842
2.483053
2.537722
-0.108367
-2.911247
3.110833
2.391187
-2.861879
-0.082179
-0.310581
-0.229712
2.617697
2.445667
2.452632
0.095948
-0.316955
-0.055088
0.115124
-0.126976
-0.150874
-0.348526
-0.392127
-0.040585
0.004169
-2.941562
0.660058
-0.178664
2.399171
-0.039127
2.522514
-0.201854
-0.412709
2.518619
0.724483
-3.032149
-0.008709
0.174173
0.484295
-2.733590
2.623180
-0.019844
-0.369549
-0.069739
0.080796
-0.277294
-0.180980
-0.225405
2.392686
-2.882981
-0.208864
2.345116
-0.085661
2.524134
3.440442
-0.385883
-0.222173
0.219949
0.192537
-0.246994
0.043395
-0.429044
-0.072915
2.770681
-0.441772
-0.346505
0.009069
2.524753
-0.184172
-0.276985
2.484456
2.358390
-0.138561
-0.306782
2.736293
1.942238
2.602209
-0.334422
-0.332601
0.329946
0.477029
2.307220
0.008998
-0.087339
-0.208296
-0.224008
2.453373
-0.213729
1.576988
-2.970578
-0.039079
2.377092
-0.404004
-2.674320
-0.105091
-0.337872
-0.237486
-0.231523
-0.128375
-0.159200
0.251413
0.035977
0.128592
0.132909
0.247398
-0.237488
2.351886
2.494790
-0.203432
2.488685
-0.305924
-0.355300
2.292767
-0.377440
-0.380279
2.347022
0.298188
-2.411839
-0.439086
-0.138328
-0.220186
2.516719
3.049055
-0.159423
-0.185442
-0.305764
-0.264107
-0.363627
2.500389
-0.067506
2.669924
0.005558
-0.111375
0.155159
0.047487
-0.828772
-0.311385
2.542668
-0.093077
-0.071358
-0.206893
-0.842425
-0.225169
-0.361130
0.050066
2.448706
-0.127589
-0.255927
0.010700
-0.068143
0.041311
-2.159332
0.018683
2.568216
-0.243404
-0.185194
-0.066369
-0.177956
0.011616
-0.137234
2.610780
-0.196880
-0.095248
-3.014997
-0.102851
-0.129629
-0.368728
-0.111002
-0.732875
-0.083337
-0.122740
1.257232
0.137859
-0.083558
-0.207819
-0.134688
-0.229766
0.651662
0.564576
-0.098305
0.137867
1.121615
0.213322
-0.315364
-0.036925
-0.302509
-0.197954
-0.069781
-2.025462
-0.424722
-0.051511
0.148519
-0.266932
-0.025786
-0.049473
-0.029578
-2.763594
0.127857
2.874725
-0.187604
2.610348
-0.245705
0.071176
-0.394279
-0.079681
-0.531813
-0.412076
2.490595
2.728421
-0.214820
0.307264
2.513378
-0.323149
-2.402205
-2.773148
0.267896
2.515866
-0.145585
-0.372609
-0.282176
0.003566
-2.503778
-0.323564
0.353901
-0.152197
-0.301945
0.851182
-0.485644
0.724516
-0.384270
2.485483
-0.544362
-0.350568
-0.236086
2.961946
-0.455062
-0.124068
-0.442586
-0.572920
0.076673
-0.288253
0.033681
0.027288
2.732230
0.137966
0.083390
-0.391665
-0.276527
-0.186305
-0.044019
-0.807808
-0.296397
-0.775453
0.121673
2.625627
-0.339364
-0.198501
2.501520
-2.833707
-0.001267
-0.030294
-2.870280
-0.825479
-0.041923
0.066304
0.140912
-0.116502
2.482631
-0.324516
-0.274232
-0.124074
0.101826
1.206293
-0.361164
-0.340635
-2.816018
-0.353856
-0.147047
-0.149482
-0.208369
-0.558973
-0.250753
-0.049661
-0.164688
-0.087004
0.049384
-0.121154
-0.170223
2.517443
2.446199
2.414723
0.325988
-0.052951
2.584010
-0.144276
0.009279
-0.184818
-0.503430
-2.892115
-0.279278
-0.792306
2.469603
0.221788
-3.312664
-0.275226
-2.925173
2.547815
2.652028
-0.144147
2.650847
-0.225826
-0.416495
-0.292309
0.149600
-0.394463
-0.096990
-0.375263
2.974073
-0.280041
-1.272868
-0.216034
-0.263980
-0.121669
0.128141
-0.440383
-0.327880
0.069462
-0.111051
1.521481
2.559439
0.002116
0.661404
-0.145267
2.302356
-2.804537
0.010268
-0.502936
0.061068
0.047938
-0.468516
0.005146
-0.321214
-0.434285
2.595281
-0.245721
-2.838224
-0.188351
2.382800
0.078684
-0.162493
-0.205231
-0.238517
-0.197395
-0.155088
0.070422
-0.332672
-0.094557
-0.516082
-0.310768
-0.254797
2.314139
2.893438
0.206705
2.633394
-0.470437
-0.376003
0.127561
-0.105632
-0.295797
-0.341832
2.588996
-0.018862
-0.072574
-0.124886
1.431447
-0.335507
-0.129917
2.373075
-0.075450
-0.460265
0.036337
-0.296412
0.084872
-0.315196
-2.346622
2.453369
-0.247025
-0.163056
4.140590
-0.075509
0.044725
-0.775724
-0.283632
0.271822
2.418238
-0.092081
-0.458945
2.577701
-0.425247
2.432122
3.099855
2.384539
2.660415
-0.242303
2.645491
-0.353152
-0.264893
-0.041051
-0.169480
-0.096348
-0.105531
2.513101
-0.377356
-0.593375
2.508935
-0.740536
-0.090331
-0.232237
2.384102
2.426808
-0.355510
0.231599
-0.119356
-0.244742
-0.629695
0.642712
-0.236589
-0.014139
-0.163242
-0.414003
0.083975
1.575143
1.328131
-0.191679
-0.114273
-0.288094
-2.905065
-2.889798
-0.343627
2.434461
-0.023450
2.524949
0.712853
-0.147740
-2.876602
-0.043404
-0.037172
0.077290
-0.081570
-0.295862
-0.224669
2.060796
-2.953421
0.251542
-0.008058
-0.418064
2.017614
-0.248599
2.584313
2.602284
-0.456836
0.284334
-0.063185
0.014691
-0.292450
-0.094765
0.227853
0.533119
-0.283415
-0.247844
2.488458
-2.788147
-0.048760
0.040270
-0.216898
3.271930
-0.058223
0.109132
-0.273626
-0.106730
-0.281295
-0.183348
-0.129700
-0.357174
-0.077708
-0.896168
-0.240497
2.688431
2.465423
2.344914
-2.899387
-0.053856
-0.347888
0.131437
-0.132078
-0.401548
-0.013376
2.415705
-0.141969
0.091897
-0.136422
2.536899
-0.337361
-0.081372
-0.336267
-0.147079
-0.074304
2.429199
-0.245729
0.075978
-0.135202
-0.288220
-0.307206
-0.195437
2.409301
-0.100257
-0.274731
0.004374
-0.157584
-0.167192
2.484715
-0.285872
2.379034
0.010962
0.136493
-0.371220
-0.151077
-0.270483
-2.632964
-0.054772
-0.192643
-0.235942
-0.175566
-0.302825
-1.178697
-0.023691
-0.337262
2.469305
0.013433
0.021422
-0.076182
-0.305788
-0.021314
0.006388
-2.964157
-0.290386
-0.396658
2.506400
-0.060922
-0.113150
-0.025028
-0.051364
2.597197
-0.206624
-0.244648
0.085816
-0.317708
0.120466
-0.342807
-0.528003
-0.087428
2.562985
2.926552
-2.923646
-0.314038
2.328781
2.649753
2.670831
-0.446723
-0.351188
-0.729167
2.383403
-0.155599
-0.185106
0.009322
1.801847
2.460399
2.306359
-0.167744
-0.169979
-0.195241
2.443697
2.637276
-0.090636
-0.300734
-0.066260
-2.610975
-2.848183
-0.253470
-0.468976
-0.734534
2.442691
2.483274
-0.161137
-0.065736
-0.160271
-0.067884
2.441781
0.887068
-0.276602
-0.187918
-0.084868
-0.465964
-0.050109
1.688568
0.151777
1.690927
0.196064
0.069343
2.417463
0.241038
2.489826
-0.008051
-0.393861
-0.087557
-0.193409
-0.257334
-1.866649
-0.393576
-0.130191
2.437507
2.437948
-0.942429
-1.140216
-0.189853
0.054112
0.006324
-0.245787
-0.155267
-0.288375
-0.140186
-0.419413
2.504662
-0.292914
2.301071
0.016615
-0.344096
-0.340490
0.013491
-0.443672
-0.324563
2.408740
0.338242
-0.124663
2.510143
2.547448
-0.119718
-0.158153
0.038782
-0.247470
-0.057504
2.567407
0.265337
-0.190513
0.000247
0.028214
-0.350696
0.326514
-0.435419
0.025738
-0.530902
2.598876
0.016953
0.012285
-0.167109
-0.139617
-0.395876
-0.311260
0.305158
-0.356070
-0.117808
2.660011
