0.261375
-0.752696
0.611485
1.857923
0.264645
0.202377
-0.293899
0.718798
-1.335828
-0.178536
0.151682
0.688640
-0.253272
-1.013680
-0.103038
0.708382
0.728018
0.127062
0.511519
0.238889
-0.724442
0.331182
0.027718
0.354737
0.388096
0.232578
0.015578
0.221080
0.320812
-0.841580
1.324241
0.048015
0.203806
-0.851816
0.445033
-0.121354
0.529593
0.577450
-0.867092
-0.547184
0.453579
0.040376
0.148019
-1.460170
-1.499417
-1.042687
0.647440
1.041551
0.259269
0.205552
0.113393
0.270627
0.681579
0.182633
0.248509
0.190926
-0.777957
0.232342
1.974813
0.301957
0.726812
0.602127
0.414869
-2.685503
-0.610823
0.264991
0.219197
0.066271
2.073468
0.433960
0.355626
-0.127582
-1.026532
-1.269869
-1.149786
0.243091
0.578667
0.362774
-0.116012
0.282112
0.064206
-0.836881
-0.829096
0.969867
0.616505
0.545936
1.787246
0.487607
0.363804
-0.959004
0.254412
0.334835
0.001431
0.275658
0.125224
-1.306300
0.146234
-0.789836
-1.002166
0.530817
1.128328
2.159523
0.175024
0.687543
0.336967
-0.000361
-0.882904
0.172385
-0.016868
-0.942467
0.865823
0.480123
0.659952
0.300545
0.349889
0.648222
0.997458
0.662375
-1.645859
0.240970
0.143196
0.268246
0.435577
0.393675
0.331382
0.464099
-1.398520
1.927043
1.007078
0.210486
0.183603
0.230774
0.343412
0.042986
0.305022
0.036368
0.361958
-0.051134
0.266324
0.089082
0.698191
0.521990
1.456680
0.665847
0.367794
0.602521
0.253163
1.100955
-0.704540
0.259280
-1.123307
0.128048
-0.678714
0.828256
0.298213
0.164646
1.979104
0.546363
0.726144
-0.109067
0.282364
0.187435
0.112817
-0.850487
-0.989747
0.196803
0.639060
0.522285
0.645632
0.182812
0.020050
0.471416
0.632680
0.426679
-0.089287
0.538251
0.083008
0.079903
0.145580
-0.193277
0.259339
0.516049
0.180235
0.342201
-0.908548
0.230185
1.963628
-0.943716
0.156392
0.217902
0.656545
0.656461
-1.008098
-0.768258
0.454821
-0.134146
0.544050
0.425338
-0.020551
0.367718
-0.218289
0.362099
1.168039
0.658666
0.324014
0.319730
0.422982
-1.226379
-0.121097
0.110351
0.712844
-1.480883
0.533172
-0.863715
-0.875756
0.325465
0.062098
1.239719
0.208265
0.393724
0.004391
-0.870156
-1.469318
-0.995221
-1.039670
0.646761
0.373384
-0.143724
0.083498
0.470698
-0.777064
0.283781
0.093744
0.537576
-0.044281
-0.744868
0.328214
-0.137725
0.307778
-1.422392
0.847084
0.292226
1.151403
-0.641961
0.755537
0.591782
0.320010
0.400407
0.173287
0.361224
2.028841
-1.692136
-1.017972
0.175911
0.336119
0.460930
2.094460
0.361657
0.202665
0.298814
-0.125273
-0.887018
0.580741
0.243966
-0.929760
-0.705051
0.809136
0.565532
0.210558
0.653824
-0.919955
0.456806
-1.007991
-0.938539
0.662372
-0.020559
-0.082463
0.704902
-0.638143
-0.827642
0.442627
0.234225
1.936874
-0.060341
-1.369803
0.292371
0.475240
0.730886
0.658129
-0.849065
0.041816
0.377864
0.282574
-0.430111
-1.397808
1.941347
0.854484
1.124884
-0.898128
0.295937
0.088603
0.162152
-0.045987
-0.064926
-1.254003
0.300538
-1.211089
2.140940
0.305206
0.312871
0.455431
0.000491
0.415717
0.226005
0.458147
0.727084
0.025096
1.804504
-1.653662
-1.029814
0.480514
0.503567
-1.237377
0.044843
0.227009
2.043520
0.502119
0.381599
0.046469
-0.919263
0.591965
-0.156474
-0.831600
-0.261719
-1.356296
0.626765
-0.966035
-2.356532
0.196824
0.171481
-0.964625
0.146874
-1.436462
0.275764
0.775792
-0.961918
0.189947
-1.169874
0.558335
-1.505179
0.209212
-1.565235
-1.421142
0.923627
-0.134176
-1.284119
0.455579
0.319893
0.622896
-0.199352
0.217625
0.291837
0.396678
-0.915563
-0.455739
1.379537
0.283389
0.763600
0.117024
0.422203
0.163578
0.213297
0.467745
0.341586
-0.162194
0.560247
-0.103633
0.473610
0.286115
0.349220
-0.948563
0.533469
0.392421
0.232484
0.303650
0.148426
-0.900783
2.102371
-1.463915
0.405170
0.546436
0.534713
-0.194156
-0.028641
-0.006067
-0.862216
-0.841371
-0.189843
-0.275893
-0.909343
0.455338
0.538343
0.364107
-1.279555
0.328188
0.080030
0.754028
-0.194832
0.320118
0.295888
-1.042466
-1.082804
1.097899
-1.436950
0.207974
0.478222
0.313977
-0.705958
0.080066
-0.159632
1.145346
1.975062
-1.476748
-1.332435
0.368353
-0.967659
0.504655
-0.105456
-0.080157
0.574481
0.255696
-1.287431
0.119337
0.320146
0.355966
0.369661
0.280980
0.273228
0.334129
-0.244441
-1.280788
1.486176
0.000958
0.134547
0.827977
-2.539429
0.319744
0.322563
0.590966
0.185018
-0.083637
-0.986180
0.218082
0.620594
0.275730
-0.339940
0.193233
1.771234
-1.040240
0.232023
0.468956
0.347353
0.279183
0.653819
0.547781
0.418550
-0.004825
0.198992
0.176311
0.726022
0.141024
0.228771
0.131423
-0.988320
1.315842
0.043158
0.072554
0.576232
0.328164
-0.915461
0.603329
-0.625106
-1.608842
0.085621
-0.037097
0.153273
-0.019875
0.184372
-0.456883
0.042316
0.119744
0.188808
0.269236
0.262787
0.117335
2.172701
-0.982015
0.217187
-1.307486
-1.442554
0.325249
0.298033
0.293916
0.791549
0.347723
0.137600
2.122379
0.337631
0.688197
0.574442
0.351102
0.260611
0.146227
0.251831
0.226140
0.322266
0.382989
1.342625
0.617549
-1.719327
0.757331
-0.788248
0.304868
0.776132
0.248458
0.396666
-0.375160
-0.219819
0.129315
-0.105993
0.426252
0.782710
0.345520
0.461835
-0.625569
0.139348
0.433928
-0.951206
0.626270
-0.074032
0.335093
0.309393
-0.266385
-0.571506
2.041038
0.394862
0.071230
0.227890
-0.696754
0.548615
1.208667
-1.017246
-0.706239
-0.188429
1.099567
1.278878
0.714763
-1.502126
0.209452
0.591065
0.568253
-0.147257
-0.232228
-0.953214
0.312946
0.729067
0.144976
0.185186
0.398356
0.204677
0.465156
-0.898372
-1.322340
-0.556995
0.373172
0.941820
-1.173038
0.462493
-0.950899
0.295891
0.620401
0.440105
-0.541894
1.726571
-1.254472
0.396361
0.423191
-1.072129
-1.310675
0.249180
-0.828368
0.180600
0.710079
-0.238855
-0.983365
0.097808
-0.610619
2.130608
-0.018241
0.793980
0.183735
0.332307
1.181803
0.412881
0.154766
0.647561
0.100927
0.581349
-1.428989
0.693493
0.393059
0.100337
0.673147
0.172726
0.751784
0.110555
0.271186
-0.868530
0.595589
0.749500
0.568209
-0.674448
-1.056565
0.044284
-0.650478
-1.436426
-0.050519
0.662129
-1.096087
0.152414
0.423482
0.409108
-1.144569
0.147463
-0.050885
-0.153273
0.631034
-1.074144
0.244909
0.016958
0.130073
-0.734077
-0.873381
0.583652
0.553341
-0.122632
-0.950619
0.567366
0.618416
0.232344
1.157793
0.650785
0.285157
-0.441005
0.340061
1.253528
-0.108490
-1.432993
0.219819
-0.083050
0.955829
0.190393
0.787136
0.786148
1.985208
0.402116
2.011967
-0.715024
0.468361
0.632052
0.011704
0.095190
-0.112274
-0.116771
0.395052
0.265839
0.538972
0.705483
1.081375
0.570506
0.276376
0.265126
-1.704774
0.184835
-0.969960
1.181136
-1.119196
0.129663
0.273605
1.214329
