-0.620249
1.951303
-1.620755
1.570796
2.070143
-0.197396
-1.480136
1.249046
-1.152572
-1.107149
3.096169
-1.325818
0.927295
2.191046
-0.950547
-1.951303
0.321751
-0.718830
-2.083186
-0.174672
1.856848
-2.488746
-1.019141
-3.064821
2.432966
-0.785398
1.446441
3.141593
-2.804918
1.768192
-0.148890
-1.012197
-1.405648
-1.687905
1.339706
2.835714
-2.701750
-0.588003
2.770701
2.034444
2.010639
2.480549
1.997424
1.438245
0.058756
-0.785398
-0.132552
1.373401
-0.055499
-2.944197
0.358771
-1.626295
1.292497
0.000000
2.782822
-0.741947
-0.665969
0.982794
-1.570796
1.385448
-1.421906
2.158799
0.302885
-0.694738
0.982794
1.570796
-0.426627
-1.292497
-2.677945
0.244979
0.960070
-3.098142
-2.642246
-2.530867
1.158386
1.929567
1.703348
0.197396
2.961739
2.601173
-1.975688
-1.570796
0.540420
1.499489
-0.950547
-1.363300
1.778293
2.158799
2.622447
3.141593
0.000000
-0.745419
0.785398
1.735945
-1.828120
1.570796
-0.628796
-2.245537
-2.010639
-1.012197
-2.191046
-2.158799
-2.356194
2.729182
0.358771
-0.682317
1.695151
2.439336
2.539305
-0.825377
2.761086
2.992703
2.214297
-2.245537
-1.876675
-2.498092
1.385448
-2.961739
-1.570796
2.736701
-0.278300
-2.185459
-2.896614
2.863293
-3.009041
0.244979
-2.256526
2.142134
-1.815775
-2.057696
1.892547
-0.439843
-1.520838
1.373401
1.180189
-0.110657
0.000000
1.373401
0.218669
-0.982794
2.034444
0.197396
-0.828849
-2.729182
-2.236766
2.863293
2.111216
-0.321751
0.165149
-2.976444
1.107149
-2.601173
0.632749
1.723446
2.999696
0.260602
2.432966
-0.620249
1.983207
1.071450
0.244979
-1.172274
2.521343
-1.080839
1.735945
-1.570796
0.380506
0.298499
1.190290
0.632749
-3.050933
-0.083141
1.352127
-2.582993
3.050933
-1.058407
0.785398
0.062419
-0.298499
-0.785398
-1.299849
-1.520838
0.000000
-3.091634
2.553590
-1.249046
-1.487655
0.348771
1.570796
-1.107149
0.665969
0.950547
-2.992703
-1.249046
-0.321751
1.570796
0.463648
3.089010
-2.083186
0.348771
-1.723446
1.039072
1.227772
-1.570796
-2.158799
0.605545
1.703348
1.841743
2.582993
-1.199905
-0.110657
0.117109
-0.588003
-2.788602
-1.165905
-1.339706
-1.965587
-1.629552
-0.927295
2.802300
-1.989021
-2.356194
2.521343
-1.337053
-0.551655
-0.197396
-1.107149
1.190290
-1.147942
-0.674741
-1.712693
-0.380506
-2.303611
0.745419
0.868539
2.863293
-0.876058
2.279423
-0.436627
-3.082837
0.828849
2.356194
1.022247
-2.432966
-2.553590
-2.403778
2.714965
-0.463648
-0.463648
2.677945
0.141897
2.593043
-1.642104
-1.165905
-0.915101
-2.129396
0.231091
0.000000
0.132552
1.941688
0.412410
-2.593043
1.107149
-1.570796
-0.519146
-1.339706
-2.089942
1.373401
-1.768192
-2.356194
-2.870646
-2.819842
-2.910502
0.927295
-1.051650
2.677945
2.427502
3.141593
-1.325818
-0.321751
-2.609869
2.582993
-2.553590
-2.567288
2.999696
0.661043
-0.862170
0.165149
-0.244979
-0.999459
-0.185348
0.390607
0.165149
0.000000
-2.181522
2.265535
1.892547
-1.051650
-1.465919
0.302885
-1.614247
-1.058407
-2.259721
-2.158799
0.950547
1.299849
-1.325818
1.212026
0.519146
-2.746802
0.083141
-0.927295
1.626295
0.708626
2.976444
0.321751
1.428899
1.789465
2.863293
-0.278300
-0.298499
-0.058756
2.976444
3.141593
1.856848
0.302885
-1.249046
1.515298
-1.675673
2.226492
-2.297439
1.768192
1.515298
-2.459276
0.278300
0.000000
-2.408778
-2.034444
-2.034444
-1.212026
-2.819842
-0.321751
1.405648
-2.914794
0.000000
0.685730
3.141593
1.681454
2.782822
2.439336
0.982794
-0.110657
-1.570796
-0.380506
2.356194
-1.004067
0.868539
-1.249046
1.712693
2.158799
-1.768192
2.819842
0.540420
-2.582993
-1.385448
-2.802300
-0.917950
2.308611
-0.904827
0.321751
1.570796
-0.266252
-1.515298
2.966920
-0.950547
0.896055
0.540420
-2.007423
-1.687905
-0.605545
-1.570796
-2.539305
-0.665969
2.922924
-1.325818
-1.768192
0.132552
-1.512041
-2.191046
-0.620249
3.030935
-0.745419
-1.923787
-2.356194
3.017238
2.158799
0.694738
-1.951303
-2.835714
2.536048
0.055499
2.976444
0.226799
-2.279423
1.570796
-1.373401
0.343024
2.539305
-1.292497
-2.236766
-1.856848
-1.325818
0.231091
1.620755
-1.727398
1.190290
-2.466852
-0.531724
-2.498092
-0.380506
-2.013171
-2.034444
-1.460139
-1.937970
-1.284745
2.034444
-0.588003
-2.782822
1.719686
0.489957
1.910089
0.551655
-1.828120
-1.675673
-0.117109
-0.785398
-2.446854
2.158799
1.518213
2.622447
2.922924
1.520838
-0.965252
-2.516108
-1.681454
1.465919
0.463648
-0.062419
0.000000
-1.264917
1.570796
-0.927295
-0.404892
-2.651635
2.432966
0.904827
-1.107149
0.370891
-2.427502
-1.212026
0.463648
-1.892547
-2.642246
-2.651635
0.000000
3.070285
3.030935
-0.540420
-2.245537
1.929567
-3.079174
-1.570796
0.380506
1.107149
2.819842
1.626295
2.432966
-2.819842
-0.302885
3.141593
2.356194
-2.191046
2.677945
0.927295
-1.504228
3.141593
-0.945311
3.041924
-1.199905
0.463648
-1.961403
-0.868539
-1.071450
2.966920
-2.356194
-1.969319
1.107149
-0.394791
-1.012197
-0.868539
2.677945
-0.950547
-2.077895
1.515298
-3.089010
-2.015216
1.695151
1.929567
-2.245537
1.756144
-1.629552
-1.570796
-2.922924
-1.373401
-2.284887
-1.778293
1.570796
2.819842
0.197396
-0.404892
2.802300
-1.892547
1.231504
-2.870646
0.000000
-0.982794
3.141593
-1.428899
1.373401
-0.499347
0.244979
-1.661456
-0.896055
-1.304544
0.876058
-1.892547
0.694738
2.896614
0.197396
-1.080839
-1.873681
1.107149
0.000000
-1.681454
-0.152649
0.862170
-0.741947
-0.588003
-0.117109
3.141593
-0.244979
-0.244979
2.129396
0.071307
-0.165149
0.000000
3.050933
-1.373401
2.111216
0.965252
-1.570796
-0.463648
-0.512389
-0.339293
2.356194
-0.655696
2.203545
2.034444
-1.983207
0.358771
0.110657
2.439336
-1.768192
2.723368
-2.185459
2.408778
1.951303
0.982794
-1.107149
0.785398
-0.343024
-0.822418
-2.356194
0.231091
-0.566729
-2.506566
1.869295
1.428899
0.058756
-0.868539
-2.203545
-0.418224
-1.695151
0.117109
-3.030935
-2.446854
-2.466852
1.446441
-1.022247
-1.152572
-2.191046
-1.083897
-2.761086
2.819842
-2.119346
2.396173
3.141593
0.828849
-0.463648
-1.107149
2.992703
2.944197
1.012197
-0.862170
-2.802300
3.024484
0.321751
2.782822
-1.828120
-1.012197
2.819842
-1.107149
2.601173
-3.017238
-1.310194
-2.609869
1.130954
2.111216
0.828849
-1.892547
-0.380506
2.723368
2.399645
-2.761086
-1.058407
0.915101
0.000000
-2.498092
-1.570796
0.832981
-1.512041
3.036716
0.358771
-1.063698
0.960070
-2.446854
1.272297
0.828849
-1.373401
-1.292497
-2.191046
2.414950
2.601173
2.677945
-1.695151
-1.465919
-0.999459
-1.339706
1.626295
-2.896614
-2.356194
-1.292497
-0.165149
2.034444
0.741947
-0.745419
-2.677945
-3.030935
2.498092
-1.190290
0.000000
-2.111216
-0.745419
1.414194
1.768192
-0.726642
-0.904827
-2.553590
1.180189
1.051650
-0.231091
-3.017238
2.158799
2.875341
-2.034444
2.226492
-0.674741
-0.785398
-2.089942
-1.176005
