2.396173
2.508844
1.310194
-2.176341
-0.484478
-1.310194
-2.565217
-2.508844
1.508378
2.137526
0.685730
1.989021
-2.966920
2.057696
2.506566
-2.475623
-2.077895
1.007480
0.531724
-3.089010
1.310194
-0.605545
-1.152572
-1.446441
3.058451
1.373401
-1.719686
0.257324
2.526930
1.206817
-0.600050
0.982794
0.665969
-0.785398
-2.145101
0.000000
-0.129703
2.961739
2.896614
2.134113
3.141593
-0.643501
1.642104
-2.034444
-2.677945
2.777614
-0.588003
-1.398606
0.785398
1.712693
-2.203545
0.463648
-2.437099
-1.778293
1.037088
-0.785398
-1.985303
1.076855
0.493941
-1.074374
2.356194
0.531724
0.058756
-1.703348
-1.878849
3.141593
0.938047
-1.789465
-0.055499
0.688924
-0.540420
3.141593
-1.304544
2.788602
-2.414950
-0.321751
0.165149
2.855541
-1.706324
3.061763
-0.339293
-2.536048
1.618379
2.984991
0.148890
1.570796
-2.466852
-2.390664
1.107149
0.950547
0.643501
2.466852
-0.680521
3.046641
-2.976444
-2.701750
2.833540
0.912908
0.643501
0.982794
0.117109
-0.632749
2.896614
3.050933
1.190290
-0.822418
-1.313473
-1.878849
0.244979
1.759018
2.214297
1.760785
-2.245537
2.485897
-2.297439
-0.223477
-0.055499
-1.134169
0.165149
-0.507099
-1.051650
0.174672
-0.832981
2.466852
1.910089
1.892547
-2.196281
-2.896614
-2.570255
1.951303
1.107149
2.857799
2.516108
-2.718739
-1.665748
1.665748
-2.498092
0.218669
1.030377
0.938047
0.888480
-2.221873
-1.267911
1.815775
2.651635
1.637364
1.735945
2.792822
-0.463648
-1.217806
-1.475845
-1.042722
-0.588003
3.089010
-2.570255
0.000000
0.380506
-0.058756
2.806856
3.061763
2.736701
1.130954
0.124355
0.915101
-2.870646
-1.768192
-0.837981
1.315614
-0.896055
-2.753274
-0.489957
-2.870646
2.835714
-0.519146
-0.748378
0.748378
-0.748378
2.631104
0.390607
2.142134
0.270947
-1.299849
-1.969319
-2.158799
1.313473
0.286051
2.134113
-0.321751
0.132552
0.099669
1.729452
-0.358771
0.745419
-2.446854
-1.934775
-0.917950
-1.892547
-1.158386
-0.041643
-1.428899
-0.141897
2.390664
0.255182
-2.356194
-1.083897
-1.828120
1.385448
1.670465
-0.412410
0.124355
-1.804540
-1.352127
-0.574305
-2.498092
-1.941688
-0.288055
-1.723446
-0.305879
2.951604
-2.158799
-1.373401
-2.526930
2.275290
2.236766
-2.145101
1.856848
-2.896614
2.158799
2.838708
0.718830
2.761086
-2.918116
0.135528
0.278300
1.965587
-2.701750
-2.718739
-3.017238
-0.372988
-3.011890
-2.196281
0.000000
-0.600050
2.654693
-1.934775
1.695151
2.432966
2.223643
1.975688
1.499489
1.428899
0.540420
-3.041924
2.034444
1.337053
2.802300
2.386488
0.090660
2.609869
-1.508378
0.257324
-1.530818
0.463648
-2.750986
1.264917
1.428899
-1.158386
-0.554307
2.930499
-2.147172
-3.086094
0.090660
-0.685730
2.936197
-2.855541
0.915101
-2.129396
-1.067953
0.574305
1.199905
2.961739
-0.174672
-0.722979
2.914794
2.356194
1.076855
-1.837048
-0.233743
0.726642
-0.124355
-0.540420
1.337053
1.789465
-1.831399
2.638749
2.988943
0.000000
-2.191046
-2.677945
-2.083186
-1.304544
-0.643501
0.270947
-0.822418
0.602287
-2.480549
0.049958
1.128422
1.518213
-2.245537
0.244979
1.071450
-1.446441
-0.404892
1.080839
2.833540
-1.913820
3.079174
3.094010
0.785398
-2.181522
2.530867
-2.134113
-1.841743
1.004067
0.436627
-0.156602
2.966920
1.951303
-2.570255
-2.567288
-0.785398
2.452668
-1.570796
-2.750986
2.999696
2.870646
2.388441
3.041924
1.030377
0.748378
-1.983207
-2.137526
2.570255
-1.190290
-1.325818
0.563316
0.785398
2.111216
0.927295
-1.620755
0.463648
-1.919567
3.099950
-2.057696
-0.688924
0.554307
-2.944197
-1.570796
-2.638749
1.951303
0.685730
-2.089942
-1.217806
0.702257
1.107149
1.438245
-1.843805
-1.934775
2.226492
-2.736701
0.588003
0.000000
1.969319
-0.062419
-1.156289
-0.732815
-1.051650
0.881872
0.885067
-0.837981
0.000000
1.892547
-0.945311
-0.165149
-1.626295
1.446441
0.380506
-2.880990
0.000000
-1.428899
-0.207496
1.030377
2.582993
-2.455863
1.051650
0.655696
-2.185459
-0.635027
-0.714091
-1.339706
2.455863
-1.642104
1.421906
-2.770701
2.327631
-0.129703
-1.687905
-1.675673
3.141593
1.768192
0.124355
1.941688
1.405648
2.593043
0.566729
2.111216
-0.463648
-2.944197
1.007480
-0.141897
2.007423
-0.129703
1.745469
-1.997424
-1.687905
0.207496
0.737815
3.141593
1.570796
2.388441
3.141593
0.632749
2.896614
-0.135528
0.205395
0.635027
-0.179853
2.796037
0.270947
-1.203622
-2.622447
-2.806856
-2.627141
-2.129396
-0.404892
1.657535
2.582993
-0.058756
0.785398
0.856706
-1.107149
-0.489957
2.553590
-1.515298
-1.841743
-2.629203
1.130954
-1.650626
1.484058
-0.045423
-0.188222
-1.570796
2.982937
-0.370891
-1.051650
-0.291457
1.339706
-2.034444
-3.075024
-1.264917
-1.337053
-1.527345
2.083186
3.141593
-1.727398
0.832981
-2.966920
2.393215
-0.685730
-0.718830
-0.668289
-2.323948
-0.094952
1.107149
-2.437099
2.870646
0.512389
0.574305
0.999459
1.231504
-0.489957
-1.158386
-0.558599
2.506566
1.512041
-1.997424
-2.582993
-2.176341
0.463648
-0.888480
-2.863293
0.207496
2.896614
0.418224
0.486899
0.950547
1.042722
-1.475845
-0.148890
2.176341
0.528074
-0.825377
-1.496857
-0.729900
0.982794
-1.504228
-0.094952
-1.206817
0.531724
-2.701750
-0.117109
-2.634494
1.222025
1.661456
2.034444
2.089942
-0.418224
-2.158799
2.567288
-1.828120
0.148890
0.110657
0.141897
1.231504
2.589938
1.508378
2.111216
0.785398
2.117585
1.471128
-0.605545
0.094952
1.825979
-3.064821
2.910502
1.310194
-0.305879
2.838708
0.135528
2.256526
1.687905
2.638749
0.665969
-2.976444
-2.622447
1.530818
-1.570796
-0.352990
2.922924
-1.046001
-1.841743
-1.398606
-2.609869
2.896614
0.999459
0.398522
-0.588003
-1.190290
3.030935
1.138389
-2.083186
-2.356194
1.107149
2.516108
0.000000
-2.896614
-2.057696
0.302885
0.489957
2.896614
-1.249046
-1.907471
0.881872
-1.287002
1.004067
1.616220
-2.743070
-3.079174
0.965252
0.235545
-0.172191
0.548549
-0.308053
0.286051
-0.512389
-2.485897
-2.308611
-2.316216
0.260602
1.919567
-0.442374
-2.850136
-0.047583
-1.570796
-1.455920
1.310194
2.034444
3.141593
0.493941
0.950547
-1.997424
-0.211093
0.000000
-0.685730
0.896055
-2.607884
1.518213
-1.325818
0.422854
2.321725
0.000000
-2.657115
-1.910089
-2.601173
1.723446
-1.058407
2.095592
-2.498092
1.130954
-1.313473
-1.700499
-0.390607
-1.907471
1.475845
-1.373401
2.802300
-0.722979
1.629552
0.278300
1.570796
1.030377
-2.356194
1.904041
-1.475845
1.508378
-0.390607
-2.119346
1.249046
1.801887
-0.207496
-3.041924
1.969319
-1.165905
-2.654693
2.122451
-1.231504
2.083186
2.158799
-2.699218
-0.699893
-2.393215
0.620249
0.694738
-2.999696
-2.593043
0.652847
-1.959115
-0.270947
0.832981
-1.418147
3.024484
-0.244979
-0.769006
-2.057696
2.809533
1.789465
-0.528074
-2.609869
1.152572
-0.062419
1.570796
1.941688
-0.741947
2.609869
2.226492
-2.994514
2.122451
-1.249046
1.107149
