2.235571
2.424581
1.152572
-2.174026
-0.540420
-1.471128
-2.307054
-3.002497
1.499489
1.764418
0.593750
1.999060
-2.982937
1.939492
2.537287
-2.564400
-2.233526
1.190290
0.767856
9.406262
1.125495
-0.412410
-1.053764
-1.304544
2.105192
1.377585
-1.590025
0.206324
2.342862
1.279340
-0.396441
0.755104
0.785398
-0.816638
-2.164546
-0.149812
-0.074860
3.061763
2.437099
2.222665
2.999696
-0.722979
0.902507
-1.912412
-8.747070
2.707639
-0.513606
-1.405648
0.620249
1.913820
-2.516957
0.361204
-8.610816
-1.717875
1.226149
-0.472122
-8.338460
1.051650
0.446842
-1.075245
2.034444
0.526627
0.133811
-1.806341
-1.899349
3.106519
0.931410
-1.732634
0.044415
0.799482
-0.702257
2.930499
-7.624077
2.910502
-2.547843
-0.380506
-0.291457
2.843094
-1.514253
2.766322
-0.059928
2.860755
1.678486
2.988943
0.086738
1.707199
-2.610819
-2.283857
1.115696
0.972377
0.697391
2.174026
-0.716542
9.288375
-2.914794
-2.729182
2.877104
1.025141
0.764993
1.065506
-0.295441
-0.772412
2.463884
-3.121987
1.058407
-0.684295
-1.705118
-1.764008
0.713061
1.892547
2.580429
1.645656
-2.612003
2.369181
-2.312744
-0.206324
-0.094952
-1.097890
-0.455774
-0.266252
-0.867183
0.186979
-0.946161
2.300696
2.071810
2.052460
-2.104505
-2.901422
-2.802300
2.137526
0.756835
2.887225
2.570255
-3.005190
-7.853982
7.665760
-2.702733
-0.020830
0.842479
0.942000
-0.124355
-2.268699
-1.107149
1.910089
2.329885
1.396124
1.867861
2.151553
-0.749269
-1.054101
-1.550799
-1.820383
-0.669043
9.215138
-2.576443
-0.054002
0.370891
0.035699
2.896614
9.447501
2.688814
1.171281
0.334737
0.772741
-3.122727
-1.706324
-0.817645
1.169568
-0.999459
-8.908547
-0.543832
-2.844528
2.547843
-0.745419
-0.772412
0.715092
-0.651869
2.466852
0.554307
2.057696
0.287281
-1.284745
-1.750650
-2.356194
1.331053
0.348771
1.647568
-0.390607
-0.019605
6.528164
1.892547
-0.512389
0.785398
-2.856862
-1.796073
-1.057190
-8.212752
-1.089909
0.000000
-7.787413
-0.321751
1.965587
0.474400
-2.214297
-1.096945
-1.789465
-0.189199
1.668523
-0.084902
-0.472497
-1.723446
-1.330625
-0.731397
-2.749893
-1.904741
-0.915101
-2.179960
-0.172191
3.228331
-2.255091
-1.730148
-2.756988
2.303611
2.202487
-2.179960
1.704607
2.812543
1.916352
1.685673
0.970746
2.485897
-3.060141
0.181649
-0.367174
1.709892
-2.761086
-2.669471
-3.121187
-0.380506
-9.285682
-2.142134
-0.770906
-0.489957
2.584993
-7.948933
1.546991
-0.110657
2.111216
1.649067
1.535097
1.467004
0.463648
-2.956245
1.885028
1.413028
2.642246
2.466852
-0.089050
2.559240
-1.377174
0.635027
-1.633215
0.022219
2.844528
1.197809
1.396124
-1.107149
-0.472907
8.936942
-2.135946
9.372195
-0.251690
-0.771700
2.782822
-2.855541
0.982794
-1.958320
-0.927295
0.228103
1.193887
9.277700
-0.021736
-0.608689
2.082027
1.732171
1.010109
-2.080389
-0.321751
0.785398
-0.785398
5.819538
1.462526
2.054243
-2.061960
2.430134
2.767866
0.090660
-2.233526
-2.812543
-2.068619
-1.455037
-0.481664
0.250443
-0.955176
0.770015
-2.400941
0.023252
1.116077
1.768192
-2.999696
0.178093
0.743170
-1.365401
-0.415492
1.063698
2.753274
-1.843805
2.999696
9.309901
0.800782
-3.041924
8.836775
-2.059649
-1.959115
0.873775
0.473851
0.161375
2.703801
2.444571
-2.607884
-2.369892
-0.488334
2.341270
-1.604117
-2.660705
9.362359
2.516957
8.622432
3.115283
1.231504
1.056345
-1.962496
-1.969319
2.539305
-0.927295
-1.343997
6.853226
0.813962
1.685673
0.114877
-1.484058
0.523919
-1.745469
2.726101
-2.147989
-0.588003
0.704494
-2.837592
-1.434394
-2.532429
2.025098
0.540420
-1.961403
-1.266795
0.771700
1.000756
0.689800
-1.712693
-2.171870
1.932000
-2.914794
0.711459
-0.197396
2.061960
-0.315215
-1.325818
-0.965252
-0.945311
1.075245
0.384605
-1.590025
6.308821
1.656791
-1.010109
-0.244979
-1.655698
1.515298
0.244979
-2.933127
-0.593350
-1.849096
-0.022723
7.023837
2.498092
-2.985998
1.190290
-0.126973
-2.411693
-0.728855
-0.702257
-1.801887
2.686492
-2.143256
1.349968
-2.756988
2.414950
-0.165149
-2.042574
-1.849096
9.060799
1.416478
-0.455451
1.986861
0.826471
2.430683
0.622671
2.226492
-0.138640
-9.096658
1.145964
0.147849
1.457645
-0.348771
1.590794
-1.784857
-1.591627
0.208465
1.065506
3.087591
1.266795
2.340811
3.310190
0.691921
2.716760
0.197396
0.393058
0.674741
-6.766632
2.835714
0.135528
-1.183273
-2.789548
-2.857799
-9.103027
-2.214297
-0.308053
1.306833
2.386488
0.124355
7.101904
7.325907
-1.116077
-0.785398
2.424581
-1.321209
-1.590025
-2.451793
1.144169
-1.718646
1.657535
0.233743
0.083141
-1.672485
2.944197
-0.576375
-1.420984
-0.251003
1.249046
-2.614965
9.443644
-1.462526
-1.443824
-1.517276
2.221873
9.503049
-1.745469
0.916226
-3.180788
2.341703
-1.339706
-0.622671
-0.501604
-2.430134
-0.062419
0.885067
-8.658245
2.687749
0.577192
0.628796
1.136843
1.147942
-0.577902
-0.953041
-2.677945
2.510513
1.776192
-2.013171
-2.677945
-2.034444
0.383818
-0.771315
-2.813854
0.635027
9.285682
0.300171
0.432408
0.785398
1.061725
-1.385448
-0.115759
2.142134
0.035699
-0.726642
-1.522054
-0.588003
1.410034
-1.267911
0.062419
-1.148791
0.664774
-3.162423
-0.338324
-2.419401
1.206817
1.118018
1.892547
2.204819
-0.446106
-2.506566
2.787595
-1.849096
0.321751
0.178093
0.178093
1.279340
1.764418
1.405648
1.951303
1.030377
2.124091
1.478467
-0.668289
-1.121037
2.013171
2.831890
2.961739
0.967566
-0.211093
2.767866
0.066568
1.911178
1.674589
8.816089
0.492486
2.901422
-2.518922
1.804540
-2.381830
-0.436627
2.918932
-1.017502
-1.856848
-1.373401
-2.660705
2.927532
0.883672
0.547562
-0.658806
-1.141034
2.502207
0.923404
-2.009656
-2.251318
1.297788
2.667193
-0.635027
-2.702733
-1.874797
0.463648
0.605545
2.559240
-1.443824
-1.886767
1.127348
-1.299849
0.593350
1.657535
-2.658146
9.227382
0.566729
-0.048742
0.158655
0.702257
-0.903490
0.489957
-0.281232
-2.432966
-2.670133
-2.463473
0.288055
1.635223
-0.444419
-2.743965
0.181649
-1.747505
-1.727398
1.097890
1.947287
3.219864
0.609163
0.977446
-2.206635
-0.356620
0.084902
-0.731397
0.830144
-9.480276
1.473069
-1.158386
0.483447
2.193467
-0.084902
-2.746802
-2.255091
-2.587285
1.822486
-1.107149
2.004750
-3.233922
1.125495
-1.174355
-1.700499
-0.353997
-2.034444
1.369034
-8.539711
2.959944
-0.647811
1.607816
0.643501
1.549523
7.125127
-2.490516
1.917335
-1.412141
1.480136
-0.043451
-2.191046
1.316428
2.025516
-0.090660
-3.075024
2.089942
-0.999459
-2.959944
2.000559
-1.431700
2.328424
2.253113
-2.826378
-1.428899
-2.920764
0.785398
0.729900
2.877104
-2.383215
0.739277
-1.892547
-0.289504
0.827627
-1.954614
2.929161
-0.019997
-0.622032
-1.958320
2.622447
1.849096
-0.876058
-2.221873
0.562498
-0.065125
0.744325
1.339706
-0.759088
2.490516
2.169972
-3.229600
2.210182
-1.056345
1.044169
