0.135528
2.604308
-2.640579
-3.627215
-0.110657
-3.014620
2.706239
1.473069
-3.638015
-1.159732
1.892547
-2.250210
-0.420663
-3.579929
0.813169
0.634023
0.429762
-2.826378
9.463221
0.099669
2.825622
0.750929
1.152572
-1.509648
-2.426501
0.220829
-4.222432
-2.014245
-0.126973
0.165149
-3.419892
1.171281
-2.167973
-1.314645
-1.223735
-4.570492
-1.912412
-2.627141
1.307802
-0.168207
-2.723368
-0.671144
-1.495936
-2.425051
0.800782
0.047583
0.674741
2.214297
-2.560836
-1.781890
0.260602
-1.075663
-3.736352
1.801887
2.387434
-2.328424
3.370825
-0.513606
-1.180189
-2.999696
-0.333945
2.616797
-1.881795
0.625485
-2.987274
-0.922985
1.951303
-2.393215
5.574559
2.068619
-2.179486
0.450661
-2.085248
-0.429762
1.270625
2.398423
1.352127
0.519146
1.095786
0.955176
-1.439481
-1.135443
1.528269
-0.463648
-0.454719
0.824340
2.458401
0.798731
1.989021
-0.128323
0.208465
3.277995
-2.325901
-2.650429
-4.056693
0.521834
3.064821
-1.124691
-2.826835
-1.635921
-4.712389
-2.431054
-0.995372
1.275355
0.099669
-1.017955
-1.499489
-2.910502
0.931410
9.319901
-3.723498
-0.066568
2.907849
-2.694073
2.523837
-0.451453
2.766322
0.625485
9.349449
-0.839400
-2.080389
1.154732
0.785398
1.750650
-2.396173
1.199905
1.504228
-0.580756
-1.381597
-3.755363
0.771700
-2.993743
0.281772
1.643837
1.720609
8.317629
-9.001924
-1.037088
1.942864
1.947287
-1.698306
-1.058407
-1.019141
2.152177
1.337053
9.175191
2.342497
0.864597
-1.172274
2.391894
-0.549853
-0.315616
2.647651
-0.588003
0.851966
0.062419
-0.876058
2.475623
-1.506369
0.800782
-0.808650
2.242759
9.370287
2.061960
-0.244979
2.954613
0.631691
2.051684
0.588003
0.097253
-0.731397
-0.346539
1.626295
-1.768192
-0.655696
-2.233526
-1.707199
2.338652
2.801211
-0.530216
-2.746802
-1.308676
-2.713329
-2.711830
2.089942
8.122348
1.116494
-3.453635
-1.570796
1.715609
1.419781
-3.879408
1.846222
1.700499
1.995628
3.270503
-0.999459
1.422947
-1.494024
-1.024007
-1.190290
-2.384758
1.337053
-2.782822
-1.849096
-1.797595
-2.122451
-5.615879
2.451793
2.534605
-2.310073
-2.907849
0.739975
1.154732
0.770474
0.408908
-4.553734
2.782822
-0.588003
1.639653
-0.389317
-1.739393
-9.658521
-0.463648
3.183235
-3.513660
-1.825979
0.821097
2.052460
9.350839
-2.570255
-1.687905
0.955176
-1.260409
1.214577
-0.785398
-2.179960
-1.256564
-1.473069
-2.370278
-0.216550
3.200348
-2.121182
0.189199
0.521834
1.441094
2.844528
0.669639
-2.935269
2.205823
-0.755995
-2.117585
-2.204819
-2.276365
3.121595
2.135946
2.743070
-2.756435
-2.421039
-0.346539
-0.335639
-2.010639
-2.736701
-1.910089
-1.239700
-0.437791
2.045807
-3.972414
0.278300
2.697173
0.138006
-0.463648
-1.178456
0.582353
0.332059
-0.260602
-2.706239
2.202487
2.884269
-1.277609
-1.604117
-5.550370
-2.796037
-0.451453
-2.753274
0.717012
0.000000
2.414950
-1.446441
2.153149
1.631944
-2.369892
-0.432408
2.342862
2.107707
-3.045119
-3.177292
0.335639
2.265535
-0.661043
0.197396
-1.297788
0.047583
2.777614
2.184566
1.570796
-0.501013
-1.629552
-8.977258
2.612003
-1.932000
-1.970312
-0.481664
-1.835285
3.183235
-1.494024
1.831399
1.735945
-1.118018
-0.691337
0.486899
0.593750
2.408778
1.331053
-1.390943
-1.200890
-0.958259
-0.043451
-2.074423
1.570796
2.934096
2.195432
0.862170
2.901058
-0.072599
-2.650429
-2.646041
1.815775
-3.660739
0.463648
-1.495936
0.436627
0.842479
-2.772259
3.041924
1.416478
-1.019141
-0.165149
1.410883
-0.394791
0.042528
1.937970
1.826948
1.279340
0.407632
-2.329885
-2.073640
-2.070143
0.755995
1.712693
-2.372066
-10.012781
-3.836331
-2.020556
-1.249046
1.181480
-0.767218
2.935269
-1.892547
-2.887919
1.359703
-1.107149
0.204642
2.397267
-2.508844
-1.044730
1.614247
-2.214297
1.287002
-0.588003
-0.785398
0.256151
-2.642246
-0.605545
0.540420
1.222025
0.367174
-2.819842
-0.489957
0.424832
1.114191
-3.965932
-2.158799
-1.756144
2.622447
-2.604682
-0.671144
-2.312744
-3.171886
-2.356194
-0.577902
-2.019520
0.141897
2.120171
-0.192701
-0.189988
2.785373
-4.601732
0.294235
-2.650429
1.338692
1.984486
-0.209640
-0.260602
1.783735
-2.741352
-2.396173
1.951303
-2.275290
0.369906
-0.404892
-2.677945
1.794273
-1.306308
-3.141593
1.969319
-2.446854
-1.929567
-4.540198
-1.302886
0.620249
-1.553557
2.297439
-1.570796
0.260602
-0.851966
-3.061763
-0.189988
-2.015216
-1.661456
2.311448
6.004886
3.005190
3.781362
-3.622480
-0.594214
2.140837
-0.915101
1.373401
-0.529590
-2.944197
3.045734
-2.385598
-1.683947
-2.772897
-0.785398
0.682317
-0.706614
-1.142532
-2.263131
0.424832
1.910089
-0.334737
-1.965587
1.363300
-1.967238
-1.309083
0.570040
2.869447
2.767866
1.672485
-0.340382
-9.044272
1.954966
-0.368696
0.385883
5.300392
-1.620755
-0.039979
-0.853785
0.501013
-2.651635
-1.408959
-1.168475
2.214297
1.735945
2.158799
-8.961130
2.446854
2.466852
2.327631
-2.116451
3.290483
1.670465
-1.086318
0.336675
1.180189
3.210449
0.257324
1.266795
-7.390334
-3.079174
-1.978945
-2.356194
-3.714052
-2.756988
-0.132552
2.283154
-0.828849
0.281232
1.310194
-0.165149
0.509071
-1.910089
1.044730
-2.937575
0.990794
1.656302
2.723368
-1.802900
-3.009041
-1.158386
-1.304544
2.686142
-3.750756
1.878849
-0.927295
-2.927532
-2.193996
-0.302885
1.477320
-0.096474
-3.100799
-2.508844
-2.241940
-1.010109
-3.840252
-1.729452
0.337878
-0.844154
2.061960
-1.892547
-0.568105
2.383965
-0.565149
-0.548549
0.426627
-2.502207
-2.025516
1.606495
0.726642
-1.570796
-0.154319
-1.777120
-3.058451
1.544487
7.674128
-2.111216
-2.410686
2.071810
2.034444
-0.771700
2.996780
-1.702112
0.878462
0.369334
-0.372988
-1.408959
0.183943
-1.732171
-3.141593
2.164546
-2.396173
0.758378
-3.228331
0.821097
-0.380506
-0.216085
-8.734332
-1.485895
-4.248741
-2.891614
-2.741352
-0.391700
-4.031868
-2.070143
-1.380157
-0.168597
1.551568
-4.570492
-1.570796
2.584993
-1.356736
-0.654571
-1.063698
-0.694738
0.876058
-0.404892
-0.499347
-2.686873
-0.523919
1.929567
1.168926
-1.115696
-1.277609
2.262133
0.681298
-3.761842
1.570796
2.430134
-2.310771
2.060754
1.249046
0.999459
-0.463648
-1.116952
2.647651
-1.873681
-1.237552
2.553590
-0.264488
-0.737815
2.877104
-0.083141
-1.234122
-0.148890
-0.078271
-1.763497
1.512041
1.249046
2.435394
-2.107707
-0.314758
2.643770
-2.164546
-0.345556
-0.561163
-3.667659
2.225367
-2.976444
-1.570796
0.215358
-1.295370
-2.484518
-0.150371
3.077849
1.385448
0.226799
-0.876058
2.111216
2.882261
-4.222432
-1.846222
-1.269177
1.937970
-2.315122
2.064738
-0.356620
-0.390607
-4.451787
-2.122451
2.146221
-0.043451
0.982794
0.718830
-3.060141
-0.076772
1.485895
0.269849
-0.024385
-2.526930
-2.289626
2.127396
1.739003
0.588003
-0.551655
-0.161375
-2.356194
0.024385
2.022249
-4.205290
-1.647568
-1.473543
-9.019886
-1.919567
2.953371
-0.654083
-2.891614
-2.969402
-0.437791
