3.071938
-2.204429
-2.742077
-0.022723
1.090621
0.287281
-1.030377
0.729900
0.000000
0.368696
-2.044152
-0.501013
-2.202487
-1.012197
1.158386
2.403778
-2.963500
2.242402
2.606638
-1.570796
-1.154732
2.275908
1.122651
2.135946
-2.111216
-0.283794
0.845930
-2.320915
1.944523
-0.576375
2.858497
-2.329885
0.866302
0.236849
-0.019997
2.228685
-0.022723
2.543834
-0.734594
0.593350
-0.681298
1.589662
-0.537285
-0.526627
1.815775
2.182949
9.406598
-2.404936
-1.800028
-1.787347
-1.340892
-2.122451
-1.887366
0.913721
3.021484
-3.004526
-1.295370
-1.533078
-2.087491
-0.300171
-2.952394
0.785398
-0.988443
0.648332
-1.849096
2.041690
-2.540138
1.606495
-2.723368
-1.844456
-3.080444
-1.006713
-0.674741
1.963854
-0.183111
2.210566
0.261714
0.039196
0.094952
2.748535
-1.978428
2.746802
-0.735440
-2.070143
0.141897
0.000000
-0.103082
2.307054
-2.685244
-1.414194
-2.064738
1.444204
3.300248
0.671606
0.463648
0.057628
-0.860258
0.448723
-2.176341
-2.034444
2.196281
0.103082
1.864385
0.982794
0.483447
2.197058
-0.937163
2.830594
-2.097740
1.352127
0.536911
-3.141593
-1.725793
1.279340
-1.002272
-1.157107
-0.495552
1.214577
0.906022
-0.581905
1.471128
2.529055
2.421039
-1.735945
2.044152
-1.983207
-0.987720
-2.125104
0.876058
9.244924
2.558516
-0.412410
0.170735
-0.722979
-0.250443
3.124353
-2.922924
-2.976444
1.382575
-2.273053
-3.125201
3.076113
1.906435
-2.904218
1.672485
-2.919511
-1.892547
0.568105
9.163064
-0.953041
1.789465
-1.286066
0.021736
2.279423
-0.865685
-2.536048
-1.099336
1.243396
2.275908
1.982253
1.392703
0.939106
-1.099336
-1.959115
-2.819842
-0.262995
1.971037
-0.594214
-0.726642
-2.083186
1.277207
1.919567
-1.217806
2.452668
-2.214297
-0.532844
-0.073041
0.802346
0.048742
-1.959115
0.927295
1.012197
-1.425984
-1.160669
1.820775
-1.075245
-1.937970
1.464812
0.906750
-2.622447
-1.869295
-0.899190
-1.249046
-1.764755
2.768605
-2.580906
0.479519
-3.141593
0.158655
9.238291
-0.647811
2.178598
2.622447
-1.785612
-2.169972
0.769526
1.838707
0.000000
-2.054575
-2.434978
0.398522
-0.656702
0.940395
-0.043451
-2.687291
1.259798
-2.648756
-2.287808
-0.750929
-0.481664
-1.922841
0.183943
-3.019397
2.801211
-1.453688
-2.620158
2.579095
0.866302
-1.196463
0.225277
-2.761086
-2.177401
1.650626
-1.312544
2.402673
-2.734622
-0.373727
-1.695151
-2.728262
-0.124355
-2.819842
-0.278300
-0.992894
-2.234842
3.141593
-2.579095
-2.182949
0.495133
-0.577192
2.563691
0.909753
2.610819
-0.439843
-0.536911
-0.950547
1.730148
2.961739
-2.645170
-3.176666
-1.833791
9.282881
-2.734622
-0.131315
0.564084
-2.709185
1.012197
-2.235571
-2.098871
1.905533
-0.228497
1.476735
-2.016902
-0.075329
-2.900746
-0.973620
2.511559
-2.300074
-0.354706
1.712693
-0.594214
-2.498092
2.645170
0.864597
1.163165
2.819842
-0.977446
-0.809784
1.715609
9.155610
-0.234723
-0.632749
0.071307
-1.400061
0.211093
0.572460
0.588003
-2.328424
1.932000
0.976583
-2.739272
1.080839
0.708626
-2.177401
1.917858
-0.770474
0.049958
-0.577902
-1.394857
-0.479519
2.798569
-1.872415
3.125201
0.097727
2.798569
-0.661043
-2.856475
2.958482
-1.536327
-1.858852
2.869447
0.059928
0.628796
-0.773904
-2.320066
2.940276
0.214815
3.057049
1.208252
2.984991
1.226149
0.588003
1.954966
-0.842479
-0.053520
2.691833
9.155610
1.034985
1.499489
2.356194
0.576375
1.871717
1.076855
-0.992272
0.250443
-1.193887
-2.165556
-0.463648
0.071307
2.607884
-2.630362
-2.113986
-2.403778
-1.304544
-0.471778
0.610726
-1.226578
2.176341
1.180189
-2.749893
-2.356194
-1.171281
0.978099
-3.050933
-2.597760
-1.732634
0.968509
-1.745469
0.075329
-1.145591
-2.034444
-0.368696
9.321696
-2.677945
0.426627
0.635027
-0.502843
-2.714965
-2.403778
-0.429762
-2.317253
2.001935
0.473356
-0.857735
2.700842
2.512796
-1.655340
1.116494
1.637364
1.389147
-2.970214
-0.017855
-2.203545
-3.232253
1.644735
3.241261
2.034444
2.386488
3.120762
2.218188
-0.755995
2.024640
2.281706
1.963854
2.103640
-0.416065
-0.034469
1.837048
-1.419421
-1.400061
2.659079
-2.927532
0.208465
0.845566
-0.214061
9.374820
-0.232104
1.753907
1.652248
-1.622474
0.244979
-1.033210
-2.466852
-0.099669
1.005647
-2.964884
0.834140
-2.472550
-0.043451
2.296026
-0.811708
2.926777
2.205823
2.114274
2.449671
-0.383528
-0.388319
0.212432
-0.606988
1.588338
-2.455863
1.994465
1.165905
-1.168475
-2.491171
-1.657535
1.087349
1.131937
2.896614
-2.850136
-2.163494
2.051684
-2.410196
-0.154319
0.304992
0.761013
0.799482
-1.825979
-2.089942
-0.643501
-0.710538
0.062419
-0.995372
-1.317122
-0.871604
0.188222
-0.909753
1.697769
0.053520
-2.594030
-2.563068
-0.853785
-2.921099
2.727086
0.293589
2.708011
-1.223410
1.715238
-2.480549
-3.077166
1.552617
-0.902507
1.490966
-1.216091
2.370278
-0.234723
0.800322
0.327400
3.028865
-0.931027
9.368235
2.559240
-0.051678
-2.731465
-2.686873
-1.919567
-1.259249
-3.038511
2.785373
0.688145
-1.088283
-2.484891
-3.288077
-2.380000
-2.979394
-0.953041
-0.830144
-0.834539
1.150600
2.896614
1.886011
-0.147849
1.325818
-3.278659
1.607144
2.236766
-2.836600
2.574863
-2.736701
-0.677708
-1.249046
-0.772066
-1.024630
2.386488
-2.591207
-1.615212
-0.119429
3.086094
1.919567
-2.519290
9.239430
0.809784
-0.261714
2.256526
1.325818
-0.758378
2.457298
-2.595426
-2.753274
-2.111216
-1.831399
-2.092231
0.022219
0.878462
1.860300
1.588652
2.140110
2.721396
1.549966
-2.732155
-1.951303
-0.662730
-2.685521
0.297064
1.014197
0.268366
2.420621
0.507099
-0.394791
-0.938047
-0.934288
1.330625
1.992216
-2.741352
-1.068706
-1.589662
1.935531
-0.665969
2.896614
-1.302886
1.267911
-1.672485
-1.304544
-1.359703
-0.916226
-0.269849
-0.610726
2.525973
2.200830
0.391700
-2.979394
3.158832
2.025516
-1.202100
-3.017238
-1.261866
-1.058407
-1.877842
2.242402
2.084402
2.533791
0.664046
9.238291
-0.291457
2.976444
0.657075
-1.983207
0.445301
-2.422763
2.812543
2.054243
0.380506
-2.892341
-2.089942
0.360837
-0.992272
-0.953041
0.666908
2.105192
2.719588
0.036348
1.046001
-1.126377
2.075658
-1.138389
-2.242402
-2.199593
-1.209593
-1.735945
0.927295
0.197396
0.570040
9.081754
-2.485897
1.026964
2.189224
-2.402673
2.120171
1.739393
0.484478
2.063282
2.034444
2.969402
-1.179096
-0.463648
-1.902856
1.399417
1.249046
0.339293
1.902856
0.130827
1.267911
-1.194835
-1.471128
9.403505
-3.206019
1.674589
-3.077166
-1.267911
-2.198105
0.635838
1.944523
0.856706
-1.072974
-2.692869
-1.805519
0.561163
-3.033322
-0.826471
-1.363300
1.971037
1.885028
-0.682317
-1.732634
1.768192
1.212026
2.316216
-2.912361
-0.176709
0.293187
0.893088
0.638914
0.711459
0.868539
-2.806856
-2.508844
-2.087828
-0.020405
2.548590
-0.101689
0.361204
-1.634540
1.735945
-2.850136
1.436025
3.032931
2.210884
0.445301
0.018866
2.418613
-2.034444
