2.253113
2.484518
1.457004
-2.115660
-0.275426
-1.144169
-2.326791
-2.452668
1.520838
2.122451
0.766532
2.016097
-2.959424
2.089942
2.634494
-2.474287
-2.115077
1.255582
0.720971
-3.052937
1.325818
-0.441179
-1.046001
-1.405648
3.017238
1.460139
-1.547545
0.284730
2.576443
1.216799
-0.352044
0.999459
0.839890
-0.528074
-2.158799
-0.025635
0.139096
3.064821
2.980830
2.164546
3.079174
-0.624635
1.332960
-1.821239
-2.461071
2.936197
-0.463648
-1.179096
0.728855
2.044152
-2.373142
0.544864
-2.203545
-1.703348
1.177346
-0.367174
-1.945130
1.107149
0.670522
-0.991722
2.299651
0.588003
0.304511
-1.735945
-1.676781
-3.112189
0.911990
-1.619538
0.048742
0.710909
-0.581380
-2.991780
-1.295370
2.875341
-2.342862
-0.141897
0.093477
2.873226
-1.528269
2.967921
-0.099669
-2.642246
1.690225
3.054854
0.435353
1.842942
-2.316216
-2.214297
1.236851
1.022247
0.724866
2.455863
-0.674741
3.141593
-2.873226
-2.638749
2.850136
1.107149
0.797162
0.917950
0.238609
-0.588003
2.909036
-3.100799
1.140104
-0.802346
-1.663553
-1.748889
0.801270
1.872415
2.368852
1.833791
-2.011976
2.303611
-2.135946
-0.141897
0.000000
-1.065935
0.071307
-0.321751
-0.798056
0.474400
-0.724250
2.493781
2.077895
1.954966
-2.079867
-2.838708
-2.654693
2.219128
0.957589
2.940638
2.630362
-2.765102
-1.784857
1.647568
-2.490516
0.344647
1.042722
1.007480
1.037952
-2.168555
-1.138389
2.034444
2.553590
1.653938
1.864385
2.896614
-0.321751
-0.867183
-1.289564
-1.008875
-0.544864
3.071938
-2.508844
0.128911
0.599175
0.104877
2.958482
-3.012682
2.901422
1.286066
0.361729
0.856706
-2.714965
-1.589313
-0.633633
1.306308
-0.805003
-2.548243
-0.428778
-2.779863
2.819842
-0.544280
-0.671144
0.878875
-0.588003
2.767259
0.634023
2.253113
0.358771
-1.256039
-1.686556
-2.025098
1.489344
0.398522
1.946757
-0.328553
0.107690
0.172191
1.916352
-0.358771
0.769006
-2.439336
-1.752445
-0.857735
-1.849096
-1.030377
0.000000
-1.271020
0.110657
2.293776
0.496423
-2.241318
-1.042722
-1.706324
1.477320
1.613324
-0.183943
0.141897
-1.729452
-1.227772
-0.604306
-2.335789
-1.735945
-0.298499
-1.602036
-0.272146
-3.013269
-2.045196
-1.312025
-2.506566
2.416363
2.238102
-2.054243
1.892547
-2.922924
2.167973
2.896614
0.955176
2.777614
-2.996780
0.301619
0.312042
1.994991
-2.601173
-2.677945
-2.972491
-0.333244
-3.007782
-2.118359
0.110657
-0.388319
2.727903
-1.681454
1.686556
2.282255
2.265535
1.972025
1.513716
1.543026
0.565149
-2.896614
1.993650
1.428899
2.699218
2.548243
0.099669
2.718739
-1.232918
0.504861
-1.390943
0.540420
-2.723368
1.325818
1.489892
-1.096945
-0.423669
2.910502
-2.042918
-2.992703
0.302885
-0.588003
2.896614
-2.634494
1.017502
-1.923787
-0.880996
0.730907
1.235158
3.039904
-0.047583
-0.533708
2.786887
2.452668
1.144169
-1.652248
-0.309703
0.960070
-0.104877
-0.463648
1.530818
2.044648
-1.795507
2.731465
2.926235
0.027771
-1.999574
-2.632000
-2.003204
-1.190290
-0.536435
0.380506
-0.720971
0.706199
-2.268187
0.175940
1.223735
1.732171
-2.064738
0.229232
1.051650
-1.368475
-0.309703
1.107149
2.901422
-1.801887
3.060689
-3.099065
0.823841
-2.251318
2.588751
-1.970312
-1.763497
1.173717
0.648996
0.044415
2.984991
2.158799
-2.665897
-2.371119
-0.446842
2.371119
-1.523213
-2.593043
-2.950408
2.843094
2.432966
3.141593
1.257176
1.030377
-1.810028
-2.057696
2.574863
-0.915101
-1.295886
0.651077
0.903490
2.221873
1.071450
-1.485895
0.474400
-1.692639
-2.955106
-1.923787
-0.446842
0.798384
-2.927532
-1.455037
-2.502207
2.025098
0.785398
-1.892547
-1.135443
0.720971
1.159732
1.602036
-1.703348
-1.835285
2.316216
-2.591739
0.715092
0.117109
2.193467
-0.152649
-1.474323
-0.765793
-0.923404
1.080839
1.080839
-0.827041
0.081452
1.860300
-0.927295
-0.119429
-1.570796
1.545802
0.544864
-2.750986
0.074860
-1.366778
-0.088656
0.878462
2.560212
-2.399645
1.180189
0.526066
-2.122451
-0.603230
-0.575425
-1.257895
2.577023
-1.460139
1.505671
-2.627987
2.487957
-0.185348
-1.543776
-1.546991
-3.020241
1.698306
0.148890
2.004750
1.474323
2.523837
0.785398
2.204819
-0.197396
-2.784973
1.190290
0.062419
2.057696
-0.141897
1.673003
-1.843805
-1.520838
0.358771
0.947597
-3.087101
1.637364
2.416727
-2.901422
0.736257
2.560212
0.114877
0.376909
0.799096
-0.218669
2.904744
0.234723
-1.107149
-2.532903
-2.727086
-2.640925
-2.087027
-0.269849
1.924794
2.484518
0.177596
0.889498
0.969723
-1.127348
-0.556166
2.653259
-1.314645
-1.622033
-2.493261
1.289024
-1.517276
1.677532
0.283794
0.021273
-1.513716
3.105894
-0.350728
-0.896055
-0.185348
1.373401
-1.978428
-3.033903
-1.235158
-1.443824
-1.315614
2.214297
-3.014620
-1.663553
1.048393
-2.996283
2.437979
-0.569313
-0.472497
-0.546789
-2.179960
0.065125
1.122073
-2.308611
2.948381
0.581380
0.753151
1.107149
1.256564
-0.408149
-0.927295
-0.682317
2.652740
1.815775
-1.929567
-2.443690
-2.070143
0.358771
-0.743170
-2.707639
0.424832
2.972491
0.473356
0.463648
0.922464
1.119343
-1.408959
0.154319
2.268699
0.624023
-0.716542
-1.464061
-0.597758
1.295370
-1.319106
0.058756
-0.994421
0.634023
-2.689439
-0.097253
-2.460294
1.312544
1.820775
2.020556
2.343849
-0.287281
-1.926432
2.659079
-1.750650
0.244979
0.291457
0.289504
1.359703
2.442933
1.570796
1.867861
1.014197
2.125792
1.502720
-0.544864
-0.068076
2.068619
3.141593
2.984991
1.367751
-0.115759
3.044339
0.226799
2.462179
1.781890
2.677945
0.678662
-2.907849
-2.629203
1.741532
-1.602036
-0.284730
3.025833
-1.033886
-1.712693
-1.261093
-2.516108
2.980830
1.083897
0.529590
-0.426627
-1.063698
3.036716
1.190290
-1.921524
-2.214297
1.180189
2.660705
-0.031240
-2.745151
-1.932000
0.420663
0.634023
3.038511
-1.277207
-1.878849
1.079633
-1.123276
1.019141
1.801887
-2.605157
-3.114572
0.844154
0.273009
0.112728
0.728317
-0.639386
0.474400
-0.344647
-2.375060
-2.276365
-2.151553
0.313621
1.931633
-0.436627
-2.753274
0.308931
-1.501940
-1.330625
1.313473
2.044152
-3.098142
0.535811
1.063698
-1.913820
-0.244979
0.000000
-0.661043
0.940395
-2.287808
1.698306
-1.190290
0.472497
2.256526
0.047583
-2.659929
-1.675673
-2.576443
1.863983
-0.899652
2.198105
-2.889038
1.249046
-1.088283
-1.627340
-0.278300
-1.913820
1.369479
-1.373401
2.925508
-0.543832
1.616220
0.671606
1.530818
1.127348
-2.284887
1.951303
-1.261866
1.619538
-0.069655
-2.082027
1.396124
2.001489
-0.108271
-3.073516
2.188552
-0.927295
-2.605157
2.115660
-1.142018
2.308611
2.383965
-2.733961
-0.497822
-2.356194
0.837981
0.859337
-3.024484
-2.341703
0.770906
-1.856848
-0.201762
1.044730
-1.292497
3.116598
-0.052583
-0.610726
-1.921524
2.779048
1.773118
-0.488334
-2.400941
0.992894
0.049958
1.432790
1.892547
-0.614663
2.529055
2.284887
-2.856475
2.173084
-1.152572
1.286066
