0.002586
1.178855
0.081926
0.149802
-0.027589
0.494032
-0.283392
0.089302
0.319408
-0.218557
-0.026754
0.696292
-0.325846
-0.737355
0.543561
0.198062
0.732251
-0.312852
0.546031
1.151177
0.993998
-0.031949
-0.000867
0.591699
-0.257949
-0.261444
1.002281
0.832575
0.873095
0.582285
0.776691
-0.257256
0.676756
-0.179571
-0.135953
-0.251059
0.667614
0.273185
0.576605
0.566043
-0.054796
0.926750
0.977717
0.136131
0.715733
-0.530216
1.071248
-0.155488
0.478873
0.072502
-0.182829
0.277244
-0.594255
0.039482
-0.036861
0.453881
0.948852
0.021277
0.563019
-0.221191
0.368620
0.953759
0.048951
-0.227428
-0.122427
-0.139702
0.814438
0.254416
-0.025424
0.448773
-0.095276
-2.081800
-0.337222
0.383920
-0.139431
0.917402
-0.736705
0.834595
0.412440
-0.390442
0.552667
0.430744
0.052318
-0.124357
0.147177
-0.718913
0.804709
-0.156493
0.110089
-0.061619
0.834576
-0.420994
-2.376777
0.570001
1.161400
-0.167218
1.061206
0.880466
0.981368
0.586608
-0.185149
0.871633
-0.397983
0.523502
-0.344962
-0.741467
-0.046880
1.201074
-0.580024
0.138799
0.533366
0.573488
-0.315141
0.777992
-0.165001
0.135105
-0.274559
0.224017
0.536789
0.065393
0.925988
-0.316859
0.672749
-0.729900
0.864655
0.562583
0.435469
0.427508
-0.123332
-1.652290
-0.703514
-0.154589
0.170793
-0.133714
0.228183
-0.212919
0.952285
0.265506
-0.036884
0.236411
0.608696
0.530564
-0.224665
-0.143465
0.435081
0.468565
1.013065
-0.468983
-0.265022
-0.132158
0.128304
0.230461
0.449672
-2.283724
0.480884
1.016484
-2.145269
0.512975
-0.800967
0.060277
0.203344
0.872612
0.334105
-0.280813
0.756392
-0.409173
-0.065734
0.588237
1.057938
0.958639
-0.284897
-0.015139
1.019646
-0.149723
-0.049421
-0.322927
-0.045506
0.813487
0.624959
-0.692518
0.907285
0.318173
-0.203293
0.527068
0.054378
0.613735
-0.009391
0.247699
0.036199
0.153039
-0.217051
-0.180621
-0.260071
-1.863520
0.962881
-0.221432
0.332901
-0.125076
0.937520
-0.230533
0.296447
1.064746
0.918728
-0.194650
0.477047
-2.457220
0.620729
1.055359
-0.215310
1.054209
0.570281
-0.096694
0.483114
0.942290
-0.257538
0.641077
0.572427
0.727400
0.859237
0.886464
-0.306749
0.051897
1.128237
-0.210526
-0.123646
0.508335
0.776915
-0.296930
-0.309401
0.045153
0.136767
0.222964
0.444676
0.323438
-0.141080
0.930655
-0.411692
1.144613
0.165641
-0.375451
0.091697
0.585056
1.092792
-0.293888
0.745851
0.927531
0.366823
-0.245841
0.488310
0.302824
-2.272677
-0.269878
1.132144
-0.457628
0.010335
0.829257
0.578960
0.114836
0.847354
0.820677
0.639470
0.560584
-0.223781
0.864376
0.565066
-0.197659
0.247180
0.572774
0.598145
-0.210587
1.069582
0.514574
0.262312
-0.173084
-0.283357
0.240107
-0.006121
-0.032145
-0.097042
-0.573645
0.501706
-0.291344
0.688096
-0.558592
0.744848
0.133331
0.469936
0.495814
-2.110206
-0.045288
0.608238
-0.438706
0.761556
0.599744
0.098127
0.043981
-0.023861
0.261534
0.656644
-0.199088
-0.304851
-0.063497
0.658535
0.584228
0.176301
0.304195
0.528189
-1.864557
-0.342509
0.608347
1.147189
-0.702690
1.207851
0.175681
0.950352
0.256647
-0.251075
1.042106
0.829722
-0.654450
0.946996
1.283821
-0.356818
0.748855
-2.164509
1.047491
-0.197613
0.062878
-1.646735
-0.336510
1.267617
-0.491444
0.284352
-0.722420
0.029068
0.834985
0.789780
-0.348141
0.729617
-0.070387
0.444566
-0.162893
0.607361
-0.776732
0.617900
-0.638328
0.771786
0.080389
1.164945
1.025286
-0.634439
0.250191
0.891885
0.048387
-0.264452
0.897792
-0.317803
0.321845
0.125881
0.424159
0.229836
-0.060583
0.258138
0.140826
0.529396
0.305864
-0.245028
-2.119536
0.897659
0.033970
0.886493
0.146264
0.725893
0.036112
0.851378
0.283945
-0.035611
-0.090592
0.147041
-2.260501
-0.084360
0.413033
0.327892
0.013356
-0.012822
1.034193
-0.292368
-0.254245
-0.251101
1.021553
-0.744155
0.096561
0.588973
0.419885
0.597019
0.963691
0.406662
0.705109
-0.159888
0.019514
-0.189599
0.110275
-0.586178
0.123831
0.583799
0.619499
-0.266828
-0.327039
0.111479
0.571418
-0.071519
-0.403451
0.066978
0.344306
0.807686
0.057607
0.635381
-0.244435
0.501233
1.058890
0.594453
-0.342596
0.334513
-0.663697
0.681967
-0.225508
1.126154
0.677848
0.883217
-0.120451
0.087731
0.581324
-2.258204
0.695703
0.687875
0.110516
-0.189188
0.254663
0.731310
-0.330068
0.211799
-0.034289
0.912198
0.786686
-0.302734
0.500951
0.560489
0.562849
-0.257327
-0.416327
0.628100
-0.073363
-2.171157
0.371401
-0.185680
0.559928
0.814183
-0.168000
-0.034711
-0.260755
0.067580
0.509908
-0.759202
0.686603
-0.386667
-0.428534
0.312131
0.462297
-0.101492
0.025253
0.879047
-0.849306
0.172120
0.056049
0.417426
0.058900
-0.717185
0.048195
-0.313477
0.388909
0.997237
-0.279059
0.405109
0.611234
-0.343528
-0.065678
0.957741
0.238526
-0.393387
0.514475
-0.297637
-0.334572
1.014550
0.495155
0.681735
-0.095428
-1.642743
0.709749
0.139113
0.320617
0.694937
0.208791
0.017507
0.117490
0.374665
0.297154
0.608368
0.027833
1.008765
1.073233
-0.204327
0.145379
0.288947
0.578298
0.171443
0.998427
-0.195853
-2.237229
-0.080923
-0.053834
-0.098112
1.088492
0.807736
0.863167
0.266890
0.386310
-0.132080
-0.222847
0.084168
0.564767
0.284812
-0.128960
0.102160
0.952161
-0.247361
-0.404367
0.970569
0.349823
-0.798873
0.898264
0.432321
0.471355
1.062013
0.705503
-0.249666
-0.337345
1.336939
0.355477
0.774507
0.072438
0.461240
0.468318
0.542279
0.079840
1.060768
-2.285618
-0.372333
-0.748545
0.593653
1.139381
0.988754
0.167865
-0.099243
-0.178446
0.904414
0.468476
-0.168987
0.091643
0.910560
-0.029767
-0.170524
0.009627
-0.350399
-1.628084
0.914430
-0.779910
0.940933
0.834401
-0.472841
0.477114
0.898298
-0.245740
-0.085349
0.403305
0.476568
-0.109310
0.206830
-0.126327
0.863572
0.600478
1.058754
0.946875
-0.310980
-0.729614
0.447929
1.248113
-0.378673
0.846690
-2.300581
-0.356046
0.457912
-0.182910
0.521081
0.490937
-0.230646
0.581021
-0.337962
-0.360654
-0.361951
0.641219
0.435907
-0.056265
-2.269646
0.564969
0.636234
-0.045064
0.129539
0.100391
0.696649
0.974769
0.176078
0.927677
0.049861
0.034252
0.906442
0.481869
-0.362534
0.172569
-0.262703
-0.667423
-0.012538
0.398274
0.952132
0.051669
-1.663344
0.744570
0.111033
-0.024139
0.475934
0.205952
0.915634
0.032940
0.338334
0.569331
-0.289353
-0.683458
-0.064364
-0.057493
0.134921
0.605826
0.863719
0.584295
0.905187
0.087042
0.719496
0.847945
-0.210619
0.423144
-0.360145
-0.025437
-2.312799
-0.031002
0.837488
-0.585726
0.907755
-2.233911
0.961349
-0.341811
0.112454
-0.370457
-0.172969
-0.236276
0.659762
-0.669105
0.449021
0.510786
0.058210
1.012592
1.046286
0.542933
-0.277551
0.550863
0.866832
0.189206
-0.399817
0.166177
0.615314
-0.088596
0.665392
0.571425
