0.463006
0.477779
1.095747
-0.228161
0.127596
-0.113507
-0.627918
-0.267308
0.912248
0.561459
0.877833
0.934912
0.216610
0.582539
0.455745
-0.175884
-0.678479
-0.237074
0.193162
-2.262801
1.055689
0.471093
-0.044577
-1.209176
1.013709
0.968246
-0.870634
-0.021130
0.587435
0.231424
0.086984
0.952558
1.063575
-0.129376
-0.231136
0.256877
-0.010068
0.113050
0.762242
0.221446
0.589960
-0.388759
0.345410
-0.791025
0.456451
0.500829
0.603380
-0.319620
0.873643
0.441747
-0.187259
0.811171
2.055232
-0.591726
-0.336998
-0.014218
1.642823
-0.270312
0.871356
-0.717253
0.723752
0.319557
0.213325
-0.035536
-0.147106
0.588936
0.958652
-0.654978
0.052912
0.684998
0.001658
1.204924
1.572262
0.420262
-0.442552
-0.641387
0.250210
0.627534
-0.316695
0.379418
0.118090
0.308436
0.294851
0.624608
0.129013
1.071266
-0.534647
-0.329539
0.701308
1.005132
-0.162507
0.540427
-0.344404
-1.665858
0.025492
-0.339657
0.486056
-0.763261
-0.968051
0.972303
-0.114234
0.005841
0.637550
0.193218
0.895596
0.003000
2.928020
-0.729786
0.474533
0.939000
0.231315
-1.675142
-0.220593
0.812919
-0.454919
-0.011483
-0.095051
0.302421
0.133674
-0.260704
-0.459745
0.276876
0.184414
0.551748
1.081529
0.830596
-0.574236
0.198908
-0.379964
0.623574
0.981479
0.472588
0.469813
0.209519
1.351527
-0.447346
-0.514699
0.225350
0.275126
0.891336
0.302972
-0.730573
-0.079730
0.641447
0.623219
0.503683
1.119927
0.384077
0.665414
-0.006198
-0.102705
-0.114308
-0.030422
-2.251910
-0.369670
0.102552
-0.199879
-0.008030
0.413957
-2.407021
0.317989
0.506546
0.338199
0.936122
-0.344825
-0.396333
-0.458658
0.092327
0.014233
1.637427
0.007231
0.319541
0.542887
-0.244354
0.044551
0.124829
-0.076318
0.111352
0.939555
0.472468
0.165965
-0.620629
-0.235180
-0.498204
0.341440
0.319488
0.545989
-0.036987
0.138364
0.668421
-0.393311
0.161720
0.373884
-0.253425
-0.470483
3.144807
1.720697
0.032929
-0.520962
0.913241
0.196894
0.562528
-0.169981
-0.249711
-0.048132
-0.180568
-0.730546
0.332010
-0.192239
0.037482
-0.416495
-0.081796
-0.050454
-0.210207
-0.726785
-0.314254
0.331762
-0.037512
0.854305
-0.250514
-0.015101
-0.363161
-0.187964
0.442071
-0.226863
1.058850
0.508053
0.521396
0.489592
0.787620
0.491657
1.824585
-1.334092
0.064992
1.032023
-0.301049
-0.112841
-0.410165
-0.583562
1.698746
-0.357846
0.093202
0.076833
0.627800
0.831631
0.439614
-0.589110
0.308778
1.133299
0.417339
0.500120
0.099677
-0.185121
0.388450
0.090033
0.673584
0.299115
0.297859
0.557427
-0.213086
0.119587
-0.155796
0.212988
-0.127350
0.397709
0.543741
-0.003178
-0.520543
-2.150379
-0.388289
-2.207432
-0.092310
0.699523
0.634575
-0.358688
1.035495
-0.814451
-0.303277
0.353253
-0.451040
-2.300614
-0.029023
-0.471219
0.505413
0.438472
0.982712
-0.255404
-0.279297
0.421071
0.143079
0.311422
0.283297
0.648187
-0.619604
0.403501
0.730291
0.151507
-0.172114
-0.222559
-0.254586
-0.296702
0.056892
0.342071
-0.205376
0.027252
-0.483007
0.671220
0.780492
1.144246
-0.371714
0.401683
0.855037
-0.007630
-0.278703
0.562488
0.599419
-0.700506
0.640397
-2.281267
0.941853
-0.353589
-3.071089
-0.329287
-0.737027
1.107366
0.860104
0.200273
1.253855
0.677289
-0.197885
-0.313148
-0.453433
0.293392
-0.108445
-0.261280
0.866990
0.614719
-0.139761
0.618215
0.416532
0.336751
-0.213322
-0.477220
0.644775
-0.119837
-0.074747
0.323116
0.820500
0.600483
0.311743
-0.158196
0.877388
-0.876507
0.528748
-0.320563
-0.266493
0.088558
-0.258263
-0.164219
-0.401358
0.350295
0.900270
-0.530332
-0.490871
0.263205
0.961137
0.232938
-0.615809
-0.141212
0.560074
-0.318217
-0.144370
0.190411
0.639943
0.167330
1.060625
0.118302
-0.148178
0.904548
0.903178
-0.087809
0.632305
0.568908
-0.169710
-0.855675
-0.236027
0.600794
0.199159
0.356134
0.103849
-0.807759
-0.237206
0.302444
0.612934
-0.321469
1.008294
0.379501
-0.377534
-0.662579
0.019313
-0.077179
0.578592
-0.686240
0.986474
-0.302291
-0.111893
-0.914302
-0.081732
-0.225789
-2.216696
0.270358
0.065731
0.966343
0.382919
0.587029
0.964995
0.427992
0.562150
2.669792
1.199857
0.393385
0.449859
-0.179681
0.460203
-0.564461
-0.069346
0.040720
0.299462
-0.520957
1.010884
0.365387
-2.695446
0.883249
0.624333
-0.088673
0.136523
0.520879
0.941915
0.004517
-0.122776
0.101812
-0.278784
1.926649
1.432974
-0.219143
-0.157457
0.360765
0.637208
0.119729
0.275151
0.051666
-0.259157
0.113472
0.636247
-0.535582
-0.974963
-0.352917
0.943114
-0.187496
0.714386
-1.274264
0.034395
-0.624325
-0.114279
0.029952
-0.099962
-0.059842
0.426257
-0.277250
-1.743472
-0.769813
3.151640
-0.114094
0.461083
-1.719161
-0.115130
0.875823
0.082498
0.426183
-0.062912
-0.253516
-0.449549
-0.582786
-0.025477
-0.541397
1.863057
0.664275
0.129500
0.698305
-0.632248
0.193106
0.018761
0.120577
-0.074123
-0.390131
-0.520265
-0.510671
-0.318147
-0.233117
0.172687
-0.080858
-0.485737
-0.173329
-2.256269
0.251539
0.683784
1.010956
0.993000
-0.910298
0.066115
0.582090
0.175206
-0.140606
-0.407873
-0.237053
0.993043
-0.158831
-0.276546
0.182003
0.704495
-0.273274
0.188272
-0.699439
0.210086
0.305736
1.091580
0.180022
0.058514
-0.153987
0.345421
-0.245331
-0.137161
0.807662
0.081753
0.386324
0.410641
0.547570
0.779587
0.744420
-0.334338
0.974541
0.157634
-0.414110
0.318612
0.641087
0.595724
-0.209512
-0.120432
0.741043
0.100832
0.600475
0.452968
-0.310196
0.390035
-0.128064
0.315019
-0.177055
-0.263869
0.089363
0.628803
-0.759924
-0.106686
-0.703011
-0.286016
0.776821
0.936000
0.285018
0.114917
0.009105
0.581350
1.048994
-0.247969
-0.127735
-0.165912
0.062558
-0.008547
-0.336883
-0.115017
0.068053
0.841766
1.127213
-0.515285
-0.388032
0.623018
-0.051615
0.959381
0.396235
-0.246119
-2.065340
0.930049
0.107090
-0.165070
-0.024988
2.726259
0.851284
0.492589
-0.297737
-0.151238
-0.214894
0.717892
0.512054
-0.219177
-0.412539
0.104999
-0.862730
-0.885693
0.423623
0.501522
-2.726168
0.720470
0.927172
-0.186673
0.142124
0.193641
0.150769
0.837222
1.963337
0.485399
-0.155494
-0.176325
0.480610
0.135914
2.532866
-0.259358
3.297992
-0.365948
-0.039228
0.730797
-0.556000
1.085718
-0.346417
-0.313770
0.065149
-0.194206
0.124639
1.085229
0.533040
-0.276787
1.138298
0.612151
-1.994433
-0.566126
-0.212924
-0.038064
-0.043844
0.480091
0.155804
-0.374128
0.475709
0.549040
0.634060
0.278636
0.807450
-0.052769
-0.268873
0.551798
-0.103978
0.506342
0.393738
0.244651
-0.416406
-0.332594
0.809315
0.836810
-0.107379
-0.315568
0.106440
-0.675873
0.063396
0.844367
-0.162128
0.606780
0.175171
-0.072880
-0.235453
-0.799897
0.364369
0.177474
-0.788689
0.868108
-0.018281
0.420587
0.439439
0.070259
0.590764
0.740462
2.162815
0.386248
-0.368726
1.061533
