0.426627
-1.919567
0.610726
-0.588003
-1.373401
-0.380506
2.356194
1.107149
-1.279340
-1.892547
-0.909753
-1.869295
-2.642246
0.291457
0.896055
-2.191046
3.141593
0.896055
-0.960070
-1.249046
0.000000
-1.570796
3.017238
0.950547
-1.703348
2.422763
-2.642246
1.012197
-0.124355
-2.279423
1.712693
-0.620249
-2.642246
2.843094
-1.373401
-2.498092
0.718830
-2.746802
2.403778
-2.634494
2.601173
-1.892547
-3.075024
1.152572
-1.267911
-2.297439
1.494024
-0.152649
-1.460139
0.519146
0.519146
-1.217806
2.896614
2.034444
1.107149
0.909753
-2.574863
-2.850136
0.982794
-2.214297
2.512796
-0.558599
2.089942
-1.272297
3.041924
0.507099
-0.404892
-0.566729
1.487655
1.750650
-1.152572
1.642104
1.460139
2.922924
0.785398
-1.004067
2.003204
-0.463648
-2.356194
0.244979
1.446441
-0.463648
2.512796
-1.042722
-0.152649
2.850136
-0.540420
2.498092
2.480549
-2.034444
2.316216
0.343024
-1.080839
0.950547
1.570796
-0.489957
-0.982794
1.965587
1.712693
0.000000
-1.815775
0.463648
-2.843094
-0.244979
2.245537
0.785398
2.480549
2.647651
-2.582993
1.570796
0.000000
-0.927295
-1.004067
1.929567
-1.499489
2.279423
-1.325818
0.404892
0.404892
0.367174
-0.165149
0.785398
1.249046
-1.989021
-2.601173
-3.050933
-0.439843
2.677945
1.373401
-1.249046
-0.321751
0.862170
2.129396
-2.191046
0.000000
1.249046
-1.647568
2.654693
2.191046
2.446854
2.736701
1.487655
-2.245537
-1.292497
-1.831399
0.071307
0.152649
2.191046
1.390943
1.997424
0.610726
-2.356194
-0.218669
1.292497
1.570796
-2.098871
2.819842
2.245537
2.961739
-0.896055
0.896055
-2.034444
-0.982794
-2.191046
-2.896614
0.785398
-2.485897
1.494024
-2.792822
2.089942
3.141593
1.951303
-0.226799
-1.212026
-0.165149
-3.070285
-1.633215
-2.723368
1.144169
1.642104
-0.463648
1.304544
-2.521343
-2.922924
1.892547
-2.944197
1.107149
1.325818
-1.951303
2.677945
-0.694738
-0.380506
-1.570796
-0.885067
2.774419
-1.071450
-1.272297
1.222025
2.819842
-1.405648
0.000000
-2.034444
0.000000
-0.685730
1.107149
-0.610726
1.249046
-1.937970
2.034444
-1.989021
-0.982794
1.892547
1.107149
-0.436627
2.521343
2.446854
0.291457
-3.064821
-2.530867
-1.997424
2.553590
2.432966
1.107149
1.789465
-1.570796
1.165905
-1.862253
2.723368
2.034444
2.714965
-0.266252
0.244979
-2.111216
-2.356194
1.647568
-0.610726
1.570796
2.070143
-2.303611
-1.989021
-0.885067
0.358771
2.498092
-0.588003
-0.674741
-0.785398
1.570796
2.098871
0.141897
-1.862253
1.965587
1.487655
1.570796
2.761086
-3.041924
1.144169
-1.325818
2.181522
-1.837048
1.292497
-2.003204
-0.950547
-1.176005
-1.107149
0.708626
-0.927295
0.844154
1.815775
0.876058
-0.358771
-0.218669
2.297439
-0.099669
1.030377
-1.405648
-2.910502
0.244979
1.373401
2.034444
2.129396
-2.356194
0.404892
-0.286051
1.570796
1.004067
0.950547
-1.418147
-1.471128
-1.325818
2.356194
0.785398
2.976444
-1.919567
0.090660
0.507099
-2.111216
-2.356194
2.574863
-1.670465
2.191046
2.930499
2.930499
0.741947
-2.498092
-1.227772
0.558599
0.927295
-0.708626
1.063698
0.982794
0.885067
-1.249046
-1.190290
-1.165905
-2.399645
3.041924
1.712693
-1.642104
-2.910502
3.041924
-1.414194
-3.030935
3.141593
0.000000
0.737815
-2.914794
2.677945
-1.222025
-2.677945
1.997424
1.107149
-0.588003
-1.695151
-2.512796
1.570796
-1.653938
-2.999696
2.356194
-0.785398
-2.356194
-0.418224
-2.111216
3.017238
-1.359703
-2.256526
1.892547
0.298499
0.909753
-1.892547
0.278300
2.530867
-2.944197
-0.837981
2.896614
-1.997424
-1.144169
-0.083141
0.000000
-0.909753
3.141593
-1.670465
3.141593
-1.279340
-2.158799
-2.303611
-1.637364
2.446854
1.051650
2.634494
-1.570796
2.034444
-0.628796
-1.570796
-1.292497
-2.642246
-1.405648
2.480549
0.785398
1.487655
1.144169
1.414194
0.049958
1.951303
-0.718830
-0.519146
3.141593
3.141593
-0.620249
-2.455863
-2.553590
1.152572
0.960070
2.536048
-1.176005
0.463648
-0.367174
0.566729
-1.695151
2.432966
-2.944197
1.471128
0.862170
0.785398
1.723446
2.819842
-1.446441
1.373401
-2.256526
-1.781890
1.712693
2.714965
1.712693
2.574863
2.530867
-1.212026
1.272297
-1.373401
0.278300
1.570796
-1.446441
-0.321751
3.141593
2.356194
-1.862253
0.862170
-1.480136
-2.422763
0.321751
1.190290
-2.677945
-0.588003
2.677945
3.141593
1.279340
1.570796
2.408778
1.107149
1.190290
-0.179853
2.083186
-1.190290
-1.892547
-1.107149
-2.736701
-1.929567
0.394791
1.989021
-2.601173
-0.566729
-1.629552
3.141593
-0.071307
-2.761086
1.837048
-2.677945
0.394791
-1.352127
-1.373401
-1.735945
-1.212026
-0.244979
-2.003204
-2.480549
-0.266252
2.792822
-1.892547
2.158799
-2.922924
-1.373401
-2.999696
0.358771
0.358771
-2.455863
1.107149
-2.714965
-2.896614
-2.863293
1.929567
-1.212026
0.726642
0.927295
0.141897
0.825377
1.107149
-1.837048
-1.695151
1.849096
1.499489
-1.789465
-0.732815
2.356194
-2.961739
0.927295
-2.214297
-1.892547
0.588003
1.570796
1.325818
0.321751
-2.245537
-1.304544
-1.227772
-2.875341
-2.723368
2.896614
2.137526
0.141897
0.643501
-0.071307
2.634494
0.661043
2.422763
1.789465
-1.712693
-1.390943
2.819842
-2.601173
2.850136
3.141593
-2.279423
2.819842
-2.403778
-2.792822
-1.869295
1.107149
-1.325818
-0.785398
0.960070
-2.761086
0.862170
-1.892547
0.620249
3.141593
0.942000
0.141897
1.212026
1.107149
-0.124355
1.107149
2.034444
0.737815
0.218669
-2.709185
2.432966
0.358771
-2.408778
0.298499
3.058451
1.249046
1.325818
-0.090660
1.570796
-0.605545
-1.951303
2.356194
2.070143
-0.702257
1.797595
1.190290
-0.785398
-1.570796
-2.446854
-1.249046
-2.498092
2.245537
-0.321751
1.735945
-1.570796
0.643501
-0.950547
-1.653938
2.498092
1.339706
-0.141897
-2.122451
2.111216
-3.030935
0.463648
2.582993
-2.265535
0.000000
-2.414950
0.291457
-3.041924
-1.570796
-2.999696
1.019141
-2.601173
-2.589938
-2.077895
-2.961739
0.507099
2.034444
0.463648
1.418147
-0.643501
-0.076772
0.197396
-1.570796
0.278300
-1.144169
-1.989021
2.356194
2.956245
-1.471128
3.064821
-2.070143
-1.508378
-0.394791
0.394791
3.070285
3.141593
-2.231839
-2.308611
-0.982794
-0.785398
2.850136
1.107149
0.558599
-0.785398
-2.896614
1.712693
3.141593
2.850136
2.976444
-2.498092
1.570796
-1.815775
0.896055
-1.063698
2.843094
2.498092
1.212026
-2.536048
3.058451
1.653938
1.222025
-0.418224
-1.570796
1.152572
-1.570796
-1.989021
-2.601173
1.304544
-1.837048
1.480136
0.507099
1.929567
-0.685730
-0.124355
2.034444
0.244979
2.003204
1.862253
1.570796
-0.124355
-1.768192
0.785398
3.141593
-2.466852
3.141593
-0.785398
-3.017238
0.785398
0.141897
-0.179853
1.653938
-2.819842
-0.418224
0.507099
-2.279423
-1.107149
1.030377
2.622447
2.181522
-1.438245
-0.957589
-0.785398
1.849096
-1.735945
0.785398
-0.321751
2.999696
-1.418147
-0.785398
-1.190290
-1.768192
-2.089942
1.460139
0.982794
