1.637364
-2.185459
1.735945
2.907849
1.176005
-2.782822
0.062419
2.677945
-2.176341
-1.623379
0.343024
1.670465
-0.741947
3.091634
-2.553590
0.745419
0.605545
2.677945
2.718739
-2.843094
2.976444
0.588003
-0.442374
-1.363300
-2.475623
-2.651635
2.802300
1.405648
3.041924
-0.486899
-0.888480
2.944197
1.937970
-0.231091
-1.299849
-1.518213
1.768192
-1.012197
2.256526
-1.471128
-0.785398
2.609869
1.465919
-2.356194
-2.944197
3.141593
-1.107149
0.286051
-2.455863
2.203545
-0.825377
-3.089010
2.567288
1.373401
2.064738
0.588003
-1.373401
-2.992703
-2.158799
1.405648
0.174672
0.339293
2.553590
-1.385448
-2.704965
-2.508844
-1.989021
3.009041
-1.299849
-2.427502
-0.052583
-2.729182
3.141593
2.034444
2.111216
0.380506
2.273053
0.655696
-1.272297
0.938047
-2.102520
0.124355
0.745419
1.107149
-0.862170
2.609869
1.199905
-0.211093
-2.729182
-3.009041
-1.801887
1.158386
2.399645
-1.172274
-3.075024
-3.091634
2.083186
-1.313473
-2.466852
0.643501
0.632749
-0.286051
-2.907849
-2.236766
3.141593
1.310194
1.512041
3.141593
0.665969
1.789465
-2.601173
2.007423
-0.358771
-0.785398
-0.321751
1.789465
0.000000
0.117109
1.570796
2.439336
1.158386
0.058756
-1.352127
-0.110657
2.316216
3.089010
-2.399645
-0.343024
-2.393215
0.141897
-2.896614
-3.082837
2.838708
-1.570796
1.134169
2.512796
0.418224
-0.218669
-0.519146
0.117109
2.498092
1.849096
2.034444
1.158386
-1.768192
-2.910502
1.570796
-0.463648
-0.605545
0.055499
0.132552
0.996491
1.267911
0.741947
-1.019141
-1.172274
-2.677945
1.869295
2.203545
0.785398
-1.217806
1.499489
1.687905
-2.601173
-0.442374
-1.941688
-2.582993
1.768192
1.058407
2.976444
2.526930
2.098871
-2.567288
-2.245537
-0.463648
-0.390607
-0.822418
2.880990
-1.339706
-1.670465
2.589938
-1.267911
2.723368
1.446441
2.098871
-2.956245
-0.837981
-2.647651
-1.310194
-2.798569
0.655696
-2.601173
-2.408778
-1.518213
-0.141897
2.701750
2.553590
-1.815775
-1.231504
3.075024
1.190290
2.279423
0.231091
2.007423
0.380506
-1.130954
-0.785398
0.302885
2.316216
1.039072
-0.825377
-0.785398
-2.835714
2.475623
-2.111216
-1.828120
2.835714
-0.702257
-1.735945
-2.466852
-0.493941
2.999696
0.141897
-0.999459
1.647568
-0.868539
-2.934096
1.227772
1.856848
-1.768192
-2.536048
-1.373401
0.000000
-2.498092
-0.049958
-1.339706
0.000000
1.892547
2.930499
3.141593
-0.888480
-1.923787
-2.567288
-2.007423
0.708626
0.442374
2.185459
-2.191046
-0.540420
0.632749
-1.190290
0.244979
2.651635
-2.253113
-0.132552
-0.628796
3.079174
-0.380506
-2.984991
-0.270947
0.915101
-1.352127
1.642104
2.629203
0.655696
-0.819867
2.273053
3.036716
1.212026
-0.982794
2.677945
-2.007423
-1.768192
0.305879
-0.099669
2.245537
0.528074
-1.570796
2.835714
2.396173
2.896614
2.214297
0.321751
2.819842
1.745469
0.489957
-0.982794
1.642104
0.702257
-1.165905
-1.873681
0.132552
-2.485897
-0.218669
2.761086
0.352990
-2.654693
0.588003
-0.141897
-2.819842
1.570796
2.432966
-0.244979
0.499347
-2.245537
-0.915101
-1.325818
-0.512389
0.531724
2.855541
2.142134
-1.405648
2.622447
-2.512796
-1.405648
1.910089
1.460139
0.558599
2.512796
1.487655
1.841743
0.620249
0.982794
-1.892547
-2.060754
1.512041
-0.463648
-1.325818
2.802300
-2.356194
0.000000
-1.212026
2.122451
1.107149
-2.396173
1.264917
-0.062419
-2.432966
-2.651635
-1.951303
-2.034444
-1.471128
2.432966
-1.515298
-2.593043
-1.735945
-1.570796
-2.145101
0.785398
2.098871
2.214297
-0.390607
-0.574305
-0.632749
2.403778
-2.284887
-0.257324
-2.034444
1.837048
2.083186
2.122451
0.493941
2.158799
1.735945
-2.034444
2.466852
0.257324
-0.339293
-1.929567
2.884269
-2.570255
1.745469
-0.398522
0.996491
2.057696
-2.236766
0.418224
1.158386
-2.498092
1.789465
-2.567288
0.286051
0.244979
-1.107149
0.185348
-2.984991
-0.463648
-2.203545
2.736701
0.540420
1.465919
-1.873681
-2.102520
2.111216
-1.515298
1.849096
-0.218669
0.558599
0.412410
-0.463648
0.726642
2.884269
-1.929567
-1.107149
-1.158386
-0.655696
3.024484
-2.226492
2.427502
-2.884269
-1.512041
1.789465
1.042722
-0.628796
-1.745469
2.798569
-1.570796
3.141593
2.553590
-1.414194
-1.299849
-1.012197
2.601173
-2.236766
0.528074
1.849096
0.741947
-2.439336
-0.982794
0.896055
-0.551655
1.518213
1.712693
-1.352127
-0.394791
-2.798569
0.343024
1.623379
2.158799
-1.570796
-0.950547
-0.917950
1.756144
-2.910502
1.512041
2.111216
2.173084
-0.571337
0.828849
-2.701750
-0.643501
-0.439843
-0.442374
0.104877
-2.403778
0.528074
-0.436627
-2.356194
-1.937970
-1.815775
1.071450
-1.695151
-1.212026
0.278300
-3.079174
2.111216
-1.756144
-1.675673
-1.063698
2.034444
1.983207
-2.870646
2.750986
2.802300
-2.226492
-0.938047
-0.412410
1.453688
1.107149
0.321751
1.292497
-1.983207
-1.249046
-1.158386
-1.841743
-1.515298
-1.936544
0.519146
2.651635
-2.191046
3.036716
-1.712693
2.677945
1.107149
-1.789465
2.601173
-3.030935
2.060754
-2.279423
0.938047
-0.868539
2.214297
-1.570796
-2.521343
-1.983207
2.129396
-1.446441
1.856848
1.876675
1.642104
0.558599
1.385448
2.356194
1.165905
2.393215
2.802300
-1.681454
2.034444
-2.142134
-2.034444
0.278300
-1.396124
2.984991
-2.922924
-0.868539
2.838708
-1.969319
2.236766
-1.873681
-2.356194
-2.570255
0.655696
2.199593
-1.789465
-0.741947
1.642104
2.142134
1.325818
-0.785398
1.856848
-0.062419
1.695151
-2.884269
0.620249
-0.605545
0.436627
-2.356194
-0.632749
0.837981
-2.083186
-0.117109
-2.819842
2.245537
0.343024
1.892547
1.165905
-0.726642
2.158799
-2.704965
-1.993650
2.356194
-2.609869
-0.117109
1.180189
-2.158799
-1.862253
-2.214297
-0.540420
2.629203
3.141593
-3.064821
0.321751
-0.218669
-2.838708
-1.039072
-2.553590
-1.249046
-2.910502
-2.788602
0.868539
1.515298
-1.039072
-1.046001
-2.966920
-2.654693
0.185348
3.141593
2.944197
1.134169
-2.508844
1.745469
1.929567
0.000000
-2.723368
2.536048
0.825377
-0.785398
-0.117109
-2.319174
-2.089942
-1.815775
-1.929567
-1.862253
-2.634494
1.797595
-2.475623
-2.145101
2.609869
-2.961739
-0.358771
-2.498092
-2.634494
0.512389
0.605545
-0.862170
-1.841743
-2.010639
1.695151
0.370891
-1.892547
2.446854
1.107149
2.788602
0.000000
2.870646
2.539305
2.308611
-2.521343
1.190290
1.107149
0.000000
-3.030935
-3.024484
3.036716
3.091634
2.393215
-1.231504
1.951303
-1.983207
-1.570796
-3.070285
-2.356194
-1.695151
-0.632749
-1.385448
-1.012197
2.356194
0.950547
2.432966
-2.782822
1.405648
0.938047
-0.702257
-0.380506
-1.249046
-2.446854
-0.822418
-1.626295
2.432966
2.835714
1.107149
2.508844
-1.801887
-0.588003
-2.884269
-0.531724
-0.218669
-0.174672
-2.819842
-1.876675
2.214297
1.929567
3.091634
-2.802300
1.892547
-0.856706
0.655696
3.141593
2.077895
-2.782822
-0.507099
1.190290
0.055499
-0.965252
2.782822
-2.226492
-1.623379
1.789465
3.046641
-1.076855
