-1.681454
2.956245
2.593043
1.313473
0.519146
-1.759018
3.141593
-2.319174
0.367174
0.996491
-2.245537
2.761086
-2.289626
-1.325818
0.000000
3.054854
0.000000
2.181522
1.180189
-2.896614
-0.896055
-1.152572
0.822418
0.499347
-2.553590
0.927295
-1.719686
-3.030935
-2.798569
-1.801887
-3.086094
-1.527345
1.446441
1.352127
-1.284745
2.567288
-0.165149
1.471128
-0.348771
0.942000
-2.199593
-0.714091
-0.512389
2.356194
-1.675673
2.601173
-2.321725
2.077895
-2.485897
1.267911
-2.323948
0.257324
-0.185348
-2.316216
-2.203545
-0.605545
0.398522
-1.856848
-1.618379
2.988943
-2.704965
2.850136
1.626295
-0.785398
1.515298
-2.119346
-2.055274
-2.570255
2.439336
-1.570796
0.000000
-2.910502
2.601173
-1.951303
1.107149
-2.578276
-2.356194
0.856706
-2.316216
-1.735945
0.819867
-2.245537
2.934096
0.185348
0.512389
-2.007423
-0.418224
0.348771
-2.654693
-1.892547
1.815775
0.489957
-0.927295
-2.498092
-2.236766
-1.862253
2.129396
-2.770701
-2.629203
-2.083186
-0.785398
2.077895
-1.965587
-2.259721
0.982794
-1.396124
-0.218669
0.745419
2.034444
1.373401
2.870646
1.781890
-2.034444
-1.910089
-1.687905
2.158799
-0.233743
-1.373401
2.660705
2.102520
1.873681
3.141593
-2.356194
0.950547
-1.390943
-2.677945
-1.058407
0.132552
-0.548549
2.699218
-1.661456
-1.158386
-1.778293
1.975688
-1.227772
2.399645
1.723446
-1.869295
1.292497
-0.486899
3.141593
-0.124355
-0.610726
3.141593
-2.083186
-2.651635
-0.104877
-2.835714
-0.956133
-1.934775
-1.961403
-0.302885
0.862170
0.390607
-0.785398
-0.785398
0.665969
0.507099
-2.475623
0.493941
1.107149
-2.205823
0.152649
2.253113
-2.196281
0.099669
2.158799
2.223643
-2.743070
-2.142134
-1.789465
1.873681
-0.694738
2.010639
2.819842
-1.249046
1.570796
-2.976444
-2.601173
-0.058756
0.165149
1.165905
1.712693
-1.363300
1.849096
1.373401
1.929567
0.486899
-1.570796
-0.945311
2.265535
-0.935770
2.761086
-1.058407
2.145101
0.785398
0.321751
0.321751
-2.782822
0.358771
-0.418224
-2.181522
-0.339293
3.017238
2.293776
-2.802300
-0.714091
-0.996491
-1.249046
2.077895
-2.214297
-1.325818
2.473303
-0.785398
2.601173
0.412410
1.039072
-1.471128
-1.089909
2.446854
-0.260602
1.951303
2.459276
-1.892547
1.929567
-0.358771
2.539305
2.896614
1.975688
1.993650
0.927295
-0.049958
1.742987
0.551655
-0.270947
2.308611
2.403778
1.670465
3.141593
2.356194
0.888480
0.156602
-0.302885
-1.063698
-0.548549
-0.558599
1.199905
2.145101
-0.965252
-0.982794
2.567288
2.034444
0.110657
-1.107149
0.148890
1.508378
1.989021
-2.629203
-2.582993
0.652847
-0.099669
1.768192
0.832981
0.708626
0.463648
2.034444
-3.086094
1.515298
0.197396
-2.119346
-0.856706
-2.677945
0.960070
-0.620249
-0.174672
-1.637364
-0.785398
-0.321751
2.570255
0.000000
3.141593
0.868539
-1.670465
-1.051650
1.212026
0.950547
2.199593
2.743070
2.651635
-2.498092
-0.996491
0.837981
2.999696
2.259721
-0.390607
2.539305
3.009041
-0.404892
0.915101
2.609869
2.553590
-0.463648
-0.343024
-2.838708
-2.119346
2.077895
2.102520
-2.245537
0.665969
-1.475845
-1.849096
0.652847
2.102520
-0.819867
-2.498092
-1.849096
2.170847
-2.356194
-2.999696
0.000000
1.039072
-1.815775
1.570796
-2.736701
2.886410
-0.718830
-0.165149
0.862170
2.057696
-3.079174
1.570796
-1.051650
2.651635
-1.781890
2.553590
-2.850136
-2.010639
3.094010
1.180189
1.272297
-0.233743
-2.521343
-1.428899
-1.873681
-2.256526
0.055499
2.880990
0.558599
-1.460139
-2.231839
-0.463648
1.190290
2.319174
-0.055499
1.989021
1.396124
2.279423
-3.024484
-1.670465
-2.582993
-0.052583
1.831399
3.141593
-1.512041
3.030935
2.119346
3.054854
2.521343
-0.055499
-2.553590
-0.688924
-1.058407
-0.982794
1.460139
1.042722
0.418224
-1.249046
-2.934096
2.427502
2.289626
-3.089010
2.870646
0.665969
2.582993
0.674741
2.396173
-1.428899
-0.174672
2.356194
1.212026
0.233743
-1.352127
0.117109
-0.994421
0.439843
0.674741
-1.382575
-2.934096
1.310194
-2.191046
-2.010639
0.512389
-0.847817
-2.984991
1.396124
1.941688
-1.083897
0.702257
1.695151
2.432966
1.130954
-2.321725
1.284745
-3.041924
-1.107149
1.876675
3.141593
2.399645
3.141593
2.356194
-2.236766
-2.508844
0.982794
-0.817645
-1.856848
2.819842
-2.629203
1.212026
-0.257324
0.305879
0.507099
-1.508378
1.759018
0.620249
-1.527345
-0.148890
0.099669
0.197396
1.712693
3.091634
2.356194
-2.145101
1.217806
-1.004067
-1.249046
-1.396124
2.173084
-2.034444
-2.191046
2.539305
3.086094
-0.566729
2.390664
-2.446854
2.736701
-1.523213
0.174672
-1.382575
-1.951303
2.699218
-2.089942
-1.212026
0.000000
-2.083186
-0.862170
1.815775
-1.951303
2.910502
-0.363979
-2.886410
2.855541
1.570796
-1.083897
-1.626295
3.030935
1.681454
2.792822
-0.785398
2.158799
2.927532
-1.279340
-2.589938
2.393215
1.965587
-0.694738
2.214297
0.741947
2.253113
2.396173
-1.337053
1.471128
0.819867
-1.460139
0.110657
-1.681454
-0.540420
0.321751
1.570796
2.910502
1.152572
-2.176341
-2.966920
2.466852
2.651635
-2.622447
-0.950547
2.273053
2.214297
-1.063698
-1.234122
1.515298
2.616797
0.321751
1.951303
2.223643
1.961403
1.892547
1.460139
1.768192
0.047583
-2.770701
-1.158386
-0.950547
0.868539
2.616797
-2.388441
-2.289626
-0.600050
0.110657
-2.896614
-1.815775
2.279423
-2.863293
-1.951303
-0.785398
-0.968509
-1.465919
0.868539
2.833540
-1.620755
-2.704965
-1.487655
-1.134169
1.620755
0.999459
-1.299849
-1.681454
-1.520838
2.064738
2.034444
-2.984991
-0.058756
1.212026
1.997424
-1.134169
-0.999459
-0.260602
0.132552
2.273053
-1.030377
3.041924
-2.459276
2.736701
0.380506
-2.308611
0.674741
-1.623379
3.046641
1.789465
0.682317
1.856848
-1.199905
3.141593
2.089942
-1.937970
-2.976444
1.837048
0.885067
0.753151
2.704965
1.837048
-0.055499
-2.910502
-2.526930
3.141593
2.609869
-2.761086
2.553590
2.057696
0.968509
1.076855
-2.723368
1.801887
-1.158386
-1.172274
-1.815775
-1.849096
-2.466852
0.141897
-2.203545
-2.616797
2.089942
-0.156602
-2.119346
2.289626
-2.863293
-0.207496
-2.870646
-1.363300
1.570796
2.508844
0.685730
-1.768192
1.414194
1.781890
3.086094
2.782822
-0.862170
-0.620249
-2.838708
-3.089010
1.267911
0.628796
1.892547
2.701750
-2.466852
0.643501
-1.325818
-2.736701
0.231091
2.838708
1.778293
0.231091
1.989021
-0.708626
-2.231839
-0.558599
-2.654693
3.141593
0.370891
-2.057696
0.244979
-0.965252
1.941688
-0.370891
-0.745419
-3.024484
-0.588003
1.012197
0.370891
-0.851966
2.145101
-0.188222
0.463648
2.516108
0.661043
0.702257
1.421906
0.935770
2.145101
-1.570796
0.741947
2.452668
-0.207496
2.145101
-2.356194
2.910502
2.553590
1.325818
-2.060754
1.520838
0.785398
-0.418224
0.141897
-0.605545
-2.521343
1.058407
2.303611
0.927295
-1.620755
-2.312744
-0.540420
-1.292497
-0.737815
-3.079174
-2.253113
-2.439336
-2.289626
2.736701
2.934096
