-2.999696
-2.181522
-2.574863
0.189988
1.190290
0.616297
-0.909753
0.870903
0.119429
0.726642
-2.018316
-0.158655
-1.904041
-0.917950
1.418147
2.761086
-2.662073
2.543174
2.622447
-1.537475
-0.960070
2.297439
1.523213
2.381830
-2.053310
-0.043451
0.876058
-2.214297
1.892547
-0.255182
2.953371
-2.111216
0.896055
0.336675
0.205395
2.321725
0.214061
2.609869
-0.288055
0.732815
-0.598419
1.661456
-0.257324
-0.197396
1.784857
2.356194
-2.999696
-2.205823
-1.750650
-1.530818
-1.423718
-1.916352
-1.776192
1.107149
-3.011890
-2.927532
-1.136126
-1.272297
-1.753907
0.158655
-2.530867
1.004067
-0.759763
0.809784
-1.742987
2.158799
-2.384758
1.618379
-2.437099
-1.776192
-2.711830
-0.881872
-0.576375
2.089942
-0.233743
2.543174
0.352990
0.270947
0.404892
2.930499
-1.735945
2.886410
-0.755104
-1.789465
0.278300
0.211093
0.090660
2.403778
-2.574863
-1.088283
-1.789465
1.614247
-2.831890
0.680521
0.540420
0.189988
-0.722979
0.388319
-1.843805
-1.965587
2.414950
0.179853
2.067219
0.847817
0.533708
2.323948
-0.896055
2.806856
-2.034444
1.723446
0.785398
-2.761086
-1.797595
1.815775
-0.729900
-1.199905
-0.165149
1.359703
0.992894
-0.273009
1.570796
2.819842
2.746802
-1.487655
2.446854
-1.747505
-0.881872
-1.824470
0.996491
3.058451
2.553590
-0.152649
0.179853
-0.479519
0.189988
3.141593
-2.768605
-2.808348
1.533776
-2.067219
-2.918116
-2.976444
2.140110
-2.695487
2.000559
-2.846152
-1.919567
0.661043
2.918116
-0.982794
1.700499
-0.962994
0.165149
2.323948
-0.668289
-2.158799
-0.970746
1.347320
2.473303
2.297439
1.570796
1.190290
-0.970746
-1.604117
-2.677945
-0.165149
2.158799
-0.295441
-0.367174
-1.951303
1.373401
1.959115
-1.160669
2.746802
-2.018316
-0.463648
-0.043451
0.950547
0.410127
-1.735945
1.024007
1.275355
-1.373401
-1.037088
2.070143
-0.758378
-1.892547
1.784857
0.945311
-2.578276
-1.781890
-0.643501
-1.190290
-1.750650
2.958482
-2.356194
0.722979
3.141593
0.576375
3.006065
-0.478352
2.185459
2.914794
-1.862253
-1.858852
1.022247
2.018316
0.179853
-2.016902
-2.356194
0.785398
-0.446106
1.076855
0.043451
-2.300696
1.380808
-2.607884
-2.173084
-0.870903
-0.298499
-1.690225
0.298499
-2.697173
2.958482
-1.333948
-2.381830
2.835714
1.051650
-0.994421
0.334737
-2.753274
-2.297439
1.905533
-1.107149
2.601173
-2.768605
-0.507099
-1.475845
-2.711830
0.197396
-2.819842
-0.308053
-0.815692
-2.239086
3.103150
-2.446854
-2.147172
0.819867
-0.262995
2.896614
1.182478
2.657115
-0.404892
-0.478352
-0.960070
1.712693
-2.958482
-2.638749
-3.054854
-1.700499
3.141593
-2.607884
0.000000
0.444419
-2.601173
0.917950
-2.178598
-1.849096
2.000559
0.039979
1.525373
-1.839964
0.135528
-2.657115
-1.051650
2.659079
-2.170847
-0.090660
1.794273
-0.218669
-2.279423
2.868584
1.304544
1.227772
2.868584
-0.902507
-0.563316
1.997424
2.896614
0.039979
-0.524796
0.000000
-1.405648
0.426627
0.750929
0.917950
-2.191046
2.279423
1.387686
-2.477546
1.343997
0.502843
-2.239086
2.251318
-0.605545
0.362544
-0.439843
-1.341564
-0.321751
2.714965
-1.781890
-2.896614
0.309703
2.857799
-0.480887
-2.875341
3.141593
-1.315614
-1.665748
2.906048
0.321751
0.688924
-0.668289
-2.270689
3.072736
0.422854
-3.099950
1.275355
3.098142
1.405648
0.815692
1.815775
-0.566729
0.000000
2.886410
3.054854
1.373401
1.570796
2.422763
0.756835
1.975688
1.178456
-1.046001
0.414507
-0.982794
-1.794273
-0.410127
0.404892
2.714965
-2.565217
-2.137526
-2.446854
-1.206817
-0.625485
0.785398
-1.067953
2.437099
1.236059
-2.645170
-1.989021
-1.249046
1.249046
-3.046641
-2.221873
-1.637364
1.147942
-1.607816
0.141897
-0.847817
-1.858852
0.083141
3.101614
-2.432966
0.540420
0.813962
-0.372988
-2.330559
-2.221873
-0.398522
-2.196281
1.997424
0.756835
-0.694738
2.677945
2.792822
-1.570796
1.490966
1.742987
1.620755
-2.808348
0.045423
-2.158799
-2.904744
1.661456
-3.058451
2.356194
2.731465
-2.951604
2.261243
-0.414507
2.104505
2.356194
2.356194
2.512796
-0.158655
0.047583
2.134113
-1.398606
-1.249046
3.104573
-2.642246
0.244979
0.817645
0.000000
-3.050933
-0.041643
1.892547
1.723446
-1.657535
0.519146
-0.844154
-2.129396
0.099669
1.315614
-2.863293
0.970746
-2.323948
0.068856
2.521343
-0.753151
3.141593
2.512796
2.327631
2.709185
-0.321751
-0.235545
0.372988
-0.480887
1.804540
-2.473303
2.253113
1.335251
-1.199905
-2.356194
-1.484058
1.373401
1.297788
2.976444
-2.695487
-2.293776
2.053310
-2.408778
0.076772
0.588003
0.819867
0.970746
-1.499489
-1.824470
-0.348771
-0.753151
0.447520
-0.885067
-1.292497
-0.688924
0.502843
-0.815692
1.959115
0.135528
-2.303611
-2.386488
-0.758378
-2.768605
2.857799
0.499347
2.863293
-1.051650
1.776192
-2.134113
-3.022164
1.570796
-0.704494
1.570796
-1.022247
2.512796
0.103082
1.056345
0.574305
3.099950
-1.022247
-3.061763
2.868584
0.049958
-2.694073
-2.505084
-1.878849
-1.275355
-2.806856
3.038511
0.888480
-0.588003
-2.384758
2.982937
-2.323948
-2.718739
-0.563316
-0.762147
-0.533708
1.279340
3.141593
2.081285
0.119429
1.612439
-2.976444
1.776192
2.498092
-2.850136
2.782822
-2.714965
-0.750929
-1.088283
-0.643501
-0.902507
2.594804
-2.477546
-1.423718
0.119429
3.141593
2.125104
-2.265535
-2.994514
0.917950
-0.321751
2.543174
1.347320
-0.785398
2.868584
-2.521343
-2.473303
-1.880499
-1.729452
-2.018316
0.197396
0.945311
1.975688
1.661456
2.111216
2.699218
1.712693
-2.587285
-1.650626
-0.463648
-2.553590
0.484478
1.172274
0.785398
2.677945
0.758378
0.000000
-0.704494
-0.909753
1.455920
2.214297
-2.563691
-0.935770
-1.570796
2.016902
-0.566729
-3.103150
-1.170556
1.653938
-1.532354
-1.123276
-1.337053
-0.945311
0.041643
-0.380506
2.609869
2.356194
0.463648
-2.736701
-2.907849
2.265535
-0.870903
-3.050933
-1.107149
-0.909753
-1.570796
2.329174
2.356194
2.875341
0.815692
-3.011890
-0.255182
3.017238
0.756835
-1.760785
0.699893
-2.085248
2.936197
2.383215
0.620249
-2.677945
-1.833791
0.404892
-0.970746
-0.759763
0.813962
2.181522
2.875341
0.043451
1.182478
-0.813962
2.327631
-1.086318
-1.985303
-2.119346
-1.024007
-1.570796
1.144169
0.429762
0.722979
2.896614
-2.137526
1.343997
2.418613
-2.158799
1.959115
2.077895
0.610726
2.270689
2.134113
-3.022164
-0.994421
-0.410127
-1.610775
1.533776
1.292497
0.442374
2.125104
0.533708
1.496857
-0.785398
-1.451367
-2.944197
-3.022164
1.905533
3.099950
-0.927295
-1.892547
0.758378
2.034444
1.237552
-0.896055
-2.565217
-1.515298
0.844154
-2.786887
-0.753151
-1.435269
1.892547
2.070143
-0.576375
-1.712693
2.055274
1.304544
2.578276
-2.936197
-0.141897
0.266252
0.945311
0.785398
0.885067
1.037088
-2.466852
-2.480549
-1.975688
0.244979
2.863293
0.110657
0.600050
-1.373401
1.858852
-2.695487
1.141034
-3.038511
2.300696
0.729900
-0.047583
2.627141
-1.729452
