2.521343
2.645170
1.471128
-2.051684
-0.170735
-1.147942
-2.380580
-2.356194
1.607816
2.245537
0.813962
2.256526
-2.886410
2.207305
2.754717
-2.300696
-2.018316
1.261093
0.813962
-2.951604
1.487655
-0.463648
-0.934288
-1.208252
2.613518
1.496857
-1.530818
0.554307
2.662073
1.428899
-0.374334
1.152572
0.876058
-0.566729
-1.965587
0.165149
0.068856
3.110353
2.999696
2.356194
-2.958482
-0.463648
1.657535
-1.644735
-2.595938
3.107124
-0.388319
-1.156289
0.902507
2.000559
-2.125104
0.694738
-2.306236
-1.494024
1.301629
-0.480887
-1.750650
1.144169
0.668289
-0.891383
2.414950
0.643501
0.197396
-1.527345
-1.644735
-2.976444
1.088283
-1.570796
0.119429
0.858439
-0.499347
-2.914794
-1.227772
2.999696
-2.256526
-0.064427
0.110657
2.914794
-1.605265
-3.009041
-0.158655
-2.819842
1.881795
-3.067654
0.394791
1.854590
-2.356194
-2.117585
1.301629
1.212026
0.680521
2.516108
-0.434670
-2.988943
-2.831890
-2.483704
3.041924
1.146602
0.827041
1.190290
0.305879
-0.496423
2.918116
-3.004526
1.212026
-0.651077
-1.269876
-1.606495
0.635027
2.098871
2.570255
1.862253
-2.095592
2.741352
-2.117585
0.071307
0.114877
-0.866302
0.104877
-0.288055
-0.901157
0.444419
-0.635027
2.582993
2.191046
2.067219
-2.003204
-2.736701
-2.411693
2.251318
1.172274
3.077166
2.709185
-2.521343
-1.471128
1.570796
-2.199593
0.502843
1.212026
1.056345
1.086318
-2.064738
-1.012197
2.018316
2.746802
1.759018
1.937970
2.944197
-0.398522
-0.982794
-1.297788
-1.134169
-0.558599
3.141593
-2.414950
0.278300
0.735440
0.158655
3.041924
-2.964884
3.105894
1.343997
0.426627
1.016489
-2.761086
-1.506369
-0.596199
1.535097
-0.722979
-2.525296
-0.404892
-2.753274
2.936197
-0.158655
-0.514451
0.972377
-0.480887
2.889038
0.674741
2.245537
0.482513
-1.123276
-1.723446
-1.975688
1.607816
0.482513
2.356194
-0.147078
0.266252
0.421419
1.925502
-0.244979
0.919720
-2.259721
-1.644735
-0.991722
-1.730709
-0.927295
0.071307
-1.197809
0.086738
2.473303
0.569313
-2.181522
-0.870903
-1.606495
1.272297
1.824470
-0.147078
0.104877
-1.670465
-1.156289
-0.354706
-2.321725
-1.717875
-0.031240
-1.789465
-0.073939
-2.981680
-1.980924
-1.373401
-2.300696
2.561590
2.411693
-1.937970
1.929567
-2.999696
2.214297
2.589938
1.001483
3.075024
-2.896614
0.321751
0.124355
2.145101
-2.530867
-2.512796
-2.944197
-0.066568
-2.677945
-2.018316
-0.066568
-0.253674
2.831890
-1.670465
2.034444
2.356194
2.356194
2.134113
1.742987
1.661456
0.837981
-2.847358
2.181522
1.670465
2.951604
2.761086
0.156602
2.695487
-1.287002
0.546789
-1.301629
0.486899
-2.777614
1.405648
1.530818
-0.890275
-0.332059
3.050933
-1.881795
-2.914794
0.380506
-0.463648
3.107124
-2.695487
1.071450
-1.937970
-0.837981
0.722979
1.292497
3.070285
0.076772
-0.463648
2.880990
2.418613
1.262744
-1.418147
-0.132552
1.024007
-0.094952
-0.351445
1.570796
2.050316
-1.700499
2.872425
3.006065
0.188222
-1.965587
-2.446854
-1.951303
-1.190290
-0.394791
0.499347
-0.620249
0.837981
-2.228685
0.345556
1.317122
1.824470
-2.396173
0.418224
1.107149
-1.197809
-0.137066
1.287002
3.104573
-1.706324
-3.098142
-2.999696
0.909753
-2.536048
2.709185
-1.892547
-1.695151
1.172274
0.661043
0.218669
3.061763
2.414950
-2.411693
-2.306236
-0.493941
2.613518
-1.412141
-2.563691
2.956245
2.875341
2.483704
-3.107124
1.160669
0.982794
-1.806341
-1.911775
2.695487
-0.973620
-1.141034
0.588003
0.950547
1.951303
0.927295
-1.380808
0.704494
-1.774814
-2.999696
-1.804540
-0.448723
0.785398
-2.706922
-1.387686
-2.403778
2.178598
0.847817
-1.815775
-1.024007
0.896055
1.287002
1.460139
-1.508378
-1.681454
2.356194
-2.553590
0.906750
0.045423
2.221873
0.039979
-1.504228
-0.463648
-0.685730
1.249046
1.030377
-0.904827
0.137066
2.085248
-0.785398
-0.031240
-1.455920
1.647568
0.625485
-2.638749
0.000000
-1.249046
0.073939
0.965252
2.695487
-2.475623
1.315614
0.856706
-1.980924
-0.448723
-0.388319
-1.217806
2.677945
-1.681454
1.644735
-2.607884
2.618314
-0.037020
-1.421906
-1.441094
-2.907849
1.878849
0.156602
2.169215
1.385448
2.796037
0.682317
2.356194
-0.039979
-2.663240
1.451367
0.000000
2.185459
0.128323
1.878849
-1.639653
-1.532354
0.502843
1.089909
-2.926235
1.665748
2.498092
-2.930499
0.927295
-3.041924
0.218669
0.514451
0.962994
-0.165149
3.053585
0.345556
-0.970746
-2.473303
-2.903757
-2.498092
-2.098871
-0.253674
1.878849
2.711830
0.152649
0.759763
0.866302
-0.919720
-0.295441
2.792822
-1.287002
-1.650626
-2.383215
1.398606
-1.477320
1.730709
0.141897
0.141897
-1.405648
-3.045119
-0.244979
-1.039072
-0.076772
1.451367
-1.837048
-3.017238
-1.024007
-1.333948
-1.387686
2.432966
-2.999696
-1.607816
1.007480
-2.936197
2.587285
-0.828849
-0.414507
-0.434670
-2.003204
0.119429
1.366778
-2.214297
3.034857
0.732815
0.896055
1.156289
1.398606
-0.334737
-0.876058
-0.694738
2.631104
1.677532
-1.815775
-2.384758
-2.000559
0.482513
-0.624023
-2.727086
0.616297
3.141593
0.729900
0.576375
1.051650
1.262744
-1.269876
0.158655
2.327631
0.358771
-0.566729
-1.136126
-0.421419
1.343997
-1.315614
0.103082
-1.024007
0.812419
-2.526930
0.000000
-2.380580
1.537475
1.815775
2.196281
2.356194
-0.244979
-1.907471
2.796037
-1.639653
0.482513
0.480887
0.463648
1.412141
2.356194
1.650626
1.681454
1.030377
2.312744
1.677532
-0.463648
0.370891
2.187093
-3.094010
3.064821
1.414194
-0.041643
2.976444
0.448723
2.279423
1.833791
2.579671
0.840897
-2.677945
-2.498092
1.929567
-1.735945
-0.273009
3.103150
-0.809784
-1.647568
-1.107149
-2.432966
3.058451
1.147942
0.657889
-0.244979
-0.982794
2.984991
1.275355
-1.904041
-2.137526
1.343997
2.779048
0.152649
-2.662073
-1.707863
0.540420
0.699893
2.802300
-1.024007
-1.789465
1.212026
-1.047518
1.083897
1.880499
-2.384758
-2.961739
1.107149
0.628796
0.260602
0.808650
-0.478352
0.514451
-0.172191
-2.356194
-2.119346
-2.111216
0.380506
2.050316
-0.333244
-2.677945
0.273009
-1.570796
-1.138389
1.398606
2.270689
-2.958482
0.668289
1.144169
-1.876675
-0.083141
0.226799
-0.563316
1.123276
-2.356194
1.614247
-1.089909
0.664046
2.432966
0.165149
-2.663240
-1.828120
-2.613518
1.967876
-0.992894
2.383215
-2.718739
1.373401
-1.107149
-1.501940
-0.197396
-1.797595
1.712693
-1.288241
3.030935
-0.496423
1.747505
0.732815
1.570796
0.992894
-2.325901
2.111216
-1.325818
1.647568
-0.038443
-1.925502
1.398606
2.034444
-0.039979
-2.906048
2.483704
-0.840897
-2.506566
2.239086
-1.051650
2.356194
2.505084
-2.533791
-0.533708
-2.325901
0.840897
0.870903
-2.953371
-2.330559
0.832981
-1.712693
-0.110657
0.982794
-1.508378
-3.058451
-0.041643
-0.583870
-1.869295
2.847358
1.880499
-0.482513
-2.283154
1.039072
0.083141
1.527345
1.923787
-0.533708
2.741352
2.414950
-2.664247
2.297439
-1.019141
1.325818
