0.266252
2.731465
-2.356194
-2.961739
2.077895
-2.798569
2.808348
1.804540
-3.070285
-0.909753
2.446854
-1.212026
0.370891
-2.427502
1.124691
1.515298
0.533708
-2.618314
-2.944197
0.432408
3.030935
1.107149
2.356194
-1.412141
-2.228685
0.233743
-2.843094
-1.086318
0.432408
0.927295
-1.446441
1.264917
-0.741947
-0.600050
-0.840897
2.819842
-1.532354
-2.525296
1.455920
0.094952
0.083141
-0.071307
-0.904827
-2.176341
0.950547
0.785398
0.927295
1.951303
-2.239086
-0.844154
0.255182
-1.016489
-2.833540
2.015216
2.651635
-1.727398
-2.853537
-0.235545
0.785398
-2.196281
0.041643
2.887919
-0.868539
0.674741
-2.853537
-0.729900
2.178598
-1.475845
0.652847
2.279423
-0.965252
1.460139
-0.605545
0.588003
1.535097
2.521343
2.312744
1.158386
2.034444
1.337053
-1.249046
-0.982794
1.784857
-0.270947
-0.226799
0.844154
2.677945
0.837981
2.802300
1.642104
0.528074
-2.843094
-1.347320
-2.221873
-2.774419
0.815692
-2.918116
-0.942000
-2.553590
-1.418147
2.485897
-2.251318
0.000000
1.412141
0.352990
-0.756835
-0.148890
-2.753274
0.849141
-3.061763
3.141593
1.396124
2.970857
-2.461071
2.853537
1.304544
2.976444
1.471128
-3.103150
-0.758378
-1.761981
1.275355
0.912908
2.475623
-0.876058
1.453688
1.923787
0.117109
-1.051650
3.086094
1.199905
-2.694073
1.299849
2.393215
2.089942
1.965587
-2.613518
-1.538549
2.104505
2.221873
-0.436627
-0.942000
-0.058756
2.275290
1.892547
-3.061763
2.498092
1.869295
-0.336675
2.833540
0.531724
-0.189988
2.936197
-0.482513
1.862253
0.298499
-0.499347
2.563691
-1.176005
0.876058
-0.750929
2.455863
3.141593
2.356194
0.785398
-3.038511
0.844154
2.297439
0.935770
0.837981
-0.244979
0.370891
2.896614
-0.927295
-0.446106
-1.971037
-1.815775
2.455863
2.964884
0.426627
-1.815775
-1.387686
-2.543174
-2.265535
2.930499
2.034444
1.222025
-2.173084
-1.325818
1.843805
1.618379
-2.356194
2.016902
2.158799
2.303611
-2.951604
-0.811034
2.226492
-0.982794
-0.699893
-0.343024
-2.234842
1.951303
-2.582993
0.141897
-1.747505
-0.499347
3.141593
2.695487
2.819842
-2.234842
-1.703348
1.515298
1.735945
0.881872
-2.736701
2.761086
2.951604
-0.429762
1.753907
0.418224
-1.418147
-2.878598
-0.321751
-2.846152
-2.743070
-1.071450
1.284745
2.070143
-3.017238
-1.453688
-1.760785
1.144169
-1.176005
1.297788
-0.499347
-1.959115
-0.876058
-1.373401
-1.804540
0.158655
-2.284887
-1.892547
0.334737
0.847817
1.451367
3.061763
2.439336
-2.618314
2.466852
-0.463648
-1.993650
-2.016902
-1.212026
-2.857799
2.265535
-2.553590
-2.594804
-2.089942
-0.252554
-0.218669
-0.819867
-1.695151
-0.404892
-0.625485
-0.262995
2.381830
-2.356194
0.486899
2.936197
0.354706
-0.380506
0.674741
0.480887
1.570796
1.107149
-2.530867
2.303611
3.113029
-1.156289
-0.270947
2.709185
-2.677945
0.233743
-2.414950
1.284745
0.502843
2.731465
-1.272297
2.214297
1.723446
-2.297439
0.965252
2.594804
2.553590
-1.815775
-1.745469
0.358771
2.466852
-0.588003
1.512041
-1.051650
0.222082
3.141593
2.293776
2.303611
-0.244979
-1.418147
-2.383215
2.541542
-1.607816
-1.690225
-0.172191
-1.570796
-2.961739
-0.058756
2.819842
2.259721
-0.574305
-0.148890
0.558599
0.643501
-2.944197
1.423718
0.540420
-0.605545
-0.135528
1.158386
-1.971037
2.158799
-2.806856
2.245537
0.890275
3.107124
-0.055499
-2.574863
-2.480549
2.427502
-2.034444
2.089942
-0.665969
0.999459
0.982794
-2.399645
-2.393215
1.723446
-1.004067
0.211093
2.578276
-0.205395
0.333244
2.016902
2.070143
1.464061
0.502843
-2.148698
-1.190290
-1.313473
1.237552
1.880499
-2.129396
-2.312744
-2.070143
-0.708626
-1.225241
1.475845
-0.094952
3.141593
0.094952
-2.796037
1.653938
-0.870903
0.295441
2.601173
-2.331809
-0.174672
1.831399
1.570796
2.010639
0.380506
-1.778293
0.308053
-2.432966
-0.321751
0.708626
2.089942
0.447520
-2.788602
0.348771
1.138389
1.438245
3.075024
-0.463648
-1.264917
2.565217
-2.512796
0.117109
-1.299849
-1.272297
-1.735945
-0.414507
-1.849096
1.919567
2.303611
0.000000
0.463648
2.951604
-3.075024
0.257324
-2.541542
1.532354
2.205823
-0.083141
-0.083141
2.167973
-2.191046
-2.256526
2.239086
-2.117585
0.499347
0.104877
-1.815775
2.236766
-1.144169
-0.141897
2.704965
-0.380506
-1.673878
-2.589938
-1.074374
2.308611
-1.570796
2.466852
-0.741947
0.605545
-0.817645
-0.463648
-0.152649
-1.480136
-0.197396
2.782822
-1.030377
-2.802300
-2.122451
3.024484
-0.334737
2.303611
0.244979
1.535097
-0.563316
-1.299849
3.141593
-2.050316
-0.909753
-1.993650
-0.165149
1.712693
-0.486899
-0.866302
-2.104505
0.588003
2.976444
0.218669
0.000000
2.173084
-1.833791
-1.282741
0.576375
-2.439336
2.727086
1.784857
-0.039979
-2.796037
2.506566
-0.218669
0.862170
-1.325818
-1.570796
-0.114877
-0.519146
0.661043
-2.543174
-1.343997
-1.037088
2.384758
3.017238
2.521343
-2.699218
2.642246
2.695487
2.437099
-1.012197
-1.801887
1.703348
-0.643501
1.525373
2.098871
-2.922924
0.950547
1.304544
2.158799
-2.711830
-1.352127
-2.308611
2.875341
-2.158799
0.039979
2.498092
0.785398
0.410127
2.782822
-0.211093
0.722979
-0.825377
1.831399
-2.388441
2.089942
2.677945
2.853537
-1.685673
-2.753274
-0.321751
-0.828849
2.831890
3.091634
2.699218
-0.321751
-2.265535
-1.616220
-0.154997
2.475623
0.117109
-2.819842
-1.801887
-1.925502
-0.972377
-1.892547
-1.570796
0.915101
0.394791
2.196281
-1.768192
-0.380506
2.521343
-0.426627
-0.345556
1.623379
-2.256526
-1.959115
2.158799
0.992894
-1.670465
0.214061
-1.644735
-2.970857
1.806341
1.961403
-2.125104
-1.471128
2.256526
2.406153
-0.755104
-2.857799
-1.530818
0.708626
1.058407
-0.099669
-1.123276
0.514451
-1.639653
-2.677945
2.300696
-0.868539
0.968509
-2.051684
0.934288
0.207496
0.982794
-2.403778
-1.380808
3.082837
-2.918116
-2.642246
-0.309703
-2.761086
-0.726642
-1.272297
0.103082
1.685673
2.976444
-1.428899
2.642246
-1.107149
-0.426627
-1.107149
1.570796
1.325818
-0.174672
-0.394791
-1.570796
-0.283794
2.148698
1.657535
-0.970746
-1.138389
2.723368
0.896055
-2.521343
1.706324
2.594804
-0.548549
2.205823
2.896614
1.176005
-0.244979
-0.890275
2.446854
-0.439843
-0.598419
2.695487
-0.255182
1.661456
2.970857
0.851966
-0.484478
0.321751
-0.110657
-1.022247
1.910089
2.399645
2.711830
-2.000559
-0.141897
2.819842
-2.098871
0.785398
0.876058
-2.003204
2.870646
-2.427502
0.211093
0.588003
-0.876058
-2.325901
-0.426627
-2.976444
1.653938
-0.141897
0.135528
2.239086
3.017238
-2.984991
-1.494024
-0.885067
2.516108
-2.148698
2.245537
-0.321751
1.076855
-2.966920
-1.570796
2.466852
1.203622
1.089909
-1.107149
-2.475623
0.000000
1.723446
0.600050
0.076772
-2.104505
-1.570796
2.356194
1.880499
0.735440
-0.870903
0.211093
-1.670465
0.868539
2.677945
-2.356194
0.000000
-0.917950
-2.429235
-0.785398
-3.026716
-0.657889
-2.595938
-2.158799
-0.283794
