2.057696
2.289626
1.160669
-2.239086
-0.625485
-1.612439
-2.870646
-3.075024
1.523213
1.843805
0.463648
1.828120
-3.017238
1.862253
2.393215
-2.526930
-2.259721
0.610726
0.302885
3.011890
1.165905
-0.708626
-1.107149
-1.723446
2.064738
1.158386
-1.862253
0.000000
2.270689
1.158386
-0.718830
0.722979
0.674741
-1.222025
-2.185459
-0.205395
-0.632749
2.553590
2.536048
1.965587
2.976444
-0.965252
0.813962
-1.801887
-2.466852
2.508844
-0.682317
-1.856848
0.576375
1.727398
-2.541542
0.336675
-3.926991
-1.712693
0.588003
-0.815692
-2.553590
0.856706
0.295441
-1.937970
2.117585
0.370891
-0.041643
-1.784857
-2.034444
3.098142
1.012197
-1.837048
-0.156602
0.588003
-0.694738
2.654693
-0.588003
2.677945
-2.677945
-1.325818
-0.235545
2.804918
-1.815775
2.312744
-0.321751
3.221423
1.292497
2.961739
-0.129703
1.475845
-2.609869
-2.393215
0.896055
0.982794
0.432408
1.980924
-1.373401
2.992703
-3.141593
-2.788602
2.704965
-0.463648
-1.107149
1.063698
-0.576375
-0.876058
2.356194
-3.298195
0.982794
-0.896055
-0.244979
-1.989021
0.106736
1.727398
2.034444
1.107149
-2.660705
2.677945
-2.516108
-0.540420
-0.358771
-1.046001
-0.418224
-0.605545
-1.304544
0.000000
-0.972377
2.223643
1.876675
1.849096
-2.214297
-2.982937
-2.806856
1.943784
0.876058
2.788602
2.427502
-2.906048
-4.248741
3.141593
-2.582993
-0.179853
0.785398
0.817645
-0.750929
-2.723368
-1.165905
1.661456
2.356194
1.441094
1.618379
2.073640
-0.832981
-1.206817
-1.825979
-1.792878
-0.935770
2.819842
-2.654693
-0.655696
-0.124355
-0.052583
2.521343
2.750986
2.122451
1.086318
0.218669
0.755104
-3.210449
-2.111216
-1.504228
0.785398
-1.126377
-3.064821
-0.652847
-2.999696
2.356194
-0.942000
-0.815692
0.682317
-0.856706
1.892547
0.442374
1.916352
0.286051
-1.325818
-2.077895
-2.578276
1.231504
0.291457
2.007423
-0.442374
0.000000
1.815775
1.292497
-0.625485
0.652847
-2.906048
-2.119346
-1.373401
-2.922924
-1.126377
-0.321751
-3.926991
-0.414507
2.015216
-0.185348
-2.356194
-1.231504
-1.878849
-0.507099
1.687905
-0.540420
-0.636508
-1.989021
-1.480136
-0.682317
-2.878598
-1.993650
-1.325818
-2.137526
-0.260602
2.570255
-2.384758
-1.760785
-2.969402
1.670465
2.145101
-2.196281
1.618379
2.746802
1.905533
1.605265
0.558599
2.239086
-2.553590
-0.197396
-0.569313
1.742987
-2.796037
-2.634494
-3.241261
-0.785398
-3.141593
-2.236766
-0.785398
-0.486899
2.446854
-2.677945
1.518213
-0.680521
1.969319
1.729452
1.570796
1.515298
0.218669
-4.307497
1.695151
1.373401
2.634494
2.158799
-0.038443
2.390664
-1.620755
0.321751
-2.466852
-0.079830
2.853537
1.107149
1.347320
-1.206817
-0.785398
2.709185
-2.466852
3.058451
-0.896055
-0.813962
2.788602
-3.026716
0.917950
-2.095592
-1.570796
0.432408
0.982794
2.992703
-0.244979
-1.203622
2.018316
1.612439
1.007480
-2.422763
-0.512389
0.750929
-0.785398
-0.321751
1.352127
1.626295
-2.070143
2.158799
2.727086
0.000000
-2.196281
-2.526930
-2.265535
-1.789465
-0.531724
0.135528
-1.236059
0.519146
-2.677945
-0.218669
0.896055
1.620755
-3.050933
0.205395
0.699893
-1.414194
-0.885067
1.130954
2.657115
-1.975688
2.907849
2.833540
0.785398
-3.072736
2.570255
-2.214297
-1.856848
0.906750
0.179853
-0.185348
2.677945
2.517570
-2.677945
-2.609869
-1.373401
2.214297
-1.690225
-2.753274
5.961435
2.480549
3.386571
2.647651
0.996491
0.938047
-2.265535
-2.553590
2.521343
-1.199905
-1.435269
3.386571
0.674741
1.607816
0.128323
-1.512041
0.502843
-2.134113
2.259721
-2.158799
-0.868539
0.486899
-2.777614
-1.670465
-2.609869
1.913820
0.463648
-2.622447
-1.451367
0.602287
0.927295
0.546789
-2.414950
-2.279423
1.905533
-2.988943
0.076772
-0.358771
1.907471
-0.363979
0.862170
-0.896055
-1.152572
0.965252
0.288055
-1.735945
2.677945
1.670465
-1.083897
-0.507099
-1.828120
1.441094
0.129703
-2.944197
-0.664046
-2.746802
-0.493941
1.570796
2.582993
-3.038511
1.152572
0.137066
-2.627141
-1.570796
-0.851966
-1.849096
2.582993
-2.176341
1.249046
-2.855541
1.570796
-1.570796
-2.019520
-2.223643
2.711830
1.520838
-0.523278
1.983207
0.811034
2.432966
0.444419
2.173084
-0.463648
-3.204011
1.158386
-0.390607
1.418147
-1.570796
1.570796
-2.064738
-1.759018
0.148890
0.982794
2.265535
1.282741
2.003204
-3.398916
0.558599
3.017238
-0.394791
0.110657
0.244979
0.000000
2.070143
-0.442374
-1.262744
-2.857799
-2.158799
-4.547240
-2.386488
-0.620249
0.902507
2.356194
-0.099669
1.373401
3.283490
-1.460139
-0.758378
2.356194
-1.421906
-1.797595
-2.593043
1.130954
-1.929567
1.390943
-1.325818
-0.052583
-1.706324
2.265535
-0.643501
-1.501940
-0.588003
1.190290
-2.727086
3.011890
-1.428899
-1.107149
-1.657535
2.284887
3.041924
-1.804540
0.815692
-3.271295
2.236766
-1.394087
-0.825377
-1.494024
-2.855541
-0.321751
-0.291457
-3.141593
2.475623
0.418224
0.231091
0.737815
0.862170
-0.755104
-1.083897
-3.046641
1.570796
1.325818
-2.356194
-2.699218
-2.170847
0.223477
-0.996491
-3.046641
0.566729
2.944197
0.308053
0.165149
0.815692
1.107149
-1.626295
-0.398522
2.015216
-0.066568
-0.938047
-2.034444
-1.080839
1.249046
-1.520838
-0.367174
-1.206817
0.540420
-3.101614
-0.309703
-2.677945
0.832981
0.756835
1.907471
1.508378
-0.643501
-2.543174
2.677945
-1.923787
-0.132552
0.141897
0.000000
1.128422
1.707863
1.222025
2.446854
0.674741
1.165905
1.337053
-0.785398
-1.433730
1.695151
2.782822
2.770701
0.927295
-0.708626
2.645170
-0.244979
1.833791
1.475845
3.605240
0.422854
2.819842
-2.593043
0.982794
-2.401618
-0.370891
2.886410
-1.735945
-1.878849
-1.570796
-2.723368
2.711830
0.851966
0.418224
-0.828849
-1.262744
2.381830
0.840897
-2.196281
-2.270689
1.292497
2.034444
-0.628796
-2.884269
-1.941688
0.321751
0.418224
2.411693
-1.373401
-1.969319
0.785398
-2.064738
0.674741
1.512041
-2.850136
3.022164
0.566729
-0.214061
-0.132552
0.489957
1.190290
0.321751
-0.286051
-2.609869
-2.634494
-2.553590
0.172191
0.785398
-0.620249
-2.918116
0.047583
-1.916352
-2.055274
1.046001
1.828120
-3.246470
0.418224
0.881872
-2.256526
-0.372988
-0.055499
-0.718830
0.708626
-4.570492
1.471128
-1.337053
0.343024
2.055274
-0.135528
-0.463648
-2.483704
-2.466852
0.694738
-1.262744
1.570796
-3.215532
1.058407
-1.396124
-1.929567
-0.548549
-2.095592
1.292497
-3.605240
2.802300
-0.950547
1.570796
0.185348
1.373401
2.553590
-2.473303
1.030377
-1.570796
1.347320
-0.291457
-2.321725
1.262744
1.961403
-0.156602
-3.141593
1.815775
-1.206817
-2.982937
1.923787
-1.570796
2.145101
1.873681
-2.870646
-2.111216
-3.009041
0.635027
0.625485
2.819842
-2.488746
0.390607
-2.601173
-0.463648
0.668289
-2.158799
2.918116
-0.110657
-0.756835
-2.145101
0.197396
1.828120
-0.858439
-2.403778
0.712358
-0.257324
0.715744
1.352127
-0.755104
2.480549
2.289626
2.308611
2.083186
-1.299849
0.970746
