-1.319911
1.124033
-0.399454
-1.557941
1.222007
-0.010541
-2.076234
-1.361555
1.299096
1.222240
-0.069467
-0.248961
-0.125578
0.119097
0.086030
-0.260267
0.214832
-0.329231
1.257345
1.706961
0.181355
0.154893
1.345429
1.247377
-0.085644
0.123489
-1.319289
-1.832366
0.077566
-1.315612
-1.357476
0.113287
-0.436017
1.311036
0.110768
-0.301724
0.226097
-0.349333
0.241549
1.255783
-0.009527
0.209645
0.209564
-0.322146
-0.031808
-0.499108
0.005630
-0.442469
-1.542063
1.279718
-0.041440
1.258056
0.141152
0.009765
1.542386
1.299544
1.284892
-0.043104
0.056155
1.856559
-0.098966
-0.362011
-0.386806
0.182753
-0.336103
-1.343967
-1.328369
0.072041
-0.438219
-1.350316
1.014980
-0.132884
-0.314143
-0.078425
-1.545168
-0.027309
-0.102782
1.280558
1.466382
-1.383236
-0.398078
0.000671
-2.051816
0.174385
0.180079
-0.125736
1.381417
0.118907
-0.055932
-1.313373
1.244878
1.209491
0.072791
-0.065162
0.055981
-0.059709
-0.375105
0.009138
-0.097738
-0.085557
0.294861
-0.352692
0.045988
-0.004311
-0.374737
0.188492
0.216324
1.213396
-0.447635
0.264629
-0.306907
-0.356753
-0.173433
-1.392432
-1.276921
-0.308163
0.258976
0.099694
-0.335993
-0.283298
-0.360235
-0.139821
-0.103038
1.159608
0.165939
-0.046611
0.192900
-1.405388
1.375710
-0.349012
-1.325639
0.113574
-1.303788
-0.280889
0.053996
-0.427001
1.317460
-1.402491
-0.343204
0.086136
-2.080698
0.241432
0.219745
-0.120246
0.054647
-0.129808
0.127836
-0.068233
0.192893
-1.311742
-1.387421
0.071803
1.319533
1.335378
0.146917
1.338343
-0.337907
0.155822
-0.068029
0.182672
1.268212
-1.321452
0.216240
-0.355925
-1.196825
0.130432
-0.338362
-0.332186
-0.054862
-1.226362
-1.384005
-0.294752
-1.320121
-0.357509
-0.309198
0.168034
1.267154
-0.101012
-0.038199
-1.396028
0.150370
-1.340049
-0.427714
0.156896
-0.454974
-0.344532
-0.323956
1.189381
-1.281086
0.111009
-0.342401
0.105971
-0.250483
0.098845
-0.370110
1.236779
0.232890
0.114511
-0.117496
0.186546
0.343256
0.020695
0.118446
-0.499293
-0.469405
-0.071807
0.164006
0.126552
0.209076
1.219919
-1.341190
0.206840
-0.341768
0.215906
-0.347522
0.161486
-0.291248
1.155117
0.070335
-0.448266
0.262247
-0.354065
-0.324573
-0.019573
-0.308182
1.356232
-0.404986
-0.604047
-0.452246
1.216144
1.269812
1.196560
-0.434772
0.109518
-0.175689
-0.346029
-0.351278
-0.384693
-1.898605
-0.215141
1.341111
0.131668
0.185721
0.199205
1.339955
-1.547157
-0.354433
-0.412456
0.205437
0.326964
-0.289736
-0.417701
0.195989
0.182240
0.113466
-0.397510
1.232941
0.020112
0.022874
0.216115
0.299553
-0.337051
1.118059
1.333006
0.065354
-0.262532
-2.099476
-0.250422
0.138598
-0.041492
0.135278
0.065749
0.210207
1.391988
-0.028676
-1.154887
0.196560
1.391955
-0.343253
0.240257
-2.135287
1.220547
-1.526745
0.208186
1.261990
1.358819
-0.417133
-0.435053
-0.382533
-0.156019
0.226468
-1.437996
-2.153067
-0.317427
-0.109960
1.054973
-2.123876
1.398617
1.371346
-0.434927
-0.343675
1.314848
-0.977556
-0.085248
0.009817
-0.392123
-0.367584
-0.079373
1.295700
0.135852
-1.238597
1.142213
-0.239068
0.240473
-0.029805
-1.277939
-0.431687
-0.042791
-0.025269
0.064180
1.346534
0.020413
-0.414007
-0.000811
1.236398
1.300656
0.219011
1.262766
-0.412288
-2.003727
-0.243822
0.131210
-0.377366
1.550475
-1.583575
-0.062716
-0.054864
-1.984443
1.059247
0.142491
0.170607
-0.105768
0.148654
0.011620
0.018755
0.239357
-0.224258
-0.323596
-1.256161
-1.361639
0.159280
1.306603
-0.322283
0.202643
-0.358720
1.345492
-0.324400
-0.384094
0.171884
-0.027351
0.120152
-0.263555
1.718570
0.066572
-0.334697
-0.410152
-0.258098
-0.348425
0.034048
-0.061728
-0.080403
0.170367
0.246350
1.215843
-1.492901
0.133598
0.240295
1.466203
-0.319263
-0.258948
-0.011429
-0.288146
1.241855
-0.266271
1.317280
-0.245746
0.131943
0.209678
-0.380684
0.253536
0.028318
-1.446558
1.282823
0.283617
1.195348
1.249891
0.180987
1.534147
1.317454
-0.077476
-1.252760
1.159785
0.170115
-0.061453
-0.312525
-0.378683
0.120159
0.141888
-0.413170
-0.375465
1.427167
0.020668
1.190272
-0.068767
0.168255
-0.390045
-0.591458
-0.434411
0.123958
-0.244220
0.001969
0.078405
1.233907
0.163537
-0.030192
-0.373384
-0.056046
-0.359201
1.371019
0.077619
-1.477159
-1.243349
-0.414780
1.283792
0.079535
0.164093
0.068108
1.403628
1.249907
-0.116804
-0.307168
-1.506268
1.290664
0.418610
0.185756
0.153635
-0.265519
0.017988
-0.032753
-0.537726
-0.137593
0.048313
-0.381887
-0.021738
-0.387631
-1.282305
0.123859
0.168538
-0.039182
-0.400268
-1.200616
0.064998
0.117129
-0.075738
0.264035
1.257196
1.450398
-2.178026
1.319819
-0.050924
-0.358398
-0.255402
0.139810
-0.021518
1.298806
1.090161
-0.202603
0.189849
-0.298436
-0.280608
0.191972
-0.101238
-0.355087
-0.326764
0.174178
-0.321290
0.136272
-0.272170
-0.428015
0.164033
-0.338481
1.246124
-1.200724
0.147703
0.176357
1.420297
0.062092
1.187426
-2.101390
-0.396074
1.453724
-0.066706
-0.382978
-0.412339
0.070561
0.167828
-0.357448
-0.341367
0.210301
0.237177
-0.293447
-0.388871
0.161458
-0.220417
-0.333365
-0.340838
-0.344970
1.354802
-0.221236
0.059293
-0.021591
0.171189
0.083893
1.277147
-0.356023
0.034301
-0.036744
0.182368
-1.352745
-0.218729
1.295334
-0.259026
-0.101410
0.218481
0.199109
0.218718
-1.391872
1.197900
-0.275197
-1.322974
-0.006873
0.273256
0.125344
-0.287074
1.277052
0.248819
-1.313985
0.214165
-0.482051
-0.262249
-0.141923
0.144295
1.260111
-0.211669
0.175984
0.172070
0.085087
0.139851
-0.471404
0.180481
-0.585459
-0.069006
1.640317
0.123591
-0.058724
1.227830
-1.249444
-0.335288
-0.271570
1.351847
1.302325
0.099351
-0.497713
-0.296774
-1.226923
0.024465
1.270486
-0.232914
1.255669
-0.339094
1.378869
0.044910
1.584630
0.010130
-2.174908
-0.393854
1.655494
-0.325807
-0.230156
-0.331602
1.356459
-0.115024
-0.368701
0.163970
0.130453
0.198672
0.185147
-0.074627
-0.385701
-1.390440
-0.054935
-0.368452
0.129762
-0.008594
-0.365471
0.042444
0.179987
-0.093132
0.149860
-0.545710
-0.474647
0.215643
-1.222569
1.231450
1.294345
-0.189954
-0.268630
1.371047
0.231650
1.545749
-2.084566
1.284595
0.167833
-0.572151
1.114036
0.099660
0.073696
-1.267099
-0.075843
0.082709
-0.305567
-0.319693
0.135892
-0.357099
0.128705
-0.020175
0.264138
-0.078618
-0.332835
0.074153
-1.339463
0.271068
0.136991
-0.311965
0.126046
0.144709
1.605417
1.363534
1.220067
0.054145
0.114118
-0.402018
0.178606
1.298742
-0.377939
1.201661
1.179617
-0.247231
1.176832
-0.390780
-0.021753
1.234010
-0.419086
0.053471
-0.274473
-0.072548
1.232861
-0.324686
0.032445
-0.014445
1.179445
0.195410
0.190509
0.162559
0.115650
-0.032161
1.334069
-0.569194
1.209002
-1.337133
-0.007098
0.233341
0.053184
0.100850
-0.519231
-0.066066
0.038755
0.029066
-0.486272
-0.382682
