0.136411
1.285079
0.073503
0.064959
0.099936
-0.449958
-1.388322
0.125997
1.636059
-0.002724
0.127601
-0.444765
0.046327
-1.378818
-0.303658
0.116489
1.232760
0.018587
-0.267970
1.226250
1.204822
0.025779
0.180728
-0.416097
-1.553055
-0.048362
1.219416
1.410526
1.316288
-0.375829
-0.387302
-0.005089
-0.479266
-0.028093
-0.034296
-0.124079
1.305667
-0.442901
-0.425675
-0.352631
0.094786
1.287324
1.278619
0.221560
-0.325339
0.021666
1.373494
0.040889
-0.332883
0.080225
-0.112244
0.185354
-1.231712
0.100406
0.154380
-0.354352
1.272403
0.042515
-0.364690
0.006830
1.349349
1.272177
0.089561
0.016062
-0.108445
-0.043371
1.294145
0.086664
0.004575
-0.339247
0.216703
-2.062964
-0.059965
-0.210442
0.070350
1.317000
-1.358294
-0.342813
-0.364420
-0.080931
1.332701
-0.459459
0.169944
0.162759
0.209120
-1.377118
1.246742
0.040338
0.066600
0.184250
1.299136
-1.412032
-2.008983
-0.314470
1.313972
-0.035653
1.253384
1.018319
1.270592
-0.359485
-0.205598
1.265462
-0.083052
-0.258180
0.012510
-1.349438
0.168795
1.180335
-1.263158
0.194967
1.321637
-0.411313
-0.063108
1.331165
0.048765
0.211919
-0.248575
0.215236
-0.336077
0.092216
1.234243
-0.075204
1.264603
-1.195693
1.334001
-0.388263
0.093203
-0.318324
0.119917
-0.577044
-1.304484
0.051541
0.182432
0.042535
0.050924
-0.138190
1.348937
1.547210
0.200716
0.178900
1.379034
-0.361695
0.057281
-0.062002
-0.375436
-0.299925
1.115889
-0.048120
-0.036958
-0.059618
1.573031
0.152067
-0.349627
-2.106224
-0.320636
1.319238
-2.234895
1.357932
-1.349991
0.096207
0.021486
1.266871
1.389322
-0.099265
1.930120
-0.137945
-0.063297
-0.447705
1.374689
1.237796
-0.058663
0.209028
1.201711
-0.064637
0.005332
-0.098282
0.127402
1.180700
-0.353681
-1.421973
1.244404
-0.322996
-0.005273
-0.298518
0.080500
-0.350361
0.150078
1.652028
0.229699
0.141877
0.232540
-0.063344
-0.107204
-0.383170
1.300251
-0.036611
0.042180
-0.047602
1.328498
-0.067970
1.519929
1.194775
1.310539
-0.050520
-0.294948
-1.957019
-0.293949
1.242557
0.154843
1.339160
-0.358827
-0.141151
-0.283555
1.257026
-0.063159
-0.321917
-0.322600
-0.301512
1.282532
1.214500
-0.003469
0.135916
1.365373
0.202624
-0.161279
-0.286310
1.357846
-0.013668
-1.454086
0.110490
0.111692
0.133904
-0.260717
0.074755
0.170664
1.279846
0.071009
1.210711
0.195795
-0.028664
0.214774
-0.386116
1.380009
-0.237499
-0.400570
1.276907
0.209889
-0.062782
-0.409789
0.124828
-2.084321
-0.073311
1.248502
-0.047141
0.172257
1.307377
-0.309055
0.331861
1.338061
1.149445
-0.328306
-0.339079
0.055582
1.201987
-0.413500
-0.159411
0.012671
-0.390474
-0.383233
-0.006128
1.271338
-0.418036
1.526739
-0.047915
0.121030
0.179381
0.117849
0.128289
0.171564
-1.326149
-0.372499
-0.067714
-0.381799
-1.257818
1.276258
0.273650
-0.362482
1.389174
-0.261876
0.241686
-0.355500
-0.012413
-0.360118
-0.267028
0.190969
0.220502
0.149979
0.076546
-0.307406
0.151290
-0.093766
-1.527126
-0.319071
-0.356616
0.189500
0.044106
-0.388927
-0.394781
-0.012797
-0.297198
1.268642
-1.286805
1.250413
0.096370
1.359197
0.098253
-0.051965
1.343400
1.324446
-1.263849
1.326382
1.333170
0.006268
1.288614
-2.052998
1.331084
0.073288
0.191616
-0.523703
-0.085420
1.160033
-1.478677
0.139308
-1.369425
0.272907
1.252057
1.316076
-0.055377
-0.434452
-0.099874
-0.313905
0.253784
-0.395251
-1.323680
-0.226366
-1.320384
1.255871
0.110817
1.248068
1.253905
-1.348149
0.156865
1.326700
0.256106
0.030722
1.280552
-0.023614
-0.301951
0.155884
-0.195950
0.185012
0.180881
1.376986
-0.270286
-0.341685
0.197930
-0.159036
-2.140449
1.308753
0.251720
1.281830
0.114703
-0.350912
0.124084
-0.341915
1.392024
0.031069
-0.368353
-0.243838
-1.915932
0.207966
-0.471745
-0.273299
0.180445
0.148268
1.209984
-0.078356
-0.211074
-0.121605
1.139619
-1.323522
0.197750
-0.391640
-0.357959
-0.333337
1.337434
-0.388694
-0.403774
0.102237
0.189802
-0.089594
0.106285
-1.244016
0.082253
1.380793
-0.396114
-0.198126
-1.450402
0.265863
-0.319822
-0.050216
0.048301
0.113209
0.114604
1.254218
0.171875
-0.292955
-0.004654
-0.333591
1.280646
-0.381379
0.117238
0.125689
-1.216652
-0.391912
-0.135326
0.960943
-0.366443
1.139991
-0.049733
0.149170
-0.380091
-2.077837
-0.547102
-0.301862
0.006819
-0.014642
0.060737
1.213364
-0.089976
0.236709
0.156924
1.288875
-0.324786
-0.056564
0.069627
-0.348808
1.178712
-0.101907
-0.066742
-0.338580
0.197311
-2.054435
0.147059
0.193455
-0.286168
1.347278
0.029218
0.122003
-0.075086
0.122669
-0.356186
0.185593
-0.301295
0.032357
-0.011112
0.165789
-0.333061
-0.041697
-0.025597
1.240738
-1.355903
0.174770
0.217781
-0.340389
0.142540
-1.311025
0.149377
0.030331
-0.454933
1.334573
-0.205035
-0.384027
-0.363986
-0.003922
-0.181236
1.199511
0.031354
-1.492281
1.348837
-0.027112
-0.078807
1.298282
-0.227428
-0.292969
-0.053894
-0.614751
-0.258713
0.085475
0.014679
1.343223
-0.196094
0.074276
0.244411
0.155510
1.397570
-0.318113
0.131848
1.205655
1.134554
-0.034421
0.129075
1.498762
-0.290458
0.149008
1.240861
-0.090814
-2.039757
0.213067
0.202072
0.197606
1.260902
1.177422
1.304181
1.500905
-0.250354
-0.105148
-0.112955
0.216980
-0.378547
-0.078074
-0.030107
0.206131
1.323202
-0.029806
-0.065440
1.258387
0.005417
-1.325740
1.364857
-0.134599
-0.293043
1.247532
1.406551
-0.019934
-0.032922
1.210209
-0.673052
1.366407
0.134127
-0.159939
-0.439362
-0.302903
0.124012
1.113657
-1.968485
-0.021082
-1.257534
-0.450900
1.154620
1.316310
0.113064
0.107450
-0.016012
1.255872
0.195730
0.210295
0.139047
1.226199
0.167919
-0.081888
0.051025
-0.077579
-0.505281
1.275556
-1.315017
1.271628
1.261295
-1.409171
-0.375617
1.258973
-0.231232
0.189292
-0.333307
-0.439673
0.185382
1.538576
0.223704
1.423043
-0.357492
1.340028
1.352053
-0.039645
-1.264672
-0.346493
1.211338
-0.036951
1.272315
-2.059640
-0.113809
-0.376862
0.224966
-0.330433
-0.440074
-0.013772
-0.368700
0.055760
-0.070693
-0.128849
-0.341360
0.057393
0.113449
-2.152043
-0.412336
-0.385736
0.277847
0.053953
0.101993
-0.327239
1.311547
0.252129
1.286563
0.172140
0.172382
1.266055
-0.356138
-0.096159
1.519034
-0.010595
-1.337072
0.160357
-0.276579
1.305039
0.167208
-0.471773
1.417721
0.066168
0.264410
-0.271446
0.202452
1.263402
0.215327
-0.174041
-0.369311
0.020240
-1.409612
-0.141478
0.175649
0.089879
-0.264588
1.317395
-0.386458
1.270347
0.167021
1.345410
1.347671
0.088559
-0.257233
-0.024197
0.119463
-2.164048
-0.197245
1.335454
-1.257496
1.247871
-2.164438
1.280785
-0.085039
0.096875
-0.028148
0.140435
-0.054920
-0.291905
-1.182828
-0.339939
-0.107079
-0.081042
1.246882
1.246468
-0.494272
-0.014219
-0.240233
1.270650
0.073908
0.042619
0.190372
-0.241925
0.165087
-0.362483
-0.333089
