0.240948
-0.610586
0.198894
-1.123679
-2.064291
0.967410
-0.025005
1.338372
-0.009988
0.263722
-1.985905
-1.300597
-0.221685
-0.819230
0.152336
-0.061776
-0.096407
-0.160531
-1.252208
0.207072
-0.594790
0.000784
0.064989
-0.681250
-3.132342
-0.518540
2.450739
-1.215900
2.048629
-2.521289
0.205267
0.020911
0.685685
-0.121541
-0.361774
1.200114
0.093203
0.140648
-0.401992
0.894010
-0.329520
1.397554
-0.614497
0.345809
1.417576
0.262576
0.150257
-0.582668
0.177505
-3.737151
1.722752
0.025652
-0.417010
-0.515524
-0.356834
0.133166
0.236188
-2.000006
-0.401480
-0.288570
0.213365
1.243656
1.213554
-0.312696
0.737892
-1.165398
-1.542447
0.176797
-0.094125
-1.734814
-1.050604
-0.314120
-0.134374
-0.390061
-0.262147
-0.264907
1.266952
0.050081
0.825837
-2.462100
1.038919
0.736393
0.004084
-1.092051
0.070952
0.153562
-0.309771
-0.277503
-0.298110
-1.988805
-0.559987
0.209538
-2.020547
-1.611999
-0.025911
1.307550
0.734959
1.196644
0.029047
0.486681
-1.213040
-0.024862
0.032274
-0.391766
1.345132
0.239511
1.053807
-0.256945
-0.307607
0.025404
0.796932
-0.365441
-0.392451
2.105688
2.067259
-0.543022
-0.249117
0.997640
-0.870986
-0.507642
-0.041984
-0.027399
1.632941
-0.908146
-0.564894
-1.659794
1.251928
-0.375680
-2.124073
0.021069
-0.366046
0.185306
-1.252495
1.280769
1.329500
0.478205
-0.089500
0.779801
1.293281
0.203706
-2.388830
0.043347
0.100855
-0.090076
0.015026
-0.730229
-1.638494
-0.494854
0.140441
-0.571193
-1.830933
-0.078111
0.186204
-0.610802
-0.054168
0.064562
-0.292839
0.217225
1.266270
-0.154036
0.164983
0.199056
-0.304988
0.220672
-2.291242
1.163783
0.917184
1.031217
-0.314799
1.382057
-0.550330
0.068357
2.039282
-0.370157
0.936403
0.127078
-2.023493
0.134287
0.055310
-1.538220
0.221063
0.234025
0.142777
1.370966
-0.772530
1.104761
0.980865
2.024107
-1.286133
-0.234460
1.388859
1.292121
-0.065661
1.349353
-0.154397
-0.292864
1.328744
-1.281450
-0.107568
0.459069
0.270159
1.386548
-1.092908
0.734658
-0.216561
1.315389
-0.445204
1.337022
-0.475284
0.233596
0.133334
0.124447
0.165536
-0.043925
-0.144690
0.231243
0.665420
-1.261746
0.145465
1.214131
0.037858
1.097501
-0.267711
0.231934
1.295080
-0.093765
0.752922
0.856564
0.268341
0.146912
0.883657
0.168099
-0.383015
1.365607
1.236430
-0.395614
-0.143990
-0.316322
0.131340
-2.099502
1.328577
0.179242
1.372825
0.147863
1.346993
-0.033173
1.010548
-0.179924
3.018390
-0.396489
-0.176111
-0.275412
-0.375874
0.132983
1.519440
0.220022
0.096284
0.186393
0.175452
1.298585
0.135497
0.012858
1.348433
-0.359257
0.233389
-1.308892
-0.224194
1.398944
0.613416
0.032980
-0.090719
1.562088
0.109620
1.309758
1.373480
-0.648958
-0.306115
-0.309565
-0.452202
-0.043315
0.013473
0.630759
0.391935
0.039727
-1.979441
0.143476
0.183201
0.205451
0.585054
0.166795
0.188808
1.371103
0.160481
-0.962370
-1.686892
0.035840
-0.117987
0.090182
0.217994
0.042397
-1.087195
0.121453
0.047454
-0.015349
1.326897
-0.224679
0.211643
-0.166991
1.294372
-1.128426
-0.510055
-0.215058
-0.229974
1.314850
-0.793964
0.036163
1.258983
-0.503135
-1.989563
-0.098361
-0.383379
0.118411
-0.356064
-1.041094
-0.385599
0.165329
0.174293
-0.195895
-1.238934
-0.289075
1.282913
-0.635247
1.358028
-0.023366
-1.681787
-0.458647
-0.633705
-1.622738
-0.002251
0.156313
0.934252
-0.465849
-0.320896
1.284734
0.098687
1.422159
0.960045
-0.338095
-0.375145
-0.261118
-1.670119
0.208287
-1.243122
-0.127509
-0.394421
-1.318483
1.384448
0.209493
-0.499518
-0.739273
0.672661
1.066571
-2.548486
-0.050260
0.098397
-0.136697
0.278554
-0.407219
0.114640
1.338654
-2.279770
-0.107036
-1.254823
-2.086554
0.074073
-0.706032
-0.092219
0.002836
-1.283440
0.132410
-1.573993
-0.014329
0.200313
-0.352113
3.058457
1.166930
0.084962
0.153393
0.012554
0.142793
1.252249
0.260703
0.121210
2.503558
1.045669
1.252648
1.271685
0.026899
0.061053
-0.340521
0.178261
-1.073849
1.310561
2.664383
-0.265405
0.082874
1.248344
-0.382679
0.960968
0.024220
-0.139674
-1.509281
0.211813
-0.269981
-1.266634
1.116055
1.254555
0.297002
0.035288
-2.112592
-1.209362
0.032969
0.179404
-0.020017
0.192603
0.972526
-0.137376
0.128826
1.173531
0.136670
-0.354591
0.213336
0.066117
-1.238917
0.068523
1.514568
0.064297
-0.300640
-0.256579
-1.471307
1.024898
-0.312830
0.008057
0.018093
2.337624
-0.219763
1.116193
1.289121
-0.745974
0.205066
1.278876
0.991379
0.016578
1.566526
-1.942278
1.317821
0.180515
0.185618
-0.013903
-0.773731
2.138529
-4.807969
-0.062868
-0.147740
0.300298
-2.194060
-2.024033
-1.388115
-0.011723
-0.694628
-2.170024
-2.087412
1.036301
-0.588867
-0.839076
-0.219954
-0.249469
-0.656682
0.128005
-1.945189
-0.416136
-0.040984
-1.851795
0.073988
-0.081162
-0.329449
0.207159
-2.004831
0.254777
-1.903444
-1.216427
0.191160
0.809398
-2.053933
-1.617841
-0.005680
1.017025
-0.371419
1.057280
0.155367
-0.340953
0.202558
-1.921579
0.334242
1.106045
-0.003911
-0.301507
-4.927843
-0.219399
1.236000
0.100309
0.974195
0.011873
0.909583
-0.108619
-1.292746
1.162364
-0.516873
-1.290468
-0.134128
-0.328749
0.050664
1.278466
-0.023226
-0.920231
0.994828
-0.448381
-0.112046
0.669064
0.848009
0.183595
0.705822
0.162956
0.139528
-0.486193
-1.276066
1.319965
-0.768894
-1.450169
0.172239
-0.071988
1.273103
-0.589732
1.227226
-0.240634
1.361078
0.166982
1.188512
0.217850
-2.004985
0.282567
-0.023668
-0.243723
0.616406
0.110582
-0.196639
0.066399
0.166851
-0.430931
-0.276212
-0.132746
-0.904104
0.120697
0.205087
-0.619589
0.084464
-0.343370
1.246598
-1.307775
-0.488905
0.021149
-0.374729
-0.050302
-0.224713
0.089797
-0.442379
0.895508
1.264956
1.303452
1.293949
0.157334
0.155493
0.003370
0.194145
-1.371250
0.138676
0.821035
-1.903763
0.209805
0.164383
-0.012714
0.262890
0.860491
1.379343
-1.474580
1.056369
-0.056073
1.186866
0.249227
0.748966
-1.131268
0.158818
1.213781
-0.229126
-1.184260
-0.461333
-2.045158
1.267644
-1.475612
0.240460
-0.382000
-0.573759
1.421880
5.852979
1.556228
-0.168381
-0.238761
-0.353012
0.061615
1.001291
-0.545015
1.326947
1.259930
0.052389
-1.305850
-0.037713
-0.213022
0.820211
1.312659
-0.436562
-2.601680
-0.255950
-0.332646
0.747980
0.195038
1.249054
-2.231352
2.713005
-1.171745
0.111657
-1.325138
-2.042779
-1.967462
0.177883
-0.889350
0.009291
-0.299961
1.310071
-1.311885
-2.499938
0.986145
-0.316040
-0.375214
-0.333545
1.201786
0.275287
0.187015
0.233445
-0.282981
2.718328
-0.115200
1.497793
0.168053
1.103715
1.272571
0.104565
0.991367
-0.328625
-0.608357
0.228517
0.039043
1.159387
0.200066
-0.305886
-0.930678
0.908142
0.206917
2.845820
1.371593
-2.716022
0.192662
0.884715
-0.357182
-0.888485
1.071221
-0.385509
-0.048545
0.027142
-0.111360
-0.572239
