-1.496857
-3.061763
2.809533
1.605265
0.847817
-1.601090
-2.922924
-2.015216
0.682317
1.405648
-2.049149
2.918116
-2.050316
-1.035841
0.340979
-3.075024
0.229232
2.723368
1.170556
-2.976444
-0.708626
-0.962994
1.078987
0.915101
-2.279423
1.190290
-1.501940
-2.808348
-2.934096
-1.453688
-2.677945
-1.352127
1.695151
1.570796
-1.089909
2.806856
0.110657
1.779819
0.000000
1.284745
-2.003204
-0.545655
-0.236849
2.422763
-1.366778
2.863293
-2.286540
2.356194
-2.231839
1.460139
-2.149871
0.649870
0.083141
-2.239086
-1.980924
-0.444419
0.687671
-1.650626
-1.165905
3.086094
-2.327631
3.104573
1.957672
-0.540420
1.703348
-1.768192
-1.741532
-2.411693
2.846152
-1.570796
0.982794
-2.792822
2.906048
-1.844964
1.480136
-2.316216
-2.149871
1.173717
-2.170847
-1.418147
1.076855
-2.010639
3.110353
0.345556
0.758378
-1.862253
-0.120624
0.785398
-2.408778
-1.506369
2.034444
0.758378
-0.463648
-2.378413
-2.089942
-1.691420
2.178598
-2.480549
-2.323948
-1.849096
-0.764125
2.234842
-2.057696
-1.945130
1.380808
-1.225241
0.000000
1.176005
2.279423
1.446441
3.034857
1.983207
-1.700499
-1.418147
-1.455920
2.356194
-0.031240
-1.128422
2.903757
2.333976
2.015216
-2.896614
-2.053310
1.197809
-1.352127
-2.356194
-0.885067
0.218669
-0.244979
2.926235
-1.292497
-0.785398
-1.506369
1.712693
-0.945311
2.459276
1.768192
-1.499489
1.612439
-0.333244
-2.830594
0.076772
-0.244979
-2.830594
-2.070143
-2.446854
0.218669
-2.572279
-0.631079
-1.712693
-1.661456
-0.083141
0.785398
0.607802
-0.588003
-0.496423
0.954499
0.715744
-2.214297
0.614663
1.312025
-1.919567
0.336675
2.466852
-2.050316
0.321751
2.459276
2.419938
-2.411693
-1.943784
-1.441094
2.016902
-0.463648
2.125104
3.141593
-0.942000
1.703348
-2.530867
-2.356194
0.000000
0.345556
1.352127
2.137526
-1.121037
2.176341
1.719686
2.275290
0.832981
-1.352127
-0.571337
2.466852
-0.691337
2.857799
-0.708626
2.403778
0.992894
0.463648
0.569313
-2.505084
0.588003
-0.620249
-1.961403
-0.034469
-2.944197
2.437099
-2.498092
-0.607802
-0.942000
-1.066630
2.677945
-1.878849
-1.051650
2.704965
-0.493941
2.896614
0.463648
1.332960
-0.785398
-0.785398
2.665897
-0.188222
2.228685
2.660705
-1.862253
2.095592
-0.083141
2.819842
-3.017238
2.265535
2.158799
1.518213
0.343024
2.021458
0.840897
0.000000
2.488746
2.723368
1.919567
-2.896614
2.384758
1.178456
0.332059
-0.041643
-1.107149
-0.310998
-0.266252
1.494024
2.466852
-0.722979
-0.785398
2.800614
2.303611
0.298499
-1.001483
0.321751
1.965587
2.256526
-2.466852
-2.429235
0.807617
-0.031240
2.049149
1.231504
0.885067
0.566729
2.196281
-2.944197
1.535097
0.388319
-1.963136
-0.631079
-2.466852
0.832981
-0.189988
0.094952
-1.570796
-0.432408
0.049958
2.697173
0.185348
-2.846152
1.237552
-1.356736
-0.813962
1.325818
1.212026
2.284887
2.999696
2.961739
-2.191046
-0.808650
0.965252
-3.070285
2.611377
0.076772
2.808348
-2.984991
-0.172191
1.074374
2.904744
2.761086
-0.156602
-0.486899
-2.574863
-1.985303
2.419938
2.283154
-2.134113
0.962994
-1.093451
-1.892547
1.091277
2.250210
-0.649870
-2.310771
-1.570796
2.491722
-2.303611
-2.618314
0.432408
1.292497
-1.635223
1.876675
-2.498092
-3.090355
-0.386876
-0.062419
1.222025
2.306236
-2.944197
1.717875
-0.655696
2.907849
-1.471128
2.896614
-2.717398
-1.681454
-3.045119
1.760785
1.292497
0.037020
-2.308611
-1.004067
-1.657535
-2.297439
0.291457
2.969402
0.912908
-1.282741
-1.951303
-0.262995
1.373401
2.606638
0.132552
2.207305
1.605265
2.553590
-2.930499
-1.474323
-2.384758
0.124355
2.070143
3.141593
-1.325818
-3.030935
2.333976
-3.079174
2.660705
0.380506
-2.356194
-0.226799
-0.832981
-0.737815
1.644735
1.272297
0.566729
-1.037088
-2.649783
2.533791
2.455863
-3.101614
2.988943
0.862170
2.618314
0.982794
2.572279
-1.292497
-0.041643
2.727086
1.037088
0.493941
-1.089909
0.432408
-0.822418
0.669639
0.962994
-1.047518
-2.853537
1.756144
-2.279423
-1.797595
0.761013
-0.679414
-2.806856
1.612439
2.051684
-0.785398
0.994421
1.892547
2.627141
1.325818
-2.169215
1.653938
-2.779048
-0.950547
2.064738
-2.872425
2.638749
-2.976444
2.516108
-2.064738
-2.356194
1.394087
-0.519146
-1.650626
-3.082837
-2.530867
1.460139
-0.124355
0.507099
0.758378
-1.356736
2.003204
1.016489
-1.249046
0.031240
0.478352
0.321751
1.975688
3.072736
2.483704
-1.747505
1.428899
-0.862170
-1.016489
-1.182478
2.442933
-1.989021
-2.016902
2.804918
-3.104573
-0.152649
2.606638
-2.125104
2.798569
-1.318242
0.266252
-1.120135
-1.712693
2.932570
-1.892547
-1.182478
0.463648
-1.747505
-0.446106
1.892547
-1.700499
-2.922924
-0.066568
-2.613518
3.070285
1.719686
-0.828849
-1.433730
-2.868584
2.034444
2.850136
-0.708626
2.256526
3.056087
-1.063698
-2.319174
2.388441
2.259721
-0.486899
2.471954
0.909753
2.378413
2.753274
-1.080839
1.699120
0.962994
-1.387686
0.345556
-1.373401
-0.386876
0.813962
1.789465
-2.976444
1.536327
-1.907471
-2.662073
2.754717
2.875341
-2.506566
-0.876058
2.265535
2.582993
-0.870903
-1.169568
1.753907
2.847358
0.566729
2.245537
2.403778
2.140110
2.034444
1.570796
1.933341
0.310998
-2.466852
-0.982794
-0.714091
1.176005
2.647651
-2.074962
-2.187093
-0.463648
0.298499
-2.914794
-1.706324
2.331809
-2.570255
-1.823351
-0.616297
-0.876058
-1.343997
1.249046
2.966920
-1.373401
-2.473303
-1.365401
-1.030377
1.837048
1.335251
-1.170556
-1.428899
-1.282741
2.521343
2.181522
-2.647651
0.047583
1.412141
2.034444
-0.927295
-0.756835
0.124355
0.321751
2.627141
-0.699893
-2.937575
-2.194819
2.736701
0.588003
-2.073640
0.868539
-1.333948
-2.904744
1.940130
0.807617
2.231839
-0.866302
-2.930499
2.386488
-1.712693
-2.553590
1.951303
1.165905
1.060308
2.878598
2.129396
0.037020
-2.723368
-2.356194
-2.782822
2.906048
-2.677945
2.731465
2.122451
1.149377
1.446441
-2.512796
1.916352
-0.902507
-0.891383
-1.506369
-1.570796
-2.148698
0.674741
-1.929567
-2.376600
2.289626
0.137066
-2.019520
2.498092
-2.729182
0.124355
-2.498092
-1.208252
1.989021
2.782822
1.058407
-1.616220
1.797595
2.356194
-2.906048
3.026716
-0.540420
-0.370891
-2.774419
-2.912361
1.441094
0.750929
2.191046
-3.098142
-2.356194
0.927295
-1.231504
-2.530867
0.463648
3.058451
2.007423
0.426627
2.286540
-0.380506
-1.999574
-0.321751
-2.466852
-2.926235
0.551655
-1.781890
0.291457
-0.847817
2.111216
0.000000
-0.576375
-2.944197
-0.302885
1.373401
0.685730
-0.561922
2.399645
-0.030294
0.737815
2.785957
1.063698
0.968509
1.603043
1.463106
2.332943
-1.421906
0.847817
2.634494
0.071307
2.378413
-2.089942
3.141593
2.896614
1.789465
-1.997424
1.849096
1.016489
-0.119429
0.278300
-0.336675
-2.300696
1.176005
2.838708
1.279340
-1.339706
-2.085248
-0.321751
-0.906750
-0.439843
-2.736701
-2.050316
-2.446854
-2.083186
3.141593
-3.064821
