0.291457
-2.089942
0.507099
-0.502843
-1.396124
-0.548549
-10.045027
1.180189
-1.299849
-1.983207
-0.825377
-1.815775
-2.714965
0.463648
0.844154
-2.191046
-2.961739
0.917950
-1.063698
-1.267911
0.000000
-1.612439
-3.017238
1.019141
-1.677532
-10.173156
-2.677945
1.107149
-0.260602
-1.969319
1.929567
-0.694738
-2.961739
-9.651577
-1.373401
-2.582993
0.819867
-2.896614
2.512796
-2.819842
-3.809882
-2.083186
-9.628796
1.083897
-1.203622
-2.289626
1.197809
-0.076772
-1.570796
0.665969
0.558599
-1.299849
-9.708572
-10.531927
-11.160723
0.935770
-2.642246
-2.819842
1.172274
-2.356194
-10.059805
-0.558599
1.975688
-0.982794
-9.669757
0.574305
-0.339293
-0.482513
-10.830426
1.997424
-1.212026
-10.995574
-11.106232
-9.541887
0.748378
-0.785398
-10.628400
-0.785398
-2.308611
0.286051
1.453688
-0.463648
-9.971567
-1.016489
-0.255182
-3.338988
-0.321751
-10.068279
-10.113702
-2.117585
-10.099519
0.298499
-1.076855
1.019141
1.570796
-0.491809
-1.107149
1.965587
-4.434089
0.000000
-1.825979
0.512389
-2.806856
-0.197396
2.111216
0.968509
-9.927621
2.746802
-2.390664
1.453688
-0.244979
-0.896055
-0.588003
-10.531927
-1.373401
-10.424237
-1.352127
0.244979
0.605545
0.588003
-0.141897
0.540420
1.337053
-2.034444
-2.616797
-3.041924
-0.450661
-9.783549
-11.317325
-1.465919
-0.124355
0.694738
-10.483185
-2.265535
0.083141
1.042722
-1.653938
-9.837188
-10.210176
-10.210176
-9.783549
1.398606
-2.245537
-1.335251
-1.797595
0.152649
0.068856
-10.436975
-4.931058
1.919567
0.909753
-2.312744
-0.244979
1.249046
1.212026
-1.843805
-3.568220
-10.210176
-9.843002
-0.909753
0.840897
-1.940130
-0.982794
-2.265535
-2.792822
0.750929
-2.553590
1.441094
-2.761086
-10.364495
-3.094010
-10.555732
-0.348771
-1.190290
-0.540420
-3.108272
-1.538549
-2.582993
1.022247
-10.768775
-0.785398
1.523213
-2.601173
-9.325109
1.929567
-2.922924
-5.010888
1.382575
-2.034444
-10.080474
-0.741947
-0.231091
-1.570796
-0.896055
-9.669757
-1.147942
-1.190290
1.313473
-9.643447
-1.304544
0.218669
-2.134113
0.000000
-0.533708
1.325818
-0.758378
-11.170246
-1.843805
-10.656282
-1.929567
-0.927295
-10.838972
0.785398
-0.447520
-10.045027
-10.012781
0.188222
-2.999696
-2.319174
-2.102520
-10.035504
-9.783549
1.292497
1.815775
-1.570796
-11.400466
-1.862253
-9.999083
-10.286948
-9.658521
-0.404892
0.244979
-2.170847
-2.386488
1.570796
-0.614663
-11.086234
-10.476428
-2.414950
-1.815775
-0.756835
0.422854
-9.943924
-0.291457
-0.661043
-0.510488
1.499489
2.067219
0.260602
-1.923787
1.905533
-11.240553
1.623379
-9.937167
-3.041924
1.398606
-1.222025
-3.894744
-1.862253
-11.170246
-2.221873
-0.828849
-1.222025
-0.876058
0.436627
-0.862170
0.661043
2.077895
0.868539
-0.124355
-0.047583
-10.286948
0.000000
-11.418428
-1.520838
-2.919511
0.358771
1.418147
1.965587
2.089942
-2.297439
0.165149
-0.270947
1.695151
-11.480052
1.107149
-1.529154
-1.352127
-1.275355
-10.286948
0.881872
-3.221423
-1.876675
0.099669
0.291457
-2.077895
-2.553590
-10.119516
-1.815775
-10.329605
-9.661627
-9.531514
-5.588447
-2.480549
-1.359703
0.655696
0.868539
-0.822418
0.965252
0.982794
1.076855
-1.217806
-1.190290
-1.152572
-2.512796
-3.041924
2.034444
-1.487655
-2.930499
-9.424778
-1.477320
-9.197979
-3.110353
0.291457
-5.470767
-2.896614
-9.996115
-1.373401
-2.677945
1.989021
1.156289
-0.260602
-1.703348
-2.613518
-11.045533
-1.614247
-3.141593
2.289626
-0.635027
-2.567288
-0.512389
-2.205823
-9.669757
-1.347320
-2.297439
1.843805
0.283794
0.726642
4.426338
-5.819538
2.587285
-2.761086
-0.785398
-9.727663
-2.089942
-0.982794
-0.090660
-0.179853
-0.888480
-3.321446
-1.670465
-9.976433
-1.352127
-2.306236
-2.214297
-1.815775
2.446854
0.785398
-3.776619
-1.532354
1.907471
-0.620249
-1.570796
-1.249046
-2.753274
-1.412141
-9.988094
0.463648
1.750650
0.935770
-4.712389
0.218669
1.989021
-0.524796
-0.367174
-3.141593
3.141593
-0.708626
-2.356194
-2.490516
1.212026
0.840897
-9.872298
-1.222025
0.358771
-0.283794
0.348771
-1.892547
-3.761842
-2.914794
1.620755
0.950547
0.750929
1.923787
-9.783549
-1.633215
1.570796
-2.384758
-1.685673
1.849096
-9.716235
1.723446
2.530867
-9.870884
-1.190290
1.343997
-1.359703
0.321751
1.535097
-1.428899
-0.211093
-9.314121
2.553590
-2.034444
-11.407985
-1.390943
-2.427502
0.588003
1.570796
-2.782822
-0.463648
-3.522099
-2.953371
1.325818
-11.037217
-9.888426
-11.240553
1.128422
-0.558599
-4.108640
-1.178456
-1.849096
-1.190290
-2.677945
-2.129396
0.499347
1.768192
-2.634494
-0.348771
-1.670465
-9.424778
-0.041643
-2.634494
1.907471
-2.677945
0.418224
-1.385448
-1.292497
-1.804540
-1.190290
-0.223477
-2.148698
-2.480549
-0.233743
-9.746529
-2.067219
-4.153790
-9.314121
-1.474323
-3.017238
0.404892
0.436627
-2.455863
0.844154
-2.638749
-2.912361
-2.863293
-4.373096
-1.428899
0.982794
0.620249
0.231091
0.655696
1.190290
-1.841743
-1.892547
1.975688
1.487655
-1.989021
-0.577902
2.480549
-3.030935
0.968509
-2.356194
-1.837048
0.680521
1.504228
1.134169
0.507099
-2.231839
-1.471128
-1.138389
-2.961739
-2.819842
-9.888426
2.125104
0.066568
0.588003
-0.343024
-9.907291
0.718830
-9.965197
1.849096
-1.685673
-1.107149
-9.560306
-2.516108
-9.573668
-3.283490
-2.236766
-9.708572
-2.553590
-2.922924
-1.806341
1.076855
-1.428899
-0.540420
1.086318
-2.850136
0.950547
-1.735945
0.321751
-2.999696
0.847817
0.083141
1.076855
-5.323115
-0.244979
0.996491
-10.646803
0.598419
0.104877
-2.727086
-10.210176
0.404892
-2.403778
0.244979
-3.141593
1.019141
1.304544
0.000000
1.570796
-0.463648
-1.862253
-3.816334
-10.268932
-0.571337
1.695151
-11.583577
-0.856706
-1.570796
-2.512796
-1.435269
-2.634494
2.055274
-0.394791
-10.646803
-1.428899
0.643501
-0.999459
-1.657535
-10.384848
1.570796
-0.404892
-2.158799
1.989021
-2.922924
0.000000
-9.965197
-2.214297
0.052583
-2.323948
0.442374
-2.863293
-1.460139
-3.141593
-11.369908
-2.582993
-2.594804
-2.276365
-2.896614
0.588003
-10.853677
0.278300
1.412141
-0.904827
-0.244979
0.197396
-1.446441
0.000000
5.300392
-2.034444
2.466852
-3.378441
-1.460139
-3.228331
-2.253113
-1.455920
-0.321751
0.426627
-9.504608
-9.325109
-2.158799
-2.386488
-0.741947
-0.598419
-9.931876
-11.583577
0.463648
-0.718830
-2.677945
-4.559740
-3.252250
-9.424778
-9.566675
-2.446854
-11.034017
-1.784857
-11.383893
-1.007480
-9.424778
-10.077625
-4.854286
-2.455863
-9.470201
1.525373
1.405648
-0.862170
-1.570796
1.130954
-1.570796
-2.111216
-2.565217
1.279340
-1.876675
1.670465
0.558599
-4.275762
-0.334737
-0.124355
1.919567
0.404892
-10.384848
-10.884917
1.695151
0.000000
-1.675673
0.643501
-2.936197
-2.541542
-9.268176
-0.832981
-2.944197
0.674741
0.174672
-0.185348
1.923787
-2.896614
-0.358771
0.244979
-2.284887
-1.373401
1.160669
-9.888426
2.414950
-1.612439
-12.971262
-0.531724
1.717875
-1.919567
0.896055
-0.463648
-9.496085
-1.304544
-0.694738
-1.107149
-1.854590
-2.020556
1.352127
0.927295
