-0.566729
2.111216
-1.405648
14.172866
-4.625651
5.789244
-1.532354
7.602979
-1.570796
-0.996491
9.445183
-7.390334
0.211093
1.876675
-0.872894
-1.807645
0.257324
-0.837981
-8.262131
-0.073041
1.808632
-2.430683
-1.040581
14.867067
-4.205290
-0.950547
7.449090
1.249046
-9.011089
-5.117281
0.266252
-1.025932
-1.695151
-1.748392
1.332187
9.292226
-2.733444
-0.442374
2.907849
8.771931
2.024135
8.866179
1.768192
0.231091
6.200044
-0.690446
-0.000000
1.264917
-0.023252
-2.622447
7.390334
-1.526381
1.152572
-1.892547
2.877629
-0.617191
-0.614663
-5.940161
-1.892547
1.446441
-1.342300
8.059377
6.782532
-0.620249
6.991812
13.939771
-6.604936
-1.173717
-2.593043
-6.448334
13.328517
-3.120319
-2.498092
3.528468
1.277207
1.941688
8.105672
0.099669
9.197979
-4.909785
10.628400
-2.356194
0.484478
1.512041
-0.823841
-1.186192
1.929567
1.980924
2.657115
9.353470
-0.358771
-0.716542
-5.680898
-5.124799
-1.703348
7.984809
-0.909753
-2.788602
-1.804540
-1.428899
-8.328992
-2.077895
-2.281706
2.677945
6.644915
-0.664774
7.893960
2.391894
2.646041
-0.441179
8.804528
3.046641
2.729182
3.660739
-8.248773
3.660739
1.449444
-3.271295
-1.292497
2.498092
-0.188222
-2.063282
3.456350
2.570255
3.082837
-6.802331
-2.295046
2.214297
-8.051377
-2.024135
2.106608
-0.321751
-7.763322
7.804023
7.593379
0.124355
-0.058756
7.712085
6.216617
-0.818719
-5.252808
0.066568
-0.746956
-2.615526
-2.102520
2.699218
-3.998298
-2.976444
0.291457
15.958966
-6.118037
-2.553590
0.581380
1.882838
2.539305
0.270947
2.488746
-0.553294
8.243298
0.588003
0.399515
-1.016489
2.646041
-0.903490
-5.202346
4.744636
6.746833
6.506662
0.493941
7.004157
15.883903
-0.345556
-5.497787
3.700192
9.348006
-0.982794
-5.387130
0.134321
-0.215358
-7.116167
-1.157107
-1.464812
0.048742
3.164316
1.703348
4.975384
-1.815775
6.283185
3.605240
-0.785398
6.968915
7.233732
-2.769525
4.193243
-0.463648
1.570796
6.864565
-3.272420
-2.024135
-0.035699
-2.199593
7.603539
14.220308
-3.141593
10.407572
6.977924
1.637364
8.161027
2.601173
-1.214577
0.023252
0.226799
0.110657
-2.756988
-0.909753
-1.295886
-2.459276
-7.729627
-0.768451
9.351737
-2.238102
-2.422763
2.470449
-1.190290
5.807490
-0.463648
4.902377
7.688833
-1.154732
-0.309703
-2.393215
-0.296546
-2.081285
7.285457
7.414139
2.729182
-0.682317
2.324955
-0.531724
9.473520
7.068583
8.961130
7.429149
-2.425051
-3.300248
-2.295046
9.206109
-0.141897
-7.210481
2.782822
0.343024
2.632522
4.177434
-1.051650
5.270988
-2.068139
0.352990
0.287281
0.286051
8.278814
0.344647
-2.469986
7.562525
-1.494024
-0.398522
-7.539750
-2.053310
7.709169
10.798179
-2.442933
-2.655971
3.492321
-3.115283
7.351138
5.121297
2.761086
2.466852
11.615824
-1.446441
-0.110657
-2.422763
8.756489
-1.989021
-2.506566
9.424778
0.563316
-0.694738
0.094952
5.550370
-0.962107
-0.130827
6.877945
0.228497
3.386571
-8.961130
1.934775
1.292497
-0.841942
-1.235158
0.257324
-7.722666
-0.917950
-2.147172
-2.077895
7.265979
1.413028
-1.951303
0.982794
6.818997
-9.189233
-0.000000
-0.912908
1.735945
6.981088
2.944197
-0.278300
7.688833
1.604117
3.386571
-0.610726
-0.426627
0.115759
3.165398
3.009041
1.981861
0.226799
-0.982794
1.504228
-7.832708
2.115660
-2.477546
1.460139
7.805240
-2.371119
-5.564355
-0.463648
-2.887919
-7.575682
-2.001489
-1.140104
-3.283490
-0.588003
1.548073
2.988943
0.127510
7.162645
9.325109
1.878849
2.803714
2.408778
-5.695183
-0.023805
-7.532231
-0.291457
2.450256
-7.376636
7.379582
-1.150133
0.896055
1.856848
-2.553590
-3.729595
-5.708880
-2.459276
-1.224257
-2.642246
-0.758378
2.475623
-0.862170
6.805020
-4.712389
-0.253674
-7.684880
9.332022
-0.967047
0.643501
0.489957
-1.955954
-7.905219
-0.439843
-7.562525
-2.321725
-0.581380
2.885441
4.532535
4.601732
0.083141
-1.443287
-2.131960
-0.623199
-3.419892
-0.648332
-1.821239
3.338988
-3.761842
8.328382
7.068583
-1.898916
-2.725528
2.537843
0.148890
2.761086
6.586070
3.490364
1.681454
-0.785398
6.658456
2.646041
4.812058
-2.183334
-1.683947
-7.435757
0.192701
1.712693
-8.011750
7.118542
3.855683
-0.532844
-2.356194
-6.871188
-8.155601
-1.995628
-1.325818
-1.815775
-1.181480
8.356825
-0.602287
-2.788602
8.122348
0.519146
2.045807
0.540420
-1.832916
-7.832708
0.107690
-7.609003
-2.375060
2.222665
1.548073
2.176341
9.179799
1.706324
-0.643501
-2.541542
4.467410
1.499489
6.957926
6.200044
1.107149
-1.046001
7.068583
5.332638
-0.251690
3.542821
-4.441442
7.300687
-1.030377
0.287281
-2.322873
-1.460139
6.641956
-7.635313
-2.439336
-2.574863
2.214297
2.521343
9.351737
-6.604936
-2.322873
1.804540
9.449163
-8.212752
6.586070
-0.463648
2.593043
1.616220
2.480549
3.522099
-0.197396
-3.197091
2.254506
-2.179486
3.682012
0.711459
-1.494024
9.519730
-0.772066
9.279468
-1.165905
-6.854523
-8.046682
-0.700854
4.957368
9.247182
-8.824728
-1.858078
7.390334
-0.844154
4.861279
-0.768451
2.743070
-0.892134
-2.308611
1.006227
9.552288
-2.043293
1.705118
1.051650
3.951376
8.117945
-7.853982
4.527041
-2.856862
4.789161
-2.146221
-7.898397
7.749105
3.079174
-0.380506
-0.463648
2.743070
-1.864385
7.478021
-2.879473
-0.066568
4.978641
2.982937
-1.107149
8.394401
5.654389
0.281772
-1.951303
-0.606988
-1.030377
0.722979
-8.026172
7.049718
2.677945
-0.321751
-1.051650
-1.768192
7.313562
-0.628796
4.854286
-0.463648
6.903435
-0.574305
5.874277
-0.074860
9.381327
-0.172191
-0.380506
2.115077
5.961435
-0.135528
-0.214061
-9.805284
-1.266285
2.158799
1.129617
-1.518213
-1.107149
-0.321751
-0.272146
2.466852
-0.544864
2.422763
-3.372683
-8.138712
0.283794
0.197396
2.609869
-1.789465
2.798569
-2.170847
2.184004
7.679309
7.227239
5.045633
7.473475
-0.313621
-0.737815
-2.356194
0.336675
-7.145355
-2.311448
7.427354
-5.092895
0.097253
-0.785398
-2.066348
-0.233743
-2.214297
6.432075
2.838708
-2.743070
-2.241940
7.777210
-0.993604
5.124799
4.048343
-1.034361
-3.036716
2.935269
-8.162912
2.487510
9.448030
7.205650
-6.834840
-0.945311
3.050933
2.729182
7.431128
5.034140
3.526750
2.939830
0.000000
2.756435
-1.718646
4.978641
-10.600783
5.337874
9.374820
-2.723368
-7.583035
-2.585426
1.331565
8.175732
7.139891
-1.892547
-7.068583
2.748535
2.503273
-3.265948
-0.831519
7.318170
-5.902679
3.682012
-7.699663
0.876058
-7.981491
9.303426
-5.742766
-0.785398
0.712358
-2.466852
1.463106
7.334836
-7.390334
-14.780668
-2.539305
2.417343
2.657115
2.769525
4.124386
-1.310194
-0.922464
-1.308676
1.686556
2.910502
-2.457883
10.692689
-0.000000
7.729627
7.103053
-0.507099
-3.274144
9.563418
2.214297
-0.917950
0.179853
4.527041
-0.682317
1.523213
1.460139
5.264044
-1.007480
3.559817
7.553810
7.575682
-0.169101
9.300423
2.271651
2.466852
-2.356194
2.193996
-0.049958
-0.602287
-1.919567
-1.216091
