0.943180
-0.075923
1.848231
-1.328555
0.013989
1.793544
2.348166
1.019248
0.033096
0.774801
-1.381250
-1.728792
-0.618236
-2.438199
-0.302682
2.417384
-1.747206
0.555615
-2.185806
-2.028898
-2.247044
-1.257872
1.309945
-1.890033
-0.498593
2.725777
-0.464689
-0.205009
1.261102
2.470750
1.785290
2.528837
-0.358833
0.860302
-1.934989
0.966654
0.704287
-1.852217
0.268208
1.329354
0.653682
0.904620
0.073608
-0.700531
2.058162
1.265942
0.542182
-1.163657
1.382143
-1.748722
0.372268
-0.069245
-2.095224
-0.374217
0.267655
1.369106
-1.028417
1.216430
-0.750654
2.319509
-2.232873
0.779641
-1.466043
-2.338241
-1.017526
0.766135
0.411392
-1.162183
2.187584
0.978981
-0.504914
0.909928
0.744522
-0.687261
1.534658
-0.181159
0.424187
1.860983
-1.628829
2.639463
1.496224
-1.768976
1.993480
-1.060346
-0.158298
0.263125
-1.461129
-0.347787
0.050216
-0.075019
-1.110006
-0.514038
0.919803
1.287164
-1.739047
0.710384
-2.149871
1.562758
-1.335633
-2.074024
-1.760668
-1.338386
1.675954
2.560461
0.354224
0.626175
-0.370179
0.078951
0.449306
2.195308
-2.031990
-0.414168
1.788571
-0.721599
2.248412
-1.915688
-1.805126
1.221264
-1.207650
-0.719678
1.800963
1.315505
2.659769
1.483723
-0.229366
1.220752
0.071870
2.058703
-0.926173
2.583210
1.929150
2.153047
1.167196
-2.819874
2.485689
0.242487
-0.816118
0.322543
1.922895
-0.605106
1.075405
0.977817
2.120055
-0.619806
-0.016714
-0.204291
-0.673738
-0.443086
0.670899
0.599043
0.964507
-2.235777
0.252217
-0.153945
-0.198666
0.613796
1.103640
-1.716851
-0.005821
1.900544
1.642388
2.028551
0.499331
2.207403
0.037655
1.475671
-2.391787
0.654341
-1.749990
-1.767556
-1.054386
-1.443372
-0.414776
-1.197637
-0.493563
-2.499570
-2.076551
1.251251
-0.509608
-2.254415
-1.483180
2.389146
1.649584
0.274631
0.045261
1.402963
0.456252
-2.003431
-0.809425
-1.147943
0.783198
0.651844
-2.258156
-0.731266
-1.357637
0.539262
1.627155
-0.284516
1.934035
-1.966493
0.434165
-1.217131
-0.957830
0.409950
-0.794657
-1.281267
-1.024655
-1.229859
1.936173
-0.851305
-2.444248
1.652497
2.064251
0.294643
-1.571783
-1.373688
1.206659
-1.744001
0.758496
1.512261
-0.706719
0.690915
-2.182428
0.839679
-2.459525
1.177329
-0.351064
1.113929
2.171860
1.030012
-2.003349
2.293325
-0.548851
0.295936
-2.457986
1.379099
-0.019999
0.768336
1.680698
1.912004
-1.067259
1.321362
-1.823178
0.428520
-0.086631
-1.359116
-1.880898
2.726855
-0.616320
-1.632918
-2.412671
-0.740545
1.029715
2.543744
-0.425630
0.829868
-2.316345
-2.413532
-0.774295
0.375503
0.899161
-1.777233
-2.014624
1.413739
0.253731
-0.037096
-2.932414
1.995140
0.232078
2.464019
-0.757015
0.377849
2.116914
-1.847214
0.833463
1.638456
1.471984
0.866416
-1.120668
-1.146921
-0.705371
-1.144036
1.025968
-1.984979
0.502889
-1.954073
1.787023
-1.050203
-0.260966
-2.497094
-0.460882
0.483326
-1.342396
-0.485356
1.674006
0.694586
0.797363
1.110784
0.250319
0.163064
0.595744
-1.103459
-1.652945
0.285116
-0.200996
1.990927
2.313310
-2.341507
-1.459078
1.520911
-0.261823
2.003412
1.844319
-1.922432
-0.455175
-1.627473
-1.715678
-0.229590
1.423217
1.242039
0.124792
2.175013
-1.340383
1.513511
-1.082866
2.080377
-1.362917
0.410392
-2.514377
-1.294362
-1.334414
-1.239013
1.129443
-0.756497
-1.124823
-0.665323
0.110171
1.284966
-1.391942
-1.019665
1.440066
0.910695
-2.353931
0.201001
1.520153
1.415207
-0.500493
2.177363
1.903597
-0.568927
0.372786
1.382849
-1.972151
1.411372
-0.921632
0.206955
1.759686
1.816266
0.018418
1.813591
-0.901630
1.110309
0.998547
-0.260818
0.435039
-1.998197
-1.836696
-1.870019
1.100385
-0.268651
-2.514372
1.510930
-0.564684
0.354456
2.181911
-0.782634
2.176404
1.012563
-0.197729
-0.321462
2.510634
0.996922
-1.204742
1.380246
-1.959334
1.639696
1.448201
-2.510394
-2.124791
-1.386590
-0.525588
1.898530
2.384971
0.282523
2.294991
0.817871
-1.915090
-0.649114
0.784325
0.634154
1.333369
-1.154585
1.070314
-0.022809
1.057974
0.564420
-2.205576
-0.715933
-2.838733
-2.919167
-1.532587
1.601582
-2.436921
-1.240635
-1.235895
-1.320675
-0.063328
-0.688958
-0.332894
-0.108223
1.734730
1.959425
-2.062354
-1.460537
-0.937484
-1.767443
-1.029652
0.190993
-1.101244
0.799330
-2.378855
0.413709
1.001411
-1.207202
1.696553
-0.500075
-2.453379
2.039029
1.043642
-0.601044
0.401661
-0.297324
-2.472689
0.101884
2.284536
1.388223
1.139884
2.331881
0.455144
1.605597
-2.090108
-1.851477
-0.098708
2.514847
-2.568206
0.697489
1.184079
-0.534870
2.014263
1.263677
-1.114663
-0.104528
0.780955
0.801019
2.238732
1.997110
2.299405
2.208519
0.673239
-1.569720
-1.314108
-2.111228
2.014268
-1.886250
-2.216051
-0.306378
0.859807
-0.183810
-1.193124
-0.899799
2.332824
-0.053425
-0.957190
2.709875
-1.571450
1.603438
0.098240
1.422846
2.268209
0.918427
1.719471
-0.564179
-0.095648
-1.516499
-1.863373
-2.241524
0.254443
-1.379657
-0.725354
2.562698
0.722612
1.230965
1.503338
1.896421
1.411548
-2.324663
-0.817123
1.832179
-2.104805
0.122440
1.713742
-0.866230
-0.760203
1.398775
-0.975523
1.478905
2.469042
0.240850
-0.809298
0.271478
-1.792533
-1.421285
-1.293269
-0.589387
-2.070012
-1.540087
2.357618
-2.187136
-0.268222
-0.375394
-0.003204
-0.325752
-0.152882
2.389225
-0.062230
0.404531
-1.009719
2.111613
1.021785
0.113846
-1.386271
0.721028
-1.615486
1.703700
0.645027
-1.959141
-2.060521
0.853853
-2.393513
1.944105
-1.943224
-1.821912
1.934864
-0.084760
-1.602385
0.555302
-1.992584
-0.182272
0.760212
1.597414
0.294109
-1.593325
-0.160961
1.720912
-0.324829
1.750213
0.590489
0.883564
0.329893
0.008316
1.785408
1.837002
0.461369
0.934131
0.494932
-0.597898
3.085972
1.530091
2.442605
1.685971
0.101237
-0.258935
0.379126
-0.505472
1.615485
1.865171
2.512740
2.320572
-1.917296
1.190204
-1.891686
0.607769
0.866450
0.776291
0.116174
-0.003052
-2.282700
1.304391
0.829829
2.309435
-2.103525
1.920228
-2.039939
0.437474
-1.661061
0.715119
-0.378211
1.371204
-2.319252
0.192552
1.253047
-1.544409
0.243978
1.798091
0.640834
1.256883
-2.139946
1.216117
2.535273
0.287349
-1.727381
0.518701
-1.206904
-0.323666
-1.031712
2.296154
-0.596265
-1.975890
-2.068029
-2.280402
2.011750
-1.853790
0.931720
-1.616643
-0.240753
0.961587
-0.046406
1.556250
1.030200
2.095515
1.054973
0.284471
-1.851061
-0.621165
0.649822
0.343351
0.061910
0.054994
-1.370257
-1.436584
0.370862
0.813604
2.185911
-1.400374
-1.111459
-0.590885
1.163924
1.058395
0.460167
-1.521544
1.316919
-2.259021
-1.658642
1.306778
2.601986
-0.006480
1.224791
-0.678884
0.558895
0.168449
1.103475
-0.102181
-1.918828
1.860136
2.313098
-0.214856
-2.016374
-2.481354
-0.721907
1.701556
-1.936197
0.220860
-1.604956
1.073831
0.915117
-1.396589
-2.243975
0.586740
0.284134
-0.378631
