1.260221
-2.274622
-2.133982
-1.296776
-0.249128
1.482371
0.333806
1.749612
-0.196722
-0.698289
1.936204
-2.375165
1.938802
1.083972
-0.023217
3.014921
-0.029224
-2.295659
-0.735907
-0.484740
0.831643
1.037466
-0.606916
-0.263750
2.123342
-0.632112
1.252854
-0.028037
2.337729
1.484665
2.343966
1.265421
-1.122681
-0.997001
1.162653
-2.163397
-0.028114
-1.296513
0.281663
-0.635758
1.852298
0.670600
0.385955
-1.990313
1.355430
-2.010679
1.920617
-1.695801
1.934571
-0.845472
2.022247
-0.139456
0.122060
1.897965
2.024894
0.702130
-0.140062
1.603949
1.289630
-0.388035
2.231559
-2.409779
-1.394759
0.679301
-1.279566
1.610363
1.680340
2.139127
-2.092020
1.155209
0.088019
2.537674
-2.208236
1.669349
-1.139869
2.150329
2.024488
-0.500030
2.069477
1.294085
-0.719696
1.682892
0.503253
-0.141011
-0.440511
1.587375
0.564656
-0.186826
2.193616
1.368216
-1.331231
-0.316890
0.946783
2.123405
1.936615
1.568238
-1.750139
2.311088
2.220254
1.854875
0.587145
-1.758153
1.461482
1.896896
-0.933439
1.193907
0.180666
-0.431353
-1.628106
-1.174532
-2.368276
-1.431692
1.649936
1.453208
1.290520
-1.826852
0.285744
1.229202
-2.268742
-1.756191
-1.484926
2.885615
2.117848
-0.663848
0.804210
2.202625
0.912098
-0.294935
0.605067
-2.286434
1.268486
0.798177
1.331312
-1.535934
1.113436
-1.901965
-1.315746
1.493315
-1.162639
0.436360
0.320944
-0.051470
0.521039
2.584962
1.815102
2.064718
0.101276
2.377081
0.759344
1.525274
1.527421
0.294172
-0.495199
-0.172485
0.663296
0.779862
-0.693015
-0.364966
2.046157
-0.322799
-0.677053
1.675626
-0.283345
-1.901868
1.702040
-0.061852
-1.819911
-1.910204
2.249234
1.541602
1.291222
-1.633607
0.528398
-1.767689
-2.342113
1.088359
-1.115459
2.428604
2.173617
-0.062225
-0.074559
-1.198051
-1.431796
1.084141
-1.622417
-1.266356
-1.684195
-0.205700
1.218166
0.770410
-1.920474
0.824295
-2.370680
0.913729
-1.862411
-0.419026
-0.136354
-0.284240
2.323915
-0.394645
0.328226
1.742359
0.294167
0.563174
-1.990336
2.342664
0.659208
0.907508
1.104156
-1.532415
1.718899
1.108408
-2.055410
0.615063
-2.230949
-0.325574
-0.896895
1.449201
0.861573
-2.027049
0.270237
-1.771872
-2.108292
1.782206
-1.514013
0.406384
-2.153006
0.727416
-1.636022
-1.498563
-0.727021
0.253656
-1.516242
-0.479847
0.206560
-1.921874
-2.314748
-1.365546
0.068261
-2.124387
-0.592216
-0.195883
0.267921
1.011505
0.753583
0.274817
-1.114979
-1.856111
0.837095
0.762105
-2.164590
-1.793541
-0.064708
1.028990
0.014795
-1.346873
-1.412939
2.348857
2.100897
-0.494138
0.100083
-1.508707
-0.440962
-0.452329
-0.285350
-1.794138
0.365796
-1.184491
-0.191778
1.803510
0.781042
2.155968
-0.733080
0.663213
0.305456
1.155441
0.636099
0.335528
-2.082854
0.065578
0.280956
-0.548027
1.331386
0.910292
-0.764554
-0.923165
-1.753719
-2.398140
-2.242233
2.089462
0.918422
-0.952032
0.578878
-1.918658
0.387190
-1.974354
0.466295
0.403941
-0.526147
-2.195682
-2.113062
0.479991
0.317638
2.297939
1.850015
-1.772734
-1.770013
1.937311
-0.509082
1.245358
1.412327
-0.475997
-1.875614
0.692124
2.111184
1.310935
-1.892329
1.987016
2.445438
0.013904
-0.717743
1.510649
-1.313826
2.181882
-2.387801
0.773914
0.098446
-0.492910
-1.802011
0.308778
-1.260932
0.947755
-2.143710
1.595150
-2.152970
2.340530
1.698991
0.341120
-0.944554
-0.991764
0.199188
2.121662
1.193750
1.415845
2.093443
-0.096370
-2.440591
-0.470029
1.104581
1.854623
0.385580
-0.727577
-2.014170
0.041076
-1.666192
-0.980190
-1.935788
0.191967
1.403955
2.222280
0.080291
-1.594450
2.743767
1.350573
2.975584
-1.751391
2.927968
-2.033796
0.131005
2.080600
0.596657
0.906875
0.859576
-1.034556
-1.078715
-0.315601
0.945559
2.582329
-1.993723
-2.031688
2.570650
-2.484452
-0.361476
-2.103024
-0.339807
-2.071770
1.217629
0.241640
-1.978203
-0.787133
-0.262201
1.071948
0.128791
0.781422
-0.169952
-0.362495
1.185360
2.687656
-0.889233
1.950878
1.572709
-0.165941
0.661745
2.414635
-1.079186
-1.582362
0.860237
-0.430350
-1.482503
-2.081949
-0.822185
1.955046
-0.918108
2.516211
1.038527
-1.556137
0.473214
-1.992471
2.450969
-1.950586
1.810400
2.174335
-0.670411
0.760288
1.497331
-2.339800
2.168566
-0.993243
0.447387
-0.213054
-0.530942
1.081662
-1.495308
-0.420159
1.325458
0.110559
-0.117699
-0.012230
-1.281845
2.798901
-2.033191
1.693675
-0.746003
0.497190
1.182635
1.199154
-1.936673
1.638456
1.919779
-2.160697
2.856191
0.574916
-1.989878
2.033813
-2.173057
1.045322
-0.123815
1.164168
1.660204
-2.257510
1.483676
1.182194
0.020581
1.747435
0.516251
-1.074393
1.779101
0.481464
0.474791
2.334516
-2.450809
-1.335237
0.937293
1.330572
3.041114
-0.945798
-2.537540
0.711112
-1.738172
-2.436351
1.110346
2.196254
-1.808997
-1.642661
0.334571
-1.833406
-0.689488
-1.862684
-2.022141
1.136810
-1.145655
-0.439247
1.083303
-0.048818
1.389350
0.616669
-0.301422
-1.098882
0.483983
-1.027584
2.130243
2.472025
-2.055764
-2.171449
2.064026
0.843328
-1.842156
-1.971866
0.874801
1.152272
-1.295379
-2.224419
-0.285681
-1.804433
-1.808550
-1.702111
-1.510571
-1.106465
-1.515442
-0.039086
2.337827
0.949109
0.917375
-0.554086
-2.040428
1.986507
1.857704
0.540282
-0.145803
2.764632
1.820741
-1.892572
2.382183
1.739352
0.633663
0.854325
1.056285
-0.604374
-2.384546
1.098178
2.231362
1.070747
0.911701
-1.396147
-0.678673
1.157413
1.336133
1.233123
-1.573780
-1.790371
2.537484
0.125317
-0.766522
-1.681716
0.924074
0.909625
0.279521
-0.189497
-1.972883
0.839401
0.640206
1.958160
0.239095
-0.195505
1.850934
-0.308735
1.185210
2.880865
-1.488753
-0.411083
-1.311511
1.086657
0.519825
-1.769122
1.420680
2.255947
-1.180855
-0.923810
-0.561881
-2.270155
-1.502200
0.122145
2.654370
2.064719
0.458995
-2.117854
2.518170
-2.172895
-1.805597
-0.804523
-0.879924
2.382287
-1.611463
0.961163
1.069655
1.504204
1.550502
1.982992
-0.287634
1.592348
2.166685
-1.679995
0.125069
1.836136
-1.945991
2.408621
0.143043
2.389742
1.191217
-1.197695
-2.003355
-0.448199
1.269747
-1.054448
-1.363925
2.838251
-2.478440
0.861671
0.606926
2.524197
0.317143
-0.755461
-0.492741
-1.534742
-2.127934
1.993869
-0.475449
1.027116
2.303407
-0.108220
-2.378397
-1.531224
-0.239917
-1.705124
0.664707
1.858465
0.154232
2.244026
2.870726
-0.262512
1.564139
-0.090798
0.920754
-1.566710
0.223708
0.668805
2.693935
0.681756
-0.699377
-0.216224
0.752106
-1.867222
0.132184
-0.255205
-2.130330
-0.388431
-0.389796
-1.214686
-0.739705
-1.792448
1.435083
-0.453142
-2.042858
0.199311
-1.908436
2.031449
-2.331448
-2.130283
-1.018738
1.744538
-1.111490
-0.570080
0.352582
0.036427
0.518368
2.041234
-0.673460
-1.868189
-0.534667
1.161287
1.855402
0.425336
1.041191
0.720296
0.643875
1.804567
2.065978
1.709871
-2.119025
-2.477949
