-0.036490
-0.103365
-2.585542
-0.051832
0.207660
0.028164
-0.312794
-0.203831
-2.767670
0.040965
-2.797647
-2.896291
-2.822764
-0.023010
-0.079191
0.010826
2.893676
-0.359581
0.142748
0.223155
-2.697496
-2.959840
0.155552
2.509029
-2.973072
-2.787524
2.753784
-0.006127
-0.041382
0.154987
-3.283013
-2.673412
-2.635555
-0.053949
-0.083038
0.226893
-0.217943
-0.457162
0.059604
-0.356323
-0.024701
-0.415304
0.045911
2.985401
-2.422991
-0.081653
-2.836031
-0.225736
-2.766040
-0.039247
-0.045241
-2.827001
-1.109383
3.074167
-0.322243
0.137949
-1.340334
2.974209
-2.758340
-0.634911
0.044548
0.292936
0.209683
0.051112
-0.088085
0.059556
-2.675100
2.983399
0.222517
-2.929808
0.176716
-2.963589
-5.137657
-0.153438
-0.183470
-0.647178
0.065262
0.048595
0.036816
-0.363126
0.276096
-3.081153
-0.400940
-0.012053
0.009668
-2.794797
-0.348766
-0.122355
-2.851365
-2.648577
-0.190658
0.014299
-3.890661
-2.587379
-2.973586
-0.129201
-0.095505
-1.086709
-1.523298
-2.669803
-0.042402
0.120885
0.020279
-0.132480
-2.744595
0.100549
-0.523197
2.890906
0.233786
-2.882545
-0.396688
1.765069
-0.248324
0.086035
-0.219588
-0.007888
-0.052711
0.382563
0.022079
-0.050764
-0.058718
0.159733
0.266297
-0.102998
-2.701050
-3.013558
-0.219959
-2.878592
-0.155521
0.168493
-2.695192
-0.037443
-0.125282
-2.843676
-1.765439
0.616787
-0.363403
0.113726
-0.112979
-2.782492
-3.644129
-0.771905
0.075357
0.173533
0.052524
0.058702
-2.728700
-0.299509
-2.825631
0.155895
0.085008
-0.119461
0.065699
0.209088
-0.175816
-3.375493
-0.235784
0.031319
-0.246670
0.071501
-0.463165
0.103277
0.223138
-2.786918
-0.145473
-0.268320
-0.367863
-0.419267
0.098952
2.263782
0.182117
-2.788437
-0.019905
-0.275650
0.172736
0.140551
0.061743
-0.582136
-2.726682
-0.096201
0.124493
3.015429
-0.154670
-0.332554
-0.022382
0.325979
0.043770
0.073176
0.188836
0.261307
-0.481342
0.165132
0.208582
-0.289236
-0.309370
-2.163872
-1.466950
0.240200
-0.992573
-2.290127
0.163725
0.042380
-0.157785
-0.076837
0.055673
0.063412
2.230583
-0.043181
-0.060104
-0.015872
-0.274179
0.080186
0.032810
-0.064048
2.836803
-0.475186
-3.012155
0.098745
-3.096019
-0.078217
0.116137
-0.247638
-0.726934
-0.098826
-0.087712
-2.760260
-2.932144
0.002332
-0.177948
-2.972222
-0.104922
0.306190
2.043514
0.004157
-2.740107
0.001475
0.050786
-0.156630
-0.518223
2.507741
-0.141111
-0.047154
0.164211
0.103199
-2.136054
-0.143027
-1.698925
-0.108200
-2.683933
-0.015166
0.071230
0.045269
-4.048120
-0.120432
-0.196429
0.092904
-0.196846
0.332707
0.024975
0.055738
0.085851
-3.665049
0.040382
-0.217869
-0.033898
0.079882
0.069430
-0.285665
0.297282
-0.187438
0.218073
-0.370576
-2.842368
-0.021425
-0.139800
-2.626875
2.934203
-0.255488
0.235729
2.827842
0.199476
0.191875
-0.371985
-0.170877
-0.236539
-2.809251
-0.415139
-0.128635
0.446707
-0.034697
0.090644
-0.068600
0.074643
2.912611
-0.244926
0.101900
0.244464
-0.095147
-0.023665
-0.069805
-0.021778
0.235155
0.202856
-0.083218
0.120065
-0.331401
-2.890793
-2.841853
-2.666081
-0.290766
0.379602
-2.802029
0.176725
-0.429064
0.437462
-0.026344
2.894279
0.096044
0.117434
-2.719033
-0.281669
3.197691
-0.070823
2.987644
-2.640295
-2.794287
0.121876
-2.777995
0.127246
0.025737
-0.153257
-0.270661
-0.189222
0.105829
-0.034786
-4.790917
-0.066256
2.765131
-0.006442
0.005469
0.244733
0.012426
-0.558630
0.148012
-0.000931
0.092812
0.095967
-2.830389
0.034063
-0.037965
0.119135
-2.799383
2.823016
-0.330137
-0.108275
-0.159881
0.046102
0.030945
0.113075
-0.080451
-0.154100
-2.717546
-0.464696
2.966608
0.183206
-2.757420
-0.353057
-0.608297
-0.207421
-0.031090
-0.151247
-0.243758
0.155327
0.118045
0.112497
1.822453
0.052612
0.033205
-2.729095
-2.911979
-0.083792
-4.960312
0.036630
0.103572
-0.679248
0.056107
0.106080
-0.159735
-2.739956
0.050500
-0.963487
-0.228503
-0.023628
0.079173
-0.166273
-2.755585
0.058622
-0.236657
-0.785182
0.117603
0.041656
0.037183
2.763134
-2.827599
-0.133815
-0.727871
-2.565201
-0.032296
-0.018563
0.239196
-0.210157
-0.038245
-2.889917
-0.086586
-0.092401
-2.616470
0.040115
-2.898672
-3.471052
-2.621190
-3.125703
-0.162378
-3.849353
0.111449
-0.419216
0.213820
0.215463
0.232917
-1.156560
-2.763701
-0.055732
0.033643
-2.847619
-0.129784
-0.283511
0.106938
-3.204778
-0.258952
-0.640926
-0.129857
0.133761
-0.114746
2.372136
-1.820572
-0.099649
-0.076039
-0.215343
-0.071423
0.144976
-0.110056
0.020011
-0.210980
0.165532
0.025333
2.930561
2.568010
-0.057136
-2.721149
0.168612
-3.075392
-1.638752
0.105376
2.942488
-0.846801
0.118954
-0.019222
-0.045075
0.013477
-0.273699
-2.550350
2.836020
-1.905338
0.154699
-0.150655
-2.522838
-0.091214
-2.792983
-3.017809
-0.122975
-0.003206
-0.096019
-0.511460
-0.523329
0.111482
-1.012778
-1.215529
0.151543
0.106508
-3.005803
2.687767
0.102490
0.047829
0.175853
-3.909711
-0.916374
-0.570128
-0.480872
-0.122277
-0.036191
0.145112
0.159035
-0.254744
-0.064491
0.304655
0.178952
-2.984618
-2.737449
-2.656287
2.762880
0.093263
-0.020650
0.178181
0.019999
-0.576115
-0.244830
-2.824450
0.046015
-0.116719
0.265363
-2.969884
-0.135892
0.219639
-0.574295
-0.118842
-0.367701
-2.774170
-0.420254
0.091446
-0.135775
-0.027183
-0.153958
-0.196748
-2.782238
0.141856
-0.074919
-0.194889
-0.000037
0.582997
-2.897110
-0.991099
-2.754702
0.210346
-0.726888
-0.254412
-0.029463
-0.032622
3.000965
-0.207575
0.084584
-0.113838
0.041698
-0.005935
2.609767
0.300660
-0.237926
-2.594573
-0.440234
-0.272623
0.284690
0.108476
-0.634563
0.179878
2.910749
-0.193900
0.135847
-2.742376
0.133891
0.079101
0.143321
-0.008258
-2.756481
-0.075739
0.011305
-0.088585
-0.468156
-0.005267
-0.125872
-0.045760
0.133305
-2.813254
-2.761021
2.937465
-0.038959
-3.197138
-3.554017
-2.800010
-0.192686
-0.110076
0.339073
-2.722540
-0.089102
-0.056016
-0.145343
-0.446415
-2.713397
-2.851804
-0.070841
-0.053790
-0.128814
-2.760773
-3.388064
0.033112
-0.122942
0.145508
2.797229
2.589741
-0.016949
-0.054510
0.191036
-2.784767
-2.778007
-0.101175
0.213524
0.171384
0.213326
-2.810285
-1.488669
-0.038479
0.133284
-0.096811
0.053269
0.252818
-0.558616
-0.007488
0.112466
-0.744028
0.106772
-3.247359
-0.320921
-2.623153
-0.057723
-0.348863
0.103562
-0.106343
-0.003433
1.171144
-0.021079
-0.058142
-2.658902
-3.022425
3.217142
2.594035
0.008174
-0.433707
0.192576
0.017833
0.229084
-0.167393
0.088586
0.121090
-2.793043
0.013654
-3.122845
0.132268
-0.193763
-0.006268
0.055313
-0.070742
-0.352293
-2.944329
-0.590757
-0.278065
-2.703173
-2.842316
-0.135862
-0.059352
0.050745
-0.727937
0.072998
-2.785254
-0.041543
-0.005727
0.197834
0.126635
-0.111516
-1.732462
0.008891
0.157049
-0.479446
-2.886626
0.093441
-0.193418
-0.130033
0.185870
0.061318
0.086028
-1.105835
-0.072653
0.031367
-2.781066
