3.121187
-2.089942
-2.619758
0.000000
0.982794
0.481664
-0.872137
0.801270
0.113151
0.700854
-2.015216
-0.380506
-2.043703
-1.107149
1.242243
2.650429
-2.805954
2.493781
2.665125
-1.570796
-1.002272
2.273053
1.237552
2.198105
-2.149871
-0.076772
0.802346
-2.142134
1.985303
-0.408149
3.020969
-2.254506
0.812419
0.244979
-0.051237
2.234842
0.051237
2.660705
-0.455774
0.708626
-0.575425
1.730709
-0.332059
-0.528074
1.768192
2.149871
3.141593
-2.308611
-1.768192
-1.619538
-1.397551
-2.034444
-1.862253
0.960070
3.141593
-2.919511
-1.173168
-1.413028
-1.885554
0.000000
-2.646041
0.922985
-0.857735
0.757628
-1.945130
2.094075
-2.399645
1.642104
-2.580429
-1.873681
-2.841421
-0.920926
-0.674741
2.103640
-0.291457
2.402316
0.321751
0.141897
0.274910
2.761086
-1.862253
2.772259
-0.664046
-1.989021
0.149812
0.097727
0.000000
2.397267
-2.611377
-1.279340
-1.955401
1.501940
-2.863293
0.706199
0.449760
0.193211
-0.785398
0.331096
-2.004750
-2.048142
2.408778
0.197396
1.947287
0.972377
0.504861
2.312744
-0.915101
2.810497
-2.208345
1.478040
0.608689
-2.886410
-1.841743
1.570796
-0.885067
-1.335251
-0.223477
1.256039
0.994421
-0.368696
1.453688
2.753274
2.605157
-1.768192
2.373142
-1.820775
-1.019141
-1.927016
0.785398
2.944197
2.529055
-0.272146
0.132552
-0.582353
0.021736
3.110353
-2.889903
-2.806856
1.548578
-2.202487
-3.079174
3.109346
1.910089
-2.903757
1.825979
-2.802300
-1.844964
0.534955
2.829551
-1.059566
1.881795
-1.135443
0.141897
2.286540
-0.785398
-2.414950
-1.196463
1.428899
2.429235
2.191046
1.494024
1.067953
-1.012197
-1.838707
-2.761086
-0.274167
2.064738
-0.453339
-0.529590
-2.077895
1.298650
1.925502
-1.229817
2.559688
-2.129396
-0.443448
0.051237
0.847817
0.344647
-1.797595
0.953041
1.096396
-1.467715
-1.009633
1.993650
-0.931410
-1.951303
1.570796
0.876058
-2.589938
-1.860300
-0.832981
-1.315614
-1.741532
2.952394
-2.466852
0.597177
3.141593
0.147078
2.930499
-0.582353
2.167973
2.806856
-1.774814
-2.034444
1.061204
1.820775
0.117109
-1.983207
-2.544416
0.605545
-0.739975
0.977446
0.000000
-2.440738
1.310194
-2.637427
-2.239086
-0.927295
-0.256151
-1.821799
0.147849
-2.944197
2.922924
-1.373401
-2.523837
2.868584
1.096396
-1.055247
0.367174
-2.798569
-2.214297
1.744042
-1.116952
2.589938
-2.690931
-0.374334
-1.695151
-2.811295
-0.044415
-2.847358
-0.165149
-0.846546
-2.245537
3.118869
-2.664247
-2.101012
0.657889
-0.380506
2.677945
1.008875
2.720173
-0.343024
-0.414507
-0.982794
1.774814
3.121595
-2.691833
3.107124
-1.829567
3.116598
-2.819842
-0.099669
0.519146
-2.622447
0.934288
-2.242402
-1.951303
1.972667
-0.042528
1.455920
-1.965587
0.000000
-2.741352
-1.121037
2.536048
-2.231839
-0.236849
1.703348
-0.454302
-2.386488
2.856862
1.129617
1.150600
2.841421
-0.962107
-0.828849
1.849096
2.903757
-0.124355
-0.685730
-0.132552
-1.453688
0.284730
0.597177
0.558599
-2.291768
2.153149
1.194835
-2.509902
1.177738
0.616297
-2.089942
2.146221
-0.626261
0.218669
-0.479519
-1.428899
-0.375271
2.840672
-1.759995
-2.944197
0.157769
2.717398
-0.630401
-2.809533
2.995580
-1.420425
-1.839964
2.880990
0.278300
0.715744
-0.762147
-2.220667
3.019750
0.269167
3.045119
1.310194
3.045119
1.279340
0.768451
1.824470
-0.722979
-0.031240
2.750986
2.910502
1.275355
1.570796
2.332943
0.769006
1.913820
1.123276
-1.019141
0.343024
-1.046001
-1.951303
-0.519146
0.375961
2.709185
-2.539305
-2.536048
-2.379446
-1.190290
-0.463648
0.710909
-1.107149
2.484518
1.178456
-2.657115
-2.068619
-1.183921
1.161888
-3.075024
-2.324955
-1.666655
0.965252
-1.718646
0.000000
-0.999459
-1.951303
-0.069655
2.991221
-2.571552
0.501604
0.688924
-0.367174
-2.414950
-2.297439
-0.434670
-2.308611
1.862253
0.553294
-0.750929
2.761086
2.521343
-1.602036
1.212026
1.570796
1.464061
-2.875341
0.000000
-2.240435
-3.085049
1.667270
-2.956245
2.218188
2.677945
-3.039904
2.293776
-0.639386
2.054243
2.274410
2.210182
2.315122
-0.172191
0.000000
2.080389
-1.415800
-1.373401
2.833540
-2.769525
0.310998
0.855053
-0.071307
-3.099950
0.000000
1.922241
1.703348
-1.656302
0.352990
-1.066630
-2.285888
-0.083141
1.209067
-2.889038
0.785398
-2.403778
-0.056543
2.378413
-0.915101
2.944197
2.444202
2.399645
2.669096
-0.408908
-0.272146
0.251003
-0.463648
1.677532
-2.457883
2.140110
1.159732
-1.196463
-2.429235
-1.545802
1.314645
1.094329
2.838708
-2.761086
-2.158799
1.994991
-2.418613
-0.046478
0.253674
0.809784
1.004067
-1.709892
-1.943784
-0.389317
-0.763180
0.235545
-0.866302
-1.348714
-0.808650
0.375961
-0.849141
1.900421
-0.033321
-2.397267
-2.356194
-0.674741
-2.782822
2.976444
0.568525
2.800614
-1.184914
1.703348
-2.399645
3.141593
1.677532
-0.816638
1.678486
-0.992894
2.430683
-0.144812
0.816638
0.434670
3.050933
-0.885067
3.118341
2.687749
-0.068856
-2.687749
-2.640579
-1.853351
-1.296629
-3.024484
2.868584
0.735440
-0.873406
-2.611377
2.999696
-2.401618
-2.859038
-0.671144
-0.785398
-0.630401
1.138389
3.119857
2.008588
0.047583
1.449444
3.141593
1.797595
2.331809
-2.809533
2.629203
-2.651635
-0.694738
-1.159732
-0.761013
-0.901157
2.511191
-2.428532
-1.526381
0.000000
3.081061
1.989021
-2.504044
3.061763
0.835357
-0.321751
2.371578
1.310194
-0.802940
2.627987
-2.577023
-2.459276
-2.103640
-1.801887
-2.013171
0.135528
0.901157
1.965587
1.538549
2.034444
2.727086
1.570796
-2.611377
-1.635921
-0.507099
-2.613518
0.278300
0.962994
0.547562
2.669471
0.635027
-0.129703
-0.785398
-0.785398
1.416478
2.176341
-2.740364
-1.066630
-1.670465
2.010639
-0.411065
-3.119374
-1.145964
1.637364
-1.460139
-1.249046
-1.343997
-0.939717
-0.071307
-0.558599
2.553590
2.289626
0.424832
-2.976444
-3.075024
2.238102
-0.976037
-2.970857
-1.134169
-1.146602
-1.692639
2.370686
2.295046
2.637427
0.901157
2.986596
-0.489957
3.024484
0.671144
-1.837048
0.575425
-2.218608
3.028442
2.265535
0.588003
-2.772259
-1.878849
0.244979
-0.965252
-0.728317
0.724250
2.047264
2.709185
-0.066568
1.075245
-0.982794
2.223643
-1.107149
-2.183334
-2.256526
-1.044169
-1.856848
1.118018
0.272146
0.746956
2.872425
-2.323948
1.315614
2.308611
-2.317752
2.049149
1.753907
0.504861
2.165556
2.077895
-3.118341
-1.042722
-0.449760
-1.856848
1.616220
1.423718
0.310998
1.823351
0.492486
1.422947
-0.862170
-1.453688
-2.953371
-3.082837
1.686556
3.082837
-1.067953
-1.975688
0.661043
1.937970
1.107149
-0.982794
-2.637427
-1.760785
0.785398
-2.920764
-0.785398
-1.400061
1.933341
2.003204
-0.626743
-1.735945
1.929567
1.229817
2.429235
-3.024484
-0.211093
0.291457
0.880350
0.639386
0.755995
0.958259
-2.506566
-2.622447
-2.020556
-0.065125
2.544416
-0.020405
0.504861
-1.570796
1.860300
-2.782822
1.296629
3.141593
2.240435
0.544280
0.000000
2.511191
-1.772559
