-0.849825
1.844964
-0.438337
0.132552
-1.009633
1.700499
0.093477
0.043451
-2.981680
-2.720929
-1.292497
3.063322
-2.122451
-2.301703
2.279423
-0.197396
0.813962
-2.625362
2.405335
1.832916
1.307802
-1.261093
-1.181480
2.690931
0.182168
-2.214297
0.785398
1.145964
0.697903
2.191046
2.717398
-2.291768
1.892547
-2.087027
-1.846222
-2.450256
-0.274910
1.744042
2.169215
1.640451
-1.083897
1.284745
1.017502
0.453844
2.804918
-2.383215
1.076855
-2.092631
1.364472
-0.363979
-2.089942
0.544864
-1.442473
-1.631328
-1.094329
1.352127
0.806672
-1.237552
1.778293
-2.262133
-2.085248
1.001483
-0.909753
-2.792822
-2.137526
-2.139321
0.568525
-0.308053
-0.892134
2.405335
-1.128422
-2.906870
-2.562518
1.686556
-1.463106
0.643501
-1.808632
2.265535
1.946067
-2.698144
-3.041924
2.034444
-0.730907
-1.222025
0.511231
-1.624798
0.892134
-1.875307
-1.136126
-1.054566
1.044730
-0.207496
2.677945
2.268699
1.599360
-2.292451
1.725115
0.876058
0.628796
3.025833
-1.779819
1.378096
-2.116451
2.252095
-1.860300
-1.298650
-1.232918
1.433730
-1.292497
-0.287281
-0.463648
1.687905
-2.446854
-0.161375
-2.394637
-0.938047
-2.914794
0.455451
2.553590
0.000000
1.129617
-2.658146
-0.569313
-1.840645
0.896055
2.256526
0.847817
1.172274
-1.296629
3.084512
-1.870967
-1.913820
-0.239232
-1.009633
-0.120624
-2.626044
1.954966
-2.743070
-0.737815
0.023252
1.256039
2.725528
-2.166206
-2.018316
1.364472
1.337053
1.768192
-2.514850
-2.107707
-1.951303
-2.790148
0.145310
1.748392
3.115283
1.289024
1.523213
2.999696
-0.415492
-1.789465
-0.879459
0.000000
1.352127
-2.782822
-2.720173
-0.554307
-2.723368
-2.111216
3.024484
1.570796
0.819867
-2.701750
-1.150133
0.414507
-1.849096
-2.314552
-2.561590
-1.433730
0.858439
2.145101
-1.882838
0.657889
1.239700
-2.184004
2.295046
-0.404892
2.980218
-0.463648
-2.859821
-0.404892
-0.236849
-0.141897
-2.782822
-2.574863
3.141593
0.828849
-2.439336
0.626743
-2.003204
0.883125
3.079174
-2.806856
1.993650
1.947287
-1.927016
1.432157
-2.582993
1.617274
1.030377
-0.873406
1.570796
2.397837
-1.757776
1.945130
0.715744
-2.850136
2.709185
1.917858
2.503273
0.628796
1.570796
-2.356194
-1.107149
1.808632
-1.527345
-1.844964
2.473303
0.384605
-2.750986
0.066568
-1.158386
-0.298499
0.120624
2.523837
0.033321
-1.080839
0.736257
-1.967238
1.107149
-0.154997
-2.506566
-0.634023
2.566168
1.130954
-2.488746
2.062606
1.983207
0.132552
-2.048142
1.932526
0.047583
2.877629
-2.356194
1.453688
-2.704965
-0.694738
0.414507
1.165905
-0.307046
0.743756
1.019141
3.006065
2.287338
-2.466852
0.572966
2.214297
3.007271
0.564569
2.390664
2.440738
-2.001489
1.518213
1.981861
-2.910502
-2.240435
-1.452306
-0.047583
-1.051650
-0.575425
-1.277207
-1.883698
2.060754
-2.082027
2.666582
-1.670465
0.191184
-0.764993
2.007423
-0.165149
-2.944197
-0.720971
2.537843
-2.819842
2.649783
2.396173
-0.132552
-0.602287
-1.006227
0.028564
2.271651
-0.862170
-2.744513
1.335251
2.832662
2.553590
-0.601074
0.296546
2.689439
-3.082837
-2.651635
2.219128
1.735945
-1.796073
2.839974
-0.024385
1.428899
0.000000
-2.013171
0.927295
0.579074
-1.570796
1.443287
1.882838
-2.667193
0.135528
3.141593
2.386488
-2.106608
-0.463648
3.079174
-2.848004
2.810497
-0.300920
0.278300
-1.803353
-1.520838
0.922464
1.319794
-2.476818
2.928654
-3.006065
1.313473
-1.691420
2.208345
-1.803353
2.855541
-1.540503
0.706199
-0.570040
1.864385
1.921524
-1.921524
0.103792
0.982794
-1.687905
-2.422763
0.601074
-2.276995
1.159732
-0.785398
1.721812
0.308053
-0.956133
-2.251318
1.117458
2.567288
-0.343024
-1.981861
2.966920
1.051650
-1.289024
0.530216
-0.581380
2.802300
-1.424784
2.493261
-2.116451
-1.642104
-3.017238
-0.571337
3.141593
-1.128422
0.921801
1.030377
0.369906
-1.276562
1.867342
-2.627987
-2.605781
-2.396173
2.034444
-1.840645
-0.450661
2.201876
2.086345
2.095592
0.605545
1.256564
2.944197
-1.467715
-1.097890
-1.856848
-1.073454
-1.703348
-0.375271
-0.385883
2.049149
-2.450256
0.244979
-0.022723
2.005467
-2.228685
3.086094
-0.769526
0.174672
0.648996
-0.724866
-3.118869
-2.064738
2.480549
1.373401
2.194819
-2.961739
0.362544
-1.401695
2.835714
-2.653259
-3.110353
2.553590
1.004067
-2.279423
-0.239743
2.000559
3.141593
2.642246
2.595938
0.000000
-2.729182
0.120624
0.278300
-2.374374
-0.047583
-1.446441
1.249046
2.534605
-2.064738
0.262995
1.995628
-0.682317
-2.129396
-2.373737
2.485897
-1.163165
3.030935
1.390943
-1.518213
1.885554
0.454302
-1.626295
-1.618379
-1.883698
-0.449760
2.667741
-2.655971
3.121987
-2.118359
-2.677945
0.045423
2.152177
-2.744513
-0.496423
0.380506
-1.885554
-0.291457
-0.669639
1.480136
-0.485622
-1.687905
-0.846546
-2.242402
1.828120
0.761013
-2.512796
2.061960
2.677945
-2.956245
-1.768192
1.012197
0.062419
0.124355
-2.111216
-2.561590
-2.597312
1.304544
1.212026
2.601173
-1.892547
3.090355
2.918116
0.029403
0.404892
0.862170
0.369334
-1.373401
0.335639
0.478352
-2.397837
2.547379
-0.818719
1.118018
2.070143
-2.043293
-0.504861
-3.020969
2.646041
0.736257
0.450661
-2.201876
3.141593
-0.785398
-1.051650
-1.014630
1.600200
0.968509
1.128422
-2.331809
2.053310
-2.265535
-2.779863
-0.321751
2.579671
0.107690
-2.023575
0.157769
0.876058
-2.498092
-2.700413
1.934775
-0.152649
-1.821799
0.896055
1.495936
1.480136
1.675673
-0.282555
-2.634494
-2.782822
2.913096
1.831399
0.553294
-0.154319
1.638873
1.508378
1.418147
-0.278300
1.735945
2.800614
-2.430134
-1.703348
2.435394
2.622447
0.785398
-0.300920
-1.432157
-2.227871
1.078987
0.805803
-0.842479
-0.224711
1.302430
-0.679414
-1.773118
-0.612538
-3.082837
2.772259
1.040581
-1.913820
0.828849
0.982794
0.204018
2.236766
1.185639
-2.774419
-0.643501
1.274251
1.858852
-0.801270
-2.891150
-1.439969
0.449760
2.544416
1.438245
1.241747
-2.103640
-1.822486
2.498092
2.677945
-2.926235
0.694738
3.036716
-2.529055
2.084402
-1.615212
2.118359
1.741532
-2.540519
2.562518
-2.792822
-2.609869
-2.726101
2.203545
0.946773
-0.805003
2.788602
2.356194
2.649783
-0.801270
0.197396
-0.974597
2.214297
1.570796
-0.099669
1.184914
-0.212938
-0.831519
0.000000
1.128422
-2.282255
-2.944197
-2.912361
-1.416478
-0.594214
2.256526
1.570796
-1.196463
-3.113822
-0.179853
-0.571337
-1.310194
2.356194
-0.679414
0.921801
-0.415492
0.994421
1.845706
-2.436024
-2.117585
-2.586099
-0.594214
0.185348
2.262133
0.764993
2.845047
0.805803
0.293589
-0.355636
0.940395
-1.325818
1.570796
-1.912412
-0.721655
-3.114572
-1.900421
1.220068
-1.600200
1.107149
2.863293
1.381597
-2.629203
-0.519146
-2.165010
-1.420425
-2.896614
2.913096
-1.670465
2.271651
1.659452
-0.473356
2.003204
1.695151
2.754717
-1.989021
2.792822
0.340979
0.145310
-2.604682
-0.062419
2.972996
-1.882838
2.704965
2.545394
