0.279911
-0.845704
0.558131
1.918496
0.189407
0.201913
-0.440372
0.735546
-1.313924
-0.194348
0.162103
0.596457
-0.282441
-1.124415
-0.153617
0.698719
0.726151
0.127745
0.463000
0.209396
-0.823607
0.322550
-0.002338
0.353806
0.340925
0.169425
-0.000474
0.187986
0.252799
-0.937584
1.305361
0.087277
0.208294
-0.931861
0.381193
-0.152353
0.477798
0.494200
-0.965620
-0.609881
0.413792
0.006422
0.145591
-1.459353
-1.405923
-1.100411
0.637984
1.063251
0.229817
0.163973
0.115077
0.231677
0.654169
0.111214
0.239996
0.193222
-0.860302
0.227545
1.920361
0.272828
0.701629
0.591145
0.379482
-2.722779
-0.760663
0.258289
0.160454
0.039441
1.981529
0.403755
0.347451
-0.123668
-1.077530
-1.366013
-1.242788
0.167700
0.529779
0.352620
-0.146825
0.235127
0.066026
-0.895189
-0.920438
0.940942
0.628966
0.491370
1.806954
0.463131
0.559491
-1.078020
0.212736
0.327303
-0.020069
0.273042
0.045908
-1.317462
0.142150
-0.846220
-1.061760
0.473249
1.185683
2.063757
0.127462
0.640397
0.328520
0.003730
-0.980486
0.153097
-0.050506
-1.033393
0.828021
0.438545
0.651038
0.266307
0.306697
0.633176
0.976746
0.583010
-1.666699
0.198847
0.165260
0.219197
0.429843
0.347719
0.292066
0.472319
-1.399076
1.869507
0.931991
0.234216
0.196107
0.182819
0.301315
0.045040
0.237148
0.000058
0.353906
-0.053673
0.230194
0.050919
0.686644
0.542371
1.442530
0.647668
0.322005
0.532015
0.244896
1.119405
-0.779774
0.294958
-1.179064
0.075933
-0.750535
0.762186
0.187709
0.176212
2.025616
0.576907
0.639991
-0.136144
0.272643
0.082238
0.058351
-0.898394
-1.084790
0.173147
0.597655
0.542895
0.635331
0.145593
-0.049861
0.436817
0.553328
0.353952
-0.087123
0.534111
0.084353
0.051273
0.145319
-0.179378
0.218924
0.515532
0.156865
0.340419
-0.977786
0.196084
1.876138
-1.042315
0.147524
0.182715
0.604432
0.682687
-1.097183
-0.766351
0.401952
-0.129430
0.526363
0.471946
0.008246
0.358488
-0.183134
0.277951
1.186142
0.682206
0.296812
0.317649
0.416201
-1.278723
-0.138521
0.066609
0.677298
-1.419875
0.452194
-0.962886
-0.943517
0.317249
0.064615
1.298294
0.167157
0.317557
0.006906
-1.002960
-1.373609
-1.051112
-1.096617
0.635068
0.391170
-0.142467
0.085015
0.436886
-0.808982
0.305466
0.071743
0.475088
-0.094549
-0.786414
0.239987
-0.098103
0.331397
-1.393674
0.793932
0.258816
1.170714
-0.674885
0.704923
0.560447
0.279300
0.401023
0.173834
0.318545
1.970551
-1.657981
-1.077504
0.131454
0.353328
0.392936
2.034969
0.316139
0.158010
0.260915
-0.151936
-0.947099
0.530201
0.243552
-0.945367
-0.736408
0.777321
0.480456
0.174898
0.642838
-0.979293
0.453592
-1.065030
-1.069644
0.567552
-0.052994
-0.079879
0.694653
-0.730741
-1.000567
0.524162
0.211915
1.879620
-0.126617
-1.453270
0.247221
0.473994
0.719788
0.606049
-0.947754
0.094587
0.332599
0.230851
-0.525708
-1.370917
1.964874
0.801676
1.175709
-0.955835
0.335516
0.036428
0.197429
-0.043541
-0.110432
-1.204613
0.286045
-1.300239
2.083044
0.297688
0.276163
0.382034
-0.043705
0.355250
0.221395
0.442759
0.719097
-0.003687
1.861194
-1.652130
-1.120549
0.498976
0.483480
-1.285802
-0.027629
0.193072
1.987771
0.494243
0.373315
-0.009528
-0.961511
0.581828
-0.184994
-0.903712
-0.244757
-1.405265
0.611113
-1.022796
-2.400391
0.160289
0.175923
-1.040411
0.141896
-1.432415
0.233807
0.741275
-1.008033
0.132106
-1.244330
0.523653
-1.485187
0.162138
-1.536320
-1.457535
0.899749
-0.186705
-1.348143
0.397588
0.265836
0.587138
-0.195543
0.151294
0.261154
0.397079
-1.023812
-0.545405
1.451094
0.284580
0.706145
0.081390
0.410082
0.147298
0.172218
0.454337
0.316132
-0.187768
0.475916
-0.149269
0.439565
0.264314
0.353472
-1.010105
0.472112
0.374844
0.199172
0.297658
0.113940
-0.886277
2.135144
-1.426164
0.346531
0.483060
0.526062
-0.232293
-0.022710
-0.016165
-0.919362
-0.898539
-0.182417
-0.258265
-0.994455
0.425711
0.530282
0.322109
-1.314358
0.412322
0.081373
0.696000
-0.300479
0.309878
0.232037
-1.093853
-1.146508
1.155194
-1.434063
0.190688
0.477760
0.288364
-0.709740
0.030767
-0.174247
1.166550
1.919700
-1.453586
-1.392442
0.327990
-1.024577
0.425736
-0.098567
-0.126804
0.513421
0.255250
-1.381726
0.056377
0.280528
0.348321
0.310902
0.168786
0.247673
0.242830
-0.269572
-1.140757
1.494597
0.011595
0.086672
0.794667
-2.572284
0.312541
0.322565
0.605070
0.187840
-0.111750
-0.993828
0.217708
0.608215
0.229164
-0.371349
0.194792
1.760747
-1.119166
0.225647
0.494289
0.337937
0.229127
0.499551
0.562769
0.447747
-0.036746
0.237779
0.117267
0.687025
0.095285
0.229670
0.081635
-1.046103
1.335552
0.094402
0.075008
0.536866
0.295680
-1.010276
0.566261
-0.780954
-1.577554
0.086941
-0.033955
0.103717
-0.020305
0.186570
-0.558589
0.096487
0.094857
0.188850
0.268072
0.256403
0.017526
2.075136
-1.066537
0.181654
-1.354813
-1.421790
0.301381
0.272987
0.239805
0.757111
0.346677
0.083578
2.065058
0.370951
0.672398
0.534239
0.355028
0.239690
0.140216
0.221016
0.199978
0.276012
0.326405
1.203426
0.575938
-1.640857
0.700303
-0.895878
0.271230
0.795442
0.203490
0.389113
-0.443544
-0.215857
0.091117
-0.067449
0.374078
0.742060
0.345717
0.466502
-0.730334
0.126088
0.425036
-1.013327
0.626422
-0.038719
0.326657
0.276232
-0.241456
-0.685372
2.079620
0.439190
0.041507
0.181510
-0.757750
0.515589
1.232430
-1.073906
-0.719669
-0.208235
1.158069
1.335703
0.711852
-1.423438
0.182682
0.597588
0.522865
-0.174226
-0.234052
-1.062130
0.275981
0.766325
0.130480
0.132148
0.381887
0.173554
0.381652
-0.998358
-1.371765
-0.620700
0.318975
0.921154
-1.237167
0.441453
-1.030517
0.286772
0.594810
0.392461
-0.676471
1.774520
-1.210928
0.369085
0.447677
-1.179208
-1.358728
0.311513
-0.864540
0.136357
0.718540
-0.348767
-1.116924
0.108779
-0.522210
2.122221
-0.035282
0.743720
0.166727
0.291908
1.171014
0.421850
0.101995
0.609326
0.080990
0.541422
-1.436937
0.699651
0.319531
0.076689
0.620969
0.156887
0.722348
0.090755
0.234155
-0.960215
0.457663
0.707579
0.522119
-0.776438
-1.145376
0.015063
-0.713670
-1.288208
-0.090194
0.694874
-1.130529
0.152072
0.372239
0.410537
-1.238409
0.182384
-0.057558
-0.097657
0.661592
-1.170116
0.236700
-0.021077
0.119238
-0.794183
-0.930157
0.582565
0.564525
-0.148619
-1.010375
0.544264
0.554384
0.232370
1.218332
0.592369
0.247073
-0.577931
0.332933
1.310635
-0.119483
-1.379281
0.152044
-0.047302
0.807495
0.144615
0.719190
0.738289
2.033047
0.360819
2.047513
-0.706596
0.466933
0.600422
-0.005507
0.095286
-0.114703
-0.136147
0.396971
0.212368
0.554072
0.727413
1.027199
0.529398
0.275256
0.283475
-1.633878
0.162294
-1.055950
1.241184
-1.202867
0.079053
0.254252
1.198817
