1.105143
-0.885568
0.597939
0.525544
0.886446
0.669822
-1.354877
1.977631
0.288245
-0.337095
0.602532
-1.010590
-0.643988
1.829492
1.903192
-0.928413
-0.821393
0.400779
0.447923
0.870920
1.771642
-1.022280
0.255066
0.589194
0.439392
-0.831373
0.027278
2.177518
0.848936
0.325843
-0.596605
0.684621
0.296614
-2.271766
0.624945
-0.830077
0.522756
0.197917
0.583422
0.522867
0.511135
0.510260
-2.672079
0.572218
0.352644
-0.892586
1.997550
0.597505
0.582119
0.682042
0.776084
0.620193
-1.482422
-1.288823
-0.014561
0.882325
-0.561343
-0.611519
-0.801171
0.408983
-2.761491
0.856196
0.565699
0.293111
-1.495622
1.849353
0.635255
0.517082
-1.093163
0.584080
0.529988
-1.131233
-2.465123
-1.444820
0.573209
0.366048
-1.069206
0.907679
-0.937578
2.187322
2.061761
0.659515
-1.562788
0.230576
0.500030
0.058785
0.376712
-1.737516
-1.492086
-0.903244
-0.816164
2.615464
1.794117
1.845395
0.524527
2.539748
0.726367
0.688308
-0.358516
0.716210
0.393495
0.616984
0.092934
2.084157
0.624296
0.626065
-1.659167
0.497223
-0.420914
0.632214
0.622969
0.650567
0.473007
-1.467521
0.315120
-2.614853
0.721972
0.795520
2.078222
1.667003
0.735195
2.007066
0.517554
0.508384
0.028010
0.437724
-0.598056
-1.245973
-2.319557
-0.517592
2.101791
2.359275
-1.179692
-0.786397
2.068543
2.034259
0.343879
-0.881170
-2.752045
-1.452270
-1.232799
-0.636165
0.215556
0.498810
0.348119
0.853904
1.950007
-1.550860
0.821554
0.510782
1.871886
0.438790
0.609467
1.882533
2.246138
-0.835125
0.465396
-1.383608
-1.081552
2.245620
2.070993
0.881064
0.283123
-0.503898
0.233547
0.566685
1.148623
0.451427
0.142414
-1.307712
-0.471741
-1.417465
2.321151
0.825419
0.722867
-0.569043
0.228329
-0.813166
1.816597
-2.036887
1.162091
0.595257
1.797506
-1.213971
0.496002
0.076291
-0.963584
0.739736
0.622811
-1.240209
0.544055
2.465489
0.641740
0.471832
-1.307443
0.337279
-0.605657
0.542739
-1.457714
0.517305
1.987882
-0.634766
0.248369
0.820315
2.096196
0.497399
-1.246251
0.342456
-2.558949
-0.891584
0.465006
-1.079446
1.906896
0.622059
-1.501819
-1.335197
0.499442
0.024994
0.374457
-0.909230
-2.312585
-1.185915
2.139448
0.593846
0.494434
-1.112232
0.551439
-1.521054
-1.572334
-1.675344
0.565161
1.973250
0.052184
1.434492
0.627100
0.438639
-0.994399
-2.532245
-0.515176
-0.794329
0.502801
2.388514
-2.643316
0.605221
0.533997
0.745349
0.673999
0.564282
2.284425
-0.952977
0.848531
-1.309314
0.527159
-1.507999
0.129503
0.615777
0.404093
-1.470686
0.668467
0.301486
0.449517
0.388068
0.712919
0.441943
2.152814
0.519011
2.221693
0.655524
1.891996
0.598447
2.270612
-1.545164
2.089021
0.134718
0.610274
-0.453318
1.815330
2.260223
0.743891
0.656388
-0.818257
0.814531
0.499524
0.703010
-0.953375
0.599715
-0.831247
0.554946
1.009781
-1.561688
0.721342
0.166046
-0.789568
1.926501
0.711296
-0.981964
0.583653
-1.420860
0.526923
-2.687110
-1.729802
-1.618696
0.441608
-0.556520
1.303772
1.772590
1.934160
0.698195
2.077445
1.805066
1.164356
0.674603
0.606223
1.049128
-0.874602
0.221612
0.538225
0.626168
0.973195
-1.392928
0.971560
-1.700404
0.760992
1.977134
-1.958862
0.241305
-1.387468
0.825321
0.251049
0.572791
1.833929
0.557385
0.904100
0.216044
-1.183738
-0.379325
0.245041
0.680350
-0.601064
-0.629806
0.650643
-0.699327
-2.423009
0.926696
1.609252
0.506571
0.642521
0.990430
0.172682
-2.008604
-2.584622
-0.949130
0.371261
-0.164749
0.559044
0.386093
-0.610050
1.121833
0.681968
0.559939
-0.678313
-0.112302
0.454527
-0.979585
0.054155
-0.900666
0.661633
2.304364
-0.667642
0.919200
1.903706
0.524701
0.653321
1.135556
0.226025
0.378868
-2.776844
2.129442
0.415525
1.859262
-1.224835
0.978367
0.658832
0.476518
0.740666
0.381571
0.246324
0.842482
-0.391079
0.085348
0.690322
1.805334
-1.453881
1.341213
2.030756
0.672229
0.589273
0.689068
-0.636809
0.539671
0.556145
1.880173
2.136066
0.589774
-1.529164
0.571909
2.001201
0.180862
-0.874416
0.860763
-2.444996
0.733287
-2.582871
-0.791343
0.724460
0.862179
0.334766
2.146167
0.774805
0.624817
0.944608
-1.425809
-0.666410
0.585884
0.119962
-0.797771
0.575078
1.849688
0.774442
-0.937958
0.525537
0.499847
-0.672092
0.796203
0.291314
-0.932734
-1.311363
1.831386
0.622748
-2.519243
0.647281
0.317952
0.713917
-1.007433
0.737202
0.889914
0.758348
0.377089
2.113418
0.249059
-1.276116
2.241174
-0.621257
0.511494
0.186936
2.351568
0.739394
0.597437
-1.013322
0.545733
0.470504
-0.881215
-0.760314
0.737776
-1.750962
-1.085739
-1.434891
-2.505437
0.952096
0.440867
2.110871
0.809605
0.554298
0.663332
0.126874
-0.265241
-0.108752
-1.365899
0.617059
1.765133
0.823596
1.942738
2.274972
0.386616
0.568600
-0.459559
0.713755
0.916672
0.613396
0.608582
0.514436
0.349518
0.362120
-0.801308
0.536972
2.409585
0.662465
1.938153
0.574989
-0.818896
-0.953961
2.249220
0.033613
0.365884
-1.498035
0.662028
0.932748
0.587706
0.941959
-1.723622
1.814463
-1.478118
0.596595
0.413512
0.599541
-1.547960
0.127776
-1.635081
0.721716
0.420886
-2.829408
0.190144
0.818115
-0.850979
0.755739
0.830478
0.694635
1.809850
0.142986
2.086738
0.353549
0.799715
1.124459
0.708377
1.953414
0.560509
0.413020
0.716432
1.847522
-1.087188
0.734825
2.153511
-0.518239
-2.735735
1.917477
1.459942
2.386299
0.350214
0.510362
-0.650604
0.990063
-0.747899
2.419918
0.632439
-0.631980
-1.399223
1.356618
0.570952
-0.054554
0.769617
0.781297
-1.021252
0.362598
0.170077
0.595773
0.799537
-1.313007
0.542726
0.509319
0.494203
0.504403
-2.738923
-0.811161
0.789524
-0.895614
0.739651
-0.827749
2.001952
-1.631238
-0.991250
0.772389
0.077277
0.489682
0.058853
0.631457
0.362676
-0.973382
0.185777
-0.634172
-0.646828
0.091031
0.518253
-1.239304
1.997144
0.518770
0.624999
0.550703
0.644333
-0.759504
0.816988
0.123144
-0.663056
0.647526
0.960729
0.552023
-1.211258
-0.784992
0.753442
-0.605997
2.599924
-1.599213
-1.448186
0.714057
0.584021
0.438926
0.390573
-1.287201
-1.276383
0.661026
0.994117
-0.930284
-1.101490
0.250792
-1.470067
-1.163708
-0.332865
-2.253162
-1.124104
-1.030070
0.288435
-1.600761
-2.643889
-0.395451
-0.232083
-1.509249
0.631462
0.933258
1.821701
-0.862403
1.993265
0.598050
0.244700
0.196324
2.063231
-0.875907
-0.461393
0.759689
0.556855
0.568611
2.097519
0.729394
0.783014
-0.855931
-1.196925
1.960531
0.650667
0.401662
0.611221
0.081287
0.399956
-2.821756
0.584187
0.312282
2.274658
0.546484
1.780035
0.721120
-0.575804
-0.345620
1.100337
-0.822784
0.673438
0.652671
-1.530267
0.530370
0.455274
6.475442
0.697458
0.638869
-0.454461
2.002232
0.825448
-1.433905
0.367221
0.941555
0.387535
-0.919840
1.230001
0.731517
0.455631
