-1.123276
2.077895
1.012197
1.570796
2.077895
-0.188222
2.178598
0.367174
-2.601173
-2.616797
0.141897
1.071450
-2.677945
0.785398
-2.323948
3.034857
-0.321751
-0.055499
2.356194
2.119346
-0.762147
2.723368
-2.199593
-0.479519
3.050933
2.145101
-1.325818
0.000000
0.305879
1.234122
-1.012197
-1.892547
-1.176005
-0.885067
1.985303
-2.119346
1.030377
1.607816
1.279340
1.951303
-1.670465
-1.234122
0.148890
-2.283154
-2.207305
0.602287
2.982937
-2.055274
-1.004067
-0.049958
-0.708626
2.390664
0.785398
1.778293
2.284887
-0.233743
2.102520
1.620755
3.141593
2.013171
0.288055
2.727086
2.553590
-2.937575
1.570796
-1.869295
2.158799
-0.945311
-3.098142
0.566729
2.654693
-2.601173
0.049958
-2.777614
-0.398522
-0.197396
-0.540420
0.496423
-1.778293
1.421906
-1.347320
1.520838
1.623379
1.196463
0.176709
1.774814
1.892547
-0.885067
0.288055
-0.358771
1.525373
2.231839
-1.039072
0.135528
-1.980924
-2.406153
-1.869295
-0.982794
1.570796
0.643501
-1.525373
3.141593
1.465919
2.819842
2.654693
-1.152572
1.152572
-0.524796
-1.759018
0.938047
1.025141
2.731465
2.461071
0.000000
2.654693
2.790148
1.869295
1.433730
-2.483704
-1.460139
-0.722979
-1.141034
3.141593
2.743070
-1.833791
0.189988
-2.401618
-3.050933
2.692869
-1.144169
-0.336675
1.675673
2.629203
-0.817645
2.015216
-1.706324
2.567288
-1.975688
0.148890
-1.681454
2.904744
2.786887
0.083141
0.064427
2.761086
-0.761013
2.567288
-1.841743
1.905533
0.179853
-0.418224
-0.531724
1.335251
2.451146
2.102520
-0.661043
1.904041
-0.096474
2.491722
-2.516108
2.452668
-2.034444
-0.463648
1.961403
0.223477
-1.380808
2.622447
2.148698
0.429762
-0.207496
-1.570796
0.566729
0.737815
2.104505
-2.013171
0.636508
-1.222025
-1.152572
-2.228685
-2.927532
2.134113
-0.035699
-0.714091
0.614663
1.712693
0.083141
-3.096169
1.063698
1.518213
-0.223477
1.042722
-2.878598
0.463648
-1.297788
-0.813962
-2.961739
3.030935
-0.447520
-2.329174
1.405648
-2.593043
-1.012197
-1.570796
2.613518
-1.380808
-1.333948
3.141593
-1.616220
-2.388441
1.152572
0.715744
-2.406153
0.110657
1.347320
-1.012197
2.743070
-0.847817
-1.759018
-0.257324
-0.610726
-1.719686
1.172274
-2.572279
0.574305
0.463648
2.872425
2.245537
-1.975688
-1.347320
2.199593
-1.001483
2.399645
-1.373401
-1.227772
-2.455863
-1.410883
2.819842
-1.989021
2.245537
-3.009041
3.075024
2.293776
-1.849096
-0.934288
0.708626
1.570796
-1.535097
0.463648
-0.244979
2.516108
3.041924
-2.727086
1.727398
1.363300
-0.610726
-0.079830
2.999696
2.863293
1.616220
1.665748
-2.147172
-1.464061
-1.183921
0.000000
-2.116451
-1.012197
1.831399
1.717875
-0.223477
2.887919
1.620755
0.982794
0.927295
-1.249046
0.414507
-1.712693
-1.941688
2.970857
-2.994514
1.347320
0.071307
1.675673
-3.050933
-2.119346
-2.884269
0.086738
-0.809784
3.038511
0.785398
1.279340
-1.206817
2.907849
1.620755
1.753907
-2.333976
1.723446
2.878598
-1.520838
1.128422
0.000000
-1.063698
-0.244979
-1.784857
-2.125104
-1.902856
0.165149
-0.632749
3.050933
2.553590
2.418613
2.657115
-2.073640
0.094952
-1.871717
-0.607802
0.628796
-1.390943
1.423718
-2.642246
0.486899
0.176709
2.782822
-2.553590
-1.382575
2.253113
-2.969402
3.094010
2.819842
-0.674741
-0.657889
3.026716
-2.953371
-1.219352
-2.850136
-2.508844
1.060308
1.147942
-2.970857
-0.531724
1.778293
0.996491
1.373401
-2.631104
2.508844
2.663240
-1.428899
-1.815775
-1.315614
-0.354706
-2.774419
-0.688924
-2.631104
-2.953371
-2.958482
-2.567288
-2.833540
2.553590
0.244979
0.183111
-2.677945
-1.965587
-1.664273
1.225241
0.996491
-0.030294
-1.197809
0.094952
2.618314
-0.291457
3.141593
-2.408778
1.172274
-0.358771
2.488746
-2.073640
-0.071307
-1.815775
-0.262995
-0.866302
2.567288
1.337053
2.279423
-0.444419
-0.531724
1.876675
-1.677532
-1.074374
2.736701
-2.800614
2.578276
2.356194
3.067654
-2.616797
-1.570796
-1.292497
1.719686
1.046001
-3.094010
-2.804918
0.750929
0.444419
2.808348
-0.628796
-2.863293
0.388319
-0.463648
3.030935
3.075024
2.863293
2.145101
-1.677532
-0.348771
-1.919567
-2.545394
-0.388319
0.037020
-0.972377
-0.718830
-1.067953
-2.677945
-1.876675
-2.969402
-2.887919
-2.918116
-0.214061
1.012197
2.930499
-2.418613
-2.147172
-2.863293
0.321751
-2.833540
-1.237552
1.776192
2.452668
2.863293
0.270947
1.941688
-1.992216
-2.593043
-2.077895
-1.287002
-1.989021
-0.756835
2.329174
-2.691833
2.390664
0.785398
2.727086
-0.558599
-2.918116
-1.307802
0.398522
2.505084
2.629203
1.871717
-0.291457
1.880499
0.486899
1.475845
0.598419
1.494024
1.363300
2.819842
0.919720
2.961739
-1.435269
-1.717875
-1.152572
2.094075
1.217806
0.197396
-2.067219
0.917950
-1.647568
-2.104505
-1.398606
-2.976444
-1.800028
1.172274
0.244979
2.070143
-2.853537
-2.381830
-1.441094
-1.063698
-1.700499
-0.548549
1.508378
-1.126377
-0.982794
0.055499
0.148890
2.119346
-2.356194
-3.096169
0.652847
0.099669
-2.601173
-2.662073
-1.107149
0.548549
0.502843
1.965587
0.588003
-0.614663
3.141593
1.618379
2.774419
-1.703348
2.441700
0.207496
1.471128
-0.519146
1.989021
2.850136
1.993650
-2.843094
1.971037
-2.930499
1.063698
0.896055
0.444419
0.540420
1.623379
2.634494
1.499489
-2.761086
-1.685673
-1.825979
-0.533708
1.366778
-0.858439
-3.030935
-2.982937
-0.370891
3.141593
1.428899
-0.628796
-1.794273
2.934096
2.289626
-2.593043
-2.896614
2.498092
2.567288
-1.107149
1.892547
1.272297
0.071307
-1.657535
0.588003
1.929567
-2.539305
-1.934775
-1.347320
1.455920
-2.310771
1.983207
0.110657
0.000000
-2.875341
-2.999696
0.614663
2.321725
2.077895
-0.507099
-0.674741
1.335251
-0.524796
3.006065
1.373401
-2.833540
1.047518
0.463648
2.330559
-2.741352
2.662073
0.876058
2.567288
2.140110
-0.205395
1.570796
1.259798
-2.510513
2.418613
2.414950
-0.463648
-2.969402
2.466852
-0.934288
1.570796
0.189988
-2.323948
-0.099669
-0.244979
1.484058
-2.994514
-2.418613
3.107124
1.778293
2.498092
-2.055274
-0.071307
-1.086318
2.111216
-0.982794
1.212026
-2.767259
0.367174
-1.317122
-0.917950
2.906048
-0.625485
1.089909
-0.682317
0.463648
1.086318
-0.288055
-0.176709
2.964884
-1.292497
-0.233743
-1.022247
2.951604
-2.158799
-1.742987
2.720173
-1.190290
-1.843805
2.777614
-0.811034
-0.558599
-1.913820
-1.480136
-2.578276
0.510488
-0.390607
2.319174
-1.700499
-1.292497
1.993650
-0.205395
0.840897
2.521343
-2.774419
-0.165149
2.768605
2.003204
0.257324
-1.614247
2.618314
2.145101
1.712693
2.488746
-1.570796
-1.975688
-2.525296
-0.588003
-2.293776
-3.050933
1.313473
0.960070
3.072736
2.308611
2.526930
2.019520
-0.235545
-0.038443
-0.034469
-1.128422
-1.916352
-1.878849
-2.422763
-0.712358
1.618379
0.934288
1.092444
1.203622
-0.636508
0.614663
2.393215
-2.914794
-0.718830
0.785398
-1.657535
-0.352990
-0.851966
2.053310
-1.784857
