0.426921
2.604559
0.257901
0.211853
0.449849
0.317480
0.843963
-2.294372
0.189813
2.974755
0.208794
2.577817
3.013130
-2.402653
-2.256611
2.761958
2.779528
-0.076225
0.218270
0.411780
-2.369346
2.474204
0.002370
-0.065381
0.226493
1.316300
-0.038455
-2.239325
0.391940
0.211066
2.663929
0.380716
-0.003840
3.735499
0.380636
2.717811
-0.078821
0.017888
-0.162612
0.122631
0.005384
0.276842
3.310404
0.023002
0.172268
2.732329
-2.407030
0.345907
0.359083
0.166827
0.392291
0.252118
0.654783
0.864611
-1.359393
0.078694
2.992576
2.910796
2.506764
0.028824
3.247189
0.399853
-0.121189
0.223229
0.686423
-2.472608
0.262994
0.110459
1.177883
-0.007972
0.357812
0.940375
3.608966
1.115157
0.211086
0.169159
1.103471
0.430917
2.702453
-2.201240
-2.371906
0.300549
0.723847
0.164886
0.105922
0.027295
0.186577
0.620990
0.665715
2.577516
1.486288
-1.902609
-2.308087
-2.350480
-0.036396
-1.989051
0.350004
0.000192
0.665696
0.137287
0.277355
-0.043768
-0.108245
-2.199879
-0.110823
0.011681
0.606906
-0.146481
3.006469
0.024370
0.278378
0.319537
0.203920
0.862328
0.119949
3.372266
0.455796
0.397461
-2.192143
-2.440279
0.343478
-2.254642
-0.074528
0.333804
-0.075372
0.192439
2.747033
0.891182
3.744704
2.793210
-2.039262
-2.055537
1.043457
2.709184
-2.277975
-2.340456
0.125651
1.242309
3.451023
0.867577
0.975790
2.631476
-0.077839
0.243163
0.174131
0.339330
-2.301903
0.639215
0.217166
-0.198946
-2.402378
0.326924
0.223816
-2.386110
-2.182552
2.609932
-0.067450
0.741831
0.916073
-2.011813
-2.395592
0.521262
0.029813
3.056187
0.098091
0.227043
0.755092
-0.140698
-0.092282
0.831555
2.998148
0.825232
-2.146948
0.384681
0.114820
2.940730
0.170909
2.778012
-2.523491
3.889516
0.616374
-0.005791
-2.301098
0.879339
-0.149328
-0.016212
0.962242
0.037968
0.520726
0.838942
0.233903
-2.060356
0.366850
0.229888
0.757415
0.068161
2.764091
-0.180097
0.686046
0.313911
-2.267004
2.738435
0.120378
0.431865
-2.242805
0.192985
0.994727
0.138454
3.554248
2.656846
0.271359
0.985296
-2.351628
0.265947
0.736867
0.815846
0.122625
-0.155345
0.214805
2.669381
3.733493
1.063076
-2.151693
-0.118245
0.213485
1.286830
0.339476
0.753015
0.668055
0.623458
0.138373
-2.227098
-0.140238
-2.539304
-0.150417
0.216227
0.768421
3.489093
2.977794
2.710458
0.300845
-2.029892
3.413944
0.275883
0.182181
0.107432
-0.018665
-0.167588
-2.133669
2.619557
-0.017655
0.958658
-0.144680
0.677994
-0.035513
-0.051190
0.185538
0.633413
0.324549
-1.218201
0.217658
0.085227
0.430909
0.229776
-2.264368
0.317852
-2.233839
-0.081048
-2.335247
0.282713
-2.094928
0.826446
-2.208232
-1.274389
0.183458
2.964455
-2.458424
-2.182790
0.036396
0.048318
2.703752
0.451052
0.197771
0.121458
1.180998
-0.048765
2.664751
0.303065
0.612488
0.791181
0.294750
0.000372
2.793320
-2.299361
0.450735
2.627282
0.472437
0.800213
0.328865
3.522248
0.614831
0.579539
-1.271948
2.940747
0.733396
-2.428278
-2.341941
0.333920
-2.182858
-2.377544
0.624544
0.402750
0.362674
0.654787
2.728478
0.064707
0.050108
0.336203
0.673313
0.761644
0.591320
0.662285
0.560997
-2.263557
-0.481047
0.031781
0.747097
0.409517
0.055076
-0.109416
-2.489930
0.234289
0.556928
0.052044
1.005828
2.899577
0.067123
-0.141703
2.622890
2.847539
0.231651
2.860785
3.566652
0.397236
-2.432566
-0.203393
0.098368
0.214720
-1.100745
-0.388251
1.737663
2.703148
0.165913
-1.656004
0.361601
0.188103
2.636619
0.391831
0.269518
0.256347
2.795880
-1.730698
0.174666
2.671361
-0.116609
2.603021
-0.112303
-2.112840
2.636930
0.511972
-2.468034
0.268152
0.357547
0.689379
0.015312
0.190644
3.334515
-2.164886
-0.265619
-2.341004
0.895021
0.451335
-0.050056
0.135267
0.410618
0.316091
2.792767
0.478663
3.029127
-0.007412
-0.002601
-2.437009
0.667413
0.810414
-2.258375
0.243553
0.237788
0.446565
2.740880
0.286100
-0.073839
-2.333923
-2.154426
-0.106710
0.685479
0.319646
-2.214342
-0.019011
2.540984
0.425986
3.630593
0.029326
1.651355
1.388861
0.388805
0.084151
0.183713
-2.151749
0.003145
0.394003
0.393716
0.716179
2.554097
0.371415
-1.298681
2.615323
0.403744
-2.415090
0.055777
2.856196
0.288144
0.275747
2.938309
0.046052
-1.276125
1.207312
0.980590
-2.501173
0.152700
3.351446
0.267842
0.147854
0.365738
2.638820
0.461345
0.160820
0.069708
0.261337
-2.194717
0.189140
0.795135
-2.033078
2.930705
-0.085605
-0.017325
-2.037330
0.390591
0.222078
2.591562
0.335245
0.164889
2.635151
2.714833
0.341834
0.711120
2.525752
0.710771
3.491288
0.461389
0.249700
-2.269152
0.385211
0.243410
0.030599
-0.065399
3.010798
-0.121418
0.791644
0.344225
-2.427007
0.075419
-2.339526
-2.232673
-0.140796
0.362583
2.944508
0.037895
0.114528
0.419635
0.254636
-0.195791
0.073633
-0.133673
2.729825
0.221652
-2.041504
0.031413
-2.312889
0.182271
2.772891
2.788780
-1.891307
-0.157721
0.133825
0.746036
-0.066903
0.490357
0.064630
0.621507
0.610828
-2.445942
0.834559
-0.052956
0.211422
0.390141
0.650428
-0.036892
0.562722
0.603759
0.278609
3.244919
-0.051978
0.621885
2.560665
-0.017836
0.441779
0.162357
-2.521358
0.014410
-2.159743
0.157629
0.341136
0.940313
0.028163
-2.273979
-0.048751
-1.292706
0.337254
-2.375217
1.000380
-0.052142
-2.146123
3.016513
3.398364
-2.308448
-2.425089
-2.048581
0.092687
0.217780
2.536515
0.509448
2.469224
-1.912521
0.380781
2.658009
0.710649
0.667439
-0.207397
-1.370808
0.367805
0.401243
2.721995
0.114264
-0.031487
-0.102668
0.290051
0.986467
0.299347
0.147592
0.266712
0.259981
3.412832
2.495813
0.338432
2.681012
-0.051551
2.882832
-2.242891
0.670085
2.611452
0.311200
-0.093217
0.213329
-0.008132
0.405597
0.198510
1.078003
0.032639
2.844062
2.790702
-0.052752
-0.128467
0.973005
-2.398188
-0.146852
0.319358
0.235121
0.288114
2.689201
0.334171
-1.233926
2.754316
-0.134338
0.642949
0.352252
2.549619
2.748958
0.512567
2.678233
-1.809326
0.622532
0.772549
0.399725
0.362383
0.254881
0.052913
0.834084
1.020769
0.324664
0.605866
2.675925
0.963936
-0.055230
0.904182
1.065016
2.948421
3.603357
2.608708
1.155717
0.102844
0.645145
3.347712
0.735803
3.096765
0.783095
-0.023012
0.224958
-2.274449
2.619457
-2.346874
0.346816
-0.077639
-0.001775
-2.258642
2.662789
2.721272
0.359754
0.085690
0.351391
-2.273867
0.027595
0.380534
1.271861
0.852197
-2.246718
0.198571
0.245365
0.215479
-0.011114
0.050539
3.266150
0.312080
0.148533
-2.062915
0.191880
-2.474268
-0.034771
2.981069
2.793525
0.459990
2.866537
0.355395
0.020704
0.730988
-0.103949
0.221196
-1.282749
0.329941
-0.083158
2.939420
-2.417302
0.421728
0.778848
0.239506
0.598360
0.186645
2.570632
0.749505
-0.027784
0.023683
