-0.232984
2.549847
-0.249611
-0.163348
0.080905
-0.109544
0.153890
-0.176678
-0.254698
-2.556064
0.027768
-0.123128
2.464257
-0.932994
-0.192444
2.408446
0.075888
-0.159161
-0.122169
-0.163593
-0.114260
2.453381
0.072993
0.092774
-0.134576
-0.194636
-0.158438
-0.164086
1.815215
-0.030246
0.136255
-0.221592
2.496093
0.146544
0.047896
0.150938
-0.217693
0.087691
-0.354543
2.517106
0.032083
-0.216546
-0.261079
-0.187698
-0.099870
1.933154
-0.018608
2.403384
-0.142102
-0.184099
-0.000848
-0.796881
-0.175286
2.437742
-0.194399
2.402591
0.039854
-0.867215
-2.520340
2.381144
0.092712
0.058277
-0.224670
0.078469
-0.093080
-0.183190
0.148769
1.833737
0.049153
-0.159881
0.096575
-0.254888
-0.728921
-0.207566
-0.210845
2.431783
-0.149192
2.424053
0.115778
-0.227543
-2.500727
0.053088
0.118239
-0.188867
0.110215
-0.118601
2.460611
0.084365
-0.228961
1.876472
-0.178451
2.442243
-0.233989
-2.689333
-0.097810
-0.136254
-0.207835
0.022639
-0.142043
2.352416
-0.252285
0.082524
2.574337
-0.146445
1.821177
-0.155880
-0.223472
2.562186
2.471058
2.488617
-0.153129
2.318177
0.131411
0.073173
0.029845
-0.271349
0.031189
0.012860
2.448796
-0.224706
-0.238055
2.485937
-2.542088
0.136843
-0.176694
-0.805616
-0.145497
0.140753
-0.160868
-0.008047
2.537927
1.866045
-0.196023
-2.671046
2.449877
-0.190538
2.451098
0.076303
0.061915
0.016348
-0.304345
-0.266025
2.507165
2.382478
-0.089004
-0.143415
-0.206345
0.045604
0.114312
2.361545
0.070565
2.430276
-0.148475
2.380769
0.126172
0.005734
-0.095256
2.462727
-0.241597
2.443868
0.075828
2.447263
-0.209608
-0.234654
-0.014191
-0.106143
-0.223211
2.443984
2.481103
-0.175325
-0.185284
-0.191765
-0.258910
-0.110062
0.052185
0.088569
0.041038
-0.834464
0.129248
-2.502577
-0.224687
2.506838
-0.150238
0.158992
-0.218981
-0.211774
-0.012710
-0.079877
0.116031
-0.209618
2.315349
-0.159608
-0.147369
0.070720
0.017387
-0.167759
-0.203713
-0.245860
0.106957
1.799506
2.383376
-0.194108
2.329708
2.417769
0.125617
0.016877
0.147159
0.080052
-0.139903
2.467760
0.116788
0.116137
-0.141055
-0.247553
-0.230685
-0.091043
-0.143790
0.098848
-0.128543
-0.128086
0.042328
2.610077
0.066096
0.111092
-0.136398
0.068159
-0.168047
-0.295005
2.438541
-2.575132
-0.184745
0.033358
0.084874
-0.169830
0.100267
0.024275
2.453056
-0.134977
-0.189244
-0.112080
0.086497
-0.180653
-0.105092
-0.126511
2.426607
0.049253
-0.131168
-0.134875
2.431013
2.452716
0.113901
0.069907
-0.164194
-0.071952
2.403007
2.432654
1.844196
0.020708
-0.135060
0.195641
2.408545
0.014717
-2.519866
-0.251728
0.134197
0.048973
-0.325711
-0.876163
-0.202131
0.095422
-0.179431
-0.116035
-0.174214
2.456894
0.029118
-0.240893
-0.006297
0.040686
-0.162322
-0.148871
2.475304
-0.272518
0.078363
-0.257240
-0.254849
2.489157
-0.021307
-0.276567
0.176998
0.088076
-0.216720
0.034221
-0.050003
-0.020372
-0.178016
2.373396
-0.143948
2.379784
0.035775
-0.190126
-0.170336
-0.168946
0.066586
0.068099
-0.116695
-2.688225
0.145691
0.081562
2.375344
2.499594
-0.308864
-2.545251
-0.166505
-0.148901
-0.063315
2.417101
-0.217754
2.439360
-0.109039
2.346525
-0.197847
2.335434
-2.437571
-2.556885
-0.149407
-0.128800
2.420527
0.110587
-0.314072
-0.153843
2.443438
0.092343
-0.217468
2.443079
-0.152227
-0.265368
0.076154
-0.181494
-0.154696
-0.171302
-2.506502
0.088189
-0.258599
-2.594817
-0.156432
-2.587494
-2.624902
-0.167976
2.446251
-0.257268
-0.289489
0.064491
0.028473
0.078148
-0.250584
-0.110347
0.132408
-0.035944
-0.271060
-0.215004
-0.238546
0.340346
-0.212647
-0.161777
-0.185532
-0.315585
0.045268
0.124719
-0.124169
-0.128630
-0.169071
-0.190041
2.453846
-0.211796
-0.264009
-0.073489
2.389509
2.430421
-0.120795
2.451647
-0.056160
2.425442
0.063442
0.058707
0.047922
2.590465
0.017741
-0.211822
-0.118455
0.094959
-0.166082
-0.102402
-0.081573
-0.202962
0.018509
-0.231093
0.086520
2.487572
2.405228
0.051355
0.050670
-0.239996
-2.512655
0.067097
0.097802
0.036192
-0.833037
-0.185057
-0.181447
-0.054058
-2.550766
2.505468
2.462926
0.048490
0.002166
-0.294419
-2.526242
-0.758657
-0.097916
-2.526742
0.003348
0.029231
-0.208813
-0.137774
0.117550
2.555932
0.126229
-0.154973
0.073084
2.476707
0.106495
-0.119508
-0.181309
-2.531443
0.085479
-0.155832
0.089817
-0.210860
-0.262854
-2.578572
0.074427
0.092652
2.392778
-0.092681
2.308665
-0.219124
-0.195429
2.402183
2.340713
-0.097014
0.117278
0.053708
0.166447
0.024819
-0.138530
-0.010054
0.054398
-0.114690
-0.134172
-2.568206
2.438158
-2.494848
-2.623455
0.066054
2.542625
-0.178145
-2.515329
-2.553260
0.126763
-0.271100
2.407839
-0.117835
-0.181667
-0.220095
-0.093558
0.098264
0.046041
-0.232726
2.326510
2.399112
-0.275524
-0.159952
-0.032290
0.080929
-2.584292
-2.560992
0.021091
2.385250
-0.098305
-0.182211
-0.832178
0.063652
-0.160306
2.421670
0.112335
-0.173189
-0.756591
-0.184847
-0.172046
2.432529
0.014845
-0.165944
-2.501943
-0.202318
-0.120208
-0.155024
-0.055703
-0.258881
-0.190192
-0.127195
2.390706
-0.141139
-0.258908
2.423085
-0.212909
-0.253778
-2.549426
-0.131043
-0.076667
-0.123295
0.124319
0.076954
-0.167688
-0.153868
0.153793
-0.211372
-2.596286
-0.145285
-2.583922
-0.092418
-0.088551
2.389990
-0.193152
-2.499689
0.107711
-0.306431
2.430360
0.094345
0.070804
2.399384
-0.025039
-0.231862
-0.082457
0.101200
0.080907
0.110230
-0.192841
2.465064
0.137583
-0.177501
-0.007701
2.467294
-0.188848
0.090541
-0.189487
2.410125
0.064986
-0.229304
-0.175163
-0.146748
-0.210772
-0.123047
0.039354
2.415076
-0.083188
-0.134143
-0.090102
0.093449
-0.312796
-0.225094
0.511225
0.138738
0.013688
2.539621
0.056023
-0.194247
0.044744
-0.116096
-0.191520
2.435907
2.458050
0.050518
0.069663
2.450637
-0.128093
0.092823
1.806547
-0.728420
2.500502
-0.206080
-0.193200
-0.274585
0.051165
-0.184283
-0.185873
2.463960
0.098740
0.048002
-0.123615
-2.559983
2.539720
-2.536219
-2.573679
-0.176417
2.407600
-0.147835
-0.196754
-0.135561
-0.092969
-2.664283
-0.148194
-0.140105
2.435374
2.480036
2.446704
0.076188
-0.107364
-0.150530
2.387248
0.110812
-0.212714
2.477504
-0.156292
0.064244
-0.137380
-0.179524
-0.215391
-0.143850
2.480719
2.445195
0.047817
-0.131052
-0.789869
-0.859778
-0.912616
-0.262243
-0.015471
2.438233
-0.160321
-2.570102
2.537656
-0.165074
0.038567
2.425203
-2.635583
0.073577
-0.126231
2.546959
-0.188441
-0.198466
-0.140153
-0.161818
0.045036
0.043403
0.018993
2.505947
0.096458
0.204597
-0.178892
-0.162746
-0.158368
-0.190606
-2.536478
0.080302
2.496249
2.416202
-0.011980
0.089875
-0.087182
-2.539758
-0.162261
-0.167831
-0.088391
-0.105507
2.431886
0.099276
2.470663
-0.844353
-0.223538
-0.142315
0.092326
2.461670
0.054970
0.060821
-0.187073
-0.116286
-2.612046
-0.250052
-0.855465
0.070554
