-0.174654
-2.470378
-0.139536
0.042558
2.464565
0.091480
0.098706
2.396610
0.072770
0.136045
-0.226985
0.059099
-0.157361
0.132977
2.435726
-0.156696
-0.159142
-0.125591
-0.125749
-2.590437
0.026539
-0.198286
2.595436
-0.233390
-0.083697
2.507351
2.398599
-2.483823
-0.125849
0.098037
2.474074
-0.050026
2.529627
0.232644
-0.020657
2.497960
0.093721
-0.186682
0.045069
2.425767
0.051398
2.518802
-2.295406
2.509144
-0.344897
-0.196993
-0.906605
-0.152703
-2.500335
-0.082378
-0.020185
-2.508087
-2.449407
2.425376
-0.013549
-0.152993
0.096802
-2.571620
-0.088921
0.130841
2.577485
2.385031
0.074578
2.462826
-0.004496
-0.051729
-0.037083
2.576846
-0.171790
-2.640197
2.550698
0.104783
0.138185
-0.288532
-0.066106
-0.217882
2.497178
0.630173
0.139405
-0.115139
-2.598073
-0.021452
0.177291
-0.200305
0.077397
0.033808
-2.456252
-0.224855
0.003603
2.628219
-0.093627
2.644119
1.871814
2.424536
0.098085
0.027965
0.197538
2.438347
-0.157304
-2.495198
-0.254302
0.219427
-0.297791
2.739349
2.352776
-0.055356
2.582184
-0.238058
-0.246619
-0.255552
2.424175
2.604185
-2.643186
2.470119
-2.562899
-2.690444
0.077637
2.449906
2.424774
0.049780
-0.264468
-0.147198
-0.146845
0.095735
-0.085871
-2.551316
0.155950
-0.144278
2.645582
-0.863696
-0.331028
0.071000
0.054107
0.128956
0.129769
-0.291536
-0.095490
2.521992
2.482820
-0.165247
-0.129226
-0.231226
-0.222778
-0.084538
-0.228457
-0.065629
0.039400
2.510508
1.819074
-0.013809
-0.197304
0.092784
0.102112
0.081695
0.251729
-0.135549
0.009125
-0.235623
-0.049628
-0.139694
2.546974
2.499310
0.223334
-0.189321
-0.141741
0.156962
-0.030230
0.124698
0.107846
-2.457644
2.436573
-0.047278
0.128728
-0.236122
-0.155531
0.045579
0.090166
2.475086
2.484268
-0.181900
2.415036
2.478703
-0.001368
0.013101
-0.233230
0.014448
-2.586107
2.529847
2.646387
0.078050
-2.587869
0.111755
-2.499916
-2.406157
-2.589934
-0.118445
2.645766
-0.072096
-2.556142
-0.944388
0.037447
-0.132147
-0.188021
2.433212
-0.127773
2.552123
2.420634
0.217138
-2.479935
-0.117777
0.103019
0.093662
2.472213
0.072838
-0.126272
2.461232
-0.176838
-0.008407
0.125139
0.093873
-0.075086
-0.001990
-0.050017
-0.186028
0.072236
-0.174674
2.847511
2.508950
0.236089
0.084160
-0.088258
-2.584046
2.468120
0.093277
-0.102506
-0.137574
0.069583
-2.700973
-0.169564
-0.021114
-0.033521
-2.552548
-2.586688
-0.147384
-0.227948
2.539548
-0.001458
2.647372
0.009964
-0.076073
2.561302
-0.157281
2.460000
2.403039
-0.317396
-0.206566
-0.139875
-0.191417
2.673989
0.138977
1.745598
-0.173201
0.239656
0.116929
-0.176538
2.505447
-0.249077
-0.178824
-0.255592
0.027169
2.625847
-0.147474
0.092592
0.006096
-2.698325
-0.010101
-0.059794
2.653647
-0.185645
0.050330
-0.143514
-0.131451
2.482306
2.423271
-0.185744
0.050019
0.013135
-0.187829
-0.803587
0.094313
0.038610
-2.692527
-2.603332
2.411621
0.182237
-2.351753
-0.191017
-0.177187
-0.169426
-0.156960
2.414876
2.498200
-0.121327
-0.195517
0.134502
0.065838
0.142556
-2.646811
0.079817
2.608528
-2.605668
-0.018159
0.046418
-0.100857
0.007504
0.010879
-0.046146
-2.529485
-2.471917
-0.222838
0.086073
2.495052
0.164912
-0.071034
-0.197848
0.180226
0.038880
2.570243
-0.053692
2.412383
2.441140
-0.345716
0.099618
0.187559
-0.278823
-0.922481
2.450827
2.563107
-0.079179
2.400919
-0.054417
2.500841
0.087613
-2.796946
0.052218
-0.141254
0.143404
0.159417
-0.169803
-0.153943
2.349591
-0.026581
0.118834
0.102342
2.401623
-2.503126
-0.217420
2.507645
2.492333
-0.117167
2.437621
2.582400
-0.083145
-0.125370
-0.178176
2.488797
-2.592774
0.045187
0.222254
-0.154807
0.150107
1.874041
-0.144844
2.476550
0.005807
0.060674
-0.134538
-0.192673
2.377794
-0.142887
2.597456
0.055242
0.074066
2.554165
-0.067666
0.150994
0.146151
-0.186138
-0.097794
-0.105891
2.638149
-0.079270
-0.096829
-0.171692
-0.150871
-0.181403
-0.126040
-0.103590
-0.363982
0.053166
-0.273155
-0.195029
-0.217444
-0.202750
0.073957
0.142149
-0.277535
-0.114019
0.080769
-0.141644
2.623976
0.300847
2.353801
2.458506
-0.656561
-2.653293
-0.146963
-0.301574
0.147555
2.425683
0.030812
-0.146658
0.289354
2.535337
2.676719
2.417628
-0.146889
0.025242
-0.075776
0.034951
-0.103424
-0.174271
-0.086814
-0.170756
0.225395
2.430653
0.016506
0.064761
-0.093284
-0.074130
-0.136911
2.307149
-2.589266
0.003587
-2.568007
2.505774
2.308658
-0.172022
2.557615
-0.049911
-0.217387
-0.193537
0.028047
0.115715
0.135860
2.528040
-0.124191
-0.108993
2.455641
0.048647
0.115471
0.092569
-2.654879
0.184382
2.431272
-2.434009
-0.188067
0.169432
-0.177233
0.038062
0.129760
-0.215774
2.555370
2.467635
-0.036357
0.030677
-0.206817
0.014196
-0.134067
-0.094495
0.009130
2.471129
0.285432
-0.236107
0.073110
2.386957
0.176411
-0.207765
-2.465541
-0.863911
-0.181715
2.548805
-0.182607
-0.152960
0.202815
-0.221445
-0.331630
-0.202510
2.612282
0.083585
-0.229198
3.297994
0.061540
-0.045069
0.034685
0.040493
0.146029
2.643592
-0.156715
-0.202903
0.120908
2.512730
-0.016446
-0.170191
0.011380
-0.207099
-0.085269
-0.096055
-2.620449
-0.019757
0.059642
0.158423
-0.096206
-0.130421
-2.568527
0.041015
2.559147
2.438122
-0.046250
-0.817925
0.175382
-2.577925
-0.200498
2.485275
0.042245
-0.209429
-0.150775
-0.122592
-0.246256
0.072538
-2.621844
0.089923
2.570709
2.450031
2.514626
-0.261287
-0.252362
-0.315594
-0.002031
-2.506307
0.052497
0.010453
0.069806
-0.312323
-2.555684
-0.130202
0.056644
0.090965
0.059399
0.148684
-0.247827
0.081939
-0.168235
0.086850
-2.620143
-0.229818
2.483640
-0.160220
0.055365
2.487872
-2.565897
-2.522237
0.143165
0.061667
0.070637
0.019210
-0.095091
-0.025097
0.012459
-0.097964
-0.601950
-0.187781
0.047188
-0.056230
0.034844
0.036480
-0.148837
-0.231707
-0.178256
-0.027835
2.524892
-0.824200
-0.035221
2.626534
0.065133
-0.121056
2.410752
-0.138640
-0.237249
-0.187681
2.459596
-0.081287
-0.040516
0.040564
0.110904
0.055700
-0.210669
-0.254906
2.565597
-2.686590
0.099024
0.110299
-0.217730
0.037934
-0.213272
-0.062083
0.077559
-2.599506
2.466191
0.035430
2.472733
-0.799980
-0.138341
2.512529
-0.040431
0.031001
-0.348595
-0.074125
2.375058
-0.226921
-0.058878
2.511865
0.035746
-0.015196
-2.422080
2.422898
-0.182683
0.140841
-0.302407
0.114581
-0.185554
0.080120
-0.027445
1.802608
-0.039880
-0.225397
0.001148
0.132359
-0.112034
2.374058
-0.264200
2.432988
-2.564202
-0.105328
0.084505
2.474193
-0.087398
0.068920
0.050105
-0.134029
2.411285
0.180270
-2.589175
0.086403
2.559435
-0.030071
-0.079416
-2.569336
-2.500007
2.576898
0.097878
0.079788
2.481511
-0.081313
-0.211340
0.011571
2.357846
-0.041672
2.493301
0.120677
-2.583949
2.505108
-0.158496
-0.165240
-0.161264
-0.034913
2.409918
-2.565853
-0.288895
-0.077508
