-1.918878
1.879212
0.556809
-1.204184
1.438643
-0.447544
-1.613754
-1.878952
1.257744
1.436596
-0.528233
0.537492
-0.570908
-0.410346
-0.183720
-0.528326
-0.185135
0.367251
1.434237
1.513279
-0.329922
-0.362227
1.440503
1.468739
-0.546916
0.048703
-1.905821
-2.021786
-0.619194
-1.898907
-2.232843
-0.402543
0.290104
1.529288
-0.364013
0.370238
-0.028242
0.171262
-0.303005
1.405487
-0.620092
-0.366221
-0.211777
0.385649
-0.532262
0.371879
-0.591948
0.296866
-2.027542
1.515139
-0.562227
1.167112
-0.128241
-0.509937
0.867547
1.212271
1.334551
-0.424864
-0.463477
1.514198
-0.620065
0.495798
0.158211
-0.168363
0.143142
-1.941529
-1.964328
-0.593922
0.521285
-1.764976
1.088831
-0.730112
0.376378
-0.493669
-1.204581
-0.651492
-0.607770
1.455996
0.907937
-1.803176
0.198268
-0.544711
-1.778717
0.025580
-0.024884
-0.513019
1.198134
-0.089058
-0.679845
-1.841143
1.636706
1.367577
-0.400536
-0.641508
-0.688997
-0.476696
0.440182
-0.684936
-0.675280
-0.553064
-0.463648
0.478585
-0.490054
-0.560383
0.130149
-0.393562
-0.214867
1.412351
0.359668
0.193324
0.522220
0.282108
-0.554194
-1.968748
-1.857069
0.309915
-0.154162
-0.343100
0.407785
0.354733
0.262787
-0.411807
-0.633730
1.352908
-0.296864
-0.660215
-0.320105
-1.414986
1.107552
0.484044
-1.788824
-0.247380
-1.891794
-0.051409
-0.295318
0.361301
1.628604
-1.817111
0.269149
-0.298021
-1.663700
-0.135659
-0.223186
-0.788900
-0.548908
-0.573812
-0.166559
-0.680365
-0.373777
-1.869847
-1.904756
-0.171712
1.558597
1.326718
-0.228392
1.159860
0.017595
-0.072641
-0.606201
-0.035752
1.512587
-1.917293
-0.039310
0.300888
-1.973952
-0.069808
0.373230
0.340952
-0.630066
-1.965521
-1.751854
0.342041
-1.706758
0.437780
0.576078
-0.404620
1.511026
-0.759305
-0.697175
-1.483325
-0.026365
-1.183610
0.313451
-0.385065
0.300464
0.214568
0.352277
1.361970
-1.748365
-0.320856
0.554379
-0.343867
0.522011
-0.367434
0.366800
1.464915
-0.077338
-0.118194
-0.674743
-0.055270
-0.061317
-0.476532
-0.241951
-0.291685
0.357948
-0.557864
-0.342960
-0.351837
-0.317745
1.621200
-1.873602
-0.363158
0.337504
-0.305385
0.512248
0.113779
0.110752
0.845668
-0.443704
0.438537
-0.147418
0.325511
0.400195
-0.539691
0.321084
1.242143
0.398798
-0.254425
0.340974
1.599633
1.494620
1.336625
0.231400
-0.051610
-0.225223
0.459534
0.514818
0.344807
-1.998676
0.488480
1.417518
-0.121142
-0.165047
-0.184661
1.191239
-1.568666
0.134949
0.282857
-0.325250
-0.437893
0.411877
0.379160
-0.005540
-0.317764
-0.077436
0.269766
1.747846
-0.608350
-0.533479
-0.034669
-0.084452
0.283239
1.395177
1.385474
-0.026567
0.322218
-1.595638
0.241134
-0.047779
-0.508725
-0.302580
-0.595841
0.049437
1.154581
-0.172502
-1.742504
-0.352643
1.107079
0.433786
-0.155597
-1.650343
1.403969
-1.865171
-0.273857
1.538459
1.533330
0.232796
0.481773
0.495448
-0.581189
-0.335850
-1.261346
-1.660879
0.350687
-0.237953
1.791884
-1.674105
1.214661
1.361159
0.424220
0.535825
1.073932
-1.545325
-0.637104
-0.540111
0.287620
0.301105
-0.630761
1.348881
-0.425565
-1.785797
1.383221
0.346923
-0.260725
-0.626607
-1.856538
0.269997
-0.567115
-0.741462
-0.112819
1.436718
-0.392806
0.149652
-0.551885
1.853649
1.221644
-0.142149
1.465868
0.424889
-1.643755
0.289853
-0.324104
0.480838
1.002173
-1.073169
-0.719793
-0.467914
-1.712563
1.591632
0.149659
-0.196399
-0.635828
-0.481897
-0.356137
-0.592437
-0.092670
0.501004
-0.013062
-1.830672
-2.000848
-0.204276
1.535961
0.425485
-0.143868
0.297234
1.519811
0.378046
-0.570460
-0.518887
-0.750740
-0.167708
0.450034
0.801707
-0.357212
-0.357176
0.329383
-0.454288
0.411280
-0.069535
-0.720338
-0.266331
-0.404315
-0.273284
1.658832
-1.233707
-0.027963
-0.324822
0.685592
0.345033
0.433964
-0.721462
0.561523
1.389386
0.498827
1.456304
0.404357
-0.367938
-0.293444
0.386728
0.010013
-0.174254
-1.681542
1.355772
-0.304181
1.362360
1.355756
-0.394247
0.626003
1.543643
-0.516438
-1.925453
1.324842
-0.349634
-0.764083
0.196424
0.336963
-0.249922
-0.069140
0.282024
0.410086
1.565628
-0.564777
1.590194
-0.751150
-0.338450
0.413780
-0.350122
0.324127
-0.713379
0.512851
-0.456055
-0.658833
1.406531
-0.279571
-0.439261
0.490884
-0.679167
0.181655
1.309889
-0.019519
-1.424662
-1.768157
0.275871
1.474463
-0.366661
-0.142113
-0.185660
1.380075
1.680631
-0.513882
0.398217
-1.950998
1.494534
-0.209018
-0.363956
-0.411130
0.339667
-0.518871
-0.476137
0.371345
-0.471911
-0.243451
0.311466
-0.529973
0.386383
-1.790982
-0.128102
-0.471039
-0.444407
0.419066
-1.849819
-0.431145
-0.048855
-0.496803
-0.253846
1.546412
0.860442
-1.661793
1.186467
-0.744158
0.614794
0.170445
-0.292552
-0.469501
0.980310
1.310830
0.552425
-0.208015
0.358642
0.527443
-0.411435
-0.671326
0.395293
0.325230
-0.196691
0.397830
-0.033506
0.368821
0.423054
-0.429745
0.208479
1.390274
-1.796359
-0.101950
-0.340471
1.257920
-0.023108
1.635718
-1.641177
0.101120
0.808373
-0.770860
0.449964
0.505898
-0.604793
-0.187182
0.371169
0.376664
-0.421800
-0.395776
0.177239
0.400087
-0.008327
0.337444
0.298309
0.271487
0.330674
1.614575
0.290567
-0.037109
-0.714941
-0.409739
-0.344508
1.458401
0.323112
-0.502116
-0.564597
-0.193894
-1.505290
-0.394440
0.822380
0.422395
-0.647058
-0.600615
-0.246777
-0.278273
-1.784215
1.465885
0.392854
-1.825303
-0.667636
-0.349232
-0.254598
0.151566
1.550397
-0.266016
-1.792517
-0.415543
0.276468
0.284797
-0.693570
-0.157328
1.504421
0.433127
-0.294130
-0.303958
-0.117029
-0.074347
0.414066
-0.336249
-0.284237
-0.644012
1.691671
0.091969
-0.443807
1.494749
-1.780855
-0.412379
0.274084
1.314314
1.630054
-0.362928
-0.335216
0.363459
-1.849611
-0.672800
1.601958
0.199337
1.426114
0.405304
1.707967
-0.139356
0.650903
-0.605444
-1.791874
0.456803
0.743134
0.429342
0.421597
0.120659
1.589946
-0.578699
0.246789
-0.386528
-0.366587
-0.525007
-0.410640
-0.579300
-0.126752
-1.864457
-0.617285
0.369661
-0.229543
-0.582100
0.379348
-0.706151
-0.051520
-0.676665
-0.422715
0.144394
0.412100
-0.076711
-1.766796
1.569903
1.646813
-0.405694
0.507330
1.136958
-0.225492
0.684302
-1.702835
1.572739
0.057180
0.322207
1.925603
-0.598977
0.011290
-1.722060
-0.603078
-0.111584
0.481291
0.268972
-0.043337
0.250866
-0.282027
-0.583392
-0.309238
-0.533733
-0.397283
-0.089220
-1.888759
-0.125068
-0.293398
0.304279
-0.201264
-0.295515
0.595143
1.117662
1.453363
-0.038921
-0.338992
0.386275
-0.232419
1.369325
0.436320
1.604941
1.458638
0.200316
1.473748
0.385568
-0.371943
1.411044
0.394495
-0.159129
0.351436
-0.605867
1.960436
0.381652
0.176562
-0.511012
1.590561
0.060899
-0.255787
0.038940
-0.254276
-0.583236
1.567145
0.210774
1.453901
-1.730887
-0.471232
-0.244435
-0.313210
-0.264188
-0.407560
-0.485080
-0.577872
-0.497118
0.345970
0.562391
