-0.395087
1.106508
-0.033467
-0.232163
-0.230809
-0.165722
1.510990
-1.088720
-0.282415
0.913341
-0.070091
1.165843
0.934331
-1.334700
-0.880103
1.261281
0.727242
0.075595
-0.271680
0.256646
-1.197426
0.956220
-0.670787
0.569438
-0.443198
0.847005
-0.522500
-1.242675
0.200018
-0.531183
1.961870
-0.052914
-0.625884
2.693784
-0.335171
0.873836
0.074777
-0.653907
0.426016
-0.461439
0.017036
-0.450785
2.711983
0.553792
-0.328714
0.795096
-1.286172
-0.153992
-0.274075
-0.119769
0.236648
-0.511961
1.405955
1.570129
0.763179
0.331806
0.336916
0.766049
1.563569
-0.408493
2.659308
-0.059519
0.733120
-0.408132
1.583257
-1.283787
0.056837
-0.193676
0.047583
0.376834
-0.169505
0.751303
2.941312
1.495262
0.143569
-0.313972
1.083446
0.113900
1.064323
-1.279911
-1.100774
0.269358
1.426133
-0.349786
-0.156993
-0.414441
-0.189723
1.821886
1.531739
0.906938
0.654642
-1.983529
-1.795378
-1.036884
0.564862
-2.217131
-0.395406
0.444647
-2.140181
0.052108
-0.538082
0.161273
-0.568745
-1.628280
0.258920
0.178105
1.589508
0.349416
0.723198
0.346806
-0.152413
-0.087879
-0.301208
1.483182
-0.182011
2.890948
-0.355279
0.077525
-1.381254
-1.236514
0.233450
-0.599246
0.192358
-0.422279
-0.651258
-0.640095
0.837068
1.734744
2.319714
0.887801
-0.417361
-0.789282
1.015921
0.979004
-1.574673
-1.044660
-0.367740
0.782325
2.887684
1.677010
1.919938
1.692600
-0.505172
-0.369456
-0.522566
-0.170877
-1.648205
1.721448
0.238471
0.292253
-1.344834
-0.338866
-0.151901
-0.724409
-1.446922
0.774654
0.090466
1.345457
1.558228
-1.786493
-0.945172
-0.931694
-0.264836
1.135961
-0.690363
0.009482
-1.476621
0.333809
-0.542348
1.059693
0.683078
1.532956
-1.872910
-0.602912
0.714155
0.568033
-0.480794
0.842374
-1.262071
1.389616
0.486874
0.407031
-2.161383
1.732374
0.016708
-0.491516
1.317201
0.153317
0.388257
1.507133
-0.091504
-1.692942
-0.460577
-0.245904
1.477632
-0.344872
1.130677
0.382250
1.540199
-0.378127
-1.228059
0.865784
0.048145
-0.589357
-1.344548
-0.060540
1.426585
-0.506632
2.434661
0.880037
-0.374087
0.987517
-0.967278
-0.212303
1.416036
1.878851
-0.011304
-0.599288
-0.534311
1.062003
2.999472
1.745426
-1.012129
0.491926
-0.341787
1.211160
-0.427249
1.507015
1.488411
1.610869
-0.085211
-1.199094
-0.400489
-1.870954
0.373601
-0.141335
1.534173
2.447912
1.015248
1.132403
-0.301092
-1.927957
3.036745
0.342418
-0.222627
-0.396860
0.600380
0.255606
-1.009996
1.078454
0.441163
1.251159
0.233894
1.691355
-0.649829
0.189120
-0.361249
1.788068
-0.321201
0.390302
-0.383491
-0.407128
-0.456229
-0.093206
-1.216255
-0.093810
-1.305772
0.389597
-1.168781
0.088562
-1.238596
1.594793
-1.382724
-0.741285
-0.461411
0.369180
-1.056354
-1.417891
0.295140
0.709442
1.134198
0.330278
-0.037009
0.788268
0.407798
0.473920
1.162427
-0.363548
-1.033318
1.318295
0.120076
-0.738851
1.047705
-1.312245
-0.144092
1.053476
-0.185192
1.345644
-0.325610
3.275327
1.472803
1.319642
-0.756404
0.923738
-1.063571
-1.303562
-0.800088
-0.130889
-1.032384
-1.180201
-0.535734
-0.470320
-0.057212
0.003987
0.625697
-0.468799
0.447520
-0.535090
-1.278937
1.893469
-0.742327
1.698271
-1.178962
-1.486405
-0.722692
-0.570046
1.828075
-0.432873
-0.184868
0.409977
-1.434858
-0.109215
-0.769396
-0.799197
1.848716
0.792369
-0.497172
0.337006
1.381730
0.750145
0.002192
0.768847
3.765768
-0.466283
-1.820404
0.491081
-0.079662
-0.238681
-1.933889
2.607624
2.831821
1.015453
-0.263178
0.191344
-0.583979
-0.077908
1.352117
0.088403
-0.371828
-0.751315
0.884425
0.194441
-0.231043
0.898046
-0.522166
0.904607
0.419278
-0.996115
1.743725
-0.894229
-1.060628
-0.303953
-0.378496
-0.900625
-0.577406
-0.295420
2.806444
-0.691655
0.455864
-1.281731
1.040402
-0.708633
0.710321
-0.112756
-0.092157
-0.238291
1.267890
0.203268
0.600123
-0.625491
0.415845
-1.219831
1.491998
-1.460827
-1.131914
-0.181210
0.073564
-0.014783
1.733314
-0.664126
0.309472
-1.026066
-0.700367
0.456039
1.675225
-0.254709
-1.133582
-0.498804
1.033961
0.546973
3.174438
0.405938
2.687900
0.966874
-0.243345
0.052372
-0.508166
-1.521398
0.206631
-0.083434
-0.166113
1.857652
1.758371
-0.359046
0.489895
1.089855
-0.282275
-1.324058
0.494989
0.960718
-0.337370
-0.667638
0.636690
0.169838
-1.192728
0.746355
0.887310
-1.173087
-0.100032
2.776134
-0.383102
-0.322388
-0.086965
0.891596
-0.440038
0.096994
0.343744
-0.570392
-1.514456
-0.483341
1.735382
-1.161457
1.037641
0.400409
-0.559896
-1.243802
-0.295727
-0.271061
0.930188
-0.087289
-0.090718
0.982522
1.025427
-0.167427
1.264364
0.863399
1.480382
3.070841
-0.810634
-0.211474
-0.943450
0.372901
-0.735850
0.929697
-0.571228
0.434154
-0.619100
1.562140
-0.299472
-1.143364
0.268924
-1.082264
-1.624636
0.129611
-0.508836
0.684213
0.464262
0.134573
-0.350745
-0.325550
0.649172
-0.634997
0.261724
0.725636
-0.426771
-1.918786
0.331417
-0.947111
0.104660
0.878802
1.307638
-1.401262
-0.545680
-0.597086
1.723737
0.319491
0.238884
0.012231
-0.374857
1.376849
-1.183547
1.700379
0.573344
-0.359634
-0.337308
1.393986
-0.457603
1.625520
-0.770626
-0.277378
2.917989
-0.689608
-0.716015
0.882805
0.560321
-0.636339
-0.151146
-1.116022
-0.562331
-1.232253
-0.152280
0.045585
-1.200425
0.181804
-1.030913
0.410608
-0.582036
-0.060515
-1.109434
1.368430
-0.025735
-1.112734
0.739245
2.766762
-1.207984
-2.039748
-1.726508
-0.816495
0.539134
1.581448
-0.073621
1.655153
-1.995115
-0.472443
1.623672
1.530135
-0.795268
0.171913
0.625248
-0.106537
-0.914332
1.097519
-0.228342
-0.395811
0.511261
-0.153699
0.908309
-0.164229
0.248067
-0.209957
-0.399950
3.163090
1.401986
0.153902
0.908825
0.383735
0.912069
-1.137801
1.619724
0.690706
0.268615
-0.490304
-0.116141
-0.657686
-0.015553
-0.388978
0.656977
-0.283109
0.602627
0.654491
-0.607157
-0.050940
2.022543
-1.083053
0.298693
-0.095703
0.050116
0.073773
1.049498
0.036049
-1.798698
1.082095
0.433089
-1.365768
-0.178843
0.746900
1.284455
-0.486991
1.227193
-2.143638
1.564407
1.730220
-0.424020
-0.692504
-0.076208
-0.219135
1.509858
2.208109
0.483080
-0.088527
0.751919
1.372545
-0.731002
1.557344
2.397641
0.615820
2.455779
1.082742
0.746902
-0.164463
1.491950
2.841326
-0.986630
0.454074
1.465478
0.199882
-0.003329
-1.455282
0.992984
-1.009268
-0.557600
-0.524567
-0.464697
-0.976760
1.101780
1.804920
-0.006372
0.192002
-0.481755
-1.305297
0.058451
-0.086391
0.180826
1.390436
-0.717495
0.071516
-0.337486
-0.033162
-0.727000
-0.498962
2.841425
-0.013329
-0.304522
-0.373052
0.016831
-1.509628
0.440069
0.350068
1.457154
0.454487
0.850851
-0.179211
0.220845
1.435621
0.614186
-0.386296
-5.507839
0.093511
0.431931
0.703582
-0.908007
0.060597
1.509401
-0.248646
-0.377964
-0.502356
0.989966
-1.603750
0.334019
0.177935
