-0.409389
1.716826
-0.376006
-0.125358
-0.440728
0.254867
-1.464814
-0.145314
0.488339
-0.609837
-0.357949
0.457272
-0.547560
-2.015572
0.433694
-0.131069
1.406064
-0.688493
0.304992
1.716750
1.519110
-0.426485
-0.429368
0.335102
-1.500268
-0.653446
1.284272
1.442548
1.280212
0.245044
0.403511
-0.510697
0.371326
-0.641811
-0.550765
-0.607588
1.048354
-0.042146
0.324890
0.171482
-0.426607
1.566458
1.504809
-0.107010
0.450047
-0.595919
1.612872
-0.537905
0.181591
-0.191248
-0.636215
-0.143773
-1.638990
-0.409809
-0.334209
0.153997
1.445020
-0.379984
0.282564
-0.546846
1.008262
1.468315
-0.320857
-0.629703
-0.571651
-0.587180
1.305084
-0.327077
-0.307718
0.378913
-0.519877
-1.648100
-0.710394
0.181670
-0.447470
1.407167
-1.867559
0.290826
0.289015
-0.705887
0.954502
0.394642
-0.413291
-0.303773
-0.041225
-1.888100
1.307192
-0.458154
-0.369250
-0.432445
1.411552
-1.528482
-1.812467
0.247787
1.677755
-0.493122
1.650121
1.185125
1.377897
0.391641
-0.511751
1.461620
-0.505291
0.323910
-0.544438
-1.839562
-0.353779
1.435397
-1.713216
-0.284173
1.220542
0.330976
-0.680191
1.164705
-0.480022
-0.259138
-0.827608
-0.278815
0.324768
-0.263125
1.350187
-0.745420
1.189236
-1.872276
1.354108
0.371315
0.012221
0.142600
-0.339497
-0.292710
-1.890972
-0.449054
-0.115821
-0.461968
-0.265213
-0.780216
1.639220
0.566707
-0.333127
-0.183837
1.393275
0.276156
-0.469497
-0.479592
0.128541
0.179862
1.531311
-0.576866
-0.600483
-0.499296
0.727196
-0.217885
0.126536
-1.642310
0.127664
1.421633
-1.712641
1.279288
-1.834584
-0.337615
-0.127558
1.558297
0.746275
-0.604183
0.994733
-0.891120
-0.501945
0.485539
1.600610
1.464756
-0.557550
-0.331844
1.418023
-0.470368
-0.613006
-0.643405
-0.355610
1.371874
0.288247
-1.902026
1.413854
0.162700
-0.456082
0.344608
-0.255806
0.375557
-0.273484
0.643224
-0.271705
-0.143899
-0.099127
-0.776103
-0.711630
-0.650626
1.496197
-0.520510
-0.202361
-0.521672
1.535041
-0.695283
0.601309
1.575918
1.597400
-0.764075
0.149320
-1.753509
0.203794
1.454313
-0.385188
1.630897
0.453010
-0.604195
0.487350
1.491082
-0.638258
0.410272
0.266098
0.543608
1.357592
1.629054
-0.647296
-0.368094
1.657918
-0.481635
-0.520446
0.289193
1.298201
-0.558298
-1.481504
-0.380319
-0.275440
0.017961
0.275699
-0.045405
-0.326968
1.377202
-0.575085
1.523254
-0.167921
-0.631101
-0.276666
0.352874
1.466375
-0.718062
0.398803
1.672641
-0.141810
-0.572260
0.239517
-0.136581
-1.768751
-0.699984
1.701468
-0.585632
-0.287125
1.349823
0.322110
-0.287328
1.532162
1.442702
0.475310
0.283674
-0.624413
1.213497
0.337236
-0.466280
-0.088563
0.300863
0.313938
-0.601323
1.690708
0.306932
0.641734
-0.554474
-0.409122
-0.126695
-0.505595
-0.427128
-0.388362
-1.828782
0.329054
-0.593520
0.362444
-1.776480
1.298361
-0.185092
0.389625
1.009538
-0.742637
-0.367191
0.331918
-0.728053
0.437538
0.430018
-0.025582
-0.246241
-0.392060
-0.244828
0.448488
-0.319313
-0.609825
-1.243357
0.479601
0.421899
-0.359409
-0.128541
0.286437
-0.617824
-0.531325
0.226514
1.672976
-1.927789
1.889939
-0.201014
1.558657
-0.153850
-0.581236
1.399209
1.435098
-1.760566
1.581307
1.651954
-0.630847
1.290801
-1.672260
1.743280
-0.397341
-0.336135
-0.268268
-0.689367
1.941108
-1.526862
-0.188186
-1.956405
-0.332942
1.375609
1.466668
-0.728050
0.464412
-0.497703
0.190355
-0.506602
0.419751
-1.894429
0.523499
-1.715803
1.356502
-0.270854
1.765235
1.565623
-1.871061
-0.187513
1.510068
-0.509609
-0.530255
1.333305
-0.604672
0.209874
-0.353367
0.200358
-0.138348
-0.360669
0.714215
0.086136
0.209191
-0.256232
-0.674234
-1.781219
1.347576
-0.374808
1.355801
-0.259117
0.532822
-0.480288
0.368778
0.822848
-0.460013
-0.457293
-0.164883
-1.710549
-0.387791
-0.105300
0.144545
-0.134051
-0.417463
1.617225
-0.667898
-0.731045
-0.712545
1.491747
-1.924109
-0.214979
0.334873
0.271495
0.299412
1.543258
0.146157
0.417959
-0.451754
-0.429198
-0.599041
-0.366800
-1.749761
-0.254477
1.147278
0.299071
-0.784458
-1.482611
-0.264669
0.416288
-0.586381
-0.742016
-0.356330
-0.045533
1.339246
-0.331738
0.468748
-0.652968
0.387320
1.625197
0.463473
-0.812040
-0.026562
-1.699441
0.418299
-0.619059
1.708220
0.321415
1.236714
-0.487156
-0.151220
0.272801
-1.736586
0.397263
0.442900
-0.084878
-0.604405
-0.066924
1.286823
-0.632218
-0.275981
-0.321491
1.524093
0.446521
-0.609480
-0.059643
0.232831
1.037873
-0.592219
-0.745610
0.456729
-0.444795
-1.644258
0.175251
-0.340370
0.269995
1.369398
-0.508764
-0.373576
-0.454740
-0.144533
0.411312
-0.848312
0.385913
-0.531814
-0.795666
-0.138839
0.221966
-0.665191
-0.143222
1.432748
-1.924386
-0.297899
-0.225191
0.310258
-0.295276
-1.814028
-0.304969
-0.660862
0.000427
1.441574
-0.613761
0.146293
0.332761
-0.748600
-0.478039
1.379605
-0.117611
-1.426494
0.854187
-0.551429
-0.760580
1.561203
0.216965
0.394730
-0.499917
-0.377992
0.563993
-0.309078
-0.158618
1.371495
0.025642
-0.454778
-0.105165
0.094585
0.732250
0.393678
-0.341220
1.425756
1.507094
-0.551682
-0.313564
0.653798
0.513330
-0.120520
1.357238
-0.514608
-1.611549
-0.415294
-0.300912
-0.347509
1.670698
1.350890
1.251470
0.850691
0.195933
-0.578165
-0.646530
-0.036622
0.444299
-0.224210
-0.571078
-0.175822
1.447001
-0.537290
-0.539403
1.617232
-0.165367
-1.916573
1.356811
0.173645
0.255490
1.547603
1.306988
-0.643483
-0.662177
1.857650
0.174918
1.389837
-0.248561
0.289601
0.215201
0.147707
-0.147777
1.451435
-1.736201
-0.594396
-1.906509
0.423367
1.811673
1.487179
-0.155636
-0.484268
-0.645342
1.525532
0.140758
-0.355611
-0.345654
1.461682
-0.227675
-0.563171
-0.381851
-0.709953
-0.237468
1.490959
-1.889188
1.469487
1.438104
-1.364485
0.379141
1.416339
-0.751441
-0.346325
0.118266
0.191991
-0.403263
0.561732
-0.341838
1.508135
0.415498
1.655421
1.335101
-0.648424
-1.892176
0.370699
1.872874
-0.649069
1.448541
-1.704852
-0.759344
0.288035
-0.529816
0.280984
0.274559
-0.616617
0.406644
-0.831619
-0.752447
-0.625662
0.375327
0.075733
-0.204598
-1.647864
0.313302
0.525285
-0.375286
-0.221511
-0.326431
0.471507
1.520202
-0.244082
1.434515
-0.182307
-0.295349
1.331558
0.107176
-0.655988
0.524649
-0.710437
-1.699649
-0.299801
0.298395
1.538919
-0.375676
-0.359373
1.353741
-0.383034
-0.470076
0.357891
-0.228380
1.451098
-0.260724
0.191095
0.262459
-0.527013
-1.967693
-0.540661
-0.352086
-0.066160
0.344189
1.422012
0.420057
1.430154
-0.094380
1.197834
1.436931
-0.438043
0.243540
-0.637548
-0.256256
-1.630661
-0.586716
1.394040
-1.818651
1.355085
-1.734352
1.460664
-0.589902
-0.349030
-0.738272
-0.457541
-0.603794
0.452869
-1.838103
0.213064
0.239179
-0.525841
1.693699
1.678673
0.321178
-0.473473
0.395193
1.341688
-0.130014
-0.832582
-0.237745
0.449675
-0.471151
0.525583
0.437433
