1.969319
-1.792878
2.140110
3.141593
1.249046
-2.303611
0.295441
2.907849
-1.866237
-1.356736
0.480887
2.132718
-0.266252
-2.659079
-2.512796
1.225241
0.755104
2.918116
2.850136
-2.956245
2.914794
0.992894
-0.106736
-1.042722
-2.329174
-2.147172
-3.030935
1.781890
-2.622447
-0.334737
-0.763180
-3.050933
1.997424
-0.129703
-0.732815
-1.219352
2.073640
-0.616297
2.393215
-1.078987
-0.577902
3.004526
1.797595
-1.975688
-2.819842
-2.918116
-0.847817
0.699893
-2.321725
2.543174
-0.321751
-2.988943
2.863293
1.418147
2.102520
0.785398
-1.074374
-2.536048
-1.919567
1.677532
0.400241
0.735440
2.697173
-1.067953
-2.543174
-2.169215
-1.609239
-2.886410
-0.756835
-1.937970
0.447520
-2.466852
-2.835714
2.356194
2.251318
0.960070
2.697173
1.016489
-0.982794
1.536327
-1.815775
0.426627
0.890275
1.363300
-0.447520
3.072736
1.423718
-0.223477
-2.356194
-3.050933
-1.673878
1.418147
2.660705
-0.624023
-2.718739
-2.723368
2.356194
-0.858439
-2.158799
1.144169
1.203622
-0.038443
-2.692869
-1.951303
-2.853537
1.614247
1.753907
-2.863293
1.074374
2.251318
-2.228685
2.297439
-0.083141
-0.499347
0.165149
1.880499
0.558599
0.321751
1.789465
2.418613
1.282741
0.607802
-1.160669
0.086738
2.677945
-3.072736
-2.137526
-0.574305
-2.137526
0.442374
-2.659079
-2.753274
3.099950
-1.249046
1.124691
2.526930
0.832981
0.000000
-0.463648
0.588003
2.732685
1.916352
2.408778
1.570796
-1.570796
-2.505084
1.789465
-0.540420
-0.442374
0.761013
0.352990
1.570796
1.530818
0.906750
-0.896055
-0.785398
-2.459276
2.119346
2.808348
1.086318
-0.912908
2.034444
2.016902
-2.051684
0.000000
-1.712693
-2.251318
2.223643
1.292497
3.141593
2.859038
2.089942
-2.356194
-1.933341
0.000000
0.035699
-0.598419
2.961739
-0.896055
-1.272297
2.984991
-1.107149
2.970857
1.405648
2.697173
-2.437099
-0.753151
-2.356194
-1.126377
-2.446854
0.870903
-2.297439
-2.356194
-1.051650
0.348771
3.141593
2.853537
-1.614247
-0.982794
-2.961739
1.535097
2.565217
0.785398
2.303611
0.668289
-0.785398
-0.528074
0.674741
2.505084
1.301629
-0.919720
-0.551655
-2.201876
2.914794
-1.723446
-1.423718
-3.030935
-0.533708
-1.446441
-1.570796
-0.047583
-3.017238
0.688924
-0.815692
2.015216
-0.367174
-2.631104
1.570796
1.919567
-1.333948
-2.147172
-1.030377
0.422854
-2.289626
0.510488
-1.042722
0.533708
2.077895
3.006065
-2.663240
-0.321751
-1.570796
-2.498092
-1.892547
0.954499
0.690446
2.533791
-2.125104
0.047583
0.880350
-0.881872
0.566729
2.627141
-1.882838
0.086738
-0.398522
-2.918116
-0.129703
-2.694073
0.147078
1.421906
-1.060308
1.570796
2.914794
0.756835
-0.332059
2.498092
-2.830594
1.776192
-0.524796
3.141593
-1.993650
-1.665748
0.735440
0.374334
2.736701
0.896055
-1.056345
-3.108272
2.677945
3.104573
2.506566
0.172191
-2.922924
1.943784
0.982794
-0.073939
1.907471
0.704494
-1.086318
-1.685673
0.372988
-2.411693
0.035699
3.045119
0.761013
-2.221873
1.056345
0.047583
-2.446854
1.670465
2.714965
0.205395
1.107149
-2.034444
-0.610726
-0.862170
-0.214061
0.906750
-2.927532
2.543174
-1.261093
2.982937
-2.356194
-1.418147
2.256526
1.712693
0.973620
2.936197
1.527345
2.234842
0.912908
1.039072
-1.653938
-1.815775
1.797595
0.034469
-1.074374
-2.936197
-1.768192
0.309703
-1.176005
2.565217
1.496857
-2.380580
1.539556
0.699893
-1.951303
-2.441700
-1.723446
-1.325818
-1.249046
2.694073
-1.183921
-1.992216
-1.197809
-1.279340
-1.761981
0.896055
2.356194
2.437099
0.039979
-0.152649
0.000000
2.553590
-1.858852
-0.158655
-1.925502
2.010639
2.256526
2.147172
0.499347
2.498092
1.892547
-1.712693
2.516108
0.577902
-0.147078
-1.570796
-3.004526
-2.240435
2.104505
-0.035699
1.420425
2.425849
-2.089942
0.832981
1.609239
-2.094075
2.117585
-2.140110
0.837981
0.785398
-0.628796
0.480887
-2.618314
0.041643
-2.187093
2.718739
0.942000
1.797595
-1.653938
-1.747505
2.408778
-1.126377
2.196281
0.218669
0.876058
0.566729
0.000000
1.086318
-3.013269
-1.650626
-0.896055
-1.037088
-0.255182
-3.017238
-1.993650
2.727086
-2.510513
-1.222025
1.957672
1.325818
-0.605545
-1.529154
2.819842
-1.156289
-3.058451
3.026716
-1.227772
-0.960070
-0.809784
2.774419
-1.760785
0.600050
1.934775
0.956133
-2.381830
-0.661043
1.238737
-0.197396
1.869295
1.993650
-1.124691
-0.442374
-2.259721
0.345556
1.815775
2.381830
-1.238737
-0.876058
-0.685730
2.016902
-2.754717
1.880499
2.199593
2.429235
-0.214061
1.236059
-2.432966
-0.600050
0.000000
-0.392340
0.546789
-2.057696
0.668289
-0.083141
-2.308611
-1.784857
-1.494024
1.325818
-1.712693
-1.160669
0.588003
-3.041924
2.544416
-1.494024
-1.335251
-0.616297
2.239086
2.329174
-2.408778
3.107124
3.141593
-1.975688
-0.309703
0.158655
1.570796
1.325818
0.817645
1.849096
-1.943784
-0.704494
-0.704494
-1.464061
-0.912908
-2.251318
0.919720
2.627141
-1.937970
-2.930499
-1.170556
3.141593
1.423718
-1.467715
3.103150
-2.951604
2.356194
-1.989021
1.122073
-0.295441
2.331809
-1.310194
-2.148698
-1.760785
2.214297
-1.272297
2.259721
2.149871
2.119346
0.708626
1.272297
2.356194
1.533776
2.880990
2.914794
-1.467715
2.270689
-1.815775
-1.612439
0.414507
-0.927295
-3.067654
-2.761086
-0.410127
-2.936197
-1.747505
2.199593
-1.570796
-1.784857
-2.418613
1.182478
2.196281
-1.681454
-0.610726
1.727398
2.095592
1.130954
-0.588003
2.303611
0.334737
2.050316
-2.553590
0.729900
-0.295441
0.694738
-2.203545
-0.226799
1.147942
-1.833791
0.380506
-2.490516
2.466852
0.463648
2.018316
1.304544
-0.439843
2.321725
-2.418613
-1.570796
2.662073
-2.380580
0.197396
1.451367
-1.907471
-1.768192
-1.871717
-0.444419
3.067654
-2.953371
2.992703
0.652847
0.152649
-2.627141
-0.866302
-2.085248
-0.514451
-2.553590
-2.379446
1.317122
2.081285
-0.367174
-0.561922
-2.543174
-2.466852
0.223477
-2.887919
-3.006065
1.261093
-2.158799
2.117585
2.221873
0.363979
-2.491722
2.642246
1.203622
-0.632749
0.165149
-2.140110
-1.759018
-1.506369
-1.487655
-1.781890
-2.380580
1.828120
-2.067219
-2.455863
3.009041
-3.082837
-0.043451
-2.081285
-2.148698
0.862170
1.024007
-0.205395
-1.405648
-1.807645
1.776192
0.828849
-1.460139
2.695487
1.373401
-2.961739
0.244979
2.930499
2.808348
2.638749
-2.134113
1.570796
1.487655
0.229232
-2.774419
-2.857799
-2.819842
-2.627141
2.808348
-0.858439
2.259721
-1.806341
-1.570796
-2.777614
-2.191046
-1.365401
-0.273009
-0.982794
-0.756835
2.677945
1.225241
2.533791
-2.356194
1.673878
1.259798
-0.321751
0.000000
-0.718830
-2.325901
-0.432408
-1.394087
2.677945
3.030935
1.297788
2.809533
-1.639653
-0.422854
-2.601173
-0.096474
0.068856
0.283794
-2.727086
-1.317122
2.329174
2.228685
-2.868584
-2.809533
2.003204
-0.566729
1.107149
-2.868584
2.466852
-2.432966
-0.236849
1.297788
0.463648
-0.588003
-2.914794
-1.815775
-1.380808
1.904041
-2.782822
-1.030377
