-0.906750
0.502843
-1.904041
1.951303
0.308053
-2.169215
-2.483704
-1.249046
-0.148890
-0.333244
1.839964
2.191046
1.262744
3.141593
0.588003
-2.452668
2.356194
-3.026716
2.427502
2.383215
2.768605
1.808632
-1.212026
2.356194
1.297788
-2.714965
1.107149
0.785398
-1.843805
-2.786887
-1.866237
-2.473303
0.991722
-0.668289
2.330559
-1.217806
-0.870903
1.951303
-0.086738
-1.600200
-0.616297
-0.994421
0.214061
1.504228
-2.085248
-1.259798
3.141593
1.398606
-1.607816
2.647651
0.000000
0.761013
2.786887
0.950547
0.179853
-1.520838
1.460139
-0.912908
1.501940
-2.792822
2.840672
-0.605545
2.411693
2.819842
1.815775
-0.463648
-3.101614
1.837048
-2.323948
-1.158386
0.822418
-0.950547
-0.597177
1.123276
-1.753907
0.657889
-3.013269
-2.104505
2.553590
-2.533791
-0.994421
2.330559
-1.904041
1.435269
0.600050
-0.291457
1.862253
0.876058
-3.067654
0.554307
1.190290
0.602287
-0.569313
-1.282741
2.477546
-0.577902
2.657115
-1.807645
1.854590
2.872425
2.498092
1.667270
-1.712693
-2.627141
-0.262995
-0.132552
0.117109
-0.119429
-3.096169
-2.526930
2.819842
1.287002
-1.735945
0.750929
-2.553590
2.441700
2.473303
-1.496857
1.756144
1.144169
-1.815775
-1.365401
-2.381830
-1.665748
0.934288
-1.203622
0.288055
-2.016902
1.618379
-2.677945
-2.111216
-2.451146
-0.991722
3.064821
-2.695487
0.183111
1.347320
-0.068856
-2.498092
0.815692
-0.919720
-1.051650
-2.629203
1.152572
0.152649
0.135528
1.201463
0.418224
-0.398522
-0.708626
-0.866302
3.105894
-2.761086
0.885067
0.750929
-0.380506
-0.890275
2.386488
0.189988
-2.085248
-1.490966
-2.265535
-0.482513
-2.283154
0.410127
-1.317122
3.099950
-0.426627
2.275290
2.618314
1.656302
2.098871
1.107149
1.789465
1.030377
-3.004526
2.878598
-1.261093
0.919720
2.761086
1.841743
-2.601173
-1.741532
-0.086738
3.099950
-1.325818
-0.262995
2.525296
1.480136
1.570796
-0.577902
-0.478352
2.994514
1.607816
1.892547
-0.154997
-1.570796
0.588003
-2.265535
2.694073
-0.283794
2.067219
1.206817
-0.106736
1.183921
1.570796
1.128422
1.833791
-1.925502
1.212026
-3.030935
-1.637364
-2.221873
-0.119429
2.122451
2.000559
-1.259798
2.270689
-0.439843
-1.892547
0.708626
-0.398522
2.808348
-0.685730
3.101614
-0.758378
0.927295
-1.182478
-2.275290
-0.942000
2.455863
-2.613518
0.851966
-0.073939
3.022164
-1.297788
0.309703
-0.333244
-1.794273
-1.833791
1.735945
-1.535097
2.451146
-0.273009
0.605545
2.239086
2.859038
-2.706922
1.315614
1.961403
-2.999696
1.335251
-1.249046
-2.840672
0.835357
-0.785398
3.141593
-3.101614
1.279340
-0.444419
-1.086318
2.102520
2.607884
-1.794273
-2.944197
0.188222
-3.091634
-2.034444
0.094952
-2.753274
1.365401
-0.073939
-2.178598
2.134113
-0.664046
-1.729452
-1.485291
-0.657889
1.614247
1.916352
0.970746
1.878849
-1.216091
2.631104
-0.533708
2.594804
-2.062606
1.833791
0.463648
2.774419
0.463648
3.013269
1.849096
0.785398
-1.941688
-0.533708
-0.657889
-1.325818
-0.188222
0.000000
-0.463648
1.609239
2.461071
0.000000
0.358771
-2.622447
-2.677945
2.819842
1.849096
-1.533776
0.635027
-2.214297
-1.789465
2.446854
1.060308
2.283154
2.432966
0.372988
-1.610775
-1.261093
0.255182
-2.207305
1.784857
-1.750650
1.107149
-2.490516
2.158799
-0.380506
-3.075024
2.000559
1.753907
1.742987
-1.024007
1.446441
1.858852
0.881872
0.909753
-1.343997
1.614247
1.670465
-1.258754
-0.680521
2.922924
0.124355
-1.612439
-1.182478
1.282741
-2.488746
-2.015216
1.297788
-2.976444
-1.390943
2.863293
-1.287002
1.685673
0.183111
-1.925502
-2.050316
0.463648
-1.747505
1.405648
-1.016489
-0.813962
0.962994
-0.189988
2.692869
2.145101
2.516108
-0.758378
0.394791
3.105894
-1.341564
0.785398
-0.071307
-2.300696
1.206817
-2.330559
-0.927295
0.972377
0.463648
-2.631104
-1.160669
1.610775
-1.535097
2.761086
-1.989021
-2.158799
-3.038511
2.578276
1.916352
0.917950
-1.650626
-2.553590
-0.191184
-2.380580
-0.785398
2.293776
0.868539
-0.607802
-0.750929
-1.642104
1.957672
-0.665969
0.446106
-1.051650
-0.183111
2.857799
0.935770
-3.099950
2.850136
2.062606
-1.992216
3.141593
1.980924
1.570796
1.435269
0.685730
1.297788
0.753151
0.334737
-1.806341
-1.957672
2.490516
2.134113
1.418147
2.452668
1.570796
0.079830
1.685673
-0.945311
3.026716
-2.914794
-1.022247
1.806341
-2.055274
1.318242
2.969402
-2.125104
-0.253674
1.030377
-0.745419
0.972377
3.091634
0.291457
-2.627141
-1.623379
-1.380808
-2.723368
-0.235545
-1.869295
2.798569
2.330559
0.302885
-2.526930
3.141593
-0.982794
-1.657535
0.970746
-2.303611
-1.152572
2.111216
0.588003
-0.688924
-0.478352
-2.587285
-2.049149
-2.401618
-2.234842
-0.298499
2.095592
1.249046
2.843094
-2.199593
2.595938
2.627141
0.785398
-0.579074
0.674741
1.951303
1.605265
-2.574863
0.598419
1.837048
-2.887919
2.116451
-1.446441
0.158655
-1.446441
-2.582993
-0.881872
-1.929567
1.352127
0.643501
1.934775
2.490516
2.677945
-0.165149
1.797595
1.016489
-2.659079
-0.510488
-0.972377
-1.292497
-2.178598
-1.533776
2.718739
1.501940
-1.881795
2.634494
-0.370891
-1.806341
1.234122
1.467715
-1.203622
1.815775
-1.471128
-2.727086
0.262995
1.639653
-2.819842
2.553590
2.018316
1.405648
1.170556
2.356194
2.077895
-2.645170
2.498092
0.785398
0.661043
0.367174
0.463648
0.674741
-2.645170
0.514451
-2.922924
1.335251
-2.429235
-1.259798
-0.035699
1.989021
-0.367174
2.461071
-1.570796
-0.825377
2.356194
2.782822
-0.811034
3.103150
-2.129396
2.521343
2.830594
-2.034444
0.207496
1.878849
-0.076772
2.709185
0.712358
-0.576375
-1.797595
0.132552
2.221873
0.753151
-1.843805
1.107149
-1.892547
-0.354706
-0.603749
-2.880990
0.657889
-1.825979
-1.853351
-0.502843
-0.598419
-2.976444
1.446441
-2.889038
-1.892547
-2.638749
-1.858852
0.000000
0.222082
-0.135528
1.152572
-1.637364
-1.815775
-2.796037
-3.022164
2.746802
-1.060308
2.095592
-0.463648
-0.982794
-0.493941
3.141593
0.090660
2.731465
-1.570796
-0.972377
-2.718739
2.809533
-2.642246
2.441700
-0.165149
2.196281
-0.479519
0.785398
-1.609239
3.070285
0.170735
-1.292497
2.102520
0.037020
-2.275290
-0.262995
-1.496857
2.927532
-1.418147
-2.982937
-0.235545
2.275290
-0.286051
1.742987
1.012197
1.480136
-2.587285
1.451367
2.441700
2.677945
2.922924
-2.034444
2.432966
-0.927295
2.070143
0.255182
-1.385448
0.255182
-1.753907
-0.972377
-2.253113
-1.107149
-2.868584
2.649783
1.347320
-0.566729
-0.071307
0.463648
0.334737
2.125104
1.907471
-0.372988
-0.664046
-2.607884
1.985303
1.730709
1.022247
-1.071450
-1.004067
-3.103150
1.675673
-1.138389
2.961739
2.356194
-1.259798
-2.694073
0.664046
-0.965252
1.297788
-2.786887
-0.039979
-0.885067
0.482513
2.553590
-2.117585
-2.647651
0.432408
2.393215
2.857799
0.321751
-1.800028
2.441700
0.147078
1.943784
-1.618379
-1.067953
1.951303
2.988943
-0.400241
-0.214061
0.600050
