0.393068
2.337019
0.490149
0.448399
0.592097
0.550680
1.496513
-1.644094
0.411454
2.527624
0.542900
2.325660
2.517168
-1.699625
-1.583502
2.422692
2.364867
0.126705
0.503531
0.701779
-1.724253
2.256948
0.234590
0.059634
0.522315
1.889954
0.166091
-1.566987
0.521707
0.401986
2.152592
0.556895
0.333326
3.763301
0.586745
2.419659
0.066516
0.280272
-0.017650
0.384435
0.214869
0.562077
3.571031
0.134651
0.447617
2.410648
-1.673370
0.493570
0.555538
0.446466
0.546912
0.528480
1.450225
1.541746
-0.170577
0.190460
2.525760
2.450845
2.178128
0.270449
3.559695
0.574827
0.064328
0.471196
1.393180
-1.681568
0.521675
0.416079
1.639449
0.073884
0.534770
1.668533
3.714391
1.751412
0.416622
0.462033
1.692612
0.650613
2.379482
-1.570054
-1.656891
0.525693
1.413830
0.413598
0.412345
0.258367
0.389005
1.391955
1.438881
2.339338
1.845280
-1.410663
-1.606319
-1.728697
0.023929
-1.466690
0.558618
0.124028
1.055497
0.182951
0.472386
0.111948
0.164192
-1.582936
0.063902
0.103722
1.373218
0.015541
2.517630
0.117742
0.490595
0.545371
0.385299
1.511112
0.406760
3.585822
0.643322
0.571769
-1.621081
-1.777580
0.567077
-1.605992
0.046399
0.584091
0.111435
0.382016
2.359481
1.541685
3.802500
2.488976
-1.524666
-1.497151
1.620128
2.358249
-1.611844
-1.610298
0.424061
1.808110
3.679170
1.533295
1.600315
2.218261
0.214313
0.506896
0.416960
0.478253
-1.616122
1.446988
0.365063
0.007888
-1.713205
0.486434
0.447869
-1.734886
-1.571839
2.318473
0.140551
1.459328
1.639453
-1.508906
-1.678811
0.613816
0.366823
2.578095
0.288108
0.394617
0.721185
-0.012401
0.172678
1.494608
2.564108
1.527019
-1.465341
0.556433
0.293229
2.500814
0.323513
2.421981
-1.735439
3.816462
0.723516
0.111619
-1.527440
1.575403
-0.115260
0.252983
1.513249
0.081411
0.607197
1.612560
0.469830
-1.382637
0.539500
0.504432
1.538344
0.405898
2.389899
0.016675
1.444983
0.538431
-1.678047
2.420973
0.315176
0.532725
-1.644523
0.486605
1.586997
0.401158
3.679977
2.325365
0.515562
1.645189
-1.692400
0.498714
1.482113
1.498411
0.395650
0.153512
0.455924
2.417860
3.727806
1.699195
-1.539936
0.029921
0.503569
1.944622
0.566709
1.461875
1.382630
1.414289
0.430008
-1.548633
0.187217
-1.671065
-0.001080
0.427856
1.567447
3.604606
2.474763
2.338160
0.477072
-1.464158
3.623097
0.440648
0.435145
0.193127
0.106887
-0.011872
-1.549137
2.278364
0.173076
1.677750
0.033217
1.468749
0.215232
0.038328
0.443708
1.329436
0.548604
-0.037418
0.548050
0.428288
0.597156
0.489462
-1.552353
0.419100
-1.590122
0.023029
-1.637165
0.444307
-1.517472
1.521218
-1.541152
-0.109139
0.455289
2.518987
-1.757890
-1.590271
0.109159
0.086035
2.392171
0.545385
0.451010
0.131722
1.680832
0.102247
2.379419
0.517132
0.642380
1.431766
0.445820
0.307155
2.417877
-1.624951
0.515775
2.329265
0.551395
1.475447
0.522391
3.714520
1.368209
1.341577
-0.233852
2.487498
0.835139
-1.693204
-1.585693
0.505691
-1.516785
-1.688187
0.621674
0.576353
0.438500
0.729866
2.390562
0.331392
0.042652
0.549661
0.773010
1.510879
0.729258
1.283745
0.649417
-1.665729
-0.125163
0.314469
1.556933
0.635586
0.282275
0.012782
-1.684221
0.441084
0.608580
0.263545
1.642104
2.519612
0.275547
0.095781
2.281165
2.472068
0.484465
2.497583
3.672504
0.620692
-1.581428
-0.024674
0.194564
0.263797
-1.539418
0.089326
1.292172
2.388854
0.505373
-0.368593
0.567823
0.488971
2.312069
0.389733
0.517807
0.417567
2.453905
-0.379800
0.452224
2.337850
0.159247
2.364692
0.033602
-1.506408
2.275701
0.584554
-1.688988
0.539343
0.546262
0.734585
0.247896
0.477525
3.558156
-1.517389
-0.090098
-1.640887
1.488482
0.583907
0.057700
0.370368
0.556669
0.506097
2.082655
0.628256
2.568935
0.257363
0.156027
-1.724289
1.428712
0.808003
-1.595941
0.426868
0.440763
0.594839
2.288224
0.501921
0.063357
-1.650271
-1.568166
0.032068
1.415290
0.548344
-1.645608
0.164195
2.268834
0.554157
3.727542
0.133046
1.341313
1.868211
0.625606
0.213430
0.484746
-1.546729
0.189885
0.624982
0.514280
1.422054
2.173709
0.627353
-0.172860
2.345237
0.571361
-1.717201
0.138369
2.452726
0.527374
0.450454
2.531627
0.116690
-0.098075
1.715604
1.585258
-1.746346
0.527331
3.457862
0.584929
0.436243
0.571845
2.339533
0.660374
0.218517
0.176762
0.485653
-1.532451
0.434608
1.495454
-1.514304
2.490900
0.069426
0.267414
-1.489067
0.569661
0.497487
2.300824
0.510587
0.453544
2.333598
2.386785
0.541083
1.323453
2.325640
1.324846
3.640905
0.655338
0.432597
-1.590718
0.531994
0.461584
0.194982
0.200577
2.572784
0.156701
1.395458
0.590658
-1.713066
0.221389
-1.684763
-1.555443
-0.014317
0.509696
2.571276
0.136501
0.147599
0.602895
0.520927
-0.037782
0.326862
0.006183
2.422447
0.482177
-1.474233
0.119341
-1.633195
0.442621
2.441933
2.402947
-1.408779
0.154762
0.301699
1.439186
0.066843
0.609353
0.373274
0.589548
1.394799
-1.729140
1.527798
0.022159
0.408216
0.586957
1.409782
0.238346
1.320865
0.664846
0.489122
3.495558
0.219288
0.665484
2.316300
0.035606
0.619462
0.237896
-1.752188
0.239607
-1.573404
0.455921
0.542659
0.874319
0.207112
-1.575620
0.144273
-0.142889
0.543688
-1.686358
1.627782
0.097359
-1.503341
2.522515
3.605042
-1.637092
-1.580850
-1.504525
0.345588
0.355039
2.144832
0.614390
2.097744
-1.459682
0.580690
2.332239
1.449409
0.676454
0.029510
-0.145898
0.550816
0.579859
2.322975
0.362787
0.208674
0.091282
0.534635
1.599740
0.510559
0.458521
0.450977
0.501602
3.605671
2.129082
0.609330
2.404413
0.064765
2.509181
-1.540549
1.409656
2.366168
0.527455
0.133386
0.394622
0.205750
0.528931
0.372319
1.585774
0.259162
2.497155
2.425715
0.182844
0.014735
1.601594
-1.663786
0.067059
0.557348
0.497150
0.456635
2.353311
0.528999
-1.515314
2.495746
-0.026077
0.680630
0.492313
2.351304
2.433890
0.629016
2.306875
-1.373990
1.448859
1.506585
0.584054
0.478111
0.499881
0.432780
1.565391
1.617310
0.537825
0.629818
2.325405
1.507854
0.233086
1.682987
1.721251
2.556703
3.715404
2.259767
1.724263
0.384404
1.385575
3.594395
1.047315
2.587700
1.486736
0.162638
0.194139
-1.477416
2.319681
-1.659577
0.541354
0.147932
0.204369
-1.654009
2.369614
2.228467
0.531969
0.198192
0.410306
-1.554184
0.163845
0.529010
1.821793
1.621534
-1.598389
0.462323
0.454041
0.464559
0.178017
0.268065
3.525683
0.493746
0.333851
-1.462251
0.405743
-1.710445
0.135873
2.492911
2.392357
0.420762
2.424902
0.627521
0.133914
1.468031
-0.074254
0.525427
-2.997997
0.475978
0.031384
2.541161
-1.663566
0.681170
1.506135
0.455620
0.610218
0.420012
2.352025
0.759100
0.105006
0.357823
