-0.082026
-1.960276
0.063088
0.288663
1.925684
0.280114
0.150354
2.017229
0.195140
0.289911
0.085589
0.308801
0.093093
0.123848
2.068306
-0.076970
0.063757
-0.060525
-0.195428
-1.780308
0.276385
-0.305488
1.949943
-0.121846
-0.084911
2.063471
1.999685
-1.924012
-0.291674
0.289059
1.897155
-0.013166
1.912402
0.105689
0.201279
1.899666
0.261776
-0.258457
0.364305
2.031720
0.220897
2.010106
-1.907914
1.953334
-0.316232
-0.324892
-1.324363
-0.026755
-1.979331
0.065452
0.138358
-1.913877
-1.925279
2.093837
-0.218420
-0.022734
0.304200
-1.792795
0.076927
0.319496
2.245052
2.077741
0.267232
2.104899
0.199749
-0.281219
-0.017845
1.810634
0.025903
-2.014150
2.218187
0.157395
0.134348
-0.162189
0.148252
-0.112631
1.874433
0.227064
0.263594
-0.040211
-1.808778
-0.229750
0.141853
0.099635
0.357740
0.288478
-2.029544
-0.086446
-0.057256
2.047848
0.101569
1.884233
0.963914
2.018885
0.202176
0.214719
0.226520
1.980936
0.086980
-1.942423
-0.116529
0.147130
-0.153175
1.872200
2.042578
-0.291091
1.921538
-0.311569
-0.111291
-0.041700
2.004702
2.252387
-1.945984
2.099051
-1.797814
-1.998602
0.284020
2.068410
1.992531
0.297793
-0.223914
-0.115512
-0.109431
0.187607
-0.121263
-1.789481
0.204574
0.097959
1.957974
-1.428018
-0.208449
0.217450
0.085575
0.302939
0.277468
-0.231861
-0.064163
2.201858
2.028211
0.056829
-0.033778
-0.144052
-0.081994
-0.013232
-0.102258
-0.058839
0.138801
1.948350
0.667393
0.257378
-0.309725
0.362715
0.230896
-0.230584
0.170725
0.107087
0.185896
-0.279533
-0.298022
-0.155885
1.993128
2.046691
0.209053
0.078755
0.042116
0.175482
-0.266468
0.305508
0.331038
-1.930033
2.087586
-0.263498
0.156075
-0.094062
0.045324
0.223401
0.226606
2.049363
2.095610
0.075049
2.021327
2.077377
0.101859
0.233241
-0.113264
0.271561
-1.891292
2.075239
1.948481
-0.033644
-1.821998
0.239488
-2.019331
-2.018286
-1.984795
0.082486
1.958614
-0.114576
-2.104837
-1.488494
0.370315
-0.280562
-0.070227
1.982505
0.110909
2.120783
2.018621
0.160591
-1.956285
-0.134928
0.344775
0.151010
2.053108
0.258266
0.067310
1.953879
-0.109494
-0.087466
0.053877
0.255548
0.042312
0.248844
-0.084494
-0.146270
0.255507
-0.008369
1.890000
2.030921
0.184057
0.207411
-0.132517
-2.037667
2.002653
0.279031
-0.259398
-0.085566
0.043502
-1.964437
-0.124083
0.265992
-0.076480
-2.077421
-1.851958
-0.053231
-0.206348
2.076915
-0.007584
1.979370
0.246986
-0.246814
1.981202
-0.225987
2.002556
2.052522
-0.294521
-0.318052
-0.095273
-0.087399
2.134396
0.195446
0.761047
-0.013118
0.210798
0.062531
-0.053719
1.857841
0.026489
0.103683
-0.198130
0.252105
1.896113
0.098344
0.221359
-0.044179
-1.976595
-0.216816
-0.054446
1.937749
-0.303711
0.359457
0.047280
-0.120833
2.059757
2.054556
-0.131024
0.232987
0.189346
-0.158210
-1.376495
0.226095
0.147927
-2.060794
-1.949268
2.086161
0.202449
-1.951549
0.028726
-0.083366
0.022172
0.042904
2.047445
1.871441
-0.172923
-0.139493
0.375505
0.317016
0.146799
-1.798671
0.127081
1.815185
-1.826351
-0.073218
0.237909
-0.269903
0.294187
-0.058151
-0.107428
-1.890947
-1.866230
-0.138602
0.321219
1.874453
0.103796
-0.040242
-0.087304
0.094592
-0.192694
1.926563
-0.260892
2.019921
2.053850
-0.312013
0.290528
0.093564
-0.192107
-1.469714
2.103386
1.967755
-0.217209
2.031984
-0.277824
2.093203
0.079775
-1.834007
0.263223
0.090367
0.189839
0.286250
-0.158702
-0.009052
1.959503
-0.169164
0.184369
0.115845
1.992214
-1.891383
-0.109543
1.943551
2.151348
0.070780
1.859374
1.981104
-0.110165
0.108184
0.034722
1.967680
-1.776888
0.093264
0.189494
0.045606
0.315440
0.740161
0.079393
1.961528
0.215126
0.207578
0.103678
0.026186
1.937081
-0.085040
1.997803
0.255493
0.248641
1.890386
-0.292699
0.084830
0.319626
-0.271690
-0.274313
0.028911
1.904925
-0.108369
0.072855
-0.355310
-0.270673
-0.076876
-0.061653
-0.061391
-0.223447
0.310854
-0.185984
-0.162364
-0.082423
-0.041749
0.260011
0.122015
-0.128647
0.152271
0.151498
-0.095281
2.262115
0.150665
1.950816
2.053762
-1.524509
-1.954660
-0.315942
-0.073572
0.120667
2.039626
0.168371
0.064316
0.095211
2.085911
2.059935
1.908308
-0.071237
0.251576
-0.184944
0.160853
-0.101404
-0.107501
-0.206994
-0.059262
0.089437
2.090215
0.218344
0.252280
-0.235097
-0.053037
-0.225932
1.982269
-1.964636
-0.059210
-1.870122
2.091049
1.997615
-0.248040
2.192059
-0.080312
-0.233252
-0.012800
0.252528
0.138018
0.092005
2.027620
0.134629
0.115080
2.082385
0.137035
0.317972
0.284438
-1.948607
0.175296
2.007451
-1.931826
-0.113366
0.145670
0.100724
-0.102031
0.295796
-0.004933
1.821617
2.090692
-0.141583
0.142148
-0.298754
-0.064895
0.018638
-0.305683
0.253068
1.971777
0.188114
-0.133595
0.307233
2.022718
0.183271
-0.235379
-2.020722
-1.297457
-0.138571
1.911291
0.004871
0.049586
0.200287
0.069157
0.033085
-0.102812
1.972085
0.314092
-0.065742
3.100293
-0.025580
0.006956
0.339134
0.228178
0.337978
1.926272
-0.102115
-0.150448
0.269567
2.055864
0.017894
-0.123311
-0.250808
-0.108119
-0.207901
-0.129390
-1.985000
0.227806
0.205907
0.182791
-0.101619
-0.003730
-1.781941
0.247424
2.008732
2.014771
-0.035059
-1.253562
0.105900
-2.042815
-0.129934
1.947961
0.184798
-0.083536
-0.045083
0.031208
0.053855
0.240038
-1.896261
0.216887
1.922763
1.999803
1.987738
-0.295078
-0.338111
-0.128228
-0.024300
-1.769351
0.266252
-0.092686
0.134713
-0.230388
-1.784335
-0.058191
0.243772
0.405442
0.255000
0.208260
-0.174868
-0.266748
-0.069512
0.186754
-2.020421
-0.244873
2.024092
-0.080145
0.227457
2.083596
-1.855240
-1.774744
0.173578
0.132634
0.212242
0.239871
-0.236530
-0.326691
0.194908
-0.068112
-1.328544
-0.125591
0.272713
-0.190028
0.273794
0.197404
0.088396
-0.165691
-0.141625
-0.144941
1.883917
-1.364609
0.064928
1.909905
0.193544
0.054956
2.045314
0.082942
-0.161984
-0.087043
2.070458
0.009643
0.083299
0.082621
0.117412
0.271753
-0.204999
-0.258800
2.029553
-2.063584
0.270423
0.294202
-0.118723
0.139044
0.064909
-0.017456
0.310254
-1.882831
2.041655
0.277469
2.028884
-1.384016
0.058121
2.047811
-0.255052
0.007555
-0.278169
-0.220447
2.060893
-0.077489
-0.229004
1.972254
0.224787
0.191136
-1.797749
1.965112
-0.203953
0.177055
-0.219600
0.348487
-0.074945
0.310234
0.190306
0.830394
0.010075
-0.139580
-0.053256
0.281367
0.054542
2.036003
-0.280687
2.110762
-1.877094
-0.012287
0.267204
2.018737
0.111249
0.174003
0.148204
-0.344503
1.995314
0.209316
-1.813384
-0.272746
1.893600
-0.224925
-0.085282
-2.026880
-2.111020
1.966947
0.260136
0.256935
2.103963
0.088216
-0.154968
-0.104842
2.109414
-0.182463
2.093118
0.281946
-1.796217
2.069090
-0.069955
-0.404016
-0.058516
-0.291299
2.034901
-2.124456
-0.162419
0.107209
