-1.807303
1.958189
-0.260944
-1.964580
1.928192
0.044481
-1.335186
-2.032423
2.088387
1.951587
-0.023336
-0.130157
-0.044919
0.228277
0.197707
-0.175159
0.268250
-0.059762
2.019798
1.237728
0.274640
0.130922
2.034098
1.912037
0.020411
0.119678
-1.760608
-1.159465
0.008693
-1.937736
-1.945483
0.231878
-0.390442
1.912063
0.160119
-0.233465
0.268475
-0.108915
0.183324
1.949340
0.008926
0.217391
0.284078
-0.187693
0.052844
-0.323531
0.143617
-0.219419
-1.951963
1.972607
-0.000367
2.163289
0.140544
0.002409
2.041999
2.058467
2.006152
0.052767
0.137170
1.234614
0.013629
-0.234801
-0.083569
0.184740
-0.132488
-1.899293
-1.996636
-0.028415
-0.308847
-1.955384
1.820703
-0.178985
-0.138215
0.029594
-2.059288
-0.013022
-0.013682
1.942196
2.070820
-2.044958
-0.356487
0.188284
-1.355683
0.193153
0.214215
0.094808
2.029457
0.146265
-0.081091
-1.844995
1.994755
2.066267
0.005854
0.008128
0.102006
-0.008954
-0.247845
-0.053883
0.020100
-0.040043
0.452869
-0.166724
0.192339
-0.075962
-0.098177
0.196175
0.275023
1.989507
-0.323193
0.227135
-0.163801
-0.278152
-0.021295
-1.851940
-1.865171
-0.155673
0.242418
0.117692
-0.158339
-0.186077
-0.275192
-0.097052
-0.113529
1.935463
0.109084
0.039716
0.269711
-1.944562
2.078108
-0.149404
-2.032084
0.123464
-1.833647
-0.234556
0.137758
-0.288494
2.122171
-1.951289
-0.144761
0.137761
-1.392334
0.399961
0.224603
-0.072712
-0.005007
0.025118
0.186468
-0.097756
0.255325
-1.947489
-1.977506
0.180482
1.959513
1.992029
0.169327
2.031545
-0.104008
0.281659
0.006831
0.208871
2.001217
-1.836403
0.268455
-0.108761
-1.913998
0.275852
-0.254529
-0.111584
-0.095132
-1.804405
-1.962090
-0.101458
-1.856200
-0.145576
-0.214150
0.214579
2.080681
-0.052419
0.023715
-2.043900
0.171726
-1.908239
-0.232924
0.289359
-0.241283
-0.259574
-0.219835
1.944228
-1.927367
0.256268
-0.150828
0.206197
-0.107359
0.153922
-0.314989
1.926431
0.216930
0.230873
0.047476
0.220961
0.321904
0.046770
0.275296
0.806155
-0.179617
-0.062294
0.249354
0.241955
0.172694
1.866200
-1.997897
0.333878
-0.098029
0.161872
-0.203723
0.076220
-0.156552
1.898859
0.316773
-0.155904
0.213300
-0.126636
-0.209076
-0.155845
-0.214996
1.955695
-0.091237
0.714735
-0.267775
2.068396
1.870519
1.968500
-0.177973
0.239668
-0.118362
-0.167044
-0.035075
-0.314915
-1.196955
-0.044121
2.016258
0.351190
0.218258
0.136659
1.896462
-2.009242
-0.193145
-0.102323
0.231985
0.352049
-0.147164
-0.296351
0.230046
0.192135
0.072416
-0.236089
1.935318
-0.080664
-0.042476
0.220385
0.236787
-0.145943
1.899730
2.072783
0.113749
-0.269634
-1.333154
-0.161643
0.225965
-0.013583
0.206111
0.066180
0.222772
2.075850
0.097143
-1.828665
0.212852
2.084932
-0.324681
0.284721
-1.435037
1.903620
-2.056243
0.166916
1.922415
2.124608
-0.266671
-0.248758
-0.237401
-0.104005
0.198829
-2.004706
-1.476392
-0.207368
0.148633
1.885734
-1.379002
2.048632
1.986744
-0.194490
-0.146520
2.061619
-1.955513
0.063546
-0.111718
-0.211375
-0.166725
-0.041606
2.065555
0.167459
-1.776369
1.872852
-0.155531
0.227082
0.028977
-1.811878
-0.180029
0.002300
-0.032339
0.116615
2.077741
0.058170
-0.212677
0.083395
2.045960
1.912872
0.211017
1.937656
-0.192366
-1.335806
-0.188852
0.124437
-0.264633
2.244391
-2.081725
0.051432
-0.102869
-1.256338
1.880800
0.199947
0.199898
0.075653
0.148772
0.103785
-0.080892
0.201041
-0.103120
-0.199833
-1.822575
-1.945990
0.196332
2.019604
-0.117980
0.312182
-0.172825
2.042039
-0.149795
0.950263
0.294779
-0.037074
0.244086
-0.146022
2.089279
0.090955
-0.242520
-0.151446
-0.209532
-0.136379
0.069321
0.044846
-0.087962
0.251134
0.187780
1.983627
-1.992810
0.187510
0.175308
2.148714
-0.263821
-0.173545
0.042666
-0.132901
1.936471
-0.219715
1.970834
-0.114747
0.090127
0.224110
-0.149051
0.311483
0.147123
-2.005821
1.957175
0.282983
1.991939
2.015350
0.192324
2.165558
1.913844
0.008861
-1.803558
2.055824
0.435449
0.003084
-0.208747
-0.260212
0.168684
0.139061
-0.245042
-0.153332
2.048197
-0.048921
1.862097
0.009593
0.161256
-0.295322
0.841803
-0.223642
0.146189
-0.210781
-0.006527
0.035875
1.933009
0.216991
0.075871
-0.284664
0.059013
-0.136231
2.006017
0.187374
-1.954184
-1.857206
-0.251460
1.902765
0.099110
0.261133
0.239409
2.080073
1.939482
-0.081910
-0.157009
-1.947709
1.862915
0.473851
0.144361
0.198096
-0.133524
0.004301
-0.041129
-0.199443
0.060144
0.160888
-0.137019
0.036112
-0.227734
-1.933999
0.171729
0.256302
-0.062750
-0.189922
-1.844006
0.239936
0.090678
0.040170
0.296239
1.898115
2.110761
-1.309914
1.939694
-0.045346
-0.213463
-0.230226
0.218549
0.084149
1.915731
1.900621
-0.028761
0.248542
-0.218701
-0.107933
0.238582
-0.065618
-0.305943
-0.192782
0.309054
-0.202003
0.109290
-0.163837
-0.283055
0.203118
-0.203177
1.895124
-1.792509
0.237711
0.197254
2.041408
0.071841
1.888425
-1.469529
-0.212802
2.003609
-0.094629
-0.183613
-0.229070
0.108294
0.149997
-0.261342
-0.210914
0.155421
0.290608
-0.091934
-0.119079
0.275954
-0.243903
-0.192731
-0.065915
-0.262805
2.078881
-0.120163
0.106195
0.033590
0.261462
0.157707
2.034409
-0.217393
-0.121391
-0.000008
0.225379
-1.953161
-0.131167
2.022016
-0.104715
-0.089440
0.160047
0.254244
0.263361
-1.820187
1.826558
-0.061177
-1.948889
0.017981
0.205150
0.200287
-0.141373
1.963764
0.262564
-1.960934
0.220936
-0.315641
-0.071692
-0.065259
0.164865
2.007761
-0.147489
0.191578
0.172235
0.112808
0.305641
-0.134595
0.216262
0.765020
0.068385
1.026881
0.114941
-0.003841
1.803575
-1.798703
-0.175119
-0.109795
2.116582
1.904866
0.108203
0.763896
-0.231683
-1.829201
0.030178
2.000398
-0.078601
1.980071
-0.091204
2.069319
0.124971
2.126195
0.043068
-1.402969
-0.269680
2.264833
-0.179424
-0.090195
-0.115681
1.959736
-0.061908
-0.162539
0.223685
0.215513
0.273091
0.179454
-0.086327
-0.134225
-1.964464
0.031001
-0.231141
0.214915
0.032147
-0.254828
0.050531
0.204693
-0.015810
0.175189
-0.305271
-0.261521
0.144121
-1.757076
1.921517
1.890234
-0.149740
-0.112558
2.020220
0.183536
2.133129
-1.296330
1.932150
0.268382
-0.389528
1.824411
0.004013
0.077869
-1.846335
-0.014232
0.046215
-0.153686
-0.145849
0.112813
-0.181813
0.172147
0.036118
0.486814
-0.042370
-0.183053
0.254428
-1.856421
0.198887
0.277232
-0.272354
0.176741
0.219786
2.263939
1.991683
1.912621
0.094107
0.226773
-0.089536
0.289981
2.048239
-0.155898
1.849262
1.953072
-0.122167
2.022220
-0.188261
0.035972
2.008354
-0.097515
0.198078
-0.107481
0.016323
1.995860
-0.213642
0.128356
-0.066717
1.966189
0.119749
0.195315
0.176073
0.170680
0.067954
2.007150
-0.331495
1.961762
-1.881216
0.048816
0.229346
0.128486
0.154914
0.691584
-0.004877
0.046208
0.097712
-0.304761
-0.234660
