-1.735945
3.007271
2.544416
1.477320
0.514451
-1.829567
-3.113822
-2.231839
0.643501
1.160669
-2.312744
2.756435
-2.158799
-1.249046
0.138006
2.819842
0.085505
3.007782
0.974597
-2.871743
-0.947597
-1.307802
0.968509
0.367174
-2.403778
0.679414
-1.667270
-3.053585
-2.904744
-2.074962
-2.956245
-1.282741
1.428899
1.249046
-1.222025
2.356194
0.171379
1.681454
-0.588003
0.927295
-2.276365
-0.825377
-0.361729
2.306236
-1.518213
2.174546
-2.241318
2.048142
-2.187093
1.195526
-2.375060
0.661043
-0.152649
-2.308611
-2.265535
-0.502843
0.486899
-1.955954
-1.480136
-3.113822
-2.540519
2.944197
1.739898
-0.819867
1.651700
-2.009133
-2.383215
-2.664247
2.578276
-1.570796
0.266252
-3.064821
2.689439
-1.935998
1.249046
-2.601173
-2.282255
0.785398
-2.323948
-1.849096
0.688924
-1.784857
2.838708
0.120624
0.603749
-1.570796
-0.420663
0.066568
-2.731465
-1.668050
1.841743
0.705568
-1.178456
-2.498092
-2.341270
-1.786154
2.018316
-3.004526
-2.514284
-2.303611
-0.534955
2.122451
-1.588652
-2.356194
1.249046
-1.306833
-0.237836
0.745419
1.869295
1.165905
2.803714
1.635223
-1.833791
-1.716106
-1.668050
2.139321
-0.286051
-1.506369
2.622447
2.022950
1.716106
3.081061
-2.808348
1.046001
-0.991722
-2.457883
-1.048393
0.066568
-0.489957
2.732685
-1.781890
-0.785398
-1.708802
1.844964
-1.176005
2.251318
1.886767
-2.009133
1.452306
-0.548549
3.103150
0.483447
-0.588003
-2.994514
-2.375800
-2.356194
-0.099669
-2.857799
-0.679414
-2.018316
-1.943784
-0.202322
0.762147
0.519146
-0.624023
-0.561163
0.927295
0.451453
-2.262133
0.266252
1.063698
-2.137526
0.452154
2.241318
-2.383215
0.138006
2.034444
2.317752
-2.819842
-2.095592
-1.712693
1.917335
-0.991722
2.207305
2.782822
-1.186192
1.510264
-2.914794
-2.487510
-0.394791
0.170735
1.071450
1.723446
-1.107149
2.111216
1.527345
1.937970
0.588003
-1.815775
-0.698660
2.248916
-0.805003
2.770701
-1.051650
2.289626
0.732815
0.029403
0.354706
-2.574863
0.608689
-0.275426
-2.000559
-0.358771
3.141593
2.565217
-2.863293
-0.724250
-1.067953
-1.266285
1.745469
-2.158799
-1.255181
2.528385
-0.815692
2.579671
0.270947
1.299849
-1.544487
-0.739975
2.517570
-0.480887
2.209710
2.521343
-2.453921
1.605265
-0.310998
2.626044
2.904744
2.049149
2.020556
1.066630
0.120624
2.034444
0.643501
-0.333244
2.204819
3.105894
1.390943
-3.053585
2.553590
1.015303
0.314232
-0.253674
-1.190290
-0.844154
-0.463648
1.262744
2.453921
-1.019141
-0.857735
2.629203
2.070143
0.104877
-1.119343
-0.090660
1.845706
1.797595
-2.951604
-2.706922
0.463648
-0.191184
1.901094
0.785398
0.759763
0.367174
1.849096
3.081061
1.276562
0.298499
-2.116451
-0.837981
-2.694073
0.762147
-0.420663
-0.244979
-1.719686
-0.750929
0.020830
2.483704
-0.150371
-3.039386
0.856706
-1.815775
-1.152572
1.060308
1.610775
2.034444
2.976444
2.618314
-2.384758
-1.212026
0.946773
2.647651
2.356194
-0.073939
2.627141
2.878598
-0.216085
0.691337
2.726101
2.466852
-0.203045
-1.176005
-2.605157
-2.270689
2.245537
2.089942
-2.329174
0.982794
-1.348714
-1.919567
0.938047
2.129396
-0.883125
-2.459276
-1.684588
2.289626
-2.491722
-3.061763
0.037020
1.118642
-1.708802
1.604117
-2.587285
-3.036716
-0.620249
0.022219
0.620249
2.034444
2.937575
1.450173
-1.183921
2.377468
-1.532354
2.132718
-2.690140
-2.104505
3.062809
1.729452
1.183921
-0.257324
-2.502207
-1.418147
-1.514253
-2.717398
0.030294
2.869447
0.404892
-1.519559
-2.466852
-0.480887
1.076855
2.410686
-0.080904
1.972025
1.325818
2.356194
-3.011890
-1.513716
-2.768605
0.058756
1.849096
3.141593
-1.446441
3.096169
2.226492
3.141593
2.374374
0.000000
-2.417343
-0.439843
-1.095101
-1.078987
1.602036
1.024007
0.334737
-1.161888
-2.726101
2.125104
2.251318
3.101614
2.981680
0.548549
2.335789
0.743756
2.406998
-1.343997
-0.428778
2.373737
0.764125
0.244979
-1.610775
-0.031240
-0.982794
0.637549
0.678662
-1.337053
-2.961739
1.107149
-2.356194
-2.152701
0.569313
-0.522403
-3.030935
1.249046
1.789465
-0.972377
0.534955
1.866237
2.487510
1.073454
-2.553590
1.249046
-2.889903
-1.325818
1.723446
-3.020241
2.356194
-2.884269
2.167973
-2.115077
-2.932570
1.048393
-0.892134
-1.645656
2.723368
-2.639989
1.331565
-0.448723
0.274167
0.374334
-1.477320
1.913820
0.635027
-1.390943
0.000000
0.294235
0.115759
1.781890
2.819842
2.492597
-2.049149
1.022247
-0.288055
-1.532354
-1.378748
2.375800
-1.929567
-2.339247
2.539305
3.098142
-0.597177
2.356194
-2.371578
2.401618
-1.446441
0.110657
-1.292497
-2.034444
2.749253
-2.003204
-1.332187
-0.152649
-1.941688
-0.485622
1.219352
-1.925502
3.115283
-0.233743
-2.819842
2.944197
1.282741
-1.134169
-1.620755
-3.104573
1.222025
2.976444
-0.846546
1.997424
2.855541
-1.272297
-2.645170
1.878849
2.004750
-0.197396
2.150799
0.851966
2.093200
2.381830
-1.304544
1.373401
0.688924
-1.595791
0.113792
-1.523213
-0.499347
0.321751
1.570796
2.912361
1.134169
-2.466852
-2.953371
2.446854
2.618314
-2.315122
-1.066630
1.919567
2.270689
-1.076855
-1.331565
1.604117
2.828691
0.380506
2.166995
2.116451
2.070143
1.633215
1.499489
1.698306
0.041643
-2.756435
-1.042722
-1.030377
0.887087
2.205823
-2.485897
-2.228685
-0.620249
-0.291457
-3.064821
-1.937970
2.282255
-2.868584
-2.102520
-0.602287
-1.006227
-1.460139
1.024007
2.855541
-1.487655
-2.553590
-1.249046
-0.950547
1.783735
1.061204
-1.357858
-1.975688
-1.415800
1.815775
2.234842
3.141593
-0.152649
1.141034
1.943784
-1.138389
-0.982794
-0.231091
0.420197
2.654693
-0.995372
3.058451
-2.256526
2.654693
0.165149
-2.103640
0.523278
-1.523213
-2.988943
1.629552
0.637549
1.570796
-1.237552
3.081061
1.854590
-1.951303
-2.453921
1.343997
1.348135
0.960070
2.688814
1.892547
-0.141897
3.075024
-2.420621
2.999696
2.563691
-2.798569
2.441700
2.233999
1.069192
1.227772
-2.634494
2.049149
-1.075245
-1.118642
-1.653938
-1.801887
-2.521343
0.286051
-1.965587
-2.634494
1.937970
-0.057081
-2.209116
2.270689
-2.931953
-0.197396
-2.726101
-1.373401
1.471128
2.432966
0.414507
-1.668050
1.570796
1.745469
3.104573
2.965653
-0.844154
-1.060308
-2.695487
3.095115
0.942000
0.566729
2.013171
2.887919
-2.375800
0.655696
-1.604117
-2.755710
0.000000
2.920278
1.911775
0.090660
2.135366
-0.728855
-2.034444
0.212432
-2.660705
-3.017238
0.389317
-1.900421
-0.141897
-0.977047
1.570796
-0.102207
-0.753151
-2.896614
-0.626743
1.089909
0.348771
-0.862170
2.450256
-0.113792
0.515549
2.601173
0.806672
0.674741
1.396124
1.494024
2.116451
-1.712693
0.759763
2.568627
-0.054002
2.279423
-2.390664
-3.121187
2.331809
1.249046
-2.140110
1.712693
0.607802
-0.499347
-0.132552
-0.588003
-2.291768
0.785398
2.129396
0.876058
-1.518213
-2.004750
-0.579074
-1.042722
-0.815692
2.750986
-2.170847
-2.470449
-1.951303
2.586099
2.868584
