1.780436
-1.955954
1.832916
2.729182
1.214577
-2.582993
0.393058
2.860360
-2.356194
-1.649580
0.335639
1.972025
-0.454302
-3.096169
-2.578276
0.768451
0.588003
2.846152
2.802300
-3.033322
2.896614
0.534955
-0.415492
-1.232918
-2.452668
-2.485897
2.934096
1.546411
-3.033903
-0.581905
-0.909753
3.022164
1.965587
-0.314232
-1.107149
-1.363300
1.870967
-0.887087
2.082027
-1.069783
-0.766532
2.655971
1.432790
-2.459276
-2.944197
-2.980218
-1.128422
0.375271
-2.325901
2.174546
-0.716542
3.113029
2.605781
1.264917
2.183334
0.667306
-1.339706
-2.976444
-1.927016
1.239700
0.224711
0.401229
2.622447
-1.134169
-2.457298
-2.446854
-1.762844
-3.075024
-1.118018
-2.356194
0.154997
-2.745151
-2.965653
2.147172
2.022950
0.617191
2.594030
0.670522
-0.931410
1.069192
-1.972025
0.094952
0.721655
1.390943
-0.734594
2.837082
1.107149
-0.121352
-2.698144
3.141593
-1.746736
1.132460
2.594030
-1.159732
-2.873226
-3.039386
2.060754
-1.249046
-2.410686
0.657075
0.721655
-0.218669
-2.995580
-2.209116
-3.116598
1.480136
1.352127
-2.813039
0.748378
1.919567
-2.454468
1.750650
-0.179853
-0.767218
-0.065125
1.597817
0.233743
-0.117109
1.515298
2.319174
1.222025
0.474400
-1.281821
-0.026310
2.356194
3.114572
-2.268187
-0.385158
-2.414950
0.104877
-2.790865
-3.023103
2.803714
-1.545802
1.051650
2.625362
0.535811
-0.231091
-0.495552
0.244979
2.303611
1.744042
2.201876
1.118642
-1.815775
-2.518922
1.405648
-0.399515
-0.493941
0.177596
0.344647
1.095101
1.415800
0.681298
-0.697391
-1.119343
-2.547843
1.934775
2.356194
0.953605
-1.161888
1.645656
1.725793
-2.493261
-0.522403
-2.001489
-2.654693
1.906435
1.048393
2.972491
2.580429
2.147172
-2.736701
-2.166206
-0.263964
0.045423
-0.953605
3.104573
-0.976583
-1.475845
2.636731
-1.057190
2.690140
1.356736
2.428532
-2.819842
-0.903490
-2.402316
-1.046001
-2.601173
0.475011
-2.283857
-2.256526
-1.313473
-0.023252
2.910502
2.588298
-1.934775
-0.888480
3.117788
1.277207
2.299651
0.278300
2.010639
0.572966
-1.107149
-0.661043
0.238609
2.435394
0.975386
-0.904827
-0.404892
-2.655971
2.532903
-2.034444
-1.768192
3.010765
-0.654083
-1.701624
-2.022249
-0.375961
-2.990577
0.268366
-0.896055
2.275290
-0.532844
-2.902983
1.331565
1.858078
-1.543776
-2.502679
-1.319794
0.291457
-2.498092
0.080904
-1.241172
0.124355
2.324955
2.939271
-2.910502
-0.746956
-1.940130
-2.530867
-2.056418
0.661043
0.430693
2.173084
-2.317752
-0.044415
0.540420
-0.785398
0.251690
2.646041
-2.034444
-0.124355
-0.321751
-3.096169
-0.428778
-2.909036
0.027020
1.096945
-1.367751
1.746736
2.561590
0.595410
-0.785398
2.177784
2.980830
1.332960
-0.572966
2.896614
-2.089942
-1.742987
0.348771
-0.165149
2.337329
0.519146
-1.346085
2.811295
2.414950
3.060141
2.146221
0.321751
2.843094
1.633215
0.661043
-0.643501
1.505671
0.721655
-1.097440
-1.921524
0.188222
-2.063282
-0.369334
2.803714
0.304511
-2.516108
0.564569
-0.226799
-2.725528
1.612439
2.629203
-0.090660
0.736257
-2.297439
-1.076855
-1.069192
-0.343024
0.540420
-3.052937
1.901892
-1.383817
2.788602
-2.435394
-1.570796
1.829567
1.547545
0.665969
2.879473
1.364472
1.935998
0.488334
1.441094
-1.815775
-1.972667
1.661456
-0.206324
-1.332960
2.790865
-2.096863
0.024385
-1.308676
2.223643
1.194835
-2.567288
1.281821
0.604306
-2.430134
-2.740364
-1.980924
-1.547545
-1.436475
2.273053
-1.570796
-2.412738
-1.457645
-1.398606
-2.034444
0.691337
2.131960
2.084402
-0.257324
-0.588003
-0.380506
2.408778
-2.269456
-0.274167
-2.045807
1.768192
2.060754
2.222665
1.315614
2.181522
1.721168
-2.045196
2.177784
0.138006
-0.369334
-1.723446
3.091634
-2.295662
1.917335
-0.385883
0.982794
2.080389
-2.158799
0.439843
1.239700
-2.356194
1.719686
-2.436024
0.358771
0.389317
-0.975386
0.389317
-2.790865
-0.370891
-2.462930
2.856862
0.603749
1.480136
-1.637364
-2.021458
2.158799
-1.347320
1.981861
0.022723
0.643501
0.304511
-0.369334
0.888480
2.877629
-1.825979
-1.120135
-1.007480
-0.600050
3.056087
-2.279423
2.412738
-2.665125
-1.349482
1.745469
1.051650
-0.519146
-1.764008
2.613518
-1.542233
-3.025833
2.766322
-1.319794
-1.295886
-1.039072
2.677945
-2.063282
0.801270
1.995628
0.764993
-2.402316
-0.659310
1.006227
-0.314758
1.543776
1.912412
-1.289024
-0.298499
-2.473303
0.453844
1.570796
2.096863
-1.570796
-1.017502
-0.862170
1.849096
-2.699218
1.173717
2.021458
2.203545
-0.602287
0.718830
-2.601173
-0.529590
-0.390607
-0.485622
0.146012
-2.222665
0.493941
-0.189199
-2.231839
-1.768192
-1.679067
1.177738
-1.523213
-1.342300
0.355636
-2.930499
2.231839
-1.504228
-1.681454
-0.944053
2.044152
2.004750
-2.639989
2.782822
2.819842
-1.975688
-0.743756
-0.188222
1.420425
0.892677
0.380506
1.473543
-1.791625
-0.982794
-0.996491
-1.883698
-1.234122
-1.825979
0.535811
2.698144
-2.279423
2.995580
-1.487655
2.837082
1.215160
-1.597106
2.779863
-3.090355
2.311448
-2.276995
0.827041
-0.694738
2.245537
-1.441094
-2.268187
-1.955401
2.187988
-1.482140
1.967238
1.919567
2.115077
0.463648
1.446441
2.371119
1.249046
2.466852
2.687749
-1.727398
2.373142
-1.826948
-1.681454
0.361729
-1.140104
2.992703
-2.847358
-0.637549
3.070285
-2.011976
2.493261
-1.764008
-2.197539
-2.403778
0.643501
2.312744
-1.735945
-0.802346
1.548578
2.023575
1.270625
-0.785398
1.937970
-0.023805
1.900421
-2.714965
0.610726
-0.413689
0.623199
-2.311448
-0.572966
1.218752
-2.093200
-0.044415
-2.863293
2.231839
0.329624
1.849096
1.004067
-0.433953
2.158799
-2.541542
-1.937970
2.356194
-2.626044
-0.044415
1.066630
-1.991460
-1.852568
-2.139321
-0.272146
2.863293
3.117788
3.073516
0.432408
-0.237836
-2.938547
-1.130954
-2.568627
-0.818719
-2.622447
-2.653259
0.896055
1.627877
-0.711459
-0.968509
-2.813039
-2.766322
0.025635
3.117788
3.141593
1.083897
-2.568627
1.873681
1.923787
0.121352
-2.838708
2.627987
0.865228
-0.625485
-0.027771
-2.297439
-2.077895
-1.757776
-1.822486
-2.046492
-2.655971
1.668050
-2.446854
-2.439336
2.795054
-2.819842
-0.218669
-2.487510
-2.530867
0.558599
0.785398
-0.588003
-1.446441
-1.892547
1.927016
0.439843
-1.653938
2.636731
1.118642
2.896614
-0.046478
2.957649
2.690140
2.440738
-2.338652
1.224257
1.413028
0.000000
-2.959424
3.115283
-3.115283
-3.017238
2.375800
-1.257176
1.942864
-1.852029
-1.642104
-3.014083
-2.356194
-1.594048
-0.574305
-1.347320
-0.953605
2.518393
1.149377
2.453921
-2.460294
1.570796
0.982794
-0.687671
-0.066568
-1.026516
-2.529055
-0.865228
-1.446441
2.523837
2.810497
1.119343
2.591739
-1.716106
-0.463648
-2.877629
-0.531724
-0.278300
-0.141897
-2.916881
-1.762844
2.203545
1.979704
-3.030935
-2.646041
1.870967
-0.749699
0.785398
-3.048836
2.281706
-2.534605
-0.476467
1.096945
0.388319
-0.815692
2.980830
-2.045807
-1.744042
1.626295
-3.115957
-0.982794
