-0.927295
1.768192
-0.449760
0.394791
-1.118642
1.745469
0.071307
0.024385
-3.030935
-2.736701
-1.325818
3.033322
-2.145101
-2.333976
2.234842
-0.269167
0.896055
-2.689439
2.337329
1.822486
1.352127
-1.217806
-1.224257
2.622447
0.124355
-2.268699
0.714091
1.118018
0.726642
2.145101
2.677945
-2.301703
1.929567
-2.166206
-1.915444
-2.514850
-0.337878
1.735945
2.245537
1.570796
-1.069192
1.292497
1.030377
0.361729
2.776391
-2.457298
1.016489
-2.119346
1.306833
-0.337878
-2.150799
0.515549
-1.451367
-1.609239
-1.076855
1.373401
0.729900
-1.199905
1.716809
-2.332943
-2.102520
0.970746
-0.942000
-2.878598
-2.150799
-2.166206
0.499347
-0.239232
-0.909753
2.338015
-1.180189
-3.002953
-2.642246
1.673003
-1.410883
0.651077
-1.824470
2.178598
1.916352
-2.698144
3.141593
2.070143
-0.785398
-1.317122
0.430693
-1.661456
0.825377
-1.913820
-1.144169
-1.118642
0.962994
-0.278300
2.613518
2.224879
1.607816
-2.270689
1.701624
1.022247
0.558599
2.984991
-1.753907
1.352127
-2.158799
2.214297
-1.921524
-1.319794
-1.238737
1.446441
-1.357858
-0.358771
-0.380506
1.647568
-2.530867
-0.182168
-2.455863
-1.063698
-2.642246
0.341615
2.493261
0.047583
1.144169
-2.667193
-0.600050
-1.934775
0.805803
2.197539
0.819867
1.094329
-1.380808
3.004526
-1.917335
-1.854590
-0.278300
-1.034985
-0.132552
-2.631104
1.886011
-2.770701
-0.785398
-0.052583
1.226149
2.667741
-2.201876
-1.951303
1.325818
1.313473
1.735945
-2.631104
-2.165010
-1.941688
-2.886410
0.083141
1.684588
3.141593
1.212026
1.446441
2.961739
-0.463648
-1.849096
-0.891383
0.000000
1.394087
-2.774419
-2.746802
-0.674741
-2.800614
-2.117585
3.070285
1.487655
0.728855
-2.723368
-1.205595
0.439843
-1.789465
-2.330559
-2.574863
-1.356736
0.844154
2.070143
-1.843805
0.652847
1.237552
-2.221873
2.178598
-0.421419
2.934096
-0.580003
-2.961739
-0.463648
-0.352990
-0.197396
-2.774419
-2.601173
3.070285
0.785398
-2.473303
0.588003
-2.093200
0.761013
3.041924
-2.863293
1.941688
1.907471
-1.937970
1.383817
-2.589938
1.545161
0.982794
-0.950547
1.428899
2.414950
-1.786154
1.804540
0.674741
-2.886410
2.664247
1.858078
2.432966
0.610726
1.441094
-2.391894
-1.190290
1.690225
-1.545802
-1.892547
2.388441
0.375961
-2.830594
-0.083141
-1.176005
-0.385883
0.073939
2.455863
0.045423
-1.144169
0.691337
-2.024135
1.160669
-0.262995
-2.526930
-0.708626
2.553590
1.093451
-2.524401
2.089942
1.919567
-0.090660
-1.985303
1.919567
0.000000
2.847358
-2.375060
1.433730
-2.711830
-0.718830
0.257324
1.086318
-0.355636
0.704494
1.051650
2.984991
2.219792
-2.466852
0.545655
2.219792
2.961739
0.421419
2.375800
2.394637
-2.093200
1.499489
1.923787
-2.880990
-2.196281
-1.543026
-0.076772
-1.119343
-0.654083
-1.319794
-1.902856
2.070143
-2.134113
2.651635
-1.756144
0.147078
-0.885067
1.957672
-0.238609
-3.044339
-0.802940
2.589938
-2.884269
2.697173
2.331809
-0.165149
-0.669639
-0.972377
-0.032247
2.219792
-0.938047
-2.711830
1.313473
2.790865
2.525296
-0.658806
0.282555
2.690931
-3.075024
-2.662073
2.181522
1.665748
-1.832916
2.796945
-0.027771
1.341564
0.000000
-2.045807
0.840897
0.519146
-1.639653
1.570796
1.815775
-2.690140
0.080904
3.117207
2.231839
-2.178598
-0.531724
3.048836
-2.909036
2.819842
-0.266252
0.226799
-1.875307
-1.695151
0.865228
1.284745
-2.613518
2.912361
-3.041924
1.276562
-1.723446
2.199593
-1.873681
2.741352
-1.609239
0.732815
-0.648332
1.815775
1.900421
-1.975688
0.048742
0.942000
-1.570796
-2.506566
0.544864
-2.356194
1.071450
-0.847817
1.619538
0.274910
-1.012197
-2.173084
1.048393
2.545394
-0.291457
-2.022950
2.914794
0.938047
-1.325818
0.429762
-0.648996
2.723368
-1.438245
2.492597
-2.191046
-1.570796
-2.988943
-0.610726
3.091634
-1.161888
0.939717
0.915101
0.295441
-1.318242
1.933341
-2.654693
-2.622447
-2.442933
2.022249
-1.870967
-0.528074
2.137526
2.081285
2.034444
0.554307
1.199905
2.884269
-1.484058
-1.181480
-1.823351
-1.058407
-1.735945
-0.367174
-0.414507
2.053310
-2.462179
0.231091
-0.102207
1.943784
-2.158799
3.141593
-0.802940
0.152649
0.579074
-0.752077
3.064821
-2.173084
2.490516
1.390943
2.181522
-3.039386
0.334737
-1.485291
2.845047
-2.663240
3.070285
2.482787
0.967047
-2.286540
-0.239232
2.034444
3.060689
2.654693
2.660705
0.043451
-2.727086
0.103082
0.348771
-2.422763
-0.117109
-1.428899
1.165905
2.508844
-2.151553
0.129703
1.969319
-0.685730
-2.256526
-2.396173
2.483704
-1.220068
2.914794
1.380808
-1.642104
1.828120
0.344647
-1.703348
-1.768192
-1.957672
-0.463648
2.619189
-2.726101
3.052937
-2.171870
-2.707639
0.025635
2.131960
-2.761086
-0.302885
0.410127
-1.969319
-0.330297
-0.817645
1.490966
-0.549853
-1.647568
-0.858439
-2.291768
1.809406
0.851966
-2.526930
1.907471
2.729182
-2.964884
-1.647568
0.957589
0.083141
0.083141
-1.983207
-2.601173
-2.666582
1.241172
1.225241
2.615526
-1.929567
3.077166
2.896614
0.000000
0.348771
0.785398
0.283794
-1.405648
0.281772
0.463648
-2.325901
2.487510
-0.879459
1.048393
2.059130
-2.129396
-0.544864
-3.105894
2.553590
0.643501
0.540420
-2.256526
3.064821
-0.876058
-1.089909
-1.107149
1.533776
0.909753
1.083897
-2.259721
1.999574
-2.221873
-2.800614
-0.348771
2.574863
0.124355
-2.106608
0.073041
0.825377
-2.512796
-2.767259
1.797595
-0.090660
-1.875307
0.854255
1.319794
1.468590
1.661456
-0.372988
-2.642246
-2.803714
2.835714
2.480549
0.489957
-0.202322
1.598567
1.487655
1.361773
-0.300920
1.695151
2.753274
-2.491722
-1.768192
2.410686
2.695487
0.729900
-0.308053
-1.443287
-2.284887
1.107149
0.759763
-0.867183
-0.266252
1.232918
-0.729900
-1.822486
-0.665969
-3.061763
2.695487
0.992894
-1.849096
0.813962
0.975386
0.188222
2.256526
1.158386
-2.677945
-0.694738
1.249046
1.876675
-0.837981
-2.939271
-1.433730
0.394791
2.498092
1.398606
1.249046
-2.131960
-1.839964
2.462930
2.695487
-2.914794
0.649870
3.075024
-2.609869
2.045807
-1.670465
2.075658
1.742987
-2.591739
2.587285
-2.850136
-2.653259
-2.723368
2.176341
0.896055
-0.906750
2.677945
2.283154
2.594804
-0.856706
0.165149
-0.919720
2.221873
1.504228
-0.197396
1.123276
-0.291457
-0.888480
-0.071307
1.061204
-2.332943
-3.041924
-2.896614
-1.443287
-0.634023
2.203545
1.570796
-1.225241
3.109346
-0.273009
-0.594214
-1.390943
2.271651
-0.708626
0.880350
-0.493941
0.938047
1.822486
-2.525296
-2.095592
-2.622447
-0.667306
0.000000
2.081285
0.758378
2.830594
0.837981
0.202322
-0.448723
0.876058
-1.249046
1.487655
-1.984486
-0.674741
3.141593
-1.926432
1.194835
-1.712693
1.015303
2.918116
1.337053
-2.709185
-0.535811
-2.209710
-1.412141
-2.886410
2.859821
-1.869295
2.262133
1.594601
-0.485622
2.034444
1.723446
2.699218
-2.064738
2.752276
0.363979
0.080904
-2.646041
-0.118490
2.885441
-1.854590
2.727086
2.498092
