2.723368
-1.099630
1.307802
0.249587
0.471778
0.610726
-2.318238
2.572279
-0.613770
0.092329
0.278300
-1.139658
-0.260602
1.605265
2.147172
-0.837981
-1.535097
1.590025
-0.333244
0.478914
1.333948
-1.255582
-2.034444
2.034444
-0.694738
-1.304544
-1.858852
2.706922
1.317122
-1.074374
3.141593
0.736656
-2.122451
-0.908067
0.000000
-1.362331
2.065930
-1.913820
3.103150
-1.504228
-3.047531
-0.785398
-2.533791
2.343849
-0.558599
-1.024630
2.051684
1.107149
-0.236849
1.510868
1.807645
-0.298499
-2.592218
-2.477546
-2.647651
2.508844
-0.321751
-0.982794
1.704607
-1.193266
-2.991780
1.136126
2.736701
-0.141897
-2.449258
1.358364
0.692334
0.108661
-1.913820
2.919511
0.033321
-2.848406
-2.749253
-1.772113
1.687905
-0.147078
-1.975688
0.912908
-1.373401
2.129396
2.453448
0.844154
-2.586597
-0.519146
0.407256
-2.331809
0.455101
-2.767259
-2.713644
-1.312544
-0.906750
2.863293
0.141897
2.240435
2.669815
1.971037
0.374334
2.976444
-1.892547
1.781890
-0.773351
1.588652
-2.072887
1.637364
2.819842
2.331809
-2.819842
-3.070285
-0.178093
2.653756
0.560687
0.556902
0.117109
-2.728262
-0.588003
-2.970214
0.132552
1.533078
2.193099
1.590794
1.325818
2.173084
2.076087
-0.579074
-1.992801
-1.604117
0.689800
-1.789465
-2.685819
0.090660
2.544416
3.045119
-2.214297
-1.051650
1.677532
2.267818
-1.115696
-1.249046
-2.764344
-2.256526
-1.536327
2.214297
-1.536327
-0.550386
-1.033210
1.325818
1.330625
-3.045119
-3.107124
2.454468
1.815775
-0.991722
0.747442
2.395136
2.840672
-0.825377
-3.047531
-2.609869
-1.735945
1.410883
2.026247
-0.197396
-0.632749
-0.068856
-1.741532
1.455920
0.204018
2.195432
-1.990993
-2.582993
-0.772741
-2.637966
1.532354
0.393451
1.352127
-1.055724
-1.020410
-1.373401
1.552617
-1.677532
1.307802
2.394151
-1.402590
-1.438245
2.880990
-2.316216
-2.904744
2.652740
0.147078
-2.188941
0.218669
2.272056
-0.273009
0.034469
-2.220667
-0.757628
0.037020
1.999060
-2.145101
-0.106736
1.843805
-0.840897
0.412410
0.992272
2.798569
0.253674
-2.709185
-0.972377
-2.883340
-0.862170
-0.068856
-2.332389
2.199593
0.471778
-2.620158
-2.163494
0.743170
-2.475623
-1.137215
-1.261093
-0.878462
-1.504228
2.880990
2.863293
-0.373727
-3.013269
-0.551655
-2.567288
-2.889038
-2.640925
0.218669
1.639653
-1.879727
-1.772113
2.272056
0.165149
3.035608
-2.791278
-0.278300
-0.528074
0.503626
2.670426
-2.534988
0.908067
0.103082
1.107149
2.685521
2.410196
2.329885
-0.987720
2.936951
-3.012682
2.406153
-2.449258
-2.427502
2.473303
-0.147078
-2.741352
-0.354706
-2.125792
-1.123276
-0.288055
0.244979
-0.037020
2.188941
0.298499
2.237705
2.970857
2.067219
1.047518
2.182949
-2.652740
1.849096
-2.627141
-0.626261
-0.831876
1.496857
3.009041
3.123413
-2.964884
-1.172274
1.677532
0.581905
3.141593
-2.508844
2.182949
-0.546789
-0.244979
0.909753
-2.706922
2.163799
-2.221218
-0.684617
1.433730
1.644735
-1.214176
-0.455451
-2.548243
-0.455451
-2.642246
-2.710454
-2.819842
-2.904744
-0.298499
1.343997
1.551931
1.996001
0.370891
2.404936
1.815775
-3.104573
0.200954
0.463648
1.325818
-1.504228
-1.971037
-2.878598
-0.068856
-0.332059
-1.922241
0.647047
-2.123638
-0.920926
2.050316
-2.614649
-1.881795
-2.553590
0.362544
-1.428899
2.741352
1.787347
0.718830
0.797446
-1.707863
-2.444850
0.183111
-1.858852
2.994514
0.630034
-0.796892
0.657889
-0.612152
-1.499489
0.364735
-1.535097
2.446854
1.838707
2.767259
1.537475
-2.930499
-0.706614
-1.292497
0.000000
-2.203545
-0.583373
-0.380506
0.973620
2.333976
0.126592
-1.637364
-0.176709
-2.444202
-0.386876
-1.321544
-1.764418
-1.030377
3.041924
2.808348
-3.103150
0.455774
2.652740
0.280838
0.000000
1.030377
-1.742175
-0.613770
-2.835714
2.281335
2.217844
2.050316
-2.904744
1.858852
2.904744
0.197396
1.008298
-1.348714
-0.197396
1.019141
-0.275806
-1.886011
2.472550
1.646125
-2.592218
1.460139
1.703348
0.785398
1.080839
-0.064427
-2.819842
-1.333948
2.591207
2.131156
2.647651
2.512796
-2.577509
-0.383818
3.141593
-1.779262
-1.040023
3.109346
-1.400061
2.786887
-0.946161
-0.858439
0.386876
2.786887
-0.639386
2.181522
2.620158
0.000000
1.325818
-1.815775
-3.019750
-0.463648
-2.589938
-0.463648
-0.842806
1.460139
2.944197
-1.243396
0.505290
-1.635223
-0.882651
2.649783
-2.483704
-1.301629
-2.819842
1.776192
0.275806
-2.999696
-0.171379
-1.008298
0.337456
-1.741532
-0.253674
2.274027
2.792822
-1.317122
1.499489
-0.836635
-1.673878
2.231839
-0.416439
2.711830
-1.839964
2.649783
0.400241
-0.386876
-1.060308
0.258252
0.365747
-1.362331
-1.152572
0.624635
-2.548590
-1.390943
-2.901058
-1.394087
0.212432
-1.467715
2.062606
1.870572
-1.201463
2.281335
-1.994465
-0.734161
-2.400941
3.141593
-0.110657
2.081285
2.011547
1.810967
2.294544
1.954966
-0.373727
-0.073939
-2.970857
2.981680
-0.386876
0.488852
2.970857
-1.735945
1.550799
-1.115345
-0.679909
2.887919
2.784973
2.356194
1.156289
-0.774163
-0.253674
1.653938
-2.487022
-1.552280
-2.330559
3.026716
1.824470
1.089909
1.681454
-3.021484
1.460139
-2.129396
3.004526
-0.772412
0.310998
-2.408778
-1.685673
-2.677945
-0.930708
-1.082960
-2.825622
-1.839964
-0.666908
-0.997356
2.472550
0.176709
1.310194
1.570796
-2.016902
2.634494
-0.887605
1.536327
0.000000
2.204429
1.517276
2.089942
-2.997151
1.190290
1.779262
-2.221218
1.815775
2.018941
-0.606605
-2.750986
1.807645
-1.609239
2.534988
-1.807645
1.898535
2.042918
1.937970
2.042256
2.034444
-0.496423
-3.007782
-2.706922
1.957672
2.248505
-3.041924
0.624635
0.141897
-1.533078
-0.798056
-1.831399
2.819842
1.092444
-2.444571
0.068856
1.261093
-0.103792
-0.665969
-2.716388
1.990993
1.047518
-1.002692
2.896614
-1.366778
1.605265
-2.616009
-1.501940
1.200890
-1.649067
1.236059
-2.017639
0.176709
-1.570796
-2.595426
-1.639653
-0.924038
-0.798056
-2.107707
1.335251
-2.461684
1.570796
2.049710
0.273009
0.558599
1.227772
-0.262995
1.307802
2.098871
-0.598419
-3.122727
-0.937163
-0.033321
-2.736701
-0.930708
0.418224
0.856706
3.045119
-2.404936
-1.815775
-0.448723
-0.785398
0.352044
-0.144812
-2.261243
-2.809533
1.735945
1.570796
-1.464061
-2.620158
-2.677945
-1.867342
-1.292497
-0.528074
-2.878598
-1.067170
-2.476490
-0.429762
-2.398423
-2.677945
-2.132718
0.068856
-2.026247
2.558516
3.075024
0.616297
-0.679909
2.401618
-0.189988
-1.549061
-1.552280
2.779048
-0.896055
-3.105894
1.892547
-2.922924
0.993604
1.536327
2.819842
1.712693
-1.373401
-2.912361
2.880990
0.823355
-0.560360
1.369479
-2.125104
-1.399417
-2.601173
0.286051
-1.824470
2.922924
1.225241
1.080839
2.892006
-0.654571
1.460139
2.853537
-0.703231
0.035699
2.332943
-2.494545
-3.038511
-0.732815
-1.570796
0.992272
2.380000
-0.034469
1.843805
1.042722
-1.933341
-0.463648
1.321209
-0.414507
-1.168142
0.797162
2.582993
1.134169
