-1.676781
3.030935
2.546833
1.487655
0.588003
-1.781890
-3.094010
-2.265535
0.717012
1.212026
-2.262133
2.839974
-2.209116
-1.217806
0.250443
2.910502
0.118490
3.122727
0.950547
-2.813854
-0.867183
-1.284745
1.048962
0.439843
-2.342497
0.657075
-1.597106
-2.999696
-2.939271
-2.077895
-2.961739
-1.229817
1.363300
1.373401
-1.176005
2.457883
0.273659
1.735945
-0.501013
0.957589
-2.146221
-0.768451
-0.244979
2.262133
-1.455037
2.253113
-2.177784
2.106608
-2.173084
1.263751
-2.295662
0.726642
-0.174672
-2.253113
-2.219128
-0.420197
0.563316
-1.852029
-1.446441
-3.028442
-2.489724
2.837082
1.756144
-0.740652
1.689286
-2.001489
-2.219792
-2.654693
2.553590
-1.570796
0.218669
3.086094
2.756988
-1.929567
1.264917
-2.567288
-2.223643
0.856706
-2.334921
-1.841743
0.674741
-1.753907
2.948892
0.251003
0.671144
-1.675673
-0.388319
0.141897
-2.761086
-1.653938
1.821239
0.750929
-1.203622
-2.579671
-2.263131
-1.778293
1.961403
-2.896614
-2.439336
-2.203545
-0.439843
2.145101
-1.505316
-2.299651
1.319794
-1.256039
-0.074860
0.888480
1.841743
1.172274
2.860360
1.727398
-1.829567
-1.633215
-1.615212
2.198105
-0.221314
-1.468590
2.690931
2.075658
1.721812
3.091634
-2.654693
0.973620
-0.976037
-2.422763
-0.945311
0.049958
-0.358771
2.788602
-1.727398
-0.841942
-1.643837
1.796073
-1.258754
2.338015
2.012389
-2.024640
1.482140
-0.545655
3.111299
0.554307
-0.513606
-2.966920
-2.340323
-2.374374
-0.027020
-2.882822
-0.663203
-2.001489
-2.105751
-0.179853
0.864597
0.566729
-0.663203
-0.491164
0.976037
0.575425
-2.265535
0.287281
1.071450
-2.092631
0.536435
2.323948
-2.320495
0.233743
2.046492
2.402316
-2.736701
-2.034444
-1.740575
1.995628
-1.030377
2.301703
2.850136
-1.090621
1.623379
-2.882822
-2.449671
-0.321751
0.251690
1.180189
1.789465
-1.030377
2.034444
1.536327
2.096863
0.602287
-1.748392
-0.643501
2.382504
-0.768451
2.848004
-1.055247
2.122451
0.643501
0.145310
0.415492
-2.521343
0.678119
-0.171379
-1.909120
-0.287281
-3.058451
2.545394
-2.803714
-0.700854
-1.055247
-1.190290
1.750650
-2.214297
-1.130954
2.597312
-0.785398
2.627987
0.090660
1.364472
-1.482140
-0.670522
2.546183
-0.404892
2.226492
2.432966
-2.293776
1.698306
-0.302885
2.619189
2.902983
2.131960
2.070143
1.030377
0.177596
1.981861
0.708626
-0.270947
2.299114
3.110353
1.515298
-2.925508
2.587285
1.042722
0.343024
-0.169778
-1.140104
-0.825377
-0.463648
1.348714
2.511191
-0.938047
-0.720554
2.698144
2.126290
0.105984
-1.065935
-0.058756
1.885554
1.841743
-2.949545
-2.655971
0.412410
-0.102207
1.972667
0.846546
0.827041
0.286051
1.910089
3.117207
1.397551
0.376490
-2.066348
-0.745419
-2.629203
0.749699
-0.308931
-0.226799
-1.700499
-0.830821
0.161837
2.374374
0.000000
-3.009041
0.763180
-1.883698
-1.073454
1.061204
1.644735
2.056418
2.971814
2.588298
-2.414950
-1.128422
0.785398
2.701750
2.391894
-0.128323
2.498092
2.882822
-0.136403
0.736257
2.739722
2.558516
-0.121352
-1.249046
-2.547843
-2.317752
2.282255
2.093200
-2.375800
1.096945
-1.274251
-1.843805
0.901157
2.165010
-0.817645
-2.444202
-1.663553
2.289626
-2.498092
-3.017238
0.076772
1.198729
-1.681454
1.597106
-2.508844
-2.980218
-0.708626
0.121842
0.670522
2.158799
2.922924
1.497756
-1.107149
2.449671
-1.471128
2.158799
-2.699218
-2.047264
-3.119374
1.629552
1.130954
-0.170735
-2.398423
-1.299849
-1.471128
-2.667193
0.104877
2.940276
0.478352
-1.457645
-2.449671
-0.488334
1.142532
2.463473
0.000000
2.003204
1.357858
2.391894
-2.936197
-1.475845
-2.732685
0.090660
1.929567
3.086094
-1.471128
3.048116
2.262133
3.141593
2.405335
0.027771
-2.406998
-0.762147
-1.022247
-1.073454
1.678486
1.095786
0.339293
-1.140104
-2.688254
2.111216
2.376600
3.079174
3.020241
0.561922
2.389515
0.785398
2.485897
-1.281821
-0.328553
2.446854
0.749699
0.394791
-1.482789
0.076772
-0.865228
0.638320
0.706199
-1.301629
-2.939271
1.181480
-2.391894
-2.094716
0.572966
-0.404892
-2.976444
1.281821
1.824470
-0.868539
0.507099
1.837048
2.529055
1.227772
-2.414950
1.267911
-2.834547
-1.272297
1.801887
-2.961739
2.379446
-2.792822
2.165556
-2.100386
-2.736701
1.107149
-0.816638
-1.570796
2.668237
-2.605157
1.394857
-0.361729
0.336675
0.418224
-1.499489
1.841743
0.661043
-1.385448
0.071307
0.367174
0.201317
1.822486
2.994514
2.507570
-2.057696
0.933248
-0.204018
-1.482789
-1.354711
2.372586
-1.951303
-2.235571
2.631104
-3.060141
-0.628796
2.412738
-2.299114
2.390664
-1.428899
0.117109
-1.234122
-2.001489
2.746802
-1.932000
-1.277207
-0.055499
-1.955401
-0.361204
1.264917
-1.919567
-3.119374
-0.252554
-2.788602
2.961739
1.319106
-0.996491
-1.526381
-3.087591
1.255181
3.049263
-0.785398
1.995628
2.925508
-1.235158
-2.605781
1.929567
2.052460
-0.136403
2.185459
0.830821
2.170847
2.375800
-1.217806
1.363300
0.661043
-1.529154
0.165149
-1.469107
-0.401871
0.380506
1.570796
2.944197
1.203622
-2.488746
-2.926235
2.511191
2.582993
-2.261243
-1.075245
2.005467
2.254506
-1.063698
-1.255582
1.626295
2.841421
0.463648
2.274410
2.193996
2.191046
1.719686
1.421906
1.764008
0.141897
-2.677945
-0.977047
-1.058407
0.942000
2.176341
-2.437099
-2.258468
-0.509592
-0.124355
3.141593
-1.935998
2.356194
-2.828691
-2.176341
-0.524796
-0.969723
-1.343997
0.927295
2.922924
-1.540503
-2.473303
-1.222025
-0.944053
1.804540
1.096945
-1.234122
-1.882838
-1.357858
1.794273
2.321725
3.141593
-0.203045
1.180189
2.001935
-1.083897
-0.927295
-0.233743
0.505290
2.720929
-0.883672
3.095115
-2.254506
2.662073
0.160763
-1.999060
0.544280
-1.451367
-2.938547
1.735945
0.752077
1.626295
-1.180189
-3.096169
1.961403
-1.880499
-2.338652
1.460139
1.431356
1.015303
2.716760
2.026570
-0.128323
-3.091634
-2.370278
3.052937
2.546833
-2.733961
2.457883
2.281706
1.063698
1.272297
-2.896614
2.022249
-1.069783
-1.076855
-1.570796
-1.750650
-2.414950
0.404892
-2.009133
-2.559688
2.010639
0.000000
-2.177784
2.201876
-2.860755
-0.113151
-2.636731
-1.314645
1.460139
2.396173
0.528074
-1.549966
1.515298
1.804540
-3.086094
3.041924
-0.743756
-0.927295
-2.766322
-3.063322
0.990794
0.635027
1.933341
2.889903
-2.388441
0.620249
-1.523213
-2.739722
0.104877
2.969402
1.908675
0.174672
2.171870
-0.638914
-1.991460
0.283096
-2.677945
-3.053585
0.463648
-1.906435
-0.052583
-0.901753
1.667270
-0.065125
-0.715744
-2.854311
-0.536435
1.044730
0.274167
-0.753151
2.488746
0.025635
0.614663
2.634494
0.888480
0.708626
1.473543
1.467715
2.137526
-1.695151
0.802346
2.605157
-0.023252
2.356194
-2.340811
-3.087101
2.394637
1.284745
-2.173084
1.716106
0.638320
-0.463648
0.000000
-0.540420
-2.210182
0.846546
2.111216
0.988891
-1.413028
-1.983207
-0.411065
-1.080839
-0.827041
2.806856
-2.184004
-2.398423
-1.892547
2.547379
2.949545
