2.276995
2.518922
1.457004
-2.075658
-0.231091
-1.073454
-2.302193
-2.430683
1.570796
2.158799
0.818719
2.114629
-2.896614
2.104505
2.653756
-2.449671
-2.100386
1.297788
0.785398
-3.017238
1.325818
-0.433953
-1.023234
-1.333948
2.914794
1.530003
-1.505671
0.301619
2.601173
1.255181
-0.344219
1.030377
0.867183
-0.493941
-2.111216
0.047583
0.189988
3.109346
2.992703
2.175102
3.122364
-0.568105
1.432790
-1.776192
-2.472550
3.024484
-0.443448
-1.183273
0.752077
2.079867
-2.323948
0.581380
-2.187093
-1.633215
1.243698
-0.380506
-1.882838
1.140104
0.667306
-0.978369
2.338652
0.612538
0.305879
-1.698306
-1.670465
-3.089010
1.048962
-1.614247
0.066568
0.785398
-0.556166
-2.922924
-1.279340
2.956245
-2.281335
-0.132552
0.093477
2.918116
-1.532354
3.040246
-0.090660
-2.768605
1.726391
3.080444
0.463648
1.852029
-2.316216
-2.135946
1.287701
1.030377
0.757628
2.488746
-0.624023
-3.120762
-2.869447
-2.604682
2.887919
1.135113
0.819093
0.977047
0.244979
-0.551655
2.920278
-3.083964
1.177738
-0.755995
-1.703348
-1.735945
0.785398
1.904741
2.403778
1.881795
-2.034444
2.470449
-2.085248
-0.059928
0.061148
-1.000756
0.093477
-0.244979
-0.760403
0.483447
-0.623199
2.542417
2.084402
2.009656
-2.025897
-2.770701
-2.616797
2.276995
1.034985
3.004526
2.669471
-2.733961
-1.720609
1.644735
-2.449258
0.384605
1.059566
1.041207
1.107149
-2.111216
-1.088283
2.070143
2.627987
1.698306
1.886011
2.925042
-0.358771
-0.886502
-1.275355
-0.957589
-0.504861
3.098142
-2.493261
0.173671
0.639770
0.141897
2.999696
-2.947634
2.929161
1.331053
0.411065
0.885067
-2.665897
-1.570796
-0.592427
1.339706
-0.785398
-2.538363
-0.385158
-2.720929
2.854311
-0.472907
-0.651869
0.899190
-0.558599
2.850136
0.668289
2.340811
0.424832
-1.197809
-1.679067
-1.940702
1.533078
0.432408
2.024640
-0.264488
0.121352
0.273009
1.927416
-0.314758
0.800782
-2.410686
-1.683524
-0.890275
-1.831399
-0.958259
0.000000
-1.243970
0.148890
2.310073
0.549374
-2.199593
-1.019141
-1.674589
1.420425
1.649067
-0.144812
0.134321
-1.723446
-1.182478
-0.540420
-2.317752
-1.725115
-0.253674
-1.631328
-0.209640
-2.956245
-2.044152
-1.240499
-2.466852
2.484891
2.262718
-2.034444
1.907471
-2.909036
2.126290
2.782822
0.982794
2.813039
-3.007782
0.328120
0.358771
2.034444
-2.573068
-2.650429
-2.980218
-0.269167
-2.926777
-2.077895
0.110657
-0.402321
2.742077
-1.677532
1.725115
2.268699
2.313966
2.034444
1.570796
1.570796
0.604306
-2.867425
2.044152
1.478467
2.756988
2.610819
0.085505
2.714965
-1.203622
0.519146
-1.350303
0.572966
-2.782822
1.365401
1.499489
-1.023234
-0.364735
2.944197
-2.010639
-2.983824
0.321751
-0.553294
2.999696
-2.601173
1.034361
-1.858078
-0.811708
0.752077
1.267911
3.083964
-0.021736
-0.496423
2.850136
2.480549
1.185639
-1.551568
-0.232104
0.972377
-0.102207
-0.493941
1.588976
2.087491
-1.809406
2.767866
2.976444
0.099669
-2.024135
-2.593043
-1.970312
-1.116494
-0.501013
0.404892
-0.661043
0.740652
-2.233526
0.220829
1.212026
1.764008
-2.122451
0.340979
1.119343
-1.337053
-0.222661
1.147942
2.951604
-1.752965
3.092851
-3.102397
0.872894
-2.279423
2.637966
-1.947706
-1.728565
1.176005
0.749699
0.124355
3.006065
2.142134
-2.625362
-2.329174
-0.367174
2.399645
-1.484058
-2.571552
-2.986596
2.841421
2.383215
-3.121595
1.279340
1.097890
-1.746736
-1.990676
2.585426
-0.880996
-1.241747
0.643501
0.913721
2.207305
1.071450
-1.428899
0.502843
-1.628425
-2.896614
-1.870967
-0.423669
0.860258
-2.887919
-1.422947
-2.475623
2.089942
0.785398
-1.851634
-1.046877
0.770015
1.174355
1.624798
-1.635223
-1.801887
2.412738
-2.546833
0.785398
0.127510
2.186416
-0.138640
-1.508378
-0.670522
-0.825377
1.163540
1.146602
-0.806672
0.058756
1.922841
-0.896055
-0.073939
-1.570796
1.593520
0.548549
-2.720929
0.099669
-1.325818
-0.039979
0.871604
2.608749
-2.397837
1.194835
0.602287
-2.082027
-0.564084
-0.532844
-1.176005
2.588298
-1.428899
1.530003
-2.614965
2.566520
-0.204642
-1.570796
-1.460139
-2.976444
1.781890
0.221314
2.052460
1.537475
2.547843
0.785398
2.279423
-0.177596
-2.748142
1.256039
0.079830
2.089942
-0.066568
1.712693
-1.792878
-1.480136
0.384605
0.982794
-3.057049
1.658804
2.441700
-2.896614
0.785398
2.649107
0.131315
0.423669
0.836635
-0.244979
2.944197
0.289504
-1.051650
-2.498092
-2.706922
-2.579671
-2.063282
-0.235545
1.959115
2.559240
0.206324
0.886502
0.785398
-1.107149
-0.502843
2.689439
-1.289564
-1.613324
-2.489724
1.354711
-1.484802
1.707863
0.354706
0.076772
-1.520838
-3.108272
-0.328553
-0.967047
-0.139096
1.390943
-1.927016
-3.017238
-1.190290
-1.415201
-1.297788
2.230106
-2.976444
-1.679067
0.996491
-2.961739
2.435394
-0.597177
-0.463648
-0.531724
-2.153873
0.083141
1.178456
-2.235899
3.045734
0.600050
0.842479
1.165905
1.292497
-0.411065
-0.885067
-0.638914
2.686142
1.794273
-1.910089
-2.455863
-2.055274
0.346539
-0.654571
-2.659929
0.472497
2.990577
0.529590
0.463648
0.970746
1.152572
-1.343997
0.189199
2.307054
0.555494
-0.708626
-1.438245
-0.500668
1.335251
-1.289024
0.094061
-0.971621
0.674741
-2.632000
-0.046478
-2.457298
1.359703
1.846222
2.059130
2.320066
-0.225277
-1.951303
2.686873
-1.735945
0.341615
0.328553
0.321751
1.394857
2.462179
1.638873
1.843805
1.082960
2.167457
1.507053
-0.507099
0.042528
2.138901
-3.060689
2.996283
1.436475
-0.063743
3.073516
0.258252
2.419938
1.825979
2.686873
0.691921
-2.848004
-2.512796
1.800028
-1.656302
-0.260602
3.075024
-0.977794
-1.700499
-1.190290
-2.514284
3.023103
1.107149
0.560687
-0.340382
-1.026516
3.141593
1.226149
-1.912412
-2.177784
1.190290
2.661418
0.000000
-2.721396
-1.886412
0.453844
0.691921
3.009041
-1.236059
-1.866237
1.150600
-1.076855
0.999459
1.830128
-2.547843
-3.068552
0.916714
0.344219
0.179853
0.745419
-0.704494
0.492486
-0.300171
-2.339247
-2.249459
-2.119346
0.384605
1.973451
-0.384169
-2.695487
0.283794
-1.482789
-1.272297
1.349482
2.135946
-3.080444
0.614663
1.096945
-1.873681
-0.192701
0.022723
-0.617191
0.988443
-2.279423
1.781890
-1.186192
0.503626
2.279423
0.090660
-2.661418
-1.647568
-2.538363
1.892547
-0.935770
2.273053
-2.811968
1.295370
-1.089133
-1.588652
-0.218669
-1.886011
1.420984
-1.305979
2.922924
-0.488852
1.653938
0.729900
1.515298
1.116077
-2.289626
1.969319
-1.183273
1.615212
0.000000
-2.043293
1.446441
2.024135
-0.083141
-3.033322
2.233526
-0.896055
-2.571552
2.158799
-1.086318
2.311448
2.472550
-2.677945
-0.488852
-2.307054
0.867183
0.849825
-3.007271
-2.287808
0.825377
-1.768192
-0.185348
1.073454
-1.288241
-3.118341
0.000000
-0.632749
-1.899349
2.772259
1.849096
-0.463648
-2.369527
0.965252
0.069655
1.388628
1.915444
-0.588003
2.576443
2.289626
-2.814766
2.219128
-1.123954
1.304544
