-0.904827
1.955401
1.008875
1.590402
2.241940
-0.021736
2.231839
0.414507
-2.519290
-2.632522
0.315215
1.311465
-2.566168
0.906022
-2.222665
3.107124
-0.137066
0.179853
2.451146
2.201198
-0.609459
2.790865
-1.961403
-0.229232
3.077849
2.259721
-1.037952
0.129703
0.328553
1.202100
-1.107149
-1.824470
-1.186979
-0.898833
2.153873
-2.092631
1.159340
1.655340
1.325818
2.010639
-1.635223
-1.030377
0.376490
-2.187093
-2.056828
0.674741
3.071532
-1.780436
-1.014197
0.113151
-0.634023
2.582993
0.856706
1.975688
2.372066
-0.185348
2.066348
1.679067
-3.035608
2.073640
0.358771
2.825622
2.632522
-2.840672
1.570796
-1.785612
2.297439
-0.739277
-3.061763
0.732815
2.677945
-2.527823
0.132552
-2.768605
-0.201762
-0.147849
-0.573441
0.848605
-1.681454
1.460139
-1.152572
1.549061
1.663553
1.149377
0.249252
1.862253
1.886767
-0.727990
0.222082
-0.097727
1.570796
2.255091
-0.832981
0.308053
-1.820048
-2.200830
-1.703348
-0.750929
1.683947
0.718830
-1.389147
-3.063322
1.475845
2.917358
2.698144
-1.078311
1.227772
-0.363979
-1.825979
1.019141
1.093451
2.677945
2.498092
0.000000
2.657115
2.932570
1.839964
1.639653
-2.392323
-1.503103
-0.588003
-1.045213
-3.015001
2.798569
-1.829049
0.304001
-2.172251
-2.850136
2.937575
-1.099019
-0.281232
1.689286
2.566168
-0.684295
2.158799
-1.528269
2.647651
-1.944523
0.132552
-1.534449
2.912361
3.077166
0.216550
0.321751
2.854311
-0.855053
2.716760
-1.709436
2.085248
0.244979
-0.321751
-0.389317
1.509648
2.532134
2.115077
-0.558599
2.056828
0.062419
2.479166
-2.478863
2.630362
-2.027145
-0.411065
1.981861
0.356220
-1.299849
2.704965
2.174026
0.554996
-0.044415
-1.446441
0.835357
0.808122
2.432966
-1.986861
0.809203
-1.125495
-0.940395
-1.994465
-2.901422
2.205823
0.035699
-0.661043
0.770474
1.886011
0.117109
-3.037800
1.235158
1.637364
-0.078271
1.107149
-2.936951
0.482513
-1.130954
-0.659310
-2.838708
-3.122364
-0.218669
-2.173084
1.588976
-2.506566
-0.761593
-1.462526
2.825023
-1.484802
-1.181088
3.099950
-1.570796
-2.315122
1.308676
0.969342
-2.284887
0.228103
1.349968
-1.152572
2.733961
-0.729900
-1.756144
-0.228497
-0.577902
-1.638873
1.186192
-2.540138
0.606988
0.563316
3.058451
2.165010
-1.898916
-1.202100
2.281335
-0.808122
2.356194
-1.356736
-1.041550
-2.330559
-1.410883
2.952394
-2.014245
2.231839
-2.900746
3.141593
2.414950
-1.800701
-0.808122
0.701260
1.661456
-1.433730
0.388319
-0.110657
2.686873
3.073516
-2.624561
1.772559
1.460139
-0.588003
-0.090660
3.120762
2.920764
1.681454
1.631944
-2.085248
-1.416852
-1.077960
0.084902
-2.224432
-0.762675
1.963136
1.815775
-0.039196
3.002153
1.700499
1.214176
1.019141
-1.193547
0.616297
-1.612439
-1.960113
-3.108818
-3.034857
1.405648
-0.054491
1.759018
-2.826378
-2.152701
-2.869447
0.117109
-0.703231
-3.079174
0.873775
1.419781
-1.067953
2.996780
1.638873
1.815775
-2.208345
1.886767
2.896614
-1.386853
1.182478
0.302885
-1.007480
-0.105984
-1.631944
-1.985303
-1.823351
0.420197
-0.432408
3.058451
2.578276
2.525973
2.706239
-2.034444
0.124355
-1.691420
-0.569313
0.650421
-1.292497
1.537475
-2.519290
0.594214
0.273659
2.865787
-2.530867
-1.202100
2.356194
-2.901422
-3.120319
2.887225
-0.524796
-0.523278
3.067654
-2.940276
-0.945311
-2.765102
-2.498092
1.172274
1.126377
-2.879879
-0.516231
1.885554
1.069783
1.529154
-2.685521
2.546833
2.634494
-1.186979
-1.699120
-1.223735
-0.510488
-2.653756
-0.588003
-2.487957
-2.677945
-3.012682
-2.435394
-2.807648
2.669096
0.368696
0.244979
-2.608749
-1.832510
-1.750650
1.416852
1.059566
0.088007
-0.999459
0.172191
2.749253
-0.193211
-3.121187
-2.368242
1.214577
-0.384169
2.489724
-2.077895
-0.017855
-1.764008
-0.110657
-0.836635
2.498092
1.508378
2.446854
-0.262995
-0.492486
1.858078
-1.536327
-1.122073
2.761086
-2.717398
2.553590
2.469345
-3.107124
-2.612003
-1.609992
-1.194306
1.570796
1.033886
-3.098142
-2.571552
0.864597
0.560687
3.010277
-0.612152
-2.846152
0.505290
-0.396441
3.141593
-2.976444
3.035608
2.231839
-1.405648
-0.264488
-1.787347
-2.512796
-0.376909
0.103082
-0.736656
-0.672247
-0.943488
-2.658146
-1.794273
-2.944197
-2.905347
-2.866167
-0.168207
1.002272
2.940638
-2.559240
-2.125104
-2.616009
0.365747
-2.838708
-1.082960
1.886412
2.547843
2.939830
0.376490
2.024135
-1.951303
-2.506566
-1.815775
-1.177346
-1.781890
-0.572460
2.233526
-2.740799
2.386488
0.769526
2.913490
-0.524796
-2.982937
-1.161359
0.617756
2.721713
2.710900
1.977767
-0.239743
2.018941
0.521834
1.550799
0.732815
1.775438
1.352127
2.973386
0.944535
3.037800
-1.340892
-1.640857
-1.040023
2.085869
1.314645
0.244979
-1.747505
1.023234
-1.439481
-2.026247
-1.273732
-3.012682
-1.635223
1.190290
0.486032
2.042574
-2.830594
-2.272056
-1.320818
-1.059566
-1.752445
-0.426627
1.691420
-1.041207
-0.918927
0.173246
0.272146
2.025516
-2.108081
-3.058451
0.741947
0.175940
-2.651635
-2.525296
-0.825377
0.615620
0.627308
1.971037
0.699893
-0.463648
-3.061763
1.697769
2.749253
-1.735945
2.501823
0.300171
1.570796
-0.540420
2.115077
2.976444
1.939492
-2.930499
2.237705
-2.896614
1.092965
1.158386
0.446106
0.526943
1.712693
2.636731
1.504228
-2.668686
-1.624317
-1.732634
-0.543478
1.504228
-0.735440
-3.050933
-3.047531
-0.272146
-3.101614
1.612439
-0.606605
-1.752445
3.028442
2.268187
-2.511191
-2.745511
2.479166
2.647651
-0.960070
1.877842
1.317122
0.000000
-1.650626
0.681298
2.074423
-2.414950
-1.951303
-1.292497
1.426355
-2.127698
2.119346
0.052583
0.211093
-2.669471
-2.959944
0.726642
2.356194
2.220667
-0.308931
-0.657075
1.390943
-0.491164
3.121595
1.398606
-2.723368
1.208252
0.492486
2.187093
-2.646459
2.934096
0.971621
2.716760
2.451146
-0.114877
1.639653
1.433730
-2.444850
2.426501
2.356194
-0.260602
-2.906048
2.739722
-0.853475
1.663553
0.137066
-2.170847
-0.135528
-0.157769
1.672485
-2.853537
-2.413275
-3.041924
1.839163
2.571552
-1.989021
0.068856
-0.977047
2.243044
-0.982794
1.168475
-2.845478
0.508730
-1.444204
-0.845930
2.944197
-0.489957
1.170556
-0.544280
0.556166
1.088283
-0.304001
-0.099669
-3.072736
-1.243396
-0.197396
-0.958259
-3.124051
-2.111216
-1.709892
2.850136
-1.154732
-1.647568
2.956245
-0.760403
-0.393058
-1.800028
-1.281293
-2.485897
0.636508
-0.278300
2.356194
-1.653938
-1.242243
1.999060
-0.053520
0.773053
2.553590
-2.539305
-0.056543
2.686492
2.116963
0.384605
-1.531601
2.799643
2.165010
1.673878
2.506566
-1.482140
-1.973117
-2.501236
-0.593750
-2.257921
-3.077849
1.435269
0.916226
2.981680
2.279423
2.594030
2.091934
-0.036348
0.072599
0.099669
-0.960070
-1.858852
-1.668523
-2.295662
-0.606605
1.659452
1.107149
1.202447
1.114448
-0.478914
0.661043
2.470449
-2.670133
-0.694738
0.785398
-1.529154
-0.223477
-0.770474
2.153536
-1.629552
