-0.831519
1.865031
-0.426627
0.185348
-1.014630
1.690225
0.120624
0.041643
-2.932570
-2.657115
-1.288241
3.083964
-2.089942
-2.271651
2.301703
-0.186979
0.811034
-2.616797
2.435394
1.849096
1.359703
-1.249046
-1.138389
2.677945
0.202322
-2.218608
0.817645
1.163165
0.703614
2.177784
2.726101
-2.262718
1.876675
-2.044648
-1.846222
-2.427502
-0.284730
1.735945
2.178598
1.659452
-1.051650
1.325818
1.009633
0.463648
2.812543
-2.356194
1.121037
-2.089942
1.369034
-0.335639
-2.098871
0.566729
-1.424784
-1.598567
-1.071450
1.373401
0.825377
-1.216091
1.748392
-2.287338
-2.034444
0.982794
-0.904827
-2.736701
-2.111216
-2.115077
0.581905
-0.281232
-0.872894
2.403778
-1.076855
-2.911688
-2.586099
1.728565
-1.465919
0.654083
-1.815775
2.268699
1.935998
-2.677945
-3.023103
2.060754
-0.716542
-1.199905
0.509071
-1.622033
0.903490
-1.859772
-1.107149
-1.046001
1.048393
-0.188222
2.714965
2.289626
1.597106
-2.299651
1.718646
0.785398
0.624023
3.028442
-1.795507
1.390943
-2.120650
2.285888
-1.849096
-1.304544
-1.203622
1.446441
-1.292497
-0.249979
-0.438337
1.681454
-2.427502
-0.135528
-2.391894
-0.947597
-2.863293
0.471778
2.565217
0.031240
1.150133
-2.649107
-0.588003
-1.810967
0.888480
2.259721
0.857735
1.181480
-1.304544
3.087591
-1.858078
-1.882838
-0.211093
-0.989416
-0.085505
-2.629203
1.958320
-2.739722
-0.724866
0.044415
1.269177
2.745151
-2.145101
-2.077895
1.347320
1.369034
1.735945
-2.462930
-2.070143
-1.955401
-2.744513
0.188222
1.744042
3.116598
1.302430
1.548073
3.009041
-0.385158
-1.778293
-0.892134
0.031240
1.325818
-2.750986
-2.703256
-0.528074
-2.720929
-2.143762
3.030935
1.570796
0.834539
-2.667193
-1.138389
0.478352
-1.841743
-2.317752
-2.524401
-1.446441
0.828849
2.152177
-1.892547
0.690446
1.249046
-2.181522
2.262133
-0.385158
2.983824
-0.452778
-2.856862
-0.376490
-0.191184
-0.135528
-2.750986
-2.567288
3.141593
0.865228
-2.453921
0.638320
-1.993650
0.896055
3.082837
-2.794531
1.995628
1.970312
-1.899349
1.457645
-2.539305
1.642104
0.982794
-0.870903
1.570796
2.394637
-1.757776
2.007423
0.721655
-2.838708
2.748535
1.929567
2.560212
0.671144
1.631328
-2.325901
-1.118018
1.822486
-1.508378
-1.875307
2.509902
0.435353
-2.723368
0.062419
-1.119343
-0.262120
0.203045
2.518922
0.030294
-1.058407
0.769526
-1.932000
1.107149
-0.141897
-2.485897
-0.606988
2.578276
1.162647
-2.470449
2.111216
1.989021
0.244979
-2.021458
1.937970
0.069655
2.884269
-2.339247
1.463106
-2.690931
-0.668289
0.392340
1.146602
-0.272146
0.766532
1.015303
3.033322
2.289626
-2.439336
0.566729
2.219128
3.017238
0.535811
2.389515
2.452668
-1.981861
1.520838
1.984486
-2.934096
-2.201876
-1.438245
-0.022219
-1.042722
-0.581905
-1.262744
-1.901094
2.034444
-2.061960
2.688814
-1.616220
0.197396
-0.708626
2.083186
-0.113151
-2.927532
-0.722979
2.530867
-2.785373
2.665125
2.412738
-0.124355
-0.614663
-1.012197
0.027771
2.274410
-0.855053
-2.740364
1.292497
2.863293
2.553590
-0.588003
0.305879
2.700413
-3.086094
-2.653259
2.274410
1.752445
-1.768192
2.871743
0.000000
1.465919
0.027020
-1.972667
0.965252
0.588003
-1.570796
1.497756
1.919567
-2.647651
0.154319
3.141593
2.356194
-2.089942
-0.433953
3.100799
-2.833540
2.845047
-0.274167
0.321751
-1.815775
-1.475845
0.931882
1.308676
-2.444202
2.963996
-2.987274
1.331565
-1.658804
2.214297
-1.815775
2.859821
-1.515298
0.724866
-0.540420
1.892547
1.927016
-1.921524
0.144812
0.996491
-1.623379
-2.436024
0.606988
-2.279423
1.168926
-0.785398
1.756144
0.341615
-0.913721
-2.207305
1.136843
2.593043
-0.302885
-1.955401
2.984991
1.096396
-1.272297
0.564569
-0.588003
2.802300
-1.428899
2.488746
-2.096863
-1.670465
-3.079174
-0.535811
-3.120319
-1.117458
0.900275
1.051650
0.380506
-1.231504
1.900421
-2.619758
-2.622447
-2.375060
2.011976
-1.825164
-0.390607
2.208345
2.143762
2.134113
0.620249
1.270625
2.976444
-1.474323
-1.080839
-1.875307
-1.063698
-1.695151
-0.355636
-0.365201
2.020556
-2.466852
0.278300
0.000000
2.009133
-2.194819
3.089010
-0.724866
0.218669
0.691337
-0.697391
-3.119374
-2.054243
2.514850
1.396124
2.231839
-2.969402
0.408908
-1.364472
2.843094
-2.666582
3.141593
2.589938
0.996491
-2.245537
-0.209640
2.003204
-3.118869
2.662073
2.639989
0.000000
-2.726101
0.141897
0.291457
-2.356194
0.000000
-1.396124
1.256564
2.559688
-2.064738
0.300920
2.006150
-0.699893
-2.107707
-2.356194
2.475623
-1.134169
2.976444
1.401018
-1.523213
1.899349
0.472907
-1.620755
-1.657535
-1.884417
-0.385883
2.687749
-2.657115
-3.122364
-2.131483
-2.659929
0.086738
2.158799
-2.729182
-0.507099
0.385883
-1.899349
-0.228497
-0.679414
1.515298
-0.463648
-1.681454
-0.823841
-2.233526
1.821799
0.763180
-2.562518
2.104505
2.699218
-2.910502
-1.815775
1.025932
0.110657
0.117109
-2.158799
-2.568627
-2.589938
1.315614
1.240499
2.605157
-1.885028
3.117788
2.922924
0.083141
0.428778
0.870903
0.401229
-1.446441
0.348771
0.477345
-2.375060
2.553590
-0.785398
1.138389
2.080389
-2.025897
-0.463648
-3.033903
2.667741
0.722979
0.451453
-2.150799
3.141593
-0.770015
-1.040581
-0.988891
1.598567
0.976037
1.177738
-2.289626
2.097424
-2.273053
-2.774419
-0.244979
2.570255
0.127510
-2.013171
0.197396
0.922464
-2.487510
-2.667741
1.912412
-0.147078
-1.810028
0.892677
1.449444
1.505671
1.723446
-0.237836
-2.637427
-2.777614
2.922924
1.801887
0.581380
-0.147849
1.657535
1.482789
1.425486
-0.232557
1.725793
2.847358
-2.443690
-1.676781
2.449671
2.639989
0.806672
-0.302885
-1.398606
-2.188552
1.094329
0.862170
-0.826471
-0.146012
1.314645
-0.626743
-1.744042
-0.612538
-3.030935
2.828691
1.058407
-1.911775
0.844154
1.007480
0.244979
2.265535
1.194835
-2.761086
-0.612538
1.281821
1.823351
-0.785398
-2.875341
-1.393200
0.501604
2.595938
1.477320
1.235158
-2.089942
-1.783735
2.506566
2.714965
-2.916881
0.697903
3.094010
-2.523837
2.100386
-1.592070
2.142134
1.725793
-2.498092
2.528385
-2.780389
-2.580429
-2.710900
2.229602
0.933248
-0.785398
2.804918
2.399645
2.651635
-0.770015
0.233743
-0.990794
2.219792
1.570796
-0.094952
1.215160
-0.207496
-0.814801
0.027771
1.136843
-2.268699
-2.906870
-2.903757
-1.425984
-0.570040
2.262718
1.593015
-1.201463
-3.090355
-0.141897
-0.550386
-1.339706
2.385598
-0.708626
0.932477
-0.418224
0.934288
1.907471
-2.430134
-2.111216
-2.560836
-0.617756
0.244979
2.268699
0.767218
2.835714
0.805003
0.308053
-0.337878
0.953041
-1.339706
1.594048
-1.905533
-0.705568
-3.115957
-1.900421
1.249046
-1.570796
1.118642
2.850136
1.389147
-2.644250
-0.495552
-2.140837
-1.424784
-2.882822
2.922924
-1.661456
2.289626
1.700499
-0.473356
1.992216
1.735945
2.749253
-1.980924
2.787595
0.348771
0.161375
-2.559240
-0.020405
2.979755
-1.892547
2.740364
2.553590
