0.177596
2.743070
-2.402316
-3.020969
2.516108
-2.901422
2.826378
1.841743
-2.907849
-0.913721
2.322873
-1.279340
0.266252
-2.589938
1.030377
1.201463
0.463648
-2.774419
-2.972491
0.350314
2.922924
1.023234
2.429235
-1.478040
-2.356194
0.231091
-2.356194
-1.136126
0.400241
1.190290
-1.438245
1.161888
-0.996491
-0.476467
-1.014630
2.714965
-1.612439
-2.547843
1.398606
-0.085505
0.372988
-0.141897
-0.807617
-2.283154
0.847817
0.927295
0.769006
1.661456
-2.305391
-0.785398
0.173246
-1.162647
-3.020241
1.946757
-3.105894
-1.839964
-2.792822
-0.463648
0.602287
-2.196281
-0.046478
2.863293
-0.540420
0.694738
-2.936197
-0.816638
2.174026
-1.627877
0.808650
2.111216
-1.297788
1.405648
-0.514451
0.410127
1.455920
2.466852
2.132718
1.504228
1.853351
1.249046
-1.279340
-1.046001
1.595791
-0.128323
-0.348771
0.802940
2.518922
0.845930
2.880990
1.892547
0.785398
-2.901850
-1.473543
-2.326791
-2.356194
0.802940
-3.064821
-1.051650
-2.859821
-1.425984
3.034857
-2.340811
0.000000
1.373401
0.424194
-0.847817
-0.226799
-2.819842
0.923749
-3.073516
-2.833540
1.310194
2.911688
-2.638749
2.677945
1.292497
2.723368
1.504228
3.141593
-0.801790
-1.964247
1.234122
0.896055
2.498092
-0.674741
1.438245
2.007423
0.211093
-1.057190
-2.950408
1.178456
-2.799977
1.121037
2.397837
2.480549
2.356194
-2.601173
-1.390943
2.111216
2.158799
0.071307
-1.069783
0.000000
2.265535
1.797595
3.118341
2.389515
2.053310
-0.404892
2.956245
0.580003
-0.214061
2.856862
-0.453339
1.957672
0.214061
-0.703614
2.489724
-1.152572
0.907593
-0.558599
2.327631
-3.071938
2.291768
0.588003
3.088072
0.785398
2.191046
0.927295
0.876058
-0.129703
0.215358
3.064821
-0.896055
-0.588003
-2.085248
-1.744042
2.424581
2.877104
0.321751
-2.158799
-1.163165
-2.463473
-1.866237
3.050933
1.885028
1.129617
-2.176341
-1.502720
1.750650
1.518213
-2.312744
1.919567
2.070143
2.201198
-3.028442
-0.886502
2.034444
0.047583
-0.969723
-0.463648
-2.426501
2.196281
-2.742077
-0.226799
-1.764008
0.000000
3.141593
2.667741
2.729182
-2.242402
-1.825979
1.723446
1.779819
0.785398
-2.289626
2.896614
2.854311
-0.492486
1.695151
0.332059
-1.490966
-2.860360
-0.444419
-2.953371
-2.837082
-0.785398
1.394087
2.185459
-2.980218
-1.227772
-1.637364
1.145964
-0.982794
1.249046
-0.483447
-2.045807
-1.065935
-1.382575
-1.911775
0.132552
-2.111216
-2.060754
0.183943
0.736257
1.480136
2.961739
2.731465
-2.750986
2.514284
-0.582353
-1.972025
-2.006150
-1.086318
-3.011890
2.214297
-2.530867
-2.536048
-1.019141
-0.374334
-0.139096
-0.805803
-1.504228
-0.165149
-0.634023
-0.361204
2.218188
-1.849096
0.631079
2.896614
0.212432
-0.513606
0.785398
0.511231
2.736701
1.249046
-2.589938
2.222665
2.896614
-1.209593
-0.253674
2.749253
-2.665897
0.000000
-2.534605
1.196463
0.415492
2.640579
-1.356736
2.310073
1.681454
-2.307054
0.598419
2.469986
2.768605
-1.951303
-1.823351
0.435353
2.402316
-0.610726
1.695151
-1.128422
0.017542
3.050933
2.229602
2.553590
-0.368696
-1.394857
-2.593043
2.654693
-1.796073
-1.732171
-0.244979
-1.343997
-3.060689
-0.068856
2.809533
1.989021
-0.534955
-0.185348
0.480175
0.606988
3.046641
1.336074
0.561922
-0.785398
-0.224711
1.287002
-2.016097
1.886011
-2.996283
2.238102
0.948126
2.985998
-0.283794
-2.582993
-2.562518
2.595938
-1.980924
1.892547
-0.699893
1.007480
0.909753
-2.279423
-2.504044
1.530003
-1.086318
0.075329
2.688814
-0.233743
0.193622
1.993650
1.993650
1.325818
0.441179
-2.188552
-1.365401
-1.339706
1.012197
1.864385
-1.913820
-2.601173
-2.158799
-0.670522
-1.136843
1.373401
0.033321
3.049263
-0.236849
-2.819842
1.473543
-0.994421
0.281772
2.524401
-2.441700
-0.551655
1.695151
1.410883
1.946757
0.755104
-1.332960
0.441179
-2.399645
-0.435353
0.624635
2.003204
0.521834
-2.717398
0.493941
1.222025
1.768192
-3.054854
-0.291457
-1.432790
2.689439
-2.476818
0.141897
-1.269876
-1.706324
-0.643501
-0.521834
-1.905533
2.077895
2.177784
-0.102207
0.448723
2.956245
3.141593
0.179853
-2.596729
1.432157
2.177784
-0.157769
-0.108271
1.846602
-2.070143
-2.326791
2.295662
-2.188552
0.411065
0.185348
-1.712693
2.207305
-1.181480
0.110657
3.141593
-0.446106
-1.717875
-2.768605
-1.174355
2.329174
-1.620755
2.576443
-0.394791
0.558599
-0.885067
-0.982794
-0.090660
-1.471128
-0.540420
2.887919
-1.815775
-2.840672
-2.325901
2.896614
-0.805803
2.201198
0.278300
1.434394
-0.512389
-1.653938
3.117788
-2.257921
-0.997830
-2.020556
-0.132552
1.609239
-0.343024
-0.918927
-2.204819
0.452778
2.966920
0.348771
0.185348
2.208345
-1.825979
-1.262744
0.574305
-2.466852
2.697173
1.735945
-0.179853
-2.729182
2.394637
-0.201317
1.130954
-1.794273
-1.639653
-0.148890
-0.643501
0.714091
-2.597312
-1.315614
-1.046001
2.356194
2.930499
2.466852
-2.723368
2.658146
2.619758
2.208345
-0.837981
-1.203622
1.892547
-0.651869
1.428899
1.975688
-3.050933
0.912908
1.231504
2.819842
-2.846152
-1.301629
-2.398423
-2.944197
-2.098871
-0.138640
2.300696
0.950547
0.482513
2.582993
-0.334737
0.671144
-1.249046
1.866237
-2.663240
2.122451
2.544416
2.794531
-1.700499
-2.761086
-0.148890
-0.668289
2.765102
2.919511
2.605781
-0.436627
-2.214297
-1.627877
-0.165149
2.310771
-0.083141
-2.896614
-1.916352
-1.986861
-1.023234
-2.158799
-1.460139
1.042722
0.380506
2.115660
-1.681454
-0.501013
2.470449
-0.556166
-0.376490
1.892547
-2.441700
-1.946757
2.446854
0.878462
-1.494024
0.108271
-1.789465
-2.979755
1.695151
1.951303
-2.229602
-1.499489
2.131483
2.327631
-0.670522
-2.918116
-1.617274
1.147942
1.158386
0.000000
-1.336074
0.328553
-1.670465
-2.792822
2.340811
-0.950547
1.078987
-1.910089
0.934958
0.258771
1.042722
-2.601173
-1.347320
3.081061
-2.560836
-2.644250
-0.321751
-2.896614
-0.714091
-1.342300
-0.055499
1.570796
3.017238
-1.487655
2.688814
-1.165905
-0.516231
-0.956133
1.653938
1.267911
-0.030294
-0.328553
0.197396
-0.442374
2.016097
1.373401
-1.051650
-1.209593
2.829551
0.801790
-2.553590
1.904041
2.512796
-0.215358
2.171870
2.930499
1.067953
-0.293589
-0.977047
2.173084
-0.436627
-0.837981
2.541542
-0.385158
1.525373
2.910502
0.785398
-0.603749
0.197396
-0.061148
-1.274251
1.881795
2.446854
2.719588
-1.975688
-0.251690
2.768605
-2.125104
0.807617
0.832981
-2.199593
2.800614
-2.473303
0.218669
0.571337
-1.155304
-2.487510
-0.463648
-2.754717
1.526381
0.540420
0.179853
2.145101
3.017238
-2.956245
-1.692639
-0.835357
2.466852
-2.153149
2.183334
-0.410127
1.144169
-2.999696
-1.004067
2.385598
0.665969
0.945311
-1.165905
-2.240435
0.027020
1.591202
0.524796
0.040794
-1.965587
-1.605265
2.265535
1.789465
0.516695
-0.876058
-0.071307
-1.420425
0.887087
2.570255
-2.191046
0.255182
-1.071450
-2.480549
-0.679414
3.039904
-0.716542
-2.764344
-2.098871
-0.411065
