2.755710
-2.342111
-2.920278
-0.278300
1.026516
0.000000
-1.125495
0.671144
-0.152649
0.233743
-2.219128
-0.750929
-2.373737
-1.097890
1.039072
2.245537
3.141593
2.073640
2.525973
-1.883698
-1.313473
2.214297
1.033886
1.946757
-2.153149
-0.443448
0.785398
-2.356194
1.878849
-0.732815
2.749893
-2.402316
0.818719
0.229904
-0.102207
2.188552
-0.182168
2.514284
-1.063698
0.422854
-0.856706
1.507053
-0.651869
-0.627308
1.650626
2.175102
3.023103
-2.498092
-1.833791
-1.947287
-1.519559
-2.148698
-1.968424
0.623199
2.926777
3.123076
-1.651700
-1.703348
-2.248916
-0.540420
-3.048836
0.623199
-1.198729
0.291457
-1.905533
1.985303
-2.669096
1.527345
-2.902361
-1.911178
3.050933
-1.089909
-0.756835
1.698306
-0.234723
2.082027
0.086738
-0.152649
-0.055499
2.378413
-2.115077
2.651635
-0.922985
-2.227871
-0.132552
-0.385883
-0.235545
1.919567
-2.831890
-1.570796
-2.338015
1.283515
3.096169
0.495552
0.453844
-0.022723
-0.918927
0.404892
-2.340323
-2.100386
2.011976
0.000000
1.723446
0.815692
0.321751
2.044152
-1.072974
2.780389
-2.133294
1.181480
0.408149
3.054854
-1.858852
1.048393
-1.289024
-1.194835
-0.652847
1.004067
0.748378
-0.716542
1.398606
2.455863
2.325901
-1.815775
1.849096
-2.063282
-1.097890
-2.301703
0.799482
2.961739
2.532903
-0.548549
0.165149
-1.132460
-0.463648
3.122364
-3.014620
3.118341
1.095786
-2.462930
3.083964
2.999696
1.631328
-3.012682
1.502720
-2.914794
-1.936544
0.492486
2.875341
-1.208252
1.700499
-1.544487
-0.188222
2.169972
-0.998337
-2.723368
-1.242243
1.179096
2.114629
1.811331
1.295370
0.720971
-1.218752
-2.124091
-2.944197
-0.384605
1.911178
-0.765793
-0.867183
-2.188552
1.051650
1.892547
-1.377174
2.229602
-2.403778
-0.767218
-0.321751
0.555494
-0.127510
-2.084402
0.822418
0.839890
-1.457645
-1.263751
1.663553
-1.231504
-2.053310
1.319794
0.880996
-2.852089
-2.054243
-0.969723
-1.249046
-1.872415
2.677945
-2.730528
0.321751
3.103150
0.110657
2.901850
-1.017502
2.115077
2.488746
-1.854590
-2.339247
0.652847
1.744042
-0.152649
-2.134880
-2.506566
0.192048
-0.813962
0.620249
-0.156602
-2.841421
1.124691
-2.757775
-2.324955
-0.813169
-0.540420
-2.092631
-0.051237
-3.120762
2.677945
-1.637364
-2.714965
2.421039
0.755104
-1.255181
0.113151
-2.819842
-2.257921
1.522054
-1.443824
2.370278
-2.850136
-0.453339
-1.835285
-2.736701
-0.281772
-2.947971
-0.394791
-1.116952
-2.341703
2.984991
-2.622447
-2.310073
0.455101
-0.691921
2.502679
0.799482
2.474287
-0.582353
-0.749699
-1.107149
1.570796
2.655971
-2.677945
2.996780
-1.898916
2.907849
-2.831890
-0.218669
0.445301
-2.761086
0.906022
-2.412738
-2.201198
1.763497
-0.291457
1.373401
-2.143762
-0.201762
-2.910502
-0.988443
2.370686
-2.369181
-0.402321
1.612439
-0.892134
-2.811968
2.489724
0.769006
0.927295
2.720929
-1.086318
-0.857735
1.597106
2.789548
-0.430693
-0.699893
0.043451
-1.496857
0.000000
0.495552
0.472907
-2.427502
1.757776
0.836202
-2.869447
0.956133
0.622671
-2.270689
1.777120
-1.144169
-0.244979
-0.615620
-1.701624
-0.536911
2.749893
-2.063282
3.041924
-0.045423
2.731465
-0.938047
-2.963500
2.798569
-1.655698
-1.927016
2.560836
-0.115759
0.565149
-0.839400
-2.383965
2.709185
0.110657
2.959944
1.160669
2.886410
1.044730
0.484478
1.955401
-1.009633
-0.172191
2.645170
2.831890
0.702257
1.392703
2.181522
0.413689
1.806341
0.669639
-1.072974
0.134321
-1.308676
-2.301703
-0.598419
-0.127510
2.521343
-2.746802
-1.990993
-2.466852
-1.402199
-0.571337
0.452154
-1.340892
2.045196
1.138389
-2.939830
-2.498092
-1.226149
0.943488
-3.119857
-2.697173
-1.951303
0.922985
-1.900421
-0.068076
-1.218752
-2.223643
-0.473851
2.857799
-2.819842
0.358771
0.497343
-0.700854
-2.896614
-2.560836
-0.473851
-2.405335
1.870967
0.321751
-0.969723
2.589938
2.463473
-1.787347
0.968509
1.570796
1.286066
-3.095115
-0.220829
-2.311448
2.792822
1.592532
-3.070285
1.849096
2.227871
2.889903
1.929567
-0.982794
1.828120
2.093200
1.768192
1.892547
-0.620249
-0.144812
1.701624
-1.436985
-1.415201
2.532903
-3.091634
0.105984
0.771315
-0.329624
2.988943
-0.384169
1.612439
1.473543
-1.735945
0.148890
-1.107149
-2.677945
-0.273009
0.834539
-3.039904
0.726642
-2.469986
-0.304511
2.193467
-0.892677
2.846152
2.044648
1.990993
2.214297
-0.509071
-0.588003
0.183943
-0.716542
1.462526
-2.506566
1.967238
1.083897
-1.277207
-2.542417
-1.810028
0.892134
0.953041
2.806856
-2.961739
-2.270689
2.013171
-2.526930
-0.398522
0.250443
0.720971
0.755104
-2.102520
-2.224879
-0.768451
-0.770474
-0.124355
-1.249046
-1.394857
-0.893088
0.080904
-1.098299
1.525373
-0.103792
-2.756988
-2.634494
-0.982794
-2.976444
2.636302
0.135528
2.624898
-1.289959
1.700499
-2.668686
3.067654
1.529154
-1.107149
1.308676
-1.325818
2.145101
-0.535811
0.711459
0.250443
2.935269
-1.079633
2.999696
2.443690
-0.101689
-2.925508
-2.948892
-1.999060
-1.354246
-3.101614
2.508844
0.577192
-1.257176
-2.530867
2.863293
-2.454468
-3.100799
-1.177738
-1.085174
-1.061204
1.048962
2.752276
1.698306
-0.284730
1.159732
2.944197
1.528269
2.129396
-2.901850
2.501823
-2.761086
-0.800782
-1.343997
-0.831519
-1.141034
2.152177
-2.687749
-1.815775
-0.272146
2.972996
1.723446
-2.594030
2.752276
0.770906
-0.308931
2.176341
1.236059
-0.766532
2.324955
-2.721396
-2.856862
-2.219792
-1.892547
-2.214297
-0.148890
0.739277
1.600200
1.526381
2.101570
2.616797
1.349482
-2.825622
-2.103640
-0.736257
-2.721396
0.233743
0.958259
-0.024385
2.102520
0.453339
-0.687671
-1.033886
-1.051650
1.127348
1.854590
-2.801211
-1.148791
-1.634540
1.858078
-0.845930
2.688814
-1.457645
1.145964
-1.804540
-1.570796
-1.508378
-0.953041
-0.336675
-0.785398
2.403778
2.125104
0.272146
-3.011890
3.060141
2.024135
-1.304544
3.120762
-1.418147
-1.214577
-2.193996
2.151553
2.011976
2.411693
0.546789
2.891150
-0.358771
2.868584
0.535811
-2.103640
0.256151
-2.518922
2.688814
1.783735
0.211093
-2.999696
-2.282255
0.214061
-1.046877
-1.232918
0.560687
2.024640
2.742077
-0.066568
0.846546
-1.306833
1.951303
-1.269177
-2.372066
-2.276995
-1.378096
-1.815775
0.817645
-0.191184
0.430693
2.714965
-2.585426
0.876058
2.094716
-2.498092
2.025098
1.665748
0.238609
1.955954
1.942864
2.718739
-1.354711
-0.550386
-2.067219
1.292497
1.142532
0.193211
1.892547
-0.102207
1.147942
-1.463106
-1.685673
2.992703
2.988943
1.465919
3.103150
-1.405648
-2.308611
0.367174
1.922841
0.488334
-1.206817
-2.787595
-1.876675
0.451453
3.060689
-0.867183
-1.467004
1.939492
1.675673
-0.744325
-1.917335
1.610775
1.059566
2.205823
-3.022164
-0.205395
0.197396
0.800782
0.274167
0.446106
0.749699
-3.006065
-2.514284
-2.135946
-0.251003
2.493781
-0.305879
0.226799
-1.859772
1.453688
-2.958482
1.320818
2.918116
2.164546
0.291457
-0.066568
2.299651
-2.169972
