0.227766
1.568119
0.044150
-0.242048
0.251837
0.105174
-0.009305
-1.301331
0.248324
1.531791
-0.208751
-0.256397
1.566711
-0.319663
0.144444
1.759476
-0.200277
-0.134852
-0.204709
-0.179660
-0.127154
-0.287280
0.269075
-0.256155
1.588735
1.754834
1.533931
1.554625
-1.358802
-0.003281
0.021175
1.712629
1.514077
0.219439
-0.211274
0.269554
0.281768
-0.138779
0.202259
-1.466165
0.239843
0.282235
0.201577
1.478118
-0.017480
-1.450701
-1.728108
-0.161642
-1.375712
-0.297444
0.220002
1.509932
-0.279413
1.582907
0.174154
0.313480
-0.318982
0.169838
1.476986
0.119986
-0.282310
0.209036
1.466949
-0.196982
1.521752
0.200054
-1.776912
1.491546
0.001887
0.329107
0.206905
0.288994
0.222594
1.545208
-1.422872
1.564459
-1.843998
0.010093
-0.338763
1.690727
0.117394
-0.276394
0.033245
1.601357
1.547983
0.316654
-0.153928
1.544945
-1.547853
0.184031
0.239507
0.273258
0.156781
-1.424634
-0.353346
0.233830
-0.197236
-1.418079
-0.228994
-0.281068
-0.287513
-0.224362
0.040805
1.772984
0.232905
1.541084
0.331975
0.257956
-1.833856
0.104522
-0.240610
1.483674
-0.021931
0.252635
0.029665
-0.256846
-0.268402
-1.385357
-0.236695
0.174148
-0.000483
-1.411415
1.744858
0.017864
1.570190
0.279018
0.189072
-0.018763
1.522990
1.789439
-0.008474
-0.015166
0.231243
0.019515
-0.033008
1.575350
1.551251
1.630222
0.128734
0.256728
0.239124
0.234583
0.066088
1.567514
0.249375
0.245359
-0.292565
-1.423471
1.671702
0.243476
0.241221
-0.235844
-1.932740
1.460719
1.550602
0.204238
0.195706
-0.238136
0.227217
0.031683
0.009129
0.128505
0.308252
-0.009904
0.168582
-1.440617
-0.174631
0.283611
-0.256850
-0.339294
-0.297854
-0.275888
1.545011
-0.200616
1.511810
-0.237077
-0.282982
-1.382692
0.220219
-0.130697
-0.152745
0.001487
-1.467698
0.288801
-1.610490
1.704940
0.134596
-0.258094
1.504704
-0.205754
0.167057
0.196346
-0.250448
1.468898
-0.233824
0.180174
0.015165
0.198000
0.063292
-0.232652
0.262097
1.440388
0.270505
1.575080
-0.237169
-0.195372
0.269138
1.475928
0.025546
0.242866
-0.252956
-1.458182
0.034187
0.243573
-0.290523
1.507174
0.266000
-0.239819
0.288931
0.088373
0.231223
0.207523
-0.226363
0.216896
-0.228057
0.228565
0.149168
0.239652
-0.012476
0.206310
-0.288557
0.045518
1.594125
0.264274
-0.201889
0.035997
0.097326
0.165301
-1.408007
0.022895
1.522650
-1.390729
-0.316379
0.227261
1.497729
1.435851
-0.340359
1.666520
1.508158
-0.124565
-0.306075
1.534167
0.282300
-0.023773
-0.238103
0.333021
-0.237336
-0.199476
0.223372
0.296451
0.346774
-0.227668
-0.164784
0.083988
-3.282635
0.255811
-0.007509
-0.041819
0.189910
1.824565
1.578560
0.231352
-0.005981
-0.155788
0.193673
0.091509
-1.505331
0.236944
-0.264662
1.486344
0.274794
1.508745
-1.388105
-0.224841
0.278264
-0.275700
0.018492
1.510902
0.197423
-0.185687
0.284882
-1.776478
-0.184770
1.619550
0.150230
0.255660
0.237998
0.291049
0.240339
0.175922
0.229783
-0.254157
-0.313186
1.619640
0.208637
0.083334
0.100954
-0.121666
-0.155277
0.032593
0.217617
0.028251
-0.024997
-0.209180
1.506840
-0.224431
-0.285455
0.330676
0.090188
0.265043
0.168192
0.002729
-0.229519
0.039722
-1.444574
0.033969
1.485204
0.272648
-0.208009
1.504073
-0.164000
-0.183954
0.183838
1.499792
-0.230266
0.195953
1.393635
-1.486709
-0.128317
-0.254339
-1.440599
0.173176
-0.229797
0.216328
0.017834
0.244307
1.504528
0.036964
0.019197
1.510294
-1.802370
0.061493
-0.300030
0.259900
1.458804
0.171234
0.071788
0.042339
0.178625
0.017300
-0.232463
0.263759
0.218522
1.531610
0.192488
-0.238619
-0.170644
-0.251406
0.142170
0.220759
-0.245653
0.227543
0.261119
1.588706
0.044169
0.190498
0.017705
0.232892
1.481366
0.175164
0.022726
-1.423068
-0.237585
0.260318
-0.301235
0.082644
0.109883
-0.218799
-0.157444
-0.216546
1.623146
-0.059332
1.777081
0.218584
-0.041892
0.227009
-0.199892
0.184163
0.226602
0.270732
0.078500
1.469672
0.119249
0.157247
0.287370
1.611738
-0.227540
0.236121
-0.002282
0.095660
-0.203371
0.080578
-0.230122
-0.267135
-0.207068
-1.480324
0.138809
1.563805
1.544815
0.219931
-1.434311
-0.051008
-0.198598
-0.294736
1.614877
-0.182728
-0.276423
0.163759
-0.284914
0.305805
-0.199109
-1.821892
0.251541
-0.200174
0.078983
1.482486
-0.197467
0.028381
1.503376
1.625616
0.418380
1.518568
-0.162780
0.231608
0.105730
-1.380659
-1.453110
0.055288
0.270974
0.047345
-0.235525
-0.193531
0.286791
1.734065
-0.282520
0.320089
0.340608
1.603058
0.050433
0.225690
1.442955
0.086530
0.298620
0.227330
0.055411
-0.013046
-0.030376
-0.050867
0.178373
1.558629
-0.114928
-0.211557
0.076011
-0.292067
-0.131506
0.224704
0.146572
1.500913
1.439687
1.516048
0.054516
1.566105
1.452331
1.794495
-0.239152
0.024984
0.230136
-0.012932
-0.042979
0.289966
0.080174
1.486247
0.114502
-0.148262
-0.242291
-0.148868
0.266175
-0.210426
1.687713
1.821033
0.225386
0.208924
0.227806
-0.024100
-1.448524
-0.158466
1.506143
-0.065076
-0.189310
0.393436
-1.437994
0.263778
1.502045
0.264836
1.538021
-0.024121
0.054413
0.202805
1.400678
-1.780393
-0.299000
-0.239931
-0.123362
1.475967
-0.065928
-0.251621
0.038700
-0.137771
1.500162
0.208430
0.235521
0.248205
1.547418
0.134136
1.591593
-1.834175
1.573005
0.077661
-1.402109
0.277691
-0.193068
0.208169
-0.320334
0.233989
0.308928
-0.265345
-0.248642
0.248818
-0.239042
0.060658
-0.221645
-0.379547
0.056200
0.342736
-0.104256
1.512174
-0.257570
1.588275
0.305581
0.070277
1.600762
-0.178852
1.571080
-0.007346
1.546974
0.090575
0.286786
0.187101
-1.783851
1.524478
-1.362230
0.016667
0.267107
0.207574
-1.908109
1.471975
1.580284
0.124545
0.014746
-1.441526
0.269279
0.254331
0.140300
0.177176
1.730984
-1.419689
0.055864
0.125135
-0.249793
0.100020
-0.224735
0.217891
0.293770
0.092672
-1.610597
0.228409
-0.294055
-1.366726
0.224948
0.110957
-0.260238
0.181372
-0.187862
0.230834
-0.180985
0.236543
0.096684
-1.390525
-0.259637
0.201324
0.281290
-0.158940
0.220946
0.052533
0.231187
-1.346453
-0.258968
-1.359916
0.095121
0.286507
-0.293880
1.595215
1.561901
1.538891
1.541046
0.025503
1.439247
-0.193220
-0.205196
-0.258997
-0.030276
-0.252456
0.287017
1.535175
0.275710
-1.338355
0.288106
-1.418060
0.293676
0.018912
0.286339
-1.870797
-0.291565
1.477102
0.248841
0.172946
0.207996
0.187096
1.485767
1.503836
0.310574
0.298558
0.065439
-0.233516
-0.331760
1.566882
0.230129
0.217820
-1.834351
-0.138976
0.262742
-0.247499
-0.231306
0.170404
1.766335
1.522745
0.091790
1.602905
-0.194010
0.315383
0.185730
0.224755
-0.220681
0.047755
0.051548
0.211598
-0.276410
-0.135071
-1.500015
0.053279
-0.238549
0.244749
-0.210159
0.503979
0.347100
-0.192505
-0.233222
0.217981
0.263538
0.221144
