-0.200081
-0.207718
1.429144
0.024235
0.222505
0.151625
0.057999
-0.071142
1.542756
-0.375837
1.516438
1.604167
1.771535
-0.189296
-0.172849
-0.026753
-1.451723
0.404445
0.315824
-1.841860
1.518035
1.578307
0.183851
-1.257346
1.130277
1.537320
-1.466002
0.238684
-0.188310
0.232943
1.675223
1.542479
1.491444
0.269009
0.071774
0.205843
0.307299
-0.089778
-0.411580
-0.101399
-0.164955
0.303586
0.190398
-1.399995
1.883030
-0.162609
1.624714
0.298311
1.502459
-0.295512
0.003880
1.515106
1.731614
-1.389483
0.303663
0.230067
1.821427
-1.687495
1.495587
0.441400
-0.313760
0.141280
0.112521
-0.018879
-0.015953
-0.238249
1.517253
-1.406983
0.207068
1.627132
0.202880
1.505996
3.657376
-0.167158
0.042396
0.447357
0.074639
-0.228124
0.229730
-0.007033
0.168147
1.326553
-0.055512
-0.184692
0.216100
1.446796
0.029522
0.028092
1.470261
1.527712
0.321911
-0.324832
1.914872
-0.120912
1.784196
0.023008
-0.147318
0.531965
0.552018
1.552503
0.156840
0.247840
-0.365692
-0.027698
1.523733
0.272758
0.996344
-1.361290
0.243368
1.543171
-0.046617
-1.323096
-0.075173
-0.207984
0.069211
0.312079
0.274148
0.315632
0.105355
0.304752
0.327560
0.183008
0.119785
-0.240030
1.535317
1.529344
0.100632
1.804558
0.018521
-0.273525
1.497769
-0.231226
-0.202334
1.784332
2.036387
-2.176581
0.060910
0.230988
-0.189502
1.527106
1.535349
0.095829
0.266831
-0.293930
-0.159365
-0.257176
1.475901
-0.209739
1.419127
0.139630
0.210051
-0.049125
0.168639
-1.844824
0.028186
1.731327
0.300310
0.257337
-0.124010
-1.775368
-0.069096
-0.264581
0.196776
1.481977
-0.081338
0.118775
0.355480
0.419372
0.139631
0.245140
0.175544
1.675831
-0.263486
0.387126
0.208748
0.283357
0.231878
-0.078893
1.520819
-0.327047
0.228867
-1.345563
-0.033642
0.140806
-0.228528
0.159639
-0.043472
0.266400
0.199347
-0.583885
0.322187
0.160688
0.237326
-0.002172
0.151661
0.897907
1.907698
0.242513
0.458823
2.322393
0.152743
-0.292819
0.298324
0.043979
0.253803
0.302305
-2.132517
-0.185707
0.314113
0.046140
0.084830
0.259106
0.294816
-0.128851
-1.408851
0.441955
1.480375
0.340124
1.620319
0.050569
0.034728
0.073952
-0.019544
-0.192570
0.043883
1.457786
1.527127
-0.344594
-0.639965
1.622878
-0.181499
-0.523945
-1.442966
-0.028721
1.447065
-0.067050
-0.028156
0.015980
0.454388
0.391838
0.044963
0.014917
0.265742
-0.280088
1.987492
-0.066264
0.051142
-0.243996
1.429796
-0.211194
-0.206171
0.268954
1.981056
-0.211889
0.348957
-0.185919
-0.109393
0.040855
-0.253984
0.187506
0.245451
1.901323
0.037860
-0.393274
-0.211197
-0.233714
0.218575
0.345938
-1.836399
0.120637
-1.803013
0.344144
1.552423
-0.197045
-0.033046
1.507917
-1.406009
0.348990
0.083543
-1.517482
-1.839687
0.244992
0.390330
-0.476103
-0.275386
1.533750
0.112947
0.344278
0.199036
0.101977
-0.505005
-0.173891
-0.197487
-1.425766
-0.113018
-0.309156
0.200017
0.002538
0.050304
-0.000370
0.317560
0.251867
0.209758
0.231912
0.272133
0.024014
1.606242
1.493171
1.579573
-0.247080
0.153563
1.460232
0.290485
0.381350
0.173314
-0.174903
-1.356391
-0.218564
-1.688573
1.548681
-0.256741
-3.165391
0.028668
-1.453140
1.479158
1.434156
0.239662
1.393685
-0.190755
-0.039151
0.028638
0.311142
-0.234882
0.263783
-0.025111
0.916467
-0.298697
-2.326931
-0.168012
-0.269715
0.079176
0.219479
0.127752
-0.280686
0.276335
0.231559
-0.729644
1.511174
-0.524213
-0.050236
0.342208
1.577707
-1.427345
-0.223037
0.016069
0.191365
0.187449
0.140880
0.280688
0.019522
-0.244214
1.482918
0.164520
-1.385459
0.224325
1.496332
-0.410567
0.277895
0.058821
-0.348354
-0.024628
0.338622
0.111016
-0.265591
0.256243
-0.321812
0.355728
0.334947
1.591964
1.422798
0.036483
1.113968
-0.186306
0.283051
0.458786
0.308296
-0.286388
-0.196024
1.637020
0.074816
0.299783
0.354735
-0.622712
-0.221140
-0.135936
1.524769
0.128539
0.042997
0.450915
0.217560
0.083867
-0.179825
-1.731653
1.505523
0.012550
-0.023215
1.796723
-0.079354
0.286955
-1.862364
-0.212387
-0.035826
1.630293
-0.373662
-0.156838
1.379644
-0.171659
1.658237
3.471019
1.533353
1.603468
-0.342331
1.915834
-0.234832
0.025058
0.149755
0.190603
0.263921
-0.014640
1.439237
-0.255799
-1.725896
1.566853
-0.039774
0.375969
0.302032
1.673475
2.172944
-0.020892
0.146985
0.185153
-0.043303
-0.567938
1.977375
0.018227
0.275630
-0.273752
-0.173692
0.173897
-0.473257
-0.544468
0.291556
0.164202
-0.291939
-1.434336
-1.355179
0.060417
1.538625
0.225195
1.514382
0.666814
0.253251
-1.332672
-0.001065
0.239566
0.086616
0.273490
-0.226718
-0.037506
-0.146386
-1.396827
0.771519
0.171421
-0.198426
-0.106754
0.037433
1.496045
1.753305
-0.195450
-0.031320
0.364470
0.450297
0.207450
0.166603
0.624988
1.837223
-0.215701
0.222272
1.565605
-1.513643
0.209181
0.213858
0.257377
1.656591
-0.007192
0.421483
0.121033
-0.039442
0.021293
0.190660
0.280145
0.089766
0.315570
-1.778959
0.222820
1.602973
1.503486
1.529469
-1.382772
0.249284
-0.219904
-0.048097
0.270024
0.180632
0.341927
1.707452
0.212623
0.349405
0.191719
1.587205
0.023343
0.098677
0.144860
0.302317
-0.182634
1.498088
-0.096913
0.172264
-0.063145
-0.256375
0.088165
0.352633
1.561201
0.182044
-0.221686
-0.422315
-0.272063
-0.442018
1.516658
0.082112
1.541881
0.167701
0.423726
-0.165636
-0.362274
-0.234404
-1.718763
0.314507
-0.345614
0.282072
-0.436591
-0.169850
-2.430550
0.223551
-0.159773
1.706581
0.415940
-0.245346
0.190420
-0.271339
0.425365
0.256820
-1.328546
0.002714
-0.231811
1.434249
0.219370
0.243077
0.208089
-0.322993
1.458079
0.034871
0.017166
0.325432
-0.054455
0.076008
0.069088
0.116832
0.274466
1.552154
1.252992
-1.381186
0.055684
1.672351
1.852768
1.450559
-0.169264
0.052554
-1.956627
1.508215
0.381923
0.363728
0.319458
1.046853
1.553991
1.611348
-0.004437
-0.171854
0.000773
1.516854
1.698325
0.242269
0.016241
0.251313
-1.543565
-1.284198
-0.274928
-0.187605
-1.528774
1.525575
1.508627
0.014916
0.226000
0.263665
0.196649
1.570799
1.849843
-0.300945
0.324888
0.321435
-0.218897
0.175240
0.770994
0.036307
0.773215
0.385728
0.212592
1.604851
0.023922
1.520221
0.245513
0.088026
0.186042
0.045486
0.353470
0.465961
-0.176393
0.293762
1.510172
1.659183
-1.069198
-2.348216
-0.069123
0.357712
0.279925
-0.232522
0.210228
0.014628
-0.201789
-0.230127
1.567995
-0.026821
1.600011
0.256888
-0.041529
-0.277558
0.193181
-0.187602
-0.092242
1.821184
0.392866
-0.124086
1.556916
1.558875
-0.164781
-0.052512
0.291199
0.179832
0.248204
1.516563
-0.063173
-0.285810
0.214872
0.226873
0.013586
0.091738
-0.135787
0.116918
0.131654
1.463488
0.201368
-0.252508
-0.437926
0.226760
-0.207883
-0.231531
1.737693
-0.179116
0.302720
1.501632
