-1.997424
1.597817
0.083141
0.502843
1.951303
-0.286051
0.917950
-0.950547
-3.926991
-2.756435
0.145310
0.000000
-2.723368
0.734594
-2.396173
2.089942
-1.703348
-0.083141
1.776192
2.068139
-2.236766
2.514850
-2.553590
-1.019141
2.884269
2.034444
-1.292497
-0.090660
0.054002
0.967047
-1.393200
-2.647651
-1.760785
-1.824470
1.541393
-2.249459
0.392340
0.748378
0.921801
0.806672
-3.283490
-1.224257
0.085505
-10.045027
-9.888426
0.674741
2.283154
-1.892547
-1.756144
-0.212938
-0.805003
2.498092
-0.442374
1.773842
2.070143
-0.251690
1.809406
1.620755
3.090355
1.875307
-1.347320
2.034444
2.158799
-10.375325
0.680521
-2.988943
2.098871
-0.990794
3.003587
0.000000
2.412738
-2.770701
-0.232557
-2.972491
-0.337878
-0.284730
-1.965587
0.027020
-1.834760
1.034985
-1.471128
1.205595
1.272297
-0.785398
-1.007480
1.161888
0.906750
-1.929567
-0.605545
-0.844154
1.343997
2.009133
-1.054566
0.000000
-2.712815
-10.460619
-2.714965
-1.957672
1.494024
-0.204018
-1.495936
9.203464
1.162647
1.994991
2.487510
-1.194835
0.932477
-0.764993
-2.010639
0.767856
-0.699893
2.389515
1.441094
-0.528074
2.492597
2.034444
0.343024
0.732815
-9.424778
-2.273053
-0.891383
-1.761981
-3.386571
2.588298
-3.038511
-0.700854
-10.210176
3.190335
1.030377
-1.489892
-0.670522
1.465919
2.284887
-0.854255
2.009133
-1.856848
2.410686
-2.083186
0.057081
-2.140110
1.913820
2.181522
-0.055499
-1.107149
2.601173
-2.485897
2.666582
-1.859772
1.359703
0.026310
-0.620249
-0.617191
0.451453
0.694738
1.913820
-1.006227
0.439843
-1.471128
1.325818
-2.873226
2.338652
-2.995580
-0.601074
1.935998
0.169778
-2.150799
1.499489
1.570796
-0.463648
-0.207496
-1.665748
-0.032247
-0.486899
1.677532
-2.265535
-0.363979
-1.515298
-1.155304
-2.863293
-3.169363
2.011976
-0.896055
-1.034361
0.530216
1.597817
-0.054002
3.014083
1.158386
1.512041
-0.251690
-0.110657
2.275290
0.238609
-2.521343
-1.670465
-3.169363
2.393215
-1.373401
-2.964884
0.805803
-2.910502
-1.735945
-1.739898
1.535097
-2.530867
-2.259721
2.884269
-1.877842
-2.498092
1.083897
-0.367174
-9.720219
-0.856706
1.051650
-1.907471
2.646041
-0.947597
-2.022249
-0.515549
-1.570796
-1.845706
0.892134
-10.286948
0.449760
0.390607
2.015216
1.701624
-2.089942
-1.570796
1.570796
-2.034444
2.166995
-1.645656
-2.819842
-2.930499
-2.855541
2.877629
-2.179486
2.166995
-10.724627
1.869295
2.158799
-1.961403
-2.638749
-0.576375
0.530216
-2.512796
0.000000
-0.339293
2.450256
9.227382
-9.854540
1.516795
1.299849
-1.088283
-0.832981
9.167454
2.689439
1.523213
1.256564
-2.338015
-2.631104
-2.910502
-0.221314
-10.766342
-2.234842
0.110657
0.887087
-0.365201
1.975688
1.520838
0.610726
0.834539
-2.086345
-0.724250
-1.892547
-2.319174
2.070143
-3.816334
1.177738
-0.975386
1.570796
3.275914
-2.457883
-3.068552
-0.113792
-2.089942
1.869295
-0.244979
1.107149
-1.338239
2.736701
1.487655
0.685730
-10.107095
0.334737
1.398606
-1.515298
0.916714
-0.189988
-1.256564
-0.346539
-1.804540
-2.299651
-10.133404
-0.244979
-0.602287
9.179799
2.440738
2.068139
2.301703
-2.316216
-0.244979
-2.944197
-1.570796
-0.811034
-1.492012
0.657889
-9.678452
0.401871
-0.815692
2.256526
-2.870646
-1.471128
2.107232
3.068552
2.700413
2.574863
-0.749699
-1.446441
2.386488
-3.216453
-2.256526
-3.027801
-2.654693
0.047583
0.907593
-4.795530
-0.580756
1.759018
0.765793
1.414194
-9.969642
2.299651
1.418147
-2.276365
-2.574863
-1.463106
-1.385448
-10.116115
-0.746956
-9.999083
-2.827972
2.034444
-2.626044
-3.039386
2.321725
0.000000
-0.665969
-2.750986
-2.922924
-2.999696
0.331096
0.856706
-2.191046
-1.845706
-0.027020
1.390943
-0.365201
2.863293
-3.101614
0.962107
-1.332187
2.320495
-2.223643
-1.152572
-2.119346
-1.019141
-1.398606
2.173084
1.240499
1.570796
-0.876058
-0.859337
1.512041
-2.508844
-2.053310
1.190290
-10.776905
2.282255
1.695151
2.533791
-2.723368
-1.875307
-1.325818
1.266285
0.764993
-3.290483
-2.907849
0.438337
0.090660
2.080389
-1.537475
-3.194176
-0.114877
-0.652847
1.951303
1.292497
2.819842
1.951303
-2.239086
-0.450661
-1.969319
-10.334531
-0.623199
-0.832981
-1.730709
-2.356194
-1.107149
-2.866683
-2.024135
3.209669
-10.240470
-3.062809
-0.973620
0.916714
2.397837
-2.819842
-2.396173
-3.737792
0.104877
-3.064821
-1.619538
1.624798
2.297439
2.629203
0.029403
1.768192
-3.265948
-2.609869
-10.035504
-1.951303
-2.521343
-0.827041
1.341564
-10.238740
2.158799
0.643501
1.963136
-0.803578
-3.224734
-1.965587
0.346539
1.823351
2.466852
0.429762
-0.475695
0.945311
0.428778
1.306833
0.058756
0.999459
1.130954
2.173084
0.244979
2.863293
-1.570796
-2.537843
-1.359703
1.126377
1.058407
0.099669
-2.727086
0.596199
-1.882838
-2.677945
-1.520838
2.700413
-2.761086
0.900275
-1.016489
1.432790
-10.137136
-3.262216
-1.401018
-1.194835
-2.045807
-0.766532
-0.141897
-1.152572
-1.118642
-0.024385
-0.073041
1.839163
-2.859038
9.143546
0.588003
0.074860
-2.914794
-10.553200
-1.806341
0.428778
0.390607
0.868539
0.330297
-0.674741
9.121893
1.240499
1.815775
-3.444478
2.245537
0.159913
1.299849
-1.012197
1.892547
2.782822
1.620755
2.446854
1.122073
-9.907291
-0.189988
0.209023
0.074860
-0.945311
1.468590
2.439336
-0.588003
-2.827972
-2.356194
-2.158799
-1.313473
0.132552
-1.866237
-3.675301
-3.605240
-0.561163
2.873226
1.457004
-1.922241
-2.010639
2.788602
2.129396
-2.690140
-3.721595
0.917950
2.453921
-1.165905
1.678486
0.597177
-0.968509
-1.907471
0.418224
1.390943
-2.710900
-2.173084
-1.519559
0.165149
-9.583433
1.901094
-1.231504
-1.075245
-2.922924
-3.241261
0.497343
2.181522
0.463648
-0.694738
-0.825377
0.519146
-0.748378
2.770701
1.159732
-2.976444
-0.380506
0.221314
0.862170
-3.291964
2.356194
0.580756
2.427502
0.855053
-0.927295
0.704494
0.463648
-10.871219
2.131960
2.080389
-0.594759
-3.194176
2.389515
-2.104505
1.544487
-1.614247
-2.374374
-0.348771
-0.441179
0.523278
2.743070
-2.654693
2.142134
1.701624
2.432966
-2.268699
-0.643501
-1.257176
1.318242
-1.249046
0.418224
-10.476428
-0.945311
-2.418613
-0.927295
1.997424
-0.746956
-0.076772
-0.766532
0.197396
0.785398
-1.174355
-1.712693
2.356194
-2.772259
-0.397079
-1.194835
2.660705
-9.765757
-1.991460
1.460139
-1.477320
-2.379446
2.776391
-1.809406
-0.499347
-2.761086
-1.397551
-2.782822
-0.954499
-0.375271
2.203545
-2.072400
-1.570796
1.701624
-0.665969
-0.085505
1.871717
-3.072736
-0.688924
2.010639
0.785398
0.156602
-1.867342
1.618379
1.975688
0.628796
2.317752
-1.841743
-2.219128
-10.045027
-0.836202
-2.665125
9.236556
1.388628
-0.628796
1.831399
0.785398
2.299651
0.463648
-1.487655
-0.811034
-1.138389
-1.142018
-2.772259
-1.876675
-2.470449
-1.529154
1.480136
-0.037020
-0.141897
-0.571337
-1.492012
0.339293
2.179486
-9.791952
-1.231504
0.602287
-1.735945
-0.422854
-1.017502
1.789465
-1.900421
