1.601090
-2.191046
1.757776
2.707639
1.060308
-2.726101
0.030294
2.651635
-2.377468
-1.789465
0.252554
1.661456
-0.694738
9.451088
-2.665897
0.711459
0.412410
2.647651
2.529055
-3.077166
2.712815
0.485622
-0.516231
-1.425486
-2.642246
-2.615526
2.819842
1.264917
9.355123
-0.580756
-1.026516
2.882822
1.831399
-0.475695
-1.272297
-1.594601
1.633215
-1.085174
2.105751
-1.523213
-0.896055
2.566168
1.349482
-2.471071
-3.020969
3.114572
-1.158386
0.313621
-2.611377
2.068139
-0.804264
9.268176
2.405335
1.030377
1.911775
0.519146
-1.452306
3.306741
-2.187093
1.264917
0.127510
0.257324
2.491722
-1.396124
-2.732685
-2.553590
-2.013171
9.331301
-1.284745
-2.459276
0.000000
-2.785957
3.111299
1.994991
1.926432
0.380506
2.316216
0.572966
-1.272297
1.002272
-2.158799
0.055499
0.519146
1.091277
-0.916714
2.644250
1.051650
-0.269167
-2.811968
3.020969
-1.940130
0.990040
2.337329
-1.165905
-3.013269
-3.141593
1.932526
-1.369034
-2.546833
0.724250
0.581380
-0.385158
-3.075024
-2.337329
9.349918
1.257895
1.325818
-3.202125
0.595410
1.716106
-2.655971
1.865031
-0.369334
-0.802346
-0.159913
1.570796
0.051237
-0.027020
1.439969
2.184004
1.025932
0.156602
-1.495936
-0.226799
2.245537
9.203464
-2.436024
-0.493941
-2.474287
0.088007
-2.944197
3.167902
2.803714
-1.692148
0.916714
2.422763
0.344647
-0.361729
-0.580003
0.107690
2.307054
1.661456
1.965587
1.107149
-1.870967
-2.919511
1.382575
-0.463648
-0.637549
0.134321
0.222082
0.927295
1.165905
0.643501
-1.066630
-1.190290
-2.790148
1.823351
2.282255
0.805803
-1.354711
1.538549
1.595791
-2.508844
-0.492486
-2.087027
-2.634494
1.774814
0.876058
2.811968
2.507570
1.858852
-2.709185
-2.323948
-0.450661
-0.463648
-0.982794
9.103027
-1.304544
-1.665748
2.510513
-1.304544
2.526930
1.267911
2.140110
-2.903757
-0.965252
-2.704965
-1.385448
-2.749253
0.451453
-2.530867
-2.572279
-1.518213
-0.141897
2.756435
2.482787
-1.940130
-1.292497
9.296455
1.146602
2.199593
0.298499
1.892547
0.237836
-1.162647
-0.907593
0.207496
2.197539
0.922985
-1.058407
-0.812419
-2.774419
2.427502
-2.143762
-1.862253
2.804918
-0.825377
-1.797595
-2.287338
-0.450661
-3.312328
0.215358
-1.025141
1.570796
-0.944053
-3.002953
1.136126
1.762844
-1.732171
-2.530867
-1.410883
0.090660
-2.595938
-0.022723
-1.388628
0.000000
1.869295
2.819842
3.141593
-0.881872
-2.023575
-2.730528
-2.083186
0.601074
0.411065
2.054243
-2.356194
-0.449760
0.484478
-1.121037
0.192048
2.530867
-2.245537
-0.222082
-0.712358
3.077166
-0.348771
-3.073516
-0.296546
0.920926
-1.425486
1.508378
2.546833
0.476467
-0.769006
2.166995
9.259629
1.274251
-0.933248
2.761086
-2.191046
-1.815775
0.216085
-0.135528
2.253113
0.561922
-1.471128
2.756988
2.301703
2.903757
2.191046
0.117109
2.770701
1.570796
0.509592
-0.885067
1.541393
0.522403
-1.279340
-1.961403
0.090660
-2.545394
-0.298499
2.667741
0.284730
-2.733444
0.558599
-0.291457
-2.838708
1.438245
2.356194
-0.186979
0.597177
-2.390664
-1.040581
-1.364472
-0.512389
0.463648
2.932570
1.999574
-1.519559
2.677945
-2.595938
-1.668050
1.821239
1.284745
0.556166
2.498092
1.341564
1.752965
0.486899
1.007480
-1.965587
-2.135366
1.468590
-0.476467
-1.449444
2.870646
-2.268699
-0.078784
-1.428899
2.142134
1.129617
-2.588298
1.159732
0.150371
-2.482787
-2.736701
-1.951303
-1.801887
-1.594048
2.373737
-1.622033
-2.566168
-1.647568
-1.603043
-2.223643
0.638320
1.992216
2.070143
-0.344647
-0.628796
-0.632749
2.312744
-2.373142
-0.358771
-2.145101
1.824470
1.946757
2.005467
0.110657
2.045807
1.570796
-2.034444
2.356194
0.197396
-0.485622
-1.892547
2.863293
-2.626044
1.622033
-0.540420
0.917950
1.960113
-2.299651
0.352990
1.107149
-2.521343
1.647568
-2.553590
0.313621
0.312901
-1.176005
0.141897
-3.066733
-0.452778
-2.462930
2.553590
0.531724
1.373401
-1.873681
-2.177784
1.989021
-1.460139
1.892547
-0.127510
0.453844
0.212938
-0.442374
0.885067
2.827361
-1.965587
-1.289024
-1.257895
-0.718830
9.167454
-2.295046
2.287338
-2.891150
-1.460139
1.623379
1.051650
-0.551655
-1.849096
2.634494
-1.642104
2.938547
2.532903
-1.570796
-1.289024
-1.159732
2.436024
-2.203545
0.463648
1.631328
0.626743
-2.568627
-1.001483
0.785398
-0.463648
1.405648
1.667270
-1.489892
-0.510488
-2.749253
0.174672
1.465919
1.965587
-1.617274
-1.152572
-1.014630
1.627877
-2.976444
1.378748
1.941688
2.034444
-0.632749
0.822418
-2.779863
-0.698660
-0.485622
-0.671144
0.024995
-2.378413
0.421419
-0.397079
-2.508844
-2.019520
-1.841743
1.076855
-1.815775
-1.312025
0.291457
-3.141593
2.080389
-1.735945
-1.768192
-1.054566
1.940130
1.852568
-2.884269
2.655971
2.743070
-2.356194
-0.947597
-0.321751
1.257176
0.974597
0.348771
1.405648
-2.083186
-1.161888
-1.150133
-1.862253
-1.378748
-2.198105
0.486899
2.492597
-2.301703
9.251532
-1.663553
2.666582
1.061204
-1.862253
2.582993
3.092851
2.034444
-2.393215
0.750929
-0.785398
2.107232
-1.759018
-2.436024
-2.093200
1.951303
-1.544487
1.808632
1.768192
1.815775
0.361729
1.055247
2.194819
1.119343
2.338652
2.690140
-1.841743
1.913820
-2.047264
-2.007423
0.185348
-1.239700
2.877629
-3.091634
-0.859337
2.991221
-2.098871
2.101012
-1.882838
-2.375800
-2.545394
0.648996
2.034444
-1.946757
-0.879459
1.467715
1.951303
1.165905
-0.876058
1.773118
-0.093477
1.687905
-2.930499
0.463648
-0.501604
0.365201
-2.406153
-0.714091
0.876058
-2.124091
-0.083141
-2.909036
2.080389
0.215358
1.750650
0.967047
-0.685730
2.047264
-2.809533
-2.092631
2.271651
-2.709185
-0.141897
1.025932
-2.132718
-1.951303
-2.356194
-0.546789
2.615526
3.013269
-9.493634
0.278300
-0.281772
-3.014083
-1.217806
-2.625362
-1.080839
-2.916881
-2.788602
0.837981
1.495936
-0.903490
-1.048962
-3.033903
-2.803714
0.085505
3.092851
2.981680
0.953605
-2.642246
1.692148
1.731559
0.000000
-2.856862
2.436024
0.767218
-0.712358
-0.165149
-2.406998
-2.120650
-1.885554
-2.010639
-1.993650
-2.796945
1.606495
-2.524401
-2.596729
2.622447
-3.026716
-0.438337
-2.578276
-2.688814
0.398522
0.588003
-0.730907
-1.908675
-2.111216
1.631328
0.336675
-1.892547
2.378413
0.945311
2.769525
-0.107690
2.710900
2.462930
2.142134
-2.471071
1.107149
1.093451
-0.138006
-3.141593
3.087591
9.400393
9.424778
2.356194
-1.274251
1.883698
-2.034444
-1.691420
-3.141593
-2.475623
-1.708802
-0.708626
-1.304544
-1.129617
2.303611
0.876058
2.265535
-2.766322
1.332187
0.837981
-0.749699
-0.375271
-1.208252
-2.595938
-0.942000
-1.701624
2.338652
2.667741
0.888480
2.391894
-1.892547
-0.588003
-2.925508
-0.601074
-0.352990
-0.232557
-2.992703
-1.937970
2.045196
1.797595
-3.272420
-2.938547
1.631328
-0.899652
0.654083
9.367697
2.022950
-2.750986
-0.630401
1.030377
0.080904
-1.019141
2.770701
-2.214297
-1.797595
1.546411
9.300423
-1.092444
