0.121913
0.210310
-0.083667
-0.806740
2.436114
-1.181100
-0.091003
-1.128311
-1.913829
0.069463
2.047852
1.324509
-0.114230
0.112043
0.036599
-0.149177
0.180587
0.091464
1.134432
0.163929
-0.455279
-0.130129
0.024436
-0.411282
1.806333
-0.036411
-1.465531
-0.317557
-1.450824
1.039206
0.073113
0.004559
-2.294562
-0.168719
0.126740
-0.997701
-0.089047
0.187212
0.218919
-1.233794
0.270147
-0.696421
0.397743
1.047789
-1.065237
0.226347
0.083439
-0.006142
0.140268
2.969932
-0.764451
-0.076462
0.077818
-0.417597
0.196390
0.055083
0.163883
1.155902
-0.189736
0.112832
0.059628
-1.033535
-1.253095
0.131059
-1.501537
-0.874678
1.662308
0.074118
-0.329469
1.306712
-0.427591
-1.267301
-0.259876
0.027886
0.108629
0.233107
-1.128932
0.792023
-0.919528
1.084046
-1.231418
-2.136148
0.258904
0.400097
0.061735
-0.046158
0.128684
0.392798
0.282971
1.986551
0.584879
0.089448
1.181212
3.263735
-0.120798
-1.050990
-0.709273
-1.802149
-0.173231
-1.864183
1.132985
-0.187789
-0.119474
0.261848
-1.163082
0.198684
-1.210252
0.291613
0.326887
0.040408
-1.169789
0.253359
0.159751
-3.677039
-0.962959
0.187493
0.182880
-1.286441
-0.430545
0.182815
-0.075615
-0.175528
-1.453388
-0.064370
0.921248
1.247931
-1.445378
0.112922
0.894980
-0.095193
0.098043
0.130540
1.320684
-1.134697
-1.089676
0.672969
0.032282
-1.501378
-2.036496
0.101232
0.922053
0.389472
0.013011
-0.319032
-0.154665
0.106000
1.593209
-3.089565
0.177170
0.649500
1.474987
-0.233024
0.304194
0.197458
0.727276
0.155731
0.315740
0.139560
-1.037367
0.709784
0.204446
0.077807
0.341085
0.079837
1.654536
-1.218210
-0.915749
-2.451487
0.129987
-1.121752
0.782560
0.102020
2.124708
-0.170565
-1.102527
-0.051571
1.275685
0.105348
0.029426
1.279724
0.044182
-0.047667
0.096604
-1.028820
0.044609
-1.380498
-1.309361
-1.928438
-0.047499
-0.065300
-1.156660
-1.075490
-0.326207
-1.443300
-0.063243
0.062192
-1.164461
2.557881
-0.184752
0.727936
-1.037063
-1.088044
-1.376896
-2.419439
0.697095
-1.146813
0.366540
-1.044979
0.203020
-0.010775
0.108671
0.113749
0.180866
-0.279689
-0.200547
0.132108
-0.243585
1.213978
-0.036279
-0.949494
-0.040919
-1.816277
0.373353
-0.000083
-1.331247
-0.053418
-3.054491
-1.274589
0.337583
0.245349
-1.803188
0.103947
-0.303842
-1.086583
-1.184299
0.369734
-0.191438
0.261187
0.111034
1.929453
-1.191141
0.831825
-0.998055
0.000157
-1.798801
-0.289045
-1.136411
0.049579
-2.159582
0.346181
0.104893
0.375984
0.109417
0.078450
-0.821927
-0.128199
0.130271
0.189887
0.102361
-1.003346
0.288487
-0.186468
-1.129101
-0.126471
0.113341
1.302874
-0.154468
-0.955900
-1.653302
0.036703
-0.342652
-1.513926
-0.143130
-1.119809
-1.057298
-0.027770
0.269597
0.770572
-0.236201
0.278637
-0.274398
-1.014679
-2.027865
-0.183305
1.921041
0.793470
0.066978
0.270467
-1.538367
-0.034205
0.111699
-1.076070
0.157932
0.133941
0.235169
1.195440
0.111148
-0.043481
-0.026618
0.112845
1.464542
-0.009165
-0.198268
-0.163176
-1.158871
0.089760
-2.825870
0.051576
-1.207960
0.517913
-1.373405
-0.111385
0.196268
-1.129606
0.116177
-2.335449
-1.108512
0.040593
1.605060
-0.037409
0.449814
0.069517
0.337141
-0.067562
0.104982
0.151409
-0.043378
0.221105
1.267057
0.280937
-1.458890
-0.079492
-0.979176
-0.215424
1.330063
-0.180391
-1.107104
1.288884
-0.160631
0.020206
-2.105569
-1.602718
0.119435
-2.499899
0.062021
-0.882788
-0.993408
0.139776
0.216306
0.190846
1.411546
0.193283
1.295099
0.219068
0.167195
1.475758
-1.049327
0.013111
-0.030194
0.210047
-1.520743
-2.121288
0.960977
-0.273541
-0.066027
-0.304201
0.167230
0.169931
0.061086
-1.185326
1.210482
0.195656
1.229577
1.912382
0.233755
-0.351844
0.422568
-0.128864
1.311759
0.081061
1.122280
-0.237134
-0.005680
0.349671
-2.045630
-1.595735
0.143343
-0.035156
-0.150988
0.045422
-1.831177
0.167935
-0.009072
-3.186548
-1.685785
-1.010786
-1.221510
-0.091683
-0.211495
0.212582
0.218850
0.693796
-1.245224
-2.987391
0.165563
0.086832
-1.285443
0.175843
-1.600661
-0.217786
-0.074438
1.288018
0.236143
0.300713
1.267059
-1.310587
-1.520490
0.229877
-0.200911
0.860446
1.241508
-0.068534
0.050293
-0.165336
0.033462
-0.779116
0.007664
-0.206996
-0.934426
0.146791
0.164484
0.243492
-0.068167
1.220773
0.071236
-2.382744
-0.080096
0.218799
0.214679
1.451889
-1.058717
0.072046
-0.138004
-0.118876
-2.749067
0.216590
-1.339343
-1.299177
-0.262254
0.021341
1.085034
-1.472173
0.028067
-1.371125
1.564863
-1.094892
-0.022569
0.237831
-0.286208
-0.337145
-1.048592
2.294218
-0.085821
-0.322224
0.399202
0.664260
1.872445
1.395720
-0.146144
0.147738
1.878594
0.812234
-1.375346
0.042287
0.323082
0.210320
0.355051
0.118939
0.022584
1.521172
0.472055
-0.224878
1.957595
0.370583
0.120448
0.478449
0.122652
2.026500
0.061415
1.167995
1.184249
0.061119
-1.539968
1.955819
0.028428
-0.131368
-1.279067
-1.187349
-1.649659
0.039008
0.206382
0.053477
1.244443
1.359889
-0.887109
-0.070085
0.097723
2.792832
0.255940
-1.104892
0.746949
-1.700541
-0.222715
-1.695402
-0.155018
1.218128
-1.102823
0.273995
-0.865934
-0.074777
0.290043
-0.056153
-1.112985
-0.332202
-0.226167
-1.320565
0.415827
-0.306724
-0.282778
-1.187094
0.201351
-1.868958
0.005800
0.107378
0.212327
1.254787
-1.185628
0.071905
-1.349697
0.058975
-0.248673
-1.095508
-1.848320
-1.353274
0.789265
-0.704627
-0.019559
-1.231201
0.183827
2.011370
0.302674
0.245820
0.264380
-2.768433
0.127109
-0.106038
1.221749
-0.062394
0.068704
0.180346
0.114901
-0.473003
0.043813
0.182380
-0.028046
-0.016393
0.208519
-1.889692
1.151875
-0.064587
0.091638
0.175803
-0.177114
0.293665
-0.106466
0.669228
-1.124288
-1.093437
-1.042006
-1.245805
0.111110
0.080309
-0.143678
0.192552
0.965184
0.123799
-2.332545
1.360380
0.170612
-0.056361
-0.181219
0.356162
-1.730094
-0.801944
-0.288151
-1.924355
-0.287781
-1.154089
0.117022
-1.598339
-0.995076
0.007354
-1.629573
0.312890
1.338355
0.211044
1.875462
-1.161682
1.525552
0.016504
0.448876
0.099926
-1.038975
-1.633292
-1.490143
0.357723
-0.074451
0.271298
-0.083558
-1.554515
-0.603714
-0.764902
-0.670122
-0.039206
1.249209
-0.281226
0.218139
-1.288217
-1.130605
-0.270563
0.967439
0.382711
0.262009
-2.171750
0.016228
-1.113859
0.850297
-3.067640
1.360943
0.487698
1.197728
1.829857
1.296949
0.025197
-1.712213
0.030552
0.453647
-1.171586
1.250571
0.253167
-1.963739
0.459146
0.305191
0.282765
-1.501757
0.089111
0.029700
0.130176
0.254067
-3.113753
-0.045414
-5.045269
0.078360
-1.265237
-1.255096
0.014169
-2.079027
0.601436
0.271672
0.139352
0.088961
-1.596996
0.074972
0.188366
0.405884
-1.325210
0.085346
-3.115276
-0.973567
-0.276270
0.151159
-1.024526
0.304678
0.201055
-1.848298
0.124782
-0.036584
0.086023
-0.203020
0.007530
