1.058800
-0.947062
0.630078
0.486757
0.815133
0.696894
-1.351526
1.969666
0.235654
-0.416239
0.568324
-1.114929
-0.704356
1.878282
1.972493
-0.955899
-0.910486
0.346898
0.368102
0.827243
1.841533
-1.107068
0.244622
0.572745
0.473516
-0.772089
0.063533
2.141727
0.799890
0.187635
-0.661442
0.682024
0.226783
-2.322444
0.587587
-0.832508
0.473772
0.191567
0.502512
0.433000
0.517503
0.523596
-2.659411
0.476532
0.307904
-1.013577
2.076712
0.614507
0.543489
0.590839
0.736921
0.537081
-1.481249
-1.271231
0.106064
0.854264
-0.680963
-0.701749
-0.853118
0.399133
-2.760833
0.834393
0.591816
0.281388
-1.438948
1.857678
0.642259
0.443358
-1.066721
0.510035
0.598539
-1.108567
-2.533519
-1.428833
0.537209
0.362707
-1.015496
0.906378
-0.978028
2.197930
2.056019
0.637028
-1.493148
0.119123
0.470096
0.060342
0.293011
-1.693197
-1.431567
-1.037939
-0.773567
2.603910
1.751564
1.851833
0.513873
2.560728
0.657681
0.674885
-0.341334
0.697060
0.364201
0.559737
0.114006
2.098613
0.619347
0.611579
-1.606898
0.447154
-0.529423
0.621907
0.595829
0.629162
0.478491
-1.433717
0.344574
-2.630963
0.722602
0.755755
2.090056
1.614354
0.692617
2.006648
0.477896
0.489438
0.028729
0.338860
-0.657868
-1.158431
-2.390394
-0.521350
2.052384
2.403701
-1.094729
-0.918640
2.043586
2.061418
0.294189
-0.784895
-2.734792
-1.448897
-1.217139
-0.724882
0.222632
0.470978
0.319566
0.807489
2.032863
-1.519329
0.782048
0.485433
1.908001
0.402223
0.607414
1.930188
2.281535
-0.893062
0.495988
-1.362845
-1.058637
2.313025
2.144126
0.876693
0.266415
-0.615956
0.228341
0.565353
1.141370
0.498717
0.143049
-1.267897
-0.582203
-1.380417
2.328159
0.810823
0.716346
-0.691631
0.196089
-0.937098
1.875603
-2.050085
1.173255
0.560084
1.873696
-1.201688
0.455587
0.060913
-0.982674
0.747561
0.593544
-1.165962
0.579182
2.500787
0.550937
0.475172
-1.287790
0.325552
-0.719756
0.534162
-1.393738
0.476744
2.033039
-0.739602
0.264448
0.728863
2.139266
0.507688
-1.214479
0.254884
-2.568666
-0.946744
0.425785
-1.029058
1.949802
0.590077
-1.481433
-1.269651
0.490889
0.079055
0.374071
-0.942584
-2.386008
-1.140167
2.091035
0.485201
0.437425
-1.084131
0.551730
-1.502209
-1.554312
-1.650608
0.555827
2.021978
0.021716
1.451570
0.637702
0.437769
-1.012347
-2.534077
-0.556289
-0.921488
0.535431
2.322532
-2.645659
0.615657
0.476390
0.654021
0.662707
0.557174
2.304840
-1.013061
0.766978
-1.241837
0.486448
-1.506147
0.053296
0.511528
0.401531
-1.462902
0.574685
0.369570
0.410880
0.348578
0.676678
0.441769
2.196104
0.470759
2.186571
0.639149
1.946785
0.610845
2.273443
-1.441733
2.087359
0.237816
0.553927
-0.512837
1.863035
2.301033
0.728518
0.568739
-0.938474
0.777691
0.453123
0.687409
-0.915098
0.503036
-0.936353
0.584108
0.957721
-1.525288
0.693044
0.155046
-0.889590
2.011280
0.676612
-1.055901
0.567545
-1.387654
0.456253
-2.688179
-1.659310
-1.615981
0.459619
-0.624119
1.287718
1.824553
2.013539
0.688273
2.063810
1.781715
1.197057
0.658693
0.557255
1.016027
-1.008636
0.211691
0.487182
0.623183
0.937494
-1.327355
1.024027
-1.694342
0.777014
1.998557
-1.873340
0.238707
-1.382820
0.778316
0.242720
0.573467
1.898231
0.551185
0.928387
0.144549
-1.131728
-0.517222
0.246365
0.602929
-0.717674
-0.678689
0.596355
-0.763322
-2.409151
0.840432
1.623068
0.441178
0.631988
0.921914
0.093624
-1.971897
-2.630790
-1.064159
0.370707
-0.089320
0.557138
0.328985
-0.735778
1.168925
0.643475
0.526740
-0.772352
-0.135773
0.400177
-1.032879
-0.028027
-0.983545
0.661016
2.302634
-0.727002
0.982296
1.913268
0.482151
0.698641
1.114074
0.224346
0.392465
-2.763038
2.211903
0.431139
1.873152
-1.214863
0.868695
0.602432
0.392371
0.700768
0.389228
0.226563
0.824307
-0.522251
0.043787
0.679967
1.817705
-1.437405
1.161948
2.044108
0.647231
0.579128
0.654376
-0.752414
0.500133
0.513011
1.915992
2.180351
0.546379
-1.476852
0.606212
1.999692
0.147764
-0.929150
0.889891
-2.486929
0.673235
-2.598340
-0.723437
0.686900
0.870640
0.263643
2.156660
0.687288
0.549687
0.898081
-1.416548
-0.732970
0.585616
0.230346
-0.853418
0.575056
1.939884
0.719846
-0.992228
0.545809
0.533895
-0.729285
0.699147
0.368201
-0.874416
-1.313177
1.827204
0.617298
-2.551479
0.607310
0.294313
0.731611
-1.027379
0.768294
0.850129
0.753071
0.300764
2.072618
0.215745
-1.263644
2.284884
-0.694066
0.516208
0.230222
2.363588
0.736082
0.517151
-1.099994
0.566006
0.415651
-0.990506
-0.845874
0.737534
-1.566582
-1.196128
-1.414807
-2.509142
0.982798
0.382326
2.123487
0.784553
0.537767
0.661929
0.118714
-0.308195
-0.090029
-1.572892
0.536699
1.791303
0.780956
1.869607
2.305522
0.376092
0.534188
-0.555552
0.702147
0.868289
0.565717
0.605229
0.502617
0.317185
0.355975
-0.893292
0.486033
2.450672
0.605067
1.986287
0.604941
-0.930681
-0.988251
2.255227
-0.014534
0.289611
-1.445346
0.608568
0.845019
0.576496
0.879819
-1.636241
1.866932
-1.367382
0.582656
0.413481
0.606194
-1.469100
0.126417
-1.562829
0.683031
0.335718
-2.794403
0.191656
0.792820
-0.958806
0.638707
0.688405
0.649010
1.751679
0.105586
2.076295
0.301361
0.737935
1.065097
0.674853
1.958982
0.569586
0.501551
0.647532
1.875350
-1.005490
0.724648
2.182071
-0.626514
-2.774595
1.949239
1.473752
2.441576
0.301206
0.585939
-0.743386
0.999817
-0.883045
2.415817
0.658695
-0.702899
-1.389735
1.298740
0.486797
0.016119
0.737146
0.785842
-1.072028
0.345015
0.209840
0.617453
0.742789
-1.274333
0.501125
0.468068
0.497581
0.427641
-2.731316
-0.939070
0.788196
-0.973063
0.694260
-0.865916
2.012392
-1.591759
-1.121111
0.763399
0.037287
0.526451
-0.010457
0.600885
0.331432
-0.908099
0.188408
-0.745984
-0.757834
0.173931
0.420633
-1.210208
2.005813
0.483248
0.624642
0.604098
0.631097
-0.864824
0.741543
0.066224
-0.764534
0.635234
0.929782
0.513589
-1.273325
-0.812892
0.781925
-0.688269
2.674175
-1.569596
-1.370377
0.642105
0.555957
0.453499
0.344192
-1.228407
-1.281673
0.668997
0.941085
-0.986872
-1.075772
0.211380
-1.422998
-1.160163
-0.462318
-2.307515
-1.195867
-1.011714
0.324907
-1.552757
-2.584223
-0.379999
-0.328661
-1.514164
0.602728
0.915630
1.898502
-0.950004
2.011054
0.554639
0.245986
0.155713
2.100568
-0.931395
-0.489484
0.811288
0.518691
0.534403
2.109721
0.665672
0.785345
-0.850523
-1.187323
1.956593
0.633953
0.399941
0.608283
0.067493
0.378252
-2.819564
0.561178
0.346318
2.315655
0.542062
1.901387
0.650622
-0.637477
-0.448787
1.036037
-0.909166
0.695696
0.645626
-1.477519
0.516519
0.474989
6.562729
0.660799
0.662104
-0.511311
2.039414
0.797216
-1.351158
0.399807
0.975742
0.312877
-0.972505
1.158817
0.661734
0.446725
