0.302620
0.300188
-1.227655
-0.224472
0.060495
-0.050435
-0.158966
-0.229545
-1.048904
0.062279
-1.161258
-0.954734
-1.504365
0.258209
0.283126
-0.231083
1.191749
0.471779
0.283338
1.882275
-1.107321
-1.315642
-0.046886
1.392894
-1.232884
-1.075655
1.172623
0.310504
0.339140
0.324252
-1.336019
-1.171355
-1.231782
0.098813
-0.163640
0.151372
0.211205
0.430505
0.080920
0.334546
0.432086
0.226191
0.354418
1.173285
-1.593024
0.322894
-1.217963
0.180680
-1.156877
0.113558
-0.267138
-1.236604
-1.416142
1.207860
0.430483
0.050771
-1.415527
1.374763
-1.301869
0.334780
0.143024
0.150872
0.027070
-0.147022
-0.124266
0.320955
-1.161365
1.148250
0.229958
-1.098650
0.039058
-0.816337
-2.577440
0.302913
-0.184759
0.456843
0.017794
0.209258
-0.103903
0.760505
0.065535
-1.529817
0.379863
0.360389
0.178895
-1.026131
-0.233818
-0.221800
-1.048577
-1.146753
0.220823
0.170507
-0.943842
0.706500
-1.520349
-0.236639
0.392807
0.776933
0.865555
-1.080896
0.172669
0.082169
0.290135
0.313906
-1.170228
0.105289
-2.116195
1.315933
0.207270
-0.979421
0.521133
1.856933
-0.217905
0.356150
-0.176093
0.343666
0.317974
-0.045237
0.017753
0.205290
0.035519
0.155162
-0.106104
0.274965
-1.011587
-1.056597
-0.172583
-1.532581
-0.186123
0.072627
-1.160350
0.316639
0.280369
-1.437423
-1.035435
2.949545
-0.161411
0.224325
0.209717
-1.212070
-0.913840
0.032307
0.035011
0.095053
0.298107
0.129119
-1.088919
0.373467
-1.533904
-0.049542
0.024548
-0.087517
-0.026583
1.945932
-0.332397
-0.931546
0.299660
0.164811
0.484947
1.988537
0.439853
0.029627
0.112249
-1.208942
-0.434634
-0.042504
0.273366
0.699249
0.010171
-0.350436
0.049549
-1.567291
0.283211
0.493564
0.025726
0.298462
0.076971
0.498587
-1.257718
0.192649
0.241072
1.303482
-0.210412
-0.082728
0.082218
0.115652
0.493927
0.134964
0.113814
-0.532957
0.636694
0.048221
0.289959
-0.162204
-0.081115
-0.245945
-1.295561
0.008977
0.310185
-0.834228
0.090150
0.195843
0.384815
-0.201379
0.114626
-0.048411
1.179047
0.143804
0.216916
0.045480
-0.087392
0.001063
0.136352
-0.339127
1.173492
0.453376
-1.517550
0.211598
-0.809397
-0.180679
-0.173335
-0.057200
0.538571
0.224651
-0.162685
-1.047926
-1.447082
0.116143
-0.051246
-1.072792
0.436349
0.952875
1.424357
-0.050994
-1.071232
-0.321263
-0.317380
-0.324650
0.502056
-0.301225
-0.162621
-0.042575
0.113795
0.224476
-1.265089
0.335188
1.296253
0.205919
-1.031358
0.171798
0.121173
0.421021
-0.575223
0.284981
0.531005
0.328818
0.444919
0.003600
0.251865
-0.103372
0.246645
-0.964830
0.131617
-0.264950
0.126762
0.106387
0.078862
0.224382
1.884974
-0.016212
1.858057
0.401542
-1.320107
0.341820
-0.342457
-1.209236
1.156644
0.207438
0.094311
1.474987
1.892023
0.073115
0.248667
0.147586
0.232161
-1.098259
-0.014940
0.297399
0.148135
0.085373
-0.319186
0.107988
0.248142
1.128491
0.457898
0.202175
0.181421
-0.166297
-0.281823
-0.212171
0.094264
0.055763
0.150006
0.080581
0.241461
-0.179243
-1.094701
-1.113097
-1.105034
-0.500219
0.088899
-1.190857
-0.013139
0.335923
0.184738
0.432411
1.188078
0.308177
1.986965
-1.081980
-0.462606
3.220498
-0.195719
1.156924
-1.148431
-1.332543
0.198469
-0.937550
0.164269
-0.231523
-0.236660
0.246428
0.296389
-0.050413
-0.264599
0.253293
0.206246
1.127311
0.454993
-0.012944
0.151254
-0.085943
0.034025
0.188583
0.043982
-0.005228
-0.605787
-1.159608
-0.062374
0.046726
-0.017314
-1.115309
1.140260
0.521862
-0.186015
0.137787
0.187529
-0.074401
-0.037820
-0.236910
0.240261
-1.265592
0.016524
1.255063
0.245568
-1.075641
-0.014448
0.191562
-0.078449
0.199567
-0.287563
0.474581
0.071476
0.218888
0.217612
-1.075160
0.197772
0.177914
-1.063230
-1.262818
-0.158407
0.205810
0.225204
0.129307
0.360700
0.051658
0.045458
-0.006617
-1.539686
0.020736
0.495392
0.288847
-0.369234
0.310109
-0.343883
-1.108703
0.300721
-0.131001
0.452159
0.084127
-0.176272
0.264717
0.884045
-1.081574
-0.265570
0.579682
-2.931994
-0.199962
-0.042089
1.913254
0.204164
0.028017
-0.950740
-0.003501
0.358070
-1.381600
0.195832
-1.245928
-2.986944
-1.121709
-1.171183
0.232036
-0.533463
0.094000
-0.066733
-0.115885
0.150449
0.184189
0.701013
-1.160171
0.305914
1.718489
-1.110259
0.544151
0.401431
0.271333
-0.959041
-3.005435
0.585735
0.229764
0.001196
-0.293053
-1.119967
-1.319437
-0.202591
0.145614
0.244644
0.367513
0.073462
-0.343412
-0.575362
0.147385
0.100193
0.192012
1.216021
1.218422
-0.169084
-1.124445
-0.049100
-1.081771
0.712823
0.182807
1.317504
0.748679
0.137836
-0.063258
0.220730
0.125699
-0.223609
0.639950
1.329417
-0.309473
-0.174390
0.243393
0.646885
-0.125206
-1.234373
-1.443610
0.361085
-0.132477
0.115279
0.427791
0.078478
0.131227
0.829716
-1.539149
0.284779
0.239230
-1.085760
1.538500
0.324056
0.084016
0.038763
-0.913000
0.605328
0.374848
0.041798
-0.332873
-0.233888
0.201150
0.130386
-0.275836
0.272675
1.894893
0.300321
-1.123044
-1.180243
-1.142087
1.290069
0.157041
0.177399
-0.031269
0.159404
0.344590
0.196939
-1.048234
-0.060584
0.192302
-0.072883
-1.068115
-0.208618
0.011070
-0.087399
0.495263
0.336864
-1.047402
0.484375
0.080699
-0.141852
0.204438
-0.097136
0.303919
-1.159825
0.187966
0.163830
0.119402
0.053239
-0.312348
-1.136787
0.604290
-1.039317
-0.003682
0.830491
0.364613
0.262557
0.321593
1.251040
0.212094
0.089055
0.335570
0.087414
0.212885
0.869481
0.250963
-0.084682
-1.517993
0.646164
-0.213963
0.086970
0.254140
0.314391
-0.088333
1.364619
-0.205482
0.301196
-1.223494
0.233626
0.162681
-0.003936
0.253597
-1.190519
-0.198060
-0.288297
0.292186
0.513575
-0.102046
-0.276151
-0.073201
0.240327
-1.187112
-1.169394
1.327880
-0.172675
-0.993890
-1.064488
-1.262691
0.167393
-0.132339
1.832952
-1.187334
0.422071
0.275804
0.345629
-2.142064
-1.267734
-1.229399
-0.233801
-0.386092
-0.217950
-1.241379
-0.558383
0.102796
-0.265358
0.135786
1.079105
1.478738
0.035846
0.284121
1.884230
-1.207707
-1.148547
-0.175471
0.091377
0.154958
0.057901
-1.082449
-1.383476
0.035074
0.053922
0.349013
0.238929
0.210260
-2.457555
-0.227712
-2.256227
0.660382
-0.014149
-0.813173
-0.263348
-1.152207
-0.005884
-0.051341
0.101185
-0.115159
0.442370
0.368552
0.352629
0.177418
-1.078047
-1.081102
-0.064800
0.899516
-0.379977
0.606198
-0.064070
0.088727
0.122139
-0.160517
0.039987
0.134295
-1.318569
0.226521
-0.795139
0.073024
-0.249509
0.237881
0.001986
0.254439
0.494587
-1.411095
0.464434
-0.237682
-1.188765
-1.144463
-0.246685
-0.313784
0.330321
0.061128
0.157679
-1.214895
-0.242131
0.347528
0.084753
-0.007484
-0.177635
0.828322
0.212901
0.033121
-0.143581
-1.227454
0.146379
0.158083
0.107450
0.006664
0.284881
0.226151
-1.280806
0.274166
0.048286
-1.179765
