0.228497
2.686492
-2.439336
3.168613
-5.654389
-2.905347
2.863293
1.689286
-9.719013
-0.950547
2.388441
4.892242
0.113792
-2.772259
7.244818
7.368360
6.763360
-2.710454
15.866619
6.674885
2.926777
0.931410
2.064738
-7.736873
-2.317253
6.564418
-2.976444
4.862760
0.169778
0.554307
-1.815775
7.497762
-1.225241
-6.988753
-1.071450
1.750650
-7.937123
-2.533791
1.387686
-0.121842
-0.358771
-0.463648
-0.915101
-2.260596
7.154089
0.571337
7.138890
8.578232
-2.122451
-1.512041
0.321751
-7.350355
-3.167902
8.162912
2.872425
-2.068139
9.735776
-0.407632
-6.871188
4.046420
-0.181649
-3.406081
-0.729900
0.741947
-2.868584
-0.743170
2.158799
4.629248
0.313621
2.138901
4.605653
1.165905
5.602664
-6.283185
-4.867984
2.463884
1.800028
1.227772
1.629552
1.157107
-1.339706
-1.037088
7.917725
-0.453844
-0.315616
7.131790
2.548590
7.196093
2.880990
-4.969713
6.604936
3.377138
-1.383817
-2.457298
-3.141593
7.008051
3.223045
-1.074374
-2.733961
-1.471128
2.833540
-2.343849
-0.385883
1.434394
0.262120
-0.939106
-0.394791
3.463343
0.997356
15.726480
-3.440092
1.071450
-3.349089
-2.579095
2.643770
-5.961435
2.860755
1.212026
9.424778
-0.772412
-1.869295
1.249046
7.240212
2.173084
5.130613
1.570796
1.815775
-0.141897
-1.174355
-3.386571
0.969723
-2.844528
0.868539
2.334921
-4.459835
8.199537
-8.877989
-1.296629
2.071810
2.107707
-0.753151
-1.006713
-0.321751
2.356194
1.929567
9.307669
2.410196
1.394087
-6.871188
2.875341
0.390607
-0.226799
2.826835
5.837884
1.735945
0.244979
-0.724866
2.548590
-1.480136
7.198286
-0.486899
2.343849
9.444006
2.270689
0.343024
3.160458
7.054500
2.131483
7.053200
0.577902
-0.596199
6.371193
2.480549
-1.396124
-0.571337
-2.101570
-7.913910
2.516957
2.914794
-0.367174
3.985747
-1.125495
-2.537287
4.124386
2.439336
14.308546
7.451661
-2.491722
-7.688833
8.108350
1.507053
-2.525296
8.219729
1.941688
2.164546
3.328080
-0.890275
-4.474553
-0.426627
-0.950547
-0.745419
-2.330559
8.136537
-2.613518
-0.718830
-7.998423
-0.970746
0.732815
2.591207
2.733961
-2.206635
3.811232
1.373401
1.501142
7.114705
7.853982
-4.248741
2.892006
-0.486899
1.825164
-6.230602
-1.512041
-9.052710
-0.394791
3.292608
-2.991221
-1.394087
1.257176
2.176341
9.463221
4.579837
-7.890329
7.399262
-7.652219
7.558541
-0.565149
-2.097424
-1.037952
-7.645516
-2.013171
0.061148
10.352073
-2.034444
0.244979
6.961305
1.550799
2.906048
2.312744
3.596693
2.414950
-0.577192
-2.016902
-1.978428
-7.648586
3.239320
2.181522
3.041924
-2.570255
3.830517
-0.253674
-0.185348
-1.282741
4.434089
-0.982794
-0.911990
-0.363147
2.285888
3.546484
6.626209
2.866167
0.259332
-0.407256
-0.785398
0.651077
0.732815
-5.300392
-2.601173
2.281335
2.976444
-1.216091
-0.607802
-3.883540
-2.739272
-6.388062
-2.587285
7.313562
6.735964
2.565217
-1.300947
2.245537
8.006631
-2.285888
0.334737
2.483704
2.512796
-2.080389
4.153790
6.756092
2.356194
-0.569313
-4.939188
-7.459191
0.112728
2.922924
2.206635
8.140033
-0.384169
-7.796353
-8.868612
2.677945
-1.820383
-1.780436
6.007759
4.483157
3.271295
-0.429762
2.378413
2.089942
-0.804264
-0.197396
0.593350
6.914876
3.141593
1.396124
0.482513
-7.265979
-0.370891
0.970746
-1.964247
8.168739
3.280232
2.206635
7.192938
3.002153
6.141288
-2.597760
-2.484891
2.375800
-8.604911
-4.803049
-1.040581
6.862260
7.233732
3.624106
3.581435
1.570796
-1.136126
0.209640
2.310771
-0.297064
0.220829
2.000559
8.226049
1.380808
0.499347
-2.184566
-1.540503
-7.961672
7.249676
1.811331
-2.373142
-9.300423
3.447472
5.323115
-1.148791
1.314645
-0.207496
3.067654
5.913852
-2.814192
1.441094
-0.965252
0.280838
2.514284
-2.442400
5.656442
8.022188
-4.978641
1.716809
0.000000
4.745710
6.726634
-2.478863
-0.445301
0.635838
1.626295
6.786812
-2.745151
-0.231091
-5.521039
-5.221981
-3.482572
-0.982794
-1.523213
2.714965
-2.466852
-0.269167
-1.712693
3.827322
-2.187093
-0.503626
-1.935531
1.518213
2.199593
-0.022723
0.107690
2.952394
-3.729595
-5.716456
-2.612003
1.423718
2.164546
6.224429
-0.081452
1.936544
-2.214297
-2.304957
2.227871
-2.188941
6.712948
-0.074860
4.501296
8.280609
-1.205049
-2.034444
8.739048
5.244113
-1.690225
3.236544
-1.165905
-4.294165
-7.817634
2.498092
-1.080839
-5.884663
-0.556166
-2.896614
-0.076772
4.736774
-0.649870
2.537843
5.497787
3.241261
10.171734
-3.393283
-0.472907
2.221873
0.076772
1.498197
-0.482513
-2.070143
3.141593
-2.273053
-1.162647
3.946596
-0.691337
-5.206330
-0.588003
-0.988057
-2.191046
6.823605
2.798569
-0.154997
-0.165149
2.060754
-1.820383
-1.243698
6.935054
3.394147
2.791278
8.015819
-0.226799
-8.961130
2.324955
6.081868
6.501854
11.519494
-1.570796
-0.106736
-0.726642
6.905856
-2.574863
-1.279340
-1.046877
2.328424
8.750037
2.329174
-8.888343
2.591207
2.580906
8.680453
5.290291
10.924267
-4.360944
-0.859887
-4.800396
1.385448
3.283490
0.702257
7.589493
-14.137167
-2.846152
-1.432790
-2.292988
2.750986
-2.356194
-0.039979
2.463884
-5.997134
6.720977
2.158799
6.126583
6.905856
-7.541940
1.703348
-2.521343
1.979704
2.356194
2.784973
-8.001060
-2.806856
-6.283185
-7.358430
2.802300
2.720929
2.375800
-0.643501
3.761842
4.481298
-0.039979
2.306236
0.024385
-2.936197
-2.323948
4.372007
-1.017955
3.693248
-1.530818
7.151725
-5.622142
2.111216
-8.025361
-0.479519
2.478863
-0.516695
-0.426627
-4.579837
-2.356194
-1.959115
7.971090
0.948126
-7.897433
-0.021273
-7.953650
-2.951604
1.759995
7.703610
-2.111216
4.547240
2.153536
2.257921
-0.726642
9.511516
-7.891700
0.771315
7.256805
-0.138640
-1.302886
0.410127
-1.647568
-2.704965
2.265535
4.607512
7.182838
4.369365
0.977047
0.027771
0.410127
-8.720284
-1.408959
-3.660739
-2.790865
-2.661418
5.973482
-3.386571
-1.063698
-1.276066
6.301702
7.929311
-4.051346
-7.764932
2.643770
-1.171281
-0.516695
-0.993604
-11.160723
1.181480
-0.347062
-0.394791
-8.866179
-0.437791
8.341818
1.489344
-7.320273
-1.177346
2.749253
7.082667
3.574000
1.978945
2.570255
5.614896
2.125104
2.833540
7.346883
-0.295441
-0.927295
8.814052
-0.588003
-0.913721
2.634494
-0.236245
-5.650436
2.940638
0.211093
-0.748378
6.343717
-0.000000
-1.234122
1.668050
2.207305
2.630362
-8.256303
-0.260602
2.750986
-2.042918
-5.768734
0.226799
-8.982404
2.474287
3.903739
-0.558599
0.255182
-1.125495
-2.239086
-0.178093
3.379429
1.490966
-6.448334
-6.252892
2.175102
2.963500
3.079174
-1.630724
-0.879459
2.430134
-2.188941
2.169972
-0.373727
-5.639684
-3.407845
-1.986288
2.325901
0.785398
7.287252
6.723028
-2.629203
0.047583
1.650626
6.746833
0.084902
4.136964
4.520341
2.214297
8.090227
0.613770
-0.822418
6.264669
4.588034
0.764125
2.439336
-9.191035
6.085790
-1.107149
-8.562608
-0.950547
3.141593
-0.537285
-2.631104
-2.570255
-0.412410
