2.287808
2.478863
7.548103
-2.117585
-0.273009
-1.283515
-2.260596
-2.748535
7.853982
1.915444
7.054092
8.400770
3.319686
2.179960
2.654693
-2.505754
-8.441984
1.352127
0.881872
9.500107
7.572749
5.909458
-1.006713
-7.543594
8.565441
7.750189
-7.853982
0.308053
2.574863
1.254826
5.926565
7.219959
7.156591
-0.540420
-2.094716
-0.020405
0.175940
3.210449
2.546833
2.263131
3.122364
-0.687124
1.145964
-8.112234
-8.755139
2.935269
5.934414
-1.209593
7.025133
1.997424
-2.383215
6.794416
-8.489008
-7.927921
1.225241
-0.315616
-8.208687
-5.204875
6.883236
-0.927295
2.202487
0.526627
0.249979
-1.706324
-1.697769
3.160458
7.398881
-7.913910
0.101689
7.107525
-0.582739
9.468229
-1.338692
2.973386
-2.356194
-0.079830
-0.177596
2.878598
-1.480136
3.056691
-0.101689
9.166007
1.825979
3.067654
0.367174
8.094153
-2.501823
-2.186416
7.493145
7.339530
0.773053
2.268187
5.685427
15.687966
3.422430
-2.636302
2.958482
1.072974
0.773053
7.351891
-0.000000
-0.651077
2.658146
-3.052543
7.381860
-0.694738
4.525902
-7.968858
0.801790
8.227708
2.604006
-4.420932
-2.303611
2.487022
-2.104505
-0.059928
0.041643
-0.923404
-0.314232
-0.186487
-0.743170
0.420663
-0.753151
2.472550
8.497483
8.325759
-2.059649
3.502796
-2.669471
2.245537
7.165057
2.970214
2.617673
3.518083
-7.889681
1.464061
-2.580906
0.239232
1.030377
7.291484
6.936032
-2.221873
-1.060308
2.017639
2.659079
1.527345
8.221155
2.723368
5.657700
-0.988443
-1.425984
-1.624798
-0.598419
9.343326
-2.559240
6.448334
0.600050
0.073939
3.047531
9.622174
2.880990
1.273732
0.365747
7.108562
-2.918116
-1.551191
-0.588003
1.310194
-0.878875
-15.097237
-0.435353
3.422825
2.725528
-0.432408
-0.680521
0.893088
-0.507099
2.831890
6.970310
2.206635
0.368696
-7.476733
-1.764755
-1.984486
1.531601
0.407632
2.004750
-0.275806
0.062419
12.743079
1.965587
-0.412410
0.839400
-2.574863
-1.685673
-0.982794
-8.116976
-0.982794
-0.034469
-7.609003
0.071307
2.181522
0.593350
-2.175102
-0.960070
-1.663126
-6.158830
1.570796
-0.055499
-0.268366
-1.667270
-1.158386
-0.554307
-2.567288
-8.063621
-0.244979
4.248741
-0.112728
9.703078
-2.034444
-1.593015
-2.506566
2.434978
2.273053
-2.050971
8.113313
9.345994
2.004750
1.994991
7.390334
2.749893
-9.300423
-6.047640
-0.182168
8.183031
-2.686873
-2.652740
-3.017238
-0.189988
-15.462985
-2.085248
-0.530216
-0.376909
2.694750
-7.986533
1.768192
1.768192
2.236766
8.183031
1.609239
1.527345
0.558599
3.440092
2.004750
1.570796
2.739272
2.617673
0.000000
2.713329
-1.236851
0.665969
4.972991
0.270947
3.118869
1.300947
1.473069
-1.024007
-0.348771
9.109563
-1.944523
9.522505
0.221314
5.683135
2.910502
-2.677945
7.327354
-8.169952
-0.785398
0.416065
-5.045009
9.332449
0.039196
-0.463648
2.314552
2.151553
7.457540
-1.706324
-0.224235
0.866302
-0.485622
12.117647
1.570796
2.191046
-8.189620
2.753274
2.860360
0.088656
-2.079867
-2.634494
-1.992801
-1.206817
-0.428264
0.376490
-0.729900
0.811708
-2.257921
6.468533
7.497361
8.163685
-2.761086
0.260602
7.210481
-1.339706
-0.189199
1.115696
2.920764
-8.022579
3.099950
9.533439
7.156591
-2.845047
2.498092
-1.985303
-8.123831
7.324392
6.897848
0.220829
9.169596
2.430134
-2.553590
-2.303611
-0.321751
2.342111
-1.536327
-2.588751
15.593087
2.658146
8.558476
3.226494
1.279340
1.024007
-1.810967
-1.940702
2.573488
-0.848605
-1.231504
13.087509
7.166857
1.839163
0.412410
-1.402199
6.871188
-7.909480
3.226494
-2.064738
-0.543478
0.798384
-2.774419
-1.384309
-2.483704
2.059649
6.991812
-1.796073
-7.382522
0.811708
7.427354
0.982794
-1.570796
-1.934775
2.139321
-2.707639
0.870903
-0.021736
2.191046
-0.181649
-1.623379
-0.737815
-0.813169
7.525862
7.009828
-1.295886
12.620862
1.802900
-0.923404
0.000000
-1.513168
1.608514
0.492486
3.469331
-0.344647
-1.347320
0.039979
13.283692
2.650429
-2.774419
7.505211
0.278300
-2.186416
-0.566729
-0.617756
-1.545802
2.694750
-8.317629
7.754313
-2.668686
2.580906
12.345542
-1.831399
-1.619538
9.353470
1.638873
-0.233743
8.431884
1.034985
2.570255
7.032884
2.313966
6.201733
-2.743965
7.524932
6.473824
1.752965
6.239734
1.652248
-1.892547
-1.513168
0.283794
1.082960
3.215532
7.699663
2.383965
3.342547
7.068583
2.687291
0.214061
0.472497
7.097147
-0.407256
2.999696
0.283794
-1.107149
-2.594030
-2.896614
-8.912389
-2.050971
-0.212432
1.668050
2.570255
0.231091
13.364755
13.641615
-1.081944
-0.593750
2.578276
-7.562525
-7.978337
-2.383965
7.532231
-1.553254
7.960717
0.332059
0.165149
-7.750189
3.185044
-0.426627
-1.241747
-0.165149
1.345520
-2.204819
15.822840
-7.567930
-1.478467
-1.420984
2.265535
15.920395
-1.628425
7.271629
3.300248
2.386488
-1.142018
-0.514451
-0.387524
-2.053310
0.058756
1.206817
-8.515025
2.918116
0.624635
7.113330
-5.158495
1.262744
-0.489957
-0.892677
4.897737
2.612003
1.843805
-1.892547
-2.506566
-2.026570
0.420197
-0.602287
-2.719588
0.593003
9.330717
0.463648
6.727605
7.188012
7.427354
-7.639166
0.161375
2.302193
0.211093
-0.651077
-1.362331
-0.446842
7.900460
-1.249046
0.131315
-1.026964
6.983078
-2.935269
-0.244979
-2.417845
1.321209
1.570796
8.253497
2.383215
-0.412410
-2.219792
2.721396
-1.735945
0.372988
6.699250
0.309703
1.384309
1.991460
1.533078
1.731559
7.367082
2.267818
7.834753
-0.558599
-0.186979
2.137526
2.983824
3.056691
-5.154763
-0.110657
2.959944
0.249979
2.080389
1.801887
8.806634
0.687124
3.209669
3.809882
1.892547
-2.191046
-0.340382
3.012682
-0.942000
-1.732634
-7.469812
-2.527823
3.077849
7.260232
0.598419
-0.442374
-1.024007
2.746802
7.381075
-1.898197
-2.195432
1.216091
2.813854
-0.501604
-2.631104
-1.828120
0.551655
6.972985
8.961130
-7.575682
-1.841743
7.435757
5.252808
7.019443
1.759995
-2.523837
9.336122
7.038290
0.363979
0.232104
0.822418
5.446550
6.829974
6.093986
-2.356194
-2.585426
-2.256526
6.644022
8.270046
-0.420197
-2.662073
0.332620
-7.983684
-7.609003
1.229181
2.100386
3.318302
6.903435
7.344911
-1.972667
-0.231091
0.117109
-0.713061
7.244818
-8.798035
1.530003
-1.147127
0.537285
2.273053
0.042528
3.539221
-2.034444
3.700192
1.940702
-0.998337
8.436335
-3.030935
7.513600
-1.098299
-1.589313
-0.216550
-1.929567
1.471128
-13.845710
3.028865
-0.550386
7.922838
7.068583
1.484802
7.218143
-2.398423
2.059649
-1.218752
1.551931
0.039196
-2.092231
1.451367
1.983207
6.210586
-3.033322
8.441984
-0.870903
-2.736701
2.125104
-1.209593
2.395136
2.541542
3.596693
-0.683709
-2.657115
7.202905
7.169687
3.095115
-2.317253
0.904827
-1.697769
-0.186487
7.295382
-1.744042
3.099950
0.019997
-0.575758
-1.937970
2.660705
1.915015
-0.647811
-2.279423
7.052191
0.061148
1.128422
1.525373
-0.620249
2.553590
2.281706
-2.860360
2.300696
-1.047518
7.552363
