-0.289066
-0.279460
1.092579
-0.015701
0.132460
0.086360
-0.019616
-0.201784
1.316096
-0.499143
1.198276
1.298108
1.594101
-0.365966
-0.321890
-0.058793
-1.274148
0.269095
0.181416
-2.153898
1.202287
1.310546
0.174416
-1.092392
0.695515
1.208660
-1.276584
0.206321
-0.376668
0.186787
1.409858
1.104839
1.138946
0.148666
-0.008490
0.074933
0.189487
-0.204187
-0.620309
-0.156074
-0.306743
0.280644
0.137377
-1.204308
2.029562
-0.443737
1.268354
0.213988
1.195953
-0.357774
-0.083364
1.173793
1.938417
-1.244672
0.289732
0.171674
2.020329
-1.450150
1.124437
0.361668
-0.455273
0.066075
0.015437
-0.057568
-0.086860
-0.330411
1.220739
-1.227159
0.188995
1.298985
0.122911
1.098561
3.647956
-0.287327
0.014118
0.438439
-0.006580
-0.334075
0.164866
-0.211910
0.138866
1.050519
-0.111578
-0.289189
-0.019712
1.119304
-0.137977
-0.002688
1.180728
1.253874
0.261474
-0.424755
1.635309
-0.628694
1.537641
-0.025865
-0.249921
0.554455
0.560367
1.291054
-0.031529
0.196207
-0.560611
-0.068749
1.221357
0.298361
0.819846
-1.210771
0.116402
1.236443
-0.054191
-1.229438
-0.217646
-0.313962
-0.080163
0.270360
0.213648
0.130887
-0.064597
0.294236
0.203528
0.050945
0.005798
-0.381219
1.235018
1.284127
0.053269
1.486912
-0.027292
-0.384427
1.156117
-0.314922
-0.272356
1.341007
2.201421
-2.191876
-0.017482
-0.040444
-0.317715
1.210238
1.037933
0.154443
0.255349
-0.408908
-0.350659
-0.354984
1.191507
-0.481322
1.089431
0.074020
0.116238
-0.227807
0.085337
-2.181064
0.001261
1.339013
0.082469
0.222812
-0.221826
-2.041588
-0.253526
-0.342597
0.133146
1.226335
-0.262078
0.008900
0.281891
0.328339
0.029971
0.608875
0.087517
1.468317
-0.442988
0.307973
0.168166
0.191107
0.174399
-0.229317
1.184360
-0.417543
0.197122
-1.144352
-0.029096
-0.148194
-0.332605
0.180057
-0.153628
0.182400
0.119253
-0.999051
0.235130
0.045928
0.196450
-0.176839
0.052118
0.877452
2.047776
0.109085
0.399648
2.372512
-0.113796
-0.503748
0.196881
0.005200
0.214293
0.221199
-2.110490
-0.200141
0.268085
-0.135934
0.063960
0.183729
0.180994
-0.322094
-1.240621
0.324049
1.201472
0.349599
1.267022
-0.144974
-0.028266
-0.036230
-0.072830
-0.261650
-0.023838
1.154073
1.136424
-0.427367
-0.934536
1.304530
-0.395657
-0.252151
-1.291914
-0.317311
1.048030
-0.152119
-0.035542
-0.014432
0.424691
0.781166
-0.008745
-0.245011
0.129762
-0.396384
2.187066
-0.137821
-1.013274
-0.334334
1.000737
-0.234228
-0.199053
0.210812
1.570591
-0.269422
0.324715
-0.275421
-0.248199
-0.033895
-0.370828
0.129341
0.243499
1.561894
-0.153127
-0.568635
-0.327459
-0.332781
0.179387
0.272961
-2.245111
0.034616
-2.106231
0.039547
1.209037
-0.337707
-0.140115
1.216549
-1.192797
0.307080
-0.038501
-1.372462
-2.179644
0.173311
0.300606
-0.692390
-0.525579
1.179296
-0.019003
0.285850
0.103968
-0.098217
-0.859351
-0.253026
-0.374958
-1.280241
-0.265322
-0.457878
0.159488
-0.057898
0.032205
-0.059215
0.072094
0.236349
0.125471
0.151090
0.229636
-0.051843
1.298599
1.201160
1.254807
-0.450405
0.165302
1.080593
0.295956
0.318470
0.158009
-0.294622
-1.248483
-0.330023
-2.039409
1.228796
-0.388793
-3.057964
-0.000525
-1.230400
1.090297
1.037285
0.274490
1.028780
-0.142179
-0.067796
-0.039806
0.222815
-0.277175
0.210013
-0.056325
0.471939
-0.467970
-2.553653
-0.313332
-0.356838
0.087999
0.203033
0.185025
-0.331446
0.212705
0.192713
-1.185353
1.208241
-0.662207
-0.315788
0.319890
1.319872
-1.276878
-0.430362
-0.027959
0.206114
0.155642
0.180715
0.277382
-0.020965
-0.288027
1.140919
0.091457
-1.317995
0.170393
1.207786
-0.666601
0.209936
-0.012872
-0.480059
-0.126012
0.261490
-0.021903
-0.394146
0.195288
-0.325544
0.197817
0.230193
1.233527
0.915693
-0.173923
0.659143
-0.300827
0.218733
0.342690
0.229122
-0.387039
-0.382043
1.392025
-0.109122
0.144090
0.297626
-1.003836
-0.347811
-0.353863
1.251003
-0.101001
-0.063847
0.440121
0.161085
-0.086693
-0.298478
-1.635856
1.217994
0.073897
-0.155924
1.249073
-0.248885
0.125406
-2.259026
-0.284460
-0.160637
1.335308
-0.588665
-0.316591
1.056565
-0.263672
1.379224
3.413298
1.158093
1.342275
-0.560033
1.675581
-0.380667
0.144837
0.099896
0.030237
0.194149
-0.087484
1.072807
-0.358257
-1.954197
1.218955
-0.023982
0.278631
0.250241
1.303044
2.028966
-0.177460
0.092536
0.127062
-0.093157
-0.601023
2.013076
-0.048590
0.239757
-0.506771
-0.317375
0.086950
-0.938168
-1.186483
0.275351
0.067096
-0.420094
-1.258688
-1.078328
-0.033113
1.254116
0.185904
1.241824
0.569000
0.230297
-1.246576
-0.087295
0.157355
-0.081954
0.235425
-0.328771
-0.318675
-0.664630
-1.184534
0.808033
0.059789
-0.238513
-0.663363
-0.029730
1.206747
1.481378
-0.314641
-0.122202
0.297491
0.428315
0.082494
0.067092
0.401420
1.923882
-0.329223
0.164227
1.209947
-1.270004
0.175842
0.138970
0.257634
0.668283
-0.143765
0.377905
0.098139
-0.073330
0.018420
0.163181
0.177411
-0.047108
0.363040
-2.066283
0.108663
1.454487
1.210035
1.274561
-1.187434
0.157287
-0.336103
-0.209685
0.208052
0.145610
0.234846
1.380971
0.120251
0.259951
0.078481
1.338769
-0.227508
0.030610
0.164848
0.239845
-0.492292
1.231805
-0.289873
0.134133
-0.270624
-0.312595
0.024984
0.273047
1.256614
0.109944
-0.324710
-0.555434
-0.390671
-0.543639
1.201530
-0.055920
1.240198
0.079153
-0.215772
-0.288651
-0.546774
-0.370867
-1.667592
0.239788
-0.476586
0.168028
-0.656677
-0.300601
-2.725799
0.090013
-0.343040
1.480714
0.234513
-0.367223
0.107093
-0.356026
0.367016
0.178632
-1.219663
-0.049349
-0.412610
1.152712
0.171995
0.159915
0.188895
-0.589433
1.072130
-0.024625
-0.015258
0.310150
-0.188305
-0.062173
0.007245
0.074250
0.197622
1.270716
0.926387
-1.205727
0.037896
1.350323
1.592260
1.133237
-0.231449
-0.000386
-2.292777
1.165592
0.136737
0.299855
0.267927
0.781061
1.250213
1.391972
-0.051521
-0.217314
-0.127176
1.236080
1.224016
0.240539
-0.046762
0.184671
-1.406025
-1.212867
-0.386843
-0.329065
-1.779890
1.265431
1.228198
-0.149818
0.119135
0.255030
0.186744
1.274272
1.949968
-0.341861
0.294417
0.268495
-0.326322
0.090255
0.497804
-0.047411
0.555216
0.242000
0.126234
1.228991
-0.075889
1.238259
0.193627
0.000040
0.113575
-0.050849
0.275794
0.701035
-0.296579
0.230266
1.242907
1.303125
-1.135120
-2.689161
-0.106939
0.202651
0.170950
-0.367964
0.150391
-0.040859
-0.389895
-0.293938
1.300805
-0.066566
1.320033
0.218515
-0.143483
-0.374113
0.062891
-0.260793
-0.240359
1.562682
0.117960
-0.185229
1.242984
1.239947
-0.319406
-0.057826
0.195529
0.131147
0.172563
1.198680
-0.188014
-0.418746
0.180560
0.150350
-0.008892
-0.075262
-0.167266
0.031487
0.069980
1.115333
0.097573
-0.477256
-0.603721
0.121516
-0.279205
-0.339091
1.755779
-0.298575
0.295237
1.129694
