0.231261
-0.674205
0.197621
-1.137572
-2.524833
0.757107
-0.102068
1.263478
-0.028888
0.263172
-2.063715
-1.254030
-0.242790
-0.901049
0.158025
-0.087936
-0.125989
-0.232975
-1.192981
0.177032
-0.569063
-0.009781
0.006631
-0.741717
-3.304139
-0.569274
2.566647
-1.226520
2.075509
-2.516584
0.186654
0.017961
0.692601
-0.094429
-0.392419
1.118314
0.132409
0.113352
-0.423341
0.744696
-0.374767
1.258362
-0.693883
0.154815
1.274016
0.277591
0.132603
-0.608938
0.161328
-3.759066
1.659820
0.027926
-0.504011
-0.529177
-0.395676
0.133399
0.227458
-1.973289
-0.505568
-0.309915
0.195081
1.165890
1.137114
-0.395672
0.652380
-1.185213
-1.519546
0.133674
-0.099817
-1.792307
-1.153094
-0.240531
-0.153027
-0.435126
-0.274320
-0.271655
1.187954
0.136576
0.635758
-2.474132
0.756749
0.740177
-0.007704
-1.280078
0.062205
0.130957
-0.338733
-0.501154
-0.323409
-2.067994
-0.846236
0.181330
-2.047942
-3.269891
-0.023796
1.228006
0.270014
1.216995
0.031445
0.504734
-1.170751
-0.014104
0.035910
-0.416815
1.281038
0.212268
0.936321
-0.290563
-0.332501
0.011696
0.695419
-0.413454
-0.422648
1.847265
2.083562
-0.668611
-0.236077
0.908749
-0.919900
-0.599689
-0.073416
-0.055031
1.567798
-0.968323
-0.629907
-1.644013
1.198515
-0.392665
-2.166759
0.023618
-0.383379
0.175688
-1.194916
1.183450
1.252713
0.485482
-0.123568
0.673180
1.313573
0.178568
-2.576769
0.048448
0.090353
-0.096047
0.008379
-0.837924
-1.596150
-0.439958
0.145452
-0.713779
-1.816050
-0.091625
0.194931
-0.667514
-0.064149
0.042965
-0.313337
0.202597
1.190115
-0.249918
0.147920
0.175938
-0.340483
0.207446
-2.455306
1.043337
0.694180
1.006511
-0.377878
1.326107
-0.684790
-0.004607
2.195052
-0.416346
0.859402
0.097704
-2.013292
0.096655
0.016052
-1.540171
0.191181
0.216486
0.144367
1.332896
-0.869491
0.955831
0.683922
1.972020
-1.376108
-0.441257
1.332802
1.222558
-0.062426
1.184550
-0.226620
-0.315053
1.259925
-1.316538
-0.133152
0.373551
-0.153916
1.281404
-1.147136
0.769522
-0.355468
1.216757
-0.608175
1.253103
-0.511869
0.253353
0.115411
0.087832
0.171834
-0.063766
-0.153506
0.191739
0.945898
-1.204956
0.135071
1.150256
0.015024
1.042927
-0.302738
0.218622
1.224675
-0.143005
0.929204
0.709512
0.233255
0.182986
0.901204
0.132511
-0.463938
1.273834
1.159309
-0.470327
-0.151657
-0.336395
0.118745
-2.177628
1.257496
0.014940
1.273842
0.162146
1.395200
-0.045699
0.887759
-0.244413
3.126433
-0.440874
-0.226906
-0.299783
-0.537621
0.052193
1.366404
0.207926
0.077392
0.145152
0.156166
1.222757
0.142045
0.013923
1.253266
-0.405745
0.217787
-1.276203
-0.255266
1.322047
0.469266
-0.015164
-0.087831
1.490464
0.096940
1.216848
1.231208
-0.876284
-0.327599
-0.507866
-0.486102
-0.134242
0.017428
0.339912
0.450732
0.033529
-2.058177
-0.023549
0.172321
0.167719
0.467256
0.169320
0.172614
1.268193
0.144036
-0.997450
-1.626300
0.074511
-0.146917
0.070857
0.180929
0.022126
-1.061609
0.103641
0.007659
-0.043104
1.270290
-0.247584
0.125576
-0.195438
1.229036
-1.208305
-0.277594
-0.282242
-0.235104
1.230834
-0.864719
0.110846
1.181728
-0.560935
-2.047353
-0.133853
-0.601385
0.116286
-0.387731
-1.118965
-0.407812
0.166419
0.163784
-0.200840
-1.217276
-0.323597
1.084404
-0.698730
1.260052
-0.046058
-1.799588
-0.535487
-0.543722
-1.588919
0.000775
0.142034
0.969606
-0.833788
-0.311035
1.330019
0.097793
1.287080
0.854515
-0.329875
-0.399965
-0.269772
-1.646800
0.189283
-1.187530
-0.328829
-0.415563
-1.284041
1.318820
0.187106
-0.605155
-0.787586
0.500235
1.088174
-2.543858
-0.057642
0.089907
-0.114891
0.253341
-0.414783
0.100066
1.274814
-2.349011
-0.182571
-1.197088
-2.148060
0.024132
-0.768009
-0.160466
-0.002097
-1.287345
0.132699
-1.518208
-0.039145
0.197511
-0.378587
2.649480
1.096833
0.068885
0.118096
0.000879
0.130635
1.191035
0.234306
0.105968
2.403406
0.999746
1.163548
1.202531
0.002552
0.056930
-0.360591
0.155431
-1.403025
1.233868
2.528140
-0.290849
0.074120
1.185903
-0.391369
0.828487
0.011570
-0.208702
-1.479194
0.227800
-0.295992
-1.248060
1.026042
1.105671
0.291237
0.039509
-2.161342
-1.186801
0.028658
0.159038
-0.050683
0.185913
0.885898
-0.163909
0.136032
1.038342
0.137373
-0.367847
0.213813
0.069646
-1.199001
0.048490
1.446611
0.064760
-0.307754
-0.281096
-1.489156
0.955794
-0.332405
0.013376
0.049046
2.243919
-0.244064
1.020196
1.196961
-0.827443
0.207329
1.122766
0.898286
0.004111
1.519455
-1.962230
1.233057
0.183500
0.159705
-0.024771
-0.891810
2.306576
-4.747495
-0.183786
-0.154418
0.318228
-2.336396
-2.101225
-1.370498
-0.007628
-0.828385
-2.268493
-2.079092
0.953990
-0.595399
-0.935049
-0.227313
-0.257320
-0.677062
0.129282
-1.920000
-0.564597
-0.037975
-1.885703
0.054792
-0.158650
-0.455808
0.183436
-2.099260
0.219457
-1.984933
-1.158106
0.189849
0.761412
-2.141718
-1.597498
-0.003295
0.976336
-0.259181
0.911310
0.158715
-0.388794
0.221588
-1.926619
0.392815
1.018569
0.004934
-0.326059
-4.990339
-0.351798
1.154661
0.107856
0.933119
-0.001881
0.828639
-0.171377
-1.252930
1.057914
-0.560858
-1.406244
-0.257651
-0.353796
0.030064
1.193415
-0.017755
-0.924195
0.846046
-0.488790
-0.100143
0.403673
0.635260
0.184070
0.748513
0.121271
0.119764
-0.520432
-1.241436
1.248443
-0.915695
-1.618502
0.174816
-0.086893
1.279515
-0.286754
1.107881
-0.866120
1.342245
0.148514
1.056479
0.220103
-2.082685
0.282563
-0.111756
-0.272724
0.627395
0.088257
-0.290184
-0.006713
0.165258
-0.446152
-0.299645
-0.188686
-0.938157
0.110418
0.212216
-0.697715
0.070241
-0.353029
1.249792
-1.225078
-0.539709
-0.002815
-0.373894
-0.042442
-0.232567
0.068673
-0.487896
0.801288
1.178454
1.071193
1.243183
0.096407
0.157227
-0.018329
0.187242
-1.077876
0.126272
0.838390
-1.890742
0.208933
0.143245
-0.009010
0.265693
0.837825
1.319812
-1.499469
1.048469
-0.053768
1.131818
0.227103
0.556662
-1.172614
0.153160
1.270934
-0.237241
-1.137596
-0.487305
-2.119760
1.195866
-1.630869
0.247632
-0.416698
-0.614855
1.324408
5.888298
1.481451
-0.155812
-0.248207
-0.419744
0.063848
0.954429
-0.517065
1.172243
1.155940
-0.051532
-1.251071
-0.057416
-0.219370
0.717185
1.255745
-0.448446
-2.546880
-0.292890
-0.387844
0.700291
0.182493
1.175570
-2.213347
2.686479
-1.153601
0.019020
-1.305785
-2.120888
-1.984790
0.138681
-0.265220
-0.051559
-0.403650
1.226403
-1.282426
-2.558693
0.973537
-0.403996
-0.381519
-0.358652
1.055062
0.274430
0.193351
0.213402
-0.295326
2.671350
-0.189318
1.166749
0.168045
0.988557
1.188603
0.089247
1.009705
-0.455754
-0.675581
0.226720
0.060505
1.034643
0.176160
-0.310179
-1.091294
0.617253
0.225059
2.818496
1.287288
-2.851465
0.169891
0.812888
-0.394380
-1.084488
1.049683
-0.402442
-0.075977
-0.000586
-0.119982
-0.744189
