-0.234010
-0.183231
-2.464535
-0.310693
-0.129870
-0.223525
-0.483235
-0.655783
-2.403809
-0.247193
-2.573498
-2.498463
-2.557590
-0.147615
-0.126759
-0.251496
2.067487
-0.253353
-0.068837
0.511667
-2.441571
-2.541227
-0.022634
2.095118
-2.673191
-2.455179
2.160789
-0.212929
-0.213762
0.043635
-2.612428
-2.543719
-2.439322
-0.264347
-0.311122
-0.121962
-0.352557
-0.406752
-0.221944
-0.172191
-0.082856
-0.216943
-0.199481
2.260752
-0.387760
-0.209679
-2.532063
-0.365914
-2.546934
-0.177129
-0.341778
-2.572942
-1.888681
2.271395
-0.097031
0.026306
-1.284476
2.280096
-2.513080
-0.657672
-0.140078
-0.019547
-0.022992
-0.241585
-0.377420
0.011669
-2.388729
2.233966
-0.083028
-2.538166
-0.016781
-2.668269
-2.997066
-0.063584
-0.404852
-0.717081
-0.120109
0.017882
-0.085155
-0.519447
0.025112
-2.701767
-0.486880
-0.091580
-0.123902
-2.462021
-0.279501
-0.278202
-2.561785
-2.491913
-0.031374
-0.235734
-2.978566
-1.803870
-2.647509
-0.390357
-0.125425
-1.247840
-1.450948
-2.435506
-0.330343
-0.120666
-0.219762
-0.092367
-2.485550
-0.216582
-1.945516
2.145707
-0.178568
-2.463181
-0.527166
2.277164
-0.605456
-0.112589
-0.357979
-0.294873
-0.275125
-0.147158
-0.239254
-0.122543
-0.179151
-0.136210
-0.123682
-0.147466
-2.358346
-2.409912
-0.211563
-2.674713
-0.425296
-0.066111
-2.516626
-0.143855
-0.199844
-2.678956
-1.565087
-0.024232
-0.375283
-0.202893
-0.289032
-2.542167
-3.405260
-0.584027
-0.073592
-0.163342
-0.194729
-0.204339
-2.432278
-0.449309
-2.646830
-0.080703
-0.267634
-0.388027
-0.130075
0.468523
-0.292332
-3.016227
-0.343763
-0.013696
-0.364035
0.340870
-0.487838
-0.170026
0.001108
-2.466470
-0.495703
-0.459717
-0.373975
-0.394909
-0.124300
1.352906
-0.085110
-2.639695
-0.221801
-0.484166
-0.100923
0.061533
-0.056821
-0.556107
-2.452521
-0.178669
-0.019767
2.224449
-0.201422
-0.455183
-0.214332
0.010797
-0.296126
-0.074701
0.025807
-1.191584
-0.364740
-0.082028
0.018821
-0.604652
-0.413728
-0.241963
-1.650356
-0.116326
-0.013051
-3.221607
-0.207907
-0.224939
-0.307841
-0.254597
-0.119042
-0.154539
1.533862
-0.096963
-0.086366
-0.312440
-0.285031
-0.152571
-0.102492
-0.400143
2.141991
-0.611946
-2.788201
-0.019786
-2.509529
-0.419576
-0.224296
-0.554952
-0.634233
-0.094826
-0.305184
-2.521863
-2.939009
-0.144999
-0.497991
-2.571758
-0.272715
2.799582
2.301866
-0.306220
-2.501401
-0.314583
-0.249966
-0.480945
-0.495826
1.414962
-0.326885
-0.375272
-0.064117
-0.085485
-2.108354
-0.317168
-1.808785
-0.142087
-2.558745
-0.077909
-0.129088
-0.217771
-3.367180
-0.217807
0.101934
-0.124358
-0.301881
-0.010932
-0.103380
-0.089586
0.038404
-3.188283
-0.260369
-0.581155
-0.251579
-0.217619
-0.162453
-0.236411
0.488156
-0.434686
0.519615
-0.591454
-2.624843
-0.060731
-0.420469
-2.403426
2.258489
-0.454624
-0.040700
2.318392
0.558711
-0.055562
-0.384464
-0.406202
-0.467448
-2.531595
-0.682064
-0.110449
0.088311
-0.283006
-2.031029
-0.134076
-0.178745
2.045570
-0.382097
-0.080380
0.041653
-0.315947
-0.281593
-0.346593
-0.338224
0.022648
-0.131624
-0.255566
0.045833
-0.402006
-2.611130
-2.442615
-2.295208
-0.641623
-0.002679
-2.565988
-0.089043
-0.426274
0.074004
-0.214073
2.205610
-0.052990
0.414158
-2.496319
-0.591998
3.100621
-0.357201
2.256796
-2.464931
-2.549521
-0.151843
-2.474406
0.045754
-0.269740
-0.311593
-0.395334
-0.114468
-0.075879
-0.316308
-4.468554
-0.177184
0.387117
-0.269100
-0.114408
0.130325
-0.199883
-0.689588
0.008377
-0.089524
-0.110475
0.291933
-2.481469
-0.230972
-0.340139
-0.070309
-2.534078
2.128674
-0.604748
-0.282530
-0.127074
0.003220
-0.266221
-0.064667
-0.223235
-0.120187
-2.559469
-0.617493
2.112895
-0.011155
-2.538328
-0.528086
-0.677761
-0.557767
-0.264109
-0.440315
-0.328076
-0.096343
-0.137064
-0.196413
1.502787
-0.200537
-0.289198
-2.519472
-2.781389
-0.375443
-5.128426
-0.298415
-0.104146
-0.191074
-0.186687
-0.070631
-0.318086
-2.628825
-0.312281
-1.202998
-0.294099
-0.881816
-0.029536
-0.533508
-2.343642
-0.269324
-0.545774
-0.786692
-0.129767
-0.332625
-0.000687
1.951999
-2.454441
-0.416868
-0.639874
-1.681818
-0.419646
-0.405210
0.300562
-0.232192
-0.326817
-2.469050
-0.381750
-0.162106
-2.414233
-0.084790
-2.512683
-3.397167
-2.403855
-2.518638
-0.452966
-3.397202
-0.153912
-0.305132
-0.138825
0.060767
0.192356
-0.573371
-2.511711
-0.211981
0.417670
-2.568958
-0.123264
-0.388980
-0.164898
-2.737947
-3.179422
-0.507647
-0.199537
-0.102117
-0.358122
0.767992
-2.142323
-0.294886
-0.145083
-0.558754
-0.227398
0.038981
-1.172869
0.295644
-0.259921
-0.132786
-0.128293
2.254441
2.376565
-0.274989
-2.452093
-0.279733
-2.521059
-1.906060
-0.010004
2.161194
-0.796669
-0.180802
-0.302056
-0.244769
-0.199449
-0.600563
-1.738912
2.129952
0.127648
-0.127190
-0.066816
-1.735917
-0.290972
-2.509571
-2.744032
-0.168690
-0.352362
-0.083828
-0.662885
-0.670136
-0.052169
-0.902838
-1.564825
-0.240374
0.027450
-2.699010
2.131575
-0.100331
-0.153228
-0.059613
-3.767331
-0.810662
-0.023588
-0.577482
-0.336666
-0.225329
-0.029547
-0.163474
-0.413127
0.124917
0.584414
-0.199834
-2.667327
-2.512299
-2.386687
2.195319
-0.113367
-0.200038
-0.181488
-0.132829
-0.729625
-0.273347
-2.587323
-0.104508
-0.079597
-0.025890
-2.633025
-0.539679
-0.081728
-0.387533
-0.189414
-0.600877
-2.520302
-0.515103
-0.113706
-0.531725
0.107287
-0.324693
-0.289387
-2.499736
-0.060766
-0.168696
-0.425914
-0.155567
0.318816
-2.505554
-0.875548
-2.407076
-0.103025
-0.997177
-0.299058
-0.187056
-0.084756
2.240494
-0.344811
-0.124238
-0.226294
-0.195246
-0.272657
2.329358
-0.074789
-0.575735
-2.491977
-0.299555
-0.567637
0.064005
-0.058341
-0.468849
-0.149851
2.147121
-0.381520
-0.101139
-2.455331
-0.076625
-0.208211
-0.142734
-0.305115
-2.546214
-0.321460
-0.237828
0.128602
-0.251715
-0.249699
-0.337961
-0.252969
-0.055973
-2.531411
-2.454941
2.129988
-0.214984
-2.609514
-3.092555
-2.605027
-0.230231
-0.491295
0.558647
-2.596532
-0.423860
-0.087377
0.053742
-1.288025
-2.463406
-2.449183
-0.297904
-0.399853
-0.427354
-2.507982
-3.042678
-0.058485
-0.315351
0.072379
2.109992
1.747069
-0.232531
-0.303084
0.487172
-2.493503
-2.491025
-0.407418
-0.091999
-0.006852
-0.050320
-2.603904
-2.288246
-0.198462
-0.070100
-0.108836
-0.184272
-0.034414
-0.717370
-0.312732
-3.413227
-0.522441
-0.141224
-2.787329
-0.594763
-2.472999
-0.097176
-0.387420
-0.064806
-0.396600
-0.023642
0.178476
0.004842
-0.122177
-2.414826
-2.684475
-0.318581
1.734096
-0.303976
-0.513419
-0.170731
-0.140305
-0.063407
-0.332320
-0.111293
-0.048504
-2.464220
-0.074369
-2.657076
-0.179316
-0.506903
-0.183860
-0.220765
-0.075929
-0.433122
-2.680550
-0.899741
-0.592021
-2.435627
-2.491412
-0.456922
-0.249559
-0.084961
-0.672291
-0.055634
-2.524680
-0.377914
-0.115285
0.087195
0.048537
-0.290024
-1.548160
-0.112299
-0.210562
-0.248178
-2.613908
-0.049538
-0.529113
-0.390846
-0.120217
-0.100284
-0.102335
-1.581688
-0.113017
-0.124405
-2.519141
