-0.273230
2.100799
-0.442712
-0.168763
-2.341461
-0.190835
-0.124663
-2.468928
-0.109247
-0.146938
-0.314418
-0.232555
-0.435625
-0.098567
-2.491219
-0.220344
-0.450084
-0.255940
-0.019621
2.089415
-0.155721
-0.069538
-2.524848
-0.188967
-0.185366
-2.607163
-2.404731
2.162368
-0.099641
-0.127797
-2.363815
-0.368835
-2.387980
0.003774
-0.012126
-2.439510
-0.075546
-0.013005
-0.337247
-2.601955
-0.137611
-2.380984
2.074964
-2.609972
-0.103358
-0.070744
0.575284
-0.366175
2.189879
-0.337584
-0.091878
2.260242
2.200271
-2.624831
-0.444840
-0.418423
-0.292122
2.163040
-0.414012
-0.234654
-2.775956
-2.539689
-0.206389
-2.715676
-0.082182
-0.148230
-0.440039
-2.357511
-0.447383
2.235983
-2.789821
-0.088210
-0.064481
-0.281221
0.051912
-0.183665
-2.583502
-0.206325
-0.098763
-0.326565
2.146770
-0.098724
-0.096104
-0.379452
-0.056749
-0.281612
2.200671
-0.327470
-0.396604
-2.725764
-0.443491
-2.509009
-1.876288
-2.465272
0.138352
-0.021888
-0.072855
-2.409558
-0.382160
2.182644
-0.214483
0.017392
-0.232223
-2.453442
-2.583896
-0.174132
-2.622952
-0.020032
-0.139335
-0.275206
-2.577203
-2.734328
2.223621
-2.750190
2.091325
2.395067
-0.192015
-2.517912
-2.587409
-0.113984
-0.107675
-0.133264
-0.164331
-0.142678
-0.294757
2.123225
-0.003234
-0.458854
-2.451322
0.570117
-0.002306
-0.122198
0.092270
-0.352990
-0.197187
-0.274181
-0.399994
-2.713527
-2.617780
-0.359653
-0.400411
-0.439487
-0.291982
-0.390576
-0.239788
-0.295698
-0.072221
-2.452949
-1.703223
-0.131099
-0.099107
-0.289302
-0.046803
-0.135012
-0.155411
-0.488818
-0.090235
-0.176388
-0.161144
-0.319555
-2.422994
-2.612038
-0.141365
-0.359702
-0.340541
-0.101723
-0.169349
-0.128310
-0.208443
2.214899
-2.545656
-0.101072
-0.118949
-0.177409
-0.373799
-0.159758
-0.137851
-2.603299
-2.719673
-0.350454
-2.520848
-2.570453
-0.015193
-0.092835
-0.232316
-0.200991
2.255287
-2.512613
-2.469173
-0.507428
2.167763
-0.100825
2.287398
2.125142
2.392889
-0.410382
-2.598793
-0.274756
2.213165
0.581054
-0.255409
-0.051290
-0.190726
-2.570375
-0.377581
-2.570583
-2.415049
-0.101991
2.234630
-0.248741
-0.157512
-0.098884
-2.644384
-0.022916
-0.418122
-2.426901
-0.342631
-0.250313
0.054124
-0.131915
-0.380808
-0.041126
-0.457749
-0.133657
-0.178671
-0.319678
-2.569530
-2.543151
-0.145968
-0.022072
-0.296660
2.210173
-2.479462
-0.155264
-0.112914
-0.325171
0.010811
2.132972
-0.228631
-0.126720
-0.372348
2.242681
2.208865
-0.244969
0.006156
-2.562443
-0.315755
-2.564201
-0.157562
-0.111964
-2.545642
-0.067987
-2.588076
-2.613372
-0.317911
-0.164298
-0.242795
-0.260101
-2.677942
-0.114812
-1.762969
-0.321635
-0.080122
0.088795
-0.265022
-2.448935
-0.355907
-0.288444
-0.180081
-0.129216
-2.359652
-0.318216
-0.084023
-0.400174
2.475867
-0.156163
-0.321601
-2.603859
-0.163756
-0.255641
-0.488320
-0.156922
-2.541702
-2.528062
-0.060097
-0.101488
-0.045492
-0.156269
0.551166
-0.149546
-0.026892
2.373034
2.265757
-2.574633
-0.005233
2.270610
-0.318645
-0.261915
-0.376485
-0.425350
-2.486161
-2.389132
-0.328436
-0.205016
-0.276817
-0.314402
-0.099711
2.110943
-0.066454
-2.296340
2.150170
-0.456942
-0.031664
-0.039821
-0.158688
-0.356484
-0.404593
2.112744
2.166173
-0.089454
-0.173123
-2.529233
-0.071208
-0.290782
-0.107794
-0.083620
-0.328539
-2.479021
-0.090932
-2.536251
-2.566547
0.013296
-0.192032
-0.064935
-0.089118
0.534996
-2.730554
-2.423760
-0.091223
-2.556943
-0.208039
-2.675031
0.008812
2.247251
-0.103535
-0.369147
0.010438
-0.208548
-0.075946
-0.349133
-2.309548
-0.260133
-0.157695
0.067656
-2.554681
2.185116
-0.252882
-2.393189
-2.667431
-0.468208
-2.537951
-2.507525
-0.373855
-0.404400
-0.370613
-2.526287
2.165027
-0.075345
-0.173742
-0.356281
-0.218892
-1.793259
-0.400414
-2.447471
0.005532
-0.103833
-0.528228
-0.418950
-2.432295
-0.343420
-2.400108
-0.086218
-0.073283
-2.404895
-0.072782
-0.146006
0.002149
-0.083384
-0.236765
-0.362440
-2.602930
-0.298990
-0.311587
-0.101056
-0.306952
-0.246250
-0.226150
-0.166183
-0.089092
-0.195764
-0.193744
-0.176973
-0.245148
-0.264325
-0.152155
-0.046644
-0.218513
-0.044371
-0.055550
-0.151287
-2.733627
-0.023996
-2.357142
-2.566877
0.433808
2.171220
-0.258130
-0.147417
-0.113460
-2.536625
-0.129125
-0.486351
-0.161151
-2.600154
-2.661348
-2.450072
-0.277676
-0.161548
-0.133189
-0.036027
-0.305705
-0.244098
-0.266225
-0.287399
0.036835
-2.580441
0.005654
-0.086532
-0.212867
-0.296391
-0.233468
-2.377688
2.296205
-0.392936
2.169760
-2.575090
-2.478084
-0.057087
-2.668158
-0.215123
-0.028572
-0.288282
-0.155365
-0.016815
0.031096
-2.467516
-0.460810
-0.347136
-2.589393
-0.004022
-0.151845
-0.223957
2.244597
-0.069335
-2.615516
2.205217
-0.265532
-0.048240
-0.405180
-0.415675
-0.124545
-0.395655
-2.416874
-2.636550
-0.104154
-0.128978
-0.132970
-0.393893
-0.330822
-0.201475
-0.136595
-2.537391
-0.212792
-0.176661
-0.216684
-2.490811
-0.088301
-0.063307
2.276304
0.585582
-0.087604
-2.465304
-0.437779
-0.436823
-0.166753
-0.010359
-0.342113
-0.204908
-2.462509
-0.240256
-0.230232
-3.297253
-0.373707
-0.428806
-0.258089
-0.182500
-0.305980
-2.489499
-0.177648
-0.262725
-0.129319
-2.527541
-0.374510
-0.169663
-0.244255
-0.287430
-0.087865
-0.229048
2.277678
-0.075289
-0.095601
-0.121452
-0.266159
-0.354069
2.076813
-0.123619
-2.584795
-2.483392
-0.282837
0.460792
0.097019
2.310121
-0.077912
-2.464710
0.073162
-0.195224
-0.358774
-0.405293
-0.249339
-0.201361
2.217301
-0.094729
-2.536220
-2.507092
-2.419137
-0.016864
-0.094408
-0.168735
-0.392606
2.062721
-0.115175
-0.323635
0.007711
-0.264655
2.034694
-0.407845
-0.009612
-0.363533
-0.148658
-0.109293
-0.260751
-0.267835
-0.363643
-0.110083
2.236106
-0.076788
-2.662269
-0.181679
-0.154013
-2.601552
2.155837
2.111089
-0.120100
0.005822
-0.066019
-0.130232
-0.077229
-0.102198
-0.032143
-0.335174
0.422616
-0.088957
-0.152537
-0.435596
-0.125320
-0.139839
-0.499211
-0.055513
-0.165314
-0.208971
-2.599168
0.543300
0.033298
-2.336710
0.057190
-0.308734
-2.555214
-0.387003
-0.131493
-0.279047
-2.605774
-0.465429
-0.360476
-0.098160
-0.017270
-0.239536
-0.219590
-0.128602
-2.521602
2.325099
0.018403
-0.208453
-0.193173
-0.098005
-0.290608
-0.280935
-0.178704
2.207277
-2.494302
-0.164598
-2.522469
0.525017
-0.357657
-2.601815
-0.167971
-0.350313
0.031854
-0.147370
-2.611045
-0.132044
-0.162760
-2.582548
-0.190814
0.007316
2.148959
-2.543017
-0.285184
-0.012303
-0.092169
-0.268878
-0.220999
-0.357043
-0.142912
-1.834072
-0.389588
-0.181788
-0.336883
-0.245671
-0.361701
-2.564319
-0.012529
-2.772350
2.211168
-0.341220
-0.151903
-2.573759
-0.419280
0.029901
-0.060576
-0.117758
-2.543794
-0.022065
2.258488
-0.241302
-2.500727
-0.168218
-0.287112
2.338664
2.222273
-2.409396
-0.170224
0.040091
-2.530181
-0.562819
-0.228102
-0.327433
-2.567222
-0.128549
-2.692306
-0.037058
2.163978
-2.666993
-0.437374
-0.078357
-0.088874
-0.118812
-2.517631
2.281346
-0.161343
-0.394143
