0.197396
-1.997424
0.507099
-0.554307
-1.396124
-0.540420
2.475623
1.231504
-1.279340
-1.951303
-0.938047
-1.833791
-2.761086
0.418224
0.732815
-2.111216
-3.050933
0.927295
-1.107149
-1.373401
0.000000
-1.610775
3.141593
0.876058
-1.717875
2.319174
-2.714965
0.950547
-0.260602
-2.077895
2.034444
-0.519146
-2.976444
2.843094
-1.390943
-2.654693
0.956133
-2.976444
2.553590
-2.819842
2.498092
-2.129396
2.937575
1.128422
-1.227772
-2.231839
1.089909
-0.076772
-1.570796
0.745419
0.519146
-1.313473
2.819842
1.941688
1.405648
0.902507
-2.677945
-2.835714
1.030377
-2.356194
2.466852
-0.708626
1.892547
-1.024007
2.896614
0.422854
-0.439843
-0.588003
1.653938
1.919567
-1.212026
1.460139
1.460139
3.036716
0.881872
-0.844154
1.892547
-0.674741
-2.312744
0.185348
1.453688
-0.412410
2.553590
-1.071450
-0.273009
2.907849
-0.394791
2.601173
2.414950
-2.125104
2.442933
0.185348
-1.190290
1.051650
1.687905
-0.561922
-1.107149
1.869295
1.712693
0.000000
-1.753907
0.463648
-2.796037
-0.110657
2.034444
0.785398
2.601173
2.709185
-2.466852
1.465919
-0.309703
-0.956133
-0.722979
1.975688
-1.365401
2.265535
-1.471128
0.302885
0.519146
0.576375
0.000000
0.708626
1.337053
-2.034444
-2.627141
3.141593
-0.540420
2.677945
1.147942
-1.405648
0.000000
0.785398
1.999574
-2.226492
0.083141
1.019141
-1.723446
2.677945
2.214297
2.356194
2.736701
1.412141
-2.199593
-1.380808
-1.753907
0.000000
-0.032247
2.129396
1.325818
1.862253
0.960070
-2.312744
-0.286051
1.373401
1.352127
-1.937970
2.659079
2.329174
2.819842
-0.960070
0.785398
-2.021458
-0.982794
-2.191046
-2.875341
0.714091
-2.589938
1.315614
-2.835714
2.126290
3.141593
1.892547
-0.348771
-1.310194
-0.380506
-3.075024
-1.570796
-2.582993
0.956133
1.723446
-0.851966
1.441094
-2.618314
-2.944197
2.245537
-2.922924
1.176005
1.315614
-1.570796
2.439336
-0.745419
-0.165149
-1.570796
-0.942000
2.843094
-1.206817
-1.249046
1.337053
2.884269
-1.405648
0.141897
-2.196281
0.000000
-0.704494
1.304544
-0.759763
1.396124
-1.815775
1.778293
-1.969319
-0.927295
1.804540
0.965252
-0.579074
2.356194
2.396173
0.129703
3.141593
-2.432966
-2.119346
2.792822
2.622447
1.165905
1.892547
-1.520838
1.428899
-1.862253
2.578276
2.214297
2.875341
-0.519146
0.000000
-2.147172
-2.414950
1.570796
-0.688924
1.421906
2.053310
-2.480549
-1.815775
-0.785398
0.363979
2.539305
-0.394791
-0.732815
-0.607802
1.504228
1.989021
0.302885
-1.941688
1.843805
1.299849
1.570796
2.701750
3.094010
1.297788
-1.144169
2.356194
-1.768192
1.284745
-2.228685
-0.868539
-1.222025
-0.950547
0.512389
-0.862170
0.661043
1.951303
0.785398
-0.124355
-0.049958
2.214297
-0.110657
1.197809
-1.614247
-3.024484
0.244979
1.405648
1.904041
2.089942
-2.446854
0.141897
-0.305879
1.789465
0.994421
1.019141
-1.527345
-1.373401
-1.325818
2.432966
0.851966
2.982937
-1.856848
-0.099669
0.291457
-2.111216
-2.297439
2.418613
-1.801887
2.245537
2.880990
2.964884
0.655696
-2.422763
-1.359703
0.655696
0.927295
-0.785398
0.982794
0.960070
0.927295
-1.249046
-1.107149
-1.212026
-2.553590
-3.050933
1.975688
-1.494024
-2.944197
3.141593
-1.541393
-2.930499
3.017238
0.321751
0.756835
-2.896614
2.356194
-1.279340
-2.601173
1.862253
1.091277
-0.244979
-1.723446
-2.709185
1.421906
-1.610775
-2.999696
2.231839
-0.635027
-2.609869
-0.512389
-2.196281
2.999696
-1.347320
-2.455863
1.843805
0.334737
0.661043
-1.929567
0.463648
2.506566
-2.819842
-0.785398
2.956245
-2.055274
-1.030377
-0.179853
-0.188222
-1.107149
2.976444
-1.570796
2.798569
-1.279340
-2.251318
-2.300696
-1.843805
2.403778
0.896055
2.356194
-1.532354
1.905533
-0.643501
-1.647568
-1.310194
-2.718739
-1.446441
2.441700
0.463648
1.657535
0.870903
1.515298
0.055499
1.789465
-0.524796
-0.380506
3.141593
-3.041924
-0.558599
-2.425849
-2.525296
1.165905
0.844154
2.553590
-1.222025
0.519146
-0.333244
0.321751
-1.892547
2.498092
-2.914794
1.620755
0.938047
0.750929
1.866237
2.723368
-1.629552
1.681454
-2.466852
-1.815775
1.892547
2.850136
1.647568
2.414950
2.622447
-1.158386
1.359703
-1.428899
0.204018
1.467715
-1.428899
-0.141897
-3.030935
2.381830
-1.941688
1.158386
-1.304544
-2.432966
0.463648
1.570796
-2.855541
-0.600050
2.875341
-2.992703
1.279340
1.487655
2.574863
1.325818
1.107149
-0.507099
2.158799
-1.258754
-1.837048
-0.999459
-2.782822
-2.191046
0.446106
1.681454
-2.582993
-0.426627
-1.661456
3.017238
-0.045423
-2.677945
1.804540
-2.647651
0.463648
-1.359703
-1.373401
-1.750650
-1.134169
-0.372988
-2.228685
-2.526930
-0.398522
2.804918
-2.051684
2.119346
-2.896614
-1.506369
-2.976444
0.404892
0.404892
-2.553590
0.909753
-2.601173
-3.009041
-2.961739
1.892547
-1.385448
1.063698
0.643501
0.390607
0.571337
1.144169
-1.907471
-1.929567
1.975688
1.487655
-1.892547
-0.685730
2.414950
-2.922924
0.917950
-2.321725
-1.878849
0.598419
1.428899
1.138389
0.321751
-2.170847
-1.279340
-1.203622
-3.098142
-2.966920
2.798569
2.089942
0.000000
0.540420
-0.394791
2.516108
0.588003
2.553590
2.158799
-1.717875
-1.107149
2.918116
-2.553590
2.907849
2.999696
-2.236766
2.768605
-2.553590
-2.976444
-1.815775
1.165905
-1.373401
-0.610726
1.046001
-2.819842
1.012197
-1.804540
0.197396
-2.999696
0.881872
0.083141
1.080839
0.896055
-0.244979
0.945311
1.923787
0.540420
0.104877
-2.746802
2.427502
0.404892
-2.356194
0.170735
3.141593
1.107149
1.262744
-0.286051
1.532354
-0.551655
-1.951303
2.411693
2.199593
-0.655696
1.650626
1.107149
-0.927295
-1.570796
-2.570255
-1.380808
-2.553590
1.969319
-0.394791
1.825979
-1.405648
0.558599
-1.012197
-1.712693
2.498092
1.442473
-0.404892
-2.111216
1.997424
-3.041924
0.218669
2.651635
-2.265535
-0.062419
-2.293776
0.380506
-2.896614
-1.460139
-3.075024
1.165905
-2.553590
-2.677945
-2.335789
-2.907849
0.563316
1.815775
0.321751
1.335251
-0.822418
-0.380506
0.179853
-1.460139
0.141897
-0.982794
-2.034444
2.383215
2.840672
-1.373401
2.976444
-2.239086
-1.570796
-0.410127
0.321751
2.906048
-3.041924
-2.077895
-2.325901
-0.643501
-0.735440
2.432966
1.107149
0.278300
-0.718830
-2.761086
1.604117
2.982937
3.141593
2.944197
-2.485897
1.405648
-1.657535
1.107149
-1.051650
2.994514
2.526930
1.428899
-2.512796
3.050933
1.530818
1.304544
-0.643501
-1.604117
1.039072
-1.642104
-2.319174
-2.506566
1.152572
-1.862253
1.768192
0.507099
2.083186
-0.358771
-0.278300
1.916352
0.463648
2.034444
1.789465
1.570796
-0.055499
-1.670465
0.576375
-3.034857
-2.541542
-3.030935
-0.876058
-3.041924
0.785398
0.124355
-0.185348
1.794273
-2.906048
-0.244979
0.244979
-2.323948
-1.279340
1.089909
2.704965
2.297439
-1.570796
1.951303
-0.439843
1.707863
-1.815775
0.785398
-0.463648
3.064821
-1.325818
-0.785398
-1.138389
-1.880499
-2.142134
1.352127
0.851966
