-0.808650
1.789465
-1.570796
-2.174546
-1.155722
-2.176341
-1.892547
1.424784
1.420425
-1.120135
2.902983
-1.224257
-0.525584
0.858439
-1.017502
-1.990993
-0.750119
-1.989021
-1.919567
-0.128323
2.134113
-2.665897
-1.591627
-2.855541
-1.080839
-2.333471
2.792822
-1.292497
1.919567
-1.027607
0.215358
-1.592532
2.292451
-2.210182
1.158386
2.922924
2.992703
-0.743756
2.750986
1.862253
1.807645
1.873681
0.327098
-1.673003
-0.485622
-1.298650
-0.060532
0.480175
-0.102207
-3.034857
1.333948
-1.543776
-0.055499
-2.749253
2.756435
-0.766532
-0.837981
-0.605545
-2.579671
1.485291
-1.489892
1.399417
0.274910
-1.758225
-0.189988
-2.855541
-1.469107
-1.439481
-2.647651
-1.075663
2.704965
-1.892547
-2.865787
2.887225
1.071450
1.875307
1.750650
-1.542233
1.704607
-0.531724
-3.038511
2.194819
0.139096
-0.583636
-1.199905
-1.292497
1.967876
0.577902
2.605781
2.986596
-2.819842
-0.806672
-0.380506
-2.407432
-1.910089
1.599360
2.321725
2.255413
-1.859772
1.741532
-1.979704
-2.214297
-2.517570
2.373737
0.375271
-0.732815
1.098674
2.336589
2.622447
-0.679414
1.843805
2.827361
2.315122
0.757628
2.001489
2.709185
1.249046
0.738920
-2.779048
2.147989
-0.588003
-2.129396
-2.926235
1.202447
1.540503
-1.134169
2.776858
2.145101
-2.379446
-2.096863
1.910089
-0.463648
-1.721168
1.357858
1.313473
-0.813962
-0.214061
0.278300
0.927295
-1.020943
-1.367751
-0.870903
-0.990040
-2.701750
-2.279423
1.951303
2.158799
0.643501
0.078784
-3.068552
-0.651077
-2.716760
0.302885
0.824340
1.343997
0.023252
2.436024
-0.841942
1.908675
-1.588652
0.291457
-1.299849
2.577023
-1.025141
-1.000413
-2.529440
-0.823355
2.151553
-0.620249
0.674741
3.033903
-1.098674
-2.664247
-3.123076
2.714965
-1.172274
0.068856
-0.027020
-0.430693
-1.537475
-1.212026
-1.645656
-0.146012
2.986596
0.750119
-2.234842
1.975688
1.989021
2.498092
-2.340811
0.588003
0.721655
-2.909036
-2.792822
-1.433730
1.489892
0.478352
0.288975
-2.356194
-1.048393
1.173717
1.160669
-1.122073
1.570796
-2.784973
0.620249
0.036348
1.779819
2.310073
-1.229817
-0.141897
0.224711
-0.189988
-2.996283
-1.504228
-1.695151
-0.477831
-1.661456
-0.841942
2.875341
-2.492597
2.738938
2.209116
-1.219352
-0.670522
-1.227772
0.653636
0.358771
-1.832916
-0.896055
2.519561
-0.528074
-2.772897
1.047518
0.745419
2.181522
-1.312544
2.106608
-0.730907
-3.062809
0.711459
2.979394
0.974597
-2.964884
2.543174
-2.245537
2.514284
-0.880996
1.800028
2.341270
-0.302885
2.356194
2.746802
-1.513168
-2.331809
-2.151553
0.146012
0.033321
0.321751
1.902856
0.182168
-2.729182
1.325818
-2.369527
-0.670522
-1.383817
-2.694750
1.165905
-3.041924
3.121987
-2.700413
-3.014083
2.984991
0.947597
-2.342497
2.406998
2.197539
-2.378918
-2.598115
-1.152572
-2.530867
0.888480
1.753907
-2.712815
3.062809
-2.045807
-0.643501
-0.028564
-2.902983
-1.155304
-0.238609
0.551655
0.141897
1.667270
-1.096396
0.266252
0.132552
-0.953605
-1.299849
0.113792
-1.707863
-1.017502
-2.250210
-2.173084
0.974597
1.332960
1.800028
0.240171
0.463648
0.505581
2.399645
-1.732995
1.761981
0.476467
1.862253
2.590917
1.299849
0.871604
-2.887919
-1.165905
-2.538363
-0.104877
2.903757
1.607144
1.883698
0.191184
-1.107149
1.239700
-1.643837
2.089942
2.004378
0.798384
1.292497
-2.577023
-0.334737
-1.667270
-1.471128
-2.073640
-2.258468
-1.184914
1.602036
2.356194
1.338239
-1.934775
-0.057081
0.329050
2.774419
1.800028
2.644250
2.514850
0.106736
-0.124355
-1.768192
-1.823351
2.410686
-1.480136
0.939717
-1.357858
-0.310998
0.708626
1.335251
1.869295
-1.065935
-2.609869
-1.299849
-2.925508
-1.227772
2.436024
-1.118018
0.358771
0.253674
-1.212026
-1.378748
3.017238
-1.513168
-1.216091
-0.410127
-2.057696
-1.849096
-0.526066
-1.673878
-2.425051
-0.572966
2.667193
2.670133
-2.343537
-0.097253
-1.624798
-2.208345
-0.766532
1.927416
-0.865228
-2.104505
2.265535
0.890275
1.955954
0.643501
-2.034444
-2.981680
2.265535
-0.132552
-0.132552
0.321751
2.325277
1.332960
-1.074374
0.281772
2.487510
-2.637427
-2.191046
-2.461071
-1.687905
0.000000
1.460139
-1.910089
0.749699
3.141593
-0.674741
-2.677945
-1.871717
-2.034444
-2.191046
-1.463106
-2.044152
-1.473543
1.048962
-0.977446
-2.811295
1.438245
0.450661
1.940130
0.546789
-2.070143
-1.600200
0.025635
-2.191046
-2.593043
2.101012
1.383817
-2.947634
2.582993
1.664273
-1.314645
-2.622447
2.614649
1.240499
0.437791
-0.268366
-0.269167
-1.292497
-2.956245
-2.019520
-0.372068
-2.922924
0.104877
0.825377
-1.066630
0.197396
-2.394637
-2.976444
2.101012
-1.261866
2.985998
-2.944197
1.107149
-1.501142
3.109346
-0.609163
-2.539305
0.552841
3.141593
-2.798569
-0.298499
-1.956679
1.077960
1.485291
2.375800
2.639502
-0.148890
2.643770
0.961633
-2.250210
-3.053585
0.329624
-2.604308
-3.056087
-0.999459
2.802300
-1.304544
-1.945130
-1.815775
-0.802940
-2.819842
2.819842
-0.595410
-1.815775
0.588003
1.357858
-2.553590
-0.921801
2.690140
-0.933248
2.986596
-1.695151
2.655971
-2.437099
1.647568
-2.344430
2.792822
1.712693
2.250210
-2.525296
-3.041924
-2.521343
-2.794531
-1.759018
0.705111
2.169215
-2.932570
-1.068706
2.766322
-2.068139
1.071450
-2.968347
-2.074962
-2.664247
2.421039
-1.831399
-0.139096
-2.704965
0.117109
1.797595
-0.839890
-1.263751
-0.677386
-1.926432
0.649870
1.501940
-2.986596
-1.239700
-1.797595
0.999459
2.444850
-2.019520
2.995580
-1.071450
-0.654083
-0.977794
-0.117109
2.843094
-0.418224
-1.179096
2.022950
1.482789
-0.480175
-0.836635
-1.600200
-1.339706
1.723446
0.900275
-2.469629
-3.050933
-0.375271
-0.512389
1.442473
-0.628796
2.220667
2.610819
-1.978945
-1.030377
-0.174672
2.553590
-1.884417
2.609869
-2.335789
0.564084
0.592697
0.606988
-2.483704
0.889498
-0.606988
-0.938047
-2.562518
0.165149
0.043451
3.033903
2.570255
0.510488
-0.080904
-0.865228
-2.115660
-0.973620
2.382504
-0.694738
0.634383
2.424271
-2.466852
1.349482
-1.428899
-2.544416
-1.396124
-1.295886
2.396173
2.802300
-2.303611
2.073640
3.087591
0.750929
-1.510868
-1.161888
2.730528
2.236766
0.957589
-0.614663
-2.875341
2.777614
-0.697021
2.573068
-1.965587
-2.289626
0.674741
-2.919511
2.342862
3.039386
-1.518213
-2.733444
1.008875
1.123276
0.730907
-2.723368
-2.782822
2.504044
2.299651
1.400061
-1.055247
0.697903
-1.442473
2.504522
-1.570796
0.299776
-1.885028
2.765632
-0.546167
-0.876058
-2.973697
-3.099065
0.572460
1.058407
-1.496857
0.662426
2.654693
1.703348
2.518393
2.755710
3.103150
-1.543776
-1.094329
-1.545802
1.543776
2.034444
-3.122727
1.298650
-0.224711
0.957026
0.730907
-0.687671
1.779262
-3.114572
1.304544
-1.182478
-0.161375
-2.598403
-0.748378
1.304544
-1.030377
-2.588751
-0.967047
2.701750
0.957589
-3.113822
-0.348771
2.505084
1.975688
0.438859
2.511559
2.137526
-0.540420
-0.931882
-2.270689
-2.566520
