-0.896055
0.463648
-1.980924
1.723446
0.152649
-1.957672
-2.622447
-1.136126
0.183111
-0.598419
1.858852
2.221873
1.225241
3.103150
0.569313
-2.455863
2.270689
-3.017238
2.809533
2.642246
2.872425
1.570796
-1.405648
2.563691
0.896055
-2.843094
1.004067
0.668289
-1.433730
-2.806856
-1.997424
-2.631104
0.785398
-0.785398
2.582993
-1.091277
-0.546789
2.498092
-0.037020
-1.570796
-0.554307
-0.840897
0.204018
1.124691
-2.356194
-1.487655
3.070285
1.670465
-1.639653
2.223643
-0.345556
0.348771
2.731465
0.880350
-0.218669
-1.496857
1.237552
-1.335251
1.275355
-2.498092
2.886410
-0.674741
2.158799
2.937575
1.612439
-0.732815
-3.026716
1.650626
-2.437099
-0.832981
0.844154
-0.885067
-0.657889
1.212026
-1.905533
0.643501
-3.104573
-1.919567
2.051684
-2.761086
-1.650626
2.275290
-2.381830
1.570796
0.628796
0.032247
1.869295
0.785398
-2.922924
0.226799
1.570796
0.972377
-0.866302
-1.610775
2.181522
-0.657889
2.695487
-1.892547
1.789465
2.574863
2.275290
1.854590
-1.880499
-2.642246
-0.214061
-0.244979
0.808650
0.298499
-3.108272
-2.525296
2.512796
0.844154
-1.980924
1.123276
-2.530867
2.383215
2.331809
-1.423718
1.570796
1.091277
-1.965587
-1.494024
-2.782822
-1.464061
0.620249
-1.176005
0.079830
-2.327631
1.423718
-2.594804
-2.034444
-2.411693
-1.222025
-2.964884
-2.792822
0.278300
1.297788
-0.038443
-1.975688
0.982794
-1.160669
-0.885067
-2.451146
1.067953
0.310998
0.554307
0.917950
0.598419
-0.392340
-0.429762
-0.866302
2.878598
-2.886410
0.600050
0.620249
-0.563316
-0.982794
2.104505
0.218669
-2.089942
-1.854590
-2.234842
-0.273009
-2.329174
0.135528
-1.797595
3.107124
-0.566729
2.327631
2.300696
1.480136
1.905533
0.735440
1.609239
1.089909
3.103150
2.607884
-1.570796
0.756835
2.878598
1.797595
-2.727086
-2.050316
-0.226799
-2.896614
-1.272297
-0.226799
2.627141
1.398606
1.499489
-0.870903
-0.533708
2.806856
1.236059
1.815775
-0.446106
-1.760785
0.674741
-2.034444
2.498092
-0.309703
1.833791
1.394087
-0.083141
1.046001
1.706324
1.400061
1.878849
-2.148698
1.272297
2.927532
-1.919567
-2.303611
-0.119429
2.016902
2.067219
-1.238737
2.261243
-0.704494
-1.606495
0.960070
-0.607802
2.731465
-0.785398
3.141593
-1.261093
0.610726
-0.935770
-2.446854
-1.030377
2.541542
-2.521343
0.994421
-0.076772
3.141593
-1.529154
0.352990
-0.732815
-2.034444
-2.196281
1.753907
-1.529154
2.297439
-0.183111
0.363979
1.959115
2.411693
-2.853537
1.107149
2.220667
3.141593
1.249046
-1.004067
-2.808348
0.694738
-0.862170
2.846152
3.075024
1.007480
-0.235545
-0.890275
2.329174
2.631104
-1.387686
-2.944197
0.269167
-2.850136
-2.158799
0.000000
-2.563691
1.156289
-0.226799
-2.411693
2.451146
-0.758378
-1.871717
-1.665748
-0.927295
1.532354
1.735945
1.042722
1.735945
-1.249046
2.543174
-0.288055
2.506566
-1.753907
1.653938
0.514451
-3.110353
0.756835
3.058451
1.717875
1.074374
-1.781890
-0.576375
-0.546789
-1.060308
-0.152649
0.000000
-0.519146
1.494024
2.214297
0.176709
0.643501
-2.137526
-2.694073
2.922924
1.858852
-1.653938
0.610726
-2.205823
-2.089942
2.441700
0.960070
2.104505
2.137526
0.558599
-1.535097
-1.212026
0.045423
-2.356194
1.925502
-1.471128
1.373401
-2.406153
2.111216
-0.244979
3.072736
1.866237
1.723446
1.570796
-1.030377
1.249046
1.412141
1.089909
0.158655
-1.527345
1.880499
1.356736
-1.642104
-0.785398
2.976444
0.000000
-1.650626
-1.530818
0.935770
-2.381830
-2.018316
1.051650
-3.103150
-1.438245
2.521343
-1.570796
1.390943
0.000000
-1.892547
-1.929567
0.129703
-1.965587
1.212026
-1.124691
-0.934288
0.726642
-0.321751
2.432966
2.525296
2.356194
-1.107149
0.643501
-3.011890
-1.717875
1.042722
0.124355
-2.455863
1.126377
-2.383215
-0.919720
0.540420
0.576375
-2.833540
-1.170556
1.673878
-1.501940
2.446854
-1.747505
-1.225241
-3.022164
2.711830
1.881795
1.037088
-2.158799
-2.533791
-0.071307
-2.601173
-0.785398
2.432966
0.927295
-0.758378
-0.496423
-1.275355
1.735945
-1.007480
0.266252
-1.042722
-0.345556
2.808348
1.170556
-3.075024
-2.767259
1.997424
-1.570796
3.064821
1.610775
1.570796
1.570796
0.235545
1.165905
0.729900
0.479519
-2.000559
-2.125104
2.607884
2.000559
1.496857
2.221873
1.428899
0.041643
1.347320
-0.735440
3.038511
3.099950
-0.942000
1.610775
-1.806341
0.876058
-3.103150
-2.251318
-1.024007
0.972377
-0.211093
0.668289
2.951604
0.000000
-2.544416
-1.760785
-1.352127
-2.594804
-0.358771
-1.723446
2.695487
2.356194
0.496423
-2.677945
-3.107124
-0.577902
-0.982794
1.074374
-2.228685
-1.428899
1.695151
0.295441
-0.651077
-0.729900
-2.563691
-2.275290
-2.642246
-2.466852
-0.554307
2.158799
1.800028
2.543174
-2.356194
2.356194
2.922924
0.566729
-0.756835
0.540420
1.815775
1.460139
-2.613518
0.480887
1.618379
-2.786887
2.073640
-1.609239
0.129703
-1.487655
-2.613518
-0.785398
-1.916352
1.004067
0.363979
1.925502
2.411693
2.922924
-0.037020
1.797595
1.464061
-2.613518
-0.704494
-1.307802
-1.533776
-2.053310
-1.776192
2.958482
1.365401
-1.919567
2.774419
0.283794
-2.070143
1.089909
1.347320
-1.460139
1.490966
-1.570796
-2.741352
-0.119429
1.435269
-3.022164
2.293776
1.866237
1.753907
1.107149
2.887919
1.997424
-2.601173
2.819842
0.759763
0.729900
0.197396
0.785398
0.499347
-2.709185
0.502843
-3.061763
1.570796
-2.308611
-1.124691
0.283794
1.815775
-0.610726
1.980924
-2.081285
-0.496423
2.441700
2.466852
-0.785398
3.034857
-2.140110
2.441700
2.231839
-2.129396
0.310998
2.214297
-0.197396
2.553590
0.712358
-0.708626
-1.807645
0.079830
1.951303
0.598419
-1.905533
0.668289
-1.807645
-0.448723
-0.870903
-2.988943
0.334737
-1.989021
-1.985303
-0.235545
-0.962994
-3.067654
1.088283
-2.927532
-1.642104
-2.709185
-2.067219
0.071307
0.588003
-0.205395
0.758378
-1.536327
-2.303611
-2.808348
-2.466852
2.441700
-1.147942
2.356194
-0.394791
-0.735440
-0.714091
-2.958482
0.367174
3.086094
-1.570796
-0.674741
-2.512796
2.627141
-2.020556
2.622447
-0.354706
2.228685
-0.732815
0.628796
-1.681454
2.944197
-0.041643
-1.259798
1.869295
-0.106736
-1.858852
-0.566729
-1.405648
2.782822
-1.499489
-2.819842
-0.253674
2.265535
-0.119429
1.854590
0.785398
1.647568
-2.408778
1.147942
2.563691
2.662073
2.819842
-2.214297
2.327631
-0.912908
2.384758
0.566729
-1.156289
0.283794
-1.892547
-0.880350
-2.330559
-1.107149
-3.058451
2.356194
1.071450
-0.493941
-0.152649
0.083141
0.205395
1.997424
2.169215
-0.309703
-0.588003
-2.403778
1.837048
1.484058
1.123276
-1.156289
-1.056345
-3.064821
1.971037
-1.418147
2.786887
2.221873
-1.249046
-2.731465
0.372988
-1.275355
1.272297
-3.054854
0.037020
-1.141034
0.298499
2.483704
-1.985303
-2.622447
0.482513
2.627141
2.958482
0.935770
-1.869295
2.441700
0.000000
2.178598
-1.216091
-0.785398
1.797595
2.936197
-0.463648
0.037020
0.643501
