-1.141034
1.642104
-0.496423
0.218669
-1.385448
1.997424
0.104877
-0.252554
3.030935
-2.853537
-1.267911
2.984991
-2.356194
-2.414950
2.279423
-0.278300
0.551655
-2.830594
2.064738
1.639653
1.487655
-1.071450
-1.446441
2.480549
-0.073939
-2.399645
0.434670
0.805803
0.690446
1.919567
2.802300
-2.545394
1.815775
-2.377468
-2.009133
-1.892547
-0.477345
1.499489
2.553590
1.318242
-1.237552
1.414194
0.761013
0.146012
2.505084
-2.619189
0.628796
-2.317752
1.196463
-0.478352
-2.256526
0.183111
-1.570796
-1.382575
-1.107149
1.352127
0.745419
-0.732815
1.607816
-2.191046
-1.325818
0.915101
-0.896055
-2.863293
-2.356194
-2.356194
0.343024
-0.424194
-0.718830
2.005467
-1.420425
3.141593
-2.070143
1.433730
-1.365401
0.876058
-1.768192
1.989021
1.951303
-2.772259
3.096169
2.191046
-0.954499
-1.231504
0.120624
-1.904041
0.628796
-2.007423
-0.726642
-1.310194
0.732815
-0.218669
2.399645
1.913820
1.405648
-2.408778
1.538549
0.935770
0.909753
2.830594
-1.712693
1.136126
-1.975688
2.050316
-2.116451
-1.601090
-1.352127
1.512041
-1.667270
-0.491809
-0.463648
1.892547
-2.677945
-0.449760
-2.677945
-0.968509
-2.356194
0.088007
2.335789
-0.076772
0.851966
-2.792822
-0.260602
-2.143762
0.528074
2.129396
0.685730
1.004067
-1.363300
2.999696
-2.167973
-1.873681
-0.496423
-1.092444
-0.283794
-2.601173
1.647568
-2.889038
-0.901157
-0.185348
0.991722
2.504044
-2.418613
-1.789465
1.201463
1.134169
1.523213
-2.466852
-2.375060
-2.101012
-2.838708
-0.114877
1.464061
3.098142
1.074374
1.040581
-2.896614
-0.463648
-1.907471
-1.089909
0.226799
1.570796
-2.634494
-2.838708
-2.034444
-2.868584
-1.892547
3.141593
1.712693
0.643501
-2.750986
-1.433730
0.982794
-1.862253
-2.245537
-2.459276
-1.203622
0.785398
1.922241
-1.359703
0.702257
1.152572
-2.312744
1.983207
-0.398522
2.779048
-0.588003
-3.054854
-0.743756
0.000000
0.000000
-2.761086
-2.736701
-2.896614
0.661043
-2.553590
0.463648
-2.214297
0.938047
-2.944197
-3.060689
1.756144
1.703348
-2.219792
1.359703
-2.466852
1.415800
0.938047
-1.034985
1.570796
2.530867
-1.833791
2.089942
0.904827
-2.634494
2.388441
1.681454
2.356194
0.300920
1.768192
-2.536048
-1.343997
1.499489
-1.695151
-1.570796
2.197539
0.132552
-2.798569
0.197396
-1.083897
-0.546789
-0.066568
2.201876
0.321751
-0.896055
0.624023
-2.174546
1.267911
-0.321751
-2.677945
-0.934288
2.380580
0.840897
-2.637427
2.226492
1.892547
0.197396
-1.727398
1.747505
0.000000
2.512796
-2.572279
1.523213
-2.647651
-0.921801
0.493941
1.304544
-0.828849
0.620249
1.158386
2.922924
2.007423
-2.356194
0.380506
2.067219
2.753274
0.554307
2.169215
2.194819
-2.261243
1.446441
1.808632
-2.896614
-2.111216
-1.570796
-0.204018
-1.249046
-0.739975
-1.474323
-2.053310
2.089942
-2.231839
2.455863
-1.681454
0.000000
-1.107149
2.034444
-0.412410
3.112189
-1.120135
2.323948
-3.013269
2.761086
2.083186
0.000000
-0.688924
-0.904827
-0.255182
2.085248
-0.862170
-2.736701
1.862253
2.726101
2.459276
-0.832981
0.235545
2.490516
3.141593
-2.539305
1.892547
1.367751
-1.992216
2.521343
-0.176709
1.128422
-0.099669
-2.199593
0.745419
0.685730
-1.623379
1.363300
1.937970
-2.937575
-0.197396
2.932570
2.761086
-2.259721
-0.743756
2.903757
-2.912361
2.934096
-0.244979
0.031240
-1.922241
-1.570796
0.712358
0.906750
-2.582993
2.727086
-3.110353
1.091277
-1.623379
2.319174
-2.003204
2.356194
-1.570796
0.436627
-0.715744
1.756144
1.658804
-2.105751
-0.124355
1.130954
-1.446441
-2.297439
0.418224
-2.577023
1.047518
-0.588003
1.339706
0.000000
-1.249046
-2.003204
0.880350
2.279423
0.000000
-2.226492
2.999696
0.811034
-1.373401
0.412410
-0.835357
2.750986
-1.529154
2.331809
-2.098871
-1.373401
-2.782822
-0.218669
2.749253
-1.088283
0.835357
1.063698
0.107690
-1.325818
1.825979
-2.847358
-2.563691
-2.441700
1.741532
-1.983207
-0.463648
2.158799
2.356194
1.913820
0.785398
1.152572
2.749253
-1.494024
-1.420425
-2.169215
-1.208252
-1.951303
-0.308053
-0.519146
2.308611
-2.563691
0.106736
-0.392340
2.034444
-2.414950
3.041924
-0.909753
0.540420
0.610726
-0.999459
2.964884
-2.422763
2.539305
1.249046
2.158799
2.981680
0.531724
-1.530818
2.677945
-2.753274
2.944197
2.234842
0.807617
-2.319174
-0.526066
2.158799
2.878598
3.141593
2.616797
0.380506
-2.770701
0.231091
0.463648
-2.253113
-0.291457
-1.165905
1.024007
2.286540
-2.286540
0.737815
1.873681
0.000000
-2.436024
-2.601173
2.427502
-1.355439
2.896614
1.267911
-1.695151
1.658804
0.159913
-1.570796
-1.815775
-1.983207
-0.321751
2.562518
3.141593
2.870646
-2.319174
-2.867425
-0.191184
1.963136
-2.863293
0.266252
0.519146
-1.922241
-0.496423
-0.685730
1.570796
-0.664046
-1.712693
-0.819867
-2.545394
1.637364
1.107149
-2.176341
1.801887
2.594804
-2.896614
-1.570796
0.813962
0.244979
0.124355
-1.768192
-2.356194
-2.790148
0.915101
1.180189
2.356194
-2.129396
3.050933
2.809533
-0.172191
0.260602
0.613207
0.367174
-1.352127
0.062419
0.343024
-2.122451
2.356194
-0.919720
0.694738
1.789465
-2.356194
-0.885067
-2.984991
2.422763
0.519146
0.694738
-2.432966
2.999696
-0.973620
-1.030377
-1.238737
1.570796
0.735440
0.880350
-2.289626
2.007423
-2.214297
-2.796037
-0.380506
2.819842
0.073939
-2.406153
-0.103082
0.607802
-2.214297
-2.677945
1.735945
0.055499
-1.971037
0.620249
1.161888
1.333948
1.418147
-0.566729
-2.729182
-2.976444
2.677945
2.798569
0.333244
-0.302885
1.485291
1.712693
1.325818
-0.380506
1.719686
2.729182
-2.388441
-1.815775
2.333976
2.863293
0.665969
-0.211093
-1.538549
-2.310771
1.107149
0.463648
-1.107149
-0.386876
0.982794
-0.737815
-1.975688
-0.762147
-3.017238
2.743070
1.203622
-1.637364
0.868539
0.855053
0.244979
2.279423
0.830821
-2.214297
-0.785398
1.183921
2.070143
-0.991722
3.141593
-1.363300
0.321751
2.677945
1.396124
0.872137
-2.334921
-1.934775
2.234842
2.782822
-2.819842
0.614663
3.050933
-2.595938
1.808632
-1.745469
1.919567
1.756144
-2.809533
2.782822
3.141593
-2.872425
-2.770701
2.053310
0.982794
-0.785398
2.622447
2.521343
2.855541
-1.092444
-0.031240
-0.968509
2.034444
1.383817
-0.418224
1.158386
-0.308053
-1.066630
-0.148890
1.120135
-2.393215
3.141593
-2.870646
-1.506369
-0.957589
2.019520
1.442473
-1.212026
3.082837
-0.132552
-0.654083
-1.428899
2.034444
-0.571337
1.063698
-0.625485
1.107149
1.730709
-2.466852
-1.937970
-2.303611
-0.763180
0.141897
1.951303
0.828849
2.969402
0.748378
0.033321
-0.398522
0.674741
-1.051650
1.325818
-2.181522
-0.512389
-2.999696
-1.971037
0.965252
-1.727398
0.942000
3.070285
1.080839
-2.677945
-0.657889
-2.375060
-1.438245
-2.761086
2.634494
-1.681454
2.019520
1.267911
-0.610726
2.129396
1.570796
2.875341
-2.203545
2.485897
0.785398
0.093477
-2.800614
-0.358771
2.755710
-1.828120
2.802300
2.356194
