-2.048142
2.904744
2.629203
1.236059
0.785398
-2.148698
3.050933
-1.768192
0.451453
1.504228
-2.543174
2.414950
-2.111216
-1.380808
0.137066
3.017238
-0.235545
3.041924
0.737815
-3.070285
-1.288241
-1.152572
0.855053
0.463648
-2.521343
0.588003
-1.997424
3.030935
-2.936197
-2.015216
-2.850136
-1.343997
1.570796
1.325818
-1.225241
2.466852
-0.025635
1.540503
-0.753151
1.004067
-2.356194
-1.089909
-0.569313
2.321725
-1.735945
2.259721
-2.562518
1.951303
-1.892547
0.934288
-2.429235
0.512389
-0.197396
-2.289626
-2.279423
-0.617191
0.252554
-2.122451
-1.438245
3.026716
-2.651635
2.956245
1.604117
-0.950547
1.405648
-2.050316
-1.869295
-2.714965
2.677945
-1.570796
0.507099
-2.944197
2.572279
-2.105751
1.325818
-2.796037
-2.429235
0.566729
-1.937970
-1.359703
1.222025
-2.145101
2.677945
0.000000
0.569313
-1.681454
-0.571337
0.099669
-2.819842
-1.823351
1.637364
0.551655
-1.182478
-2.439336
-2.726101
-1.975688
2.111216
-3.036716
-2.666582
-2.158799
-0.909753
1.961403
-1.947287
-2.129396
1.307802
-1.506369
-0.463648
0.840897
1.849096
1.063698
2.647651
1.750650
-1.735945
-1.761981
-1.745469
2.009133
-0.540420
-1.471128
2.601173
1.781890
1.597817
2.927532
-2.508844
1.487655
-1.292497
-2.563691
-1.227772
0.000000
-0.558599
2.601173
-1.570796
-0.643501
-1.839964
1.789465
-0.938047
2.677945
1.616220
-1.934775
1.258754
-0.244979
-3.075024
0.337878
-0.614663
-2.701750
-2.510513
-2.601173
-0.214061
-2.651635
-1.071450
-1.745469
-1.878849
-0.369334
0.708626
0.309703
-0.463648
-0.745419
0.896055
0.197396
-2.471954
0.083141
0.785398
-2.312744
0.222082
2.081285
-2.498092
-0.114877
2.111216
2.207305
-2.609869
-2.432966
-1.695151
1.730709
-1.083897
2.316216
2.768605
-1.339706
1.315614
-2.677945
-2.572279
-0.244979
0.083141
1.030377
1.997424
-1.237552
2.089942
1.712693
1.929567
0.463648
-1.806341
-0.680521
2.224879
-0.962994
2.533791
-1.039072
2.677945
0.815692
-0.147078
0.291457
-2.750986
0.436627
-0.634023
-2.320495
-0.648996
3.027801
2.480549
-2.770701
-0.870903
-1.071450
-1.325818
1.661456
-2.010639
-1.501142
2.383215
-0.909753
2.611377
0.348771
1.208252
-1.499489
-0.927295
2.498092
-0.519146
2.034444
2.312744
-2.539305
1.637364
-0.110657
2.381830
2.953371
2.245537
1.706324
1.284745
0.076772
1.849096
0.530216
-0.302885
2.021458
2.886410
1.735945
-2.988943
2.250210
0.785398
0.113792
-0.358771
-1.107149
-0.785398
-0.244979
1.499489
2.377468
-1.160669
-1.136843
2.544416
2.226492
-0.132552
-1.269876
0.165149
1.856848
1.815775
-2.976444
-2.714965
0.463648
-0.426627
1.880499
1.144169
0.574305
0.358771
2.007423
2.958482
1.042722
0.146012
-2.275290
-0.888480
-2.634494
0.576375
-0.434670
0.052583
-1.975688
-0.927295
-0.258771
2.516108
-0.270947
-3.013269
0.960070
-1.647568
-1.012197
0.950547
1.414194
2.185459
-2.953371
2.743070
-2.007423
-1.315614
0.785398
3.141593
2.275290
0.047583
2.838708
3.017238
-0.348771
0.414507
2.662073
2.289626
-0.448723
-1.750650
-2.772259
-2.111216
2.214297
1.866237
-2.321725
0.982794
-1.405648
-2.214297
1.325818
1.957672
-1.056345
-2.553590
-1.869295
2.316216
-2.553590
-2.999696
0.066568
0.927295
-1.925502
1.570796
-2.765632
3.067654
-0.571337
-0.026310
0.610726
1.983207
2.802300
1.261093
-1.134169
2.057696
-1.620755
2.297439
-2.840672
-1.983207
2.863293
1.951303
1.165905
0.000000
-2.688254
-1.249046
-1.855527
-2.677945
-0.119429
2.521343
0.588003
-1.735945
-2.293776
-0.439843
0.872894
2.214297
-0.408908
1.833791
1.128422
2.221873
3.010765
-1.605265
-2.601173
-0.291457
1.602036
3.141593
-1.279340
-2.880990
2.070143
-3.017238
2.187093
0.110657
-2.505084
-0.218669
-1.249046
-1.046001
1.504228
1.134169
0.197396
-1.335251
-2.912361
2.111216
2.199593
-2.855541
2.788602
0.732815
2.129396
0.680521
2.149871
-1.058407
-0.674741
2.289626
0.262995
0.643501
-1.343997
0.000000
-1.405648
0.651077
0.432408
-1.373401
3.064821
1.080839
-2.526930
-2.450256
0.507099
-0.767856
-2.927532
1.037088
2.111216
-0.674741
0.528074
1.961403
2.303611
0.896055
-2.356194
1.352127
-2.988943
-1.414194
1.681454
3.058451
2.422763
-3.110353
2.125104
-2.316216
3.141593
1.008875
-1.078987
-1.831399
2.662073
-2.699218
1.195526
-0.412410
0.189988
0.432408
-1.760785
2.034444
0.927295
-1.165905
-0.189988
0.183111
-0.288975
1.712693
2.512796
2.286540
-1.941688
1.107149
-0.524796
-1.494024
-1.533776
2.016902
-2.214297
-2.412738
-2.819842
2.819842
-0.643501
2.178598
-2.560836
2.356194
-1.352127
0.141897
-1.373401
-1.993650
2.736701
-2.231839
-1.510264
0.000000
-2.201876
-0.661043
1.267911
-2.034444
3.141593
-0.099669
-2.582993
2.961739
1.236059
-1.212026
-1.972025
-2.930499
1.475845
2.547379
-1.089909
1.768192
2.461071
-1.438245
-2.521343
1.892547
1.873681
-0.504861
1.916352
0.876058
1.839964
2.593043
-1.496857
1.190290
1.030377
-1.808632
-0.035699
-1.602036
-0.690446
0.540420
1.570796
3.041924
1.570796
-2.393215
-2.582993
2.332943
2.753274
-2.466852
-0.870903
2.010639
2.256526
-1.279340
-1.597817
1.484058
2.746802
0.085505
2.196281
2.034444
1.789465
1.570796
1.107149
1.570796
0.339293
-2.986596
-1.288241
-1.180189
0.588003
2.265535
-2.191046
-2.498092
-0.858439
0.000000
-3.030935
-1.831399
2.003204
-2.855541
-2.129396
-0.690446
-1.261093
-0.982794
1.058407
2.607884
-1.570796
-2.772259
-0.927295
-0.856706
1.570796
0.830821
-1.639653
-1.873681
-1.570796
1.919567
1.959115
-2.761086
-0.321751
1.199905
1.695151
-1.051650
-1.107149
-0.165149
0.108271
2.677945
-1.146602
3.103150
-2.256526
2.634494
0.148890
-2.179486
0.548549
-1.750650
-2.761086
1.455920
0.345556
1.373401
-0.999459
-3.006065
2.034444
-2.145101
-2.329174
1.352127
1.176005
1.190290
2.457883
1.594601
0.152649
3.141593
-2.629203
-3.098142
2.677945
-3.090355
2.553590
2.019520
0.934288
1.292497
-2.863293
1.869295
-1.299849
-1.216091
-1.723446
-1.975688
-2.273053
0.000000
-1.768192
-2.761086
2.129396
-0.141897
-2.401618
2.399645
3.117788
-0.345556
-2.786887
-1.506369
1.637364
2.587285
0.298499
-1.940130
1.570796
1.789465
3.141593
2.761086
-0.832981
-1.046001
-2.613518
2.882822
0.785398
0.321751
2.536048
3.058451
-2.607884
0.726642
-1.687905
-2.768605
0.404892
2.637427
1.797595
0.380506
2.085248
-0.876058
-2.214297
-0.092756
-2.647651
-2.819842
0.244979
-2.007423
-0.266252
-1.061204
1.849096
-0.176709
-0.620249
3.141593
-0.616297
0.968509
0.588003
-0.901157
2.314552
-0.321751
0.321751
2.490516
1.039072
0.718830
1.176005
1.421906
1.843805
-1.853351
0.950547
2.406153
-0.170735
2.140110
-2.629203
2.925508
2.147172
1.405648
-2.111216
1.677532
0.614663
-0.463648
0.000000
-0.540420
-2.432966
0.950547
2.191046
0.846546
-1.639653
-2.143762
-0.635027
-1.022247
-0.489957
2.723368
-2.142134
-2.653259
-2.177784
2.792822
3.141593
