1.159210
-0.496294
0.697410
0.605297
0.946997
0.752319
-1.543089
1.706329
0.327602
0.061843
0.579787
-0.493843
-0.188635
1.547639
1.652972
-0.463725
-0.411287
0.625653
0.563738
0.916659
1.487533
-0.658444
0.242152
0.651391
0.500054
-1.013955
0.103771
1.947482
0.884493
0.343587
-0.046778
0.727714
0.233284
-2.035325
0.645447
-0.377660
0.662002
0.215080
0.654716
0.545454
0.713010
0.608424
-2.586110
0.707226
0.466927
-0.411500
1.655473
0.736120
0.614986
0.697653
0.897955
0.641140
-1.821115
-1.621967
-0.737891
0.906273
0.009064
-0.146469
-0.324816
0.422426
-2.698598
0.900561
0.709793
0.477416
-1.940184
1.473242
0.691872
0.496409
-1.284487
0.783391
0.715766
-1.488852
-2.376429
-1.653974
0.716807
0.474571
-1.301019
0.973931
-0.570397
1.835699
1.687686
0.710835
-1.816264
0.440317
0.521596
0.216098
0.506384
-2.015045
-1.884492
-0.643336
-1.012456
2.267433
1.444479
1.599079
0.588662
2.269701
0.734023
0.897578
-0.437648
0.816374
0.505568
0.692320
0.089714
1.855458
0.760960
0.758423
-2.023698
0.683679
-0.082942
0.803495
0.701573
0.764529
0.450411
-1.673863
0.346263
-2.651901
0.791843
0.914217
1.728002
1.457414
0.864610
1.683710
0.669470
0.689479
0.015138
0.461017
-0.044400
-1.535527
-2.211025
-0.032723
1.836016
2.156870
-1.380424
-0.375816
1.759035
1.720434
0.411262
-1.100929
-2.651952
-1.774775
-1.529724
-0.026869
0.228449
0.523032
0.348083
0.831065
1.783282
-1.882074
0.897800
0.616692
1.499250
0.438840
0.638539
1.585411
1.993501
-0.409005
0.517652
-1.691331
-1.461786
1.785688
1.648691
0.924774
0.318655
0.000315
0.330813
0.680232
1.279224
0.598342
0.206961
-1.557586
-0.096951
-1.674898
2.002587
0.977023
0.799759
-0.122394
0.272425
-0.496461
1.399194
-1.861488
1.209640
0.709069
1.333217
-1.584869
0.749801
0.176712
-1.260400
0.900745
0.702418
-1.479710
0.603528
2.179373
0.709348
0.639608
-1.667913
0.308863
-0.239226
0.547281
-1.731955
0.651703
1.691342
-0.196387
0.459075
0.804093
1.813574
0.627032
-1.619061
0.288019
-2.422819
-0.483246
0.587004
-1.444901
1.633032
0.831568
-1.705106
-1.719826
0.576120
0.050704
0.443727
-0.436314
-2.151024
-1.454451
1.921843
0.619226
0.588780
-1.442329
0.685073
-1.769122
-1.925015
-1.922751
0.609036
1.756053
0.056420
1.068417
0.714254
0.589952
-1.616002
-2.533312
-0.053631
-0.472609
0.712451
2.025008
-2.500317
0.704171
0.474972
0.847730
0.715323
0.672795
1.916769
-0.512632
0.889031
-1.505402
0.579952
-1.775831
0.153923
0.676077
0.476818
-1.750082
0.737805
-0.398655
0.638410
0.442776
0.738288
0.528476
1.905732
0.558657
1.936077
0.820034
1.638333
0.679297
1.972957
-1.808264
1.747313
-0.463280
0.418311
0.073977
1.519832
1.970757
0.961364
0.792000
-0.451635
0.908070
0.621695
0.797287
-1.274265
0.683723
-0.368010
0.635044
1.126828
-1.891425
0.931763
0.260639
-0.398547
1.606840
0.857259
-0.612034
0.586403
-1.758719
0.554272
-2.436074
-1.966730
-1.951388
-0.162911
-0.049891
1.446682
1.525729
1.731556
0.692226
1.758359
1.524046
1.363264
0.823983
0.635715
1.255084
-0.434878
0.289043
0.709169
0.674084
1.029021
-1.612318
1.125114
-2.027575
0.890249
1.772318
-2.122862
0.309368
-1.685997
0.861453
0.229661
0.721585
1.671843
0.690284
1.024167
0.249449
-1.524684
-0.038404
0.192137
0.792505
-0.279269
-0.261465
0.699133
-0.154286
-2.364918
0.915749
1.199350
0.617472
0.814298
1.183870
0.422116
-2.263116
-2.159235
-0.433030
0.437560
-0.839659
0.743546
0.418821
-0.149617
1.262516
0.673654
0.536947
-0.190908
-0.869959
0.466409
-0.530621
0.025104
-0.532568
0.749191
2.000488
-0.267831
1.019453
1.582005
0.566137
0.716749
1.237543
0.337420
0.485707
-2.654716
1.844005
0.462589
1.564291
-1.323760
0.966722
0.745497
0.511441
0.792976
0.464147
1.032410
0.966898
0.012367
0.229022
0.838761
1.534885
-1.778682
1.519054
1.721041
0.745463
0.659062
0.716455
-0.233629
0.510418
0.711499
1.593435
1.868966
0.709538
-1.800536
0.620506
1.786760
0.198268
-0.536705
0.957796
-2.343579
0.850164
-2.288094
-1.020885
0.797972
0.973529
0.404100
1.854848
0.995056
0.626142
1.031316
-1.792233
-0.096863
0.725096
-0.612217
-0.414427
0.603885
1.547530
0.899358
-0.396365
0.744812
0.578245
-0.095778
0.896532
-0.419224
-1.215690
-1.623300
1.576791
0.704181
-2.387599
0.600721
0.402626
0.813229
-0.627379
0.833352
1.020913
0.796547
0.383228
1.819197
0.342141
-1.622562
2.037340
-0.137443
0.641218
0.204324
2.042820
0.868774
0.660467
-0.539576
0.619897
0.602150
-0.505782
-0.317675
0.839139
-1.902014
-0.647150
-1.712644
-2.454136
1.026548
0.440993
1.802883
1.003784
0.538164
0.651108
0.135573
0.309786
0.019402
-1.563293
0.607512
1.548570
0.918197
1.671148
2.006985
0.483534
0.667685
0.160835
0.850509
1.064217
0.633694
0.623128
0.594222
0.274886
0.446930
-0.307467
0.560936
2.169559
0.739686
1.662210
0.712231
-0.341747
-0.416145
1.947033
-0.006809
0.368564
-1.859819
0.744747
0.972801
0.545382
1.044251
-1.983361
1.497263
-1.722538
0.685331
0.516812
0.686551
-1.836321
0.129922
-1.993075
0.910901
0.456964
-2.822353
0.217181
0.919948
-0.485541
0.735612
0.889561
0.774450
1.428145
0.146856
1.899185
0.328570
0.831247
1.290084
0.793624
1.695159
0.706358
-0.235732
0.830292
1.568958
-1.437392
0.722921
1.941953
-0.046857
-2.623551
1.630418
1.171445
2.163078
0.379929
0.500608
-0.082605
1.116077
-0.261613
2.144812
0.648418
-0.167653
-1.737837
1.542510
0.627019
-0.843131
0.866622
0.820752
-0.543222
0.310960
0.176275
0.688179
0.884005
-1.490928
0.579124
0.685549
0.563917
0.567219
-2.674801
-0.232841
0.854903
-0.319866
0.888899
-0.244239
1.769346
-1.964911
-0.517405
0.817511
0.058487
0.603105
0.112356
0.678585
0.487193
-1.266235
0.229509
-0.222056
-0.091425
0.136929
0.484676
-1.652945
1.579554
0.580890
0.648768
0.605495
0.716396
-0.266073
0.864793
0.353345
-0.207092
0.774601
0.996171
0.602411
-0.760829
-0.355126
0.957386
-0.200283
2.303478
-1.886564
-1.688075
0.721609
0.548946
0.537353
0.397280
-1.563259
-1.586274
0.736487
1.069067
-0.547577
-1.314500
0.132148
-1.813243
-1.455847
0.083802
-2.301195
-0.675026
-1.317841
0.372744
-1.834442
-2.583856
-0.527458
0.160863
-1.752557
0.749601
0.998224
1.770631
-0.413776
1.567129
0.644254
0.155228
0.237484
1.811240
-0.444041
-0.025952
0.836101
0.651988
0.663696
1.843811
0.965962
0.892580
-1.074879
-1.575141
1.730776
0.706054
0.501715
0.700642
0.141098
0.396808
-2.744897
0.569334
0.281514
2.037564
0.630027
1.523045
0.774066
0.017284
0.025480
1.268609
-0.363769
0.662251
0.834920
-1.769799
0.677744
0.455183
3.042488
0.861651
0.689782
-0.001346
1.628759
0.897498
-1.686518
0.506209
1.024219
0.536547
-0.510053
1.321363
0.765504
0.464145
