0.306817
-0.897000
0.302342
0.380807
0.352703
-0.275647
0.313225
0.430650
-0.274748
0.843417
0.317391
0.265577
-0.706784
2.404854
-0.130023
-0.664215
0.379168
0.454491
0.478758
-0.180759
0.541267
-0.619170
0.144091
0.039191
-0.174750
-0.128263
0.413295
0.288601
1.628202
-0.013101
0.077145
0.531250
-0.397152
0.288722
0.008744
0.093998
0.249514
0.057021
0.218123
-0.645456
0.162008
0.301539
0.284263
-0.283926
-0.153378
1.479187
0.099393
-0.669999
-0.063727
0.274891
0.013245
2.509969
0.427349
-0.503940
0.273462
-0.595747
0.003255
2.249136
0.856703
-0.609932
0.212160
0.209677
0.432252
0.097708
-0.104252
-0.211853
0.126428
1.751048
0.004123
-0.257035
0.199742
-0.280064
2.397210
0.332262
0.370897
-0.711825
0.425038
-0.655687
0.118034
0.140485
0.899058
0.121665
0.393783
0.331742
0.042344
0.397509
-0.707422
0.282764
-0.261360
1.540308
-0.139406
-0.575251
0.485958
0.838687
-0.207798
-0.230918
0.265257
0.017802
-0.166455
-0.693400
0.060919
0.218059
-1.075033
-0.156768
1.677971
0.231577
0.226219
-0.881440
-0.608455
-0.528082
-0.189186
-0.646492
0.222553
0.134581
0.128178
0.227107
0.176590
0.212385
-0.611307
0.461636
0.252327
-0.666690
0.980551
0.191759
0.358697
2.525434
-0.116064
0.244960
-0.135054
0.201407
-0.987891
1.503494
0.374314
0.835206
-0.571456
0.464220
-0.679347
0.191923
0.192688
0.251776
0.406680
0.314346
-0.437032
-0.583750
-0.108974
0.030194
0.266025
0.218332
0.167588
-0.774367
0.360979
-0.660889
0.254335
-0.639434
0.218821
0.040669
-0.134360
-0.522057
0.314051
-0.643327
0.088711
-0.523434
0.258216
-0.270351
0.109649
-0.187865
-0.251527
-0.488530
-0.519779
0.450149
0.400328
0.427139
-0.187044
-0.150520
0.215944
0.379245
0.075275
2.623362
0.076684
0.891003
0.415357
-0.833960
0.344674
0.428422
0.362353
-0.242772
0.109586
-0.151727
0.205246
-0.190218
-0.657612
-0.083772
-0.031903
0.002449
0.199285
0.400439
0.368394
-0.128151
0.248341
1.591045
-0.512156
0.413491
-0.709443
-0.550598
0.378966
0.039301
0.253762
0.281725
0.437699
-0.658125
0.088509
0.257123
-0.283413
0.308144
-0.148681
-0.102536
0.516982
0.163099
-0.028065
-0.150743
0.165695
-0.491262
0.148129
0.103423
0.565328
0.264266
-0.198824
0.180729
-0.552693
0.828540
-0.283823
0.026856
0.239717
-0.183758
0.211042
-0.019556
-0.698066
0.404945
0.453943
-0.025820
0.090234
-0.092914
-0.173119
-0.146607
-0.623334
0.201498
0.387370
-0.194602
-0.587680
-0.639603
0.172797
0.283539
0.486804
-0.148181
-0.694960
-0.683208
1.579993
0.107286
-0.271144
0.230261
-0.592090
0.004922
1.346126
0.261035
0.422228
-0.064181
0.260336
2.400103
0.254705
0.245719
0.420483
-0.038775
-0.026412
-0.713942
0.096371
0.308931
0.144850
-0.052855
0.417589
0.375338
-0.277277
0.327054
0.313053
0.365078
0.330425
-0.691598
0.082430
0.158198
0.403148
0.165213
-0.173762
0.264448
0.057228
0.082682
0.451328
-0.789836
-0.235264
-0.713483
0.199731
-0.229766
0.367127
0.415024
0.130075
0.276425
-0.173790
0.865349
0.139802
0.120425
-0.682108
-0.283988
0.242279
0.912499
0.434662
-0.047078
-0.017978
-0.556627
0.346059
-0.678924
0.531929
-0.482013
0.295209
-0.728799
1.181926
0.809899
-0.120288
0.240065
-0.770885
0.087776
0.355606
-0.125979
-0.793493
0.113581
0.299621
-0.590408
-0.149695
0.281336
0.331509
-0.267270
-0.249459
-0.056955
0.826305
0.005269
0.274978
0.826159
-0.257508
0.805156
0.877718
-0.146015
-0.553769
0.284791
0.293020
0.147807
0.185312
0.145637
0.293788
-0.173677
0.166099
-0.056137
0.253822
0.317992
0.490255
0.892467
0.356707
0.349161
-0.139346
0.240733
0.194571
0.121293
-0.070358
0.466243
-0.030091
0.304283
-0.713185
0.134148
0.420576
-0.123462
-0.726556
-0.586432
-0.133732
-0.614838
-0.276362
-0.640782
0.149183
0.080221
0.334372
-1.039922
0.110192
-0.145722
0.535147
0.228736
0.302440
-0.064004
-0.157694
0.410613
0.084990
0.271232
0.125959
-0.618530
-0.733667
0.119507
0.312936
0.468426
0.822358
0.146198
0.194855
0.070502
2.501232
-0.161628
0.441628
-0.257425
0.803198
-0.483131
-0.613828
0.114896
-0.031980
0.380957
0.749882
2.498462
0.477115
0.948278
-0.042112
0.095196
0.470815
-0.146313
0.410282
-0.327497
0.312783
-0.155174
0.181409
-0.612843
0.234055
0.296896
0.329179
0.970353
0.313066
-0.165549
0.391083
0.364683
0.299739
0.826497
0.195833
0.118972
-0.448427
-0.204894
-0.683656
0.343842
0.396291
-0.871060
-0.649996
-0.115212
0.133365
0.158796
0.140898
0.247151
-0.138521
0.299974
0.144867
-0.021335
-0.002102
0.874216
-0.581647
0.988819
0.816058
0.239274
-0.934775
0.308911
0.841042
0.763534
0.039304
0.362120
-0.432926
-0.138680
0.407788
0.424759
-0.085040
0.061106
0.071840
0.301150
-0.640606
-0.758505
0.117899
0.005035
0.002513
0.153777
0.726050
0.919205
0.262568
-0.674835
0.587989
-0.129702
2.432640
-0.027776
0.383837
-0.595762
0.056021
0.403915
2.354601
0.420568
-0.150118
-0.625833
0.080332
0.335045
0.948917
-0.167401
-0.100515
0.383257
0.025454
0.298289
0.326355
0.388145
-0.723490
0.318332
0.402866
-0.646229
0.466612
0.439234
0.836284
0.551881
-0.142312
-0.021398
0.338943
0.003787
0.534855
-0.213859
0.102489
0.506883
0.779210
0.560477
0.710601
-0.198560
-0.049301
-0.708359
0.535262
0.834070
0.074460
0.286675
-0.393362
0.325000
0.200360
-0.490811
0.094046
0.304167
-0.190131
0.369396
0.114248
0.371140
-0.120314
-0.762879
0.395954
-0.135526
0.166663
-1.076105
0.357355
0.400013
0.389330
-0.658434
0.272450
0.322735
-0.243544
-0.153410
0.410511
-0.206776
0.216853
-0.582905
-0.067029
-0.097775
-0.061843
0.195934
0.569806
0.380843
-2.127629
0.232855
0.109122
-1.053339
0.026147
-0.240615
0.066980
-0.154898
-0.254218
-0.604593
-0.566013
0.058072
0.032025
-1.010426
-0.227192
0.185850
1.454086
2.347718
-0.485913
-0.189461
0.224089
0.417286
0.216751
-0.234427
0.504465
-0.728064
0.111138
0.143474
-0.028687
0.682855
-0.865426
0.769543
0.780451
-0.162583
-0.534677
-0.229927
0.051546
0.433362
-0.123962
1.043115
-0.295865
-0.238756
-0.666349
-0.534048
-0.778988
0.163188
-0.044699
0.435211
-0.830286
-0.024221
0.438672
-0.476691
0.454528
0.259732
0.495388
0.519057
0.408546
-0.112638
-0.590060
-0.468363
0.272226
-0.126371
2.407884
2.463992
2.456354
0.410656
0.022930
-0.521536
-0.065714
0.932545
-1.045723
-0.150550
0.001043
-0.868058
0.768116
0.143888
0.469201
-0.559584
0.466704
-0.117014
0.352040
0.249670
0.051046
0.202500
0.065203
-0.892195
0.008814
0.018730
0.390351
0.451447
0.235207
0.410610
0.771921
0.229264
-1.119435
-0.814087
0.254895
0.089242
-0.164152
0.803306
0.336473
0.303360
-0.099487
-0.128628
-0.478356
0.179901
-0.585896
2.415569
0.398727
-0.281253
0.089450
-0.520263
0.345808
0.092393
0.445476
-0.203183
0.770688
0.309905
2.406611
0.134889
