0.546469
0.086940
-0.277077
-0.005485
-0.268372
0.195909
-0.231616
-0.310354
0.035317
0.190635
-0.399136
0.091344
-0.221162
-0.141174
-0.041795
0.498158
-0.331422
0.489173
0.396458
0.094950
-0.115255
0.250573
0.086328
0.316674
-0.521451
-0.242655
-0.390230
0.041066
0.221841
0.049574
0.213363
-0.300506
-0.101405
0.129148
0.011099
-0.099251
-0.000549
0.353340
0.069776
-0.161655
-0.085032
0.045964
0.436243
-0.369664
0.072687
0.217589
2.882000
-0.444943
0.141192
-0.089544
-0.311542
0.107168
0.055148
-0.147523
-0.045175
-0.392852
-0.075436
0.098517
-0.305260
0.191636
-0.575593
-0.238583
-0.050503
-0.174108
-0.363682
0.315721
-0.265054
-0.118272
-0.392161
-0.022650
-0.575518
-0.049649
-0.024700
0.289387
-0.091957
0.356236
-0.121569
0.184882
0.181099
0.518384
-0.001059
0.341953
-0.061056
-0.392806
0.018204
0.122898
0.421533
0.379188
-0.214740
-0.248899
-0.292958
-0.082367
2.501200
-0.349690
0.101955
-0.006634
0.001066
-0.423069
-0.301989
-0.069530
0.247385
-0.027181
0.153143
-0.014633
-0.307299
0.615848
-0.389746
0.195962
-0.549335
0.213971
-0.146596
-0.582078
-0.173189
0.039206
0.277540
-0.380284
0.136235
-0.162537
-0.183682
0.046441
0.116959
0.368605
0.425090
-0.390326
0.428712
0.086955
-0.126356
-0.099244
-0.114572
2.940755
0.070363
0.099499
-0.113932
0.058753
0.183741
-0.320128
-0.278564
-0.623654
-0.010389
-0.316239
-0.343141
-0.133784
0.355701
-0.448570
0.194189
-0.390340
-0.353051
-0.243026
2.609056
-0.282260
0.090270
-0.059710
0.064052
0.486442
0.257395
-0.274718
-0.203719
0.023338
0.612137
0.366230
-0.188058
-0.124094
0.012439
-0.228757
-0.446624
-0.005526
0.436570
0.113359
0.030764
0.137212
-0.108348
0.272118
-0.067408
0.391932
-0.261385
-0.031638
0.026571
-0.119980
-0.257448
-0.227284
-0.207727
-0.095488
-0.383476
-0.204582
0.222126
-0.120534
-0.024403
-0.051793
-0.180030
-0.236580
0.022460
-0.053563
0.089942
0.175491
0.722111
-0.271805
-0.092151
-0.366900
0.523924
2.701034
-0.003241
0.294808
0.460118
-0.759259
-0.318314
-0.151665
-0.161060
0.206202
0.082375
-0.343148
0.205456
-0.178945
-0.187996
-0.052256
-0.290801
-0.103294
-0.405585
-0.238274
-0.195717
-0.015641
-0.260508
-0.009582
-0.292644
0.346270
-0.168406
-0.361038
0.510740
-0.062515
-0.027355
0.004119
-0.393794
0.001569
-0.069600
-0.130053
0.392333
-0.430472
-0.198371
0.197783
-0.541989
0.064074
-0.369811
0.285379
0.271845
-0.300690
0.302514
-0.627313
-0.262672
-0.047767
-0.013006
0.462971
-0.053089
0.340340
-0.338223
-0.405965
-0.156419
0.183125
0.582355
-0.555717
-0.666919
-0.169654
2.627897
-0.373924
0.131555
0.090052
-0.472897
-0.219001
-0.439956
-0.355933
0.250471
-0.001385
-0.112388
-0.391132
-0.083955
-0.297007
-0.095148
0.469560
-0.180725
-0.255241
0.124078
-0.034173
-0.233277
0.472755
0.034204
-0.109686
0.326436
-0.175254
-0.048545
0.218570
2.973154
0.056671
-0.043625
0.128099
-0.004958
-0.263673
0.087698
0.699955
-0.449141
0.409374
0.246329
-0.387450
-0.176090
-0.412117
-0.390539
0.317806
-0.024898
0.175676
-0.045793
-0.025006
-0.178721
0.117821
0.018713
-0.131184
0.093015
0.377877
-0.101996
-0.287316
-0.120228
0.156428
0.104106
0.310812
0.119675
-0.409511
0.037162
-0.268417
0.330305
0.294475
-0.069079
-0.129367
0.550405
-0.156668
-0.128659
0.037722
0.016562
0.052142
0.298923
2.895671
-0.097248
-0.201863
0.309396
-0.245882
0.328313
0.016040
-0.162570
0.173461
-0.135550
-0.267495
-0.015117
0.210649
0.282680
-0.397888
-0.931264
-0.255848
-0.063071
-0.146278
-0.224447
0.143771
0.353746
-0.185837
-0.628128
-0.195543
-0.494480
0.004199
-0.446113
-0.316441
-0.372907
-0.262801
0.088660
0.009718
0.034088
-0.378453
0.158373
2.670110
-0.409840
-0.403129
0.112383
-0.015091
-0.267929
-0.358438
-0.513477
-0.321897
-0.034511
0.132514
-0.206006
-0.096299
0.350262
-0.196313
0.318938
0.142911
0.218408
-0.364766
-0.217263
-0.301270
0.347832
0.188951
-0.390669
0.328349
0.447292
0.493047
0.239681
0.013064
0.149366
0.257405
0.393639
0.303277
0.104203
-0.070064
0.289598
-0.484213
-0.122981
0.534457
-0.568991
0.111160
-0.388017
-0.308466
3.093191
0.258699
0.416150
0.030136
-0.210304
-0.180140
-0.346351
-0.208131
0.236617
-0.057100
-0.487371
-0.151725
-0.429601
0.015447
0.334428
-0.202845
-0.196774
0.407230
0.295602
0.409567
-0.064312
-0.477866
-0.104279
-0.083984
0.341624
-0.513019
0.504395
-0.239314
0.024872
-0.260008
0.100936
-0.076865
-0.333715
0.240334
-0.690973
-0.349376
0.228508
-0.449963
0.075269
0.012225
0.016854
-0.134518
-0.207345
-0.275438
-0.283695
-0.176978
0.095698
-0.034120
0.146413
-0.008996
-0.279495
0.266044
0.280306
0.007677
-0.404428
-0.304076
-0.077499
-0.407158
0.338337
-0.207684
0.416729
-0.231605
0.151469
-0.261568
-0.524952
0.226703
-0.106048
-0.067944
0.216225
0.253879
0.162145
-0.224174
-0.008703
0.432606
0.151825
2.904604
0.520523
-0.279873
-0.449378
-0.362132
-0.280943
-0.369979
-0.545082
0.482469
-0.102697
0.024576
-0.515648
-2.986801
-0.230908
-0.154159
0.010817
-0.100455
0.066787
0.011202
0.493169
0.335653
0.101862
0.050557
-0.307862
0.267514
0.465284
-0.416729
0.427169
-0.260629
0.166623
-0.197160
-0.061334
-0.039391
0.484682
-0.407683
0.160017
0.053177
-0.626033
-0.017062
-0.295739
2.995503
0.022515
0.343696
0.354000
-0.223168
-0.204643
0.400973
-0.402943
-0.387583
-0.431003
-0.238291
-0.041226
0.041048
-0.222331
-0.051771
-0.135734
0.107171
0.387888
0.123305
-0.288372
0.253420
-0.076066
-0.330734
-0.104415
0.013401
0.554496
0.548585
0.096408
0.043568
-0.011853
-0.213100
0.095901
0.474653
-0.490015
-0.194172
-0.072708
0.251067
-0.396309
0.448644
-0.127290
0.037362
0.117403
0.194578
-0.118947
-0.117892
0.053224
0.029356
0.508749
0.307493
-0.013923
-0.412385
2.876629
0.223189
-0.034843
-0.271747
-0.115630
-0.125624
-0.144238
0.270916
0.413417
0.509819
-0.244075
2.928018
-0.309965
0.203807
0.087763
-0.281216
-0.229074
-0.262891
0.373003
0.413649
-0.183388
-0.359576
-0.230581
0.064492
-0.090776
-0.064332
-0.057438
0.215771
-0.508198
0.297546
0.191660
-0.031186
0.301947
-0.220437
-0.339307
-0.436000
-0.079399
-0.103063
-0.164166
0.104379
-0.294593
2.750938
-0.298450
-0.066962
0.334284
-0.204233
0.001764
0.379225
-0.266045
0.246215
0.407112
0.266570
-0.063508
-0.004375
0.255165
0.014831
0.170448
0.168890
-0.013490
0.183493
0.180345
-0.017145
-0.213482
2.696293
-0.317317
0.233215
-0.385498
-0.009807
-0.201338
-0.206513
0.124921
-0.011157
0.177875
-0.480922
-0.127760
-0.118898
-0.358386
-0.198335
-0.255619
0.206357
-0.042267
-0.069104
-0.034978
0.405584
0.090966
0.401495
-0.538961
0.307365
0.574654
-0.183904
0.146339
0.144101
-0.145729
-0.255343
-0.599506
-0.298879
-0.402764
0.450096
-0.262272
0.156028
-0.018852
-0.000447
-0.480562
0.034794
0.494423
0.615224
-0.296061
0.091979
0.260471
-0.203479
