0.057081
2.547379
-2.752276
2.368540
-0.177596
2.966920
2.526930
1.528269
2.670133
-1.325818
1.570796
-2.477546
-0.723748
2.320915
0.703614
0.299776
0.344647
-3.027801
3.118341
-0.237836
2.677945
0.602287
0.834140
-1.626295
-2.632000
0.148890
1.892547
-2.211153
-0.174672
0.073939
2.651635
1.017502
-2.427502
-1.359703
-1.283515
1.735945
-2.054243
-2.828691
1.281821
-0.169101
-2.613518
-0.713061
-1.609992
-2.830594
0.610726
-0.033321
0.594759
1.637364
-2.764683
-1.730709
0.191184
-1.198729
2.221218
1.706324
2.227871
-2.260596
-2.927532
-0.746956
-1.325818
3.045119
-0.384605
2.568627
-1.957134
0.572966
2.938547
-1.061204
1.873681
-2.563068
-1.787347
1.989021
-2.356194
0.181320
-2.344430
-0.397628
0.991722
2.321725
0.982794
0.191184
0.860258
0.935770
-1.522054
-1.249046
1.443287
-0.408149
-0.528074
0.658806
2.356194
0.785398
1.937970
-0.257324
0.127510
-3.116598
-2.880990
-2.739722
2.019520
0.519146
2.911688
-1.217806
-2.902983
-1.778293
1.037952
-2.489724
-1.078987
1.205595
0.081452
-0.950547
-1.725793
-2.944197
0.571337
3.058451
2.444571
-0.266252
1.152572
-2.795054
2.442933
-0.738920
1.975688
0.463648
2.976444
-1.083897
-2.754717
0.990040
0.655696
1.639653
-2.504044
-0.438337
1.451367
-0.785398
-1.502720
2.442933
0.785398
3.046641
0.000000
1.418147
1.643396
-2.261243
3.141593
-1.837048
1.795507
1.778293
-1.877473
-1.162647
-1.355439
1.721812
0.594214
2.869447
2.319174
0.821527
-1.465919
2.184566
-0.663556
-0.463648
2.560836
-0.711459
0.643501
0.000000
-1.042722
2.410686
-1.467715
0.691337
-1.962496
2.179486
3.066733
1.960113
-0.300920
2.261243
0.620249
1.991460
0.424194
0.072599
-0.720554
-0.654571
1.508378
-1.730709
-0.732815
-2.317752
-1.708802
1.937970
2.714965
-0.039979
-3.064821
-1.485291
-2.736701
3.007782
2.049149
-1.508378
1.061204
2.604006
-1.643837
1.597817
1.383817
1.975688
1.678486
1.514253
1.773118
-3.117207
-1.118642
1.267911
-1.712693
-1.118018
-1.477320
-2.589938
0.519146
-3.064821
-2.094075
-1.908675
-2.284154
0.598419
2.403778
2.338015
-2.422763
-2.954164
0.344219
1.131937
0.745419
0.333945
1.707863
2.634494
-0.638320
0.272146
-0.639770
-1.839163
1.657535
-0.544864
3.066733
2.491171
-1.855914
0.603230
1.991460
3.052937
-2.838708
-1.773118
0.896055
-1.051650
1.080839
-0.968509
-2.199593
-1.432790
-1.623379
-2.606638
-0.334737
2.926235
-2.245537
0.078784
0.509592
1.339706
2.720929
0.578524
3.113822
2.064738
-0.823841
-2.226492
-2.375060
-2.507960
2.992703
2.072400
2.771687
2.944197
-2.178598
-0.942000
-0.522403
-2.010639
-3.110353
-2.047264
-1.825164
-0.568525
1.725793
2.182949
0.927295
2.596729
-0.507099
-0.716542
-1.190290
0.397079
0.124355
-0.218669
-2.736701
2.010639
2.570255
-1.401695
-1.795031
0.666908
-2.952394
-0.876058
-2.856862
0.708626
-0.190639
2.419938
-1.595791
1.975688
1.489892
-2.466852
-0.813169
2.238102
1.997424
2.940276
2.934096
0.231091
2.126963
-0.768451
-0.128323
-1.452306
-0.262995
2.613518
2.084402
1.673878
-0.638320
-1.786881
2.588298
2.577023
-2.072400
-2.098871
-0.588003
-1.933943
-3.113029
-1.881795
1.820048
1.373401
-1.339706
-0.866302
-0.244979
0.531724
2.154432
1.208252
-1.932000
-1.207649
-1.222025
-0.439843
-2.185459
1.308676
2.697173
2.152177
0.836202
2.770701
-0.308053
-2.802300
3.098142
1.679458
2.464206
0.064427
-1.658292
0.532844
0.708626
-2.706922
2.858497
1.313473
-1.107149
-1.001483
1.232473
-0.384605
-0.152649
1.892547
1.853351
0.954499
0.288975
-2.388441
-2.116963
-2.041963
0.628796
1.615212
-1.480136
-0.251690
2.387112
-2.245537
-1.313473
0.940395
-0.944535
2.677945
-2.111216
-2.957649
1.296629
-1.276562
0.088656
2.305391
-2.567288
-1.158386
1.288241
-2.147172
0.799482
-0.785398
0.868539
0.177596
-2.788602
-0.700854
0.226799
1.208252
0.233743
-2.835714
0.278300
0.220494
1.171281
2.345206
-2.391474
-1.830128
2.553590
-2.651635
-0.692334
-2.757775
3.070285
-2.379446
-0.754158
-2.044152
0.056543
2.089942
-0.302885
-0.087495
2.553590
1.538549
-0.211093
-2.690140
1.277207
1.932526
-0.321751
-0.346539
1.304544
2.976444
-2.553590
1.859772
-2.406998
0.329624
-0.275806
3.077166
1.815775
-1.425486
2.912361
1.741532
-2.630037
-2.197539
1.402590
-1.446441
0.240846
-1.637364
2.089942
-1.687905
0.298499
-1.719686
3.141593
-0.256151
-1.978052
-2.798569
2.342111
-0.549853
2.997151
-2.475623
1.879727
-1.220068
1.946067
-1.279340
1.325818
-0.571337
3.017238
3.010765
-2.530867
-2.041963
-3.017238
-0.615620
0.505290
-0.558599
-1.257176
-2.339247
0.321751
1.839964
-0.365747
-2.291350
1.137215
-2.089942
-1.364472
0.463648
2.749253
2.553590
1.570796
-0.536435
-3.072736
1.931633
-0.528074
2.214297
-1.190290
-2.256526
-0.927295
-0.963809
0.385158
-2.690140
-1.523213
-1.313473
2.089942
1.537475
2.100386
2.057696
2.449671
2.446854
2.070143
-2.400610
3.111299
-0.628796
-1.019141
-0.231091
1.196463
3.096169
-0.038443
1.138389
-1.318242
-3.096169
-2.236766
-2.545394
2.653756
-2.848406
-0.288975
0.940395
-0.890887
0.107690
0.940762
-0.305879
0.497343
-2.000559
1.017955
2.721396
0.725230
1.392703
2.626044
-1.849096
-3.064821
-1.757283
-1.305979
2.622447
2.568152
1.677532
-0.973620
-2.976444
-2.368540
-1.249046
1.214176
-1.067953
3.117207
-2.494545
-2.574863
-1.082462
2.167457
-1.804540
0.231091
-1.146602
2.089942
-1.972667
-0.606988
2.291768
-0.626743
-0.655696
-0.130403
-2.795054
-2.010639
1.533776
0.185348
-1.616220
-0.258771
-2.009133
3.003587
1.121037
-2.312744
-2.253113
-2.454468
1.795507
1.869295
-0.749699
2.918116
-1.786881
1.030377
0.165149
-0.446106
-1.570796
-0.025635
-2.050316
2.111216
2.197539
-2.595426
0.798731
2.461684
0.546789
-0.531724
-0.267616
2.140110
-1.570796
1.892547
-2.446854
-2.782822
-0.474400
2.274410
-2.077895
-1.504228
-0.428778
1.227772
1.535097
-1.668050
2.488746
-1.468590
-0.740652
-1.107149
-1.034985
0.855705
0.269167
-0.685730
-2.892341
-0.617756
1.727398
0.871604
-1.232918
-1.325818
1.973117
0.531724
1.609239
0.404892
2.050316
-2.513963
2.057696
0.906750
0.907593
-0.595410
-1.414194
2.441700
-2.757423
-2.459276
2.390664
-0.535811
-1.027845
2.709185
-0.170735
-1.570796
-0.218669
-0.238609
-2.067219
1.530003
1.030377
2.214297
-2.137526
-0.385883
2.507570
-2.356194
-0.699893
-0.720273
2.501505
2.267818
2.560212
-1.631328
0.558599
-1.432790
-2.854311
-1.190290
3.141593
1.446441
0.491809
-1.231504
2.034444
2.790865
1.773842
-1.972667
-1.012197
1.673878
-2.471071
1.883698
-0.509592
-0.478352
1.603043
-2.141180
1.975688
-0.785398
0.865228
0.708626
3.141593
-0.154997
1.414194
0.173246
-0.071307
-2.745511
-2.474684
2.077895
1.686556
0.283794
2.234842
-0.523278
-2.670699
-0.132552
1.666655
1.960505
-1.939145
-1.510868
2.914794
-2.158799
2.692869
-1.413028
3.023103
-3.038511
-0.602287
