0.183111
-1.997424
0.499347
-0.540420
-1.385448
-0.482513
2.521343
1.212026
-1.398606
-1.781890
-1.080839
-1.824470
-2.677945
0.244979
0.785398
-2.003204
-3.050933
0.811034
-1.222025
-1.446441
-0.110657
-1.760785
-3.041924
0.999459
-1.753907
2.319174
-2.677945
0.876058
-0.141897
-2.253113
2.129396
-0.524796
-2.976444
2.792822
-1.390943
-2.677945
1.067953
-2.896614
2.536048
-2.819842
2.446854
-1.923787
2.863293
1.012197
-1.249046
-2.325901
1.051650
-0.076772
-1.570796
0.620249
0.519146
-1.465919
2.741352
1.929567
1.373401
0.876058
-2.746802
-2.953371
1.030377
-2.203545
2.437099
-0.620249
1.989021
-0.972377
2.850136
0.388319
-0.439843
-0.554307
1.487655
1.919567
-1.152572
1.412141
1.570796
3.041924
0.870903
-0.896055
1.919567
-0.674741
-2.214297
0.132552
1.385448
-0.412410
2.543174
-1.071450
-0.345556
2.896614
-0.367174
2.601173
2.386488
-2.239086
2.485897
0.117109
-1.080839
1.058407
1.633215
-0.649870
-1.107149
1.965587
1.892547
0.000000
-1.797595
0.439843
-2.830594
-0.218669
2.064738
0.822418
2.731465
2.677945
-2.485897
1.518213
-0.298499
-0.888480
-0.758378
2.007423
-1.373401
2.284887
-1.471128
0.302885
0.489957
0.566729
0.124355
0.876058
1.292497
-2.158799
-2.662073
3.050933
-0.572966
2.782822
1.063698
-1.396124
0.785398
0.674741
1.999574
-2.236766
0.090660
1.080839
-1.789465
2.601173
2.312744
2.439336
2.999696
1.394087
-2.303611
-1.428899
-1.925502
0.000000
-0.128323
2.356194
1.325818
1.837048
0.942000
-2.226492
-0.185348
1.359703
1.352127
-1.937970
2.565217
2.356194
2.723368
-0.982794
0.750929
-2.101012
-1.012197
-2.279423
-2.896614
0.718830
-2.774419
1.335251
-2.875341
2.132718
3.046641
1.856848
-0.348771
-1.400061
-0.197396
-3.104573
-1.681454
-2.498092
0.909753
1.653938
-0.927295
1.365401
-2.723368
-3.041924
2.245537
-2.934096
1.222025
1.197809
-1.570796
2.446854
-0.714091
0.000000
-1.570796
-0.896055
2.774419
-1.160669
-1.190290
1.315614
2.884269
-1.390943
0.124355
-2.265535
-0.055499
-0.890275
1.222025
-0.811034
1.438245
-1.807645
1.841743
-1.892547
-0.851966
1.735945
1.107149
-0.551655
2.439336
2.553590
0.114877
3.099950
-2.279423
-2.147172
2.944197
2.622447
1.212026
2.034444
-1.518213
1.428899
-1.862253
2.634494
2.279423
2.806856
-0.414507
0.000000
-2.181522
-2.461071
1.496857
-0.688924
1.618379
2.034444
-2.582993
-1.815775
-0.726642
0.463648
2.498092
-0.394791
-0.785398
-0.657889
1.267911
2.020556
0.404892
-1.841743
1.843805
1.352127
1.530818
2.782822
3.011890
1.307802
-1.144169
2.383215
-1.768192
1.438245
-2.221873
-0.862170
-1.222025
-0.876058
0.558599
-0.785398
0.625485
1.929567
0.745419
-0.110657
-0.104877
2.191046
-0.141897
1.126377
-1.719686
-3.111299
0.404892
1.279340
1.858852
2.191046
-2.541542
0.278300
-0.266252
1.681454
0.994421
1.012197
-1.529154
-1.352127
-1.451367
2.498092
0.927295
3.058451
-1.941688
-0.110657
0.218669
-2.158799
-2.356194
2.506566
-1.815775
2.214297
2.867425
2.859038
0.694738
-2.422763
-1.428899
0.540420
0.822418
-0.785398
0.982794
0.837981
0.885067
-1.107149
-0.950547
-1.325818
-2.553590
-3.050933
2.089942
-1.494024
-2.944197
-3.041924
-1.541393
-2.910502
2.919511
0.218669
0.815692
-2.914794
2.396173
-1.279340
-2.601173
1.862253
0.973620
-0.270947
-1.570796
-2.736701
1.512041
-1.729452
-2.819842
2.256526
-0.540420
-2.582993
-0.439843
-2.223643
3.141593
-1.279340
-2.553590
1.815775
0.348771
0.588003
-1.929567
0.463648
2.418613
-2.761086
-0.785398
2.956245
-2.134113
-1.144169
-0.244979
-0.197396
-1.197809
3.058451
-1.570796
2.798569
-1.279340
-2.199593
-2.356194
-1.843805
2.356194
0.896055
2.325901
-1.609239
1.929567
-0.674741
-1.735945
-1.292497
-2.697173
-1.529154
2.490516
0.394791
1.570796
0.896055
1.453688
0.055499
1.862253
-0.635027
-0.380506
-3.017238
3.141593
-0.708626
-2.544416
-2.622447
1.190290
0.758378
2.455863
-1.222025
0.418224
-0.380506
0.380506
-1.815775
2.553590
-2.988943
1.616220
0.968509
0.748378
1.695151
2.804918
-1.695151
1.815775
-2.406153
-1.807645
2.034444
2.819842
1.570796
2.270689
2.553590
-1.134169
1.272297
-1.501940
0.197396
1.394087
-1.428899
-0.278300
-2.922924
2.331809
-1.876675
1.272297
-1.325818
-2.356194
0.418224
1.570796
-2.704965
-0.499347
2.944197
-2.961739
1.279340
1.446441
2.574863
1.292497
0.982794
-0.563316
2.083186
-1.366778
-1.776192
-0.927295
-2.677945
-2.089942
0.404892
1.626295
-2.582993
-0.540420
-1.695151
2.999696
0.049958
-2.677945
1.804540
-2.677945
0.463648
-1.144169
-1.504228
-1.815775
-1.019141
-0.410127
-2.256526
-2.488746
-0.524796
2.819842
-2.181522
2.095592
-3.030935
-1.604117
2.944197
0.588003
0.367174
-2.613518
0.927295
-2.574863
-3.030935
-2.976444
1.923787
-1.339706
1.063698
0.548549
0.380506
0.523278
1.144169
-1.923787
-2.034444
1.975688
1.494024
-1.975688
-0.708626
2.414950
-2.944197
0.847817
-2.422763
-1.794273
0.620249
1.570796
1.249046
0.380506
-2.134113
-1.249046
-1.325818
3.141593
-2.910502
2.930499
2.089942
0.000000
0.499347
-0.226799
2.607884
0.507099
2.582993
2.158799
-1.781890
-1.063698
2.833540
-2.480549
2.875341
2.884269
-2.439336
2.695487
-2.589938
-3.086094
-1.869295
1.138389
-1.438245
-0.588003
0.982794
-2.743070
1.012197
-1.661456
0.266252
3.141593
0.935770
0.083141
0.965252
0.813962
-0.124355
0.970746
2.010639
0.569313
0.231091
-2.731465
2.422763
0.463648
-2.553590
0.114877
3.064821
0.876058
1.222025
-0.185348
1.490966
-0.571337
-1.862253
2.411693
2.137526
-0.785398
1.607816
1.107149
-0.956133
-1.653938
-2.622447
-1.467715
-2.677945
2.055274
-0.426627
1.878849
-1.107149
0.540420
-1.012197
-1.742987
2.634494
1.312025
-0.244979
-1.929567
1.997424
3.141593
0.110657
2.729182
-2.226492
-0.124355
-2.265535
0.308053
-2.857799
-1.428899
-3.009041
1.203622
-2.530867
-2.774419
-2.414950
-2.875341
0.554307
1.975688
0.463648
1.307802
-0.822418
-0.429762
0.152649
-1.373401
0.000000
-0.982794
-2.089942
2.329174
2.754717
-1.249046
3.064821
-2.356194
-1.484058
-0.298499
0.266252
2.914794
3.141593
-2.158799
-2.325901
-0.571337
-0.690446
2.553590
1.030377
0.278300
-0.718830
-2.761086
1.570796
2.878598
3.141593
2.896614
-2.589938
1.352127
-1.657535
1.051650
-1.030377
2.930499
2.473303
1.292497
-2.677945
3.096169
1.487655
1.144169
-0.965252
-1.639653
1.039072
-1.712693
-2.214297
-2.553590
1.249046
-1.993650
1.768192
0.418224
2.158799
-0.298499
-0.124355
1.880499
0.558599
2.034444
1.789465
1.815775
-0.055499
-1.768192
0.533708
-3.038511
-2.565217
3.141593
-0.785398
-2.819842
0.674741
0.244979
-0.165149
1.776192
-2.927532
-0.244979
0.244979
-2.293776
-1.249046
1.089909
2.838708
2.356194
-1.607816
-2.129396
-0.531724
1.570796
-1.869295
0.785398
-0.321751
3.141593
-1.292497
-0.708626
-1.134169
-1.925502
-2.176341
1.460139
0.785398
