-1.924507
-2.026413
-0.767216
1.766185
0.394003
1.183425
2.219883
2.347934
-1.034070
-1.665309
-0.199270
-1.394223
2.721094
-1.687787
-2.137062
2.046783
1.546365
-0.715848
-0.457945
0.385511
-0.801717
0.802254
0.869239
1.026466
-1.689885
-0.820079
1.126921
-0.102817
-2.054071
-0.992213
0.741650
-0.498759
-0.364656
0.807206
1.754503
0.032965
0.259845
-2.252503
-2.271882
-1.797592
-2.590546
0.730993
-0.949161
1.273033
-0.528550
-2.230540
0.759205
1.325572
-0.287689
-1.537807
1.957820
-0.115186
-0.479154
1.108103
-0.751475
0.552159
-1.125118
-1.091757
-0.111765
1.254356
-1.866457
-0.391182
-0.053238
1.417546
1.580582
-2.597315
-0.535079
1.136451
0.055616
-0.323327
0.540917
-2.145653
-1.173391
-2.382995
2.104308
0.656149
0.137011
-2.401472
1.463887
-2.254677
0.203724
3.066638
-1.306891
-2.555840
-0.007245
-1.081370
2.162117
1.916678
-0.577976
-0.620489
-0.409720
-1.893103
1.199915
0.781901
2.783894
2.214025
-2.374659
-0.241003
0.155616
-0.634589
0.202392
0.607980
-2.162425
-2.820582
-0.680668
0.663659
0.518388
1.282926
-0.327139
-1.249308
-1.846372
-1.427645
2.065773
-2.171943
2.007537
0.272239
0.135802
0.849368
0.188235
0.449547
0.973042
-0.135883
0.683736
-1.958286
-1.432418
-1.357975
1.800597
2.686791
2.199220
-1.773797
-0.547018
-2.392395
-2.143249
2.595155
-1.104359
1.029219
2.113692
-0.022908
-0.823673
-0.503938
0.396318
2.045317
0.939497
-1.627528
-2.095066
-1.337538
-1.248929
-1.968104
0.828190
0.961656
1.363587
1.317161
0.630948
0.588894
2.120374
0.541233
-0.134883
0.001691
-2.310858
0.500907
-2.088468
-1.026790
-0.247378
-0.428011
2.490838
1.481099
0.967836
-0.860180
0.846466
-0.960743
0.477102
2.691507
-2.181116
0.625993
0.588948
-0.659322
0.654010
-1.909275
-0.136815
-1.714798
-0.247894
0.743622
1.587794
2.034091
-1.139781
-0.307127
-1.767747
0.296445
-0.051176
2.155606
-1.203051
0.428265
-0.630121
2.250110
1.605804
0.439994
-1.022495
0.887152
0.276233
-0.929713
0.241289
-1.789663
-0.104428
1.904050
0.949321
1.482138
-0.327142
-1.473843
0.316729
0.312058
1.514367
1.114025
0.506147
2.226174
1.307088
0.713510
1.950104
0.196120
-2.146275
1.799450
1.352038
2.224810
-1.690878
-1.888249
1.764532
-1.204045
3.274739
-1.706216
-1.708030
-0.346733
-2.161092
1.668416
-0.209951
0.242851
-1.299496
2.227154
2.156732
2.513422
0.531711
-0.797097
1.816195
0.446367
0.451403
-2.232859
-1.003201
-1.426867
-0.250364
-1.799806
-1.305331
-1.321470
-1.319850
-0.332929
-2.146242
-1.610641
-1.106524
-2.335486
-2.047351
-0.003757
-2.112867
1.225887
-0.304919
1.983174
-0.102736
2.946671
-1.057264
-1.188735
0.953974
0.590231
0.696676
1.784492
0.405672
0.354912
0.887795
-2.444191
2.382713
-0.593477
1.439839
1.058972
-0.384858
-1.207096
0.543671
0.076662
0.780419
-1.970103
-1.642585
-0.616980
1.756120
0.373873
-0.722373
0.497858
2.844822
-1.225079
-1.578007
1.353939
-2.045928
-2.402381
-0.037783
1.815605
2.105848
1.763049
1.282363
0.419810
-0.244811
0.841556
-0.533198
2.100396
0.298172
-0.619313
-1.184948
2.312656
-0.247032
-0.435923
1.092546
0.571713
-1.005802
-2.352733
1.278116
-2.544398
0.502604
-0.418792
2.336663
0.590195
1.720205
1.229461
-0.586119
-0.026060
-0.009071
-2.026379
-2.033853
2.136055
2.057881
0.787853
-1.933397
1.359918
2.241082
0.047407
-2.167646
0.373742
-2.473659
-0.942659
-0.779389
1.731223
1.889103
-2.175747
0.951894
1.145779
1.776839
-0.378431
-1.504984
-0.325415
1.241620
-0.186396
1.332909
-2.218393
1.696648
0.634195
-0.485032
2.305733
1.263436
2.099745
-1.680981
-0.256264
1.876912
0.756597
-0.582635
-0.601823
-0.736798
1.639107
1.709358
-1.764799
2.328106
-0.334827
0.185147
-1.710089
0.180604
0.051698
0.638743
0.884544
-0.598800
-0.178300
1.241757
2.712853
-1.583935
0.831798
0.436113
1.431684
-1.300828
-0.286879
2.664638
0.350090
1.798513
0.229965
1.716454
-2.185442
2.367837
-0.671195
-0.220373
1.960154
0.914153
0.602633
1.364695
-2.169823
1.353198
-0.877157
2.272451
-1.731577
0.939381
1.500706
1.577608
0.567905
-1.330103
0.302001
-1.405373
-0.912204
-2.124587
-0.207987
-1.885572
0.513034
-0.245326
-0.736094
0.482951
-1.392938
1.023533
-1.435943
1.566463
1.422723
-0.175200
-0.809099
-2.284948
-0.905748
-1.890421
0.160770
-0.297858
-2.529051
0.128179
-0.227548
-0.136723
-2.122261
-2.116852
0.094695
0.992237
2.288460
1.670549
-0.149691
1.880611
0.432541
-1.093593
-2.077862
0.031524
1.889136
1.514915
1.049066
0.559592
-2.086968
0.886680
1.182145
2.075162
-0.760608
1.403652
-0.989479
0.581615
0.036063
1.051495
-2.202196
0.385713
1.141752
0.361471
-1.099978
2.049539
0.700694
0.800141
0.564414
1.274219
-1.875277
0.689247
1.465474
-0.495367
2.921608
-1.965272
0.964719
0.602880
0.823526
2.074467
0.150972
-0.376431
-0.699514
-2.304880
-0.411056
-0.125231
-1.039667
-0.921234
0.492005
0.812892
2.123311
-1.692615
-1.178986
1.798459
2.164250
1.734754
-0.317433
0.713709
2.398533
-0.335073
0.525886
-0.300059
-0.055877
-0.439978
-0.717989
0.948055
0.133917
-1.773527
-0.105334
0.703380
1.383112
0.725126
-0.782326
1.213010
0.143873
0.979814
-0.260339
2.428836
0.195566
2.171332
-0.906415
-0.950030
-1.426475
-1.561403
0.388971
1.937779
-2.313147
1.520820
-0.058104
0.126741
-0.099929
-1.050344
-1.711269
-1.200058
-1.881094
-0.391505
-1.439334
-0.968770
0.569072
0.717868
-1.560520
-2.446787
-2.415884
-1.210418
0.374058
-2.343989
0.017121
-1.692532
-1.446413
0.045766
-0.473135
2.906168
2.380820
-1.125238
1.814409
0.343508
-2.490241
1.169592
1.489258
0.831811
2.198301
-2.415642
-0.529164
-0.390524
0.582460
0.951457
-2.213982
-0.555431
1.693071
1.822208
-1.054243
-1.975637
0.320321
2.297236
1.557951
-0.310635
-0.177393
-1.892500
0.807561
1.567196
-0.452460
1.638779
-0.404786
-1.403030
2.238414
0.457489
-0.370298
-0.018012
0.019458
-0.446292
-0.149747
-0.106368
0.542818
2.072060
2.012483
2.010032
0.032252
-0.871762
0.452316
2.315890
-0.062379
1.165947
1.122939
-1.041915
-1.662458
0.144318
-0.190625
-0.538710
1.719748
0.214829
-0.055955
0.572273
-0.452082
-0.063893
-1.332254
1.032567
-0.297607
-1.907356
0.066952
1.619653
1.894183
1.751719
-1.087594
0.924073
-1.286362
2.507696
-0.676414
1.094569
1.463986
0.346497
1.669485
-1.124998
-1.097581
-2.432876
0.681178
-1.115322
-0.104347
-1.092912
1.361267
1.981572
-1.253156
1.218500
-1.273210
0.156506
1.821998
-1.125811
-1.694817
0.362068
-2.979918
-1.360962
0.887581
2.349018
-1.741262
1.126470
-1.838461
-1.765930
2.606734
1.245653
2.295863
-0.362277
-0.346234
2.983872
2.052178
-0.488958
1.808300
0.313142
-0.377468
1.578691
-2.512117
0.090200
0.629221
1.713917
-1.503137
-1.580180
0.646343
2.015521
-0.398570
0.159338
-0.890706
-1.286456
0.577956
-2.188561
-1.939962
0.098000
-1.849087
1.002311
-0.620462
