0.298499
2.819842
-2.536048
2.846152
0.226799
-3.064821
2.729182
1.873681
2.896614
-1.019141
2.053310
-2.000559
-0.334737
2.695487
1.051650
0.956133
0.519146
-2.746802
3.427644
0.179853
2.956245
1.004067
1.147942
-1.418147
-2.356194
0.380506
1.980924
-1.712693
0.257324
0.484478
3.107124
1.292497
-2.327631
-0.844154
-0.862170
2.284887
-1.633215
-2.677945
1.647568
0.132552
-2.616797
-0.257324
-1.264917
-2.642246
0.885067
0.404892
0.950547
1.824470
-2.393215
-1.325818
0.348771
-1.058407
2.578276
2.010639
2.356194
-1.759018
-2.782822
-0.367174
-1.063698
-2.768605
0.000000
2.819842
-1.913820
1.004067
-3.141593
-0.832981
2.356194
-1.929567
-2.214297
2.403778
-1.460139
0.576375
-2.016902
0.000000
1.279340
2.498092
1.759018
0.380506
1.315614
1.385448
-1.249046
-0.942000
1.951303
-0.463648
-0.244979
0.832981
2.647651
0.982794
2.259721
0.076772
0.197396
-2.838708
-2.701750
-2.356194
2.185459
0.965252
-2.984991
-0.982794
-2.498092
-1.438245
0.896055
-2.279423
-0.394791
1.494024
0.321751
-0.528074
-1.236059
-2.677945
0.463648
3.258701
2.638749
-0.038443
1.272297
-2.512796
2.819842
-0.442374
2.158799
0.785398
3.204011
-0.876058
-2.574863
1.292497
0.927295
1.934775
-2.329174
-0.388319
1.778293
-0.422854
-1.080839
2.677945
1.158386
-2.761086
0.668289
1.759018
1.789465
4.341498
-3.141593
-2.408778
2.214297
2.158799
-1.957672
-0.982794
-1.089909
2.010639
0.856706
3.252250
2.613518
1.046001
-1.037088
2.452668
-0.283794
-0.211093
2.863293
-0.528074
0.917950
0.343024
-0.620249
2.647651
-1.180189
0.837981
-1.530818
2.553590
3.338988
2.356194
0.205395
2.553590
1.080839
2.256526
0.785398
0.482513
-0.632749
-0.047583
1.837048
-1.347320
-0.493941
-1.965587
-1.570796
2.034444
3.064821
0.862170
-2.388441
-1.504228
-2.521343
-2.777614
2.196281
5.176037
1.418147
2.936197
-1.396124
1.937970
1.703348
2.191046
2.034444
2.053310
2.356194
-2.798569
-0.785398
1.862253
-1.969319
-0.785398
-0.890275
-2.480549
0.652847
-2.750986
-1.373401
-1.703348
-2.308611
0.996491
2.782822
2.647651
-2.231839
-2.578276
0.614663
1.373401
1.004067
0.052583
2.145101
2.896614
-0.432408
0.652847
-0.233743
-1.453688
-4.037648
-0.278300
-2.838708
2.857799
-1.523213
1.037088
2.226492
3.326941
-2.553590
-1.712693
1.107149
-0.844154
1.418147
-0.655696
-1.831399
-1.042722
-1.499489
-2.228685
0.099669
3.180035
-1.849096
0.404892
1.019141
1.494024
3.079174
0.815692
-2.774419
2.396173
-0.463648
-2.077895
-2.034444
-2.231839
-2.855541
2.356194
3.197091
-2.774419
-1.750650
-0.950547
-0.302885
-1.907471
-2.951604
-1.806341
-1.249046
-0.185348
2.158799
2.480549
1.768192
2.896614
-0.558599
-0.380506
-0.970746
0.528074
0.000000
0.090660
-2.356194
2.199593
3.050933
-1.165905
-1.644735
1.128422
-2.699218
-0.295441
-2.399645
1.249046
0.244979
2.850136
-1.373401
2.214297
1.723446
-2.308611
-0.174672
2.498092
2.275290
-2.884269
-2.896614
0.298499
2.439336
-0.643501
0.244979
-1.158386
-0.394791
3.017238
2.226492
2.013171
-0.321751
-1.687905
-3.265948
2.642246
-1.735945
-1.695151
-0.260602
-1.695151
-2.746802
-1.356736
2.223643
2.060754
-0.817645
-0.352990
-0.218669
0.732815
2.331809
1.390943
-1.484058
-0.748378
-0.785398
-0.135528
-1.913820
1.841743
3.197091
2.439336
1.107149
3.141593
-0.233743
-2.536048
-3.041924
1.959115
2.868584
0.426627
-1.337053
1.051650
0.942000
-2.526930
3.346988
1.797595
-1.892547
-0.837981
1.570796
-0.062419
0.000000
2.199593
2.245537
1.373401
0.551655
-2.142134
-1.685673
-1.570796
1.227772
1.801887
0.244979
-6.126583
2.694073
-1.804540
-1.227772
1.460139
-0.785398
2.819842
-1.614247
-2.729182
1.647568
-1.076855
0.165149
2.622447
-2.214297
-0.398522
1.661456
-2.034444
1.206817
-0.345556
0.828849
0.278300
-2.446854
-0.432408
0.463648
1.729452
0.321751
-2.704965
0.862170
0.540420
1.570796
2.857799
-2.089942
-1.249046
2.651635
-2.480549
-0.174672
-2.386488
-2.279423
-1.951303
-0.519146
-1.873681
0.753151
2.432966
-0.165149
0.321751
2.761086
1.892547
0.270947
-2.356194
1.508378
2.214297
-0.141897
0.000000
1.570796
-3.054854
-2.312744
2.199593
-2.236766
0.588003
-0.047583
-3.067654
2.214297
-1.212026
3.099950
1.965587
-2.178598
-2.034444
1.862253
-1.249046
0.844154
-1.515298
2.356194
-1.394087
0.571337
-1.126377
-2.930499
-0.117109
-1.570796
-2.034444
2.634494
0.000000
3.329814
-2.034444
2.214297
-0.643501
2.111216
-1.012197
1.304544
-0.463648
-2.695487
3.141593
-2.089942
-1.700499
-2.480549
-0.343024
1.107149
-0.380506
-0.885067
-2.122451
0.551655
2.181522
-0.055499
-2.077895
1.527345
-1.951303
-1.227772
0.643501
3.290483
2.677945
1.831399
-0.270947
-3.141593
2.388441
-0.302885
2.819842
-1.190290
-2.181522
-1.249046
-0.551655
0.463648
-2.485897
-1.396124
-1.227772
2.303611
1.951303
2.521343
-3.894744
2.729182
2.880990
2.657115
-2.081285
3.177292
-0.817645
-0.566729
0.172191
1.670465
-2.966920
0.370891
1.212026
-1.259798
-2.601173
-1.951303
-2.356194
2.976444
-2.506566
0.071307
1.382575
-0.588003
0.394791
1.390943
-0.244979
1.019141
-1.325818
1.405648
-2.927532
1.144169
2.034444
2.746802
-1.633215
-2.736701
-1.494024
-1.030377
2.910502
2.992703
2.089942
-0.404892
-2.607884
-1.878849
-1.279340
1.570796
-0.745419
-2.880990
-1.892547
-2.158799
-0.942000
2.425849
-1.633215
0.632749
-0.832981
2.356194
-1.687905
-0.404892
2.475623
-0.394791
-0.426627
0.000000
-2.446854
-1.849096
1.815775
0.321751
-1.212026
0.000000
-1.797595
-3.208161
1.405648
4.413890
-2.158799
-2.034444
1.965587
2.312744
-0.528074
3.360262
-1.570796
-1.892547
0.722979
-0.270947
-1.138389
0.358771
-1.892547
2.323948
2.480549
-1.969319
1.107149
2.796037
0.785398
-0.283794
-0.043451
-3.712930
-1.292497
2.356194
-2.356194
-2.521343
-0.185348
2.677945
-1.833791
-1.212026
-0.141897
1.460139
2.265535
-1.325818
2.782822
-1.076855
-0.571337
-1.203622
-1.363300
1.385448
1.165905
-0.605545
-2.863293
-0.321751
2.158799
1.487655
-0.965252
-1.107149
2.319174
0.832981
1.892547
0.785398
2.356194
-2.414950
2.303611
1.126377
1.165905
-0.124355
-1.165905
2.459276
-2.297439
-2.782822
2.819842
-0.260602
-0.704494
2.922924
0.576375
-1.107149
0.257324
-0.071307
-1.614247
1.983207
1.490966
2.601173
-1.892547
-0.152649
2.651635
-2.214297
-0.244979
-0.233743
2.976444
2.582993
-2.953371
-1.297788
0.927295
-1.042722
-2.677945
-0.982794
3.412540
1.975688
0.785398
-0.956133
2.356194
2.966920
1.913820
-1.626295
-0.655696
2.239086
-2.176341
2.256526
-0.226799
0.045423
1.825979
-1.849096
2.356194
-0.094952
1.107149
0.685730
-2.714965
-0.076772
1.937970
0.463648
-0.090660
-2.452668
-2.104505
2.356194
2.007423
0.218669
2.961739
-0.426627
-2.381830
0.266252
2.196281
2.446854
-1.661456
-1.107149
-3.141593
-1.904041
3.141593
-1.172274
-2.976444
-2.638749
-0.367174
