2.466852
2.480549
1.642104
-1.937970
-0.211093
-1.190290
-2.714965
-2.578276
1.750650
2.176341
0.785398
1.997424
-2.736701
2.111216
2.677945
-2.137526
-1.892547
0.558599
0.558599
3.402195
1.637364
-0.610726
-0.844154
-1.951303
2.390664
1.570796
-1.647568
0.090660
2.651635
1.190290
-0.896055
1.227772
1.203622
-0.904827
-1.919567
0.231091
-0.278300
2.408778
3.041924
2.034444
3.141593
-1.165905
1.428899
-1.681454
-4.854286
2.714965
-0.367174
-1.642104
0.982794
2.070143
-2.098871
0.643501
-3.444478
-1.304544
0.588003
-0.426627
-3.252250
1.144169
0.685730
-2.070143
2.622447
0.708626
0.278300
-1.438245
-1.750650
3.141593
1.292497
-1.499489
0.000000
0.726642
-0.394791
3.024484
-3.463343
2.792822
-2.480549
-1.107149
0.174672
2.976444
-1.768192
2.553590
-0.083141
3.386571
1.570796
3.064821
0.197396
1.869295
-2.677945
-2.231839
0.927295
1.359703
0.244979
2.427502
-1.681454
3.338988
-2.999696
-2.553590
2.819842
-0.418224
-1.071450
1.405648
-0.185348
-0.566729
2.802300
-3.306741
1.325818
-0.643501
2.191046
-1.723446
0.819867
1.965587
2.158799
0.000000
-2.236766
2.956245
-2.455863
-0.226799
-0.141897
-0.463648
0.000000
-0.862170
-1.405648
0.463648
-0.463648
2.512796
2.176341
2.034444
-2.432966
-2.651635
-2.521343
2.356194
1.310194
2.819842
2.677945
-2.536048
-3.605240
5.130613
-2.601173
0.260602
1.138389
1.203622
-0.343024
-2.553590
-0.965252
2.289626
2.677945
1.831399
2.111216
2.214297
-0.439843
-0.982794
-1.508378
-1.421906
-0.605545
3.265948
-2.480549
-0.718830
0.000000
0.083141
2.746802
3.141593
2.316216
1.642104
0.558599
1.107149
-2.777614
-1.815775
-1.359703
1.012197
-0.785398
-3.265948
-0.426627
-2.677945
2.746802
-0.785398
-0.463648
0.785398
-0.785398
2.137526
0.785398
2.176341
0.358771
-0.982794
-1.919567
-2.530867
1.460139
0.566729
2.480549
-0.165149
0.197396
4.390638
0.694738
-0.278300
0.960070
-2.422763
-1.937970
2.736701
-3.283490
-0.832981
-0.463648
-4.017651
-0.062419
2.356194
0.000000
-2.181522
-0.982794
-1.504228
-0.129703
1.951303
-0.558599
-0.197396
-1.837048
-1.107149
-0.348771
-2.396173
-1.633215
-0.982794
-1.910089
-0.110657
2.677945
-1.951303
-1.396124
-2.622447
1.325818
2.297439
-1.975688
1.997424
3.326941
2.312744
2.173084
0.896055
2.701750
0.785398
-0.950547
-0.094952
2.158799
-2.396173
-2.297439
-2.677945
-1.063698
-3.224734
-2.034444
-0.336675
-0.404892
2.863293
-3.926991
1.892547
-0.336675
2.181522
2.191046
1.647568
1.797595
0.463648
-4.467410
1.965587
1.190290
2.976444
2.356194
0.321751
2.736701
-1.428899
0.418224
-2.356194
0.390607
3.200348
1.428899
1.703348
-0.909753
-0.982794
3.141593
-2.214297
3.427644
-0.380506
-0.412410
3.030935
-2.677945
1.325818
-1.919567
-1.292497
0.876058
1.012197
3.306741
0.000000
-1.325818
2.466852
2.158799
1.438245
-1.961403
-0.558599
1.222025
-0.321751
3.500363
1.373401
2.231839
-1.629552
2.455863
3.086094
0.291457
-1.965587
-2.297439
-1.892547
-1.438245
-0.291457
0.628796
-1.004067
0.708626
-2.530867
0.179853
1.325818
2.034444
-2.616797
0.694738
1.107149
-0.960070
-0.785398
1.570796
3.009041
-1.633215
3.075024
3.265948
1.227772
-2.699218
2.976444
-2.034444
-1.570796
1.460139
0.643501
0.141897
3.079174
2.704965
-2.265535
-2.297439
-1.249046
2.265535
-1.385448
-2.446854
6.841785
2.774419
5.608444
3.050933
1.325818
1.063698
-1.873681
-2.297439
2.880990
-1.063698
-1.107149
4.353618
1.107149
2.057696
0.588003
-1.352127
0.785398
-1.856848
2.729182
-1.892547
-0.726642
0.540420
-2.553590
-1.304544
-2.422763
2.034444
0.938047
-2.408778
-0.950547
0.909753
1.418147
0.996491
-2.181522
-1.750650
2.356194
-2.601173
0.291457
0.062419
2.403778
0.066568
1.071450
-0.499347
-0.915101
1.165905
0.822418
-1.264917
3.816334
2.129396
-1.030377
-1.249046
-1.647568
1.892547
0.528074
-2.475623
-0.156602
-2.613518
-0.463648
4.514993
2.792822
-2.629203
1.390943
0.674741
-2.253113
-1.460139
-0.571337
-1.428899
2.774419
-1.712693
1.653938
-2.498092
1.670465
-2.414950
-1.570796
-1.681454
3.306741
1.815775
-0.218669
2.077895
1.299849
2.634494
0.942000
2.356194
-0.152649
-3.360262
1.570796
-0.380506
1.831399
-1.487655
1.913820
-2.158799
-1.480136
0.358771
1.212026
1.975688
1.623379
2.214297
-3.064821
0.896055
3.030935
-0.218669
0.394791
0.394791
-3.141593
2.181522
-0.174672
-0.876058
-2.439336
0.244979
-4.467410
-2.089942
-0.463648
1.396124
2.792822
0.000000
4.331883
4.248741
-1.249046
-0.380506
2.709185
-1.107149
-1.849096
-2.303611
1.570796
-1.570796
1.570796
-1.919567
0.099669
-1.310194
2.129396
-0.278300
-1.152572
-0.321751
1.642104
-2.321725
3.338988
-1.249046
2.819842
-1.359703
2.308611
3.433049
-1.570796
1.107149
-3.030935
2.455863
-0.956133
-0.909753
-1.176005
-2.613518
0.000000
-0.090660
-3.360262
2.944197
0.661043
0.628796
0.610726
1.176005
-0.412410
-0.674741
-2.356194
1.471128
0.620249
-2.245537
-2.530867
-1.892547
0.463648
-0.844154
-2.798569
0.165149
3.212900
0.588003
0.540420
1.138389
1.418147
-1.570796
0.000000
2.256526
0.321751
-0.732815
-1.642104
-0.909753
1.487655
-1.343997
-0.321751
-0.832981
0.785398
-2.609869
0.000000
-2.782822
1.212026
1.279340
2.265535
1.768192
-0.244979
-1.983207
2.782822
-1.750650
0.000000
0.394791
0.266252
1.405648
2.129396
1.712693
2.642246
0.896055
1.063698
1.735945
-0.404892
-1.197809
1.862253
3.036716
3.041924
1.292497
-0.528074
3.082837
0.000000
2.432966
1.965587
5.888394
0.694738
3.246470
-2.256526
0.851966
-1.993650
-0.141897
3.141593
-1.815775
-1.508378
-1.176005
-2.530867
3.141593
1.176005
0.661043
-0.348771
-0.927295
2.770701
1.359703
-1.892547
-1.892547
1.030377
1.951303
-0.141897
-2.613518
-1.570796
0.418224
0.732815
2.770701
-0.960070
-1.965587
0.785398
-1.892547
1.134169
1.837048
-2.475623
3.546484
1.076855
0.124355
-0.090660
0.291457
2.746802
0.674741
-0.124355
-2.356194
-2.129396
-2.214297
0.493941
1.107149
-0.610726
-2.613518
0.083141
-1.629552
-1.626295
1.570796
2.245537
-3.141593
0.628796
1.359703
-1.815775
-0.062419
0.260602
-0.404892
1.071450
-3.970442
1.768192
-1.076855
0.124355
2.303611
0.076772
0.844154
-2.158799
1.446441
0.785398
-0.915101
1.797595
-2.966920
1.460139
-1.405648
-1.789465
-0.211093
-1.781890
1.249046
-3.402195
2.922924
-0.950547
1.919567
0.463648
-0.896055
4.205290
-2.176341
1.304544
-1.249046
1.723446
0.000000
-2.070143
1.570796
2.356194
0.090660
-3.030935
1.965587
-0.832981
-2.570255
2.303611
-1.152572
2.256526
2.181522
-2.677945
-1.623379
-2.616797
1.004067
0.960070
3.246470
-2.297439
0.540420
-2.422763
-0.266252
0.927295
-1.657535
3.141593
0.000000
-0.625485
-1.965587
0.321751
1.919567
-0.436627
-2.677945
1.030377
-0.090660
1.363300
1.745469
-0.493941
2.819842
2.709185
2.308611
2.245537
-1.446441
1.508378
