-1.980924
1.626295
0.083141
0.563316
1.961403
-0.266252
0.881872
-0.967047
2.378413
-2.712815
0.177596
-0.024995
-2.701750
0.767856
-2.376600
2.105751
-1.637364
-0.085505
1.776192
2.115660
-2.279423
2.537843
-2.528385
-1.019141
2.928654
2.059130
-1.276562
-0.093477
0.083141
0.999459
-1.388628
-2.631104
-1.760785
-1.741532
1.601090
-2.245537
0.343024
0.746956
0.944053
0.828849
2.999696
-1.205595
0.088007
2.570255
2.691833
0.708626
2.283154
-1.875307
-1.695151
-0.192048
-0.785398
2.524401
-0.524796
1.815775
2.083186
-0.231091
1.841743
1.651700
3.115283
1.919567
-1.365401
2.081285
2.158799
2.221873
0.598419
-2.951604
2.131960
-0.974597
2.999696
0.000000
2.414950
-2.785957
-0.212938
-2.944197
-0.313621
-0.268366
-1.965587
0.083141
-1.822486
1.058407
-1.468590
1.222025
1.281821
-0.785398
-1.007480
1.178456
0.912908
-1.929567
-0.643501
-0.825377
1.363300
2.060754
-1.030377
0.000000
-2.690140
2.089942
-2.714965
-1.957672
1.516795
-0.236849
-1.492012
2.939271
1.199905
2.007423
2.492597
-1.176005
0.938047
-0.721655
-1.961403
0.785398
-0.661043
2.425051
1.451367
-0.546789
2.498092
2.034444
0.374334
0.732815
3.098142
-2.226492
-0.872137
-1.730709
2.912361
2.619189
-3.030935
-0.667306
2.356194
-3.041924
1.030377
-1.457004
-0.665969
1.487655
2.282255
-0.876058
2.047264
-1.837048
2.432966
-2.060754
0.058756
-2.140110
1.849096
2.181522
-0.057081
-1.138389
2.632000
-2.439336
2.701750
-1.841743
1.352127
0.027771
-0.628796
-0.572966
0.476467
0.702257
1.942864
-0.990794
0.439843
-1.471128
1.339706
-2.873226
2.393215
-2.986596
-0.574305
1.946067
0.179853
-2.074962
1.418147
1.570796
-0.514451
-0.156602
-1.620755
-0.032247
-0.507099
1.644735
-2.245537
-0.404892
-1.512041
-1.144169
-2.855541
3.113822
2.010639
-0.915101
-0.989416
0.534955
1.599360
-0.028564
3.033903
1.184914
1.508378
-0.224711
-0.110657
2.270689
0.244979
-2.521343
-1.639653
3.113029
2.393215
-1.335251
-2.999696
0.806672
-2.867425
-1.735945
-1.668050
1.570796
-2.530867
-2.323948
2.902983
-1.869295
-2.482787
1.095101
-0.354706
2.792822
-0.856706
1.095101
-1.876675
2.655971
-0.916714
-2.021458
-0.515549
-1.541393
-1.803353
0.932477
2.203545
0.463648
0.438337
1.959115
1.735945
-2.057696
-1.540503
1.570796
-2.051684
2.201876
-1.622033
-2.770701
-2.922924
-2.838708
2.870646
-2.173084
2.184004
1.876675
1.869295
2.191046
-1.910089
-2.607884
-0.610726
0.545655
-2.574863
0.025635
-0.286051
2.492597
2.963996
2.746802
1.542233
1.319106
-1.046001
-0.832981
2.928654
2.726101
1.545161
1.272297
-2.337329
-2.613518
-2.966920
-0.182168
1.800028
-2.207305
0.110657
0.909753
-0.365201
1.934775
1.544487
0.668289
0.854255
-2.111216
-0.705568
-1.901094
-2.299651
2.015216
2.466852
1.220068
-0.997830
1.570796
-2.976444
-2.439336
-3.017238
-0.113792
-2.089942
1.869295
-0.283794
1.107149
-1.306833
2.726101
1.482789
0.712358
2.488746
0.372988
1.441094
-1.512041
0.944053
-0.183111
-1.241172
-0.330297
-1.781890
-2.297439
2.432966
-0.269167
-0.580756
2.934096
2.478390
2.080389
2.319174
-2.314552
-0.224711
-2.944197
-1.570796
-0.862170
-1.516795
0.759763
2.922924
0.442374
-0.847817
2.279423
-2.855541
-1.465919
2.165556
3.064821
2.723368
2.591739
-0.730907
-1.453688
2.356194
3.090355
-2.256526
-3.024484
-2.653259
0.047583
0.947597
1.532354
-0.549853
1.797595
0.785398
1.436475
2.582993
2.317752
1.487655
-2.276365
-2.601173
-1.487655
-1.438245
2.487510
-0.708626
2.553590
-2.819842
2.034444
-2.611377
-3.033903
2.338652
0.024995
-0.643501
-2.714965
-2.914794
-2.999696
0.369334
0.879459
-2.214297
-1.773118
-0.027020
1.405648
-0.348771
2.875341
-3.099950
0.975386
-1.325818
2.374374
-2.219128
-1.092444
-2.077895
-0.991722
-1.398606
2.187988
1.292497
1.535097
-0.994421
-0.785398
1.510264
-2.521343
-2.095592
1.107149
1.789465
2.317752
1.691420
2.512796
-2.701750
-1.849096
-1.292497
1.312025
0.785398
2.984991
-2.896614
0.463648
0.047583
2.059130
-1.504228
3.087591
-0.114877
-0.628796
1.999574
1.359703
2.863293
1.997424
-2.205823
-0.436627
-1.965587
2.259721
-0.617191
-0.832981
-1.667270
-2.418613
-1.095101
-2.852617
-1.978945
-3.020241
2.356194
-3.033903
-0.946773
0.960070
2.356194
-2.803714
-2.417343
2.553590
0.138006
-3.060689
-1.596432
1.684588
2.316216
2.665897
0.029403
1.778293
3.079174
-2.546183
2.530867
-1.933341
-2.528385
-0.806672
1.333948
2.265535
2.166206
0.655696
1.892547
-0.785398
3.084512
-2.016902
0.390607
1.815775
2.508844
0.429762
-0.438337
0.888480
0.439843
1.352127
0.064427
0.999459
1.169568
2.193996
0.165149
2.882822
-1.546411
-2.545394
-1.308676
1.086318
1.082462
0.104877
-2.761086
0.637549
-1.892547
-2.627141
-1.494024
2.710900
-2.677945
0.927295
-0.982794
1.457004
2.455863
3.050933
-1.361773
-1.176005
-2.034444
-0.764993
-0.066568
-1.107149
-1.095101
0.000000
-0.024385
1.852568
-2.840672
2.896614
0.595410
0.104877
-2.884269
2.055274
-1.768192
0.475695
0.450661
0.785398
0.312901
-0.654083
2.867425
1.266285
1.797595
2.896614
2.241318
0.191184
1.299849
-0.997830
1.900421
2.819842
1.673003
2.381830
1.152572
2.659079
-0.235545
0.244979
0.099669
-0.994421
1.492012
2.446854
-0.588003
-2.785957
-2.326791
-2.115660
-1.289024
0.197396
-1.854590
2.587285
2.647651
-0.553294
2.914794
1.450173
-1.911775
-1.997424
2.803714
2.158799
-2.665125
2.537843
0.888480
2.480549
-1.144169
1.712693
0.643501
-0.938047
-1.876675
0.428778
1.347320
-2.689439
-2.158799
-1.516795
0.165149
2.976444
1.926432
-1.249046
-1.054566
-2.922924
3.064821
0.509592
2.197539
0.442374
-0.674741
-0.805803
0.579074
-0.726642
2.811295
1.176005
-2.971814
-0.363979
0.232557
0.890275
2.950408
2.356194
0.588003
2.430134
0.858439
-0.896055
0.729900
0.558599
1.742987
2.158799
2.115660
-0.574305
3.087591
2.462930
-2.085248
1.570796
-1.612439
-2.356194
-0.331096
-0.428778
0.540420
2.765632
-2.619189
2.142134
1.705118
2.436024
-2.245537
-0.708626
-1.215160
1.348714
-1.194835
0.418224
2.111216
-0.909753
-2.414950
-0.916714
1.975688
-0.726642
-0.076772
-0.746956
0.237836
0.841942
-1.126377
-1.703348
2.214297
-2.732685
-0.369334
-1.165905
2.627141
2.782822
-1.955954
1.460139
-1.506369
-2.332943
2.828691
-1.789465
-0.488334
-2.743070
-1.363300
-2.800614
-0.927295
-0.358771
2.197539
-2.060754
-1.542233
1.731559
-0.661043
-0.088007
1.871717
-3.108272
-0.652847
1.983207
0.785398
0.160763
-1.849096
1.618379
2.010639
0.598419
2.356194
-1.795507
-2.179486
2.475623
-0.837981
-2.651635
2.968347
1.405648
-0.616297
1.756144
0.702257
2.316216
0.463648
-1.490966
-0.809784
-1.203622
-1.119343
-2.772259
-1.841743
-2.459276
-1.529154
1.539556
-0.073939
-0.110657
-0.580003
-1.513716
0.358771
2.224879
2.853537
-1.173717
0.610726
-1.716809
-0.420663
-0.982794
1.822486
-1.859772
