-1.142018
0.215358
-2.297439
1.570796
-0.025635
-2.310771
-2.811295
-1.670465
-0.386876
-0.716542
1.520838
1.910089
0.724250
2.852617
0.351445
-2.692869
1.913820
2.988943
2.333976
2.129396
2.562518
1.457645
-1.570796
2.115660
0.745419
3.141593
0.698660
0.390607
-1.792878
-3.041924
-2.219792
-2.828691
0.628796
-1.044730
2.135366
-1.178456
-1.025141
1.882838
-0.408908
-1.906435
-0.903490
-1.149377
-0.165149
1.039072
-2.462179
-1.705118
2.729182
1.063698
-1.951303
2.089942
-0.421419
0.291457
2.391894
0.580003
-0.209023
-1.712693
1.212026
-1.382575
1.048393
-3.009041
2.455863
-1.000756
1.892547
2.622447
1.368475
-0.892134
2.855541
1.536327
-2.618314
-1.464061
0.449760
-1.212026
-0.953605
0.953605
-2.165556
0.294235
2.891150
-2.356194
2.045807
-2.939271
-1.543026
2.093200
-2.322873
1.359703
0.312042
-0.496423
1.633215
0.463648
2.922924
0.110657
1.182478
0.447520
-1.017502
-1.748392
2.066348
-0.879459
2.442933
-2.139321
1.450173
2.406998
2.126290
1.436475
-2.010639
-2.877629
-0.475011
-0.623199
0.172191
-0.312042
2.882822
-2.677945
2.403778
0.805803
-2.158799
0.704494
-2.750986
2.150799
2.048142
-1.698306
1.373401
0.785398
-2.219128
-1.829567
-2.944197
-1.882838
0.463648
-1.489892
-0.102207
-2.466852
1.227772
-2.944197
-2.422763
-2.720929
-1.418147
2.810497
-3.062809
-0.266252
1.035841
-0.321751
-2.521343
0.564569
-1.299849
-1.288241
-2.714965
0.802940
-0.150371
0.060532
0.785398
0.141897
-0.811034
-0.811034
-1.180189
2.619189
3.115957
0.415492
0.374334
-0.803578
-1.428899
2.020556
-0.057081
-2.430134
-1.917335
-2.627141
-0.636508
-2.658146
0.000000
-1.821799
2.690931
-0.805003
1.910089
2.084402
1.154732
1.681454
0.655696
1.313473
0.698660
2.902361
2.419938
-1.678486
0.602287
2.401618
1.642104
-2.976444
-2.181522
-0.274167
2.932570
-1.631328
-0.614663
2.249459
1.080839
1.352127
-0.888480
-0.839890
2.582993
1.128422
1.519559
-0.594214
-2.001489
0.128323
-2.401618
2.238102
-0.580756
1.623379
1.004067
-0.394791
0.837981
1.319794
1.060308
1.544487
-2.322873
0.807617
2.863293
-2.170847
-2.492597
-0.390607
1.809406
1.703348
-1.485291
1.975688
-0.832981
-1.979704
0.674741
-0.827041
2.478390
-1.039072
2.802300
-1.299849
0.434670
-1.492012
-2.568627
-1.306833
2.214297
-2.949545
0.685730
-0.499347
2.691833
-1.620755
-0.049958
-0.821097
-2.184004
-2.299651
1.373401
-1.876675
2.045196
-0.648996
0.233743
1.841743
2.274410
-3.071938
0.900275
1.753907
2.788602
0.974597
-1.428899
3.141593
0.432408
-1.091277
2.690140
2.732685
0.915101
-0.597177
-1.156289
1.985303
2.219792
-1.881795
2.996283
-0.132552
3.070285
-2.471071
-0.369334
-2.850136
0.982794
-0.428778
-2.546833
1.904041
-0.989416
-2.034444
-1.906435
-1.004067
1.312025
1.520838
0.605545
1.506369
-1.546411
2.312744
-0.721655
2.276365
-2.390664
1.428899
0.263964
2.704965
0.367174
2.782822
1.535097
0.580003
-2.158799
-0.865228
-1.039072
-1.428899
-0.343024
-0.268366
-0.785398
1.232918
1.926432
-0.312042
0.080904
-2.649783
-2.910502
2.607884
1.438245
-1.849096
0.170735
-2.553590
-2.197539
2.219792
0.670522
1.821799
2.022950
0.090660
-1.721168
-1.570796
-0.197396
-2.644250
1.421906
-1.963136
0.785398
-2.626044
1.783735
-0.476467
2.922924
1.647568
1.436475
1.355439
-1.349482
1.069192
1.393200
0.546789
0.321751
-1.759018
1.467715
1.232918
-1.821239
-1.075245
2.629203
-0.266252
-1.871717
-1.597817
0.806672
-2.691833
-2.436024
0.839890
2.976444
-1.670465
2.356194
-1.627877
1.257176
-0.268366
-2.249459
-2.356194
0.026310
-2.229602
0.990040
-1.357858
-1.146602
0.499347
-0.486899
2.374374
1.963136
2.149871
-1.217806
0.179853
2.761086
-1.732171
0.558599
-0.385158
-2.626044
0.887087
-2.677945
-1.227772
0.428778
0.252554
-3.041924
-1.453688
1.219352
-1.750650
2.301703
-2.137526
-2.173084
2.776391
2.332943
1.504228
0.628796
-2.158799
-2.710900
-0.426627
-2.811968
-1.019141
2.120650
0.735440
-0.975386
-0.830821
-1.815775
1.545161
-1.281293
0.000000
-1.301629
-0.507099
2.517570
0.661043
2.956245
2.819842
1.719686
-2.173084
2.766322
1.485291
1.352127
1.196463
0.130827
0.909753
0.404892
0.000000
-2.301703
-2.372066
2.297439
1.644735
1.201463
2.129396
1.180189
-0.258771
1.240499
-1.051650
2.690140
3.014083
-1.269876
1.332960
-2.199593
0.885067
2.749253
-2.491722
-0.785398
0.809784
-0.844154
0.558599
2.880990
-0.103082
-2.870646
-1.881795
-1.597106
-2.880990
-0.526066
-2.077895
2.410686
2.045807
-0.037020
-2.850136
2.956245
-0.919720
-1.653938
0.651077
-2.475623
-1.538549
1.570796
0.145310
-1.074374
-0.876058
-2.755710
-2.422763
-2.752276
-2.667741
-0.749699
1.871717
1.141034
2.462930
-2.493261
2.185459
2.331809
0.339293
-0.976583
0.305879
1.519559
1.184914
-2.852617
0.165149
1.332187
-3.115283
1.739898
-2.007423
-0.174672
-1.808632
-2.694073
-1.201463
-2.181522
0.841942
0.138006
1.612439
2.142134
2.498092
-0.401229
1.543776
0.657889
-2.995580
-0.856706
-1.418147
-1.768192
-2.410686
-1.884417
2.660705
1.039072
-2.219128
2.338015
-0.394791
-2.231839
0.973620
1.004067
-1.692148
1.304544
-1.794273
-3.058451
-0.270947
1.127348
-3.113029
2.074962
1.570796
1.262744
0.854255
2.132718
1.712693
-2.992703
2.286540
0.408908
0.365201
-0.054002
0.197396
0.257324
-2.926235
0.141897
2.972491
1.227772
-2.717398
-1.494024
-0.358771
1.624798
-0.862170
1.884417
-1.862253
-0.815692
2.214297
2.430134
-1.083897
2.717398
-2.425849
2.241318
2.265535
-2.446854
-0.068856
1.673878
-0.540420
2.301703
0.321751
-0.944053
-2.021458
-0.232557
1.786154
0.369334
-2.068139
0.588003
-2.314552
-0.705568
-0.988891
3.070285
0.173246
-2.379446
-2.193996
-0.737815
-1.034985
2.827972
0.887087
3.009041
-2.057696
-2.919511
-2.233999
-0.262995
0.000000
-0.463648
0.712358
-1.845706
-2.356194
-3.030935
-2.995580
2.262133
-1.460139
2.034444
-0.818719
-1.152572
-0.896055
2.829551
-0.141897
2.577023
-1.845706
-1.150133
-2.958482
2.427502
-2.694073
2.236766
-0.493941
1.839964
-0.822418
0.451453
-1.933341
2.677945
-0.251003
-1.537475
1.673878
-0.312901
-2.334921
-0.687671
-1.789465
2.471071
-1.744042
3.114572
-0.412410
1.941688
-0.514451
1.477320
0.548549
1.258754
-2.966920
0.839890
2.174546
2.356194
2.666582
-2.427502
2.129396
-1.203622
1.873681
0.096474
-1.494024
-0.062419
-2.126290
-1.284745
-2.553590
-1.325818
3.116598
2.176341
0.915101
-0.900275
-0.398522
-0.052583
-0.080904
1.783735
1.723446
-0.571337
-0.938047
-2.829551
1.595182
1.262744
0.808650
-1.276562
-1.313473
2.850136
1.570796
-1.501142
2.553590
1.937970
-1.595182
-3.014083
0.224711
-1.416478
0.932477
3.020241
-0.362544
-1.313473
0.156602
2.187093
-2.334921
-2.884269
0.169101
2.269456
2.767259
0.434670
-2.143762
2.245537
-0.313621
1.730709
-1.570796
-1.333948
1.597106
2.539305
-0.728855
-0.588003
0.321751
