-0.116655
-2.279991
-0.400461
0.008777
-0.096438
-0.224443
-0.427566
1.814853
-0.066289
-2.321971
-0.203307
-0.185359
-2.277350
-0.087486
0.038939
-2.319761
-0.124277
-1.288541
-0.032862
-0.245343
-0.069746
-0.202169
-0.193206
-0.151456
-2.250447
-2.444920
-2.247895
-2.325410
1.886132
-0.453262
-0.363665
-2.381020
-2.265677
-0.153735
-0.209839
-0.099166
-0.207216
-0.225207
-0.059826
1.766137
-0.208441
-0.122406
-0.008767
-2.213655
-0.254451
1.880880
0.752382
-0.138138
1.893832
-0.149130
-0.019725
-2.299438
-0.173539
-2.285803
0.037042
-0.019310
-0.092995
-0.199648
-2.253627
-0.373041
-0.178994
-0.188002
-2.179941
0.020031
-2.227096
-0.133102
0.738174
-2.030772
-0.315813
-0.089707
-0.100914
-0.062161
-0.191851
-2.242851
1.744696
-2.365344
0.703126
-0.418584
-0.124136
-2.501339
-0.188330
-0.095512
-0.305704
-2.107877
-2.243504
0.074050
-0.091980
-2.160628
0.665240
0.001336
0.147012
-0.025244
-0.152283
1.870374
-0.139185
-0.106108
-0.036451
1.822944
-0.092681
-0.139744
-0.069264
-0.197183
-0.297107
-2.413139
-0.209307
-2.438072
-0.034693
-0.157989
0.784436
-0.375230
-0.042065
-2.190798
-0.315908
0.080210
-0.414912
-0.108577
-0.121270
1.855540
-0.237846
-0.052193
-0.360994
1.817640
-2.468996
-0.384641
-2.270680
-0.151907
-0.103164
-0.375778
-2.112606
-2.392421
-0.539668
-0.521890
-0.205971
-0.068829
-0.532257
-2.302758
-2.167812
-2.344652
-0.427238
-0.108562
-0.184772
-0.170884
-0.168992
-2.321768
-0.141525
-0.185772
-0.318356
1.975147
-2.156817
-0.106714
-0.166438
-0.134632
0.747480
-2.315004
-2.226376
-0.172778
-0.222142
-0.033072
0.015490
-0.442294
-0.328925
-0.327026
-0.042092
-0.598497
-0.090209
1.898566
-0.117826
-0.119132
-0.169166
-0.228689
-0.313256
-0.190308
-2.113766
-0.253373
-2.315842
-0.081841
-0.072538
1.865470
-0.015701
0.002849
-0.010497
-0.421022
1.854258
-0.080554
0.639130
-2.310952
-0.217101
-0.125441
-2.273947
-0.075940
-0.087460
-0.157059
-0.118388
-2.202670
-0.221719
-0.190769
-0.409327
-0.126821
-0.350091
-0.132985
-0.148362
-2.240159
0.048745
-2.434907
-0.316968
-0.260259
0.122229
-2.253359
-0.395436
0.030734
-0.001292
1.729641
-0.383151
-0.126909
-0.221007
-2.109109
-0.051385
-0.040481
0.026367
-0.356895
0.041414
-0.070569
-0.120539
-0.195637
-0.107587
-0.217944
-0.040216
-0.303770
-0.390739
-0.224489
-0.155076
-0.471114
-2.178744
-0.209860
-0.122576
-0.276288
-0.197780
-0.114159
1.902204
-0.361247
-2.145078
1.785885
-0.195130
-0.147627
-2.335958
-2.206156
-0.164682
-2.463874
-2.240243
-0.122561
-0.108026
-2.204529
-0.164691
-0.481555
-0.345577
-0.029949
-0.079803
-0.018411
0.044410
-0.122977
-0.000064
-0.084000
-0.135748
-0.276151
2.949710
-0.038098
0.057297
-0.408817
-0.193951
-2.404144
-2.115771
-0.165660
-0.433444
-0.091930
-0.166936
-0.208539
1.807182
-0.113316
-0.221372
-2.220754
-0.000734
-2.191648
1.807162
0.023694
-0.098780
-0.119401
-0.485887
-2.204181
-0.067256
-0.046236
-0.045981
0.745684
-0.138210
-2.258612
-0.258245
-0.194660
-0.267716
-0.136826
0.017859
-0.188968
-0.157048
-0.201535
-0.208419
-2.288223
-0.163699
-0.409594
-0.376553
0.055400
-0.046241
-0.300616
-0.066267
-0.415903
-0.351485
-0.112980
-2.259854
-0.197012
-0.115312
-0.134319
-0.275876
-0.216123
-0.162001
-0.412592
-0.292563
-0.300440
2.153111
-0.300140
-2.206593
-0.001218
0.090797
-2.264355
-0.132608
-0.086490
-0.224853
-2.170951
-0.115126
0.063367
-2.206418
1.785670
-0.136252
-0.174475
1.770585
-0.193359
-0.149438
0.038348
-0.323360
-0.181322
-2.152717
-0.343116
-0.381673
-2.263022
0.771109
-0.251842
-0.174021
-0.112511
-2.231796
-0.124670
-0.427682
-0.340347
-0.055152
-0.394935
-0.250434
-0.213850
-0.075065
-2.314269
-0.145950
-0.082580
-0.193500
0.006856
-0.195800
-0.095060
-0.212107
-0.131937
-0.065590
-2.476525
-0.316968
-0.006039
-0.377547
-0.146906
-2.342349
-0.046096
-0.423806
1.911507
-0.063131
-0.167124
-0.152612
-0.226696
-0.546025
-0.170627
-0.034931
-0.127986
-2.245089
-0.354494
-2.442355
-0.078873
-0.443329
-0.077783
-0.142937
0.041034
-0.140806
-0.120384
-0.350159
-2.253640
-0.303072
-0.185372
-0.117516
-2.334229
0.024762
-0.057538
-0.050113
0.013118
-0.189677
-0.390485
-0.027549
-0.113726
-0.025062
2.022926
0.016749
-2.234360
-2.284262
-0.167835
1.749075
-0.450749
-0.138427
-0.045768
-2.124871
-0.041121
-0.250603
-0.137828
-0.181683
-0.113388
-0.107636
0.824141
-0.113618
-0.166965
-0.313380
-2.223171
-0.118010
-0.258573
-2.261797
-2.121277
-0.011169
-2.269097
0.051798
0.002999
-0.397087
1.986238
1.890825
-0.382711
-0.041028
-0.289262
-0.101846
-0.141976
-0.107758
-2.278162
-0.034244
-0.045763
-0.119654
-2.206306
-0.379235
-0.091076
-2.222286
-0.098816
-0.035949
-0.128359
-0.307681
-0.404692
-0.453396
-0.403832
-0.186639
-2.085229
-0.091324
-0.067477
-0.387487
-0.110843
-0.117528
-0.091073
-0.187028
-2.339713
-2.199923
-2.133293
-0.401001
-2.334241
-2.249439
-2.492471
-0.227615
-0.377719
-0.124450
-0.329709
-0.316772
-0.176315
-0.315815
-2.206803
-0.134586
-0.045506
-0.047937
-0.088768
-0.115041
-0.174519
-2.450186
-2.454801
-0.117477
-0.197429
-0.263463
-0.438893
1.831952
0.044929
-2.290850
-0.455407
-0.164893
-0.106784
1.886327
0.106450
-2.289721
-0.182354
-2.162508
-0.379523
-0.402529
-0.139535
-2.329828
0.888295
-0.028617
-0.178708
-0.097057
-2.291551
-0.217726
-0.212525
-0.469532
-0.020740
-2.271322
-0.047816
-0.067802
-0.001988
-2.285095
-0.304660
-2.384199
0.772742
-2.207345
-0.361635
1.845919
-0.168464
-0.106526
-0.132050
-0.184111
-0.017498
0.025820
-0.042197
-0.043059
-0.200463
-0.057072
-0.303325
-0.134169
-0.063907
-0.286848
-0.021275
-0.248970
-2.266610
-0.178737
-2.357119
-0.232819
-0.279792
-2.449706
-0.058665
-2.253615
-0.300949
-2.254712
-0.427047
-0.090924
-0.152873
0.789752
-2.344227
1.835766
-0.393148
-0.102106
-0.091925
0.713331
-2.281270
-2.508686
-0.368060
-0.390438
1.795379
0.071395
-0.269395
-0.106002
0.039282
-2.413471
1.888818
-0.363681
-0.482412
-0.123215
-0.257364
-0.131605
-0.257890
-0.079011
-0.188575
0.794722
-0.182128
-0.123640
1.843519
-0.289555
-0.379812
-0.135624
-0.299866
-0.195349
0.034933
-0.120376
-0.125213
0.010736
1.885426
-0.091951
-0.154190
-0.101822
-0.091039
-0.089174
-0.383797
-0.106523
1.824565
-0.138722
1.852212
-0.322001
-0.005344
-0.210337
-2.284671
-2.195559
-2.300619
-2.135312
-0.472526
-2.336582
-0.109275
-0.160493
-0.040211
-0.440125
-0.138804
-0.077837
-2.262260
-0.164813
1.946206
-0.017216
1.899784
-0.164991
-0.261389
-0.149442
0.744750
-0.151583
-2.227138
-0.200851
-0.131610
-0.061038
-0.206718
-2.187252
-2.067240
-0.102757
-0.218720
-0.370992
-0.172503
-0.312213
-2.151573
-0.084382
-0.236157
0.726817
-0.123374
-0.205242
0.073886
-0.101916
-0.262284
-2.472843
-2.257254
-0.221991
-2.280174
-1.258738
-0.050255
-0.198596
-0.054157
0.011841
-0.323608
-0.457315
-0.168632
-0.084820
-0.006200
1.906753
-0.342491
-0.050781
-0.166515
-0.211181
-0.020401
-0.076538
-0.200713
-0.181222
-0.149713
-0.169385
-0.056903
