-0.223691
-2.283409
-0.000821
1.790629
-0.170614
-0.056513
-2.419935
-0.592184
-1.675479
-0.452978
-0.071637
-0.525401
-0.410563
-2.277399
-0.403023
-0.336571
-0.763859
-0.090315
-0.079325
-0.088763
-2.410512
-0.079996
-0.411943
-0.164682
-0.067337
-0.165084
-0.116867
-0.121471
-0.128509
-2.306377
1.778056
-0.386233
-0.181595
-2.573105
-0.336486
-0.412551
-0.184714
-0.430300
-2.351423
-2.542157
-0.868973
-0.135700
-0.078849
-1.441638
-1.515765
-2.201007
-0.156562
1.891467
-0.377899
-0.088623
-0.115085
-0.045964
-0.172189
-0.075044
-0.153731
-0.047260
-2.226488
-0.102883
0.773252
-0.128125
-0.438785
-0.215328
-0.242992
-3.603816
-2.392555
-0.602161
-0.066703
-0.167252
0.722500
-0.032023
-0.107653
-0.456839
-2.358790
-2.468308
-2.302811
-0.147116
-0.498931
-0.233007
-0.301233
-0.286147
-0.197438
-2.245841
-2.288613
-0.724998
-0.235762
-0.382060
1.752570
-0.431534
-0.348656
-2.527714
-0.220221
-0.125829
-0.158960
-0.143048
-0.628963
-2.218374
-0.384031
-2.718966
-2.193886
-0.358616
1.972084
0.754904
-0.224972
-0.329051
-0.164943
-0.135991
-2.264047
-0.164971
-0.386121
-2.260322
-0.530239
-0.182472
-0.222780
-0.204603
-0.112310
-0.232523
-0.637298
-0.077626
-1.298637
-0.475315
-0.117530
-0.286302
-0.008716
-0.085531
-0.695153
-0.509339
-1.814976
0.763157
-0.257262
-0.245941
-0.154197
-0.227053
-0.148604
-0.095301
-0.085760
-0.219542
-0.149915
-0.336839
-0.059418
-0.410444
-0.298213
0.007340
1.845591
-0.543691
-0.065468
-0.159691
-0.029033
1.873061
-2.308117
-0.099543
-2.330052
-0.151715
-2.639418
-0.359585
-0.183115
-0.269043
2.175166
-0.286251
-0.576902
-0.480244
-0.091728
-0.603198
-0.159404
-2.124114
-2.304086
-0.594947
-0.492274
-0.263943
-0.198864
-0.078038
-0.175128
-0.265247
-0.125897
-0.097414
-0.408238
-0.433490
-0.182750
-0.115585
-0.656807
-0.443988
-0.132586
-0.441177
-0.201118
0.006835
-2.213396
-0.100433
0.715989
-2.238918
-0.164333
-0.103015
-0.069056
-0.283524
-2.326891
-3.069526
-0.380092
-0.505462
-0.334766
-0.256025
-0.543799
-0.418436
-0.524305
-0.169435
1.800170
-0.421462
-0.766640
-0.235827
-0.055357
-2.400968
-0.400129
-0.153694
-0.437353
-1.616210
-0.478605
-2.286259
-2.411655
-0.086508
-0.169784
1.780553
-0.187356
-0.434909
-0.221265
-2.273038
-1.425905
-2.280467
-2.291953
-0.308046
-0.236504
-0.332967
-0.196895
-0.142329
-2.538677
-0.200471
-0.257797
-0.397000
-0.351076
-3.053098
0.001060
-0.395402
-0.060958
-1.598465
-0.265620
-0.169009
1.854555
-2.894468
-0.332253
-0.544374
-0.538611
-0.205809
-0.108477
-0.062325
0.766889
-1.364897
-2.204805
-0.184349
-0.141650
-0.254300
0.746448
-0.091933
-0.195753
-0.245286
-0.385305
-2.681359
-0.612510
-0.195486
-2.321830
-2.792532
-0.131807
-0.404488
-0.142730
-0.115127
-2.197096
0.035370
-2.233856
-2.562982
-0.549094
-0.240981
-0.419223
-0.138214
-2.006352
-2.278117
-0.441548
-0.165285
0.763593
-0.507733
-2.461949
-0.183924
-0.642165
-0.446273
-0.361105
-2.265309
-0.198591
-0.139103
-0.166795
-2.608765
-1.332110
1.724294
-0.457638
1.934138
-2.231495
-0.122957
-0.182145
-0.137278
-0.293920
-0.436876
-1.583167
-0.149373
-2.292620
0.754217
-0.108929
-0.210897
-0.151985
-0.399334
-0.124365
-0.612232
-0.296367
-0.549298
-0.128674
2.004561
-1.268303
-2.269643
-0.250181
-0.074323
-2.490194
-0.192737
-0.128287
0.676965
-0.185669
-0.175937
-0.149262
-2.092321
-0.079706
-0.416195
-2.655034
-0.515893
-2.453597
-0.160478
-2.289733
-3.928544
-0.141003
-0.179548
-2.284618
-0.096760
-1.687454
-0.133078
-0.481355
-2.772127
-0.288498
-2.388808
-0.419115
-1.697586
-0.132052
-1.253538
-2.405159
-0.381671
-0.393395
-2.488959
-0.145397
-0.162566
-0.475169
-0.405103
-0.539192
-0.635316
-0.548305
-2.225916
-2.744417
1.606992
-0.105735
-0.331215
-0.115360
-0.110965
-0.475605
-0.172827
-0.571395
-0.140967
-0.386476
-0.433450
-0.392458
-0.366059
-0.103055
-0.234919
-2.171896
-0.249264
-0.311807
-0.163969
-0.209571
-0.225632
-2.390520
2.347231
-1.619973
-0.206374
-0.217198
-0.054623
-0.422254
-0.338499
-0.205863
-2.259015
-2.290099
-0.462113
-0.474135
-2.397147
-0.070296
-0.446216
-0.264070
-2.518930
-0.188089
-0.158357
-0.582318
-3.093665
-0.112782
-0.186174
-2.455150
-2.306248
1.842137
-1.333447
-0.167805
-0.313219
-0.186963
-2.808331
-0.170877
-0.443789
1.839074
0.766672
-1.555975
-2.491236
-0.351946
-2.223686
-0.167718
-0.503560
-0.437973
-0.376168
-0.110346
-2.485473
-0.336424
-0.215128
-0.110236
-0.148886
-0.178456
-0.154049
-0.761997
-0.402573
-2.038313
1.610766
-0.467200
-0.069688
-0.288578
-3.482968
-0.182525
-0.054561
-0.337606
-0.174550
-0.451602
-2.392954
-0.051428
-0.296751
-0.108854
-2.765095
-0.137838
2.078439
-2.307916
-0.186969
-0.132679
-0.417697
-0.264912
-0.387648
-0.000841
-0.061915
-0.217298
-0.625969
-0.223541
-0.013521
-0.192212
-0.089193
-0.573412
-2.342686
1.754699
-0.429060
-0.241690
-0.204580
-0.356924
-2.275420
-0.508439
-2.383305
-1.654815
-0.686936
-0.141813
-0.182955
-0.409936
-0.203330
-2.869255
-0.136857
-0.205520
-0.135639
-0.207358
-0.199314
-0.506504
0.738942
-2.297551
-0.072785
-2.452860
-1.601490
-0.315934
-0.040511
-0.069369
0.146401
-0.146664
-0.142114
0.736856
-0.310476
-0.341867
-0.949480
-0.131931
-0.071270
-0.190362
-0.253459
-0.180680
-0.102130
-0.207004
-1.523044
-0.450588
-1.272973
-0.240715
-2.409297
-0.206223
-0.581752
-0.184281
-0.109674
-2.141698
-0.443101
-0.575018
-0.478525
-0.398634
-0.460188
-0.381033
-0.116610
-2.159085
-0.196409
-0.078342
-2.173767
-0.634174
-0.379759
-0.106819
-0.133011
-0.393905
-2.451285
1.983349
-0.168256
-0.157066
-0.168392
-2.330678
-0.426106
1.842400
-2.304389
-2.239502
-0.470167
1.841026
1.838757
-0.379397
-1.357921
-0.151283
-0.115305
-0.683506
-0.362407
-0.440788
-2.280568
-0.123681
-0.371908
-0.176870
-0.150910
-0.330469
-0.151296
-0.122064
-2.267562
-2.476494
-2.649253
-0.132441
-0.358364
-2.506037
-0.191854
-2.343765
-0.110820
-0.500420
-0.404905
-2.350271
2.150648
-1.676788
-0.161877
-0.198906
-2.424971
-2.462274
-0.158628
-2.409676
-0.157116
-0.568598
-0.369207
-2.329567
-0.203920
-2.441110
0.462206
-0.471654
-0.325898
-0.142701
-0.024876
1.793145
-0.025189
-0.184855
-0.302253
-0.203274
-0.165866
-1.592138
-0.449703
-0.550475
-0.159712
-0.174759
-0.115814
-0.386739
-0.116398
-0.131429
-2.276432
-0.510497
-0.436094
-0.024143
-3.066727
-2.330566
-0.197404
-2.042997
-1.840671
-0.396024
0.093255
-2.393154
-0.477414
-0.064293
-0.523563
-2.275702
-0.355298
-0.112551
-0.447681
-0.609873
-2.317238
-0.135760
-0.413647
-0.212448
-2.181055
-2.409234
-0.280341
-0.309937
-0.446016
-2.590024
-0.150300
-0.392145
-0.146259
1.862538
-0.293873
-0.125427
-2.371983
-0.134859
1.883588
-0.376277
-1.264297
-0.183711
-0.436594
-1.323636
-0.119543
-0.738339
-0.461808
1.900696
-0.128647
1.729710
-2.674849
-0.438640
-0.356318
-0.128637
-0.606846
-0.344593
-0.426008
-0.218121
-0.158868
-0.280220
-0.454179
-0.850330
-0.587370
-0.104390
-0.133841
-1.592743
-0.280072
-2.297247
1.888520
-2.371761
-0.171932
-0.179463
1.841561
