0.099669
2.788602
-2.446854
-3.009041
2.498092
-2.906048
2.731465
1.801887
-2.944197
-0.970746
2.466852
-1.165905
0.321751
-2.651635
1.030377
1.438245
0.463648
-2.727086
9.560306
0.273009
2.969402
1.067953
2.536048
-1.523213
-2.327631
0.117109
-2.521343
-1.107149
0.528074
1.222025
-1.019141
1.165905
-1.152572
-0.512389
-0.909753
-3.605240
-1.612439
-2.553590
1.435269
0.000000
0.266252
0.000000
-1.051650
-2.240435
0.785398
0.785398
0.785398
1.831399
-2.390664
-0.726642
0.148890
-1.152572
-3.036716
2.034444
2.508844
-1.633215
3.355653
-0.422854
0.726642
-2.231839
0.000000
2.819842
-0.588003
0.482513
-2.896614
-0.817645
2.169215
-1.512041
7.151725
2.205823
-0.732815
1.428899
-0.540420
0.588003
1.490966
2.418613
2.403778
1.343997
2.007423
1.339706
-1.279340
-1.046001
1.778293
-0.197396
-0.348771
0.785398
2.587285
0.755104
2.622447
1.750650
0.785398
3.355653
-1.414194
-2.356194
-2.466852
0.718830
3.290483
-1.088283
-2.677945
-1.529154
-3.729595
-2.386488
0.076772
1.304544
0.412410
-0.815692
-0.152649
-2.850136
0.785398
9.424778
-3.058451
1.438245
2.976444
-2.578276
2.731465
1.222025
2.767259
1.310194
9.424778
-0.753151
-1.913820
1.128422
0.896055
2.455863
-0.674741
1.343997
1.892547
0.000000
-1.067953
-3.079174
1.165905
-2.819842
1.373401
2.312744
2.356194
8.698136
-8.858049
-1.527345
2.015216
2.089942
-0.165149
-1.088283
-0.165149
2.203545
1.878849
9.424778
2.388441
1.919567
-0.302885
2.819842
0.436627
-0.205395
2.907849
-0.548549
2.064738
0.214061
-0.588003
2.446854
-1.107149
0.819867
-0.732815
2.356194
9.379355
2.323948
0.605545
3.107124
0.753151
2.223643
0.876058
0.726642
-0.321751
0.278300
3.070285
-1.004067
-0.574305
-2.000559
-1.876675
2.356194
2.896614
0.179853
-1.913820
-1.451367
-2.565217
-1.670465
3.070285
8.356825
1.199905
-2.034444
-1.435269
1.742987
1.518213
-2.256526
1.919567
2.070143
2.265535
3.232253
-0.960070
2.137526
-1.086318
-0.819867
-0.418224
-2.384758
2.498092
-2.697173
0.083141
-1.784857
-0.244979
-2.634494
2.657115
2.746802
-2.329174
-1.797595
1.712693
1.703348
0.825377
-2.111216
-3.306741
2.846152
-0.519146
1.570796
0.463648
-1.451367
-9.060799
-0.404892
3.329814
-2.855541
-0.927295
1.152572
2.077895
9.560306
-1.405648
-1.784857
1.067953
-1.176005
1.182478
-0.576375
-2.034444
-0.917950
-1.435269
-1.929567
0.086738
4.160734
-1.929567
0.188222
0.785398
1.347320
2.969402
2.601173
-2.786887
2.441700
-0.519146
-2.010639
-2.070143
-1.063698
3.355653
2.245537
3.770389
-2.622447
-0.982794
-0.354706
-0.309703
-0.950547
-1.499489
-0.348771
-0.524796
-0.348771
2.275290
-1.951303
0.837981
2.846152
0.309703
-0.484478
0.950547
0.404892
2.819842
1.012197
-2.677945
2.239086
2.937575
-1.236059
-0.244979
-3.522099
-2.770701
0.367174
-2.452668
1.249046
0.358771
2.659079
-1.390943
2.111216
1.614247
-2.388441
0.982794
2.498092
2.792822
-1.943784
-1.781890
0.308053
2.356194
-0.694738
1.512041
-1.086318
0.103082
3.096169
2.203545
2.498092
-0.334737
-1.441094
-8.742461
2.498092
-1.650626
-1.750650
-0.291457
-1.570796
3.246470
-0.132552
2.677945
2.098871
-0.605545
-0.343024
0.496423
0.484478
3.232253
1.315614
0.571337
-0.674741
-0.305879
1.279340
-2.070143
1.959115
3.349089
2.158799
0.876058
3.026716
-0.348771
-2.659079
-2.528385
2.622447
-1.735945
1.975688
-0.785398
0.909753
0.876058
-2.289626
3.827322
1.570796
-1.022247
0.147078
2.634494
-0.244979
0.273009
1.951303
2.015216
1.365401
0.398522
-2.239086
-1.107149
-1.231504
1.144169
1.837048
-1.929567
-8.317629
-2.077895
-0.463648
-1.304544
1.504228
-0.321751
3.067654
-0.110657
-2.875341
1.525373
-0.970746
0.207496
2.539305
-2.411693
-0.551655
1.723446
1.570796
1.815775
0.927295
-1.453688
0.244979
-2.441700
-0.388319
0.620249
2.034444
0.348771
-2.838708
0.674741
1.304544
1.862253
-3.058451
-0.197396
-1.299849
2.459276
-2.553590
-0.071307
-1.272297
-1.661456
-0.588003
-0.540420
-1.866237
2.356194
2.158799
-0.156602
0.493941
2.857799
-2.976444
0.321751
-2.582993
1.428899
2.134113
-0.188222
-0.141897
2.018316
-2.253113
-2.356194
2.205823
-2.231839
0.380506
0.174672
-1.653938
2.158799
-1.279340
0.090660
2.944197
-0.226799
-1.789465
-2.880990
-1.126377
2.553590
-1.620755
2.418613
-0.463648
0.708626
-0.643501
-1.570796
-0.179853
-1.418147
-0.052583
2.736701
3.605240
3.402195
3.926991
-3.294242
-0.655696
2.223643
0.278300
1.451367
-0.632749
-1.325818
3.046641
-2.125104
-0.904827
-1.975688
0.165149
1.570796
-0.432408
-0.870903
-2.223643
0.418224
3.141593
0.197396
-0.062419
2.089942
-1.905533
-1.398606
0.418224
3.850219
2.697173
1.618379
-0.135528
-9.197979
2.356194
-0.321751
1.789465
4.363618
-1.707863
-0.099669
-0.563316
0.632749
-2.638749
-1.446441
-1.165905
2.289626
2.999696
2.452668
-9.057604
2.697173
2.622447
2.356194
-0.837981
5.010888
2.034444
-0.540420
1.460139
1.951303
3.365069
0.832981
1.134169
-3.522099
-2.846152
-1.499489
-2.441700
-3.050933
-2.214297
-0.094952
2.303611
1.051650
0.372988
2.677945
-0.444419
0.682317
-0.999459
2.034444
-2.485897
2.122451
2.910502
2.768605
-1.742987
-2.863293
-0.426627
-0.674741
2.777614
-3.274144
2.782822
-0.302885
-1.997424
-1.570796
-0.204018
2.356194
0.266252
-2.875341
-1.869295
-1.959115
-1.051650
-1.951303
-1.657535
0.960070
0.321751
2.057696
-1.825979
-0.499347
2.452668
-0.548549
-0.404892
1.768192
-2.408778
-2.034444
2.265535
0.837981
-1.642104
0.083141
-1.784857
-3.061763
1.657535
8.459526
-2.214297
-1.515298
2.169215
2.275290
-0.748378
3.407845
-1.618379
0.982794
1.051650
-0.062419
-1.222025
0.404892
-1.768192
-2.761086
2.196281
-0.885067
0.927295
-2.083186
0.813962
-0.124355
0.896055
-8.961130
-1.398606
-3.204011
-2.677945
-2.677945
-0.388319
-2.475623
-0.620249
-1.398606
-0.038443
1.570796
-3.141593
-1.529154
2.553590
-1.222025
-0.548549
-1.128422
0.785398
1.249046
-0.062419
-0.482513
0.000000
-0.422854
2.111216
1.515298
-1.083897
-1.236059
2.677945
0.817645
-2.408778
1.653938
2.461071
-0.302885
2.214297
2.914794
1.007480
-0.308053
-1.051650
2.034444
-0.512389
-0.577902
2.601173
-0.291457
1.471128
2.868584
0.885067
-0.286051
0.132552
-0.129703
-1.058407
1.869295
2.553590
2.694073
-2.015216
-0.174672
2.714965
-2.181522
0.785398
0.832981
-1.997424
2.896614
-2.279423
0.463648
0.785398
-1.012197
-2.393215
-0.714091
3.419892
1.570796
1.570796
-0.055499
2.214297
2.934096
-3.030935
-1.570796
-1.076855
2.485897
-2.181522
2.170847
-0.410127
1.222025
-3.058451
-0.785398
2.327631
1.249046
0.982794
-1.570796
-2.446854
-0.104877
1.570796
0.614663
-0.043451
-2.226492
-1.570796
2.319174
1.804540
0.620249
-0.982794
0.035699
-1.570796
0.915101
2.677945
-2.422763
0.343024
-1.058407
-8.814052
-0.785398
3.141593
-0.785398
-2.694073
-2.111216
-0.380506
