-0.574305
2.077895
-1.446441
7.701332
1.750650
-0.404892
-1.629552
1.382575
-1.670465
-0.970746
9.571856
-1.107149
0.358771
1.892547
-0.817645
-1.745469
0.418224
-0.828849
-1.993650
-0.043451
1.735945
-2.384758
-1.030377
8.639380
2.158799
-1.107149
1.051650
0.000000
-8.928355
1.051650
0.119429
-0.982794
-1.929567
-1.661456
1.421906
2.982937
-2.753274
-0.463648
2.886410
2.414950
2.111216
2.843094
1.723446
0.982794
0.179853
-0.540420
-0.047583
1.222025
0.086738
3.785094
1.405648
-1.487655
1.279340
-1.570796
2.863293
-0.574305
-0.524796
0.321751
-1.661456
1.480136
-1.325818
1.849096
0.418224
-0.566729
0.927295
7.532231
-0.551655
-1.217806
-2.638749
0.000000
7.116167
-3.288671
-2.439336
3.605240
1.292497
1.969319
1.815775
0.141897
2.798569
1.405648
4.248741
-2.466852
0.588003
1.428899
-0.927295
-1.197809
1.905533
2.034444
2.659079
9.424778
-0.463648
-0.635027
0.708626
0.960070
-1.690225
1.712693
-0.885067
-2.819842
-1.825979
-1.712693
-2.095592
-2.095592
-2.245537
2.699218
0.442374
-0.482513
1.570796
2.488746
2.736701
-0.688924
2.498092
3.098142
2.761086
-2.863293
-8.252504
4.003763
1.435269
-2.999696
-1.212026
2.512796
-0.244979
-2.016902
-2.714965
2.582993
3.316265
-0.418224
-2.356194
2.196281
-1.570796
-1.905533
2.013171
-0.348771
-1.365401
1.435269
1.315614
0.432408
-0.090660
1.012197
-0.519146
-0.844154
0.876058
0.117109
-0.748378
-2.634494
-2.095592
2.792822
2.245537
-2.356194
0.244979
9.658521
0.380506
-2.521343
0.785398
1.789465
2.863293
0.257324
2.601173
-0.524796
2.095592
0.832981
0.380506
-1.056345
2.638749
-0.909753
1.212026
-1.453688
0.528074
0.090660
0.643501
0.722979
9.583433
-0.343024
0.726642
3.660739
2.896614
-1.007480
0.708626
0.099669
-0.218669
-0.825377
-1.197809
-1.412141
0.045423
-3.011890
2.034444
-1.227772
-1.892547
-0.197396
3.682012
-0.661043
0.785398
1.030377
-2.846152
-2.422763
-0.507099
1.618379
0.600050
2.884269
-1.993650
0.278300
-2.137526
1.222025
7.417354
-3.386571
3.926991
0.750929
1.695151
1.959115
2.677945
-1.107149
0.000000
0.233743
0.218669
-2.768605
-0.909753
-1.234122
-2.480549
-1.525373
-0.722979
2.961739
-2.034444
-2.601173
2.622447
-1.212026
-0.442374
-0.404892
-1.428899
1.249046
-1.016489
-0.141897
-2.356194
-0.321751
-2.273053
0.917950
1.063698
2.944197
-0.909753
2.327631
-0.398522
9.511516
0.851966
3.522099
1.212026
-2.480549
-3.212900
-2.245537
2.761086
-0.165149
-0.927295
2.699218
0.278300
2.695487
4.426338
-1.071450
-0.915101
-2.095592
0.336675
0.165149
0.257324
2.089942
0.484478
-2.490516
1.304544
-1.418147
-0.404892
-1.222025
-2.034444
1.423718
4.514993
-2.508844
-2.753274
-2.768605
-2.850136
1.037088
-1.012197
2.530867
2.506566
5.300392
-1.681454
-0.404892
-2.480549
2.455863
-2.601173
-2.521343
9.344948
0.343024
-0.674741
0.295441
-0.643501
-1.046001
-0.049958
0.524796
0.266252
3.386571
-2.677945
1.837048
1.292497
-0.888480
-1.275355
0.336675
-1.400061
-0.970746
-2.169215
-1.993650
1.063698
1.356736
-1.849096
1.107149
0.614663
-2.930499
0.000000
-1.019141
1.784857
0.753151
2.819842
-0.321751
1.471128
1.687905
3.463343
-0.499347
-0.367174
-0.049958
3.054854
2.677945
1.934775
0.321751
-1.144169
1.612439
-1.529154
2.214297
-2.475623
1.373401
1.661456
-2.384758
0.674741
-0.507099
-3.070285
-1.004067
-1.951303
-1.086318
-3.265948
-0.785398
1.527345
-3.338988
0.047583
0.856706
3.050933
1.815775
2.804918
2.516108
0.708626
0.086738
-1.292497
-0.321751
2.459276
-0.851966
1.067953
-1.126377
0.785398
2.158799
-3.265948
-3.761842
0.266252
-2.541542
-1.292497
-2.677945
-0.809784
2.393215
-0.876058
0.463648
1.570796
-0.298499
-1.435269
9.379355
-0.968509
0.321751
0.571337
-1.892547
-1.570796
-0.484478
-1.144169
-2.414950
-0.600050
2.927532
-1.633215
-1.837048
0.244979
-1.428899
-2.073640
-0.574305
-3.306741
-0.600050
-1.776192
-3.306741
-3.407845
2.231839
0.785398
-1.833791
-2.746802
2.539305
0.135528
2.714965
0.339293
-2.634494
1.690225
-0.785398
0.339293
2.578276
-1.487655
-2.181522
-1.690225
-1.249046
0.308053
1.776192
-1.657535
1.080839
-2.414950
-0.463648
-2.446854
-0.380506
-1.892547
-1.980924
-1.292497
-1.828120
-1.206817
2.181522
-0.463648
-2.697173
1.750650
0.600050
2.034444
0.632749
-1.657535
-1.527345
0.000000
-7.390334
-2.390664
2.221873
1.570796
1.951303
2.914794
1.735945
-0.745419
-2.437099
-2.111216
1.612439
0.551655
0.052583
0.982794
-1.107149
0.862170
-1.063698
-0.418224
-2.390664
1.997424
1.022247
-1.067953
0.372988
-2.297439
-1.428899
0.124355
-1.249046
-2.396173
-2.593043
2.214297
2.746802
9.334118
0.000000
-2.231839
1.487655
9.470201
-2.034444
0.358771
0.000000
2.642246
1.700499
2.587285
3.141593
-0.278300
3.141593
2.356194
-2.095592
3.660739
0.938047
-1.373401
3.185044
-0.906750
9.424778
-1.160669
-0.708626
-1.837048
-0.722979
-1.325818
9.282881
-2.303611
-1.825979
1.076855
-0.851966
-1.304544
-0.722979
2.697173
-0.817645
4.068888
1.190290
3.189176
-1.985303
1.837048
1.428899
3.926991
1.815775
-1.614247
-1.789465
-2.806856
-1.428899
-2.119346
-1.690225
1.480136
3.141593
-0.785398
-0.432408
2.804918
-1.735945
1.292497
-2.833540
-0.110657
-1.325818
3.141593
-1.107149
2.034444
-0.643501
0.321751
-2.034444
-0.755104
-1.165905
0.726642
-1.742987
0.785398
2.736701
-0.588003
-0.956133
-1.849096
1.190290
-0.519146
-1.453688
-0.463648
0.540420
-0.588003
-0.620249
0.045423
9.504608
-0.083141
-0.291457
2.239086
-0.588003
-0.076772
-0.367174
-3.605240
-1.264917
2.158799
1.128422
-1.614247
-0.785398
-0.348771
-0.308053
2.634494
-0.643501
2.325901
-3.559817
-1.866237
0.076772
0.132552
2.553590
-1.719686
2.857799
-2.070143
2.393215
1.446441
1.012197
-1.107149
1.249046
-0.291457
-0.756835
-2.293776
0.321751
-0.785398
-2.471954
1.272297
1.107149
0.141897
-0.750929
-2.073640
-0.283794
-1.892547
0.266252
2.782822
-2.761086
-2.297439
1.471128
-0.890275
-1.249046
4.101663
-1.030377
-2.976444
2.936197
-1.951303
2.422763
9.466421
0.917950
-0.436627
-0.994421
3.099950
2.582993
1.144169
-0.463648
-2.777614
3.141593
0.218669
2.761086
-1.729452
-1.203622
-4.353618
-1.438245
3.407845
-2.777614
-1.234122
-2.601173
1.262744
1.862253
0.927295
-1.837048
-0.463648
2.782822
2.526930
-3.241261
-0.896055
0.927295
0.244979
-2.512796
-1.451367
0.881872
-1.523213
9.338040
0.432408
-0.866302
0.588003
-2.386488
1.382575
1.022247
-0.674741
-2.245537
-2.634494
2.432966
2.677945
2.792822
-2.279423
-1.287002
-0.945311
-1.206817
1.735945
-3.252250
-2.284887
-1.471128
-0.086738
1.494024
0.785398
-0.661043
-3.265948
3.313783
2.245537
-0.896055
0.110657
-1.750650
-0.688924
1.527345
1.570796
-0.702257
-0.844154
-2.677945
1.275355
7.210481
-0.090660
2.880990
2.356194
2.480549
-2.432966
2.214297
-0.348771
-0.682317
-1.975688
-1.019141
