-1.677532
2.922924
2.466852
1.380808
0.432408
-1.677532
9.424778
-2.303611
0.668289
1.092444
-2.300696
2.887919
-2.306236
-1.272297
0.114877
2.850136
0.076772
2.906048
1.123276
-9.151769
-0.866302
-1.259798
1.056345
0.463648
-2.432966
0.739975
-1.570796
3.283490
-2.761086
-2.062606
-3.107124
-1.347320
1.249046
1.438245
-1.249046
2.432966
0.321751
1.650626
-0.404892
0.890275
-2.178598
-0.756835
-0.244979
2.383215
-1.570796
2.256526
-2.169215
1.980924
-2.579671
1.249046
-2.306236
0.665969
-0.176709
-2.214297
-2.184004
-0.514451
0.514451
-1.839964
-1.535097
-9.220760
-2.631104
2.853537
1.717875
-0.785398
1.650626
-2.194819
-2.356194
-2.572279
2.414950
-1.602036
-0.093477
-3.141593
2.642246
-1.945130
1.208252
-2.574863
-2.408778
0.840897
-2.283154
-1.774814
0.741947
-1.843805
9.197979
0.309703
0.598419
-1.815775
-0.367174
0.099669
-2.645170
-1.747505
1.797595
0.694738
-1.190290
-2.594804
-2.228685
-1.843805
2.049149
-2.736701
-2.647651
-2.356194
-0.398522
2.062606
-1.387686
-2.283154
1.144169
-1.212026
-0.079830
0.785398
1.871717
1.510264
2.887919
1.607816
-1.989021
-1.905533
-1.607816
2.187093
-0.189988
-1.467715
2.662073
2.169215
1.747505
3.178613
-2.595938
0.870903
-0.588003
-2.490516
-0.950547
0.103082
-0.429762
2.761086
-1.761981
-0.954499
-1.647568
1.797595
-1.352127
2.132718
1.985303
-1.963136
1.387686
-0.546789
9.353470
0.321751
-0.579074
-3.030935
-2.194819
-2.446854
-0.141897
-2.896614
-0.815692
-2.048142
-2.221873
-0.298499
0.912908
0.514451
-0.830821
-0.588003
0.896055
0.463648
-2.406153
0.374334
1.056345
-2.178598
0.482513
2.251318
-2.116451
0.262995
2.077895
2.381830
-2.563691
-1.929567
-1.707863
2.000559
-0.872137
2.129396
2.796037
-1.122073
1.612439
-2.999696
-2.533791
-0.197396
0.205395
1.297788
1.707863
-1.197809
1.933341
1.451367
1.980924
0.429762
-1.707863
-0.896055
2.283154
-0.890275
2.878598
-1.074374
2.187093
0.569313
0.283794
0.358771
-2.761086
0.643501
-0.197396
-1.971037
-0.321751
9.424778
2.270689
-2.779048
-0.732815
-1.042722
-1.152572
1.844964
-2.334921
-1.107149
2.414950
-0.712358
2.649783
0.400241
1.160669
-1.639653
-0.847817
2.408778
-0.298499
2.111216
2.544416
-2.135366
1.945130
-0.226799
2.506566
9.113780
1.937970
2.070143
1.107149
-0.039979
1.824470
0.699893
-0.235545
2.283154
3.030935
1.633215
3.368392
2.677945
1.037088
0.388319
-0.288055
-1.190290
-0.762147
-0.480887
1.335251
2.327631
-0.960070
-0.588003
2.627141
2.207305
0.204018
-1.123276
-0.032247
1.570796
1.774814
-2.887919
-2.517570
0.561922
0.076772
1.824470
0.704494
0.847817
0.236849
2.098871
9.350839
1.428899
0.309703
-2.077895
-0.896055
-2.553590
0.912908
-0.410127
-0.386876
-1.538549
-0.762147
0.086738
2.283154
-0.037020
9.460477
0.890275
-1.902856
-1.136126
1.092444
1.570796
2.050316
2.746802
2.563691
-2.521343
-1.074374
0.832981
8.976055
2.384758
-0.546789
2.525296
9.081754
-0.137066
0.885067
2.613518
2.572279
-0.295441
-0.558599
-2.645170
-2.330559
2.125104
2.000559
-2.380580
1.016489
-1.446441
-1.741532
0.756835
2.283154
-0.664046
-2.525296
-1.712693
2.228685
-2.379446
-2.988943
0.000000
1.176005
-1.644735
1.499489
-2.505084
3.141593
-0.785398
0.076772
0.763180
2.105751
9.457025
1.532354
-1.170556
2.491722
-1.570796
2.187093
-2.731465
-1.965587
9.424778
1.343997
1.183921
-0.152649
-2.451146
-1.467715
-1.467715
-2.626044
0.218669
2.964884
0.446106
-1.460139
-2.589938
-0.343024
1.089909
2.406153
0.165149
1.957672
1.412141
2.297439
3.288671
-1.644735
-2.709185
0.041643
1.904041
-2.904744
-1.633215
2.930499
2.111216
3.038511
2.411693
-0.152649
-2.437099
-0.866302
-0.950547
-1.107149
1.446441
1.066630
0.479519
-1.122073
-2.727086
2.214297
2.446854
-3.099950
2.964884
0.598419
2.455863
0.704494
2.505084
-1.387686
-0.189988
2.275290
1.123276
0.253674
-1.536327
0.038443
-0.704494
0.446106
0.680521
-1.423718
-2.922924
1.165905
-2.425849
-2.003204
0.388319
-0.482513
-2.819842
1.297788
1.916352
-0.906750
0.610726
1.681454
2.512796
1.335251
-2.240435
1.310194
-2.999696
-1.282741
1.807645
9.461798
2.221873
-2.768605
2.332943
-1.975688
-2.528385
0.992894
-0.835357
-1.609239
2.637427
-2.606638
1.190290
-0.147078
0.298499
0.519146
-1.366778
1.723446
0.729900
-1.501940
0.110657
0.205395
0.321751
1.839964
3.183235
2.490516
-2.228685
1.019141
-0.152649
-1.387686
-1.418147
2.381830
-1.750650
-2.279423
2.403778
3.212900
-0.690446
2.293776
-2.329174
2.403778
-1.379612
0.103082
-1.325818
-2.034444
2.607884
-1.858852
-1.387686
-0.034469
-2.050316
-0.367174
1.343997
-1.922241
9.295075
-0.236849
-2.840672
2.964884
1.504228
-1.037088
-1.535097
3.103150
1.149377
3.232253
-0.785398
2.081285
2.982937
-1.237552
-2.709185
2.034444
2.034444
-0.226799
2.207305
0.862170
2.331809
2.283154
-1.261093
1.373401
0.735440
-1.400061
0.189988
-1.570796
-0.429762
0.447520
1.537475
9.202696
1.124691
-2.314552
-2.994514
2.432966
2.562518
-2.308611
-0.982794
2.129396
2.310771
-0.950547
-1.292497
1.530818
2.662073
0.463648
2.201876
2.137526
2.050316
1.735945
1.535097
1.881795
0.110657
-2.647651
-1.012197
-1.051650
0.950547
2.331809
-2.329174
-2.158799
-0.523278
0.000000
3.206019
-2.049149
2.356194
-2.819842
-2.117585
-0.546789
-0.885067
-1.451367
0.880350
3.017238
-1.496857
-2.490516
-1.004067
-0.982794
1.644735
1.060308
-1.307802
-1.797595
-1.352127
1.703348
2.207305
-3.244674
-0.204018
1.074374
2.111216
-1.092444
-0.919720
-0.282555
0.429762
2.414950
-0.906750
9.305349
-2.283154
-3.559817
0.244979
-2.167973
0.558599
-1.464061
3.141593
1.747505
0.815692
1.673878
-1.301629
9.318042
2.117585
-1.807645
-2.480549
1.570796
1.373401
0.855053
2.677945
2.117585
-0.106736
-2.944197
-2.380580
9.287712
2.498092
-2.677945
2.582993
2.356194
0.994421
1.325818
-2.930499
1.993650
-1.170556
-1.156289
-1.681454
-1.808632
-2.381830
0.302885
-2.137526
-2.631104
1.913820
0.000000
-2.187093
2.234842
-2.843094
-0.076772
-2.796037
-1.380808
1.359703
2.256526
0.491809
-1.536327
1.400061
1.768192
3.141593
2.976444
-0.880350
-0.737815
-2.741352
9.577427
1.107149
0.625485
1.768192
2.647651
-2.234842
0.597177
-1.405648
-2.736701
0.106736
2.878598
1.833791
0.332059
2.018316
-0.809784
-2.089942
0.233743
-2.706922
3.107124
0.334737
-2.034444
0.068856
-0.934288
1.789465
-0.137066
-0.785398
-2.936197
-0.607802
0.885067
0.309703
-0.862170
2.300696
0.038443
0.610726
2.601173
0.664046
0.605545
1.494024
1.190290
2.191046
-1.747505
0.674741
2.466852
-0.176709
2.383215
-2.437099
3.105894
2.483704
1.152572
-2.122451
1.605265
0.735440
-0.367174
-0.062419
-0.579074
-2.437099
1.047518
2.000559
0.785398
-1.423718
-2.111216
-0.418224
-1.216091
-0.962994
9.164176
-2.178598
-2.381830
-1.904041
2.310771
2.896614
