-1.236059
1.983207
0.870903
1.428899
2.007423
-0.270947
2.125104
0.223477
-2.768605
-2.677945
0.055499
0.888480
-2.729182
0.665969
-2.356194
2.792822
-0.426627
-0.124355
2.170847
1.951303
-0.896055
2.651635
-2.239086
-0.519146
2.976444
2.034444
-1.396124
-0.117109
0.302885
1.158386
-1.107149
-2.013171
-1.315614
-1.051650
1.825979
-2.203545
0.881872
1.382575
1.249046
1.742987
-1.843805
-1.267911
0.000000
-2.446854
-2.329174
0.519146
2.863293
-2.057696
-1.165905
-0.185348
-0.828849
2.432966
0.722979
1.695151
2.191046
-0.339293
2.034444
1.626295
3.141593
1.856848
0.158655
2.659079
2.539305
-3.067654
1.382575
-1.997424
2.060754
-1.012197
3.141593
0.404892
2.622447
-2.657115
0.000000
-2.870646
-0.436627
-0.165149
-0.668289
0.348771
-1.856848
1.325818
-1.465919
1.453688
1.570796
1.156289
-0.041643
1.653938
1.712693
-1.016489
0.152649
-0.502843
1.453688
2.158799
-1.051650
0.000000
-2.111216
-2.498092
-1.959115
-0.972377
1.570796
0.484478
-1.570796
2.992703
1.267911
2.777614
2.589938
-1.231504
1.107149
-0.588003
-1.841743
0.876058
0.934288
2.657115
2.325901
-0.214061
2.485897
2.645170
1.690225
1.325818
-2.587285
-1.653938
-0.822418
-1.275355
3.006065
2.651635
-1.980924
0.000000
-2.512796
3.141593
2.622447
-1.292497
-0.463648
1.637364
2.485897
-0.938047
1.910089
-1.789465
2.475623
-2.013171
0.000000
-1.837048
2.746802
2.660705
0.049958
-0.037020
2.729182
-0.840897
2.521343
-1.951303
1.759018
0.148890
-0.519146
-0.571337
1.172274
2.329174
2.034444
-0.785398
1.742987
-0.197396
2.356194
-2.582993
2.432966
-2.228685
-0.605545
1.873681
0.165149
-1.527345
2.490516
2.053310
0.308053
-0.321751
-1.727398
0.422854
0.533708
2.053310
-2.060754
0.482513
-1.299849
-1.212026
-2.418613
-3.036716
2.010639
-0.278300
-0.828849
0.463648
1.670465
-0.049958
3.089010
0.982794
1.385448
-0.321751
0.909753
-3.054854
0.339293
-1.412141
-0.917950
-2.984991
2.875341
-0.600050
-2.446854
1.190290
-2.629203
-1.088283
-1.626295
2.437099
-1.570796
-1.441094
3.036716
-1.727398
-2.393215
0.927295
0.674741
-2.441700
-0.039979
1.249046
-1.197809
2.601173
-0.888480
-1.828120
-0.380506
-0.785398
-1.801887
1.080839
-2.711830
0.519146
0.404892
2.782822
2.142134
-2.129396
-1.465919
2.034444
-1.089909
2.308611
-1.460139
-1.297788
-2.638749
-1.570796
2.750986
-2.060754
2.111216
-3.103150
2.951604
2.111216
-1.961403
-1.051650
0.610726
1.475845
-1.690225
0.339293
-0.380506
2.466852
3.024484
-2.806856
1.570796
1.310194
-0.718830
-0.321751
2.966920
2.855541
1.508378
1.626295
-2.214297
-1.650626
-1.236059
-0.052583
-2.199593
-1.176005
1.644735
1.712693
-0.321751
2.768605
1.570796
0.917950
0.868539
-1.441094
0.244979
-1.745469
-2.007423
2.896614
3.141593
1.352127
0.000000
1.637364
-3.030935
-2.273053
-2.966920
0.000000
-0.927295
2.868584
0.576375
1.212026
-1.339706
2.819842
1.453688
1.653938
-2.383215
1.616220
2.753274
-1.687905
0.965252
-0.223477
-1.158386
-0.412410
-1.768192
-2.259721
-1.951303
-0.045423
-0.737815
3.036716
2.396173
2.356194
2.553590
-2.129396
-0.055499
-1.965587
-0.756835
0.519146
-1.471128
1.275355
-2.819842
0.380506
0.039979
2.677945
-2.654693
-1.405648
2.111216
-3.030935
3.086094
2.701750
-0.785398
-0.785398
2.875341
-3.030935
-1.387686
-2.976444
-2.485897
0.909753
1.080839
-2.988943
-0.519146
1.756144
0.904827
1.212026
-2.782822
2.403778
2.574863
-1.650626
-1.904041
-1.352127
-0.576375
-2.927532
-0.862170
-2.753274
-3.030935
-3.098142
-2.601173
-2.922924
2.539305
0.244979
0.083141
-2.855541
-2.111216
-1.833791
1.088283
0.950547
-0.141897
-1.279340
-0.055499
2.533791
-0.412410
3.091634
-2.530867
0.999459
-0.463648
2.396173
-2.173084
-0.214061
-1.910089
-0.404892
-1.046001
2.396173
1.299849
2.015216
-0.574305
-0.605545
1.735945
-1.784857
-1.212026
2.746802
-2.831890
2.390664
2.137526
2.918116
-2.704965
-1.670465
-1.352127
1.570796
0.968509
3.141593
-2.922924
0.632749
0.278300
2.792822
-0.815692
-2.934096
0.197396
-0.558599
2.953371
2.914794
2.750986
2.089942
-1.806341
-0.512389
-2.034444
-2.645170
-0.390607
-0.083141
-1.126377
-0.972377
-1.231504
-2.729182
-1.873681
-3.089010
-3.017238
-3.024484
-0.398522
0.965252
2.753274
-2.498092
-2.214297
-3.026716
0.218669
-2.934096
-1.398606
1.778293
2.432966
2.761086
0.174672
2.007423
-2.067219
-2.651635
-2.140110
-1.446441
-2.221873
-0.851966
2.191046
-2.843094
2.356194
0.741947
2.642246
-0.655696
-2.984991
-1.398606
0.339293
2.327631
2.553590
1.760785
-0.463648
1.784857
0.380506
1.352127
0.398522
1.390943
1.212026
2.833540
0.785398
2.782822
-1.518213
-1.825979
-1.203622
1.854590
1.051650
0.110657
-2.214297
0.785398
-1.661456
-2.231839
-1.570796
3.141593
-1.892547
1.107149
0.076772
1.794273
-3.101614
-2.553590
-1.570796
-1.158386
-1.815775
-0.632749
1.343997
-1.180189
-1.080839
0.066568
0.058756
2.010639
-2.488746
3.086094
0.540420
0.000000
-2.677945
-2.660705
-1.222025
0.463648
0.390607
1.794273
0.463648
-0.665969
3.036716
1.518213
2.601173
-1.843805
2.390664
0.124355
1.438245
-0.574305
1.951303
2.838708
1.910089
-3.026716
1.843805
-3.022164
0.942000
0.817645
0.305879
0.410127
1.512041
2.622447
1.405648
-2.802300
-1.815775
-1.892547
-0.718830
1.261093
-1.056345
-3.050933
3.141593
-0.519146
3.091634
1.363300
-0.699893
-1.892547
2.896614
2.191046
-2.677945
-3.061763
2.411693
2.536048
-1.231504
1.815775
1.086318
-0.079830
-1.681454
0.463648
1.794273
-2.582993
-2.057696
-1.428899
1.337053
-2.490516
1.913820
0.000000
-0.086738
-2.884269
-3.024484
0.519146
2.176341
1.965587
-0.655696
-0.655696
1.067953
-0.632749
3.036716
1.267911
-2.896614
0.960070
0.489957
2.327631
-2.927532
2.578276
0.785398
2.396173
1.980924
-0.380506
1.356736
1.144169
-2.594804
2.279423
2.390664
-0.588003
-3.091634
2.446854
-1.037088
1.446441
0.000000
-2.396173
-0.185348
-0.358771
1.325818
3.101614
-2.466852
2.976444
1.756144
2.439336
-2.129396
-0.086738
-1.180189
2.015216
-1.107149
0.982794
-2.868584
0.244979
-1.441094
-1.058407
2.833540
-0.748378
0.970746
-0.745419
0.380506
1.030377
-0.422854
-0.345556
2.846152
-1.451367
-0.286051
-1.107149
2.886410
-2.327631
-1.876675
2.627141
-1.299849
-1.951303
2.750986
-0.927295
-0.655696
-2.148698
-1.515298
-2.654693
0.358771
-0.463648
2.273053
-1.841743
-1.405648
1.941688
-0.380506
0.753151
2.452668
-2.896614
-0.291457
2.677945
1.815775
0.231091
-1.719686
2.414950
2.111216
1.570796
2.356194
-1.629552
-2.057696
-2.574863
-0.665969
-2.356194
3.089010
1.190290
0.881872
2.896614
2.158799
2.439336
1.943784
-0.363979
-0.205395
-0.179853
-1.231504
-2.073640
-1.876675
-2.475623
-0.785398
1.570796
0.756835
0.982794
1.004067
-0.844154
0.489957
2.226492
-3.054854
-0.856706
0.655696
-1.778293
-0.463648
-0.868539
1.989021
-1.951303
