2.521343
-1.282741
1.275355
0.129703
0.463648
0.625485
-2.221873
2.381830
-0.813962
0.283794
0.129703
-1.197809
-0.607802
1.343997
2.044648
-0.902507
-1.609239
1.487655
-0.388319
0.336675
1.042722
-1.337053
-2.178598
1.904041
-0.972377
-1.335251
-2.070143
2.505084
1.262744
-1.249046
2.994514
0.588003
-2.178598
-1.182478
-0.189988
-1.412141
1.806341
-2.034444
2.896614
-1.272297
-3.017238
-0.732815
-2.498092
2.199593
-0.651077
-1.282741
2.015216
0.982794
-0.380506
1.337053
1.789465
-0.463648
-2.627141
-2.582993
-2.843094
2.473303
-0.651077
-1.124691
1.570796
-1.272297
-3.017238
1.024007
2.746802
-0.363979
-2.553590
1.107149
0.668289
0.000000
-2.067219
2.727086
-0.037020
-2.819842
-2.798569
-2.034444
1.570796
-0.283794
-1.985303
1.107149
-1.530818
2.111216
2.437099
0.785398
-2.774419
-0.563316
0.358771
-2.408778
0.214061
-2.964884
-2.887919
-1.446441
-1.141034
2.796037
-0.152649
1.971037
2.384758
1.916352
0.298499
2.831890
-1.843805
1.570796
-0.927295
1.614247
-2.279423
1.607816
2.782822
2.034444
-3.022164
3.022164
-0.372988
2.530867
0.722979
0.447520
-0.179853
-2.774419
-0.837981
-2.969402
0.141897
1.570796
1.943784
1.249046
1.272297
2.067219
1.997424
-0.528074
-2.231839
-1.685673
0.694738
-1.776192
-2.607884
0.158655
2.521343
3.038511
-2.221873
-1.037088
1.412141
2.270689
-1.160669
-1.446441
-2.831890
-2.461071
-1.607816
2.181522
-1.729452
-0.524796
-1.249046
1.212026
1.222025
-3.072736
3.141593
2.386488
1.387686
-1.107149
0.674741
2.411693
2.868584
-1.088283
3.017238
-2.727086
-1.606495
1.249046
1.854590
-0.141897
-0.812419
-0.218669
-1.869295
1.365401
0.273009
1.919567
-2.070143
-2.736701
-0.896055
-2.782822
1.529154
0.426627
1.373401
-1.074374
-1.190290
-1.499489
1.405648
-1.644735
1.530818
2.265535
-1.390943
-1.644735
2.613518
-2.214297
-2.868584
2.516108
0.041643
-2.085248
0.235545
2.437099
-0.308053
-0.152649
-2.279423
-0.785398
-0.041643
1.905533
-2.356194
-0.309703
1.653938
-0.844154
0.363979
0.837981
2.574863
0.079830
-2.857799
-1.356736
-2.914794
-1.037088
-0.205395
-2.356194
2.051684
0.519146
-2.660705
-2.245537
0.815692
-2.642246
-1.352127
-1.262744
-0.960070
-1.717875
2.741352
2.533791
-0.480887
-2.958482
-0.712358
-2.627141
-3.026716
-2.843094
0.172191
1.609239
-1.866237
-1.980924
2.300696
0.045423
-2.886410
-2.988943
-0.321751
-0.813962
0.214061
2.631104
-2.512796
0.815692
-0.110657
0.994421
2.521343
2.506566
2.245537
-1.107149
3.022164
-2.768605
2.125104
-2.446854
-2.490516
2.231839
-0.496423
-3.026716
-0.429762
-2.137526
-1.037088
-0.446106
0.244979
-0.158655
2.125104
0.124355
2.251318
2.741352
1.892547
0.885067
2.089942
-2.857799
1.607816
-2.645170
-0.812419
-0.919720
1.292497
2.819842
3.141593
3.141593
-1.282741
1.570796
0.418224
2.951604
-2.498092
1.980924
-0.729900
-0.358771
0.870903
-2.843094
2.015216
-2.356194
-0.927295
1.237552
1.535097
-1.398606
-0.620249
-2.768605
-0.588003
-2.741352
-2.831890
-2.875341
-2.906048
-0.334737
1.325818
1.347320
1.980924
0.358771
2.300696
1.723446
3.017238
0.158655
0.574305
1.325818
-1.609239
-2.034444
3.026716
-0.309703
-0.367174
-2.019520
0.610726
-2.275290
-0.982794
1.797595
-2.582993
-1.892547
-2.505084
0.262995
-1.690225
2.553590
1.700499
0.499347
0.755104
-1.843805
-2.455863
0.041643
-1.943784
2.906048
0.414507
-0.919720
0.563316
-0.708626
-1.494024
0.394791
-1.642104
2.300696
1.700499
2.727086
1.570796
-2.951604
-0.815692
-1.570796
-0.308053
-2.297439
-0.643501
-0.519146
0.890275
2.406153
0.083141
-1.685673
-0.321751
-2.327631
-0.533708
-1.373401
-2.073640
-1.126377
2.958482
2.857799
2.976444
0.410127
2.473303
0.119429
-0.226799
1.024007
-1.825979
-0.813962
-2.906048
2.245537
1.825979
1.789465
-3.017238
1.398606
2.782822
0.000000
0.935770
-1.428899
-0.110657
0.992894
-0.308053
-1.815775
2.386488
1.441094
-2.746802
1.530818
1.824470
0.576375
1.126377
-0.137066
-3.067654
-1.609239
2.384758
2.085248
2.563691
2.441700
-2.543174
-0.358771
2.906048
-1.768192
-1.182478
3.034857
-1.607816
2.831890
-0.994421
-1.004067
0.226799
2.660705
-0.917950
1.980924
2.587285
-0.039979
1.335251
-1.985303
2.969402
-0.519146
-2.694073
-0.628796
-0.885067
1.249046
2.863293
-1.287002
0.463648
-1.607816
-0.942000
2.613518
-2.473303
-1.423718
-2.896614
1.661456
0.380506
-3.064821
-0.308053
-1.141034
0.333244
-1.892547
-0.244979
2.279423
2.804918
-1.532354
1.176005
-1.160669
-1.866237
2.239086
-0.759763
2.541542
-2.018316
2.601173
0.295441
-0.429762
-1.165905
0.041643
0.348771
-1.487655
-1.212026
0.756835
-2.796037
-1.653938
-2.976444
-1.533776
0.214061
-1.455920
1.937970
1.815775
-1.301629
2.158799
-2.089942
-0.643501
-2.534605
-2.961739
-0.266252
1.892547
2.051684
1.570796
2.330559
1.570796
-0.588003
0.083141
-3.104573
2.958482
-0.463648
0.308053
2.796037
-1.789465
1.337053
-1.124691
-0.862170
2.806856
2.695487
2.205823
1.126377
-1.030377
-0.554307
1.441094
-2.627141
-1.529154
-2.329174
2.833540
1.695151
0.876058
1.523213
-3.101614
1.373401
-2.297439
2.796037
-0.844154
0.106736
-2.622447
-1.892547
-2.857799
-1.024007
-1.176005
-2.857799
-1.951303
-0.674741
-1.141034
2.327631
0.152649
0.992894
1.614247
-2.111216
2.553590
-1.089909
1.570796
-0.079830
2.169215
1.451367
1.892547
-2.906048
1.088283
1.784857
-2.158799
1.657535
1.965587
-0.674741
-2.896614
1.644735
-1.776192
2.466852
-1.843805
1.570796
1.919567
1.843805
1.905533
1.824470
-0.566729
3.141593
-2.878598
1.902856
2.169215
-3.030935
0.519146
-0.039979
-1.609239
-0.982794
-1.951303
2.677945
0.942000
-2.645170
-0.038443
1.172274
-0.179853
-0.758378
-2.796037
1.784857
1.141034
-1.141034
2.906048
-1.380808
1.412141
-2.843094
-1.609239
1.236059
-1.849096
1.030377
-2.270689
0.000000
-1.487655
-2.741352
-1.753907
-1.107149
-0.870903
-2.293776
1.126377
-2.512796
1.446441
2.016902
0.205395
0.480887
1.089909
-0.363979
1.275355
1.951303
-0.620249
2.961739
-0.912908
-0.147078
-2.944197
-1.056345
0.388319
0.680521
2.999696
-2.512796
-2.016902
-0.558599
-1.004067
0.158655
-0.363979
-2.148698
-2.944197
1.570796
1.380808
-1.753907
-2.677945
-2.553590
-2.516108
-1.380808
-0.533708
-2.819842
-1.343997
-2.572279
-0.643501
-2.530867
-2.796037
-2.214297
-0.079830
-2.239086
2.384758
2.878598
0.758378
-0.785398
2.081285
-0.334737
-1.525373
-1.806341
2.645170
-1.074374
2.969402
1.768192
-3.061763
0.785398
1.570796
2.819842
1.530818
-1.639653
-2.819842
2.727086
0.870903
-0.758378
1.337053
-2.446854
-1.325818
-2.622447
0.172191
-1.929567
2.868584
0.994421
0.726642
2.638749
-0.840897
1.261093
2.944197
-0.962994
0.000000
2.178598
-2.543174
2.988943
-0.755104
-2.498092
0.902507
2.408778
0.038443
1.815775
0.950547
-2.158799
-0.620249
1.275355
-0.463648
-1.225241
0.729900
2.512796
1.107149
