-0.732815
1.929567
-1.468590
10.531927
-1.144169
-2.057696
-1.670465
1.538549
-4.808863
-1.051650
9.367697
-1.107149
-0.429762
0.977446
-0.944053
-1.906435
-0.720554
-1.947706
-1.882838
-0.071307
2.115660
-2.577023
-1.484058
9.643447
-1.035841
-2.203545
2.829551
-1.237552
-10.436975
-0.920375
0.332059
-1.457645
-3.903739
-2.107232
1.258754
3.017238
-3.194176
-0.649870
2.829551
2.006150
1.833791
2.001489
0.479519
-1.735945
-0.352990
-1.272297
0.000000
0.639386
0.000000
3.346988
1.387686
-1.480136
0.041643
-2.645170
2.847358
-0.764125
-0.764993
-0.447520
-2.505084
1.601090
-1.420425
1.570796
0.463648
-1.661456
-0.103792
9.800049
-1.352127
-1.230414
-2.539305
-1.005647
9.012368
-1.789465
-2.805954
3.024484
1.155304
1.911775
1.839964
-1.600200
1.820775
-0.479519
3.395267
-4.000031
0.293589
-0.503626
-1.158386
-1.185639
2.049149
0.706614
2.704965
9.390309
-2.686873
-0.785398
-0.278300
-2.356194
-1.837048
1.756144
-3.866823
-3.926991
-1.795507
-4.493720
-1.945130
-2.149871
-2.437099
2.492597
0.519146
-0.626743
1.249046
2.446854
2.694073
-0.579074
1.997424
2.954613
2.356194
-5.429401
-10.421269
2.878598
1.325818
-5.472152
-2.677945
2.248916
-0.432408
-1.994991
-2.809533
1.282741
1.570796
-0.954499
-3.377838
2.236766
-2.331200
-2.048142
1.992216
-0.375271
-1.699120
1.457004
1.457004
-0.755104
-0.138640
0.380506
0.988891
-0.933248
-1.219352
-0.708626
-0.927295
-2.601173
-2.191046
2.042918
2.310073
-5.644271
0.169778
9.616826
-0.473356
-2.625362
0.362544
1.016489
1.468590
0.121352
2.517570
-0.698660
1.929567
-1.480136
0.394791
-1.288241
2.664247
-1.019141
-0.978099
-2.400941
-0.702257
2.158799
-0.536911
0.785398
9.367697
-0.908067
-2.589938
3.265948
2.782822
-1.071450
0.124355
0.062419
-0.330297
-1.418147
-1.121037
-1.543776
-0.032247
-3.174914
0.864182
-2.164146
-4.215966
2.034444
2.577509
-2.258468
0.674741
0.785398
-2.792822
-2.647651
-1.343997
1.570796
0.588003
0.348771
-2.209116
-0.743756
-5.003846
1.197809
11.780972
-4.635617
3.549224
0.715744
0.155595
1.839964
2.425051
-1.196463
-0.029403
0.331096
-0.124355
-2.828691
-1.418147
-1.597817
-0.487836
-1.602036
-0.721655
2.981680
-2.316216
-3.382127
2.316216
-1.170556
-0.561922
-1.124691
0.685730
0.501013
-1.744042
-0.851966
-3.589738
-0.426627
-2.677945
1.091277
0.785398
2.308611
-1.209593
2.126290
-0.687671
9.515438
0.825377
3.028865
1.107149
-2.819842
-3.586894
-2.140110
2.638749
-0.800322
-4.379145
2.466852
-0.151015
2.399645
2.860360
-1.390943
-2.179960
-2.009133
0.197396
0.099669
0.446106
1.929567
0.237836
-2.579671
1.465919
-2.230106
-0.534955
-1.332960
-2.553590
1.259798
3.352686
-2.916316
-2.651635
-2.944197
-3.113822
1.094329
-2.214297
2.577023
2.184004
3.939648
-2.494201
-1.046877
-2.397837
1.012197
-4.514993
-2.626044
9.397007
-1.815775
-0.545655
0.099669
-2.782822
-1.121037
-0.174672
0.546789
0.191184
1.681454
-1.022247
0.412410
0.226799
-0.927295
-1.249046
0.222082
-1.781890
-0.921801
-2.149871
-2.072400
1.063698
1.366778
-4.501296
0.388319
0.579074
-5.671033
2.521343
-1.627340
1.797595
0.561922
1.989021
-3.648691
1.424784
0.998337
3.514580
-1.024007
-2.463884
-0.088007
3.041924
1.704607
1.922241
0.288055
-1.066630
1.341564
-1.545161
2.149871
-4.153790
0.873406
1.446441
-2.462179
-0.291457
-1.535097
-1.418147
-2.152177
-2.174546
-1.076855
-4.601732
-3.864572
1.428899
-1.993650
0.030294
0.485622
2.844528
1.824470
2.703256
2.589938
0.244979
-0.031240
-1.677532
-1.707863
2.521343
-1.365401
1.076855
-1.258754
-0.197396
0.840897
-4.917784
-4.302262
-1.017502
-2.508844
-1.212026
-2.803714
-1.190290
2.517570
-1.051650
0.493941
0.372988
-1.098674
-1.325818
9.398468
-1.377585
-1.160669
-0.287281
-1.956679
-1.723446
-0.392340
-1.490966
-2.299651
-0.489957
2.703256
-3.536384
-2.202487
0.027020
-1.480136
-2.140110
-0.613207
-4.185762
-0.851966
-2.089942
-3.853950
-5.259178
1.986288
0.763180
-2.020556
-2.887919
2.396173
-0.071307
-0.034469
0.410127
-3.785094
1.415800
-1.054101
0.321751
2.561590
-2.525296
-2.149871
-2.342111
-1.570796
0.113792
1.570796
-1.815775
0.705568
-2.988943
-0.588003
-2.536048
-1.760785
-1.992216
-2.140110
-1.339706
-1.929567
-1.363300
1.220068
-0.864597
-2.677945
1.595182
0.569313
2.019520
0.635027
-1.929567
-1.539556
0.146012
-8.416480
-2.408778
2.122451
1.450173
3.409503
2.646041
1.670465
-1.129617
-2.619189
-3.531301
1.373401
0.511231
-0.127510
-0.183111
-1.239700
3.410760
-1.951303
-0.274910
-2.792822
0.249587
0.957589
-1.047518
0.321751
-2.276365
-2.896614
2.149871
-1.107149
-3.120319
-2.827361
1.107149
4.785430
9.461798
-0.570040
-2.414950
0.681298
9.545402
-2.645170
-0.234723
-1.892547
1.148791
1.540503
2.397837
2.669471
-0.027020
2.736701
1.041207
-2.214297
3.301506
0.463648
-2.449258
3.326941
-1.051650
9.215755
-1.227772
-1.820048
-1.768192
-0.765793
-2.663240
9.217282
-0.698660
-1.761981
0.668289
1.428899
-2.356194
-0.851966
2.850136
-0.901157
3.141593
-1.497756
2.795054
-2.384758
1.691420
3.980992
3.030935
1.823351
-4.003763
-2.446854
-2.916881
-2.434978
-2.608749
-1.678486
0.896055
2.241940
-2.819842
-0.957026
2.809533
-1.997424
1.222025
-2.889903
-2.012389
-2.471954
2.542417
-1.712693
-0.097253
-2.618314
0.176709
-4.413890
-0.804264
-1.046001
-0.593350
-1.808632
0.737815
1.570796
-2.830594
-1.178456
-1.762844
1.208252
-3.770389
-1.916352
-3.172832
-0.997830
-0.571337
-0.845930
-0.035699
9.259629
-0.309703
-1.087349
2.181522
1.664273
-0.361204
-0.715092
-1.604117
-1.301629
1.837048
0.991722
-2.316216
-3.041924
-0.332059
-0.477345
1.570796
-0.596199
2.256526
-3.476329
-1.883698
-0.909753
-0.043451
2.704965
-1.822486
2.677945
-2.265535
0.746457
0.720554
0.716542
-2.398423
1.030377
-0.509592
-0.846546
-2.477546
0.252554
0.000000
-3.117207
2.560836
0.610726
0.000000
-0.830821
-2.009133
-0.876058
-3.816334
-0.544280
0.773053
-3.749395
-2.377468
1.439969
-1.306833
-2.432966
5.049064
-1.224257
-3.808899
2.809533
-2.158799
2.238102
9.487197
0.862170
-1.349968
-1.136126
2.884269
2.341270
1.001483
-0.588003
-2.800614
2.907849
-0.593750
2.665897
-2.015216
-2.177401
-5.442289
-2.786887
2.418613
-3.192830
-1.453688
-2.582993
1.121037
1.275355
0.805803
-2.598115
-2.732685
2.562518
2.397837
-4.750832
-1.025141
0.726642
-1.352127
-3.669667
-1.535097
0.463648
-1.757776
9.227382
-0.390607
-0.785398
3.342547
-2.999696
0.757628
1.208252
-1.467004
-5.597456
-3.556100
1.832916
2.568627
2.880990
-2.999696
-1.513716
-0.991722
-1.457004
1.629552
-4.214567
-2.979755
1.337053
-0.093477
1.054101
0.846546
-0.631079
-4.422885
3.265948
1.389147
-1.034361
0.000000
-2.512796
-0.637549
1.373401
-0.923749
-2.542417
-0.855053
-3.444478
1.015303
9.319901
-0.215358
2.668686
2.057696
0.533708
-3.665512
2.236766
-0.445301
-0.876058
-2.122451
-2.477546
