-0.904827
1.533776
-1.653938
4.101663
-1.259798
-2.220667
-2.221873
1.292497
1.341564
-1.234122
2.863293
-1.428899
-0.694738
0.708626
-1.126377
-2.064738
-0.737815
-2.111216
-2.015216
-0.135528
1.825979
-2.697173
-1.729452
3.974574
-1.107149
-2.536048
2.810497
-1.325818
-4.213042
-1.178456
0.000000
-1.695151
2.074962
-2.300696
1.022247
2.699218
-3.386571
-0.881872
2.565217
1.644735
1.670465
1.943784
0.253674
-1.067953
-0.519146
-1.398606
-0.179853
0.321751
-0.244979
-3.056087
1.341564
-1.614247
-0.176709
-2.810497
2.565217
-0.876058
-0.876058
-0.764125
-2.626044
1.428899
-1.570796
1.428899
0.039979
-2.005467
-0.310998
3.141593
-1.665748
-1.677532
-2.831890
-1.107149
1.107149
-1.975688
-3.075024
2.896614
0.945311
1.815775
1.665748
-1.626295
1.418147
-0.545655
2.896614
2.074962
0.211093
-0.690446
-1.262744
-1.570796
1.776192
0.223477
2.488746
2.953371
-2.782822
-0.856706
-0.545655
-2.512796
-2.015216
1.471128
2.256526
2.167973
-1.975688
1.570796
-2.119346
-2.293776
-2.526930
2.293776
0.321751
-0.785398
0.811034
2.321725
2.567288
-1.128422
1.635223
2.697173
2.149871
0.410127
-4.145660
2.706922
1.264917
0.809784
-2.986596
1.916352
-0.837981
-2.231839
-2.944197
1.093451
1.538549
-1.333948
2.525296
1.929567
-2.510513
-2.119346
1.719686
-0.576375
-1.862253
1.304544
1.165905
-0.610726
-0.429762
0.035699
0.815692
-1.107149
-1.474323
-0.982794
-1.182478
-2.833540
-2.323948
1.853351
1.985303
0.463648
-0.179853
3.058451
-0.478352
-2.808348
0.418224
0.493941
1.465919
-0.129703
2.480549
-0.851966
1.934775
-1.533776
0.207496
-1.428899
2.390664
-1.152572
-1.025141
-2.677945
-1.030377
1.849096
-0.616297
0.643501
2.875341
-1.287002
-2.767259
3.009041
2.408778
-1.335251
-0.380506
-0.094952
-0.600050
-1.741532
-1.249046
-1.794273
-0.188222
-3.386571
0.558599
-2.378413
1.815775
1.789465
2.485897
-2.754717
0.548549
0.674741
-3.098142
-3.176062
-1.570796
1.347320
0.486899
0.000000
-2.480549
-0.685730
1.091277
1.107149
3.926991
1.373401
-2.829551
0.548549
-0.106736
1.727398
2.137526
-1.279340
-0.291457
0.086738
-0.137066
-3.141593
-1.656302
-1.784857
-0.551655
-1.768192
-1.007480
2.609869
-2.386488
2.553590
2.231839
-1.337053
-0.844154
-1.355439
0.643501
0.035699
-1.905533
-0.942000
2.419938
-0.668289
-3.215532
0.745419
0.588003
2.070143
-1.504228
2.055274
-0.755104
2.988943
0.563316
-3.252250
0.996491
-2.843094
2.553590
-2.422763
2.221873
-1.042722
1.750650
2.158799
-0.636508
2.323948
2.761086
-1.637364
-2.414950
-2.356194
0.000000
-0.104877
0.110657
1.907471
0.223477
-2.657115
1.067953
-2.308611
-0.652847
-1.446441
-2.754717
1.284745
3.038511
-3.141593
-2.896614
-3.099950
-3.183235
0.851966
-2.300696
1.626295
2.119346
-2.537843
-2.749253
-1.359703
-2.541542
0.649870
1.690225
-2.753274
2.918116
-2.199593
-0.756835
0.000000
-3.058451
-1.347320
-0.321751
0.358771
0.045423
1.695151
-0.950547
0.278300
0.203045
-1.126377
-1.435269
0.000000
-1.778293
-1.212026
-2.393215
-2.356194
0.888480
1.172274
1.635223
0.183111
0.363979
0.463648
1.965587
-2.034444
1.759018
0.422854
1.695151
2.611377
1.217806
0.737815
-3.141593
-1.310194
-2.746802
-0.233743
2.699218
1.292497
1.665748
0.090660
-1.382575
1.279340
-1.815775
2.034444
1.945130
0.523278
1.382575
-2.677945
-0.674741
-1.919567
-1.428899
-2.259721
-2.231839
-1.262744
1.601090
2.622447
1.206817
-1.892547
-0.141897
-0.052583
2.570255
1.618379
2.506566
2.541542
0.033321
-0.197396
-1.756144
-1.881795
2.205823
-1.464061
0.904827
-1.435269
-0.447520
0.577902
1.365401
1.768192
-1.451367
-2.806856
-1.529154
-3.099950
-1.199905
2.253113
-1.315614
0.233743
0.106736
-1.467715
-1.570796
2.896614
-1.717875
-1.570796
-0.588003
-2.104505
-2.015216
-0.688924
-1.774814
-2.677945
-0.694738
2.659079
2.530867
-2.462179
-0.158655
-1.776192
-2.231839
-0.815692
1.849096
-0.851966
-2.010639
1.975688
1.136126
1.959115
0.563316
-2.055274
-2.907849
2.231839
-0.321751
-0.291457
0.218669
2.273053
1.325818
-1.216091
0.086738
2.293776
-2.926235
-2.265535
-2.660705
-1.945130
0.047583
1.523213
-1.975688
1.083897
-3.484617
-0.674741
-2.654693
-2.009133
-2.158799
-2.223643
-1.570796
-2.158799
-1.525373
0.902507
-1.282741
-2.777614
1.058407
0.404892
1.768192
0.588003
-2.015216
-1.750650
-0.188222
-2.142134
-2.677945
2.013171
1.292497
-2.930499
2.461071
1.520838
-1.394087
-2.736701
2.466852
1.292497
0.170735
-0.363979
-0.397079
-1.390943
-2.850136
-2.207305
-0.704494
-2.804918
0.038443
0.718830
-1.190290
0.223477
-2.578276
-3.141593
2.269456
-1.570796
-3.386571
-3.067654
0.990794
-1.515298
2.999696
-0.616297
-2.530867
0.218669
2.961739
-3.053585
-0.491809
-1.910089
0.934288
1.382575
2.321725
2.521343
-0.426627
2.562518
0.876058
-2.388441
-3.089010
0.321751
-2.645170
-3.185044
-1.128422
2.863293
-1.347320
-2.178598
-1.993650
-0.994421
-2.889038
2.714965
-0.380506
-1.934775
0.262995
1.385448
-2.607884
-1.030377
2.530867
-0.945311
2.663240
-1.642104
2.473303
-2.466852
1.527345
-2.007423
2.638749
1.618379
1.789465
-2.720173
-3.054854
-2.639989
-2.878598
-1.892547
0.637549
2.240435
-3.113822
-1.258754
2.638749
-2.070143
1.007480
-3.058451
-2.194819
-2.782822
2.279423
-2.142134
-0.380506
-3.038511
0.099669
1.570796
-1.107149
-1.570796
-0.785398
-2.053310
0.531724
1.420425
-3.172832
-1.292497
-1.980924
1.063698
2.356194
-2.356194
-3.173840
-1.267911
-0.876058
-1.237552
-0.135528
2.868584
-0.412410
-1.297788
1.969319
1.080839
-0.463648
-1.229817
-1.631328
-1.441094
1.635223
0.819867
-2.613518
-3.141593
-0.588003
-0.484478
1.341564
-0.896055
1.961403
2.240435
-2.104505
-1.219352
-0.400241
2.388441
-1.980924
2.565217
-2.356194
0.674741
0.463648
0.625485
-2.574863
0.785398
-0.813962
-1.016489
-2.526930
0.086738
0.278300
-3.204011
2.647651
0.218669
-0.141897
-0.909753
-2.214297
-1.080839
2.461071
-0.755104
0.478352
2.312744
-2.677945
1.197809
-1.441094
-2.889038
2.976444
-1.398606
2.234842
2.777614
-2.203545
1.980924
2.969402
0.756835
-1.467715
-1.206817
2.541542
1.989021
0.896055
-0.655696
-2.992703
3.009041
-0.631079
2.414950
-1.892547
-2.335789
0.664046
-3.433049
2.425849
-3.564447
-1.570796
-2.792822
1.012197
0.962994
0.635027
-2.800614
-2.772259
2.459276
2.134113
1.301629
-1.325818
0.463648
-1.570796
2.356194
-1.665748
0.068856
-1.892547
2.697173
-0.807617
-1.022247
3.022164
-2.976444
0.372988
0.881872
-1.538549
0.669639
2.455863
1.435269
2.356194
2.638749
-3.180035
-1.570796
-1.165905
-1.614247
1.475845
1.892547
-3.141593
1.373401
-0.352990
0.732815
0.563316
-0.876058
1.690225
-3.236544
1.216091
-1.124691
-0.291457
-2.782822
-0.876058
1.217806
-1.001483
-2.714965
-0.960070
2.691833
0.956133
3.338988
-0.422854
2.240435
1.892547
0.211093
2.261243
2.089942
-0.830821
-1.206817
-2.380580
-2.692869
