3.052937
-2.104505
-2.646041
-0.073041
0.927295
0.424832
-0.912908
0.767856
0.094952
0.658806
-2.084402
-0.444419
-2.103640
-1.037088
1.241747
2.612003
-2.863293
2.455863
2.645170
-1.613324
-1.030377
2.256526
1.234122
2.183334
-2.191046
-0.113792
0.766532
-2.129396
1.959115
-0.439843
2.970857
-2.240435
0.817645
0.334737
-0.080904
2.245537
0.000000
2.657115
-0.540420
0.638914
-0.608689
1.717875
-0.348771
-0.404892
1.815775
2.148698
3.098142
-2.275290
-1.712693
-1.651700
-1.414194
-2.064738
-1.858852
0.927295
3.141593
-2.958482
-1.230414
-1.478040
-1.917335
-0.023805
-2.712815
0.834539
-0.913721
0.726642
-1.916352
2.070143
-2.356194
1.570796
-2.622447
-1.881795
-2.843094
-0.942000
-0.690446
2.034444
-0.273009
2.356194
0.372988
0.141897
0.244979
2.727903
-1.917335
2.786887
-0.699893
-2.044152
0.119429
0.043451
0.000000
2.326791
-2.533791
-1.307802
-2.024135
1.570796
-2.920278
0.648332
0.414507
0.113151
-0.870903
0.262995
-2.075658
-2.067219
2.336589
0.083141
1.929567
0.982794
0.430693
2.261243
-0.919720
2.798569
-2.279423
1.446441
0.588003
-2.944197
-1.892547
1.548073
-0.990040
-1.337053
-0.314232
1.212026
0.950547
-0.433953
1.428899
2.748535
2.574863
-1.843805
2.356194
-1.837048
-1.051650
-1.937970
0.851966
2.982937
2.446854
-0.329050
0.083141
-0.600050
-0.023252
3.107124
-2.896614
-2.848004
1.523213
-2.248916
-3.104573
3.141593
1.879727
-2.896614
1.746736
-2.798569
-1.904041
0.554307
2.782822
-1.076855
1.815775
-1.234122
0.076772
2.300696
-0.811034
-2.403778
-1.225241
1.441094
2.437099
2.234842
1.428899
1.042722
-0.970746
-1.873681
-2.796945
-0.288055
2.137526
-0.475011
-0.556166
-2.169215
1.279340
1.916352
-1.237552
2.507570
-2.177784
-0.485622
0.027020
0.818719
0.270947
-1.841743
0.917950
1.107149
-1.487655
-1.071450
1.951303
-1.000756
-1.951303
1.515298
0.896055
-2.541542
-1.899349
-0.890275
-1.337053
-1.647568
2.907849
-2.493261
0.540420
3.141593
0.223477
2.988943
-0.610726
2.147172
2.765102
-1.892547
-2.064738
1.030377
1.777120
0.066568
-1.989021
-2.498092
0.575425
-0.628796
0.960070
-0.027771
-2.482787
1.343997
-2.662073
-2.253113
-0.927295
-0.305879
-1.834760
0.092756
-3.030935
2.930499
-1.356736
-2.573068
2.761086
1.107149
-1.107149
0.344647
-2.761086
-2.251318
1.701624
-1.138389
2.574863
-2.727086
-0.388319
-1.745469
-2.829551
-0.097253
-2.853537
-0.197396
-0.962994
-2.221873
3.068552
-2.695487
-2.148698
0.726642
-0.413689
2.660705
1.089909
2.662073
-0.410127
-0.472497
-1.056345
1.866237
3.075024
-2.768605
3.141593
-1.902856
3.114572
-2.843094
-0.076772
0.463648
-2.647651
0.970746
-2.293776
-2.034444
1.955954
-0.069655
1.525373
-2.025098
0.000000
-2.677945
-1.225241
2.553590
-2.279423
-0.255182
1.750650
-0.536435
-2.372586
2.835714
1.107149
1.078311
2.843094
-0.960070
-0.870903
1.876675
2.887919
-0.134321
-0.699893
-0.076772
-1.499489
0.232557
0.566729
0.563316
-2.356194
2.073640
1.152572
-2.582993
1.162647
0.643501
-2.137526
2.098871
-0.654571
0.189988
-0.502843
-1.455920
-0.400241
2.831890
-1.772559
-2.872425
0.097253
2.709185
-0.652847
-2.761086
3.004526
-1.499489
-1.854590
2.827361
0.288975
0.674741
-0.785398
-2.245537
2.983824
0.321751
2.988943
1.203622
3.067654
1.232918
0.766532
1.815775
-0.716542
0.000000
2.647651
2.880990
1.190290
1.609239
2.329174
0.732815
1.997424
1.098674
-1.016489
0.201762
-1.073454
-2.034444
-0.566729
0.337878
2.700413
-2.561590
-2.461071
-2.356194
-1.203622
-0.496423
0.691921
-1.170556
2.478390
1.107149
-2.699218
-2.079867
-1.236059
1.156289
-3.017238
-2.356194
-1.712693
0.982794
-1.750650
0.000000
-0.972377
-2.015216
-0.097253
2.930499
-2.625362
0.418224
0.638320
-0.404892
-2.466852
-2.340811
-0.496423
-2.384758
1.916352
0.522403
-0.766532
2.709185
2.381830
-1.642104
1.185639
1.570796
1.480136
-2.896614
-0.035699
-2.270689
3.141593
1.650626
-2.930499
2.164546
2.667193
-3.075024
2.287338
-0.671144
2.003204
2.233999
2.170847
2.268187
-0.206324
-0.079830
1.972025
-1.423718
-1.373401
2.804918
-2.774419
0.255182
0.758378
-0.104877
3.141593
-0.060532
1.951303
1.616220
-1.637364
0.304511
-1.176005
-2.340811
-0.110657
1.180189
-2.944197
0.785398
-2.441700
-0.081452
2.303611
-0.942000
2.887919
2.403778
2.490516
2.612003
-0.463648
-0.358771
0.192048
-0.463648
1.647568
-2.512796
2.125104
1.083897
-1.275355
-2.356194
-1.626295
1.295886
0.982794
2.774419
-2.779863
-2.148698
1.975688
-2.455863
-0.102207
0.235545
0.785398
0.967047
-1.728565
-2.004750
-0.418224
-0.811034
0.165149
-0.886502
-1.287002
-0.812419
0.394791
-0.906750
1.867342
0.000000
-2.430683
-2.414950
-0.682317
-2.782822
2.976444
0.475011
2.808348
-1.156289
1.695151
-2.383215
3.141593
1.695151
-0.849825
1.687905
-0.935770
2.418613
-0.214061
0.785398
0.372988
3.034857
-0.902507
3.064821
2.634494
-0.037020
-2.720929
-2.677945
-1.833791
-1.418147
3.141593
2.826378
0.815692
-0.913721
-2.662073
3.070285
-2.383215
-2.808348
-0.732815
-0.815692
-0.652847
1.182478
3.118341
1.980924
0.000000
1.410034
3.075024
1.762844
2.411693
-2.831890
2.677945
-2.642246
-0.704494
-1.203622
-0.813962
-0.919720
2.526930
-2.484518
-1.594601
-0.049958
3.070285
1.961403
-2.594804
3.035608
0.785398
-0.372988
2.321725
1.325818
-0.868539
2.593043
-2.634494
-2.518393
-2.158799
-1.849096
-2.057696
0.076772
0.902507
1.898916
1.570796
2.000559
2.806856
1.504228
-2.618314
-1.668050
-0.522403
-2.638749
0.165149
0.960070
0.483447
2.669096
0.568525
-0.193211
-0.801790
-0.866302
1.354711
2.181522
-2.744513
-1.091277
-1.681454
1.951303
-0.430693
3.117788
-1.159732
1.618379
-1.520838
-1.277207
-1.337053
-0.942000
-0.104877
-0.620249
2.473303
2.214297
0.398522
-2.988943
-3.099950
2.185459
-1.025932
-2.944197
-1.174355
-1.152572
-1.750650
2.324955
2.286540
2.662073
0.896055
2.958482
-0.463648
3.009041
0.643501
-1.885028
0.519146
-2.241940
2.996283
2.177784
0.548549
-2.819842
-1.862253
0.334737
-0.942000
-0.785398
0.643501
2.062606
2.677945
-0.079830
1.025932
-1.009633
2.193996
-1.176005
-2.219128
-2.239086
-1.078311
-1.849096
1.107149
0.251003
0.724250
2.868584
-2.338652
1.292497
2.356194
-2.333976
1.965587
1.849096
0.452154
2.115660
2.085248
-3.115283
-1.058407
-0.493941
-1.869295
1.596432
1.412141
0.308053
1.789465
0.473851
1.390943
-0.931882
-1.504228
-3.017238
3.141593
1.647568
3.070285
-1.095786
-2.003204
0.614663
1.965587
1.051650
-0.947597
-2.662073
-1.849096
0.732815
-2.990577
-0.785398
-1.412141
2.070143
1.965587
-0.649870
-1.799293
1.975688
1.190290
2.383215
3.141593
-0.090660
0.189988
0.902507
0.581905
0.691921
0.942000
-2.559688
-2.594804
-2.050316
-0.090660
2.521343
-0.022219
0.475011
-1.617274
1.799293
-2.863293
1.317122
3.141593
2.300696
0.485622
-0.043451
2.455863
-1.810028
