2.265535
2.455863
1.453688
-2.143762
-0.308053
-1.184914
-2.356194
-2.459276
1.518213
2.158799
0.745419
1.967238
-2.980830
2.063282
2.614965
-2.493261
-2.152177
1.229181
0.703614
-3.071938
1.325818
-0.463648
-1.042722
-1.436985
3.017238
1.413028
-1.546991
0.268366
2.529055
1.190290
-0.340382
0.957589
0.822418
-0.561163
-2.152177
-0.054002
0.144812
3.064821
2.944197
2.158799
3.056691
-0.647392
1.284745
-1.885028
-2.449258
2.916316
-0.463648
-1.209593
0.726642
2.014245
-2.373737
0.549853
-2.199593
-1.732171
1.170556
-0.385158
-1.957672
1.107149
0.643501
-1.019141
2.299651
0.568525
0.339293
-1.745469
-1.679067
3.141593
0.892134
-1.645656
0.025635
0.678119
-0.588003
-3.045734
-1.336074
2.848004
-2.356194
-0.141897
0.096474
2.859821
-1.549061
2.930499
-0.127510
-2.660705
1.674589
3.025833
0.413689
1.832916
-2.369527
-2.227871
1.212026
0.996491
0.674741
2.443690
-0.697021
3.119857
-2.884269
-2.636731
2.801211
1.070129
0.785398
0.922464
0.212938
-0.614663
2.909036
-3.120762
1.129617
-0.819867
-1.642104
-1.752445
0.736257
1.858078
2.329885
1.820383
-2.045807
2.299651
-2.164546
-0.165149
-0.046478
-1.095786
0.073939
-0.336675
-0.836635
0.418224
-0.721655
2.480549
2.068139
1.951303
-2.107707
-2.829551
-2.665897
2.187988
0.939717
2.914794
2.612003
-2.790865
-1.831399
1.650626
-2.509902
0.329624
1.025932
0.982794
1.026516
-2.178598
-1.162647
2.015216
2.553590
1.658804
1.849096
2.866167
-0.310998
-0.869942
-1.325818
-1.051650
-0.572966
3.044339
-2.514850
0.114877
0.576375
0.052583
2.936951
-3.047531
2.863293
1.286066
0.346539
0.841942
-2.714965
-1.608514
-0.701260
1.281293
-0.785398
-2.580906
-0.439843
-2.795054
2.812543
-0.561163
-0.682317
0.834539
-0.581380
2.736701
0.614663
2.249459
0.314232
-1.256564
-1.712693
-2.034444
1.487655
0.394791
1.876675
-0.343024
0.085505
0.135528
1.886412
-0.375961
0.716542
-2.485897
-1.800701
-0.886502
-1.858852
-1.061204
0.000000
-1.294990
0.113792
2.276995
0.463648
-2.276365
-1.042722
-1.732171
1.385448
1.593015
-0.216085
0.141897
-1.735945
-1.234122
-0.615620
-2.334921
-1.739898
-0.367174
-1.603043
-0.278300
-3.041924
-2.045807
-1.332960
-2.541542
2.381189
2.214297
-2.075658
1.876675
-2.922924
2.187093
2.926235
0.931410
2.743070
-2.993743
0.281232
0.321751
1.979704
-2.622447
-2.667741
-2.992703
-0.345556
-3.022164
-2.140837
0.073939
-0.407632
2.718739
-1.729452
1.668050
2.245537
2.262718
1.994991
1.508378
1.513716
0.547562
-2.896614
1.972667
1.425984
2.688814
2.521343
0.110657
2.677945
-1.249046
0.485622
-1.420984
0.540420
-2.689439
1.314645
1.485291
-1.107149
-0.438859
2.896614
-2.077895
-3.010765
0.269849
-0.571337
2.850136
-2.666582
0.990040
-1.955954
-0.927295
0.674741
1.206817
2.993743
-0.074860
-0.582353
2.819842
2.437979
1.146602
-1.695151
-0.328120
0.918927
-0.110657
-0.480887
1.487655
2.045196
-1.779819
2.696292
2.912361
0.000000
-2.034444
-2.666582
-2.023575
-1.209593
-0.528074
0.367174
-0.752077
0.685730
-2.279423
0.157769
1.190290
1.712693
-2.098871
0.236849
1.030377
-1.388628
-0.340382
1.095786
2.891614
-1.815775
3.030935
-3.119374
0.805803
-2.275290
2.569133
-2.006150
-1.773118
1.093451
0.626743
0.023252
2.928654
2.077895
-2.677945
-2.400941
-0.472122
2.371578
-1.523213
-2.622447
-2.976444
2.877629
2.418613
3.118341
1.240499
0.995372
-1.845706
-2.098871
2.546183
-0.918927
-1.313473
0.674741
0.892134
2.245537
1.071450
-1.527345
0.463648
-1.676781
-2.973386
-1.965587
-0.480887
0.772412
-2.953371
-1.475845
-2.518922
1.995628
0.785398
-1.936544
-1.154732
0.716542
1.162647
1.601090
-1.703348
-1.866237
2.314552
-2.639989
0.668289
0.090660
2.170847
-0.160763
-1.474323
-0.764125
-0.966491
1.033886
0.999459
-0.849141
0.042528
1.846222
-0.994421
-0.119429
-1.595182
1.544487
0.512389
-2.776391
0.051237
-1.400061
-0.115759
0.853785
2.546833
-2.425849
1.144169
0.515549
-2.134113
-0.598419
-0.620249
-1.312025
2.537843
-1.418147
1.460139
-2.657115
2.464206
-0.172191
-1.543776
-1.570796
-3.039386
1.678486
0.152649
1.972667
1.438245
2.498092
0.785398
2.199593
-0.203045
-2.819842
1.190290
0.043451
2.046492
-0.176709
1.649580
-1.943784
-1.545161
0.321751
0.916714
-3.105245
1.642104
2.387434
-2.916316
0.750929
2.498092
0.076772
0.365747
0.743170
-0.218669
2.872425
0.223477
-1.144169
-2.568627
-2.761086
-2.639502
-2.111216
-0.275426
1.886011
2.484518
0.156602
0.886502
1.017502
-1.150133
-0.581380
2.665125
-1.331565
-1.651700
-2.482787
1.241172
-1.533078
1.644735
0.255182
0.000000
-1.540503
3.067654
-0.367174
-0.876058
-0.209640
1.368475
-2.006150
-3.056087
-1.249046
-1.462526
-1.352127
2.191046
-3.030935
-1.665748
1.034985
-3.017238
2.422763
-0.569313
-0.519146
-0.572460
-2.214297
0.044415
1.138389
-2.306236
2.885441
0.553294
0.752077
1.096396
1.249046
-0.418224
-0.968509
-0.620249
2.617673
1.778293
-1.954966
-2.443690
-2.096863
0.351445
-0.755995
-2.739722
0.393058
2.963996
0.483447
0.418224
0.947597
1.069192
-1.405648
0.113151
2.262133
0.597177
-0.732815
-1.496857
-0.632749
1.262744
-1.339706
0.061148
-1.000756
0.634023
-2.689439
-0.124355
-2.463473
1.297788
1.800701
1.992216
2.330559
-0.314758
-1.986288
2.668237
-1.777120
0.250443
0.274910
0.249979
1.349482
2.422763
1.596432
1.873681
0.999459
2.114274
1.497756
-0.558599
-0.068076
2.060754
3.141593
3.007271
1.361773
-0.118490
3.039386
0.178093
2.442933
1.723446
2.706239
0.694738
-2.902361
-2.653259
1.712693
-1.603043
-0.314232
3.023103
-1.033886
-1.744042
-1.279340
-2.526930
2.999696
1.071450
0.502843
-0.454302
-1.073454
3.036716
1.180189
-1.960113
-2.245537
1.190290
2.651635
-0.032247
-2.756988
-1.975688
0.394791
0.608689
3.038511
-1.308676
-1.892547
1.030377
-1.156289
0.982794
1.745469
-2.646041
3.141593
0.825377
0.235545
0.057628
0.710909
-0.612538
0.452778
-0.375961
-2.394637
-2.292451
-2.181522
0.304511
1.921111
-0.435353
-2.756988
0.281232
-1.499489
-1.369479
1.325818
2.003204
-3.097177
0.526066
1.073454
-1.925502
-0.258771
-0.024995
-0.679414
0.913721
-2.287808
1.649580
-1.217806
0.445301
2.238102
0.024995
-2.723368
-1.681454
-2.565217
1.833791
-0.922464
2.142134
-2.878598
1.234122
-1.107149
-1.650626
-0.291457
-1.921524
1.320818
-1.362331
2.890590
-0.582353
1.618379
0.599175
1.530003
1.159732
-2.319174
1.935531
-1.289564
1.622033
-0.094952
-2.111216
1.385448
1.999574
-0.132552
-3.071938
2.165010
-0.938047
-2.622447
2.120650
-1.155304
2.271651
2.370686
-2.745151
-0.540420
-2.373737
0.803578
0.883125
-3.017238
-2.326791
0.740652
-1.892547
-0.206324
1.015303
-1.325818
3.089010
-0.107690
-0.622671
-1.951303
2.779048
1.748392
-0.526066
-2.402316
0.982794
0.026310
1.457004
1.876675
-0.643501
2.521343
2.265535
-2.867933
2.181522
-1.182478
1.272297
