1.776192
-1.946757
1.858078
2.740364
1.249046
-2.565217
0.376490
2.880990
-2.356194
-1.645656
0.368696
1.986288
-0.399515
-3.098142
-2.559688
0.818719
0.596199
2.852089
2.795054
-3.037800
2.907849
0.571337
-0.418224
-1.217806
-2.449671
-2.469986
2.968347
1.523213
-3.064821
-0.558599
-0.904827
3.043866
1.978945
-0.284730
-1.069192
-1.343997
1.878849
-0.883125
2.135946
-1.061725
-0.749699
2.667193
1.439969
-2.422763
-2.907849
-2.957649
-1.086318
0.390607
-2.312744
2.203545
-0.700854
3.089010
2.609869
1.295886
2.193467
0.688924
-1.352127
-2.959424
-1.892547
1.257895
0.218669
0.370891
2.614965
-1.098299
-2.454468
-2.427502
-1.752965
-3.054854
-1.107149
-2.316216
0.150371
-2.753274
-2.922924
2.181522
2.045807
0.654083
2.604682
0.691337
-0.899190
1.119343
-1.961403
0.090660
0.724250
1.416478
-0.736257
2.859821
1.094329
-0.094952
-2.668237
3.141593
-1.721812
1.155304
2.614965
-1.127348
-2.863293
-3.020241
2.047264
-1.226149
-2.408778
0.694738
0.743756
-0.212938
-2.999696
-2.173084
-3.092851
1.485895
1.363300
-2.780389
0.749699
1.935998
-2.439336
1.764008
-0.132552
-0.750929
-0.063743
1.647568
0.244979
-0.113792
1.544487
2.356194
1.240499
0.463648
-1.272297
-0.025635
2.375800
3.141593
-2.255091
-0.389317
-2.412738
0.152649
-2.756988
-3.002953
2.796945
-1.495936
1.022247
2.658146
0.558599
-0.218669
-0.484478
0.256151
2.339247
1.763497
2.231839
1.162647
-1.778293
-2.489724
1.439969
-0.358771
-0.482513
0.169101
0.389317
1.142018
1.424784
0.684295
-0.699893
-1.107149
-2.542417
1.947287
2.394637
0.982794
-1.184914
1.692148
1.716809
-2.488746
-0.497343
-2.003204
-2.622447
1.934775
1.061204
2.980218
2.585426
2.153149
-2.710900
-2.158799
-0.232557
0.043451
-0.927295
3.141593
-0.988891
-1.435269
2.658146
-1.037952
2.689439
1.398606
2.441700
-2.805954
-0.867183
-2.371119
-1.037952
-2.576443
0.485622
-2.273053
-2.245537
-1.302430
0.022723
2.949545
2.580429
-1.906435
-0.851966
3.096169
1.310194
2.338015
0.321751
2.022950
0.595410
-1.093451
-0.626743
0.257324
2.432966
0.990040
-0.900275
-0.356220
-2.667193
2.521343
-2.023575
-1.762844
3.017238
-0.638320
-1.695151
-1.975688
-0.336675
-2.948381
0.314232
-0.876058
2.303611
-0.511231
-2.859821
1.342300
1.892547
-1.545161
-2.480549
-1.302430
0.284730
-2.480549
0.076772
-1.234122
0.117109
2.341270
2.972491
-2.889903
-0.748378
-1.946067
-2.539305
-2.045196
0.665969
0.442374
2.165556
-2.301703
-0.021736
0.549853
-0.740652
0.270947
2.667741
-2.024135
-0.071307
-0.295441
-3.075024
-0.398522
-2.914794
0.000000
1.116952
-1.325818
1.784857
2.553590
0.617191
-0.766532
2.177784
2.984991
1.346085
-0.544864
2.884269
-2.098871
-1.697769
0.339293
-0.160763
2.338015
0.536911
-1.325818
2.827972
2.430134
3.081664
2.183334
0.321751
2.850136
1.687905
0.687671
-0.608689
1.529154
0.724250
-1.048962
-1.913820
0.206324
-2.053310
-0.348771
2.843094
0.313621
-2.511191
0.595410
-0.197396
-2.696292
1.633215
2.654693
-0.085505
0.737815
-2.319174
-1.047518
-1.071450
-0.356220
0.548549
-3.033322
1.935998
-1.397551
2.812543
-2.432966
-1.543776
1.859772
1.570796
0.632749
2.907849
1.394857
1.975688
0.499347
1.464812
-1.808632
-1.963854
1.656302
-0.157769
-1.346085
2.790865
-2.070143
0.046478
-1.320353
2.259721
1.226149
-2.526930
1.264917
0.620249
-2.443690
-2.726101
-1.943784
-1.525373
-1.414194
2.276365
-1.547545
-2.410686
-1.435269
-1.361156
-2.011976
0.711459
2.171870
2.100386
-0.239232
-0.580756
-0.363979
2.474287
-2.254506
-0.258771
-2.001489
1.786881
2.059130
2.255091
1.316428
2.187988
1.745469
-2.003204
2.201198
0.130827
-0.348771
-1.716106
3.092851
-2.268187
1.932526
-0.375271
0.975386
2.089942
-2.165010
0.463648
1.249046
-2.338652
1.716106
-2.450256
0.401229
0.401871
-0.968509
0.401871
-2.748535
-0.352990
-2.443690
2.869447
0.632749
1.512041
-1.592532
-2.034444
2.203545
-1.310194
2.024135
0.022219
0.667306
0.288975
-0.348771
0.936774
2.884269
-1.800701
-1.107149
-0.970746
-0.588003
3.087591
-2.265535
2.410686
-2.653259
-1.331565
1.762844
1.096396
-0.507099
-1.739393
2.636731
-1.543776
-3.006065
2.761086
-1.279340
-1.256564
-1.009633
2.706239
-2.034444
0.832981
2.006150
0.743756
-2.356194
-0.647392
1.020943
-0.287281
1.570796
1.932000
-1.272297
-0.268366
-2.469986
0.482513
1.570796
2.070143
-1.545802
-0.996491
-0.839890
1.864385
-2.677945
1.184914
2.034444
2.209116
-0.574305
0.753151
-2.601173
-0.526627
-0.370891
-0.474400
0.165149
-2.198105
0.532844
-0.185348
-2.218608
-1.718646
-1.657535
1.194306
-1.482140
-1.331053
0.337878
-2.918116
2.254506
-1.484058
-1.675673
-0.900275
2.043703
2.025098
-2.642246
2.802300
2.834547
-1.959115
-0.687671
-0.135528
1.453688
0.906022
0.418224
1.497756
-1.768192
-0.976583
-1.009633
-1.859772
-1.226149
-1.866237
0.558599
2.707639
-2.224879
3.007271
-1.463106
2.852617
1.232918
-1.596432
2.811968
-3.092851
2.341703
-2.262718
0.844154
-0.694738
2.253113
-1.405648
-2.257921
-1.927016
2.193996
-1.462526
1.978428
1.926432
2.129396
0.475011
1.452306
2.414950
1.263751
2.493261
2.725528
-1.695151
2.373142
-1.815775
-1.681454
0.408149
-1.128422
3.017238
-2.889903
-0.643501
3.095115
-1.991460
2.521343
-1.739393
-2.203545
-2.386488
0.687671
2.356194
-1.727398
-0.801790
1.593015
2.077895
1.304544
-0.818719
1.951303
-0.023252
1.937970
-2.726101
0.617191
-0.376490
0.628796
-2.312744
-0.580756
1.243058
-2.080389
-0.021736
-2.852617
2.254506
0.367174
1.858078
1.017502
-0.404892
2.171870
-2.506566
-1.929567
2.391894
-2.615526
0.000000
1.094329
-1.981861
-1.832916
-2.158799
-0.239743
2.887225
3.141593
3.098142
0.453339
-0.224711
-2.916881
-1.118642
-2.560836
-0.769006
-2.605157
-2.666582
0.942000
1.651700
-0.663203
-0.927295
-2.787595
-2.761086
0.024995
3.141593
3.141593
1.107149
-2.560836
1.883698
1.937970
0.141897
-2.855541
2.668237
0.883125
-0.612538
0.027020
-2.319174
-2.066348
-1.723446
-1.815775
-2.022950
-2.625362
1.665748
-2.442933
-2.397837
2.803714
-2.798569
-0.185348
-2.466852
-2.508844
0.566729
0.803578
-0.572966
-1.428899
-1.878849
1.967238
0.463648
-1.649580
2.647651
1.140104
2.928654
-0.044415
2.965653
2.712815
2.470449
-2.356194
1.249046
1.441094
0.022723
-2.944197
3.115957
-3.091634
-3.020241
2.393215
-1.241172
1.972667
-1.846222
-1.618379
-2.992703
-2.341270
-1.570796
-0.536435
-1.310194
-0.927295
2.532903
1.134169
2.466852
-2.457298
1.598567
1.020943
-0.674741
-0.065125
-1.030377
-2.511191
-0.862170
-1.450173
2.536048
2.828691
1.107149
2.574863
-1.689286
-0.452778
-2.866683
-0.485622
-0.263964
-0.110657
-2.902983
-1.727398
2.209116
2.009133
-3.014620
-2.636731
1.864385
-0.750929
0.802940
-3.006065
2.297439
-2.516108
-0.463648
1.107149
0.426627
-0.770474
3.014083
-2.056418
-1.735945
1.649580
-3.090355
-0.927295
