-0.946161
1.845706
0.885067
1.492525
2.229602
-0.047583
2.101570
0.363147
-2.569133
-2.688254
0.239232
1.269177
-2.596729
0.837981
-2.289626
3.050933
-0.183111
0.049958
2.330559
2.102520
-0.653636
2.733444
-2.016902
-0.262995
2.996283
2.165556
-1.128422
0.073041
0.298499
1.159732
-1.155304
-1.892547
-1.255181
-0.998337
2.060754
-2.098871
1.074374
1.608514
1.292497
2.001935
-1.741532
-1.107149
0.329624
-2.188941
-2.129396
0.694738
3.010277
-1.826948
-1.016489
0.048742
-0.691337
2.521343
0.772741
1.908675
2.303611
-0.272146
1.999574
1.620755
-3.117788
2.045196
0.304992
2.764683
2.589938
-2.848406
1.508378
-1.862253
2.256526
-0.836202
-3.119857
0.631691
2.642246
-2.632522
0.076772
-2.834547
-0.268366
-0.188222
-0.593003
0.785398
-1.778293
1.452306
-1.241747
1.475845
1.597106
1.091277
0.214815
1.771751
1.873681
-0.821527
0.183111
-0.185348
1.524318
2.177784
-0.876058
0.244979
-1.880499
-2.221218
-1.717875
-0.832981
1.698306
0.631691
-1.455037
3.141593
1.410034
2.791278
2.644250
-1.128422
1.176005
-0.420663
-1.845706
0.953605
1.017115
2.634494
2.395136
-0.018866
2.588298
2.859038
1.869295
1.570796
-2.432966
-1.552280
-0.643501
-1.141034
-3.063322
2.765632
-1.933943
0.208465
-2.250705
-2.913096
2.951604
-1.125495
-0.350728
1.675673
2.553590
-0.769006
2.075658
-1.594601
2.567288
-2.006150
0.073041
-1.670465
2.853537
2.970857
0.168597
0.211093
2.796945
-0.873775
2.634494
-1.727398
2.007423
0.197396
-0.408149
-0.475011
1.425984
2.440333
2.045807
-0.643501
2.001935
0.033321
2.413603
-2.559688
2.540519
-2.134880
-0.452154
1.941688
0.268366
-1.339706
2.647651
2.111216
0.507099
-0.078784
-1.504228
0.799096
0.723748
2.341703
-2.023575
0.694738
-1.147942
-1.025932
-2.121182
-3.009041
2.139321
-0.019228
-0.694738
0.682317
1.821239
0.042528
-3.073516
1.194835
1.595791
-0.193211
1.020410
-2.996780
0.442374
-1.186627
-0.740652
-2.896614
3.086094
-0.267910
-2.251318
1.570796
-2.526930
-0.851966
-1.497756
2.741352
-1.551568
-1.231504
3.070285
-1.617274
-2.403778
1.274251
0.835357
-2.356194
0.186487
1.263751
-1.197070
2.699218
-0.832981
-1.804540
-0.232557
-0.647392
-1.698306
1.085174
-2.543834
0.588003
0.540420
2.961739
2.070143
-1.942864
-1.181480
2.210566
-0.896055
2.295046
-1.401695
-1.091883
-2.422763
-1.428899
2.869447
-2.068139
2.165556
-2.947634
3.038511
2.389515
-1.821799
-0.901753
0.635838
1.611590
-1.460139
0.321751
-0.148890
2.608749
3.017238
-2.652740
1.719686
1.393200
-0.681298
-0.174672
2.999696
2.848004
1.668050
1.594601
-2.129396
-1.498197
-1.099019
0.023252
-2.296026
-0.847048
1.902856
1.745469
-0.151015
2.933127
1.643837
1.125495
0.956133
-1.231504
0.502090
-1.665748
-2.034444
3.088072
-3.122364
1.369034
-0.094061
1.705118
-2.930499
-2.185459
-2.939271
0.065125
-0.699193
3.107124
0.825377
1.382575
-1.138389
2.935269
1.594601
1.720609
-2.332943
1.820383
2.764683
-1.421906
1.075245
0.218669
-1.030377
-0.165149
-1.725115
-2.034444
-1.871717
0.356220
-0.486899
3.044339
2.478390
2.511191
2.657115
-2.044648
0.000000
-1.807645
-0.694738
0.543478
-1.369034
1.444204
-2.502207
0.519146
0.218669
2.850136
-2.597312
-1.263751
2.338652
-2.957649
3.070285
2.805954
-0.522403
-0.568105
2.982937
-3.023103
-1.019141
-2.835714
-2.560836
1.123276
1.107149
-2.944197
-0.610726
1.852568
1.022247
1.523213
-2.741352
2.508844
2.572279
-1.225241
-1.815775
-1.298650
-0.566729
-2.669471
-0.657075
-2.594804
-2.796945
-3.083964
-2.493261
-2.869447
2.616797
0.274910
0.144442
-2.677945
-1.856848
-1.839964
1.330262
0.976037
0.062419
-1.174355
0.094952
2.677945
-0.268366
3.141593
-2.431054
1.152572
-0.455101
2.389515
-2.115077
-0.149812
-1.810028
-0.147078
-0.883672
2.425051
1.401695
2.384758
-0.502843
-0.574305
1.804540
-1.570796
-1.133005
2.647651
-2.790148
2.476818
2.404936
3.104573
-2.699218
-1.679067
-1.308676
1.497756
0.989416
3.046641
-2.667193
0.785398
0.453339
2.831890
-0.665969
-2.907849
0.435353
-0.495552
3.103875
-3.072736
2.925508
2.165556
-1.494024
-0.321751
-1.852029
-2.544932
-0.433953
0.037718
-0.862170
-0.714091
-0.976583
-2.733444
-1.852568
-3.006065
-2.951604
-2.902361
-0.225277
0.953605
2.925042
-2.578276
-2.191046
-2.686142
0.321751
-2.891150
-1.142532
1.831399
2.484518
2.896614
0.361729
1.989021
-1.963136
-2.532903
-1.933341
-1.225241
-1.874797
-0.639386
2.186416
-2.776858
2.339247
0.694738
2.831890
-0.566729
-3.002953
-1.200890
0.548549
2.694073
2.591739
1.941688
-0.284730
1.965587
0.463648
1.502720
0.704494
1.670465
1.338239
2.852089
0.853785
2.980218
-1.382575
-1.739003
-1.125495
2.018316
1.289024
0.145310
-1.820383
1.002272
-1.570796
-2.097424
-1.277207
-3.037800
-1.673878
1.212026
0.418224
2.007423
-2.883340
-2.316216
-1.352127
-1.107149
-1.772559
-0.453339
1.570796
-1.107149
-0.982794
0.113792
0.207496
2.044648
-2.175102
-3.118869
0.685730
0.148890
-2.756988
-2.582993
-0.919720
0.513606
0.544280
1.880499
0.606988
-0.519146
3.119374
1.616220
2.677945
-1.789465
2.460294
0.177596
1.495936
-0.570040
2.068139
2.902361
1.899846
-2.955106
2.184566
-2.930499
1.033210
1.071450
0.353997
0.502090
1.723446
2.609869
1.460139
-2.739722
-1.723446
-1.777120
-0.615620
1.423718
-0.824340
3.121987
-3.099065
-0.288975
3.098142
1.593520
-0.669043
-1.826948
2.959424
2.204819
-2.546833
-2.797374
2.440333
2.553590
-1.046001
1.867342
1.273732
-0.037020
-1.663553
0.614663
1.983207
-2.474287
-1.993650
-1.342300
1.380808
-2.177401
2.070143
-0.037718
0.133811
-2.736701
-2.999696
0.682317
2.338652
2.167973
-0.398522
-0.682317
1.335251
-0.575425
3.052937
1.354711
-2.777614
1.161359
0.361729
2.127396
-2.761086
2.860755
0.922985
2.634494
2.343208
-0.220829
1.588976
1.359703
-2.481964
2.387434
2.325901
-0.329624
-2.939830
2.689439
-0.948493
1.647568
0.131315
-2.204819
-0.207496
-0.202322
1.637364
-2.979394
-2.466852
3.141593
1.815775
2.498092
-2.055274
0.000000
-1.002272
2.144237
-1.002272
1.079633
-2.924719
0.407256
-1.495467
-0.917950
2.887225
-0.540420
1.158386
-0.574305
0.531724
1.009633
-0.358771
-0.218669
3.141593
-1.289959
-0.239232
-0.996491
3.103875
-2.193099
-1.777120
2.798569
-1.220068
-1.718646
2.860360
-0.840897
-0.428778
-1.865526
-1.349482
-2.616797
0.537285
-0.330297
2.320495
-1.686556
-1.325818
1.934775
-0.124355
0.702257
2.498092
-2.610819
-0.103792
2.576443
1.994465
0.321751
-1.570796
2.732155
2.124091
1.644735
2.474287
-1.570796
-1.984486
-2.539305
-0.671144
-2.340323
3.141593
1.338239
0.859887
2.964884
2.231839
2.507570
2.018941
-0.099669
0.000000
-0.035699
-1.046001
-1.874797
-1.725115
-2.373737
-0.708626
1.620755
0.982794
1.107149
1.033512
-0.512389
0.588003
2.393215
-2.789548
-0.671144
0.749699
-1.593015
-0.274910
-0.849825
2.082027
-1.706324
