-1.165905
1.878849
-0.870903
0.179853
-1.455920
1.487655
0.099669
-0.348771
-2.976444
-2.792822
-1.446441
2.638749
-2.459276
-2.553590
2.289626
-0.255182
0.524796
-2.863293
2.185459
1.657535
1.275355
-1.490966
-1.441094
2.214297
-0.158655
-2.731465
0.214061
0.888480
0.380506
1.614247
2.506566
-2.480549
1.825979
-2.480549
-2.170847
-2.553590
-0.819867
0.902507
2.000559
1.373401
-1.484058
0.994421
0.785398
0.197396
2.601173
-2.835714
1.206817
-2.265535
1.016489
-0.694738
-2.521343
0.244979
-1.484058
-1.866237
-1.182478
1.292497
0.726642
-1.315614
1.487655
-2.297439
-2.000559
0.927295
-1.222025
-2.731465
-2.297439
-2.388441
0.086738
-0.732815
-1.570796
1.969319
-1.520838
3.054854
-2.896614
1.405648
-1.681454
0.661043
-1.943784
2.196281
1.866237
-3.236544
3.096169
1.843805
-0.888480
-1.356736
0.156602
-1.980924
0.348771
-1.880499
-1.071450
-1.435269
0.755104
-0.298499
2.642246
1.969319
1.570796
-2.327631
1.435269
0.310998
0.514451
2.657115
-2.125104
0.996491
-2.327631
2.073640
-2.356194
-1.776192
-1.398606
1.287002
-1.484058
-0.614663
-0.610726
1.653938
-2.677945
-0.588003
-2.279423
-1.016489
-3.178613
0.049958
2.111216
-0.295441
0.722979
-3.183235
-0.722979
-2.077895
0.574305
1.919567
0.444419
0.881872
-1.365401
3.022164
-2.111216
-1.828120
-0.352990
-1.706324
-0.463648
-2.914794
1.675673
-3.096169
-1.063698
-0.321751
0.574305
2.147172
-2.111216
-2.051684
0.935770
1.086318
1.225241
-2.808348
-2.530867
-2.231839
-2.714965
-0.041643
1.297788
2.936197
1.088283
1.190290
2.819842
-0.502843
-2.034444
-1.261093
-0.119429
0.815692
-2.819842
-2.846152
-0.680521
-3.183235
-2.199593
2.833540
1.712693
0.625485
-2.736701
-1.347320
0.479519
-1.937970
-2.490516
-2.731465
-1.530818
0.404892
1.892547
-2.070143
0.519146
1.107149
-2.158799
2.073640
-0.674741
2.553590
-0.982794
-2.906048
-0.718830
-0.496423
-0.278300
-2.786887
-2.731465
-3.215532
0.699893
-2.480549
0.124355
-2.325901
0.817645
-3.105894
-3.101614
1.525373
1.465919
-2.386488
1.182478
-2.782822
1.249046
0.950547
-1.523213
1.490966
2.418613
-2.300696
1.862253
0.699893
-2.792822
2.530867
1.657535
2.541542
0.321751
1.490966
-2.718739
-1.435269
1.892547
-1.907471
-2.085248
1.989021
0.148890
-2.741352
-0.041643
-1.307802
-0.726642
0.129703
2.057696
0.114877
-1.352127
0.502843
-2.356194
1.144169
-0.244979
-2.833540
-0.753151
2.147172
1.039072
-3.061763
2.158799
1.849096
0.205395
-2.383215
1.609239
-0.214061
2.731465
-2.677945
1.382575
-2.819842
-1.046001
0.295441
1.249046
-0.370891
0.722979
0.668289
2.736701
1.934775
-2.506566
0.165149
1.794273
3.050933
0.090660
2.034444
2.111216
-2.297439
1.530818
1.428899
-3.103150
-2.191046
-1.742987
-0.233743
-1.532354
-1.067953
-1.612439
-1.919567
1.833791
-2.516108
2.498092
-1.690225
0.043451
-0.694738
1.959115
-0.856706
-3.398916
-1.063698
2.383215
-3.141593
2.677945
2.488746
-0.291457
-0.694738
-1.222025
-0.283794
2.077895
-1.126377
-2.731465
1.176005
2.516108
2.383215
-0.815692
-0.090660
2.289626
-3.101614
-2.714965
1.975688
1.614247
-2.259721
2.697173
-0.502843
1.414194
-0.083141
-2.270689
0.945311
0.548549
-1.616220
1.264917
1.878849
-2.782822
-0.135528
2.961739
2.191046
-2.034444
-0.815692
2.863293
-3.141593
2.736701
-0.444419
0.083141
-2.259721
-1.496857
0.482513
1.046001
-3.058451
2.642246
2.936197
1.067953
-1.815775
2.170847
-2.147172
2.516108
-1.612439
0.334737
-0.935770
1.620755
1.612439
-2.117585
-0.188222
0.994421
-1.612439
-2.530867
0.266252
-2.634494
0.819867
-1.004067
1.299849
0.094952
-1.182478
-2.512796
0.785398
2.015216
-0.298499
-2.466852
2.843094
0.484478
-1.347320
0.444419
-0.896055
2.697173
-1.843805
2.578276
-2.303611
-1.797595
2.958482
-0.643501
2.944197
-1.304544
0.426627
0.858439
-0.188222
-1.614247
1.849096
-3.011890
-3.067654
-2.746802
1.304544
-2.181522
-0.566729
2.147172
1.784857
1.862253
0.756835
0.817645
2.516108
-1.650626
-1.382575
-2.231839
-1.356736
-1.570796
-0.540420
-0.576375
1.729452
-2.906048
0.000000
-0.291457
2.095592
-2.245537
-3.180035
-1.124691
0.205395
0.197396
-0.945311
2.761086
-2.446854
2.437099
1.529154
2.185459
-2.953371
0.278300
-1.405648
2.601173
-2.782822
2.466852
2.356194
0.372988
-2.303611
-0.336675
1.825979
2.819842
2.451146
2.727086
-0.223477
-2.660705
0.041643
0.152649
-2.543174
-0.165149
-1.487655
0.927295
2.601173
-2.356194
0.165149
1.570796
-0.835357
-2.541542
-2.777614
2.473303
-1.525373
3.058451
1.222025
-1.690225
1.614247
0.270947
-1.806341
-1.610775
-2.070143
-0.554307
2.284887
-3.141593
2.677945
-2.565217
-3.141593
-0.094952
1.570796
-2.677945
-0.674741
0.363979
-2.323948
-0.482513
-0.661043
1.527345
-0.851966
-1.854590
-0.896055
-2.506566
1.004067
0.950547
-2.831890
1.313473
2.239086
-3.017238
-1.951303
0.699893
-0.189988
0.000000
-2.070143
-2.677945
-3.101614
1.144169
1.365401
2.516108
-2.104505
2.819842
2.654693
-0.372988
-0.039979
0.321751
0.308053
-1.501940
0.052583
0.463648
-2.634494
2.259721
-1.086318
0.726642
1.530818
-2.565217
-0.718830
-3.017238
2.526930
0.321751
0.446106
-2.303611
3.026716
-1.152572
-0.945311
-1.234122
1.529154
0.463648
0.682317
-2.390664
1.620755
-2.329174
-2.846152
-0.119429
2.356194
-0.345556
-2.386488
-0.270947
0.722979
-2.516108
-2.878598
1.267911
-0.244979
-2.158799
0.643501
1.267911
1.275355
1.527345
-0.404892
-2.677945
-3.050933
2.622447
1.570796
0.442374
-0.610726
1.484058
1.275355
1.107149
-0.372988
1.212026
2.875341
-2.574863
-2.073640
2.070143
2.441700
0.729900
-0.372988
-1.866237
-2.530867
0.902507
0.927295
-1.313473
-0.398522
0.718830
-0.785398
-2.191046
-1.160669
-3.105894
2.850136
0.815692
-1.951303
0.785398
0.548549
0.223477
2.158799
0.902507
-2.999696
-1.063698
0.851966
1.570796
-1.421906
-3.183235
-1.435269
0.380506
2.498092
1.398606
0.714091
-2.490516
-1.854590
2.170847
2.677945
-2.914794
0.588003
3.022164
-3.017238
1.759018
-1.993650
1.878849
1.523213
-2.506566
2.386488
-3.141593
-2.753274
-2.831890
2.147172
0.755104
-0.982794
2.697173
2.170847
2.530867
-1.147942
-0.295441
-1.156289
2.356194
1.279340
-0.189988
1.046001
-0.444419
-1.046001
0.000000
0.755104
-2.506566
-3.180035
-2.868584
-1.794273
-0.851966
1.815775
1.172274
-1.074374
3.054854
-0.295441
-1.126377
-1.467715
2.057696
-0.661043
0.755104
-0.563316
0.813962
1.471128
-2.587285
-2.199593
-2.587285
-1.147942
0.000000
2.205823
0.610726
2.574863
0.668289
0.000000
-0.388319
0.718830
-1.607816
1.382575
-2.473303
-0.699893
3.011890
-2.279423
0.847817
-1.700499
0.661043
2.714965
0.888480
-2.727086
-0.950547
-2.846152
-1.653938
-2.846152
2.835714
-1.760785
1.794273
1.515298
-1.570796
1.825979
1.653938
2.279423
-2.321725
2.427502
0.426627
-0.233743
-2.936197
-0.363979
2.657115
-1.916352
2.642246
2.565217
