-0.954499
2.169215
1.229817
1.753907
2.245537
0.000000
2.432966
0.546789
-2.461071
-2.483704
0.309703
1.261093
-2.498092
0.927295
-2.117585
3.248328
-0.141897
0.083141
2.553590
2.199593
-0.655696
2.819842
-1.975688
-0.282555
3.141593
2.300696
-1.124691
0.165149
0.463648
1.418147
-0.870903
-1.707863
-1.047518
-0.657889
2.148698
-2.034444
1.170556
1.712693
1.451367
2.003204
-1.537475
-1.056345
0.283794
-8.470279
-8.388937
0.755104
3.176062
-1.849096
-0.811034
0.079830
-0.588003
2.594804
0.946773
1.965587
2.300696
-0.073939
2.265535
1.916352
3.360262
2.169215
0.432408
2.904744
2.711830
-9.062234
1.650626
-1.681454
2.251318
-0.704494
3.360262
0.708626
2.714965
-2.380580
0.197396
-2.601173
-0.205395
-0.039979
-0.354706
0.732815
-1.609239
1.451367
-1.170556
1.695151
1.776192
1.310194
0.333244
2.167973
2.067219
-0.721655
0.558599
-0.119429
1.647568
2.383215
-0.840897
0.244979
-1.741532
-8.490490
-1.735945
-0.690446
1.729452
0.811034
-1.352127
9.566675
1.527345
3.013269
2.782822
-0.972377
1.325818
-0.410127
-1.644735
1.056345
1.152572
2.840672
2.572279
0.204018
2.695487
2.995580
2.049149
1.703348
-8.548720
-1.341564
-0.598419
-0.927295
-2.930499
2.843094
-1.644735
0.380506
-8.548720
3.378441
2.809533
-0.982794
-0.273009
1.784857
2.622447
-0.685730
2.275290
-1.494024
2.731465
-1.712693
0.244979
-1.428899
3.048116
2.986596
0.321751
0.222082
2.878598
-0.715744
2.761086
-1.729452
2.158799
0.358771
-0.394791
-0.334737
1.460139
2.586099
2.329174
-0.514451
2.094075
0.062419
2.579671
-2.406153
2.594804
-1.911775
-0.426627
2.137526
0.463648
-1.203622
2.772259
2.403778
0.636508
-0.083141
-1.460139
0.735440
0.851966
2.332943
-1.904041
0.811034
-1.074374
-0.950547
-1.989021
-2.808348
2.279423
0.039979
-0.620249
0.812419
1.904041
0.211093
3.283490
1.262744
1.653938
0.000000
1.216091
3.386571
0.566729
-1.141034
-0.610726
-2.741352
3.215532
-0.226799
-2.178598
1.570796
-2.466852
-0.855053
-1.451367
2.767259
-1.203622
-1.146602
3.181571
-1.535097
-2.178598
1.236059
0.920926
-8.459526
0.262995
1.499489
-0.939717
2.887919
-0.685730
-1.570796
-0.165149
-0.493941
-1.570796
1.335251
-8.703123
0.785398
0.610726
3.075024
2.251318
-1.824470
-1.156289
2.332943
-0.830821
2.516108
-1.225241
-1.066630
-2.283154
-1.310194
3.030935
-1.806341
2.384758
-9.103027
3.208161
2.437099
-1.681454
-0.739975
0.901157
1.747505
-1.352127
0.566729
-0.119429
2.645170
9.463221
-8.845704
1.768192
1.570796
-0.463648
0.033321
9.504608
2.994514
1.768192
1.824470
-1.971037
-1.288241
-0.954499
0.114877
-8.377260
-0.830821
1.963136
1.849096
-0.037020
3.038511
1.806341
1.249046
1.089909
-1.138389
0.558599
-1.570796
-1.843805
3.141593
-2.912361
1.607816
0.218669
1.815775
3.451296
-1.997424
-2.843094
0.253674
-0.694738
3.269916
0.962994
1.380808
-1.107149
3.034857
1.742987
2.105751
-8.433984
1.951303
3.070285
-1.405648
1.225241
0.309703
-0.950547
-0.114877
-1.535097
-1.913820
-8.039330
0.273009
-0.499347
9.535435
2.677945
2.461071
2.808348
-1.892547
0.235545
-1.691420
-0.404892
0.811034
-1.259798
1.741532
-8.755139
0.588003
0.478352
2.896614
-2.408778
-1.272297
2.327631
3.360262
3.224734
2.922924
-0.643501
-0.519146
3.141593
-2.878598
-1.035841
-2.782822
-2.383215
1.238737
1.307802
-2.819842
-0.426627
2.000559
1.141034
1.533776
-8.739048
2.587285
2.779048
-1.249046
-1.508378
-1.190290
-0.137066
-8.896704
-0.463648
-8.755139
-2.774419
3.463343
-2.384758
-2.645170
2.677945
0.446106
0.449760
-2.574863
-1.781890
-1.541393
1.471128
1.160669
0.057081
-1.037088
0.309703
2.790148
-0.119429
3.288671
-2.194819
1.249046
-0.226799
2.677945
-1.937970
0.141897
-1.760785
0.000000
-0.737815
2.607884
1.532354
2.490516
-0.211093
-0.380506
1.951303
-1.570796
-0.954499
2.926235
-8.961130
2.727086
2.491722
3.306741
-2.437099
-1.428899
-1.089909
1.760785
1.237552
-2.853537
-2.607884
0.870903
0.657889
3.072736
-0.523278
-2.774419
0.664046
-0.345556
3.177292
3.238066
2.944197
2.297439
-1.415800
-0.218669
-1.781890
-8.700528
-0.288055
0.170735
-0.739975
-0.694738
-0.890275
-2.574863
-1.723446
3.484617
-9.062234
-2.774419
-0.037020
1.182478
3.034857
-2.356194
-1.985303
-2.677945
0.496423
-2.694073
-1.170556
2.003204
2.627141
2.944197
0.410127
2.070143
-1.862253
-2.432966
-8.154902
-1.030377
-1.839964
-0.540420
2.330559
-8.804528
2.543174
0.982794
2.919511
-0.463648
-2.808348
-1.122073
0.651077
2.779048
2.697173
2.140110
-0.152649
2.005467
0.643501
1.639653
0.808650
1.717875
1.530818
3.004526
1.136126
3.064821
-1.317122
-1.537475
-0.927295
2.245537
1.287002
0.309703
-1.781890
1.124691
-1.287002
-1.904041
-1.259798
3.442513
-1.602036
1.343997
0.418224
2.187093
-9.044272
-2.167973
-1.282741
-0.982794
-1.535097
-0.394791
1.661456
-1.012197
-0.812419
0.179853
0.321751
2.178598
-2.117585
9.544207
0.840897
0.309703
-2.461071
-8.769082
-0.866302
0.785398
0.732815
2.158799
0.812419
-0.446106
9.461798
1.806341
2.938547
-1.510264
2.631104
0.372988
1.570796
-0.367174
2.117585
2.964884
2.117585
3.656044
2.214297
-9.055444
1.219352
1.123276
0.577902
0.649870
1.723446
2.782822
1.604117
-2.563691
-1.467715
-1.735945
-0.414507
1.603043
-0.679414
-2.853537
-2.853537
-0.244979
3.352686
1.681454
-0.404892
-1.677532
3.101614
2.408778
-2.490516
-2.767259
2.651635
2.806856
-1.024007
1.997424
1.464061
0.103082
-1.499489
0.729900
2.105751
-2.411693
-1.880499
-1.170556
1.570796
-8.459526
2.147172
0.165149
0.183111
-2.649783
-2.914794
0.896055
2.521343
2.269456
-0.394791
-0.480887
1.535097
-0.380506
3.215532
1.532354
-2.662073
1.136126
0.699893
2.562518
-2.589938
2.889038
1.012197
2.607884
2.234842
0.000000
1.800028
1.508378
-8.745364
2.553590
2.553590
-0.321751
-2.863293
2.677945
-0.808650
1.650626
0.288055
-2.158799
0.041643
-0.165149
1.609239
3.429648
-2.187093
3.265948
1.905533
2.645170
-1.951303
0.236849
-0.962994
2.356194
-0.837981
1.387686
-8.845704
0.577902
-1.136126
-0.758378
3.072736
-0.479519
1.261093
-0.533708
0.576375
1.297788
-0.076772
0.000000
3.171886
-1.091277
-0.038443
-0.972377
3.173840
-8.254222
-1.644735
2.875341
-1.089909
-1.570796
2.994514
-0.616297
-0.372988
-1.699120
-1.261093
-2.411693
0.664046
-0.205395
2.473303
-1.570796
-1.160669
2.148698
0.034469
0.973620
2.709185
-2.451146
0.037020
2.964884
2.049149
0.499347
-1.428899
2.840672
2.245537
1.902856
2.731465
-1.451367
-1.839964
-8.528723
-0.429762
-2.067219
9.577427
1.490966
1.016489
3.174914
2.419938
2.677945
2.176341
0.000000
0.298499
0.132552
-0.942000
-1.774814
-1.605265
-2.137526
-0.523278
1.735945
1.107149
1.352127
1.325818
-0.400241
0.704494
2.521343
-8.992370
-0.588003
0.950547
-1.533776
-0.235545
-0.729900
2.187093
-1.607816
