2.709185
-0.927295
1.538549
0.463648
0.643501
0.912908
-8.364470
2.677945
-0.569313
0.374334
0.463648
-0.862170
-0.426627
1.664273
2.344147
-0.702257
-1.415800
1.723446
-0.103082
0.785398
1.318242
-0.927295
-1.911775
2.208345
-0.712358
-7.435757
-1.800028
2.755710
1.537475
-0.982794
3.141593
0.891383
-1.800028
-7.323766
0.132552
-1.136126
2.149871
-1.725793
3.269916
-1.069192
-2.709185
-0.448723
-8.478005
2.403778
-0.380506
-0.999459
2.406153
1.229817
-0.124355
1.717875
1.979704
-0.068856
-8.552641
-8.682831
-8.988151
2.706922
-0.351445
-0.927295
1.815775
-0.957589
-9.006554
1.279340
2.976444
-0.073939
-8.616128
1.471128
0.992894
0.392340
-8.275401
2.950408
0.222082
-8.873123
-8.894562
-8.163685
1.789465
0.000000
-8.166024
1.259798
-1.238737
2.265535
2.786887
1.093451
-8.811571
-0.309703
0.690446
-2.132718
0.558599
-8.974117
-8.851812
-1.165905
-7.404222
3.017238
0.165149
2.250210
2.720173
1.989021
0.571337
3.141593
-1.792878
1.756144
-0.643501
1.945130
-2.005467
1.756144
3.077166
2.332943
-9.081754
3.296589
-0.260602
2.819842
0.982794
0.655696
0.147078
-8.879123
-0.477345
-8.975018
0.392340
1.858852
2.132718
1.496857
1.570796
2.312744
2.256526
-0.321751
-1.892547
-1.480136
0.934288
-7.922838
-8.845704
0.354706
2.570255
3.197091
-8.523621
-0.808650
1.750650
2.572279
-0.809784
-7.562525
-8.819233
-8.552641
-7.729627
2.498092
-1.405648
-0.298499
-0.965252
1.539556
1.464061
-9.103027
-2.919511
2.741352
1.768192
-0.957589
1.008875
2.536048
3.174914
-0.737815
-2.880990
-8.741069
-7.674128
1.361773
2.207305
0.000000
-0.386876
-0.066568
-1.570796
1.712693
0.340979
2.330559
-1.747505
-8.774908
-0.763180
-8.819233
1.774814
0.715744
1.661456
-0.950547
-1.042722
-1.238737
1.768192
-7.944642
1.725793
2.544416
-1.138389
-7.703610
2.938547
-2.019520
-2.779048
2.746802
0.165149
-8.164980
0.507099
2.466852
-0.071307
0.252554
-8.223315
-0.386876
0.229232
2.228685
-8.317629
0.000000
1.882838
-0.598419
0.616297
1.091277
2.896614
0.386876
-8.975018
-0.991722
-8.976055
-0.737815
0.103082
-8.415903
2.312744
0.832981
-8.684803
-8.330449
1.196463
-2.234842
-1.078987
-1.030377
-7.274907
-7.823688
2.875341
2.919511
-0.165149
-9.130543
-0.397079
-8.722521
-9.038895
-8.853440
0.597177
1.871717
-1.603043
-1.535097
2.595938
0.432408
-8.945259
-8.990108
-0.222082
-0.523278
0.551655
2.732685
-8.523621
1.107149
0.236849
1.190290
2.779048
2.749253
2.451146
-0.785398
3.410760
-8.901500
2.455863
-8.405637
-2.201876
2.505084
-0.128323
-2.809533
-0.128323
-8.332334
-0.737815
-0.068856
0.408908
0.099669
2.356194
0.321751
2.403778
3.081061
2.187093
1.161888
2.245537
-8.855465
1.883698
-8.845704
-0.418224
-0.739975
1.570796
3.020969
3.244674
3.363675
-1.134169
1.800028
0.771700
3.107124
-8.808481
2.356194
-0.386876
-0.066568
1.019141
-8.905632
2.312744
-2.122451
-0.679414
1.538549
1.922241
-1.123276
-0.404892
-8.781277
-0.300920
-8.758809
-8.896704
-8.884358
-2.829551
-0.096474
1.504228
1.673878
2.292451
0.637549
2.517570
1.992216
3.208161
0.463648
0.651077
1.471128
-1.366778
-1.807645
3.232253
0.000000
-0.266252
-7.991988
0.830821
-8.457731
-0.846546
2.005467
-8.807587
-1.639653
-8.552641
0.534955
-1.348714
2.867425
2.104505
0.832981
0.858439
-1.506369
-8.559550
0.222082
-1.735945
3.208161
0.631079
-0.669639
0.934288
-0.418224
-7.559747
0.674741
-1.258754
2.706922
1.913820
2.926235
1.471128
-9.164176
-0.669639
-1.201463
0.000000
-8.373128
-0.434670
-0.165149
1.229817
2.577023
0.392340
-1.510264
-0.068856
-8.431884
-0.191184
-1.161888
-1.741532
-0.735440
3.306741
3.013269
-2.808348
0.569313
2.830594
0.432408
0.062419
1.132460
-1.535097
-0.463648
-8.990108
2.533791
2.289626
2.167973
-2.798569
1.781890
3.079174
0.333244
1.183921
-1.229817
6.128189
1.239700
-0.288055
-1.607816
2.525296
1.760785
-8.750037
1.756144
2.007423
0.906750
1.359703
0.093477
-2.872425
-1.355439
2.706922
2.334921
2.744513
2.692869
-8.618974
-0.132552
3.077166
-1.635223
-0.761013
3.279599
-7.757508
2.961739
-0.858439
-7.179241
0.523278
2.919511
-0.554307
2.231839
2.930499
0.159913
1.538549
-8.028654
3.283490
-0.244979
-8.853440
-0.312042
-0.674741
1.570796
3.020969
-1.190290
0.785398
-1.373401
-0.855053
2.847358
-8.705948
-7.644959
-9.066007
2.064738
0.737815
-2.930499
0.000000
-0.858439
0.579074
-1.600200
-0.066568
2.333976
3.034857
-1.341564
1.508378
-0.858439
-7.853982
2.310771
-0.551655
2.872425
-1.664273
2.744513
0.561922
-0.124355
-0.828849
0.278300
0.690446
-1.156289
-1.019141
1.060308
-8.884358
-1.259798
-2.779048
-7.609003
0.558599
-1.258754
2.231839
2.132718
-0.999459
2.403778
-1.831399
-0.491809
-2.214297
-2.958482
0.035699
2.077895
2.214297
1.815775
2.579671
1.925502
-0.321751
0.343024
3.402195
3.141593
-0.300920
0.616297
3.111299
-1.480136
1.673878
-0.934288
-0.588003
2.976444
2.896614
2.505084
1.501940
-0.698660
-0.222082
1.679458
-2.356194
-1.400061
-8.459526
3.105894
2.005467
1.288241
1.871717
-9.103027
1.667270
-8.361080
3.110353
-0.540420
0.291457
-8.548720
-1.570796
-8.808481
-0.901157
-0.954499
-8.873123
-1.603043
-0.561922
-0.762147
2.517570
0.404892
1.212026
1.882838
-1.849096
2.772259
-0.830821
1.853351
0.033321
2.378413
1.677532
2.256526
-2.809533
1.400061
2.081285
-8.373128
2.003204
2.187093
-0.523278
-8.901500
1.901892
-1.499489
2.595938
-1.626295
1.871717
2.240435
2.105751
2.194819
1.963136
-0.291457
-2.840672
-8.961130
2.062606
2.572279
-9.193687
0.761013
0.191184
-1.438245
-0.579074
-1.601090
2.944197
1.238737
-8.684803
0.191184
1.570796
0.106736
-0.400241
-8.819233
2.085248
1.390943
-0.885067
3.172832
-1.249046
1.707863
-8.917679
-1.348714
1.501940
-1.637364
1.343997
-2.003204
0.222082
-1.366778
-8.862856
-1.482789
-0.764125
-0.493941
-2.000559
1.438245
-8.719210
1.707863
2.240435
0.496423
0.785398
1.385448
-0.103082
1.537475
1.963136
-0.386876
3.248328
-0.807617
0.062419
-2.533791
-0.763180
0.605545
1.008875
3.024484
-8.537691
-8.083214
-0.449760
-0.785398
0.507099
-0.038443
-8.166024
-9.055444
1.853351
1.504228
-1.508378
-2.483704
-2.303611
-8.408289
-7.513003
-0.274167
-8.961130
-1.063698
-8.763735
-0.269167
-8.665015
-8.781277
-2.142134
0.064427
-8.302705
2.677945
3.077166
1.025141
-0.530216
2.417343
-0.103082
-1.335251
-1.467715
2.809533
-0.762147
3.141593
2.081285
-2.872425
1.060308
1.831399
3.141593
1.839964
-7.760505
-8.793699
2.976444
1.190290
-0.530216
1.606495
-2.085248
-1.183921
-8.616128
0.414507
-1.730709
3.045119
1.325818
1.123276
2.937575
-0.664046
1.570796
2.932570
-0.763180
0.197396
2.544416
-8.572812
3.301506
-0.429762
-1.373401
1.208252
2.690931
0.269167
2.149871
1.366778
-8.132281
-0.343024
1.438245
-0.099669
-0.909753
0.785398
2.819842
1.464061
