-0.785398
1.951303
-0.484478
0.244979
-0.876058
1.626295
0.179853
0.114877
-2.833540
-2.553590
-1.234122
3.072736
-1.965587
-2.297439
2.386488
-0.172191
0.862170
-2.553590
2.553590
1.959115
1.414194
-1.279340
-1.160669
2.743070
0.233743
-2.245537
0.815692
1.307802
0.866302
2.181522
2.819842
-2.051684
1.905533
-1.934775
-1.854590
-2.388441
-0.266252
1.923787
2.273053
1.700499
-1.030377
1.275355
1.144169
0.588003
3.022164
-2.356194
1.249046
-1.985303
1.373401
-0.358771
-2.053310
0.661043
-1.337053
-1.657535
-1.007480
1.446441
0.753151
-1.199905
1.849096
-2.070143
-1.892547
1.128422
-1.046001
-2.659079
-1.905533
-1.980924
0.588003
-0.266252
-1.272297
2.642246
-0.982794
9.614766
-2.521343
1.815775
-1.570796
0.688924
-1.849096
2.418613
2.095592
-2.711830
3.346988
2.077895
-0.610726
-1.165905
0.598419
-1.525373
0.844154
-1.695151
-1.007480
-1.071450
1.046001
-0.039979
9.169596
2.414950
1.837048
-2.181522
1.843805
0.694738
0.625485
3.181571
-1.742987
1.405648
-2.111216
2.490516
-1.849096
-1.249046
-1.197809
1.421906
-1.212026
-0.158655
-0.422854
1.657535
-2.327631
-0.083141
-2.137526
-0.927295
-2.804918
0.690446
2.574863
0.179853
1.275355
-2.627141
-0.588003
-1.747505
1.030377
2.265535
0.942000
1.222025
-1.234122
9.381327
-1.729452
-1.670465
-0.041643
-1.165905
0.000000
-2.567288
2.129396
-2.736701
-0.668289
0.079830
1.380808
2.782822
-2.034444
-1.951303
1.335251
1.451367
1.706324
-2.530867
-1.985303
-1.916352
-2.565217
0.295441
1.750650
9.383135
1.304544
1.695151
9.275888
-0.334737
-1.700499
-0.851966
0.047583
1.387686
-2.736701
-2.677945
-0.439843
-2.677945
-2.095592
3.011890
1.670465
0.847817
-2.622447
-1.030377
0.574305
-1.784857
-2.196281
-2.541542
-1.421906
0.851966
2.265535
-1.866237
0.718830
1.249046
-2.015216
2.293776
-0.444419
3.017238
-0.576375
-2.695487
-0.214061
-0.141897
0.000000
-2.695487
-2.553590
3.256469
0.785398
-2.323948
0.614663
-2.016902
1.007480
-2.886410
-2.761086
2.070143
2.051684
-1.760785
1.455920
3.809882
1.612439
1.063698
-0.866302
1.729452
2.480549
-1.892547
2.102520
0.682317
-2.677945
2.857799
2.003204
2.677945
0.844154
1.706324
-2.303611
-1.088283
1.919567
-1.570796
-1.892547
2.627141
0.533708
-2.594804
0.090660
-1.147942
-0.165149
0.233743
2.607884
0.135528
-1.007480
0.699893
-1.869295
1.107149
-0.141897
-2.432966
-0.554307
2.677945
1.279340
-2.516108
2.259721
2.196281
0.444419
-2.158799
2.095592
0.079830
9.383135
-2.259721
1.614247
-2.634494
-0.657889
0.370891
1.206817
0.086738
0.881872
1.022247
3.104573
2.446854
-2.356194
0.643501
2.170847
3.261022
0.652847
2.480549
2.565217
-1.959115
1.685673
1.892547
-2.792822
-2.073640
-1.455920
0.000000
-1.067953
-0.554307
-1.272297
-1.866237
2.015216
-2.067219
2.833540
-1.533776
0.291457
-0.444419
2.111216
-0.197396
3.414601
-0.620249
2.677945
-2.782822
2.850136
2.506566
-0.135528
-0.600050
-1.037088
0.148890
2.384758
-0.856706
-2.578276
1.339706
2.937575
2.642246
-0.519146
0.233743
2.804918
3.277120
-2.446854
2.498092
1.951303
-1.707863
2.887919
0.083141
1.570796
0.047583
-1.905533
1.046001
0.674741
-1.527345
1.570796
1.837048
-2.411693
0.244979
9.583433
2.356194
-1.833791
-0.388319
9.389079
-2.868584
2.846152
-0.336675
0.446106
-1.837048
-1.335251
0.785398
1.487655
-2.594804
3.096169
3.463343
1.446441
-1.527345
2.259721
-1.706324
2.906048
-1.525373
0.902507
-0.546789
1.965587
2.053310
-1.854590
0.226799
0.982794
-1.475845
-2.356194
0.668289
-2.169215
1.160669
-0.785398
1.833791
0.496423
-0.785398
-2.185459
1.261093
2.657115
-0.266252
-1.905533
9.338040
1.088283
-1.236059
0.688924
-0.519146
2.819842
-1.480136
2.642246
-2.111216
-1.675673
3.185044
-0.380506
9.544207
-1.141034
0.996491
1.046001
0.386876
-1.292497
1.959115
-2.521343
-2.761086
-2.422763
2.077895
-1.849096
-0.266252
2.321725
2.016902
2.214297
0.722979
1.197809
3.050933
-1.421906
-0.912908
-1.804540
-0.994421
-1.570796
-0.404892
-0.308053
2.055274
-2.422763
0.394791
0.079830
2.223643
-2.214297
-3.054854
-0.729900
0.273009
0.588003
-0.566729
3.141593
-1.965587
2.659079
1.570796
2.231839
-2.753274
0.422854
-1.225241
2.976444
-2.638749
3.091634
2.695487
1.007480
-2.214297
0.000000
2.173084
9.466421
2.616797
2.875341
0.049958
-2.506566
0.141897
0.321751
-2.437099
0.226799
-1.487655
1.365401
2.711830
-2.034444
0.321751
2.016902
-0.748378
-2.085248
-2.270689
2.638749
-1.176005
9.338040
1.523213
-1.412141
2.034444
0.620249
-1.742987
-1.405648
-1.784857
-0.380506
2.642246
-2.283154
3.177292
-2.111216
-2.594804
0.244979
2.158799
-2.578276
-0.463648
0.444419
-2.089942
-0.172191
-0.548549
1.712693
-0.463648
-1.616220
-0.755104
-2.158799
1.849096
1.007480
-2.578276
2.018316
2.714965
-2.863293
-1.706324
1.007480
0.179853
0.188222
-2.158799
-2.638749
-2.574863
1.533776
1.390943
2.714965
-1.825979
9.348006
2.878598
0.156602
0.484478
0.896055
0.422854
-1.337053
0.446106
0.548549
-2.441700
2.553590
-0.726642
1.262744
2.055274
-1.904041
-0.394791
-2.846152
2.727086
0.756835
0.540420
-2.089942
9.515438
-0.699893
-0.881872
-0.950547
1.742987
0.970746
1.441094
-2.077895
2.053310
-2.253113
-2.677945
-0.043451
2.473303
0.047583
-1.943784
0.244979
1.030377
-2.414950
-2.574863
1.869295
-0.207496
-1.806341
0.982794
1.612439
1.455920
1.975688
-0.197396
-2.488746
-2.660705
3.064821
1.723446
0.661043
-0.076772
1.735945
1.480136
1.356736
-0.135528
1.525373
9.424778
-2.384758
-1.681454
2.441700
2.616797
0.753151
-0.352990
-1.494024
-2.270689
0.956133
1.107149
-0.761013
0.090660
1.262744
-0.548549
-1.700499
-0.699893
-2.969402
9.090041
1.007480
-1.849096
1.030377
1.051650
0.363979
2.418613
1.365401
-2.723368
-0.610726
1.234122
1.801887
-0.729900
-2.660705
-1.365401
0.363979
2.736701
1.570796
1.441094
-2.051684
-1.695151
2.498092
2.753274
-2.792822
0.694738
9.577427
-2.521343
2.205823
-1.609239
2.178598
1.719686
-2.384758
2.526930
-2.613518
-2.441700
-2.677945
2.259721
0.888480
-0.813962
9.126279
2.422763
2.659079
-0.643501
0.380506
-0.909753
2.422763
1.570796
0.039979
1.234122
-0.135528
-0.785398
0.045423
1.124691
-2.270689
-2.868584
-2.804918
-1.423718
-0.480887
2.327631
1.653938
-1.083897
9.596969
0.000000
-0.657889
-1.147942
2.574863
-0.524796
0.813962
-0.295441
1.039072
1.866237
-2.480549
-2.034444
-2.565217
-0.732815
0.188222
2.565217
0.851966
2.819842
0.785398
0.295441
-0.348771
1.037088
-1.398606
1.700499
-1.937970
-0.524796
9.424778
-1.892547
1.359703
-1.570796
1.086318
9.179799
1.418147
-2.541542
-0.404892
-2.125104
-1.292497
-2.875341
3.103150
-1.653938
2.265535
1.965587
-0.668289
2.013171
1.849096
2.743070
-1.904041
2.887919
0.502843
0.076772
-2.483704
0.073939
3.030935
-1.804540
2.753274
2.714965
