3.283490
-2.170847
-2.543174
0.235545
1.107149
0.588003
-0.917950
0.870903
0.119429
0.755104
-2.018316
-0.119429
-1.904041
-0.982794
1.418147
2.761086
-2.662073
2.594804
2.601173
-1.504228
-0.982794
2.325901
1.523213
2.356194
-2.095592
0.000000
0.870903
-2.205823
1.778293
-0.266252
2.944197
-2.111216
0.982794
0.336675
0.205395
2.321725
0.214061
2.582993
-0.310998
0.758378
-0.588003
1.665748
-0.207496
-0.207496
1.742987
2.289626
9.531514
-2.196281
-1.750650
-1.490966
-1.499489
-1.943784
-1.784857
1.074374
3.277120
-2.907849
-1.136126
-1.272297
-1.760785
0.152649
-2.530867
1.024007
-0.785398
0.832981
-1.742987
2.185459
-2.356194
1.570796
-2.383215
-1.825979
-2.711830
-0.876058
-0.502843
2.070143
-0.197396
2.521343
0.336675
0.302885
0.404892
2.922924
-1.735945
2.969402
-0.722979
-1.824470
0.288055
0.244979
0.047583
2.379446
-2.565217
-1.126377
-1.824470
1.620755
3.500363
0.680521
0.482513
0.152649
-0.718830
0.444419
-1.843805
-2.034444
2.418613
0.244979
2.098871
0.851966
0.554307
2.284887
-0.876058
2.768605
-2.089942
1.690225
0.785398
-2.694073
-1.760785
1.729452
-0.755104
-1.217806
-0.129703
1.317122
0.972377
-0.273009
1.527345
2.796037
2.731465
-1.525373
2.386488
-1.747505
-0.917950
-1.789465
1.012197
9.295075
2.505084
-0.158655
0.135528
-0.510488
0.197396
3.183235
-2.792822
-2.808348
1.533776
-2.034444
-2.961739
3.306741
2.167973
-2.753274
2.000559
-2.819842
-1.919567
0.661043
9.191035
-0.982794
1.706324
-0.962994
0.165149
2.323948
-0.661043
-2.199593
-0.970746
1.279340
2.446854
2.270689
1.570796
1.190290
-0.927295
-1.639653
-2.746802
-0.172191
2.158799
-0.244979
-0.367174
-1.993650
1.373401
1.934775
-1.182478
2.761086
-1.971037
-0.463648
-0.043451
0.927295
0.426627
-1.735945
1.042722
1.262744
-1.373401
-1.037088
2.089942
-0.732815
-1.907471
1.784857
1.007480
-2.567288
-1.781890
-0.643501
-1.234122
-1.759018
2.951604
-2.383215
0.753151
-3.141593
0.519146
9.282881
-0.463648
2.214297
2.914794
-1.862253
-1.858852
1.063698
2.003204
0.179853
-2.016902
-2.388441
0.812419
-0.444419
1.060308
0.086738
-2.245537
1.373401
-2.574863
-2.158799
-0.935770
-0.273009
-1.653938
0.288055
-2.736701
2.951604
-1.333948
-2.406153
2.819842
1.071450
-0.945311
0.334737
-2.718739
-2.293776
1.892547
-1.107149
2.553590
-2.768605
-0.398522
-1.523213
-2.753274
0.197396
-2.806856
-0.233743
-0.817645
-2.205823
3.064821
-2.459276
-2.095592
0.785398
-0.262995
2.850136
1.206817
2.593043
-0.404892
-0.448723
-0.902507
1.759018
3.288671
-2.657115
-2.999696
-1.700499
9.464757
-2.642246
0.049958
0.444419
-2.677945
0.847817
-2.207305
-1.858852
2.000559
0.038443
1.471128
-1.839964
0.148890
-2.677945
-1.030377
2.677945
-2.170847
-0.094952
1.750650
-0.226799
-2.306236
2.857799
1.304544
1.227772
2.868584
-0.870903
-0.625485
1.943784
9.259629
0.000000
-0.484478
-0.047583
-1.484058
0.426627
0.714091
0.927295
-2.169215
2.283154
1.423718
-2.455863
1.297788
0.442374
-2.265535
2.221873
-0.561922
0.312042
-0.390607
-1.310194
-0.388319
2.697173
-1.815775
3.396775
0.309703
2.792822
-0.480887
-2.850136
3.141593
-1.347320
-1.620755
2.868584
0.463648
0.625485
-0.688924
-2.293776
3.072736
0.442374
3.187016
1.373401
3.189176
1.405648
0.876058
1.828120
-0.533708
0.000000
2.857799
9.338040
1.373401
1.614247
2.459276
0.756835
1.993650
1.219352
-1.022247
0.418224
-0.950547
-1.804540
-0.426627
0.482513
2.695487
-2.601173
-2.205823
-2.452668
-1.206817
-0.614663
0.785398
-1.107149
2.466852
1.222025
-2.613518
-1.963136
-1.264917
1.279340
-3.046641
-2.169215
-1.670465
1.126377
-1.570796
0.141897
-0.851966
-1.849096
0.083141
9.383135
-2.461071
0.502843
0.813962
-0.372988
-2.330559
-2.221873
-0.398522
-2.231839
1.975688
0.726642
-0.694738
2.697173
2.718739
-1.570796
1.490966
1.700499
1.675673
-2.808348
0.000000
-2.170847
-2.904744
1.665748
3.313783
2.332943
2.695487
3.368392
2.279423
-0.400241
2.051684
2.356194
2.356194
2.490516
-0.158655
0.000000
2.134113
-1.390943
-1.279340
3.030935
-2.622447
0.257324
0.817645
0.000000
9.515438
0.000000
1.815775
1.723446
-1.661456
0.519146
-0.847817
-2.129396
0.094952
1.304544
-2.863293
0.945311
-2.289626
0.034469
2.506566
-0.785398
3.141593
2.490516
2.323948
2.694073
-0.380506
-0.197396
0.372988
-0.499347
1.828120
-2.516108
2.289626
1.325818
-1.249046
-2.356194
-1.527345
1.373401
1.236059
2.969402
-2.695487
-2.196281
2.073640
-2.408778
0.039979
0.574305
0.888480
0.994421
-1.496857
-1.833791
-0.363979
-0.718830
0.432408
-0.858439
-1.279340
-0.652847
0.444419
-0.753151
1.919567
0.099669
-2.279423
-2.422763
-0.704494
-2.761086
2.875341
0.499347
2.907849
-1.107149
1.804540
-2.223643
-3.022164
1.520838
-0.729900
1.570796
-0.996491
2.461071
0.068856
1.037088
0.574305
3.098142
-1.046001
9.504608
2.868584
0.049958
-2.694073
-2.483704
-1.837048
-1.292497
-2.792822
3.038511
0.888480
-0.566729
-2.414950
-3.271295
-2.289626
-2.677945
-0.519146
-0.762147
-0.533708
1.313473
3.178613
2.111216
0.119429
1.653938
-2.969402
1.735945
2.466852
-2.896614
2.731465
-2.714965
-0.750929
-1.088283
-0.632749
-0.909753
2.594804
-2.477546
-1.418147
0.079830
3.141593
2.070143
-2.265535
9.566675
0.896055
-0.278300
2.521343
1.337053
-0.785398
2.868584
-2.530867
-2.473303
-1.929567
-1.690225
-2.034444
0.205395
0.982794
1.975688
1.665748
2.073640
2.761086
1.707863
-2.565217
-1.609239
-0.426627
-2.539305
0.463648
1.190290
0.811034
2.709185
0.785398
0.000000
-0.651077
-0.881872
1.490966
2.239086
-2.574863
-0.935770
-1.570796
1.997424
-0.533708
3.141593
-1.156289
1.653938
-1.532354
-1.074374
-1.264917
-0.956133
-0.043451
-0.345556
2.582993
2.388441
0.429762
-2.736701
3.329814
2.265535
-0.870903
-3.046641
-1.107149
-0.881872
-1.607816
2.356194
2.356194
2.961739
0.722979
9.560306
-0.295441
3.006065
0.726642
-1.760785
0.699893
-2.085248
2.944197
2.356194
0.651077
-2.697173
-1.815775
0.422854
-0.945311
-0.785398
0.785398
2.158799
2.999696
0.047583
1.182478
-0.812419
2.327631
-1.107149
-2.034444
-2.158799
-0.962994
-1.570796
1.144169
0.394791
0.755104
9.210717
-2.125104
1.418147
2.422763
-2.147172
1.951303
2.102520
0.610726
2.239086
2.158799
3.221423
-1.016489
-0.388319
-1.570796
1.570796
1.292497
0.484478
2.170847
0.566729
1.533776
-0.812419
-1.405648
9.630173
-3.017238
1.892547
-3.099950
-0.896055
-1.843805
0.758378
2.013171
1.249046
-0.896055
-2.578276
-1.512041
0.844154
-2.786887
-0.785398
-1.480136
1.907471
2.085248
-0.576375
-1.747505
2.077895
1.292497
2.553590
-2.886410
-0.099669
0.233743
0.982794
0.785398
0.880350
1.089909
-2.466852
-2.516108
-1.934775
0.218669
2.875341
0.147078
0.610726
-1.412141
1.849096
-2.714965
1.107149
3.283490
2.356194
0.699893
-0.104877
2.645170
-1.768192
