-0.176034
-2.813789
-0.117434
0.026756
0.084846
-0.271787
-0.123821
-0.110834
-0.146156
2.626183
0.022445
-0.194758
-2.934922
0.360199
-0.275825
-2.658576
0.029338
-0.121808
-0.099092
-0.299160
-0.097013
-2.633038
0.041109
-0.088631
-0.247617
-0.237020
-0.018129
-0.196401
-2.224986
0.119955
0.045525
-0.051765
-2.638592
0.010790
-0.028741
-0.079313
-0.103585
-0.019927
0.006543
-2.948707
0.025038
0.039127
-0.097048
-0.167133
-0.270914
-2.225689
-0.022978
-2.721977
-0.308530
-0.020047
0.051128
0.399687
-0.064271
-2.781756
-0.153795
-2.771453
0.030101
0.375010
2.407734
-2.525576
0.059928
0.100595
-0.064812
-0.158919
-0.318654
-0.188905
-0.065006
-2.320832
0.051094
-0.171287
0.073836
-0.219159
0.232002
-0.102680
-0.040456
-2.747687
-0.128538
-2.680143
-0.195141
-0.094489
2.511604
0.112977
0.011034
-0.335498
0.060998
-0.035528
-2.604978
-0.037675
-0.215560
-2.214515
-0.311051
-2.626197
-0.150733
2.647243
-0.359153
-0.230915
-0.000873
-0.003105
-0.301855
-2.695556
-0.120040
0.004760
-2.764263
-0.225492
-2.246132
-0.184938
-0.020410
-2.995522
-2.690839
-2.653297
-0.210031
-2.493899
0.044183
0.065060
0.009348
-0.023202
-0.002156
0.135920
-2.630859
-0.171712
-0.170479
-2.863096
2.553882
0.012816
-0.058831
0.309001
-0.303286
0.012189
-0.232932
0.189641
-2.812220
-2.232870
0.059211
2.520610
-2.659917
-0.114278
-2.726808
0.047599
0.021414
0.005497
0.020916
-0.108455
-2.597596
-2.599706
-0.136789
-0.449839
-0.089475
-0.047308
-0.035310
-2.738530
-0.031551
-2.617163
-0.185425
-2.672043
-0.100198
0.015502
-0.301421
-2.686634
-0.069156
-2.696625
0.015325
-2.643332
-0.050336
-0.173812
0.099578
-0.179482
-0.211028
-2.628034
-2.697588
-0.018130
-0.023086
-0.239666
-0.162178
-0.215010
0.006535
-0.231302
0.052798
0.183085
-0.098403
2.579427
-0.054610
-2.851335
-0.001510
0.077976
-0.201925
-0.249990
-0.008505
-0.362999
-0.166404
-0.343904
-2.658368
-0.400045
-0.324100
-0.104273
0.039052
-0.057013
-0.025676
-0.124554
-0.192115
-2.291412
-2.741407
-0.090980
-2.679812
-2.559717
-0.010060
0.027208
-0.056822
0.100769
-0.156675
-2.655224
0.009200
-0.218358
-0.226619
0.013539
-0.194586
-0.138667
-0.064779
0.021359
-0.149067
-0.234477
-0.008694
-2.795982
0.062642
-0.019699
-0.537355
-0.177798
-0.235134
-0.239381
-2.635422
2.533141
-0.172283
-0.059757
0.046435
-0.315726
0.030260
0.003674
-2.754119
-0.366681
-0.073812
-0.304266
0.061723
-0.140517
-0.257610
-0.143404
-2.627797
0.145059
-0.052131
-0.144850
-2.888148
-2.627860
-0.156393
0.137755
-0.062403
-0.209009
-2.673470
-2.997229
-2.279857
0.165683
-0.303051
-0.078816
-2.810184
0.020486
2.628060
0.090236
0.003733
0.122189
-0.132577
0.390854
-0.080816
-0.134936
-0.004334
-0.255733
-0.228403
-2.691396
0.138774
-0.030407
0.131313
0.017759
0.038704
0.000808
-2.717451
-0.035347
-0.038616
0.035002
-0.054818
-2.674874
0.079844
-0.017685
0.023995
-0.100025
-0.156422
0.021986
-0.453495
0.166822
0.020655
-2.620193
-0.275361
-2.664679
0.099044
-0.281950
-0.211042
-0.160466
0.062876
0.082830
-0.146865
2.754932
-0.073374
-0.007195
-2.692316
-2.721077
0.094654
2.581749
-0.058998
-0.294109
-0.138651
-2.586033
-0.182082
-2.682393
-0.184244
-2.703250
-0.111631
-2.569848
2.325577
2.572225
-0.220278
-0.133027
-2.842936
0.013262
0.084183
-0.232064
-2.658627
0.028297
-0.075930
-2.692336
-0.189870
-0.115771
-0.183452
-0.191852
-0.206701
-0.144442
2.484778
0.013353
0.081825
2.641771
-0.218142
2.547204
2.563679
-0.199369
-2.638322
-0.099166
0.012914
0.039674
0.058351
-0.049520
-0.071462
-0.143723
0.111605
-0.230147
-0.017107
-0.084405
-0.229604
-0.559771
-0.053267
-0.136166
-0.130152
0.011568
0.156725
0.039347
-0.207331
-0.036332
-0.409396
-0.172818
-2.763704
-0.066909
-0.044148
-0.188792
-2.675424
-2.700190
-0.244849
-2.631226
-0.211758
-2.760400
0.074074
-0.042114
-0.034126
-2.887654
0.072458
-0.158651
-0.111146
0.088194
-0.069347
-0.216372
-0.184669
-0.112552
-0.012093
-0.105216
0.047003
-2.734994
-2.715497
0.063116
0.088804
0.012814
2.588324
-0.021458
-0.079277
0.004765
0.316641
-0.103694
-0.031714
-0.305420
2.595253
-2.594245
-2.665600
-0.042538
-0.049836
0.061878
2.677702
0.187604
-0.033205
2.453930
0.064651
0.011769
-0.094703
-0.181929
-0.101273
-2.761919
0.067326
-0.268487
-0.094012
-2.649957
-0.067885
-0.119958
-0.204394
2.563938
-0.002633
-0.379921
0.017934
-0.092261
-0.029162
2.619799
0.030981
-0.007290
-2.650702
-0.318942
-2.469606
-0.023742
-0.094973
-2.644739
-2.572555
-0.309320
-0.019746
0.069696
0.030578
0.120931
-0.258621
0.066422
-0.058161
-0.331552
-0.354606
2.539984
-2.804492
2.404014
2.709656
0.089621
-2.906747
-0.069184
2.511142
2.611469
0.038577
-0.085816
-2.677437
-0.385853
-0.028176
-0.039198
-0.414574
0.003862
-0.025368
-0.103233
-2.592172
-2.633260
-0.094485
-0.383270
-0.068929
-0.015905
2.605251
2.545825
-0.402486
-2.639421
-0.142609
-0.234472
0.361391
-0.081091
-0.002071
-2.679644
-0.053953
-0.037422
0.327902
-0.170078
-0.225153
-2.628991
-0.011097
-0.032596
2.472445
-0.288126
-0.226791
-0.097272
0.014642
-0.107243
-0.073818
-0.233617
-2.717104
-0.228504
-0.116565
-2.640773
-0.142344
0.024199
2.585565
-0.322647
-0.270869
-0.336571
0.013031
-0.065093
-0.067909
-0.304051
0.046722
-0.029505
2.563882
-0.282111
2.589895
-0.183664
-0.269516
-2.620073
-0.223928
2.558557
0.088404
-0.123736
-2.673444
0.211002
-0.018614
-2.664359
0.052381
-0.156536
-0.362717
0.043423
0.039643
-0.014190
-0.196613
-2.770672
-0.056233
-0.169335
0.079345
-2.731982
-0.055314
0.094524
-0.076054
-2.624781
-0.177402
-0.129159
-0.359804
-0.150634
-0.075423
-0.217519
0.033159
-2.648486
-0.263284
-0.194298
-0.214728
-0.122076
-0.171777
-0.021323
-0.536137
0.041182
0.122557
-2.784937
0.011922
-0.198913
-0.136767
-0.412888
-0.231863
-2.628471
-2.621700
-0.034182
0.020588
-2.922519
-0.226047
0.087303
-2.201751
0.290009
-2.714851
-0.218791
-0.113024
-0.119187
0.040544
-0.180479
-0.120763
-2.609258
-0.033122
0.042206
-0.229662
2.602631
-2.793010
2.545673
2.642554
-0.244572
-2.579395
-0.134786
-0.255157
-0.078389
-0.404161
2.449511
-0.172723
-0.178499
-2.716015
-2.778977
-2.741644
-0.251300
-0.239870
-0.289953
-2.675407
-0.050367
-0.159666
-2.692305
-0.019769
0.055637
-0.022051
-0.100347
-0.124633
-0.264071
-2.651896
-2.828372
-0.039071
-0.299232
0.346832
0.334605
0.366312
0.013016
0.014141
-2.619200
-0.195635
2.566853
-2.824718
-0.172905
-0.031255
-2.754789
2.585108
0.002187
-0.089573
-2.757049
-0.077109
-0.384392
-0.182880
-0.140022
0.097507
-0.109360
-0.127322
-2.841858
0.080514
-0.020717
-0.075843
-0.059844
-0.120832
-0.032977
2.508926
-0.027643
-2.757551
-2.713278
0.040606
0.158101
-0.209207
2.563275
-0.074737
-0.150288
-0.321038
-0.374418
-2.584322
0.002599
-2.673644
0.342672
-0.176134
-0.331689
0.032023
-2.634095
-0.155436
-0.046616
-0.071813
-0.180205
2.633520
-0.062699
0.379863
-0.039963
