-1.791225
-3.414975
-0.444559
-0.467821
-1.262046
-0.703973
-1.671514
1.818701
-0.425089
-4.152323
-0.869193
-3.196204
-4.478223
1.862215
1.807199
-3.702323
-3.739181
-0.464594
-0.503151
-1.205781
1.729817
-3.048579
-0.996702
-0.880011
-0.633324
-2.269823
-0.723873
1.563631
-1.057062
-0.666692
-3.427815
-0.888562
-0.821781
-4.833240
-0.871291
-3.645745
-0.966044
-0.884931
-0.402371
-1.174351
-0.578176
-1.020884
-3.690183
-0.941526
-0.413983
-3.580266
2.052964
-0.737239
-0.896078
-0.444925
-0.684209
-0.634835
-1.177705
-1.881124
0.614573
-1.186223
-4.217607
-4.004261
-3.069649
-1.027960
-3.755068
-1.204252
-0.695676
-0.505476
-1.236693
2.116615
-0.701161
-0.449785
-2.366984
-0.685167
-0.862782
-1.932295
-4.688130
-1.313007
-0.420427
-0.425254
-2.188626
-1.172625
-3.428014
1.307712
2.026200
-0.856795
-1.344693
-0.344068
-0.466227
-1.041220
-0.495722
-1.242468
-1.437856
-3.305635
-2.312825
0.917269
1.839043
1.866968
-0.781320
1.052381
-0.999960
-0.724597
-2.481452
-1.357303
-0.644839
-0.890560
-0.733615
1.360699
-0.636822
-1.101368
-1.213600
-0.324533
-4.301559
-0.907104
-0.531099
-0.984733
-0.470766
-1.721498
-0.519533
-4.006509
-0.985820
-0.783160
1.595097
2.030124
-0.972227
1.612622
-0.630852
-1.053493
-0.650240
-1.175293
-3.516517
-1.753110
-4.833558
-3.757367
0.789500
1.034173
-1.930609
-3.599513
1.586560
1.807547
-0.403168
-1.983506
-4.046352
-1.775868
-1.992301
-3.150700
-0.637127
-0.545992
-0.474382
-0.737858
1.810354
-1.456023
-1.370397
-0.443244
2.150133
-0.941383
-0.697330
1.880274
1.682548
-3.463605
-0.410670
-1.544137
-1.909787
1.023570
1.818159
-1.168203
-0.222795
-4.117232
-0.992961
-0.371063
-1.925332
-0.598590
-0.785875
-1.644626
-4.337793
-1.809205
1.367983
-1.069570
-1.339242
-4.183569
-0.285832
-3.554367
2.321385
-5.061602
-1.518752
-0.652016
1.725689
-1.446870
-0.718859
-0.660525
-2.082597
-0.864573
-1.382115
-1.693160
-0.630131
0.881755
-0.833230
-0.559628
-1.444365
-0.322381
-3.584701
-0.615225
-1.430681
-0.845973
1.452534
-3.666054
-0.200407
-1.005771
1.700709
-0.648180
-2.141941
-0.567580
-4.235077
-3.432893
-0.520953
-2.154954
1.742846
-0.610960
-1.495543
-1.851209
-0.415913
-0.676394
-0.884624
-3.322819
-5.052371
-1.953826
1.596798
-0.770813
-0.797347
-1.780011
-0.892505
-1.387883
-1.476712
-1.076640
-0.487630
1.635084
-0.443828
2.041906
-0.552040
-0.509860
-1.958342
-4.150662
-4.256404
-3.619173
-0.823374
1.098374
-4.048234
-0.822763
-0.480867
-1.269089
-0.894515
-0.378414
1.206583
-3.436359
-0.858175
-2.090976
-0.603864
-1.432330
-0.738797
-0.854619
-0.701444
-1.388561
-0.984835
0.119645
-0.814889
-0.367906
-0.981858
-0.518457
1.574742
-0.679284
1.663840
-0.613571
1.871996
-0.730036
1.071800
-1.547010
1.302820
0.432823
-0.610546
-4.153977
1.882097
1.730408
-0.917238
-0.810129
-3.582273
-0.947538
-0.573713
-1.048813
-2.492555
-0.949124
-3.399173
-0.732557
-1.469832
-1.368241
-0.785893
-0.972124
-3.437407
1.580441
-0.818304
-3.309054
-1.418605
-1.411213
-0.897218
-4.149379
-1.015462
-0.878182
0.411899
-4.298643
-1.720431
2.078266
2.009975
-0.711752
1.829808
2.077566
-1.279805
-1.001080
-1.266827
-1.668775
-3.399822
-0.917642
-1.195446
-0.945469
-1.804432
-1.392506
-1.389808
-1.144484
-1.580193
1.449698
2.233447
-1.011514
-1.544946
-1.072652
-1.088072
-0.591397
2.265365
-0.576287
-1.798205
-0.833952
-2.335342
-3.933856
-1.019448
-0.573460
-3.610381
-3.959296
-0.778693
-3.826739
-4.432165
-1.187029
2.015476
-0.518668
-1.151674
-1.564656
2.287558
2.448560
-0.399309
-3.910782
-0.428547
1.313384
-1.012064
-0.381647
-3.543554
-1.859063
-0.785592
-1.266996
-3.667518
1.255700
-0.606394
-3.459460
-0.479147
-3.288832
-0.424681
1.261786
-3.132529
-1.246581
2.274753
-0.536868
-1.053100
-1.471678
-0.900304
-0.505881
-3.824079
1.410537
-0.426867
1.851961
-1.840152
-0.958911
-0.756127
-0.415649
-0.817785
-1.398218
-4.772637
-1.034127
-4.105942
-0.622613
-0.954164
2.208133
-1.304204
-1.557676
1.740208
-0.663536
-0.429737
-1.312220
-3.265004
-1.059579
-0.728317
1.776008
1.344224
-0.471747
-1.295962
-0.876842
1.707233
-0.658129
-3.272873
-0.631636
-4.594087
-0.832480
-0.296931
-2.274737
-1.040674
-1.038473
-0.469333
1.376837
-0.822448
-0.994549
-0.901672
-1.431706
-3.091495
-1.047732
0.358765
-3.261063
-1.106367
2.014342
-1.002396
-3.904943
-0.615877
-1.493192
-4.232089
-0.980971
0.660002
-2.037310
-2.128878
2.304601
-0.557696
-3.843697
-0.650953
-0.586695
-0.974838
-3.531311
-1.274875
-1.317287
-0.781762
-0.926617
1.353316
-0.514038
-1.684467
1.062657
-4.270275
-0.635040
-0.782068
1.147646
-1.231507
-0.629892
-3.237975
-0.917581
-0.480776
-3.337380
-3.690248
-0.567453
-1.174041
-3.202141
-1.495990
-4.117563
-1.186421
-1.238008
1.488237
-0.824464
-0.924529
-1.097987
-0.657223
-4.267807
-0.598946
-1.401293
-0.836269
2.036567
-1.008697
1.615901
1.576338
-0.534273
-1.000289
-3.962516
-0.972624
-1.067056
-0.996824
-0.724501
-0.383869
-1.050016
-0.486324
-3.592213
-0.860345
1.201483
-1.065165
1.918436
-0.423520
-3.728793
-3.464067
0.761970
-0.619113
-1.139327
-1.445832
-0.661703
-1.100752
-0.256507
-1.299087
-1.092173
2.102986
-1.736334
-0.799125
-0.629472
-0.888045
-1.212716
-0.780453
-1.056712
-1.630520
-0.869589
-3.635418
-0.684495
-1.571229
-3.317711
-0.997552
-1.001774
-1.375934
2.335692
-0.777196
1.552517
-0.629092
-0.817008
-1.927394
-1.003563
1.696782
-0.765747
0.561654
-0.950869
2.155146
-2.138611
-1.017427
1.316185
-4.241234
-3.890778
1.711062
2.116303
1.129710
-1.136170
-0.325256
-3.220536
-1.402718
-2.971960
1.088346
-0.995243
-3.218424
-1.517190
-1.517842
-0.485633
0.568493
-1.013423
-1.125517
-3.471811
-0.451465
-0.823538
-0.593623
-0.947458
-1.910451
-1.042703
-0.409500
-0.665069
-0.650796
-4.099123
-2.885904
-1.043974
-3.549936
-0.655171
-3.802912
1.702792
-1.285462
-3.208496
-0.692239
-0.650434
-0.392655
-0.805310
-1.096537
-1.396863
-2.316938
-0.875966
-3.922702
-3.719122
-0.816144
-0.667428
-2.159085
1.899556
-0.535338
-0.728793
-0.534165
-0.594749
-3.521085
-0.860367
2.591352
-3.756278
-0.506258
-1.731279
-0.892500
-3.193128
-3.633345
-1.315818
-3.622648
0.963484
-1.191923
-1.335998
-1.049530
-1.104389
-0.717822
-0.292225
-1.714294
-2.341706
-0.836274
-1.436854
-3.665795
-1.929285
-0.673319
-1.298279
-1.902784
-4.057897
-4.527797
-3.206460
-2.469512
-0.418697
-1.077680
-3.894773
-2.465979
-4.342851
-1.322980
-0.767229
-1.184551
1.757536
-3.291541
1.809338
-0.916447
-0.746604
-0.834257
1.706585
-3.395446
-3.651403
-0.853203
-0.978578
-0.834385
1.458534
-0.582751
-0.717735
-2.358057
-1.858926
1.982610
-0.602316
-0.714803
-0.425232
-0.794274
-0.962992
-3.419648
-0.690117
-1.067152
1.204736
-0.693199
1.709551
-0.767213
-4.338107
-3.844272
-1.859774
-3.779291
-0.883440
-0.932063
-1.434177
-0.630341
-0.610245
3.279281
-0.958139
-0.543216
-3.945752
1.984622
-0.963540
-1.432163
-0.539642
-1.323342
-0.397238
-3.253439
-1.911444
-1.006760
-0.119516
