-0.020565
-2.553636
0.010520
0.063873
-0.131178
-0.108485
2.582437
-0.028991
-2.614042
-0.198779
0.037208
-0.102713
-0.397788
2.539218
-0.027973
0.160687
-2.751958
-0.290403
-0.120958
-2.581212
-2.541286
0.082367
-0.063786
-0.111589
2.590989
-0.296080
-2.770056
-2.747775
-2.915671
-0.264247
-0.039764
-0.247573
0.109436
-0.309364
-0.274841
-0.159687
-2.835057
-0.476693
-0.081549
-0.054162
-0.044000
-2.629916
-2.665995
-0.061260
-0.089660
-0.447864
-2.583056
-0.212731
-0.109931
0.050000
-0.295114
0.044497
2.630442
0.074384
0.037014
-0.154564
-2.594933
0.040852
0.001749
-0.180852
-2.824053
-2.670212
0.101405
-0.096339
-0.209704
-0.264909
-2.728279
0.021316
0.075140
-0.259476
-0.171517
0.285978
-0.417502
-0.136559
0.054815
-2.643713
2.593725
0.026827
-0.167065
-0.511882
-2.827502
-0.163440
-0.036859
0.040787
0.008466
2.544267
-2.725608
-0.087687
0.070028
-0.049108
-2.712827
2.660210
0.342267
-0.109188
-2.618702
-0.063546
-2.653386
-2.787978
-2.618883
-0.141791
-0.324392
-2.706855
-0.253564
-0.170838
-0.316304
2.510838
0.041830
-2.559753
2.671399
-0.056160
-2.780843
0.022720
-0.259777
-2.807831
-0.213904
0.150751
-0.214270
-0.187672
-0.123702
-0.026854
-2.815500
-0.389861
-2.664837
2.516503
-2.685613
-0.034657
0.005924
-0.169729
0.088527
-2.117994
2.564395
-0.119153
0.034216
-0.068275
0.051315
-0.179583
-2.766677
-2.724473
-0.061849
-0.005821
-3.041425
-0.177876
-0.112985
-0.205515
-0.107826
-0.129225
-2.609922
-0.260348
-0.309518
-0.236488
-2.782791
0.091769
-0.114861
0.365899
-0.127115
-2.741307
0.325017
-2.616132
2.541866
0.017823
-0.025652
-2.784183
-2.815452
-0.223528
-2.358510
-0.376979
-0.108655
-0.031101
-2.472079
-2.629536
-0.155699
-0.040782
-2.590312
-0.171366
-0.093372
-0.140554
0.033535
-2.857827
-0.088824
2.576172
-2.651155
-0.071189
-0.171685
-0.011707
0.073084
-0.116425
-0.005923
-2.821573
-0.085007
0.039540
-0.046471
-0.105748
-0.148095
-2.243471
-2.629244
-0.171034
-0.027896
-0.146697
-2.606670
-0.221314
-2.848154
-2.763636
-2.852783
-0.320809
-0.118007
0.287306
-0.094286
-2.553462
-0.224456
-2.508574
-0.086354
-0.185825
-0.109851
-2.534701
-0.200189
-0.003412
-0.147052
-0.020380
-2.728642
-2.549494
-0.399197
0.043511
-2.551325
0.037844
-0.301418
-0.313674
-2.808501
-0.219596
2.724443
0.087295
-0.082580
0.127117
-0.184208
0.148693
-0.022929
-2.715822
-0.375619
-2.511108
0.173984
-0.328801
0.153871
-0.199117
-2.575196
-0.300843
0.026742
-2.768575
0.068513
-0.197680
-0.193131
0.066728
0.258331
-0.272680
-2.610172
-0.287461
-0.019742
-2.680915
0.050999
-0.143014
-2.623240
-2.700142
-0.117297
-0.157281
-0.183588
-2.807711
-0.050120
-0.233111
-0.026321
-0.106831
-0.075198
-0.244814
-2.640831
-0.128662
-2.870081
-0.155327
-0.064279
0.064427
-0.105372
-0.014481
0.022424
2.721470
-0.041131
-0.227227
-0.080264
2.669058
-2.646124
0.056610
-0.035490
-2.960168
-2.365325
-0.069050
-0.090640
-0.370531
0.051643
0.065454
0.054440
0.084647
0.048704
-0.018908
-0.067206
0.029017
-0.154334
2.690203
-0.194555
-0.101507
0.016859
0.051060
-0.127953
-2.155453
-0.228300
-0.171581
-2.733759
2.452720
-2.596494
0.006456
-2.590080
0.138200
-0.245102
-2.466151
-2.558458
2.672455
-2.691375
-2.451091
-0.353895
-2.697648
0.281416
-2.545811
-0.176567
-0.014422
-2.196210
-0.282076
-2.505082
2.613765
0.028920
2.547546
0.074848
-2.748217
-2.726840
-0.328377
0.021335
-0.300452
-0.112272
0.021538
-0.020556
2.525327
-0.054423
2.501264
-2.830181
-0.006511
-2.667924
-2.710679
2.602757
-0.016154
-2.539342
-0.016127
-0.168129
-2.731696
-0.358432
-0.150044
-0.026811
-0.313680
-0.009010
-0.038195
-2.817071
-0.283923
-0.245912
0.146674
-0.301304
0.305121
-2.757079
0.176325
-2.610189
0.071767
0.048749
-0.050020
0.163362
-2.796315
0.034930
-0.260414
-0.265699
0.278825
-0.010555
-0.270926
-0.179040
-0.137284
-0.045861
-2.557947
-0.382060
-0.196632
-0.200132
-2.950938
2.500420
0.066244
-0.024560
-0.102917
-0.072072
-2.504651
-0.155518
-0.161963
0.031706
-0.046214
-0.334987
-0.039514
2.774074
0.104913
-2.726538
-0.068646
-0.276197
2.590831
0.022712
-0.133231
-0.081921
-0.196787
0.070745
0.198443
-2.728535
-0.027214
-0.114015
-0.249898
-0.060271
-2.605303
0.013455
-0.133341
0.112351
2.707439
-0.123503
-0.109789
-2.823735
-0.022627
-2.823695
-0.087363
0.015462
-0.123055
0.289646
-0.014318
-0.010199
-0.014329
-0.142681
0.097420
-2.715859
-0.115305
0.024738
0.029560
-2.697507
0.089827
-0.228320
0.219889
-0.092431
-2.745993
-0.284619
-0.416321
-0.034736
-0.066966
0.487232
0.125303
0.046061
-0.140951
-2.767745
0.056520
-0.130282
-0.167441
0.080531
-0.124621
-0.817610
-0.289612
-0.257109
-0.419133
-0.027411
-0.177686
-0.104397
-0.044613
-2.657472
2.575568
0.064741
0.068505
-0.039531
-0.048273
2.637298
0.050005
-0.223323
-0.352516
-2.723257
-0.288886
-0.273119
-0.120913
-0.215042
-0.187359
-2.666624
-0.004483
2.610051
-2.666014
-0.107220
-0.330269
-2.734612
-0.027957
0.051049
-0.133603
-2.151196
-0.047467
-0.044436
0.027274
-2.875965
-0.088588
-0.023226
-0.010784
0.243580
-2.772665
-0.070819
-0.029952
-2.714098
-2.667955
-0.348002
0.106991
-2.800199
-0.019160
-0.036856
-2.643657
-0.169196
0.399730
-0.072000
0.120305
-0.016154
-2.615842
-2.819497
-2.810989
-2.871618
-0.224458
-0.091004
-0.198705
0.130656
-0.000078
0.026410
-0.248909
-0.114929
-2.663646
-0.158935
-0.392946
-2.672126
0.184255
2.549641
-2.747807
-0.273048
-0.155214
-2.709690
-2.721761
-0.207248
-0.329231
-2.622811
-0.277435
-2.727699
-0.073513
-0.185998
-0.070699
-0.059063
0.001319
-2.508273
0.283874
-0.222195
2.509712
-0.103238
-2.615712
-2.544780
0.112383
-0.063051
-0.107686
-2.560400
0.219951
-0.159875
-0.096010
-2.803115
0.094950
-0.203670
0.000118
-0.252390
-2.122957
-2.666170
2.509473
-2.625679
-2.757628
2.652141
-0.102099
-2.650603
-0.243719
-0.070278
-0.098223
-0.111201
-0.179332
-2.831544
0.093887
-2.427727
-0.074979
-2.510959
-2.866486
-0.294902
2.652263
-0.072983
-2.553258
-0.246840
-2.563626
0.370001
-0.317226
-0.157262
-0.092863
-0.021112
-0.109211
-0.170721
-0.022582
-0.354031
-0.205042
-0.214001
-0.067325
0.095332
0.178252
0.439854
-0.087177
0.066190
-0.130523
-0.064161
0.049971
-0.013243
-2.707441
0.062481
-2.553747
0.005396
0.008021
-2.590275
-0.141677
-0.241716
-2.850952
-0.151110
2.505587
-0.019015
-0.232254
-2.796858
0.216935
-2.228656
-2.652966
-0.010885
-0.076773
-0.138828
0.011906
-2.511954
0.070315
-0.160661
-0.122814
-0.103854
2.592544
-0.157772
-0.114163
0.009357
-0.151819
-2.719578
-0.007282
-2.619247
0.026334
-2.612202
-2.715068
0.026856
-0.102480
-0.366417
0.084559
0.340887
-0.204964
-2.826472
2.665919
-2.739753
0.322503
-2.830100
-0.261802
-0.140487
-0.464535
-0.104060
-0.226870
-0.033654
2.572343
-0.127574
-0.178351
-0.330699
-2.604496
-2.580976
-0.070298
-0.270873
-0.193916
-2.690008
0.015470
-0.337884
-0.047358
-0.089603
0.058520
-0.024233
-0.028852
