-2.098279
4.332662
-2.228893
-1.370061
-1.899160
2.976768
-1.056297
-1.311120
2.541612
0.182638
0.475991
-0.419823
3.173972
-3.247553
1.070478
0.466471
0.286370
-2.974198
-2.908701
1.275683
-1.500257
2.275743
1.105008
1.841028
2.732328
2.826914
-1.360569
-1.901456
-2.923704
1.223873
1.524491
-3.185782
-0.505142
0.943388
1.817604
0.193947
-0.483361
1.624010
-2.477940
2.080048
-0.303546
-1.091509
-0.251526
0.998916
1.318854
4.456343
-0.078927
2.492339
1.030103
-0.831211
-0.253896
-3.338760
-2.790302
0.022471
-0.773409
2.161612
0.199304
0.836462
-1.235370
1.691050
-1.031609
-1.132868
-2.874291
0.077502
2.789067
2.753768
0.637373
-3.060250
1.818283
1.112052
-0.907325
2.937969
2.518175
-2.404909
-2.471274
2.471411
-1.023969
0.604537
1.662228
0.154250
-1.218606
-0.988581
-1.513291
-0.155130
1.486445
-2.827512
1.883840
-0.871501
2.946309
2.697023
2.191847
0.173545
-2.715302
-0.196627
3.072978
3.152845
-0.698731
1.847375
2.696537
0.468861
0.433169
0.970654
4.956721
0.866166
-1.415409
-0.217722
-0.247920
3.275957
2.193714
1.355148
1.153900
-0.417365
0.979129
1.306779
0.871835
-0.487526
-0.875907
-1.007729
1.540730
-1.097352
-1.725962
2.666094
-1.753580
-0.823137
-0.916183
-4.925369
2.598937
0.887279
1.001648
-1.005051
4.872368
2.745429
-1.368334
0.088193
0.176375
-2.793779
2.433190
-0.679361
-0.544628
-1.060288
-2.724586
-2.274898
-0.529301
0.174194
2.175475
1.231661
-0.364829
0.985074
-0.475913
1.026504
0.491954
0.351720
-1.804765
0.459709
1.485646
0.047949
2.857580
1.301225
-2.514274
2.046555
0.127869
-0.091957
-2.076367
2.774716
-0.535194
2.332336
2.801309
1.297659
0.187244
-3.088592
-1.111720
-0.844444
1.119091
2.554537
-0.617863
-0.691749
1.437983
-3.269655
0.129075
-1.612207
-1.187694
3.644559
-1.196226
-0.392972
-0.809569
1.344391
-0.263333
2.759183
0.011381
1.259946
2.249178
0.978812
0.907890
1.947732
-0.868464
-1.254443
-1.141446
0.596687
-0.078122
-1.390812
1.692113
-0.968917
0.861424
1.230241
-1.227123
-0.015857
-0.337873
0.556944
-0.998592
1.924892
-0.235886
1.224872
3.001494
-1.006889
0.777118
2.202570
-3.060766
1.295374
0.438290
2.761846
-0.561988
4.552080
0.666863
1.442792
-0.631102
-0.353512
3.079472
-0.125129
1.262715
-1.479519
1.096816
1.798773
-0.930065
1.005234
0.802750
1.843148
2.688465
-0.785274
-1.439567
-2.677527
-0.185443
0.657445
2.791746
2.339082
0.538039
-1.212920
-2.521957
0.903135
1.306961
2.256435
1.570197
0.558797
-1.306037
2.561933
1.174370
3.117319
2.797575
1.084912
3.134936
0.873178
1.937484
0.141072
-4.151932
-1.128742
0.240360
1.441934
-2.643879
-4.870037
-1.785013
-0.280927
-2.879982
2.326971
0.452397
2.549336
0.900426
-2.509538
0.358081
1.944295
-1.312789
-0.956232
0.396587
-2.583905
-1.207349
-1.313780
-2.184211
2.335527
1.585184
-2.012903
-1.476005
1.624682
0.606409
-1.063451
0.905193
0.970139
-1.284830
2.547329
2.882141
0.632173
0.878166
2.926804
-2.138015
-2.719753
0.908062
0.349873
0.943109
-2.061883
0.106938
1.137037
2.350766
-1.230829
-0.692533
-0.129594
-2.871448
1.038152
1.911655
1.260533
-0.300773
0.641806
-1.247964
-0.136403
-2.254947
2.326410
-2.083217
-1.309638
2.381612
-0.335182
3.047217
0.104770
-2.994458
0.949544
1.113739
1.681195
-0.868883
0.177436
0.926577
-1.734755
-1.104841
1.084420
2.871388
0.529031
-1.318470
1.907222
-1.066522
-1.622452
1.189283
0.197947
0.070585
0.862604
0.443936
-0.756190
-2.510964
1.059969
-0.459637
-0.487798
-1.006227
2.577627
0.961123
2.375016
-0.587564
-0.773997
-2.576599
0.053809
-0.814689
-0.516383
0.686919
-1.034153
0.604871
1.073334
0.507989
-1.391686
1.032265
-0.505781
1.375684
0.128172
-2.457721
2.511070
0.803517
1.749553
1.045109
1.389208
2.778910
2.461029
0.586390
1.603939
-1.086488
4.946525
-0.482858
0.827212
-3.005874
0.399251
-0.294502
2.222894
2.451611
-0.800229
0.180199
-2.320970
0.911761
0.636722
2.426220
-0.540170
0.034839
-3.071735
0.340659
-0.055933
1.592383
1.272944
-4.855206
0.898961
-2.712631
3.058482
0.047949
1.386795
1.845701
-0.436161
0.466359
-2.994361
-1.500205
0.867959
-2.794168
-1.743308
1.819025
-0.097554
-2.853856
2.532840
-1.466120
-0.419639
-1.508124
2.662719
1.468367
0.405514
-0.591497
-0.321304
-0.550738
-1.750000
-0.679665
1.207378
0.473098
-2.070936
-2.471289
-1.553221
-0.158374
1.503845
-0.368929
1.382943
-0.108299
-2.442527
-0.837556
1.539232
0.424080
2.877024
1.214876
1.138311
1.131821
-0.981879
2.609201
-1.364527
-0.612575
0.898446
0.522000
0.213341
1.833319
-1.603333
-0.148187
-1.139681
3.283011
-2.464546
-1.476914
0.205102
1.579443
-2.424851
-0.461113
1.345116
-1.322903
-3.025407
2.491097
1.507656
1.033662
-1.996386
0.207797
0.869447
-0.144277
0.576253
0.093259
1.627523
-1.346338
-1.708101
0.432956
0.686042
-1.294584
0.847739
-3.208474
2.076680
-2.849610
0.182244
0.482660
-2.860382
2.515806
-2.403832
2.572380
2.010898
-0.306306
-0.851755
-1.585279
1.040665
2.321495
-0.761845
0.226368
-2.223313
-2.230530
-2.228023
2.334171
-0.310088
-1.003853
0.169104
-2.709119
-1.369676
0.176062
-2.563539
2.445188
2.308087
0.475720
1.747199
-3.145191
3.093892
1.486333
-3.119568
-1.263629
-2.687326
0.366040
0.980178
2.662731
2.263545
-0.972207
-1.417993
1.388493
-0.448466
-0.647831
-1.935228
-0.393736
-0.326846
0.803237
-2.139934
3.030589
-1.451543
1.210335
0.337551
2.570282
3.227456
-0.012567
0.773273
-0.869385
3.233188
-0.887460
-1.231816
-2.369457
0.227374
-0.549700
-0.864119
2.845367
0.757911
-2.683864
2.856561
-0.852688
1.780639
2.404805
2.256938
0.830413
1.036696
-2.965882
-3.180784
3.121941
-1.226621
0.990865
4.894870
1.615819
1.191410
0.021041
1.281251
1.295775
0.389156
-0.065004
-0.132606
-0.028742
4.887203
2.861500
0.637383
4.474771
2.634276
0.177310
1.133636
-0.447109
-2.338190
0.729822
1.265922
-2.873242
2.122787
1.302161
0.903718
0.847157
0.924913
4.092374
-1.262767
-1.332109
2.808014
1.443085
2.742278
2.434543
-1.233004
2.958751
-2.573175
1.138962
1.248021
2.354924
0.577626
1.716265
2.128186
0.652534
-2.233090
2.449211
0.550039
-1.128822
0.144460
-1.289601
-0.909048
-3.053277
-2.858687
-2.598440
1.048991
0.109836
1.757706
-0.949402
1.389625
2.503286
-3.277841
-4.915000
-2.701163
1.702956
1.207590
2.274930
-1.598263
5.060487
0.933906
0.422722
3.181722
-0.174234
-0.120299
-2.664063
1.905268
-1.072129
1.248169
-1.969402
-1.517914
1.296598
-0.661779
1.652735
2.838119
1.494823
1.994416
-2.759462
-1.410176
-1.598412
-1.047206
-1.465755
-0.560169
3.312056
3.189137
0.880311
0.991581
1.286863
0.377639
-0.853526
-0.662457
3.219566
1.206888
1.257929
-0.251316
2.163621
-3.241553
-0.734437
2.942912
1.204994
1.738756
0.607333
1.452508
-1.342001
2.530665
0.176860
-2.206239
-3.187850
-0.155519
