0.029130
2.303368
-1.602605
-0.716362
-0.441491
-0.988288
3.211377
-2.443497
-0.044467
3.389825
-0.738079
2.216516
4.149712
-1.718662
-2.257479
3.814298
2.980114
0.071029
1.297443
0.796457
-1.501143
3.771580
1.191651
-2.038682
1.859227
3.048581
0.993043
-2.472264
-1.358541
2.223121
0.884817
0.768976
2.669153
6.480965
1.397842
2.574364
-1.745076
2.704620
-1.219705
2.240084
4.470981
1.776330
6.566135
-0.397573
-0.153638
4.226810
-2.397077
0.486304
1.542614
-1.658598
-1.799045
-0.159056
4.805186
3.611211
3.637112
-2.046961
4.200572
2.774785
1.717382
0.514817
5.330678
0.580068
-1.098976
1.422125
4.815506
-1.770383
0.589165
0.957853
5.420657
-2.497439
-0.421531
3.857305
5.636615
4.670939
-0.120990
1.274449
5.181865
0.517938
4.156052
-1.972054
-4.368098
-1.094712
3.452923
-0.307041
0.643826
1.320645
-0.739639
5.027326
3.424130
4.028249
5.028355
-1.918160
-2.141050
-3.860776
-0.723726
-2.867786
1.136986
-2.683340
0.758826
-1.298176
0.265367
0.019598
2.767069
-1.543906
-1.115649
-0.184204
5.156991
-1.337409
2.295180
-0.705499
0.570645
1.034774
1.256375
3.598652
0.008555
7.059118
1.234667
0.028418
-1.927476
-1.584300
-1.441624
-2.257936
-2.071025
1.853949
2.707731
2.717237
2.819108
2.909362
7.531189
3.269324
-2.333514
-4.319635
5.370067
2.293776
-1.442926
-4.277630
0.188846
3.274619
6.955839
4.964846
4.465198
1.292463
0.664415
1.556954
0.346197
0.409071
-3.132747
3.504882
5.043115
-0.900867
-3.513015
0.489951
0.573888
-2.619334
-4.401021
2.356295
4.483789
3.521328
4.445350
-0.973744
-2.195742
0.254863
-0.275342
3.850670
2.656563
-0.074384
0.346558
-2.061552
1.022099
5.431123
4.413988
5.276118
-3.124223
1.205486
0.326250
4.489191
1.982987
4.333928
-3.792239
7.229368
0.536985
-2.217645
0.489723
4.464020
-2.468427
2.732467
-0.058008
-2.090366
1.365511
3.055143
-0.744043
-1.945518
1.625659
-0.500035
3.099859
1.343063
1.566989
-2.101378
4.753848
-0.133366
-1.669105
2.246394
0.599574
0.970594
-2.425762
-0.645864
3.930982
2.148693
5.606581
3.889017
1.267595
5.206552
-2.327878
0.740058
5.045886
3.121097
-1.391910
1.298844
2.299917
3.949412
6.226812
4.737305
-2.472358
-0.960359
1.517976
3.900330
0.136827
3.292219
3.603753
4.960043
0.699890
-1.786506
2.186819
0.491930
-2.359231
-0.711150
5.390291
5.607820
2.250046
2.179078
1.126739
-2.157040
5.149964
0.584857
1.153314
-0.696445
-0.649578
-2.711823
-3.762719
2.187568
-1.152465
5.429165
-0.508163
4.777243
3.004230
-0.364675
1.531749
-0.507915
1.701272
3.264389
0.342541
1.318731
1.224267
1.168101
-3.774930
-0.563842
-3.798032
-2.597660
-2.171384
0.503562
-3.383109
5.234929
-1.630643
3.706810
0.003957
2.856923
-3.411254
-2.525700
-2.690522
-1.152078
2.532996
-1.554144
-0.986818
-0.872377
5.912244
-0.308808
1.901930
1.504089
1.238030
5.148759
-2.021884
3.004591
3.891372
-1.554779
0.051867
2.391834
1.869734
3.473806
1.687498
5.375962
3.284455
3.306503
-1.571241
3.873246
1.196370
-1.854714
-2.288424
0.945030
-2.371498
-2.168735
-0.397983
-0.417826
0.894456
-0.861047
4.360331
2.812380
-1.062166
1.595229
2.296661
2.898351
1.417599
2.909345
1.085053
-1.661314
4.115784
2.624608
4.795380
-0.467916
2.402512
-2.514823
-3.784011
-0.867449
1.190874
2.579469
5.277466
3.543922
2.641707
-1.242644
1.230696
4.054323
-1.029980
3.918997
6.162164
1.135230
-1.275098
-0.797821
-1.489629
-0.289844
1.333057
4.133106
0.010017
4.488446
1.199331
1.115786
0.275972
1.340020
2.483082
-1.715629
-0.576964
1.114181
3.550365
2.819885
1.400949
4.119465
0.808942
3.730614
-1.238763
-2.614169
4.762712
-0.193121
-2.880355
0.965932
1.503762
1.179491
0.910404
-0.018830
5.347094
-2.303381
-2.129482
-2.182368
-1.667558
-1.088949
-0.971883
-0.585758
0.614311
2.532513
-1.984711
-1.005860
4.194592
2.605151
-0.500457
-1.985696
3.392403
-0.746586
-3.649382
-0.861107
0.091204
-0.218112
6.474590
2.753719
-2.372115
-2.388494
-2.298592
-2.399499
3.111087
1.457683
-2.699602
0.637839
2.158228
-1.146623
6.530795
-2.528613
1.546810
4.649959
1.200606
-0.492600
1.805133
-1.719207
-2.349167
1.231821
-1.126321
4.438454
-0.918275
1.732047
1.970063
3.513691
2.084672
-1.710626
-2.376378
4.288362
0.871302
2.808006
4.360737
-2.327899
3.642436
3.205004
5.642948
-2.196975
0.685884
-0.147938
1.403772
0.226474
1.040906
4.508189
1.745272
-1.653196
-0.985889
2.512070
-1.163721
0.227241
4.503235
-3.453148
2.536097
-0.884305
2.634234
-2.070767
-0.495166
-0.149979
3.835869
-0.529346
-1.012434
2.402905
2.552240
0.540257
3.277196
4.079763
-0.561036
6.169346
1.367356
2.466103
-2.091346
-0.070317
0.766067
-0.552027
0.956720
2.850080
2.859442
-2.107009
1.363928
-2.085641
-1.875372
-3.329965
-2.066654
-0.076375
0.159743
3.509779
-1.177325
-2.416530
1.743895
1.011008
-1.186619
2.599531
-0.010844
4.101020
1.862536
-3.797371
-0.800206
-2.494777
0.070248
4.027059
1.731107
-2.770501
1.307477
2.560829
2.992917
-0.998255
0.109233
-1.513058
0.272274
5.066630
-1.891400
4.895693
-2.737169
0.131530
1.362104
3.201330
2.516795
3.232151
1.015256
2.200082
5.123568
2.538056
2.351156
2.211302
-2.147193
1.374514
-0.707875
-2.183192
2.695183
-2.341652
0.188779
-0.091374
0.699361
-0.321824
-1.707964
-0.393563
-1.921197
-1.270330
-2.200767
3.498390
-1.636661
-3.476759
4.285615
5.367076
-3.590633
-1.112788
-3.601509
2.886137
-1.899800
-0.206444
0.150288
-0.288507
-1.152227
1.787896
4.841813
3.634207
-0.886157
-0.722033
3.446430
-0.716460
-0.129154
2.657613
-0.059552
0.799191
-2.723288
-1.027079
5.462078
1.264523
0.038721
-0.488318
0.061040
6.869559
-0.029737
0.268364
2.353486
-2.802841
2.798632
-1.703380
5.034544
4.294542
0.310791
0.855533
0.292651
2.845700
1.318435
0.803544
4.347410
2.436777
4.334033
4.083719
1.135755
-1.399633
5.115370
-3.544513
-0.534564
0.922455
0.625698
0.350257
1.749973
0.164489
0.896881
3.724087
-2.838140
2.831753
-0.216614
3.315757
2.258490
1.334645
1.000541
-3.715548
4.746434
4.543898
0.361094
0.534608
-0.738978
-0.481154
4.668949
5.636462
-0.029069
-0.930756
2.921368
-1.946890
3.022124
3.300958
4.261833
2.434705
5.797982
2.282596
5.780729
-0.248295
3.193628
6.944450
1.136288
4.121709
4.737397
-0.637393
-2.213829
-2.906737
2.054403
-2.333741
1.670147
2.178064
0.927127
-4.154936
3.923710
1.051882
-0.044628
4.775732
-0.777716
-3.329326
-0.859374
-1.569781
3.527412
3.586742
-2.819121
0.374933
0.125828
0.006742
1.414106
0.642890
6.512043
1.039571
2.696916
-2.582878
0.349884
-2.903176
-2.476739
2.859347
0.781236
-0.186812
4.178694
1.687096
-0.355602
4.845659
-2.809092
1.588493
-9.237220
0.687669
-2.442165
3.441415
-3.896023
-1.265698
4.682741
1.525916
0.723534
1.448766
3.820915
1.711579
-0.763958
-0.200805
