-0.957652
-2.858653
1.206127
-0.350053
-1.270540
3.205343
-1.125436
-0.318131
-2.527103
0.041499
-2.224719
4.366782
1.120839
-0.479529
2.070376
2.163079
0.710855
3.005662
-1.410902
1.100331
-2.992891
0.183133
-0.046769
-1.592569
0.988409
2.617025
-1.760600
2.491331
0.725911
0.996902
-2.660568
0.158637
3.155940
-1.866849
-0.050482
0.232148
0.314421
1.260515
-1.886514
-0.912747
1.033565
1.131496
0.388011
2.781352
2.186387
0.748575
2.142652
1.218344
2.980544
0.305024
-1.084303
-0.264555
-0.388815
1.279079
-2.267318
0.669177
2.706275
-0.522269
-2.003285
5.072719
0.957396
-3.120548
2.336656
-1.318214
2.659574
-0.142992
-2.411330
2.794575
-0.190882
-2.557092
3.962379
0.453479
4.339827
-2.632268
-3.692446
-2.628017
-0.297832
0.806129
-0.037259
-1.668064
1.819222
1.620580
1.333885
-0.578870
1.106245
0.487967
-1.133933
2.148910
-0.616909
-2.753858
0.969760
0.837295
1.155829
1.133740
-0.068829
0.578683
0.912891
1.637117
2.793100
0.372138
2.674020
1.022950
1.311073
-0.088270
-0.982794
1.397252
0.161874
4.884319
0.323124
-2.986840
-0.317092
0.835858
-2.729401
2.803121
-2.886304
-2.401319
-2.726766
0.381535
-4.894925
-0.154239
0.952824
0.024319
2.179950
-2.154655
4.586038
0.845369
-1.933921
-0.364950
1.834807
-0.431968
-1.515888
1.444771
-1.257558
-0.329317
-2.415315
-3.496568
3.093235
2.194805
-0.615812
-0.645019
2.329956
1.606646
0.079461
-2.232867
-1.365158
-3.226810
-2.685622
0.166264
-0.154966
-0.817403
1.192363
1.087925
-1.232320
3.255416
0.278419
-0.953278
-0.278928
-1.064416
0.240080
2.208229
0.401409
-0.983471
-4.868006
-2.462918
0.808325
-2.895741
0.506343
-0.802835
2.294922
-1.009964
-0.234899
1.356690
-2.077624
0.349470
1.254583
2.469472
0.245267
-2.461281
-3.049939
0.769687
4.754522
2.109880
1.300864
5.034947
-0.749012
-3.223095
0.122310
-0.761616
0.007623
-0.269371
-0.298635
-0.184637
-0.366369
-0.526194
-2.371358
0.839339
1.574125
-3.985130
1.082381
1.409442
1.602858
2.675989
0.559327
2.919495
0.156771
0.301231
0.876037
2.440412
-1.083145
-2.771242
2.718589
3.101949
-1.163613
-0.059314
0.394066
2.857174
-0.096670
-2.975444
-0.474274
-1.369615
-0.815172
0.431891
4.009179
-0.563981
0.872435
-0.567797
2.152586
-1.362970
-0.649126
-4.914564
4.841549
0.339488
2.051998
-1.887609
0.160875
-0.232073
0.720800
0.006796
0.040080
2.711969
-0.769687
-2.249620
2.330700
-1.081508
0.535435
-1.846613
-1.430103
0.215458
3.336445
-0.778731
1.274748
0.823198
2.605631
0.800241
2.501514
-0.839528
-2.540258
1.516258
4.390831
-0.385543
-0.459881
2.382978
5.048927
0.547650
1.881934
-0.611913
-0.703322
1.508876
0.540435
-2.887395
0.854026
1.157455
1.582308
0.434876
0.632924
-0.953487
2.848254
-2.503806
-1.234389
0.117145
2.093918
-1.004496
3.039253
-2.423746
2.849576
0.311497
2.796183
-1.138807
0.263359
-2.415932
-0.137738
1.044543
0.844055
-0.984530
-0.711097
3.150641
3.458791
2.622612
-2.559159
1.364277
-1.142831
-1.831564
0.839319
-3.008341
-0.842555
1.373810
-0.565118
0.223893
5.065116
-1.031303
0.544899
2.299447
3.084374
2.382249
2.487742
1.932089
-0.620458
-0.550068
1.629804
-0.289839
0.728642
2.314978
-0.941370
-1.775499
1.940025
-0.219312
-0.149788
-0.612642
0.749714
-0.250996
-2.500698
-2.442633
2.114585
-1.465102
2.865696
1.204363
1.321618
-2.114228
-2.588227
-3.068315
1.926194
0.517724
0.439991
4.742378
-4.243766
-2.011636
0.002353
-0.425725
-0.164075
-0.657583
0.741695
-2.332771
1.223994
-1.858581
0.498842
2.637461
2.170633
0.261482
0.312548
-0.412655
2.157552
6.528936
-0.341226
2.500640
1.862763
-1.778380
-0.086966
-1.396365
3.950828
3.096793
-1.970630
-0.001472
-0.967594
-2.695362
1.037945
3.367941
-0.127486
-1.368870
-1.579516
1.107198
0.782981
1.094615
2.891651
1.241736
-1.218954
-1.963876
2.603979
1.394525
0.343749
-2.989063
-1.996183
-0.565385
2.489371
1.978158
-2.654396
2.914141
-0.451827
3.239053
4.639909
2.318655
-0.441104
0.652584
0.341368
-0.832684
0.990213
0.702302
-1.123813
0.166315
-2.818241
2.783579
-1.905645
-2.307375
1.242492
-0.680433
-2.231140
3.288675
1.059922
-0.607989
2.612770
2.453900
-0.597578
5.108771
-0.348379
1.824808
-1.117764
1.405441
2.656501
0.760705
0.349538
0.146998
-1.729765
0.101439
-0.799650
0.323475
-3.119108
1.719647
2.817192
1.003279
2.490772
2.127014
-0.960646
0.911246
-2.569755
2.149312
-0.243340
-0.421514
-2.452798
2.106709
-0.192632
1.250684
2.870992
-3.133732
0.899152
0.499334
3.143552
0.979319
-3.442831
1.328839
1.591551
0.870328
2.426846
-2.382241
1.072451
2.534248
-0.088629
2.459530
0.199285
2.469829
-4.177918
-2.817874
-0.185021
1.030380
4.939007
-0.754850
3.140743
1.314998
1.339157
0.671677
1.117852
-0.298920
0.813923
1.205351
0.329308
1.749861
-2.475780
-0.299712
-0.886830
5.368443
-2.732834
-2.814950
0.900451
4.413775
-2.284874
-0.984622
1.531208
-1.110906
-0.254933
2.486873
-0.893656
1.841928
-1.200314
1.403237
0.846031
1.027875
1.293082
1.314413
0.855523
-2.006031
-0.623721
2.573662
-0.206247
1.287060
0.573472
0.117654
-0.033353
1.544280
0.149270
-0.699772
-2.909369
0.273748
3.138993
0.136920
-1.766288
-1.251416
-0.483340
-0.601283
1.324686
3.193510
2.721883
-0.184342
-1.883651
1.062417
1.516144
0.823577
4.581175
1.584013
1.442395
0.535281
0.825987
-2.110250
-2.478125
-1.256033
-0.506561
-2.611658
1.175334
-0.430423
-2.686446
1.089195
2.396627
1.475252
-1.322650
-1.588177
-0.811849
-1.376242
4.399415
-1.885601
-3.512536
2.512148
4.484227
-2.351086
-0.694758
1.403287
-0.749572
0.180753
-1.351958
2.523039
-0.507885
1.757071
0.604296
0.594624
-0.541426
-0.790046
2.753705
2.177433
-0.319261
-1.327583
-0.422728
1.018488
3.392579
0.267716
-0.170426
1.309319
1.244222
3.062533
-0.511792
2.351574
0.156213
2.903094
-0.114120
-0.134742
0.056660
-1.116180
0.142172
1.308730
0.145077
-2.047768
-1.572387
0.639438
1.325946
0.689424
1.133792
-0.539256
-1.786033
-0.292342
1.752147
-2.338862
2.187139
1.810199
0.245360
-2.549778
2.927266
-0.795241
-0.080082
0.295355
-0.505647
1.757054
-0.879436
0.944535
0.518115
-2.797562
0.977746
-0.695426
-2.991540
-1.052718
0.043491
1.125551
-0.715590
2.132235
-2.074430
-1.816083
-0.993526
0.555187
0.949560
-1.128751
0.934418
-0.737036
1.144995
-2.630416
-1.032567
3.387667
1.791319
-1.363556
-0.079963
2.937446
-0.234765
-4.282976
-2.021019
-1.901151
-0.215732
-0.823783
-2.998758
0.269957
2.185584
0.016989
-0.607238
0.924451
-0.744253
1.065637
-2.707407
0.173449
2.219636
-0.739939
-1.000632
0.312364
2.487302
1.505125
0.986390
-2.037024
2.485266
0.901729
3.176617
4.529585
-0.852611
-0.311863
-1.272451
-0.424397
1.247847
4.808061
-0.898468
-2.321392
-2.226106
3.915282
0.148582
3.343840
0.682407
-3.188988
-0.004187
1.414733
3.052616
-0.585126
