-1.325818
3.396775
3.079174
1.635223
1.007480
-1.506369
9.734481
-1.727398
0.851966
1.878849
-1.881795
2.999696
-1.837048
-0.737815
0.523278
3.283490
0.332059
3.024484
1.160669
-9.044272
-0.610726
-0.785398
1.173717
1.453688
-2.034444
1.222025
-1.352127
3.605240
-2.918116
-1.080839
-2.782822
-1.231504
2.089942
1.735945
-0.813962
2.819842
0.055499
1.892547
0.000000
1.570796
-1.768192
-0.436627
-0.204018
2.388441
-1.063698
2.953371
-2.378413
2.563691
-1.570796
1.609239
-1.989021
1.058407
0.321751
-2.137526
-1.876675
-0.165149
0.950547
-1.618379
-0.668289
-9.362359
-2.117585
3.355653
2.085248
-0.352990
1.833791
-1.373401
-1.494024
-2.356194
2.944197
-1.428899
1.405648
-2.723368
3.101614
-1.750650
1.480136
-2.086345
-1.989021
1.379612
-2.129396
-1.144169
1.004067
-1.681454
9.518255
0.480887
0.844154
-1.789465
0.060532
1.249046
-2.245537
-1.249046
2.191046
1.004067
0.141897
-2.505084
-2.111216
-1.541393
2.147172
-2.325901
-2.321725
-1.768192
-0.679414
2.234842
-2.308611
-1.774814
1.570796
-1.074374
0.170735
1.620755
2.466852
1.405648
3.218365
2.226492
-1.525373
-1.022247
-1.423718
2.236766
0.000000
-1.107149
2.944197
2.442933
2.185459
3.515926
-1.913820
1.249046
-0.876058
-2.220667
-0.813962
0.278300
0.000000
3.017238
-1.138389
-0.576375
-1.259798
1.919567
-0.785398
2.788602
1.876675
-1.304544
1.700499
-0.273009
9.921201
0.124355
-0.124355
-2.714965
-2.089942
-2.432966
0.414507
-2.408778
-0.392340
-1.451367
-1.518213
0.000000
1.405648
0.759763
-0.486899
-0.119429
1.249046
0.758378
-1.975688
0.620249
1.446441
-1.708802
0.614663
2.562518
-1.869295
0.463648
2.319174
2.606638
-2.104505
-1.880499
-1.249046
2.104505
-0.463648
2.185459
3.345611
-0.785398
1.800028
-2.273053
-2.181522
0.141897
0.546789
1.190290
2.356194
-0.920926
2.414950
2.055274
2.506566
1.107149
-1.180189
-0.274167
2.613518
-0.580003
2.988943
-0.519146
2.645170
1.124691
0.588003
0.493941
-2.379446
0.726642
-0.489957
-1.570796
0.152649
9.773549
2.553590
-2.293776
-0.546789
-0.994421
-1.076855
3.338988
-1.670465
-1.063698
2.880990
-0.348771
2.953371
0.558599
1.513716
-0.321751
-0.475695
2.855541
-0.045423
2.483704
2.601173
-1.670465
2.432966
0.041643
2.930499
9.788757
2.485897
2.240435
1.789465
0.712358
2.317752
1.030377
0.266252
2.699218
2.922924
1.951303
3.536384
2.327631
1.535097
0.124355
0.000000
-1.012197
-0.110657
-0.094952
1.706324
2.647651
-0.588003
-0.620249
2.976444
2.506566
0.358771
-0.906750
0.463648
2.245537
2.414950
-2.386488
-2.422763
0.994421
-0.068856
2.261243
1.633215
1.024007
0.661043
2.245537
9.834905
1.642104
0.548549
-1.768192
-0.463648
-2.396173
0.643501
0.000000
0.380506
-1.570796
-0.479519
0.524796
2.761086
0.321751
9.965197
1.484058
-1.130954
-0.722979
1.570796
1.352127
2.622447
3.141593
3.236544
-2.089942
-0.579074
0.885067
9.501550
2.859038
0.404892
2.969402
9.888426
0.083141
1.237552
3.176062
3.050933
0.025635
-0.996491
-2.498092
-1.797595
2.595938
2.306236
-2.034444
1.190290
-0.868539
-1.856848
1.433730
2.314552
-0.588003
-2.214297
-1.348714
2.622447
-2.251318
-2.425849
0.785398
1.387686
-1.499489
2.158799
-2.418613
3.349089
0.106736
0.321751
1.570796
2.594804
9.708572
1.892547
-0.499347
3.191551
-1.373401
3.017238
-2.579671
-1.412141
9.628796
2.196281
1.414194
0.158655
-2.256526
-0.685730
-1.352127
-2.279423
0.312042
3.054854
0.982794
-1.056345
-1.570796
-0.321751
1.570796
2.706922
0.106736
2.356194
1.703348
2.840672
3.360262
-1.333948
-2.284887
0.204018
2.221873
-3.463343
-1.012197
3.338988
2.455863
3.208161
2.711830
0.688924
-2.245537
0.079830
-0.651077
-0.463648
1.800028
1.152572
0.566729
-0.815692
-2.491722
2.613518
2.553590
-3.221423
3.036716
1.089909
2.589938
1.348714
2.563691
-1.019141
0.049958
2.988943
0.812419
0.528074
-1.012197
0.704494
-0.678662
0.858439
1.124691
-0.992894
-2.761086
2.034444
-2.466852
-1.742987
0.896055
-0.566729
-2.802300
1.735945
2.170847
-0.699893
1.046001
2.119346
2.746802
1.450173
-2.067219
1.892547
-2.517570
-1.071450
2.199593
9.725698
2.819842
-2.857799
2.609869
-1.849096
-2.356194
1.677532
-0.343024
-1.527345
3.372683
-2.541542
1.760785
0.000000
0.588003
0.909753
-1.172274
2.137526
1.262744
-1.071450
0.141897
0.698660
0.410127
2.140110
3.099950
2.582993
-1.471128
1.723446
-0.540420
-1.067953
-1.022247
2.606638
-2.034444
-1.929567
2.992703
3.244674
0.226799
2.691833
-1.919567
2.774419
-1.341564
0.380506
-0.921801
-1.570796
3.050933
-1.892547
-1.071450
0.620249
-1.496857
-0.309703
2.297439
-1.465919
9.905665
0.176709
-2.480549
3.283490
1.626295
-0.649870
-1.216091
3.605240
2.303611
2.922924
-0.651077
2.332943
3.173840
-0.832981
-2.122451
2.718739
2.393215
-0.260602
2.589938
0.832981
2.451146
2.944197
-0.849141
1.774814
1.088283
-1.343997
0.499347
-1.063698
-0.197396
1.206817
2.034444
9.695725
1.717875
-1.856848
-2.521343
3.038511
2.999696
-2.422763
-0.996491
2.356194
2.483704
-0.682317
-1.190290
1.937970
3.075024
0.699893
2.129396
2.677945
2.250210
2.356194
1.570796
2.034444
0.480887
-2.283154
-0.815692
-0.588003
1.380808
2.622447
-1.862253
-1.965587
-0.449760
0.432408
3.306741
-1.460139
2.381830
-2.429235
-1.707863
-0.523278
-0.855053
-1.325818
1.620755
2.779048
-1.325818
-2.325901
-1.141034
-0.994421
2.089942
1.650626
-0.880350
-1.231504
-1.107149
2.761086
1.892547
-2.622447
-0.045423
1.529154
2.205823
-0.785398
-0.540420
0.463648
0.388319
2.969402
-0.463648
9.779484
-2.148698
-3.583967
0.614663
-1.919567
1.249046
-1.170556
3.559817
2.062606
0.835357
2.356194
-0.668289
9.635871
2.634494
-1.719686
-2.034444
1.768192
1.335251
1.275355
2.886410
2.279423
0.197396
-2.521343
-2.220667
10.110507
2.984991
-2.659079
2.714965
2.228685
1.249046
1.570796
-2.199593
2.016902
-0.847817
-0.605545
-1.259798
-1.570796
-2.000559
1.030377
-1.828120
-2.254506
2.432966
0.414507
-1.925502
2.634494
-2.629203
0.362544
-2.303611
-0.973620
2.414950
2.999696
0.885067
-1.475845
1.997424
2.356194
3.756256
3.228331
-0.172191
-0.321751
-2.777614
9.839285
1.475845
1.030377
2.498092
3.490364
-2.251318
1.352127
-1.076855
-2.393215
0.785398
3.185044
2.166995
0.643501
2.594804
-0.183111
-1.809406
-0.410127
-2.356194
3.574000
0.739975
-1.570796
0.321751
-0.702257
2.259721
0.309703
-0.524796
-2.896614
-0.090660
1.570796
0.960070
-0.321751
2.611377
0.060532
0.830821
2.944197
1.653938
1.138389
1.761981
1.815775
2.425849
-1.352127
0.970746
2.741352
0.235545
2.589938
-1.929567
3.228331
2.956245
1.815775
-1.959115
2.005467
1.199905
0.038443
0.197396
-0.052583
-2.104505
1.141034
3.208161
1.542233
-1.165905
-1.943784
-0.148890
-0.480887
-0.339293
10.210176
-1.980924
-2.526930
-1.876675
3.700192
3.396775
