-1.623379
1.869295
0.588003
0.755104
2.455863
0.214061
1.039072
-0.558599
-3.386571
-2.461071
0.712358
0.761013
-2.245537
1.144169
-2.117585
2.466852
-1.227772
0.404892
1.941688
2.490516
-2.098871
3.141593
-1.880499
-0.643501
3.474837
2.461071
-0.726642
0.244979
0.496423
1.398606
-1.071450
-2.145101
-1.670465
-1.570796
2.089942
-1.789465
0.704494
1.183921
1.287002
1.297788
-3.141593
-0.668289
0.674741
-9.777768
-9.233594
1.107149
2.638749
-1.352127
-1.315614
0.429762
-0.463648
2.988943
-0.436627
2.325901
2.543174
0.114877
2.064738
1.989021
3.522099
2.411693
-1.107149
2.627141
2.627141
-9.851405
1.147942
-2.607884
2.512796
-0.514451
3.360262
0.370891
2.782822
-2.251318
0.309703
-2.582993
0.183111
0.032247
-1.735945
0.598419
-1.412141
1.418147
-0.906750
1.681454
1.570796
-0.566729
-0.436627
1.527345
1.212026
-1.341564
-0.266252
-0.233743
1.753907
2.490516
-0.386876
0.847817
-2.306236
-10.030323
-2.480549
-1.499489
1.943784
0.218669
-1.089909
9.583433
1.673878
2.331809
2.833540
-0.837981
1.380808
-0.321751
-1.644735
1.182478
-0.463648
2.711830
1.784857
-0.052583
2.796037
2.356194
0.858439
1.063698
-9.338040
-1.866237
-0.447520
-1.412141
-3.017238
3.103150
-2.753274
-0.060532
-9.622174
3.675301
1.405648
-1.190290
-0.226799
1.815775
2.645170
-0.380506
2.473303
-1.325818
2.843094
-1.760785
0.625485
-1.747505
2.111216
2.761086
0.446106
-0.685730
3.101614
-2.203545
3.094010
-1.455920
1.825979
0.446106
-0.103082
-0.106736
0.970746
1.063698
2.335789
-0.588003
0.785398
-1.212026
1.610775
-2.356194
2.950408
-2.490516
-0.076772
2.330559
0.651077
-1.753907
1.892547
2.018316
-0.321751
0.363979
-1.216091
0.447520
-0.286051
2.455863
-1.789465
-0.047583
-0.992894
-0.610726
-2.178598
-2.731465
2.466852
-0.429762
-0.607802
0.917950
2.070143
0.321751
3.510926
1.529154
2.181522
0.283794
0.390607
2.601173
0.699893
-2.019520
-1.051650
-2.709185
2.830594
-1.058407
-2.461071
1.307802
-2.356194
-1.570796
-1.310194
2.117585
-2.199593
-2.191046
3.248328
-1.499489
-2.081285
1.451367
-0.158655
-9.275888
-0.300920
1.506369
-2.034444
3.070285
-0.463648
-1.723446
-0.079830
-1.071450
-1.433730
1.373401
-10.057527
0.819867
0.890275
2.319174
2.018316
-1.307802
-1.165905
1.892547
-1.815775
2.356194
-1.387686
-2.383215
-2.723368
-2.214297
3.463343
-1.747505
2.642246
-10.352073
2.214297
2.553590
-1.657535
-2.516108
-0.205395
1.037088
-2.279423
0.321751
0.273009
3.070285
9.640136
-9.612999
2.077895
1.717875
-0.876058
-0.482513
9.654010
3.221423
2.051684
1.735945
-1.985303
-2.441700
-2.850136
0.124355
-10.407572
-1.607816
0.785398
1.365401
0.039979
2.319174
1.904041
0.748378
1.269876
-1.905533
-0.176709
-1.405648
-1.919567
2.480549
-3.926991
1.635223
-0.334737
2.104505
3.752319
-2.098871
-2.607884
0.288055
-1.750650
2.356194
0.223477
1.601090
-0.785398
3.224734
1.937970
0.972377
-9.691030
0.785398
1.869295
-1.024007
1.325818
0.321751
-0.855053
0.308053
-1.379612
-1.933341
-9.716235
0.484478
0.043451
9.498717
2.988943
2.414950
2.774419
-2.018316
0.039979
-2.308611
-1.446441
-0.370891
-1.074374
0.868539
-9.206109
0.885067
-0.540420
2.718739
-2.414950
-0.982794
2.779048
3.360262
3.105894
3.030935
-0.176709
-1.494024
2.677945
-2.761086
-2.003204
-2.553590
-2.205823
0.390607
1.380808
-4.375714
-0.372988
2.167973
1.138389
1.902856
-9.601487
2.782822
1.570796
-1.700499
-2.297439
-1.060308
-0.982794
-9.575149
-0.321751
-9.956502
-2.275290
2.245537
-1.975688
-2.572279
2.800614
0.479519
-0.519146
-2.306236
-2.831890
-2.976444
1.076855
1.196463
-1.837048
-1.279340
0.404892
1.750650
0.076772
3.277120
-2.984991
1.259798
-0.739975
2.723368
-1.815775
-0.732815
-1.703348
-0.652847
-1.284745
2.582993
1.824470
1.854590
-0.600050
-0.298499
1.892547
-2.356194
-2.158799
1.107149
-10.352073
2.843094
2.098871
2.718739
-2.356194
-1.653938
-0.832981
1.644735
1.249046
-3.075024
-2.314552
0.992894
0.000000
2.857799
-1.307802
-2.727086
0.197396
-0.114877
2.553590
1.768192
3.256469
2.505084
-2.034444
0.041643
-1.412141
-10.068279
-0.348771
-0.398522
-1.016489
-2.158799
-0.657889
-2.553590
-1.570796
3.703514
-9.956502
-2.727086
-0.404892
1.428899
2.819842
-2.601173
-2.205823
-3.238066
0.598419
-2.857799
-0.855053
2.051684
2.627141
3.181571
0.524796
2.140110
-2.843094
-2.147172
-9.669757
-1.653938
-1.979704
-0.380506
1.455920
-10.313258
2.553590
1.083897
2.332943
-0.463648
-2.896614
-1.435269
0.785398
2.451146
3.108272
0.785398
0.000000
1.130954
1.107149
1.789465
0.309703
1.620755
1.297788
2.709185
0.442374
3.141593
-1.136126
-2.104505
-0.927295
1.227772
1.650626
0.554307
-2.356194
1.030377
-1.703348
-2.480549
-1.089909
3.215532
-2.782822
1.494024
-0.558599
1.971037
-9.648255
-2.782822
-0.858439
-0.942000
-1.677532
-0.422854
0.179853
-0.726642
-0.761013
0.598419
0.546789
2.181522
-2.578276
9.640136
1.037088
0.533708
-2.544416
-10.077625
-1.373401
0.664046
1.067953
0.694738
0.756835
-0.372988
9.622174
1.800028
1.989021
-3.141593
2.727086
0.588003
1.815775
-0.668289
2.331809
3.218365
1.904041
2.774419
1.570796
-9.956502
-0.124355
0.950547
0.519146
-0.674741
2.101012
2.875341
-0.124355
-2.207305
-1.892547
-1.642104
-0.962994
0.588003
-1.723446
-3.624106
-3.463343
0.000000
3.474837
2.000559
-1.606495
-1.612439
3.283490
2.279423
-2.245537
-3.173840
0.927295
2.782822
-0.812419
2.158799
1.123276
-0.588003
-1.570796
0.847817
1.919567
-2.356194
-1.869295
-1.176005
0.336675
-9.201301
2.283154
-1.080839
-0.545655
-2.466852
-2.850136
0.880350
2.677945
0.722979
-0.141897
-0.386876
1.249046
-0.334737
3.103150
1.570796
-2.587285
0.110657
0.546789
1.249046
-2.727086
2.770701
1.249046
2.896614
1.460139
-0.380506
1.217806
0.463648
-10.531927
2.528385
2.473303
0.093477
-2.727086
3.013269
-1.719686
2.015216
-1.382575
-1.712693
0.214061
-0.041643
1.042722
3.378441
-2.356194
2.613518
2.147172
2.697173
-1.760785
-0.588003
-0.651077
1.695151
-0.811034
0.785398
-10.380911
-0.632749
-2.265535
-0.510488
1.910089
-0.380506
0.286051
-0.334737
0.785398
1.141034
-0.519146
-1.390943
2.432966
-2.329174
-0.052583
-0.620249
2.896614
-9.309901
-1.606495
1.480136
-1.126377
-1.614247
3.141593
-1.661456
0.038443
-2.736701
-0.870903
-2.466852
-0.480887
0.043451
2.711830
-1.677532
-1.107149
2.167973
-0.273009
0.129703
2.279423
-2.473303
-0.066568
1.961403
1.086318
0.620249
-1.318242
2.077895
2.384758
0.902507
2.677945
-1.487655
-1.823351
-10.133404
-0.434670
-2.327631
9.746529
1.925502
-0.620249
2.137526
1.019141
2.782822
0.996491
-1.337053
-0.444419
-0.785398
-0.699893
-2.356194
-1.533776
-1.873681
-1.313473
2.073640
0.244979
0.404892
-0.288055
-1.196463
0.817645
2.582993
-9.377195
-0.809784
1.016489
-1.390943
0.147078
-0.496423
2.329174
-1.639653
