-1.056345
1.913820
-0.835357
0.185348
-1.297788
1.570796
0.110657
-0.110657
-2.951604
-2.711830
-1.292497
2.843094
-2.125104
-2.485897
2.425849
-0.204018
0.643501
-2.660705
2.356194
1.797595
1.259798
-1.373401
-1.297788
2.327631
-0.110657
-2.543174
0.410127
1.124691
0.600050
1.866237
2.660705
-2.380580
1.792878
-2.239086
-2.003204
-2.692869
-0.688924
1.030377
2.077895
1.570796
-1.335251
1.216091
0.927295
0.463648
2.774419
-2.574863
1.216091
-2.137526
1.123276
-0.577902
-2.383215
0.482513
-1.438245
-1.707863
-1.107149
1.292497
0.785398
-1.325818
1.570796
-2.148698
-1.902856
0.982794
-1.138389
-2.767259
-2.300696
-2.251318
0.321751
-0.694738
-1.460139
2.181522
-1.347320
3.141593
-2.717398
1.735945
-1.695151
0.664046
-1.913820
2.228685
1.963136
-2.944197
3.107124
1.951303
-0.756835
-1.259798
0.426627
-1.869295
0.499347
-1.800028
-0.973620
-1.343997
0.919720
-0.179853
2.767259
2.158799
1.670465
-2.158799
1.606495
0.343024
0.605545
2.819842
-1.989021
1.212026
-2.245537
2.275290
-2.067219
-1.570796
-1.227772
1.297788
-1.317122
-0.334737
-0.463648
1.699120
-2.627141
-0.410127
-2.142134
-0.915101
-3.017238
0.336675
2.356194
-0.038443
0.909753
-2.976444
-0.636508
-1.854590
0.785398
2.018316
0.668289
0.982794
-1.348714
3.041924
-1.937970
-1.717875
-0.283794
-1.529154
-0.388319
-2.786887
1.929567
-2.988943
-0.840897
-0.158655
0.935770
2.441700
-2.064738
-1.983207
1.051650
1.261093
1.292497
-2.717398
-2.270689
-2.070143
-2.595938
0.073939
1.460139
3.013269
1.176005
1.435269
2.838708
-0.434670
-1.933341
-1.141034
0.000000
1.071450
-2.847358
-2.798569
-0.540420
-3.103150
-2.208345
2.880990
1.735945
0.668289
-2.706922
-1.190290
0.477345
-1.892547
-2.356194
-2.649783
-1.433730
0.624023
2.073640
-1.956679
0.690446
1.165905
-2.116451
2.194819
-0.551655
2.768605
-0.712358
-2.819842
-0.499347
-0.300920
-0.058756
-2.755710
-2.736701
-3.111299
0.762147
-2.379446
0.255182
-2.117585
0.912908
-3.024484
-3.034857
1.784857
1.784857
-2.104505
1.272297
-2.653259
1.487655
1.008875
-1.160669
1.601090
2.401618
-2.137526
1.989021
0.718830
-2.723368
2.647651
1.797595
2.634494
0.566729
1.538549
-2.466852
-1.287002
1.922241
-1.797595
-1.911775
2.323948
0.321751
-2.639989
0.068856
-1.238737
-0.588003
0.170735
2.418613
0.137066
-1.231504
0.620249
-1.943784
1.122073
-0.229232
-2.677945
-0.685730
2.356194
1.088283
-2.896614
2.245537
1.963136
0.302885
-2.261243
1.723446
-0.071307
2.831890
-2.533791
1.467715
-2.741352
-0.862170
0.434670
1.282741
-0.043451
0.809784
0.808650
2.922924
2.158799
-2.429235
0.235545
1.937970
3.141593
0.172191
2.104505
2.181522
-2.191046
1.601090
1.650626
-2.950408
-2.176341
-1.604117
-0.071307
-1.412141
-0.896055
-1.499489
-1.892547
1.911775
-2.279423
2.601173
-1.540503
0.103082
-0.551655
2.005467
-0.531724
-3.098142
-0.785398
2.471954
-2.982937
2.720173
2.477546
-0.128323
-0.605545
-1.092444
-0.176709
2.251318
-0.962994
-2.649783
1.227772
2.746802
2.510513
-0.726642
0.038443
2.530867
-3.112189
-2.572279
2.158799
1.789465
-1.943784
2.819842
-0.235545
1.530818
0.000000
-2.158799
0.973620
0.588003
-1.570796
1.373401
1.892547
-2.647651
0.076772
3.103150
2.184004
-1.922241
-0.566729
2.999696
-2.994514
2.819842
-0.343024
0.183111
-2.125104
-1.361773
0.628796
1.176005
-2.697173
2.843094
3.141593
1.203622
-1.609239
2.234842
-1.980924
2.767259
-1.537475
0.446106
-0.758378
1.843805
1.789465
-2.034444
0.079830
1.121037
-1.510264
-2.422763
0.446106
-2.441700
1.016489
-0.912908
1.609239
0.283794
-1.042722
-2.331809
0.912908
2.239086
-0.197396
-2.261243
2.859038
0.652847
-1.259798
0.493941
-0.785398
2.736701
-1.789465
2.544416
-2.250210
-1.761981
2.986596
-0.491809
3.101614
-1.152572
0.554307
0.946773
0.119429
-1.529154
1.871717
-2.753274
-3.034857
-2.711830
1.529154
-2.000559
-0.321751
2.194819
1.971037
1.959115
0.737815
0.896055
2.714965
-1.605265
-1.141034
-2.158799
-1.203622
-1.570796
-0.478352
-0.404892
1.957672
-2.843094
0.141897
-0.039979
2.077895
-2.286540
-3.110353
-1.056345
0.197396
0.388319
-0.758378
2.875341
-2.221873
2.514850
1.512041
2.261243
-2.936197
0.367174
-1.348714
2.677945
-2.732685
2.543174
2.437099
0.576375
-2.265535
-0.189988
1.957672
2.976444
2.510513
2.755710
-0.141897
-2.595938
0.132552
0.260602
-2.521343
-0.096474
-1.396124
1.144169
2.582993
-2.214297
0.218669
1.735945
-0.763180
-2.408778
-2.607884
2.446854
-1.335251
3.050933
1.343997
-1.541393
1.695151
0.519146
-1.823351
-1.477320
-1.979704
-0.421419
2.466852
-2.567288
2.918116
-2.303611
-2.886410
0.000000
1.815775
-2.723368
-0.596199
0.400241
-2.239086
-0.345556
-0.597177
1.642104
-0.756835
-1.691420
-0.849141
-2.332943
1.304544
0.982794
-2.754717
1.665748
2.383215
-2.944197
-1.756144
0.785398
0.031240
0.064427
-2.034444
-2.498092
-2.944197
1.297788
1.405648
2.627141
-2.050316
2.859038
2.786887
-0.244979
0.090660
0.620249
0.418224
-1.482789
0.334737
0.528074
-2.601173
2.411693
-0.942000
0.896055
1.690225
-2.279423
-0.598419
-2.976444
2.631104
0.499347
0.477345
-2.279423
3.081061
-0.970746
-0.901157
-1.107149
1.570796
0.661043
0.708626
-2.306236
1.959115
-2.333976
-2.809533
-0.154997
2.378413
-0.321751
-2.251318
0.049958
0.837981
-2.422763
-2.717398
1.700499
-0.229232
-2.034444
0.819867
1.480136
1.325818
1.642104
-0.278300
-2.631104
-2.906048
2.782822
1.570796
0.566729
-0.429762
1.607816
1.333948
1.237552
-0.310998
1.249046
2.958482
-2.545394
-1.937970
2.158799
2.491722
0.741947
-0.351445
-1.685673
-2.383215
1.063698
0.991722
-0.960070
-0.179853
1.016489
-0.690446
-2.070143
-1.024007
-3.045119
2.830594
0.934288
-1.892547
0.896055
0.753151
0.288055
2.289626
1.024007
-2.956245
-0.785398
1.067953
1.570796
-0.994421
-2.976444
-1.400061
0.558599
2.545394
1.506369
1.083897
-2.356194
-1.781890
2.356194
2.819842
-2.790148
0.664046
3.141593
-2.798569
1.905533
-1.797595
2.018316
1.570796
-2.455863
2.517570
-2.914794
-2.660705
-2.810497
2.214297
0.785398
-0.939717
2.677945
2.148698
2.570255
-0.881872
-0.110657
-1.066630
2.356194
1.532354
-0.064427
1.074374
-0.262995
-0.919720
0.000000
0.919720
-2.471954
-3.070285
-2.819842
-1.570796
-0.704494
2.134113
1.451367
-0.962994
3.038511
-0.137066
-0.896055
-1.279340
2.259721
-0.597177
0.785398
-0.447520
0.973620
1.690225
-2.485897
-2.184004
-2.545394
-0.890275
0.093477
2.401618
0.636508
2.649783
0.690446
0.266252
-0.386876
0.866302
-1.540503
1.530818
-2.191046
-0.534955
3.041924
-2.228685
0.960070
-1.712693
0.756835
2.880990
1.212026
-2.677945
-0.732815
-2.601173
-1.433730
-2.790148
2.988943
-1.712693
1.993650
1.759018
-1.325818
1.951303
1.699120
2.331809
-2.089942
2.660705
0.436627
-0.114877
-2.746802
-0.147078
2.878598
-1.892547
2.690931
2.579671
