-0.021786
0.449014
-0.248257
-2.576233
2.447979
-0.304548
0.336536
0.274577
-1.884826
-0.021879
0.820800
0.278869
0.692046
-1.887271
-0.161367
0.287393
-0.227670
-0.359218
2.520462
-0.098909
0.474103
0.284139
1.259965
0.129260
-0.311774
-0.390641
-1.343899
0.353930
0.475342
0.692734
-0.781162
-0.260223
0.711644
0.525509
0.035475
-2.296130
0.230649
-0.304320
0.174514
0.112608
1.559618
0.398256
0.258656
-0.226827
-0.261133
0.680737
-0.274609
-0.554338
-0.381880
0.682823
-0.124972
0.137292
-2.225860
-0.071599
0.551233
-0.015648
2.378328
0.039503
1.675199
-0.077124
0.160814
0.825130
1.019364
-0.072006
0.338204
-0.077061
0.302049
-0.310684
4.739373
0.237108
0.000459
1.055787
0.490486
0.918833
0.768338
0.331493
0.677605
0.935908
0.645103
0.305874
-0.114030
-0.136062
-0.128516
0.308031
-0.027391
-0.293060
0.321475
-0.404424
0.517992
2.030554
0.289766
2.718104
0.626434
-0.172522
-1.307746
-0.291375
2.743642
-0.088608
-0.431920
-0.080420
-1.976362
-0.316473
0.694714
0.113478
0.307868
-0.151074
1.109767
-0.759412
0.330041
2.529369
-2.304890
1.294571
1.404853
-0.312017
0.398949
1.632984
0.534005
0.562196
2.827128
-0.081442
-0.045704
0.074008
-0.257964
0.825581
0.729836
1.182107
0.612890
0.706390
0.036503
-2.076540
0.331245
-0.296781
0.774910
0.740936
0.959240
2.528301
-2.711105
-0.120852
0.225479
0.326669
1.260392
-0.169405
0.875865
0.398082
0.765914
2.885132
0.244061
0.777452
0.855747
0.662125
0.842258
0.070912
0.389644
-0.432639
1.203783
0.059139
0.041510
0.186823
0.028498
-0.320212
0.686352
0.312230
2.875501
0.368002
0.669890
0.581358
-0.306667
0.317737
-0.094731
0.527831
0.559442
-0.103871
1.258778
0.327791
-0.050502
-0.216758
-0.067865
0.379466
0.365408
-0.180164
-0.240121
-0.243043
-0.298966
-0.039966
0.814838
1.694317
-0.195130
-1.496212
0.113487
-0.165264
0.200762
-1.280179
-0.071228
0.728630
0.360393
2.649021
-0.189749
0.953335
0.343391
-0.077163
0.632750
-0.462125
0.893219
-0.381177
0.987922
0.084785
1.815235
-1.050595
0.403669
0.423113
-0.416113
0.039184
1.156472
0.533952
-0.269200
-2.527970
-1.429159
0.406130
-0.027898
0.613517
0.854400
-0.111475
-1.855583
-0.082408
2.713355
-2.001609
0.192374
0.716415
0.166900
2.949240
0.419433
0.015908
-0.240905
0.235139
-0.206304
0.073926
-0.259518
0.090139
0.166064
0.061378
0.196679
0.313657
-0.309635
0.008288
-0.210900
0.095925
0.407072
1.751854
-0.678545
0.461863
0.060333
-0.207415
-0.263998
1.033773
2.741142
0.258118
0.320214
-0.148878
0.599890
0.101349
0.022934
0.569941
0.491490
0.997740
0.514449
0.017787
0.380999
-1.239086
-0.175904
0.456368
0.372898
-0.069877
1.477985
-0.084624
1.082940
0.869308
-0.577163
0.261820
0.444150
-0.046142
0.959212
-1.564479
-0.331117
0.953227
-0.294694
0.037172
-0.101864
0.334684
-0.108498
0.212142
-0.201913
-0.352652
1.060984
0.329817
1.099191
0.412806
0.232554
-0.358183
0.377381
-0.164905
1.715184
0.320531
0.041081
0.553849
0.347297
0.823451
0.077231
0.284617
-2.244387
0.230171
-0.202177
-0.165831
-0.305780
-0.746317
2.629654
1.060957
0.906360
0.579000
0.328130
0.452005
0.168422
-0.470700
0.767416
0.129540
1.542802
0.533067
0.536311
1.125926
-0.322713
0.077148
0.088040
0.162777
-0.316069
0.420662
-0.574178
-0.420035
-0.215335
0.942146
-1.080140
1.789232
0.531182
-0.331142
-0.237563
-0.094724
0.110631
0.106288
0.072926
0.450697
1.032736
-0.046081
0.237859
0.187986
-0.094486
0.241617
0.004494
-0.320798
0.475639
0.618722
-0.109706
0.211483
-0.136594
-0.210406
-1.923107
0.433284
-0.190974
0.241533
0.376228
0.478185
0.771026
-0.442785
0.181215
-0.028416
0.091557
0.372871
-0.353027
-0.444736
-0.065786
2.772039
0.705915
1.418296
-1.332967
-0.310634
-0.231143
0.049738
0.231555
1.018861
-0.331695
-0.420006
1.390544
1.001846
1.057513
-1.954413
1.176509
-0.014701
0.224169
-0.383077
0.421328
0.678504
0.253008
0.750966
-0.012111
-0.190843
1.467796
0.262562
0.022219
0.274462
0.391778
-1.586893
0.502181
-0.397252
0.247311
0.292506
-0.466795
0.057860
0.399796
0.242152
-0.358860
0.413372
-0.324298
-0.418128
0.295782
0.151005
0.129370
-0.186921
-0.058849
0.770895
1.006359
-0.059297
-1.719521
-0.052574
2.048371
0.069828
0.342899
0.912883
0.341397
0.053216
1.926224
-0.042751
-0.016656
1.110544
0.638685
-2.019454
-0.040567
2.381602
-2.134984
-0.011586
0.327686
1.285454
0.123387
-0.153338
0.662538
0.405780
-0.269196
0.365599
-0.185623
0.197646
1.330887
0.033483
-0.042283
-0.343199
-0.351858
1.201886
-0.262759
1.463528
0.684952
-0.288579
-0.238727
-0.383257
0.374007
0.291435
-0.202560
0.095539
-2.865974
0.482838
-0.428166
0.262691
1.658231
-0.114341
0.338163
0.089121
-0.144916
-0.417516
-0.186865
-0.086116
0.278162
1.045777
0.499876
-1.916105
0.392844
0.383689
0.045655
0.349169
0.805667
2.041405
0.101480
1.542202
0.681992
2.740651
0.554630
-0.178061
0.862996
-0.317974
0.226750
-0.383280
-2.486547
-0.241066
0.037497
0.911743
2.072423
-0.365621
1.305483
-0.603283
-0.250402
0.478674
0.793280
0.054434
1.242727
1.027166
0.353711
0.108913
-0.370922
1.273662
0.417186
0.299379
-2.683109
0.653841
0.261221
-0.213733
-0.294900
0.373025
1.107466
0.605972
-0.371758
-0.028279
-0.508473
-0.160911
-1.438149
-0.109597
-0.117976
1.825440
0.189409
0.142297
-0.083140
0.303370
-0.099799
0.065961
1.700685
-0.344887
-0.345271
0.481028
0.324180
0.175859
0.225691
0.232647
0.290530
0.307037
2.276062
-0.433728
-0.115044
0.283266
0.365724
-0.128880
-0.392561
0.157277
0.607698
0.036852
0.331026
-0.083470
0.142624
-0.242996
-1.902850
0.167551
0.347477
-0.095716
-1.965621
0.162684
0.403139
1.156852
-2.402138
-0.182433
-2.003655
-0.243747
-0.398585
-0.503447
-1.671301
0.954773
-0.191153
-0.332323
-0.210223
-1.956188
0.198520
0.253596
-0.070516
-0.042798
-0.149215
2.959179
0.323175
0.195136
-0.012259
4.947155
-0.008394
-0.035501
0.529612
0.183247
-0.209184
0.712409
-0.240227
-1.665784
1.275855
0.324880
0.903865
0.204184
1.608131
-0.204084
-0.019131
-0.015081
-0.366418
1.244991
0.833392
0.269373
-0.077208
2.762277
0.385693
0.395110
0.415139
-0.236722
0.004237
0.194882
0.465471
1.206280
0.442839
0.090940
-0.064552
0.389262
-0.317777
1.393673
1.022037
-1.235591
0.777962
0.030777
1.288425
0.308014
-0.147643
-0.187608
-0.103548
0.109192
0.152249
1.997653
0.996818
0.245420
0.437458
-1.831235
-0.143862
-0.114364
0.724380
-0.216641
0.271156
-0.154134
1.758281
-1.793054
0.976182
0.362300
1.555134
-0.268389
-1.865700
-0.042137
-0.020865
0.156914
-0.088189
-0.030267
-0.346644
-0.072352
0.322255
-0.097810
0.182928
-1.891340
-0.118830
0.137514
0.673870
0.850862
-0.976123
0.938667
0.136062
-2.535417
0.659026
0.486703
-0.059206
-0.266835
0.078776
0.033377
