1.570796
3.926991
2.356194
3.141593
0.785398
-2.819842
0.000000
2.677945
-2.553590
-8.317629
-0.785398
2.356194
5.176037
9.424778
-2.819842
6.283185
0.000000
2.677945
3.141593
-3.141593
2.677945
5.497787
-1.570796
-1.570796
-2.819842
-2.677945
3.141593
1.570796
15.707963
-1.107149
-1.570796
2.677945
7.853982
-1.107149
-1.570796
-2.034444
2.034444
-1.570796
2.356194
4.390638
-1.570796
3.141593
1.570796
-2.677945
-3.141593
9.424778
-1.570796
6.283185
-2.819842
2.356194
-1.570796
9.424778
2.356194
7.068583
2.356194
6.283185
-2.034444
3.605240
-8.317629
6.283185
0.000000
0.000000
2.677945
-1.570796
-2.677945
-2.677945
-2.356194
15.707963
-1.570796
-2.034444
-0.785398
-2.819842
3.141593
2.356194
2.356194
6.283185
2.356194
6.283185
-1.570796
1.570796
-8.317629
-1.570796
0.000000
1.570796
-1.107149
3.141593
7.068583
-0.785398
-2.677945
9.424778
-2.034444
7.068583
2.677945
-7.853982
-2.677945
-3.141593
2.356194
-1.570796
-2.677945
6.283185
1.570796
-0.785398
3.141593
-2.356194
15.707963
1.570796
1.570796
3.141593
6.283185
7.853982
-2.677945
7.853982
-1.107149
-1.570796
-0.785398
1.570796
0.000000
-0.785398
7.853982
2.356194
1.570796
6.283185
-8.317629
-0.785398
3.141593
9.424778
-2.677945
-1.570796
-2.677945
-0.785398
3.141593
9.424778
3.141593
-7.853982
6.283185
2.677945
6.283185
-0.785398
-1.107149
0.000000
2.356194
1.570796
7.853982
7.068583
-2.034444
-2.819842
1.570796
-1.107149
-1.107149
6.283185
-0.463648
7.068583
1.570796
6.283185
-1.570796
-1.570796
-2.819842
7.853982
3.141593
7.068583
-1.570796
7.853982
1.570796
-2.677945
-0.785398
-2.677945
-2.677945
7.853982
7.068583
3.141593
3.141593
2.034444
-2.677945
-2.356194
-1.107149
-0.785398
-1.570796
9.424778
-1.570796
-8.639380
2.356194
4.712389
3.141593
0.000000
2.677945
-2.819842
-1.570796
-2.819842
-1.570796
-2.819842
6.283185
-2.677945
-2.677945
-2.034444
-0.785398
3.141593
2.356194
-2.356194
-1.570796
15.707963
7.068583
2.356194
6.283185
7.853982
0.000000
-1.570796
-1.570796
-0.785398
2.356194
6.283185
-1.570796
-1.107149
-2.677945
2.677945
-2.034444
-2.034444
3.141593
-1.570796
-2.356194
-2.034444
-1.107149
3.141593
-0.785398
-1.570796
2.034444
-1.107149
-2.677945
1.570796
7.853982
-8.317629
-2.677945
-2.034444
0.000000
-2.677945
-0.785398
-2.034444
5.497787
2.034444
3.141593
3.605240
-1.570796
-2.034444
-2.677945
-2.356194
6.283185
0.000000
2.356194
-2.677945
5.497787
6.283185
-1.570796
-0.785398
2.677945
-2.034444
5.497787
5.819538
8.961130
-0.785398
-2.677945
-0.785398
7.068583
-2.034444
-4.712389
2.356194
0.000000
-1.570796
3.141593
9.424778
1.570796
-1.570796
3.141593
-2.677945
-2.356194
6.283185
-0.785398
2.356194
0.000000
-2.034444
2.677945
2.356194
9.424778
2.356194
0.000000
3.141593
1.570796
6.283185
-1.570796
1.570796
0.000000
-1.570796
-2.356194
-0.463648
-2.356194
-0.785398
2.677945
6.283185
-2.677945
6.283185
-0.785398
-2.677945
1.570796
3.141593
-0.785398
0.000000
-2.677945
-7.853982
-1.570796
-1.107149
6.283185
9.424778
2.356194
-8.317629
3.141593
-2.819842
-2.034444
7.853982
1.570796
6.283185
2.677945
7.068583
2.356194
6.283185
-4.712389
-8.317629
-2.356194
2.356194
5.819538
-2.034444
2.677945
-2.034444
5.497787
-2.034444
2.356194
7.068583
-2.677945
1.570796
0.000000
-2.677945
-2.677945
-2.356194
-8.317629
-2.034444
2.356194
-8.317629
-2.356194
-8.175732
-8.175732
-2.034444
6.283185
2.034444
2.356194
-0.785398
-1.570796
-1.107149
2.677945
-2.677945
-0.785398
-2.356194
1.570796
2.356194
2.356194
0.785398
2.356194
1.570796
-2.677945
2.356194
-0.785398
-0.785398
-2.034444
3.141593
-2.677945
2.356194
5.497787
1.570796
2.356194
-2.677945
6.283185
6.283185
-2.677945
7.853982
-2.356194
6.283185
0.000000
-1.570796
0.000000
3.141593
-0.785398
-2.677945
2.677945
0.000000
1.570796
-2.034444
-2.356194
2.356194
-1.892547
2.356194
-0.785398
6.283185
5.497787
-0.785398
0.785398
3.141593
-8.639380
-1.570796
-1.892547
-1.107149
9.424778
-2.819842
2.356194
-2.677945
-7.853982
7.853982
7.068583
-1.107149
-2.034444
2.677945
-8.317629
3.141593
3.141593
-8.317629
-2.034444
-1.570796
2.677945
-2.356194
0.785398
7.853982
0.000000
-2.677945
-1.107149
7.068583
-0.785398
1.570796
2.034444
-7.853982
-1.107149
-2.677945
0.000000
1.570796
2.356194
-8.317629
-1.570796
-1.570796
7.853982
-2.819842
6.283185
2.356194
2.356194
5.176037
6.283185
-2.677945
-1.107149
-1.570796
-1.107149
-0.785398
-2.677945
0.000000
-0.463648
-2.677945
-2.356194
-8.639380
7.068583
-8.317629
-8.175732
0.000000
3.141593
2.356194
-8.317629
-8.317629
-1.570796
2.034444
7.853982
-2.677945
3.141593
2.677945
-2.356194
-1.570796
-0.785398
1.570796
6.283185
6.283185
1.570796
-2.356194
-1.570796
-1.570796
-8.639380
-8.317629
-2.677945
6.283185
2.677945
-2.677945
9.424778
-2.034444
3.141593
7.068583
-2.356194
2.677945
3.141593
2.356194
-2.356194
6.283185
-1.107149
2.356194
-8.317629
-2.356194
-2.356194
2.356194
-1.892547
2.356194
2.356194
2.034444
6.283185
1.570796
2.356194
7.068583
2.677945
2.677945
-8.317629
2.356194
-2.034444
-2.034444
0.000000
-1.570796
3.141593
-2.677945
-1.570796
3.141593
-8.639380
2.356194
-8.639380
-2.677945
-2.677945
6.283185
2.034444
-8.317629
-1.107149
1.570796
7.853982
0.785398
-1.570796
7.853982
-0.785398
2.356194
-2.677945
0.000000
-1.107149
0.000000
-2.677945
4.712389
0.785398
-2.356194
-1.107149
3.141593
2.356194
-0.785398
1.570796
7.068583
-1.107149
2.356194
-2.677945
-2.356194
2.356194
-2.677945
-0.785398
7.068583
-2.356194
-2.034444
-2.677945
-1.107149
2.677945
3.141593
-9.888426
-0.785398
-0.785398
3.141593
-1.570796
-2.677945
-1.107149
-2.677945
-2.677945
6.283185
7.853982
-1.107149
-1.570796
3.141593
-2.677945
-0.785398
9.424778
3.141593
6.283185
-2.677945
2.356194
2.034444
-0.785398
-2.677945
2.356194
6.283185
-1.107149
-0.785398
-2.677945
-8.639380
4.248741
-8.317629
-8.961130
-2.677945
7.853982
-2.677945
-2.677945
3.141593
-2.819842
-6.283185
-2.677945
-2.677945
6.283185
7.068583
4.712389
-1.892547
-2.356194
2.034444
6.283185
-2.034444
2.677945
6.283185
3.141593
-0.785398
3.141593
3.141593
2.356194
-2.356194
6.283185
7.068583
-1.107149
-3.141593
3.141593
9.424778
9.888426
3.141593
-2.034444
7.853982
-2.356194
-8.317629
3.141593
-2.356194
-2.034444
5.176037
-8.175732
-1.570796
2.677945
6.283185
2.356194
-2.356194
1.570796
1.570796
-1.570796
-0.785398
-1.570796
3.141593
-1.570796
-2.034444
2.356194
3.141593
1.570796
3.141593
-8.317629
-1.107149
3.141593
5.176037
-1.107149
-0.785398
-3.141593
-8.317629
2.356194
2.356194
-3.141593
-2.677945
7.853982
-1.570796
6.283185
9.424778
2.356194
-2.677945
-0.785398
6.283185
0.000000
-1.570796
3.141593
-2.356194
-8.317629
1.570796
9.424778
-1.570796
