2.356194
2.356194
6.283185
-2.356194
-0.785398
-1.570796
-2.677945
-2.677945
6.283185
2.356194
6.283185
7.853982
3.141593
2.356194
2.677945
-2.677945
-8.639380
0.785398
0.000000
9.424778
6.283185
5.497787
-1.570796
-8.175732
9.424778
7.068583
-8.317629
-0.463648
2.677945
0.463648
5.176037
6.283185
6.283185
-1.570796
-2.677945
-0.785398
-0.463648
3.141593
3.141593
2.034444
2.677945
-1.249046
0.000000
-8.317629
-9.103027
3.141593
5.176037
-1.892547
6.283185
2.356194
-2.677945
6.283185
-8.639380
-8.317629
0.463648
-1.570796
-8.317629
-4.712389
6.283185
-1.570796
3.141593
0.000000
0.000000
-2.034444
-1.892547
3.141593
7.068583
-8.317629
-0.785398
6.283185
-1.107149
9.103027
-2.034444
3.141593
-2.356194
-1.570796
-1.570796
3.141593
-2.034444
2.677945
-0.785398
9.424778
1.570796
3.141593
0.000000
7.853982
-2.356194
-2.677945
7.068583
6.283185
0.000000
2.677945
5.176037
15.707963
3.141593
-2.677945
2.677945
0.463648
0.000000
6.283185
-0.785398
-1.570796
2.677945
-3.141593
6.283185
-1.570796
3.926991
-8.639380
-0.785398
7.853982
2.034444
-4.712389
-2.034444
2.356194
-2.356194
-1.107149
-0.785398
-1.570796
-1.570796
-0.785398
-1.570796
0.000000
-1.570796
2.677945
7.853982
7.853982
-2.356194
3.141593
-2.677945
2.356194
6.283185
2.677945
2.677945
3.141593
-8.639380
3.141593
-2.677945
-0.785398
1.570796
6.283185
7.068583
-2.553590
-1.570796
2.356194
2.356194
1.570796
7.853982
3.141593
4.712389
-1.570796
-1.892547
-1.570796
-1.107149
9.424778
-2.677945
5.497787
0.000000
-1.570796
2.819842
9.424778
2.677945
1.570796
0.000000
6.283185
-2.677945
-2.034444
-1.249046
0.463648
-1.570796
-15.244316
-0.785398
3.141593
2.677945
-1.570796
-1.570796
0.000000
-1.570796
3.141593
6.283185
2.356194
-0.785398
-8.317629
-2.034444
-2.356194
1.570796
0.000000
1.570796
-0.785398
-0.785398
12.566371
1.570796
-1.107149
0.000000
-2.677945
-2.356194
-1.107149
-8.639380
-1.570796
-1.570796
-7.853982
-0.785398
2.356194
0.000000
-2.677945
-1.570796
-2.034444
-4.712389
1.570796
-1.570796
-0.785398
-2.356194
-1.570796
-1.107149
-2.677945
-8.317629
-0.785398
4.248741
-1.107149
9.424778
-2.677945
-2.034444
-2.677945
2.356194
2.356194
-2.356194
7.853982
9.424778
3.141593
3.141593
7.068583
2.356194
-9.424778
-6.283185
-1.570796
7.853982
-2.677945
-2.677945
-2.677945
-1.570796
-15.707963
-2.356194
-0.785398
-1.107149
2.677945
-8.317629
1.570796
2.356194
2.356194
7.853982
1.570796
1.570796
-0.463648
3.141593
1.570796
0.785398
2.356194
2.034444
0.000000
2.677945
-1.570796
0.000000
4.390638
0.000000
3.605240
1.570796
1.570796
-1.570796
-1.107149
8.961130
-2.356194
9.424778
0.000000
4.712389
2.677945
-2.677945
7.068583
-8.639380
-1.570796
0.000000
-4.712389
9.424778
-0.785398
-1.249046
3.141593
2.034444
6.283185
-2.356194
-1.107149
0.000000
-0.785398
10.995574
1.570796
2.356194
-8.639380
2.356194
3.141593
-0.785398
-2.356194
-2.677945
-2.356194
-1.892547
-1.107149
0.000000
-1.570796
0.000000
-2.356194
5.497787
7.068583
6.283185
-2.356194
-0.785398
6.283185
-2.034444
-1.107149
0.785398
2.677945
-8.317629
3.141593
9.424778
6.283185
-2.356194
2.677945
-2.356194
-8.317629
6.283185
6.283185
-0.785398
9.424778
3.141593
-2.356194
-2.677945
-1.107149
2.034444
-2.356194
-2.677945
15.707963
2.677945
8.961130
3.141593
1.570796
0.785398
-2.034444
-2.553590
2.356194
-1.570796
-2.034444
12.566371
6.283185
2.356194
0.000000
-2.034444
6.283185
-8.317629
3.463343
-2.677945
-1.107149
0.463648
-3.141593
-2.034444
-2.819842
2.034444
6.283185
-2.356194
-7.853982
0.000000
7.068583
1.570796
-2.034444
-2.356194
2.356194
-2.677945
0.000000
-0.785398
2.034444
-0.785398
-2.034444
-1.570796
-1.570796
7.068583
6.283185
-2.034444
12.102723
2.034444
-1.892547
-1.570796
-2.034444
1.570796
-0.000000
3.141593
-1.107149
-2.034444
-0.785398
12.566371
2.356194
-2.356194
6.283185
0.000000
-2.819842
-1.249046
-1.570796
-2.034444
2.356194
-7.853982
7.068583
-2.677945
2.677945
11.459222
-2.034444
-2.034444
9.424778
1.570796
0.000000
7.853982
1.570796
2.677945
6.283185
2.356194
5.497787
-3.141593
7.068583
5.819538
2.034444
5.497787
1.570796
-2.356194
-2.034444
-0.785398
0.000000
3.141593
6.283185
2.034444
3.605240
6.283185
2.034444
-0.463648
-0.463648
5.497787
-0.785398
3.141593
0.000000
-1.570796
-2.677945
-2.356194
-9.103027
-2.356194
-1.107149
1.570796
2.356194
-0.785398
12.566371
12.566371
-1.570796
-1.570796
3.141593
-8.317629
-8.317629
-2.677945
7.068583
-2.034444
6.283185
-1.570796
-0.785398
-8.317629
3.141593
-1.107149
-1.570796
-1.107149
1.570796
-2.356194
15.707963
-8.175732
-1.570796
-1.892547
2.356194
15.707963
-2.034444
7.068583
3.141593
2.356194
-1.570796
-1.570796
-1.107149
-2.356194
-0.785398
0.000000
-8.639380
3.141593
0.000000
6.283185
-4.712389
0.785398
-1.570796
-1.570796
4.712389
2.677945
0.000000
-2.356194
-2.677945
-2.677945
0.000000
-1.570796
-2.677945
0.000000
9.424778
0.000000
6.283185
6.283185
6.283185
-8.317629
-0.785398
2.356194
0.000000
-1.570796
-2.158799
-1.107149
7.068583
-2.034444
-0.785398
-1.570796
6.283185
-2.677945
-0.785398
-2.677945
0.785398
1.570796
7.853982
2.034444
-0.785398
-2.356194
2.677945
-2.034444
-0.785398
5.497787
-0.463648
1.570796
2.356194
1.570796
2.356194
7.068583
2.034444
7.068583
-0.785398
-1.107149
2.034444
3.141593
3.141593
-4.712389
-0.785398
3.141593
-0.463648
2.356194
1.570796
9.424778
0.000000
3.141593
3.141593
1.570796
-2.034444
-1.107149
3.141593
-1.570796
-2.356194
-8.317629
-2.677945
2.677945
7.068583
0.000000
-1.107149
-1.570796
3.141593
7.068583
-2.034444
-2.677945
0.000000
2.356194
-0.785398
-2.677945
-2.677945
0.000000
6.283185
9.424778
-8.317629
-2.356194
6.283185
4.390638
6.283185
1.570796
-2.677945
9.424778
5.497787
-0.463648
-0.785398
0.000000
4.712389
6.283185
5.176037
-2.677945
-2.356194
-2.677945
5.497787
7.853982
-1.107149
-2.677945
-0.785398
-8.639380
-8.175732
1.570796
2.356194
3.141593
6.283185
6.283185
-2.356194
-1.570796
-0.785398
-1.570796
6.283185
-8.639380
1.570796
-2.034444
0.000000
2.356194
-0.785398
3.605240
-2.356194
3.605240
1.570796
-1.570796
7.853982
-3.141593
7.068583
-1.570796
-2.158799
-0.785398
-2.034444
0.785398
-14.458917
3.141593
-1.570796
6.283185
6.283185
1.570796
7.853982
-2.677945
1.570796
-2.034444
1.570796
-0.785398
-2.356194
1.570796
1.570796
5.819538
-3.141593
7.853982
-1.570796
-2.677945
2.356194
-1.570796
2.356194
2.034444
3.141593
-1.107149
-2.677945
6.283185
6.283185
3.141593
-2.356194
0.000000
-2.158799
-1.107149
6.283185
-1.570796
3.605240
-0.785398
-1.570796
-2.356194
3.141593
1.570796
-0.785398
-2.677945
6.283185
-0.785398
1.570796
2.356194
-1.107149
2.356194
2.356194
-3.141593
2.356194
-1.570796
7.068583
