-8.317629
9.424778
3.141593
-4.712389
6.283185
-2.034444
9.424778
-8.639380
6.283185
6.283185
-2.677945
2.677945
-2.356194
-2.034444
0.000000
3.141593
-0.785398
3.141593
7.068583
-9.103027
-1.570796
-1.570796
7.068583
6.283185
-2.677945
0.000000
-8.317629
3.141593
-2.677945
-8.639380
-8.639380
-1.570796
3.141593
4.712389
-1.570796
3.141593
-0.463648
1.570796
-1.570796
6.283185
-2.356194
-1.570796
-1.107149
3.141593
-2.034444
3.141593
-2.677945
2.356194
-7.853982
7.068583
-2.677945
6.283185
-1.570796
-2.034444
3.926991
5.176037
6.283185
-2.034444
-1.570796
-9.424778
-2.677945
3.141593
2.356194
-1.570796
1.570796
-8.317629
-8.639380
-2.677945
3.141593
-7.853982
6.283185
-2.356194
3.141593
-2.034444
-3.141593
-2.677945
-2.677945
6.283185
3.926991
-7.853982
3.141593
-2.034444
9.424778
0.000000
0.000000
-2.356194
5.176037
0.000000
-2.677945
-8.317629
7.853982
6.283185
-1.570796
-2.356194
-2.677945
-2.356194
3.141593
-2.677945
-2.819842
-2.356194
-1.570796
3.141593
-2.158799
-2.356194
1.570796
-1.570796
-0.785398
6.283185
3.141593
0.000000
3.141593
2.356194
-2.356194
-8.317629
-8.317629
2.356194
-1.570796
-1.570796
3.141593
2.356194
1.570796
3.141593
-2.356194
6.283185
-1.570796
-2.677945
-1.570796
-6.283185
4.712389
3.141593
-7.853982
-1.107149
-8.317629
3.141593
-1.570796
3.141593
7.853982
-8.317629
1.570796
-0.000000
10.210176
0.000000
-1.570796
-2.677945
-2.677945
-2.356194
-0.785398
-2.356194
-1.570796
-8.639380
-8.317629
-0.785398
6.283185
6.283185
-0.785398
5.176037
1.570796
-0.785398
-2.677945
-0.785398
6.283185
-8.639380
0.000000
2.356194
-8.639380
-0.785398
3.141593
2.356194
-2.677945
-8.961130
-8.639380
2.356194
-8.639380
3.141593
3.141593
-1.570796
6.283185
-2.356194
-2.677945
-6.283185
-0.785398
-3.141593
3.141593
-2.034444
3.141593
3.141593
3.141593
6.283185
-8.317629
-1.570796
2.034444
-1.570796
3.141593
-1.570796
3.141593
6.283185
-0.785398
0.000000
-2.677945
0.000000
-1.107149
-2.356194
-1.107149
15.707963
3.141593
-2.677945
-1.570796
-1.570796
-1.570796
6.283185
-8.639380
-1.892547
3.141593
-2.356194
2.677945
0.000000
1.570796
4.712389
-1.570796
3.141593
-1.570796
2.356194
2.356194
-2.356194
2.356194
5.497787
2.356194
15.707963
3.141593
7.853982
6.283185
6.283185
2.356194
0.785398
0.000000
2.356194
3.141593
3.141593
3.605240
2.356194
6.283185
0.000000
-1.570796
-1.570796
4.712389
-6.283185
3.141593
2.677945
-1.570796
-1.570796
2.677945
3.141593
-0.785398
-1.570796
0.000000
2.356194
6.283185
-2.677945
-2.677945
-2.356194
-0.785398
2.356194
6.283185
6.283185
0.000000
3.141593
9.424778
1.570796
0.000000
-2.034444
-1.570796
-2.356194
0.000000
4.712389
0.000000
-8.639380
-1.570796
5.497787
3.141593
-1.570796
9.888426
6.283185
-8.317629
-1.570796
6.283185
6.283185
3.141593
3.605240
3.141593
-2.034444
-2.034444
-4.712389
10.210176
2.356194
-1.570796
9.424778
10.210176
5.497787
6.283185
3.141593
2.677945
5.497787
-8.175732
-2.677945
-1.570796
2.356194
2.356194
-2.356194
7.068583
-2.034444
-8.639380
6.283185
2.356194
-1.570796
-2.677945
-8.639380
3.141593
-2.356194
-2.356194
0.000000
6.283185
-2.034444
2.356194
-2.819842
9.424778
4.712389
-0.785398
4.712389
3.141593
9.424778
1.570796
-2.356194
3.141593
4.248741
-3.141593
-2.677945
-2.034444
9.424778
7.853982
0.000000
-1.570796
-2.819842
-1.570796
-2.034444
-2.356194
-0.785398
2.677945
-0.000000
-8.317629
-8.639380
-0.785398
7.068583
2.356194
-0.785398
2.356194
6.283185
2.356194
9.424778
-2.034444
-2.356194
-0.785398
1.570796
3.141593
-1.570796
3.605240
2.356194
3.926991
2.356194
0.000000
-2.677945
0.000000
-1.570796
-1.570796
7.853982
-3.926991
0.000000
-1.570796
3.141593
3.141593
3.141593
-2.356194
3.141593
6.283185
2.356194
6.283185
2.356194
-1.570796
-1.107149
2.356194
0.000000
0.000000
-7.390334
5.497787
-1.570796
6.283185
6.283185
-2.356194
3.141593
6.283185
-2.677945
-8.961130
6.283185
-1.107149
-2.677945
1.570796
3.141593
-1.570796
0.000000
2.356194
2.356194
7.068583
-2.356194
6.283185
-2.677945
-1.570796
3.141593
15.707963
3.141593
-3.141593
2.356194
-2.356194
-2.677945
7.068583
-1.570796
-2.034444
3.141593
-2.677945
1.570796
5.497787
0.000000
-6.283185
-8.317629
3.141593
6.283185
-1.570796
-0.785398
-0.785398
5.819538
7.853982
3.141593
2.356194
-8.639380
6.283185
-1.570796
-1.570796
-1.570796
2.356194
-2.356194
-2.356194
3.926991
3.141593
-1.570796
2.356194
-2.356194
3.141593
-7.853982
-0.785398
-2.034444
-2.034444
3.141593
-8.639380
-1.570796
-1.570796
-2.677945
-1.107149
6.283185
4.248741
9.424778
6.283185
-2.356194
3.926991
1.570796
-2.034444
-2.356194
9.424778
6.283185
2.677945
-1.570796
2.356194
3.141593
-2.034444
-2.356194
3.141593
2.356194
-1.107149
2.356194
0.000000
2.356194
3.141593
-2.034444
1.570796
6.283185
-8.317629
-0.785398
-2.034444
4.712389
0.000000
6.283185
9.424778
3.141593
3.605240
-2.356194
2.356194
3.141593
-2.553590
-0.463648
3.141593
3.141593
-1.570796
-1.892547
1.570796
3.141593
-0.785398
3.141593
2.356194
2.034444
3.141593
6.283185
1.570796
0.000000
-2.677945
-1.570796
-1.570796
6.283185
3.141593
-2.356194
-2.356194
-1.107149
-6.283185
3.926991
3.926991
2.356194
-2.356194
-2.356194
-1.570796
-1.570796
-7.853982
6.283185
3.141593
-7.853982
-2.677945
-1.570796
-1.570796
1.570796
7.068583
-2.034444
-7.853982
-2.034444
3.141593
2.034444
-2.356194
-0.785398
6.283185
1.570796
-1.570796
-1.570796
-1.570796
-0.463648
3.141593
-1.570796
15.707963
-2.356194
-3.141593
0.000000
-2.158799
6.283185
-8.317629
3.926991
1.570796
5.497787
6.283185
-1.570796
15.707963
2.356194
-8.639380
-2.356194
6.283185
1.570796
6.283185
2.677945
7.853982
0.000000
3.141593
-2.677945
9.888426
3.141593
3.141593
3.141593
2.356194
1.570796
6.283185
-2.356194
2.356194
-1.570796
-1.570796
-2.034444
-1.570796
-2.356194
-0.000000
-7.853982
-2.819842
3.141593
-0.785398
-2.356194
3.141593
-3.141593
-0.785398
-2.677945
-1.570796
3.141593
3.141593
0.000000
-8.639380
6.283185
6.283185
3.141593
3.141593
4.712389
-1.570796
3.141593
9.424778
6.283185
0.000000
3.926991
9.424778
-2.677945
0.000000
-7.853982
-2.677945
0.000000
2.677945
2.356194
0.000000
2.356194
-1.570796
-2.356194
-0.463648
-2.356194
3.926991
0.000000
-8.317629
-1.570796
-1.570796
2.356194
-0.785398
-1.570796
3.141593
5.176037
6.283185
0.000000
-1.107149
2.356194
-0.785398
6.283185
2.677945
6.283185
6.283185
1.570796
6.283185
2.356194
-2.034444
6.283185
2.677945
-0.785398
2.356194
-2.819842
9.424778
3.141593
0.000000
-2.034444
7.853982
0.000000
-0.785398
-1.570796
-0.785398
-2.356194
6.283185
3.141593
7.068583
-8.317629
-2.356194
-1.107149
-1.570796
-0.785398
15.707963
-2.356194
-2.356194
-2.356194
3.141593
3.605240
