-0.881872
1.892547
-0.463648
0.390607
-0.956133
1.670465
0.062419
0.043451
-2.880990
-2.699218
-1.343997
2.994514
-2.073640
-2.279423
2.279423
-0.302885
0.785398
-2.699218
2.422763
1.862253
1.304544
-1.343997
-1.217806
2.601173
0.165149
-2.356194
0.750929
1.222025
0.785398
2.196281
2.677945
-2.223643
1.876675
-2.013171
-1.975688
-2.582993
-0.442374
1.828120
2.245537
1.618379
-1.172274
1.158386
1.063698
0.404892
2.907849
-2.466852
1.165905
-2.034444
1.292497
-0.548549
-2.129396
0.531724
-1.359703
-1.801887
-1.134169
1.414194
0.741947
-1.107149
1.778293
-2.226492
-2.098871
1.076855
-1.080839
-2.729182
-2.102520
-2.055274
0.574305
-0.334737
-1.356736
2.541542
-1.086318
9.560306
-2.589938
1.616220
-1.570796
0.605545
-1.873681
2.236766
1.983207
-2.875341
3.298195
2.034444
-0.674741
-1.339706
0.524796
-1.570796
0.785398
-1.815775
-1.138389
-1.147942
0.904827
-0.165149
9.044272
2.356194
1.703348
-2.226492
1.759018
0.982794
0.463648
3.011890
-1.687905
1.325818
-2.191046
2.297439
-1.905533
-1.279340
-1.299849
1.438245
-1.292497
-0.266252
-0.519146
1.570796
-2.390664
-0.141897
-2.316216
-1.083897
-2.930499
0.528074
2.530867
0.000000
1.249046
-2.718739
-0.685730
-1.815775
0.896055
2.158799
0.817645
1.107149
-1.325818
9.307669
-1.862253
-1.892547
-0.207496
-1.190290
-0.185348
-2.651635
1.980924
-2.835714
-0.785398
-0.045423
1.337053
2.697173
-2.129396
-1.937970
1.304544
1.373401
1.687905
-2.651635
-2.089942
-1.969319
-2.589938
0.099669
1.727398
9.314121
1.264917
1.570796
9.146478
-0.489957
-1.801887
-0.856706
-0.071307
1.217806
-2.819842
-2.798569
-0.588003
-2.770701
-2.142134
2.896614
1.508378
0.714091
-2.729182
-1.128422
0.321751
-1.789465
-2.226492
-2.570255
-1.499489
0.927295
2.145101
-1.892547
0.674741
1.267911
-2.060754
2.273053
-0.540420
2.907849
-0.785398
-2.788602
-0.363979
-0.380506
-0.052583
-2.622447
-2.567288
3.141593
0.685730
-2.399645
0.620249
-1.993650
0.825377
-3.141593
-2.846152
1.993650
1.892547
-1.784857
1.373401
3.581435
1.520838
1.107149
-0.960070
1.629552
2.446854
-1.892547
1.892547
0.588003
-2.709185
2.819842
1.878849
2.582993
0.682317
1.653938
-2.356194
-1.217806
1.892547
-1.695151
-1.831399
2.446854
0.363979
-2.750986
0.000000
-1.158386
-0.305879
0.000000
2.516108
0.076772
-1.165905
0.614663
-1.959115
1.165905
-0.197396
-2.565217
-0.652847
2.638749
1.083897
-2.593043
2.142134
1.975688
0.071307
-2.142134
2.057696
-0.094952
9.275888
-2.319174
1.512041
-2.761086
-0.726642
0.394791
1.107149
-0.045423
0.655696
0.982794
2.961739
2.323948
-2.399645
0.540420
2.077895
3.086094
0.412410
2.390664
2.459276
-2.013171
1.633215
1.837048
-2.910502
-2.158799
-1.523213
-0.047583
-1.172274
-0.652847
-1.304544
-1.929567
1.951303
-2.214297
2.723368
-1.626295
0.132552
-0.702257
2.034444
-0.233743
3.306741
-0.694738
2.729182
-2.961739
2.761086
2.316216
-0.211093
-0.588003
-1.212026
0.117109
2.323948
-0.832981
-2.704965
1.471128
2.846152
2.677945
-0.614663
0.218669
2.723368
3.141593
-2.570255
2.321725
1.825979
-1.784857
2.792822
-0.049958
1.512041
0.000000
-1.969319
0.885067
0.394791
-1.629552
1.339706
1.695151
-2.526930
0.099669
9.470201
2.356194
-1.910089
-0.463648
9.259629
-2.953371
2.704965
-0.432408
0.291457
-1.862253
-1.570796
0.817645
1.414194
-2.593043
3.030935
3.283490
1.373401
-1.637364
2.265535
-1.778293
2.677945
-1.570796
0.785398
-0.694738
1.837048
1.934775
-1.907471
0.135528
0.832981
-1.453688
-2.536048
0.614663
-2.223643
1.107149
-0.982794
1.750650
0.266252
-0.917950
-2.181522
1.063698
2.609869
-0.432408
-1.934775
9.179799
0.896055
-1.405648
0.551655
-0.614663
2.782822
-1.396124
2.634494
-2.060754
-1.712693
3.208161
-0.588003
9.424778
-1.180189
0.982794
0.837981
0.309703
-1.352127
1.841743
-2.593043
-2.770701
-2.475623
2.083186
-1.919567
-0.436627
2.265535
1.975688
2.073640
0.551655
1.063698
2.944197
-1.428899
-1.088283
-1.745469
-1.039072
-1.570796
-0.412410
-0.358771
2.034444
-2.466852
0.257324
-0.090660
2.064738
-2.356194
-3.082837
-0.876058
0.062419
0.463648
-0.694738
3.050933
-2.034444
2.536048
1.438245
2.214297
-2.918116
0.197396
-1.325818
2.884269
-2.677945
3.265948
2.616797
0.982794
-2.393215
-0.172191
2.137526
9.374820
2.530867
2.736701
-0.071307
-2.729182
0.000000
0.298499
-2.475623
0.000000
-1.570796
1.279340
2.578276
-2.158799
0.000000
1.934775
-0.708626
-2.089942
-2.356194
2.521343
-1.287002
9.239430
1.446441
-1.570796
1.849096
0.444419
-1.633215
-1.570796
-1.873681
-0.436627
2.657115
-2.289626
3.061763
-2.181522
-2.718739
0.045423
2.034444
-2.651635
-0.540420
0.380506
-2.111216
-0.321751
-0.643501
1.570796
-0.548549
-1.695151
-0.862170
-2.214297
1.862253
0.896055
-2.530867
1.943784
2.677945
-2.910502
-1.570796
0.982794
0.062419
0.062419
-2.111216
-2.677945
-2.657115
1.484058
1.343997
2.609869
-1.862253
9.259629
2.792822
0.055499
0.370891
0.785398
0.197396
-1.292497
0.266252
0.432408
-2.589938
2.480549
-0.785398
1.152572
1.989021
-2.070143
-0.614663
-2.966920
2.567288
0.652847
0.380506
-2.142134
9.358210
-0.785398
-0.965252
-1.046001
1.570796
0.904827
1.130954
-2.199593
2.015216
-2.356194
-2.743070
-0.185348
2.399645
0.000000
-2.013171
0.043451
0.856706
-2.570255
-2.567288
1.794273
-0.244979
-1.815775
0.851966
1.670465
1.428899
1.841743
-0.404892
-2.455863
-2.761086
2.918116
2.158799
0.588003
-0.179853
1.618379
1.438245
1.363300
-0.302885
1.310194
9.292226
-2.427502
-1.794273
2.323948
2.439336
0.605545
-0.367174
-1.570796
-2.356194
0.982794
0.915101
-0.840897
-0.124355
1.217806
-0.655696
-1.778293
-0.688924
-3.017238
8.988151
0.876058
-1.849096
0.927295
0.851966
0.211093
2.312744
1.373401
-2.792822
-0.722979
1.180189
1.647568
-0.945311
-2.819842
-1.460139
0.348771
2.613518
1.508378
1.279340
-2.134113
-1.801887
2.516108
2.761086
-2.838708
0.588003
9.480276
-2.638749
2.095592
-1.706324
2.089942
1.712693
-2.452668
2.553590
-2.697173
-2.609869
-2.729182
2.316216
1.042722
-0.999459
8.982404
2.356194
2.536048
-0.785398
0.291457
-0.915101
2.356194
1.529154
-0.104877
1.134169
-0.286051
-0.945311
-0.062419
1.107149
-2.432966
-2.927532
-2.798569
-1.480136
-0.600050
2.223643
1.520838
-0.982794
9.487197
-0.185348
-0.756835
-1.080839
2.480549
-0.643501
0.822418
-0.439843
0.909753
1.815775
-2.485897
-2.098871
-2.622447
-0.785398
0.124355
2.316216
0.694738
2.729182
0.694738
0.223477
-0.489957
0.982794
-1.325818
1.570796
-2.015216
-0.620249
9.372195
-1.876675
1.217806
-1.695151
1.058407
9.197979
1.398606
-2.601173
-0.439843
-2.231839
-1.325818
-3.024484
2.907849
-1.675673
2.223643
1.750650
-0.576375
1.975688
1.703348
2.746802
-2.070143
2.753274
0.343024
-0.047583
-2.587285
-0.083141
2.936197
-1.892547
2.761086
2.677945
