-1.076855
2.073640
1.001483
1.639653
2.158799
-0.172191
2.228685
0.447520
-2.582993
-2.587285
0.214061
1.182478
-2.593043
0.785398
-2.231839
3.108272
-0.099669
-0.099669
2.332943
2.119346
-0.741947
2.761086
-2.148698
-0.434670
3.054854
2.185459
-1.262744
0.000000
0.336675
1.222025
-0.888480
-1.833791
-1.190290
-0.759763
2.085248
-2.053310
1.074374
1.677532
1.347320
1.957672
-1.603043
-1.126377
0.135528
-8.591797
-8.470279
0.682317
3.070285
-1.943784
-0.866302
-0.043451
-0.614663
2.480549
0.811034
1.862253
2.185459
-0.255182
2.119346
1.759018
3.185044
1.951303
0.321751
2.774419
2.565217
-9.146478
1.530818
-1.789465
2.147172
-0.917950
3.221423
0.628796
2.677945
-2.553590
0.047583
-2.777614
-0.321751
-0.135528
-0.540420
0.628796
-1.712693
1.421906
-1.304544
1.570796
1.719686
1.269876
0.244979
1.871717
2.018316
-0.876058
0.288055
-0.244979
1.570796
2.293776
-0.956133
0.135528
-1.937970
-8.591797
-1.815775
-0.855053
1.661456
0.680521
-1.487655
9.464757
1.475845
2.830594
2.657115
-1.088283
1.217806
-0.502843
-1.742987
0.968509
1.134169
2.746802
2.477546
0.106736
2.634494
2.838708
1.925502
1.570796
-8.662631
-1.394087
-0.726642
-1.091277
-3.070285
2.718739
-1.753907
0.226799
-8.618106
3.300248
2.767259
-1.089909
-0.308053
1.675673
2.526930
-0.785398
2.034444
-1.616220
2.616797
-1.880499
0.141897
-1.570796
2.863293
2.819842
0.235545
0.096474
2.833540
-0.739975
2.638749
-1.862253
2.000559
0.244979
-0.404892
-0.507099
1.315614
2.466852
2.170847
-0.674741
1.925502
-0.090660
2.536048
-2.480549
2.480549
-1.963136
-0.484478
2.034444
0.321751
-1.282741
2.706922
2.207305
0.540420
-0.135528
-1.487655
0.598419
0.785398
2.178598
-1.934775
0.657889
-1.222025
-1.086318
-2.207305
-2.944197
2.134113
0.037020
-0.652847
0.661043
1.742987
0.124355
3.183235
1.147942
1.471128
-0.165149
1.089909
3.368392
0.482513
-1.237552
-0.699893
-2.896614
3.105894
-0.309703
-2.279423
1.455920
-2.553590
-0.934288
-1.570796
2.618314
-1.325818
-1.259798
3.141593
-1.570796
-2.327631
1.172274
0.808650
-8.614994
0.147078
1.356736
-1.001483
2.718739
-0.813962
-1.742987
-0.244979
-0.528074
-1.665748
1.190290
-8.774908
0.614663
0.507099
2.944197
2.223643
-1.959115
-1.236059
2.199593
-0.946773
2.466852
-1.337053
-1.107149
-2.498092
-1.410883
2.875341
-1.975688
2.259721
-9.233594
3.208161
2.327631
-1.794273
-0.927295
0.737815
1.681454
-1.537475
0.426627
-0.141897
2.565217
9.379355
-9.006554
1.661456
1.373401
-0.499347
-0.073939
9.289250
2.857799
1.661456
1.700499
-2.104505
-1.467715
-1.076855
-0.043451
-8.388937
-0.973620
1.831399
1.789465
-0.119429
2.964884
1.706324
1.071450
0.970746
-1.156289
0.478352
-1.700499
-1.923787
3.072736
-3.026716
1.490966
0.106736
1.719686
3.321446
-2.034444
-2.850136
0.158655
-0.762147
3.045119
0.837981
1.390943
-1.126377
2.927532
1.570796
1.839964
-8.533395
1.916352
2.930499
-1.525373
1.107149
0.038443
-1.046001
-0.223477
-1.650626
-2.067219
-8.114584
0.189988
-0.652847
9.381327
2.541542
2.441700
2.659079
-1.980924
0.129703
-1.823351
-0.493941
0.616297
-1.365401
1.501940
-8.858049
0.507099
0.244979
2.878598
-2.530867
-1.347320
2.259721
3.306741
3.141593
2.806856
-0.625485
-0.712358
3.030935
-2.927532
-1.201463
-2.863293
-2.488746
1.138389
1.190290
-2.880990
-0.463648
1.862253
1.030377
1.347320
-8.827601
2.539305
2.692869
-1.394087
-1.681454
-1.325818
-0.269167
-8.976055
-0.600050
-8.884358
-2.918116
3.386571
-2.516108
-2.846152
2.659079
0.336675
0.321751
-2.659079
-1.849096
-1.570796
1.208252
1.007480
-0.029403
-1.249046
0.129703
2.606638
-0.321751
3.181571
-2.330559
1.190290
-0.298499
2.541542
-2.034444
-0.037020
-1.892547
-0.106736
-0.896055
2.480549
1.347320
2.329174
-0.380506
-0.463648
1.849096
-1.642104
-1.019141
2.779048
-9.044272
2.607884
2.356194
3.107124
-2.578276
-1.532354
-1.249046
1.750650
1.088283
-3.058451
-2.819842
0.785398
0.610726
2.964884
-0.636508
-2.833540
0.429762
-0.482513
3.070285
3.107124
2.833540
2.158799
-1.570796
-0.308053
-1.866237
-8.793699
-0.308053
0.141897
-0.927295
-0.690446
-1.051650
-2.616797
-1.804540
3.386571
-9.126279
-2.927532
-0.152649
1.063698
2.958482
-2.441700
-2.089942
-2.779048
0.308053
-2.753274
-1.190290
1.892547
2.506566
2.833540
0.291457
1.989021
-1.873681
-2.553590
-8.216526
-1.190290
-1.913820
-0.708626
2.356194
-8.934821
2.388441
0.819867
2.830594
-0.507099
-2.875341
-1.282741
0.502843
2.544416
2.567288
1.963136
-0.278300
1.881795
0.484478
1.484058
0.732815
1.607816
1.382575
2.887919
0.934288
2.969402
-1.398606
-1.753907
-1.072974
2.094075
1.217806
0.233743
-2.003204
0.994421
-1.496857
-2.034444
-1.405648
3.324703
-1.667270
1.249046
0.343024
2.067219
-9.146478
-2.306236
-1.356736
-1.030377
-1.695151
-0.463648
1.510264
-1.088283
-0.909753
0.052583
0.188222
2.147172
-2.279423
9.468229
0.661043
0.141897
-2.642246
-8.873123
-0.992894
0.576375
0.563316
2.003204
0.600050
-0.588003
9.424778
1.700499
2.830594
-1.703348
2.461071
0.233743
1.475845
-0.502843
2.013171
2.863293
2.073640
3.484617
2.064738
-9.187929
1.078987
0.902507
0.394791
0.551655
1.618379
2.657115
1.501940
-2.714965
-1.681454
-1.784857
-0.528074
1.506369
-0.832981
-3.004526
-2.951604
-0.336675
3.183235
1.527345
-0.569313
-1.784857
3.046641
2.325901
-2.553590
-2.863293
2.553590
2.638749
-1.126377
1.907471
1.335251
0.071307
-1.570796
0.652847
1.971037
-2.452668
-1.997424
-1.347320
1.535097
-8.523621
2.077895
0.137066
0.076772
-2.782822
-3.011890
0.688924
2.289626
2.132718
-0.463648
-0.507099
1.343997
-0.502843
3.058451
1.441094
-2.753274
1.019141
0.563316
2.380580
-2.709185
2.692869
0.935770
2.578276
2.167973
-0.262995
1.605265
1.359703
-8.745364
2.498092
2.466852
-0.442374
-2.982937
2.539305
-0.880350
1.616220
0.244979
-2.293776
-0.047583
-0.188222
1.570796
3.288671
-2.356194
3.218365
1.876675
2.488746
-2.034444
0.106736
-1.051650
2.220667
-0.970746
1.249046
-9.038895
0.418224
-1.282741
-0.847817
3.034857
-0.610726
1.156289
-0.625485
0.531724
1.147942
-0.253674
-0.132552
3.038511
-1.259798
-0.223477
-1.007480
3.070285
-8.394401
-1.776192
2.767259
-1.144169
-1.723446
2.857799
-0.708626
-0.484478
-1.945130
-1.435269
-2.541542
0.558599
-0.352990
2.323948
-1.700499
-1.304544
2.070143
-0.158655
0.837981
2.627141
-2.694073
-0.076772
2.782822
1.985303
0.336675
-1.530818
2.634494
2.223643
1.815775
2.516108
-1.525373
-1.943784
-8.684803
-0.540420
-2.231839
9.549133
1.337053
0.960070
3.072736
2.289626
2.565217
2.062606
-0.183111
0.034469
0.034469
-1.067953
-1.904041
-1.776192
-2.293776
-0.616297
1.665748
0.962994
1.156289
1.203622
-0.540420
0.625485
2.390664
-9.136723
-0.625485
0.851966
-1.650626
-0.336675
-0.847817
2.070143
-1.742987
