1.130913
-0.814920
0.639947
0.582358
0.902397
0.672636
-1.351861
1.912831
0.298529
-0.271648
0.555081
-0.798358
-0.490476
1.823585
1.905935
-0.795014
-0.709849
0.449043
0.459181
0.931429
1.684151
-0.917198
0.196113
0.594182
0.346079
-0.922385
0.135182
2.076795
0.859055
0.460271
-0.432611
0.686082
0.235273
-2.170869
0.650155
-0.735716
0.649766
0.299822
0.640972
0.442255
0.618403
0.468633
-2.567611
0.713931
0.382188
-0.779456
1.872793
0.622386
0.527974
0.752229
0.826008
0.546773
-1.568132
-1.354696
-0.209294
0.890062
-0.423928
-0.479293
-0.661604
0.364711
-2.729739
0.864408
0.660129
0.382472
-1.627518
1.717064
0.703795
0.490832
-1.164051
0.691733
0.563164
-1.251608
-2.406419
-1.457532
0.665562
0.404306
-1.108509
0.852809
-0.822276
2.125647
1.946571
0.745794
-1.549213
0.346117
0.478377
0.167122
0.421892
-1.764487
-1.569061
-0.830460
-0.841305
2.584262
1.718198
1.832928
0.531411
2.452538
0.773149
0.745500
-0.409138
0.805296
0.471268
0.686424
0.029550
2.054858
0.679381
0.674618
-1.769517
0.612021
-0.358324
0.751958
0.655354
0.727054
0.409580
-1.509398
0.412214
-2.726660
0.745158
0.874514
1.873577
1.635831
0.776944
1.889370
0.593050
0.632309
0.038253
0.448633
-0.398956
-1.374119
-2.212729
-0.427945
2.000756
2.265666
-1.269797
-0.679639
1.963858
1.987909
0.267091
-0.920403
-2.678539
-1.579284
-1.268912
-0.405201
0.215158
0.569738
0.299306
0.828462
1.946395
-1.619105
0.892890
0.543130
1.712518
0.490601
0.687032
1.815950
2.157078
-0.696314
0.515588
-1.455918
-1.183547
2.092240
1.955396
0.937389
0.263264
-0.418524
0.241918
0.643356
1.130683
0.561140
0.141145
-1.390130
-0.358607
-1.526320
2.172978
0.951979
0.735911
-0.409098
0.188111
-0.750988
1.693001
-2.011454
1.124648
0.604312
1.637646
-1.287722
0.640333
0.135464
-1.041384
0.753802
0.682987
-1.302134
0.615147
2.298413
0.691517
0.647435
-1.411491
0.297209
-0.572954
0.514811
-1.515668
0.604438
1.922628
-0.523315
0.388948
0.817032
2.086829
0.479197
-1.298890
0.282867
-2.550016
-0.733681
0.499426
-1.162042
1.797834
0.655739
-1.522842
-1.465624
0.618535
0.073755
0.434860
-0.786377
-2.256327
-1.275875
2.028429
0.569498
0.610604
-1.225725
0.600965
-1.599905
-1.654497
-1.727482
0.622466
1.953988
0.077502
1.281937
0.663805
0.526143
-1.368021
-2.562467
-0.323910
-0.655000
0.599406
2.268676
-2.520813
0.619643
0.592683
0.767061
0.701212
0.591831
2.221224
-0.791141
0.866730
-1.243624
0.543297
-1.493351
0.090363
0.713099
0.455263
-1.497044
0.686954
0.059199
0.480742
0.436717
0.737563
0.509538
2.165176
0.492814
2.074861
0.690825
1.819978
0.620831
2.245529
-1.467098
1.997853
-0.036253
0.521376
-0.284320
1.722662
2.178132
0.871803
0.624027
-0.742942
0.812266
0.509575
0.801014
-1.026332
0.651388
-0.671984
0.516206
1.125733
-1.652038
0.826385
0.170720
-0.690913
1.838445
0.874394
-0.855622
0.583382
-1.515700
0.552989
-2.677228
-1.780942
-1.710695
0.301105
-0.296945
1.353136
1.755059
1.865101
0.708655
2.067630
1.723663
1.275203
0.775477
0.672066
1.141301
-0.711017
0.244535
0.556962
0.665459
0.917065
-1.461754
1.074112
-1.783637
0.768678
1.918669
-2.037940
0.277411
-1.500902
0.818992
0.235742
0.706190
1.774271
0.620526
0.959709
0.214605
-1.245000
-0.264438
0.212062
0.728936
-0.504477
-0.550974
0.701144
-0.519106
-2.424691
0.842537
1.464565
0.617138
0.714050
0.997372
0.259813
-2.063837
-2.433529
-0.725302
0.372370
-0.308680
0.729389
0.457775
-0.431035
1.180267
0.738195
0.477273
-0.556440
-0.397406
0.421074
-0.799358
0.015390
-0.845454
0.681558
2.180589
-0.540177
0.958364
1.844319
0.559777
0.746225
1.115560
0.304477
0.413054
-2.712516
2.076054
0.446562
1.893405
-1.217854
1.051333
0.686873
0.508361
0.813245
0.502376
0.432478
0.834020
-0.248305
0.219659
0.718550
1.770621
-1.529511
1.318341
1.916189
0.682229
0.643130
0.820675
-0.557641
0.500044
0.644668
1.903947
2.108792
0.564174
-1.657088
0.645621
1.952498
0.139962
-0.734656
0.840256
-2.399370
0.766913
-2.516247
-0.922923
0.730015
0.940660
0.430785
2.080414
0.882499
0.679844
0.926630
-1.588880
-0.411593
0.622656
-0.035418
-0.627655
0.571737
1.789202
0.814780
-0.699250
0.704720
0.596494
-0.504289
0.836771
0.107603
-0.988427
-1.443196
1.790374
0.705768
-2.523112
0.520531
0.377262
0.775884
-0.832368
0.712749
0.941080
0.767883
0.342352
1.997475
0.366270
-1.375101
2.278109
-0.549650
0.615723
0.194167
2.219103
0.774745
0.574911
-0.788019
0.565098
0.512413
-0.755606
-0.656930
0.837929
-1.731677
-0.964856
-1.458574
-2.434342
0.849882
0.471387
1.936148
0.853289
0.588354
0.645156
0.159558
-0.152849
-0.060700
-1.541934
0.578269
1.799273
0.892241
1.786175
2.196963
0.442409
0.601048
-0.230383
0.722320
0.942040
0.558433
0.541738
0.538885
0.378680
0.380214
-0.682763
0.556187
2.318716
0.668540
1.895303
0.657084
-0.753905
-0.690754
2.080631
0.027614
0.314297
-1.619673
0.724104
0.930859
0.601442
1.035573
-1.801428
1.673337
-1.480249
0.655105
0.469073
0.635716
-1.546160
0.056488
-1.769389
0.832343
0.431318
-2.755779
0.221509
0.900771
-0.766125
0.723342
0.904262
0.712593
1.743917
0.136136
2.033400
0.257809
0.862879
1.146429
0.799696
1.977076
0.634330
0.240754
0.818084
1.767974
-1.182553
0.706038
2.059799
-0.370323
-2.697613
1.822965
1.468466
2.268897
0.366416
0.502556
-0.541265
1.003193
-0.580733
2.244130
0.646280
-0.504878
-1.516036
1.417154
0.670583
-0.313776
0.751796
0.789698
-0.877317
0.360386
0.174402
0.634331
0.835846
-1.389355
0.602181
0.637297
0.485323
0.522331
-2.702744
-0.575687
0.739656
-0.740581
0.755581
-0.637180
1.973097
-1.751958
-0.914740
0.908422
0.045102
0.524602
0.120759
0.620590
0.403670
-1.070438
0.215075
-0.538877
-0.362330
0.071941
0.541763
-1.369256
1.797560
0.636010
0.621017
0.579015
0.694746
-0.555480
0.786740
0.184850
-0.459891
0.725518
0.968996
0.650971
-1.035195
-0.699537
0.838798
-0.457691
2.414595
-1.661635
-1.504578
0.682632
0.636109
0.542504
0.349038
-1.356194
-1.381476
0.810100
1.053940
-0.753982
-1.072251
0.132358
-1.615384
-1.295617
-0.270357
-2.319317
-1.026721
-1.132985
0.349803
-1.566883
-2.642316
-0.400092
-0.077706
-1.573639
0.685378
0.967861
1.784705
-0.732338
1.945490
0.574991
0.146353
0.268953
1.987999
-0.665263
-0.292627
0.756733
0.601253
0.702332
1.989723
0.819997
0.745755
-0.843964
-1.392283
1.942869
0.649868
0.464950
0.657075
0.158332
0.434728
-2.800505
0.522014
0.208647
2.226027
0.589025
1.706584
0.751954
-0.318136
-0.259222
1.199752
-0.654077
0.688833
0.750073
-1.590339
0.654868
0.467562
5.986181
0.806045
0.612639
-0.319486
1.912377
0.791490
-1.479705
0.421206
0.969081
0.452023
-0.804585
1.216995
0.662165
0.492617
