0.582631
0.967292
-0.195219
0.349288
-0.962445
0.370268
-0.036628
-0.967808
0.159070
0.316028
-0.099236
0.340208
-0.055638
-0.071573
-0.847188
0.459787
-0.127788
0.418095
0.233680
1.163987
0.092535
0.119903
-0.837074
0.354022
-0.308178
-1.076771
-1.035375
0.953919
0.092059
0.186884
-0.814116
-0.177318
-1.003911
0.014338
0.198261
-0.800477
0.202294
0.221240
0.319143
-0.952956
0.154520
-0.977450
1.339946
-1.069673
0.105948
0.191386
2.109597
-0.273624
0.978308
-0.027810
-0.067038
1.024605
0.977881
-0.828427
-0.212867
-0.379548
0.161384
1.183698
-0.101825
0.320695
-1.243541
-0.852293
0.124206
-0.815045
-0.092646
0.190992
-0.287547
-1.043825
-0.116560
1.025900
-1.212436
0.040609
0.153321
0.376021
0.010507
0.347687
-0.996398
0.214548
0.257868
0.499350
1.080769
0.336412
0.041878
-0.057171
0.320353
0.373639
1.136921
0.385549
-0.181410
-1.182059
-0.018093
-0.958808
0.994109
-1.032746
0.229970
0.168200
-0.060797
-1.139971
-0.078400
0.954358
0.317842
0.102664
0.317168
-1.159152
-0.966583
0.318941
-1.162649
0.188639
-0.240691
0.322996
-0.958860
-1.223733
1.020297
-0.636094
1.285605
0.903016
0.267818
-0.834967
-0.897074
0.224012
0.157390
0.361240
0.361661
-0.047859
0.347467
1.030306
-0.047392
-0.014320
-0.989843
2.026417
0.168707
0.150045
0.086457
0.260487
0.277425
-0.264971
-0.363370
-1.300978
-0.804798
-0.063706
-0.289804
-0.071836
0.393008
-0.276193
0.258358
-0.361250
-0.239875
-1.046643
0.930033
0.043498
0.087807
0.206870
0.137604
0.141093
0.058517
-0.133545
-0.041283
0.072145
0.261684
0.233745
-1.006134
-0.826566
-0.041625
0.026229
-0.243772
0.151110
0.149446
0.154326
0.209904
0.963914
-0.828660
0.058587
0.023596
0.372083
-0.050592
0.147146
0.174541
-0.889384
-0.878218
-0.036746
-0.949169
-0.856743
-0.083011
0.010525
0.265950
0.181534
0.973184
-0.837675
-0.998009
-0.264317
1.037162
0.099250
0.978348
0.877819
1.583467
-0.139373
-0.979327
-0.326838
1.234668
1.968093
0.214647
0.177646
0.404043
-1.283317
-0.091069
-0.914034
-0.813861
0.183431
0.935284
-0.249054
0.376801
0.092859
-0.834725
0.167444
-0.096026
-1.022572
-0.343188
-0.269999
-0.036846
0.142842
-0.126356
0.269479
-0.243930
0.368041
0.097132
-0.205138
-0.792861
-1.085113
0.004555
0.078783
-0.285348
0.871257
-0.843709
0.008061
0.258556
-0.303359
-0.031326
1.050598
-0.360235
0.281503
-0.289803
1.093375
1.222330
-0.220333
0.235748
-1.297124
-0.197854
-1.019313
0.157650
0.297379
-0.902163
0.189692
-1.160379
-1.089410
-0.140900
0.089085
0.506674
-0.278372
-1.377680
-0.157119
1.041608
-0.235359
0.142431
0.148233
-0.398815
-1.105113
-0.137580
-0.099694
0.233900
0.272024
-0.937926
-0.058618
0.208253
-0.284681
1.039858
0.282466
-0.162813
-1.133866
0.143241
0.254976
-0.057063
0.358888
-0.835382
-0.865765
0.327515
0.019785
0.071329
0.278424
2.063646
0.227264
0.049613
1.051200
0.998680
-0.925062
0.187999
1.344636
-0.157939
0.346193
0.279400
-0.196439
-0.942878
-1.146671
-0.342938
0.297452
0.253699
0.346648
0.046575
1.224573
0.052851
-0.917228
1.059904
-0.185803
0.258717
0.254225
0.222112
-0.388060
-0.179361
1.221716
1.041029
0.409412
0.240133
-1.100894
0.035908
-0.299930
0.419584
0.165592
-0.183552
-0.986547
0.259261
-0.851838
-0.993402
0.082753
0.169682
0.099096
0.250262
2.069072
-0.700999
-0.895273
0.266901
-0.956647
0.069334
-0.781431
-0.075056
1.325658
0.098555
-0.078621
0.099398
0.346900
0.267884
-0.206925
-1.373061
-0.356076
-0.039061
-0.066709
-0.923428
1.072217
0.366136
-0.925826
-1.281373
-0.057552
-1.237766
-0.855626
-0.336289
-0.123898
-0.057540
-0.912230
1.089820
0.161855
0.036156
-0.119134
0.236892
1.036447
-0.178694
-1.035303
0.257828
0.115365
-0.040311
-0.057623
-1.167040
-0.205639
-0.887868
0.242376
0.032649
-0.903976
0.298608
-0.089556
0.501763
0.156415
0.168239
-0.245226
-1.037552
-0.270347
0.366327
0.071344
-0.250320
0.337188
0.383425
0.452328
0.322365
0.285392
0.281496
0.295595
0.387578
0.406578
0.190472
0.043187
0.358579
-0.072849
-0.110390
0.516446
-1.234257
0.108841
-1.046030
-1.022907
2.038556
1.236718
0.138951
0.192265
-0.113542
-0.966404
-0.005069
-0.074637
0.123930
-0.888159
-1.303282
-0.987582
-0.218969
0.264916
0.272269
0.122554
-0.106126
0.377983
0.245835
0.425583
0.122798
-1.065782
0.191889
0.040983
0.118123
-0.241621
0.162658
-0.902761
1.067528
-0.267761
1.109036
-0.828078
-0.855593
0.319420
-1.269287
-0.352318
0.136716
-0.346286
0.319040
0.297635
0.082096
-0.989836
0.019113
-0.065427
-1.075663
-0.025247
0.307941
0.116668
1.093770
0.066642
-0.928996
1.147735
0.274516
0.106581
-0.129401
-0.272596
0.101727
-0.345166
-0.796062
-0.910021
0.297029
-0.065019
0.069097
-0.158730
-0.289987
0.115827
0.079705
-0.868740
0.043475
0.315665
0.338315
-0.860430
0.234144
0.322795
0.986143
2.110322
0.399466
-1.126105
-0.217755
-0.195198
-0.107273
-0.147484
-0.191432
0.484573
-1.017758
0.304188
-0.252980
-3.078140
-0.296369
-0.283296
0.229072
0.136894
0.244817
-0.870152
0.513466
0.295569
0.233504
-0.815077
-0.325372
0.141415
0.361079
-0.374848
0.231154
-0.353521
1.056818
0.027389
0.094325
-0.038151
0.356066
-0.198729
1.183838
0.200279
-1.271548
-0.766077
-0.227523
2.269155
0.178401
1.079785
0.315205
-0.940985
0.026823
0.411589
-0.261678
-0.216995
-0.081160
-0.007095
0.950326
0.244489
-1.020881
-0.810005
-0.917832
0.178406
0.213646
0.263406
-0.258263
1.142504
0.099443
-0.312435
0.152832
0.140828
1.587221
0.529067
0.287058
0.313544
0.110112
0.013691
0.247710
0.144031
-0.297643
-0.004096
0.924665
0.164416
-1.217350
0.480420
0.042432
-0.818906
1.108002
1.202812
-0.103690
-0.085794
0.187200
0.210919
0.343583
0.259228
0.190942
-0.285412
1.900455
0.184316
0.055921
-0.436500
0.089984
0.101932
0.088832
0.238104
0.308531
0.395701
-1.051233
2.175857
0.024730
-0.766880
0.175703
-0.098278
-0.897137
-0.108468
0.420719
0.378800
-0.950753
-0.235430
-0.070025
0.191352
-0.084911
0.136911
0.084462
0.214829
-1.256096
1.137875
0.342365
0.127238
0.264711
-0.019743
-0.160453
-0.255165
0.119965
1.070796
-0.945648
0.320417
-1.024305
1.990490
-0.169941
-0.838786
0.247543
-0.196535
0.117062
0.217181
-0.902995
0.273007
0.186165
-0.645752
0.060838
0.033059
1.122396
-0.883384
0.028269
0.227884
0.159741
0.372998
0.230882
0.183474
-0.095249
1.098688
-0.278493
0.289255
-0.389494
0.089987
-0.079895
-0.924079
0.144757
-0.705078
1.188106
-0.337936
-0.301521
-0.828544
-0.195993
0.014223
-0.153055
0.130773
-0.782881
0.040063
1.011681
0.204231
-0.946263
0.269895
-0.257563
1.096362
1.154324
-0.972622
0.382076
0.316319
-0.870073
-0.127971
-0.321634
-0.172149
-0.883714
0.414051
-0.938118
0.236187
1.081590
-0.747439
-0.223030
-0.092101
0.428713
0.230632
-0.902138
1.065259
0.442700
-0.072212
