0.621281
-1.712366
0.385725
0.216057
0.446052
0.154333
-1.213612
2.284167
0.121533
-1.461899
0.256929
-1.858493
-1.017498
2.177631
2.232451
-1.451262
-1.653281
-0.050971
0.013140
0.642981
2.174817
-1.792671
-0.036392
0.286739
0.057051
-0.710106
-0.225437
2.238837
0.439009
0.356827
-1.423382
0.286442
-0.101894
-2.192266
0.257022
-1.793297
0.319976
-0.042377
0.254085
-0.080762
0.057452
0.133563
-3.076701
0.273016
0.092055
-1.611973
2.012876
0.425502
0.329657
0.392172
0.465234
0.079131
-1.374663
-1.183824
1.081191
0.344218
-1.389962
-1.508720
-1.500584
0.039732
-3.061557
0.576393
0.264855
0.231441
-1.368730
2.090683
0.251856
0.280606
-0.585370
0.243966
0.291917
-1.045696
-2.733925
-0.943831
0.305315
0.159311
-0.829867
0.262377
-1.729579
2.359532
2.186485
0.391796
-1.303304
-0.078422
0.183948
-0.061179
0.071147
-1.218247
-1.247862
-1.772462
-0.943596
2.563878
1.602166
2.250029
0.367296
2.275972
0.316885
0.139307
-0.313362
0.401384
-0.030686
0.145306
-0.079456
2.271099
0.226775
0.383441
-1.329619
0.226794
-1.020398
0.248821
0.123431
0.353704
0.201891
-1.254553
0.077609
-3.157653
0.380104
0.308508
2.313219
1.924330
0.395765
2.319290
0.144717
0.257817
-0.061547
0.099959
-1.924558
-1.121705
-2.587975
-1.704030
2.482371
2.559120
-1.448644
-1.736693
2.181548
2.180578
0.036696
-1.118044
-2.887387
-1.094298
-0.963185
-1.570943
-0.082676
-0.040288
0.034898
0.275342
1.963776
-1.145111
0.466695
0.194671
1.949843
0.259966
0.448179
2.268227
2.240638
-1.638910
0.273269
-1.252353
-0.963525
2.421296
2.186864
0.022768
0.112664
-1.357943
-0.073064
0.251766
0.978048
0.170378
-0.133721
-1.480002
-1.206197
-1.199523
2.297108
0.349633
0.446558
-1.550650
-0.085606
-1.800349
1.962984
-2.472119
0.797697
0.242488
1.722305
-1.100807
0.600175
-0.136258
-1.123110
0.101267
0.583906
-1.241462
0.305276
2.166130
0.111621
0.126165
-1.204087
0.038692
-1.508848
0.154445
-1.130345
0.261270
2.329109
-1.776315
0.138244
0.488907
2.453852
0.202690
-0.953495
0.051195
-3.058441
-1.597503
0.060015
-0.802364
2.223127
-0.081621
-1.284735
-0.984948
0.250496
-0.199911
0.185249
-1.837369
-2.570615
-0.787717
2.368535
0.465661
0.288684
-0.819722
0.154743
-1.246745
-1.259796
-1.299218
0.186589
2.023576
-0.140358
1.773968
0.083008
0.156921
-1.124093
-2.940269
-1.431480
-1.570568
0.377826
2.540005
-3.007766
0.412654
0.149927
0.127642
0.464608
0.009109
2.527987
-1.671912
0.169531
-1.317246
0.265272
-1.223994
-0.030887
0.265135
0.202809
-1.197958
0.312652
1.094873
-0.024508
0.133966
0.428660
0.301622
2.161398
0.400110
2.068389
0.285851
2.204793
0.530853
2.449877
-1.311486
2.409090
1.202688
0.181737
-1.716803
2.268411
2.412914
0.197881
0.341022
-1.682151
0.502905
0.232213
0.386807
-0.696954
0.325613
-1.695219
0.273160
0.713047
-1.375703
0.485141
-0.133965
-1.667647
2.184633
0.613835
-1.814324
0.428202
-1.384245
0.357156
-2.956388
-1.501920
-1.482591
0.904974
-1.266139
0.569655
2.140746
2.111655
0.215569
2.117673
2.004054
0.760804
0.310625
0.366918
0.750018
-1.870533
-0.072598
0.554133
0.330065
0.513783
-1.142118
0.154946
-1.075461
0.389524
2.362125
-1.741926
-0.219821
-1.251606
0.499798
0.146616
0.286889
1.822116
0.354264
0.620668
-0.278737
-0.832545
-1.355814
0.120037
0.211390
-1.562904
-1.565957
0.342764
-1.754387
-2.565178
0.374202
1.670836
0.063374
0.177335
0.489522
0.448462
-1.623359
-2.876895
-1.726077
0.120740
0.637810
0.160790
0.231510
-1.663817
0.750201
0.222609
0.008101
-1.599318
0.588636
0.220166
-1.923887
-0.082610
-1.775292
0.221961
2.378351
-1.430956
0.453104
2.079020
0.254879
0.388765
0.587572
-0.155571
0.101677
-3.035675
2.276766
0.310992
1.956413
-1.471123
0.519395
0.280197
0.244071
0.439515
0.237854
-0.788632
0.482973
-1.517724
-0.334734
0.278911
1.938135
-1.359156
0.751327
2.070855
0.225518
0.151735
0.283121
-1.355106
0.093266
0.306939
2.181360
2.480530
0.161823
-1.295239
0.194967
2.375133
-0.141734
-1.743502
0.598224
-2.626178
0.167376
-3.111742
-0.584494
0.451340
0.240850
-0.087375
2.317456
0.038566
0.363337
0.329828
-1.039766
-1.444316
0.158185
1.062691
-1.686428
0.262068
2.059735
0.423746
-1.648089
0.090339
0.107465
-1.448992
0.380568
0.929616
-0.769714
-0.898618
2.061418
0.143363
-3.291222
0.018678
0.058240
0.373041
-1.772503
0.333546
0.329855
0.259923
0.229516
2.131339
0.056725
-0.923090
2.116901
-1.272447
0.173033
-0.201014
2.555531
0.396918
0.072891
-1.757448
0.411047
0.208018
-2.007909
-1.598880
0.294605
-1.224080
-1.846332
-1.160185
-2.799040
0.149181
0.173461
2.240858
0.500398
0.025585
0.449743
-0.107190
-1.485354
-0.200016
-1.440295
0.305125
2.168258
0.241487
2.276428
1.965369
0.168227
0.221772
-1.622412
0.379007
0.357422
0.210937
0.354218
0.296260
0.091516
0.132314
-1.716627
0.172615
2.601786
0.383893
2.169485
0.232014
-1.621507
-1.371430
2.646067
-0.174938
0.039815
-1.136290
0.274690
0.574854
0.335729
0.563998
-1.310181
1.965610
-1.041382
0.385429
-0.009930
0.427111
-1.201250
-0.067033
-1.271930
0.329572
0.120856
-3.057307
-0.165727
0.397614
-1.791742
0.514360
0.192379
0.408147
1.907053
-0.058163
2.345539
0.317514
0.430831
0.980498
0.255782
2.051375
0.246298
1.006898
0.372993
1.979339
-0.958242
0.169409
2.108100
-1.516305
-3.030806
2.120870
1.753862
2.416336
-0.012871
0.505726
-1.562450
0.644453
-1.532846
2.258700
0.124919
-1.514041
-1.254489
1.009810
0.100255
1.002150
0.427661
0.412822
-1.631278
0.119134
-0.043640
0.262610
0.429652
-1.114650
0.454377
0.284097
0.277676
0.079113
-2.897630
-1.696781
0.433810
-1.811442
0.194628
-1.715365
2.161428
-1.182060
-1.954199
0.351296
-0.055883
0.320606
-0.090245
0.470642
0.042065
-1.246593
-0.032078
-1.680379
-1.694272
-0.091633
0.203651
-0.978009
2.301249
0.151469
0.273023
0.275826
0.215347
-1.652370
0.475735
-0.159594
-1.573935
0.253008
0.410752
0.327273
-1.971558
-1.684923
0.353612
-1.632045
2.852199
-1.270483
-1.114009
0.239912
0.284344
0.343456
0.067372
-1.336307
-0.895125
0.578789
0.570655
-1.636669
-1.268373
-0.314391
-0.857486
-0.744084
-1.494360
-2.788065
-1.624958
-0.822866
0.244645
-1.381414
-3.096264
-0.233617
-1.210495
-1.204191
0.246424
0.542584
1.840031
-1.687211
2.178228
0.269602
0.040686
-0.108777
2.229169
-1.681229
-1.209869
0.392636
0.338917
0.287728
2.110355
-0.098866
0.554480
-0.739174
-1.258206
2.222069
0.348325
0.248438
0.260092
-0.109191
-0.126391
-2.964188
0.230918
0.046898
2.515725
0.443501
2.084913
0.270624
-1.334434
-1.182632
0.743459
-1.672567
0.256790
0.205613
-1.174979
0.376675
0.021202
9.298407
0.479772
0.151285
-1.600871
2.070623
0.415934
-1.247244
0.199654
0.643980
-0.034109
-1.830463
1.113268
0.329352
0.346278
