0.097763
-1.825541
0.408263
2.012954
0.033302
0.064722
-1.536956
0.002776
-1.365648
-0.354243
0.013188
0.051792
-0.384705
-1.792194
-0.273483
0.242888
0.243834
0.073039
0.210966
0.025519
-1.438891
0.081391
-0.118337
0.155498
0.078020
-0.002634
0.000724
0.047601
0.042374
-1.783429
1.506752
-0.217802
0.080981
-1.861716
0.122919
-0.309641
0.132471
-0.032355
-1.763424
-1.566954
-0.007956
-0.085768
0.124994
-1.169508
-1.248449
-1.767748
0.180511
1.705763
-0.127918
0.036879
-0.035401
0.117294
0.341490
-0.014675
-0.033796
0.032369
-1.779323
-0.034905
1.232703
0.027064
0.439850
0.278531
-0.010486
-2.931846
-1.601036
-0.147970
0.028587
-0.028913
1.218979
0.267313
0.031284
-0.396356
-1.885481
-2.056929
-1.883933
-0.087270
0.240954
0.173375
-0.255417
-0.130635
-0.049962
-1.769203
-1.838663
0.397311
0.353297
0.037001
1.992954
0.038039
0.209399
-1.929172
-0.042297
0.010865
-0.057657
0.056312
-0.284265
-1.403018
-0.009905
-1.907934
-1.738475
0.263076
1.660799
1.307623
-0.098144
0.216336
0.095586
-0.107360
-1.804979
0.013103
-0.256111
-1.802546
0.431580
-0.033627
0.215266
0.154915
0.002550
0.302030
0.396096
0.314767
-1.197932
-0.164703
0.003638
-0.026876
0.129869
0.110957
-0.183708
-0.116320
-1.205090
1.258542
0.723306
-0.075772
-0.026064
-0.066677
0.019900
-0.014773
-0.001314
-0.053915
0.038195
-0.276358
0.075981
-0.172538
0.410185
0.365425
1.790136
0.400432
-0.003075
0.294174
0.077388
1.643716
-1.574546
0.048700
-1.893410
-0.057622
-1.764236
0.558395
-0.118358
-0.041935
2.367553
0.284721
0.140222
-0.338306
0.036779
-0.264645
-0.067612
-1.646097
-1.852230
-0.174886
0.303961
0.116544
0.267455
0.008466
-0.110778
0.190347
0.376773
0.187703
-0.278719
0.336189
0.021902
-0.042135
-0.132480
-0.305935
0.040409
-0.028514
-0.125916
0.164027
-1.747497
0.083365
1.167847
-1.750940
-0.008918
0.069217
0.447175
0.178526
-1.850554
-1.949243
0.002423
-0.298574
0.044869
0.259343
-0.090831
0.116534
-0.320969
0.186094
1.587666
0.299870
-0.222575
0.250600
0.053304
-1.996240
-0.330570
-0.062192
0.233668
-1.268200
0.028479
-1.798088
-1.798351
0.034625
-0.045943
1.555931
0.016764
0.009520
-0.159642
-1.828006
-1.108631
-1.845974
-1.839672
0.196388
-0.128471
-0.229643
-0.078729
0.177651
-1.735990
-0.029160
-0.193378
0.301448
-0.180718
-1.974519
0.073670
-0.344459
0.049460
-1.103615
0.186516
0.049999
1.640569
-1.637174
0.369114
-0.004589
-0.115569
-0.020907
0.035656
0.093258
1.184507
-1.283802
-1.731385
-0.056931
0.096316
0.119794
1.221396
0.087167
-0.083930
-0.129601
-0.287659
-1.842098
0.298288
0.043849
-1.278678
-1.710797
0.604400
-0.017343
0.013069
0.373462
-1.746144
0.278676
-1.808217
-1.900658
-0.083666
-0.109145
-0.313532
0.453925
-1.509892
-1.775108
-0.002195
-0.001675
1.163777
-0.356847
-2.100043
0.053751
0.011653
0.414246
0.348867
-1.780175
-0.094415
0.115336
-0.016685
-1.551314
-1.092539
2.240611
0.189432
1.751606
-1.745950
0.223918
-0.124047
-0.020608
-0.250179
-0.215213
-0.937509
0.270191
-1.866139
1.170814
-0.007365
0.004616
0.060406
-0.257545
0.004202
0.010837
0.107791
0.141438
-0.068157
2.044977
-1.185031
-1.829085
0.333471
0.202977
-2.040597
-0.166477
0.006857
1.197013
-0.019294
0.109638
-0.046348
-1.467699
0.342455
-0.380055
-1.809754
-0.359890
-2.062885
0.327064
-1.830143
-3.021635
-0.069076
-0.054318
-1.830177
0.058844
-1.651342
-0.000545
0.053892
-1.976780
0.048351
-1.996418
0.069479
-1.508857
-0.004453
-1.063946
-1.993685
0.158081
-0.311483
-2.039901
-0.000656
-0.007530
-0.051882
-0.310979
0.073147
-0.187054
0.212787
-1.816422
-1.336529
1.484490
0.032211
0.386272
0.032673
0.118908
-0.119468
-0.061112
-0.196396
-0.018436
-0.297657
0.098200
-0.266640
0.131769
0.113413
-0.021557
-1.760093
0.155988
0.145261
-0.060249
-0.005276
0.003108
-1.722301
2.353449
-1.064494
0.040687
0.069496
0.242654
-0.378591
-0.264607
-0.129595
-1.794200
-1.813594
-0.485475
-0.361422
-1.793443
0.204389
0.047349
0.103915
-2.049006
0.257040
-0.061799
-0.034490
-1.205420
0.168026
0.027543
-1.628683
-1.831677
1.597646
-1.081210
-0.069677
0.093505
0.208764
-1.752600
-0.067531
-0.383088
1.553301
1.209333
-1.281438
-2.082074
0.020972
-1.811402
0.116756
-0.403721
-0.293761
0.279164
0.035085
-2.086973
-0.028078
0.040497
0.020179
0.064766
0.043964
-0.064431
-0.320890
-0.308365
-1.131666
1.674508
-0.137768
0.077345
0.120485
-2.977380
-0.032869
0.075748
0.154757
-0.034256
-0.343380
-1.665309
0.060011
0.329175
0.036181
-1.530027
-0.055794
2.195055
-1.853133
0.013042
0.135712
0.008582
-0.093541
-0.022025
0.193888
0.175436
-0.130133
-0.296563
-0.144600
0.401880
-0.066816
-0.016315
-0.126215
-1.837712
1.753387
-0.205924
-0.103990
0.101394
0.016064
-1.776176
0.335781
-1.683659
-1.289830
-0.194825
-0.015559
-0.109687
-0.295987
-0.014409
-1.496097
-0.089414
-0.125777
0.009418
0.007475
-0.075923
-0.138474
1.218410
-1.826895
0.039680
-2.038625
-1.125886
0.045347
0.064476
0.095405
0.484644
0.051196
-0.060638
1.270993
-0.081310
0.226046
-0.253398
0.037572
0.087919
-0.008661
-0.077754
-0.010877
0.031466
-0.026449
-0.412686
0.222189
-1.275437
0.362799
-1.700096
-0.015698
0.499913
-0.070079
0.056171
-1.139925
-0.338855
-0.346655
-0.261999
-0.024873
0.338587
0.095131
0.156341
-1.598891
-0.074761
0.103613
-1.680864
0.030250
-0.234008
0.038098
0.017434
-0.301131
-1.539040
2.280084
0.017919
-0.041899
-0.094507
-1.654011
0.058812
1.617360
-1.839380
-1.508822
-0.266519
1.549576
1.614104
0.329595
-1.076460
-0.031455
0.330186
-0.176122
-0.266772
-0.385557
-1.792800
0.030561
0.495685
0.004720
-0.023258
0.015434
-0.035033
0.068853
-1.798642
-2.043247
-1.379485
-0.058615
0.338815
-1.935723
0.325902
-1.820938
0.047993
0.200552
-0.053228
-1.588394
2.051379
-1.024836
0.031220
0.013101
-1.938680
-2.040691
0.093866
-1.745533
-0.064216
0.402477
-0.290232
-1.920459
-0.096954
-1.653736
1.229177
-0.337698
0.191565
-0.064840
0.058193
1.523647
0.282281
-0.056635
0.086873
-0.106153
0.194965
-1.433925
0.313219
-0.023767
-0.102170
0.256264
-0.006802
0.199109
-0.003906
0.041748
-1.867724
-0.199524
0.228786
0.387792
-1.898968
-1.882897
-0.080870
-1.452598
-1.314856
-0.280122
0.475509
-1.925145
-0.070011
0.110637
-0.014849
-1.888926
0.073004
-0.081979
-0.314730
0.213898
-1.893516
0.012714
-0.200893
-0.092566
-1.706382
-1.720600
0.093350
0.163503
-0.084743
-2.004365
0.138976
0.378623
-0.018058
1.594268
0.315679
-0.029515
-1.467160
-0.004597
1.586327
-0.303579
-1.156802
-0.076797
-0.343487
-0.540976
-0.047720
0.214646
0.286416
2.366527
0.041732
2.239559
-1.613433
0.254364
0.157791
-0.076989
-0.196456
-0.225625
-0.356397
0.141254
-0.036326
0.330264
0.399847
0.139998
-0.044650
0.054511
-0.010395
-1.377771
-0.006287
-1.828926
1.630757
-1.904488
-0.059306
0.020363
1.571481
