0.338325
-1.806864
0.346736
0.130622
0.291838
0.104922
-1.220977
2.260067
0.062015
-1.607617
0.232245
-1.981296
-1.170385
2.128045
2.261038
-1.527987
-1.709053
-0.130019
0.066551
0.651671
2.117879
-1.879504
-0.018541
0.211288
-0.019013
-0.681821
-0.255497
2.158985
0.397179
0.292048
-1.503842
0.242611
-0.121970
-2.201730
0.212592
-1.860347
0.249256
-0.071445
0.168200
-0.093808
0.044928
0.120384
-3.152786
0.174179
0.021225
-1.769863
1.960796
0.344184
0.223923
0.318025
0.394249
-0.054368
-1.432173
-1.131710
1.149933
0.191107
-1.617482
-1.658495
-1.607591
-0.075148
-3.153678
0.460908
0.287997
0.189319
-1.347428
2.042290
0.225494
0.202781
-0.664026
0.169952
0.210208
-1.093970
-2.714387
-0.989000
0.297419
0.126663
-0.923504
0.199009
-1.814176
2.400725
2.237679
0.409308
-1.347567
-0.077146
0.135875
-0.136395
0.036108
-1.182321
-1.229564
-1.873502
-1.377068
2.462861
1.615342
2.207037
0.317545
1.820439
0.239612
0.100485
-0.241930
0.389640
-0.077051
0.065683
-0.142668
2.205329
0.172748
0.201139
-1.259808
0.213159
-1.105860
0.169198
0.088748
0.293970
0.096276
-1.220514
0.076538
-3.169480
0.302470
0.200880
2.320211
1.945742
0.333248
2.380127
0.089550
0.109647
-0.124924
-0.025177
-2.103798
-1.160435
-2.664017
-1.836061
2.561643
2.492889
-1.601355
-1.869770
2.114496
2.141191
0.007491
-1.506368
-2.933507
-1.022247
-0.958311
-1.692643
-0.150716
-0.138944
0.014221
0.110401
1.816804
-1.131753
0.361810
0.123075
1.901145
0.213650
0.394720
2.302184
2.314966
-1.744430
0.215931
-1.306453
-0.883124
2.189464
2.139746
-0.226582
0.120691
-1.555880
-0.124707
0.224581
1.018379
0.060941
-0.190800
-1.534131
-1.280423
-1.128275
2.125031
0.204768
0.424331
-1.711218
-0.152207
-1.934319
2.001994
-2.637367
0.498298
0.232467
1.636935
-1.174075
0.520461
-0.151985
-1.110587
-0.008753
0.529240
-1.339571
0.218049
2.097444
0.068295
0.083019
-1.319280
0.025605
-1.648011
0.105809
-1.143002
0.073431
2.304758
-1.853849
0.104828
0.398837
2.351293
0.174160
-0.903965
-0.014961
-3.111910
-1.695740
0.115123
-0.835117
2.294292
-0.140756
-1.259305
-0.941101
0.158802
-0.278005
0.125233
-1.977815
-2.697138
-0.766723
2.323917
0.429117
0.221731
-0.764171
0.101534
-1.214072
-1.258619
-1.266581
0.111199
2.105625
-0.170052
1.770658
0.028453
0.124811
-1.069588
-3.095870
-1.546109
-1.701911
0.311674
2.575159
-3.033109
0.391660
0.141352
0.030309
0.350235
-0.021882
2.520329
-1.778689
0.132915
-1.436556
0.134581
-1.179501
-0.070809
0.160476
0.237267
-1.289283
0.238412
1.210198
-0.147008
0.040946
0.356911
0.235849
2.179915
0.363161
1.953940
0.227574
2.174891
0.454336
2.339515
-1.289502
2.289525
1.241454
0.133982
-2.035329
2.225886
2.341298
0.148083
0.328484
-1.827472
0.398818
0.229922
0.334711
-0.791153
0.290441
-1.817752
0.220458
0.635391
-1.380962
0.364687
-0.184929
-1.793163
2.136326
0.526340
-1.926331
0.441792
-1.445639
0.241324
-3.024558
-1.438724
-1.505456
0.862128
-1.265662
0.096946
2.141653
2.042429
0.164938
2.167513
2.000668
0.426331
0.220962
0.413116
0.743792
-2.095331
-0.151499
0.494265
0.301875
0.529483
-1.160895
-0.087080
-1.050187
0.325299
2.280811
-1.654425
-0.258993
-1.287717
0.431664
0.163959
0.241385
1.827703
0.270520
0.490243
-0.289253
-0.856369
-1.540519
0.088040
0.170324
-1.644179
-1.630564
0.262261
-1.900152
-2.621193
0.304869
1.655226
-0.016855
0.036700
0.424714
0.597093
-1.540175
-2.868572
-1.865803
0.104562
0.684230
-0.018117
0.186068
-1.832965
0.622009
0.177125
-0.138525
-1.694090
0.692218
0.197169
-2.041707
-0.144121
-1.859613
0.148548
2.416867
-1.517103
0.274268
2.069643
0.231402
0.371796
0.473620
-0.228108
0.057513
-3.085674
2.318816
0.235384
1.946630
-1.654255
0.213703
0.307193
0.117324
0.362985
0.171366
-0.925760
0.431398
-1.856773
-0.352565
0.203431
1.943285
-1.387206
0.941649
2.110269
0.079941
0.137579
0.260313
-1.461485
-0.104931
0.190826
2.246744
2.502666
0.130797
-1.346770
0.169740
2.384486
-0.227461
-1.843658
0.582293
-2.729125
0.128211
-3.068758
-0.637357
0.337372
0.102503
-0.134749
2.134856
-0.038120
0.351485
0.125757
-1.133581
-1.589098
0.103719
1.079902
-1.816563
0.226879
1.985149
0.336727
-1.723314
0.020334
0.048532
-1.615615
0.289282
0.958209
-1.018910
-0.983988
2.019783
0.055490
-3.391681
-0.059155
0.024854
0.289503
-1.903229
0.218797
0.120701
0.264959
0.173025
2.124357
0.001626
-0.997953
2.178051
-1.378191
0.131372
-0.279787
2.565096
0.294278
-0.007125
-1.898235
0.419710
0.198114
-2.108124
-1.730489
0.246780
-1.132749
-1.896094
-1.178638
-2.888825
-0.040035
0.103243
2.266854
0.383991
-0.058982
0.413690
-0.132749
-1.878745
-0.226638
-1.407211
0.247599
2.198397
0.109332
2.181541
1.778187
0.100678
0.191023
-1.910453
0.300831
0.249071
0.167238
0.210490
0.215983
-0.053288
0.050670
-1.818814
0.107375
2.445478
0.360353
2.189324
0.255837
-1.775928
-1.375170
2.721502
-0.179528
-0.018078
-1.131184
0.189017
0.536886
0.282534
0.514392
-1.300786
1.976871
-1.005687
0.294112
-0.035775
0.357854
-1.231145
-0.111447
-1.249026
0.128653
0.095787
-3.121711
-0.264792
0.270688
-1.922315
0.466107
-0.055063
0.312937
1.923185
-0.119792
2.290389
0.267227
0.263117
0.849543
0.196782
2.050641
0.214729
0.912296
0.313572
1.998677
-1.071754
0.068573
2.105911
-1.635398
-3.053547
2.168126
1.726893
2.220822
-0.044174
0.404168
-1.722572
0.588511
-1.666178
1.854263
0.066418
-1.608267
-1.254305
0.800657
0.047376
1.070332
0.359464
0.289621
-1.720586
0.056994
-0.119738
0.164036
0.313603
-1.126461
0.464953
0.176709
0.230752
0.023880
-2.878850
-1.846571
0.399974
-1.944552
0.133700
-1.793449
2.099315
-1.115903
-2.133597
0.279274
-0.073282
0.254589
-0.184989
0.391979
-0.018845
-1.401903
-0.051951
-1.919107
-1.882761
-0.052770
0.164100
-0.956633
2.354240
0.050311
0.243828
0.206642
0.117117
-1.781565
0.429559
-0.056952
-1.676876
0.185218
0.069163
0.295134
-2.063487
-1.794007
0.288008
-1.870918
2.789081
-1.245547
-1.197972
0.044421
0.136751
0.326454
0.067133
-1.304235
-0.804756
0.513140
0.461227
-1.768586
-1.405464
-0.321263
-1.006806
-0.755482
-1.673722
-2.842724
-1.759897
-0.672083
0.219757
-1.386273
-3.126772
-0.191695
-1.375319
-1.220420
0.140890
0.386118
1.903516
-1.838611
2.122277
0.153193
0.059988
-0.211522
2.241439
-1.761183
-1.283922
0.303307
0.304989
0.137663
2.029875
-0.150933
0.485646
-0.837220
-1.204493
2.213029
0.285944
0.239650
0.204571
-0.135323
-0.256734
-3.016986
0.197882
0.023627
2.591234
0.409457
2.143770
0.153976
-1.575960
-1.278067
0.718054
-1.767649
0.245863
0.062566
-1.166125
0.304068
-0.028328
9.168676
0.344508
0.094685
-1.835814
2.097426
0.314343
-1.226220
0.138419
0.492292
-0.070584
-1.893622
0.993967
0.239655
0.243062
