-0.061505
-1.914072
-0.382019
0.120337
-0.043974
-0.145301
-0.335422
1.753037
0.107481
-1.976960
-0.094205
-0.043669
-1.938332
0.025696
0.075029
-1.972010
0.054152
-0.658541
0.056578
-0.116101
0.153093
-0.140875
-0.146303
-0.046148
-1.859284
-2.052344
-1.821945
-1.971406
1.732953
-0.419236
-0.303196
-2.113196
-1.857351
-0.128160
-0.073350
0.008853
-0.036756
-0.158009
0.060289
1.487955
-0.172314
-0.001816
0.197695
-1.858183
-0.257754
1.633268
1.265323
-0.097320
1.700116
-0.044521
0.117392
-1.952174
-0.098419
-1.823655
0.140560
-0.019749
0.101767
-0.153842
-1.889885
-0.407275
-0.052052
-0.118975
-1.803818
0.097117
-1.892266
-0.048991
1.172469
-1.764172
-0.276444
0.062533
0.023436
0.060709
-0.107477
-1.905508
1.499659
-1.954508
1.043432
-0.385874
-0.022805
-2.162054
-0.091192
-0.019167
-0.289123
-1.753967
-1.863388
0.246070
0.016591
-1.850725
1.067235
0.095140
0.192151
0.092972
-0.055882
1.621037
-0.069148
-0.004922
0.102552
1.635818
-0.011734
0.033045
-0.018549
-0.177540
-0.247658
-2.175375
-0.091269
-2.010651
0.191008
0.006283
1.163326
-0.257721
0.141909
-1.845674
-0.252430
0.192832
-0.372181
-0.009696
0.070826
1.618162
-0.092658
0.058221
-0.313815
1.622015
-2.159514
-0.217178
-1.814470
-0.150358
-0.006273
-0.357037
-1.764389
-2.023765
-0.460213
-0.494778
-0.179871
0.097635
-0.441836
-1.881078
-1.812803
-2.029006
-0.272661
0.001866
-0.110344
-0.093516
-0.146070
-1.943305
0.090557
-0.003854
-0.197067
1.859271
-1.798418
0.012816
-0.097587
-0.004082
1.162200
-1.878724
-1.811155
-0.130741
-0.082181
0.018750
0.159327
-0.356516
-0.265478
-0.270791
0.140527
-0.417648
-0.015019
1.697156
0.115615
-0.028653
-0.051124
-0.088372
-0.233218
-0.084798
-1.793898
-0.156315
-1.918095
0.061997
0.073489
1.650531
0.027273
0.123529
0.013776
-0.383304
1.690338
-0.024548
1.060850
-1.967181
-0.127771
-0.042318
-1.920270
-0.050234
-0.063585
-0.088161
-0.018175
-1.845134
-0.090203
-0.123551
-0.357450
-0.031781
-0.263639
-0.044233
-0.018533
-1.865422
0.128350
-2.024053
-0.250791
-0.182213
0.207634
-1.868536
-0.336316
0.164149
0.080477
1.485898
-0.312340
-0.064999
-0.133277
-1.737369
-0.004120
0.137454
0.154133
-0.249786
0.068865
-0.028660
0.013898
-0.093222
0.035253
-0.055729
0.064294
-0.209018
-0.331167
-0.156097
-0.040953
-0.330270
-1.791330
-0.056069
0.106153
-0.229402
-0.126560
-0.069400
1.680304
-0.327330
-1.814900
1.605140
-0.125027
-0.048780
-2.034142
-1.858272
-0.030926
-2.183723
-1.878964
0.073798
-0.000274
-1.847689
-0.100929
-0.455421
-0.219107
0.003876
0.030669
0.149344
0.086848
-0.011886
0.076797
0.060135
0.045671
-0.224997
2.986023
0.029937
0.096400
-0.274086
0.021512
-2.068595
-1.722070
-0.107875
-0.372569
0.005730
-0.119373
-0.215884
1.532479
-0.065505
-0.087228
-1.872915
0.137414
-1.809185
1.603576
0.065483
0.031390
-0.019289
-0.350285
-1.797113
-0.047303
0.103280
0.095665
1.084861
0.004011
-1.865655
-0.124994
-0.140952
-0.145385
-0.087046
0.110311
-0.102277
-0.120562
-0.123214
-0.097684
-1.829164
-0.029195
-0.322740
-0.353384
0.243420
0.062699
-0.269613
0.099453
-0.422650
-0.280341
-0.004702
-1.882998
-0.123041
-0.000500
0.056244
-0.156295
-0.191254
-0.068459
-0.362721
-0.076979
-0.179173
2.026652
-0.258370
-1.863366
0.109173
0.231818
-1.857990
-0.025090
0.036617
-0.182051
-1.840493
-0.067686
0.124609
-1.832812
1.552728
-0.018824
-0.108760
1.526600
-0.176883
-0.018547
0.148847
-0.220307
-0.106055
-1.798097
-0.311774
-0.310872
-1.925084
1.160007
-0.149366
-0.046441
-0.119461
-1.907001
-0.115377
-0.319921
-0.274933
-0.006767
-0.309793
-0.125920
-0.158371
0.085431
-1.951680
-0.076120
0.004936
-0.019147
0.089387
-0.143325
0.106820
-0.048320
-0.130611
0.169638
-2.046584
-0.283106
0.075451
-0.336201
0.069229
-1.956474
0.066979
-0.389322
1.729587
0.124046
0.018612
-0.039809
-0.156470
-0.456102
0.027642
0.167142
0.118459
-1.810939
-0.285712
-2.124168
0.048129
-0.394891
-0.051833
-0.083335
0.057398
-0.064410
-0.013656
-0.284707
-1.858810
-0.266361
-0.104538
0.019586
-2.007337
0.236691
0.123597
0.133532
0.176042
-0.076582
-0.365122
0.082771
0.001465
0.072597
1.911005
0.085628
-1.873218
-1.950827
-0.002033
1.523625
-0.346126
-0.056287
-0.003776
-1.799284
0.144995
-0.130706
0.020992
-0.089739
-0.005631
0.090921
1.153581
-0.013438
-0.065334
-0.248374
-1.901148
0.029257
-0.169797
-1.901578
-1.773385
0.147519
-1.935712
0.099934
0.121035
-0.327278
1.788398
1.711758
-0.326208
-0.015457
-0.208989
0.047056
-0.048870
0.121816
-2.016327
0.096418
0.076681
0.006501
-1.715774
-0.295619
-0.017776
-1.844465
-0.024438
0.077353
-0.067511
-0.329401
-0.407670
-0.390844
-0.359166
-0.112668
-1.696314
0.029973
0.039712
-0.341078
-0.093198
0.102838
0.021315
-0.133936
-1.974968
-1.858001
-1.788653
-0.324977
-1.950494
-1.914465
-2.164556
-0.198081
-0.248535
-0.006772
-0.197400
-0.276078
-0.005867
-0.301012
-1.872936
-0.021680
0.198637
0.022146
0.088746
-0.013386
-0.073978
-1.793696
-2.051198
-0.071560
-0.168705
-0.160238
-0.405714
1.586901
0.225143
-1.921217
-0.421562
-0.058578
-0.039467
1.657487
0.188527
-1.893440
-0.174852
-1.793781
-0.298303
-0.413107
-0.052717
-2.073991
1.294588
-0.028080
-0.099619
0.046231
-1.973242
0.033297
-0.058416
-0.418230
0.122713
-1.825639
0.026181
0.067624
0.165828
-1.973918
-0.232373
-1.990410
1.129830
-1.802031
-0.275921
1.617980
-0.069798
-0.093501
-0.083993
-0.096431
0.016628
0.162226
0.021917
0.024497
-0.126153
0.108836
-0.200342
-0.006865
0.034299
-0.222463
0.066119
-0.016645
-1.931210
0.017915
-1.823330
-0.070358
-0.192015
-2.045663
0.041142
-1.829863
-0.278780
-1.854885
-0.239433
0.105671
-0.064568
1.113633
-1.977751
1.711062
-0.315412
0.007073
-0.019908
1.092583
-1.868271
-2.200203
-0.344065
-0.342535
1.570120
0.154815
-0.206293
-0.049030
0.171147
-2.105039
1.691022
-0.254199
-0.348862
0.012867
-0.218514
-0.002468
-0.133789
0.026606
-0.179395
1.178768
-0.005825
-0.009071
1.579089
-0.237817
-0.185771
0.010809
-0.206668
-0.068968
0.177460
0.054695
-0.111874
0.111730
1.728540
0.085660
-0.072596
-0.022860
0.042132
-0.009135
-0.220639
-0.017575
1.559842
0.012961
1.640472
-0.338135
0.011325
-0.119581
-1.828835
-1.841416
-1.932035
-1.730819
-0.372883
-1.979145
0.076784
-0.029457
-0.007915
-0.323956
-0.003734
0.057198
-1.787942
0.051120
1.742299
0.072767
1.694127
-0.037316
-0.134616
-0.013474
1.132505
-0.048949
-1.847675
-0.022024
-0.040058
0.032019
-0.050249
-1.834075
-1.671907
0.061669
-0.167673
-0.256868
-0.137980
-0.263001
-1.745208
-0.051489
-0.172509
1.141132
0.035113
-0.139593
0.143249
0.110205
-0.181475
-2.199651
-1.903256
-0.178697
-1.899691
-0.642326
0.151295
-0.168172
0.024966
0.132043
-0.202765
-0.456437
-0.068520
-0.006996
0.158755
1.738195
-0.271290
0.106465
-0.054050
0.013313
0.010585
0.044174
-0.059713
-0.048048
-0.029429
0.044647
0.063912
