1.641486
-1.712070
0.080623
1.857368
-1.857752
-0.289481
1.215296
1.667633
-1.987374
-1.739166
-0.271901
0.146476
-0.310597
-0.163026
-0.000347
-0.399158
-0.016130
0.300588
-1.999716
-1.417010
-0.124743
-0.107840
-1.897887
-1.774676
-0.317614
0.054035
1.625799
1.096248
-0.245918
1.618502
1.458645
-0.255444
0.047814
-1.889897
-0.128471
0.064752
0.087859
-0.150219
0.004060
-1.909882
-0.232126
-0.115422
-0.038291
0.066414
-0.283008
-0.037668
-0.417419
-0.102935
1.635305
-1.809291
-0.306557
-2.125774
0.086925
-0.200889
-1.988993
-1.892480
-1.946536
-0.251948
-0.047294
-1.339267
-0.329477
0.118052
-0.193575
0.042074
-0.088530
1.662864
1.712437
-0.259240
0.082750
1.724722
-1.999501
-0.425006
0.040114
-0.265023
1.829782
-0.297978
-0.395942
-1.876905
-2.058975
1.714276
-0.166445
-0.299035
1.127609
0.099963
0.078346
-0.301960
-1.999687
0.064279
-0.407220
1.670198
-1.748058
-1.984848
-0.168069
-0.345025
-0.339514
-0.297226
0.018774
-0.343166
-0.428289
-0.290894
-0.025142
0.022659
-0.166707
-0.229859
-0.132375
-0.130558
-0.006010
-1.853226
-0.047113
0.172099
0.079486
-0.062208
-0.387993
1.586014
1.672708
-0.008988
0.076494
-0.090729
0.004059
-0.056104
-0.036907
-0.288820
-0.351951
-1.904345
-0.042145
-0.363149
-0.122365
1.808603
-1.960947
0.057103
1.653265
0.062735
1.620068
0.103030
0.003115
0.027325
-1.743717
1.646108
0.021112
-0.086829
1.231751
0.013206
0.037538
-0.351417
-0.276578
-0.393601
0.064388
-0.347125
-0.130498
1.700406
1.577395
-0.034985
-1.768526
-1.885422
0.074198
-1.924485
-0.084418
-0.010394
-0.309459
0.116072
-1.835381
1.598469
0.147662
-0.061228
1.647671
0.012675
-0.006844
-0.007999
-0.281486
1.649322
1.698445
-0.071695
1.710777
0.084391
0.162250
-0.119750
-1.940752
-0.369484
-0.395410
1.663440
0.097318
1.869421
-0.043736
-0.081751
-0.087713
-0.024261
0.045599
-1.881712
1.642480
-0.067166
0.116689
-0.149578
0.124359
-0.128380
0.075785
-1.822029
0.042673
0.028486
-0.453079
0.163716
0.090989
-0.224717
-0.020572
-0.580734
-0.112063
-0.327615
-0.138274
-0.175639
-0.067539
-1.819512
1.710653
-0.085065
-0.009857
-0.049878
0.114807
0.064999
-0.095918
-2.165242
-0.173500
-0.017207
0.110989
-0.002054
0.016159
-0.176750
-0.086445
-1.827909
0.018635
-0.531227
-0.044151
-1.903037
-1.766972
-1.975557
-0.109058
0.078739
-0.088456
0.001346
0.152887
-0.029458
1.115349
0.107025
-1.774840
-0.228995
0.040129
0.076477
-1.944582
1.756367
-0.040861
-0.078881
-0.072996
-0.126795
0.034822
-0.070263
0.035541
-0.095759
0.073042
-0.043078
-1.726184
-0.318979
-0.267142
0.103912
0.053302
-0.043558
-1.931713
-1.862345
0.067711
0.060247
1.157839
-0.091255
0.097679
-0.232937
-0.095871
-0.340760
0.115134
-1.879442
-0.021221
1.776690
0.009767
-1.893791
0.114159
0.095879
1.242264
-1.852276
1.547028
0.105504
-1.891324
-1.686294
-0.106180
0.056434
0.041202
-0.311748
-0.040109
1.879927
1.207719
0.026611
-0.036931
-1.766424
1.175828
-1.911019
-1.845329
0.029882
0.088799
-2.043720
1.819065
-0.462382
-0.236397
-0.074564
-0.109367
-0.368077
-1.868797
-0.145626
1.722515
-1.941103
-0.003897
-0.066114
-0.291601
1.657535
-0.109628
-0.307599
-0.269147
0.096823
-1.881422
-0.256884
-0.127199
-0.263407
-1.712275
-1.875268
0.141032
-1.923707
-0.059018
1.214736
0.021733
-0.062188
0.031407
-1.978488
1.935957
-0.475959
-0.247746
1.190499
-1.802677
0.095812
0.038063
-0.349239
-0.038563
-0.275509
-0.352072
0.056942
0.152439
-0.095525
1.688723
1.624749
-0.000167
-1.817314
0.071552
-0.040845
-0.021967
-1.867270
0.021674
-0.667765
-0.191746
-0.368912
-0.071672
0.021340
-2.149613
-0.084483
-0.340736
-0.114113
-0.394326
0.000429
0.072434
-0.372571
-0.020110
-0.119343
0.049810
-1.778966
1.801638
-0.017694
0.046519
-2.156150
-0.011700
0.015608
-0.497650
0.109571
-1.878395
0.039824
-1.758853
0.016847
-0.059328
-0.092518
0.031407
0.050162
-0.011932
1.732350
-1.913937
-0.087096
-1.933681
-1.955813
-0.088853
-2.160967
-1.799568
-0.391677
1.622912
-2.027043
-0.299151
-0.416952
-0.073400
-0.098621
-0.082768
0.116988
-0.008855
-0.005161
-1.698010
-0.266876
-1.837248
-0.383373
-0.121191
0.004390
-0.629181
-0.004859
-0.296508
0.077948
-0.156247
-0.294952
-1.827922
-0.067143
-0.269468
0.073344
-0.314668
-0.014816
-1.924921
-0.040457
1.824733
1.759675
-0.061651
-1.872600
-0.121399
-0.022475
-0.037245
-1.889430
-1.754278
-0.379182
0.017865
1.494384
-1.729288
0.119221
-0.072417
-0.147252
0.024703
-0.422220
-0.201554
-0.074382
-0.348518
-0.108914
-0.052887
-0.279119
-0.042226
1.688874
-0.010224
-0.216849
-0.190212
0.014564
1.762909
-0.188262
0.038237
-0.301307
0.095149
-1.849069
-2.055177
1.105392
-1.900090
-0.345144
0.096316
-0.113660
-0.053514
-0.269301
-1.982668
-2.160475
0.113779
-0.096423
-0.024928
0.060496
-0.148397
-0.282323
0.002343
0.047470
0.002331
0.010294
0.059075
-0.028958
0.040567
-0.179449
-0.146427
-1.870553
1.657238
0.029883
-0.117566
-1.872842
0.088417
-1.850607
1.254095
-0.113248
-2.091304
-0.254234
-0.002007
0.015840
-0.195942
-0.035132
-0.062583
0.073772
-0.068163
-0.107988
-0.043582
-0.039566
0.059787
0.126250
-0.039109
-0.032523
0.023303
-1.828038
-0.049302
0.030189
-0.335439
-0.118396
-0.093172
-1.846948
-0.130295
-0.227319
-0.304849
0.047239
1.873778
-0.424590
-2.108597
0.031050
-0.300412
-0.217662
-0.034451
-0.073234
1.620899
-1.777557
-0.067411
1.591784
-0.319320
0.069674
-0.032988
-0.097859
-1.739421
-0.058473
1.647263
-0.048055
-0.082126
0.064562
-0.417595
-0.022331
-1.814727
0.006022
-0.112737
-0.029329
0.030371
0.084638
0.058351
-0.072356
-0.602427
-0.369785
-1.461879
0.092779
-0.238158
-1.839629
1.624797
-0.270710
0.032705
-2.013351
-1.815879
0.002503
-0.521533
0.077088
1.632991
-0.176297
-1.837914
-0.058409
-1.824440
-0.014318
-1.755987
-0.029921
-2.196020
-0.339069
1.139852
0.036293
-2.080425
-0.070705
-0.029997
-0.218653
-1.739448
-0.271843
-0.105616
-0.098071
-0.128914
-0.148196
-0.094769
-0.291473
-0.167351
1.606498
-0.422867
0.026812
0.005189
-0.332317
-0.011258
-0.363690
0.099216
-0.311393
-0.161525
-0.036853
0.026380
0.114501
1.788636
-1.719177
-1.773235
-0.265463
0.176813
-1.920178
0.011768
-2.100767
1.060264
-1.842439
0.124034
-0.078575
-1.609865
-0.203519
0.040711
1.676828
-0.318742
0.124236
0.053809
-0.018356
0.015603
0.018004
0.055298
-0.284273
-0.140301
-0.231127
-0.357635
-0.041838
1.643054
0.039913
-0.069551
-0.092208
0.035574
-0.028018
-2.139040
-1.914816
-1.821129
0.115378
-0.109711
-0.074504
-0.119206
-1.991207
-0.043699
-1.674352
-1.921711
-0.094150
-1.831726
-0.104344
-0.202737
-1.948040
-0.066110
-0.046224
-0.043890
-0.326157
-1.579897
0.012023
0.175452
-0.227626
-1.812262
0.143342
-0.045348
0.064969
-0.012069
-0.234661
-1.829667
-0.192623
-1.861088
1.687761
-0.162225
0.017539
-0.043242
-0.038671
-0.697836
-0.313966
-0.280312
-0.215498
-0.029295
0.136359
