-0.118460
-1.616979
0.066795
0.312157
1.795936
0.280763
0.176525
1.789598
0.248084
0.262456
0.141830
0.366023
0.081081
0.171035
1.756132
-0.146812
0.127750
-0.105090
-0.217369
-1.498585
0.273743
-0.312411
1.756000
-0.140515
0.035144
1.823804
1.799013
-1.650824
-0.272183
0.300297
1.667395
0.011646
1.720569
0.145638
0.249412
1.647045
0.289350
-0.313063
0.405922
1.771681
0.267282
1.761123
-1.707151
1.871836
-0.282924
-0.264741
-1.528133
-0.043823
-1.728450
0.092439
0.244403
-1.649622
-1.616817
1.826653
-0.171516
-0.093183
0.350040
-1.526528
0.091744
0.300269
2.034121
1.866759
0.330653
1.909809
0.288321
-0.290100
-0.001347
1.763036
0.074396
-1.723969
2.024632
0.235800
0.204024
-0.123982
0.126420
-0.130421
1.635964
0.096888
0.302808
-0.074587
-1.566793
-0.265294
0.165996
0.137683
0.383738
0.366095
-1.771146
-0.068081
-0.055501
1.849802
0.169489
1.655274
0.535968
1.800088
0.215788
0.276725
0.275776
1.795998
0.114403
-1.612485
-0.135581
0.138856
-0.098607
1.645475
1.826096
-0.271113
1.747200
-0.356361
0.047012
-0.087366
1.795301
1.976729
-1.695268
1.923017
-1.564184
-1.768045
0.259118
1.888008
1.792223
0.320650
-0.205917
-0.139882
-0.128287
0.255746
-0.122349
-1.552781
0.273072
0.096295
1.705372
-1.648531
-0.190980
0.228721
0.162936
0.353766
0.304294
-0.205751
-0.011942
1.996953
1.804809
0.058491
-0.003569
-0.146595
-0.071057
0.027249
-0.118742
-0.070416
0.202769
1.746085
0.302059
0.322830
-0.287502
0.450804
0.257103
-0.294862
0.200587
0.109875
0.231536
-0.255504
-0.250517
-0.143961
1.768212
1.834157
0.158958
0.123387
0.063945
0.231106
-0.324092
0.278683
0.291094
-1.598677
1.851726
-0.313350
0.252160
-0.105152
0.126899
0.282119
0.296236
1.831225
1.815354
0.052460
1.798459
1.855063
0.184978
0.236272
-0.166437
0.323521
-1.624479
1.890355
1.667677
-0.047309
-1.547877
0.271345
-1.721489
-1.709650
-1.758173
0.071049
1.697768
-0.050059
-1.643143
-1.685434
0.401366
-0.258203
-0.104828
1.798547
0.112353
1.868723
1.779390
0.142629
-1.713400
0.011345
0.298643
0.202919
1.839508
0.278719
0.080771
1.822868
-0.037696
-0.006603
0.179400
0.261665
0.076253
0.293389
-0.056511
-0.142100
0.293122
0.020103
1.672031
1.748429
0.140326
0.221546
-0.030165
-1.726480
1.785638
0.246074
-0.234334
-0.020661
0.085790
-1.707617
-0.074728
0.273256
-0.038592
-1.852890
-1.623439
-0.014445
-0.231533
1.940405
-0.006271
1.682765
0.281542
-0.236251
1.784527
-0.274615
1.776944
1.835321
-0.245591
-0.253289
-0.133745
0.000413
1.962288
0.215644
0.346503
0.015502
0.231804
0.098266
-0.033284
1.646215
0.021190
0.078984
-0.205501
0.273093
1.719733
0.149750
0.261803
-0.065839
-1.675329
-0.275160
-0.024311
1.697315
-0.295557
0.369215
0.085186
-0.145194
1.827771
1.820453
-0.137106
0.281431
0.243101
-0.104513
-1.577397
0.228030
0.143254
-1.747776
-1.664551
1.870316
0.218013
-1.720532
0.058943
-0.126875
-0.161782
0.047319
1.786374
1.667861
-0.091651
-0.157213
0.349407
0.324337
0.133221
-1.507082
0.232095
1.601863
-1.563182
-0.129430
0.241269
-0.269237
0.331825
-0.053733
-0.094809
-1.663934
-1.610110
-0.089451
0.279620
1.721832
0.063940
-0.013248
-0.118340
0.162986
-0.131056
1.695203
-0.308345
1.832860
1.782080
-0.338399
0.289777
0.118558
-0.230752
-1.647389
1.859615
1.705708
-0.244855
1.829661
-0.340943
1.900743
0.149766
-1.637036
0.244639
0.108747
0.269290
0.218682
-0.146876
0.007238
2.069441
-0.088565
0.208282
0.132214
1.758556
-1.629839
-0.083460
1.788715
1.967386
0.121316
1.746304
1.757039
-0.036259
0.138300
0.057942
1.780085
-1.579032
0.194537
0.224591
0.081913
0.280348
0.341528
0.089937
1.750186
0.240851
0.234108
0.086746
0.095543
1.798430
-0.037510
1.733357
0.266285
0.243384
1.643413
-0.291136
0.187492
0.358120
-0.264746
-0.244350
0.090431
1.734787
-0.023340
0.051884
-0.323920
-0.248411
-0.094006
-0.098673
-0.122820
-0.214663
0.371910
-0.164849
-0.135274
-0.137161
-0.072351
0.233818
0.192084
-0.142388
0.155024
0.182187
-0.137111
2.084392
0.154866
1.750786
1.829866
-1.684860
-1.700632
-0.327620
-0.073836
0.180395
1.816293
0.212222
0.079223
0.146470
1.834559
1.938261
1.680597
-0.067007
0.289855
-0.202209
0.236256
-0.112266
-0.127566
-0.184713
-0.120420
0.184777
1.912265
0.252227
0.246966
-0.221051
-0.000716
-0.233056
1.841976
-1.715216
-0.008269
-1.571331
1.874339
1.838280
-0.213324
2.001639
-0.036852
-0.226805
0.004071
0.296156
0.218247
0.118982
1.755974
0.126621
0.108797
1.867251
0.149143
0.383073
0.344427
-1.703469
0.204425
1.807057
-1.725765
-0.138874
0.208770
0.092724
-0.048439
0.279673
-0.094506
1.667181
1.770946
-0.204844
0.230008
-0.329979
0.017608
0.032627
-0.247839
0.321703
1.771655
0.153466
-0.104751
0.310777
1.845556
0.225210
-0.272351
-1.678896
-1.559463
-0.181474
1.659320
-0.002769
0.117528
0.250048
0.126974
0.076593
-0.080756
1.700122
0.327826
-0.043465
3.116409
-0.054711
-0.000395
0.303246
0.282342
0.356299
1.715427
-0.120607
-0.157644
0.247694
1.847626
0.012082
-0.161867
-0.256690
-0.029663
-0.227064
0.072806
-1.739368
0.248977
0.221678
0.183627
-0.159845
0.007065
-1.536825
0.250564
1.820384
1.817706
-0.009988
-1.527319
0.192724
-1.768570
-0.128372
1.790010
0.253055
-0.081105
-0.038308
0.040299
0.071955
0.275753
-1.610920
0.265741
1.803107
1.777461
1.792198
-0.206182
-0.354313
-0.113234
0.023133
-1.564186
0.266087
-0.062566
0.189329
-0.243408
-1.581845
-0.094770
0.254258
0.409575
0.219063
0.216099
-0.177726
-0.305602
-0.032114
0.208431
-1.765675
-0.215578
1.798837
-0.137572
0.261845
1.780548
-1.580869
-1.525777
0.130327
0.167503
0.261850
0.276612
-0.256229
-0.244820
0.242886
-0.005873
-1.514406
-0.166775
0.244283
-0.130270
0.317091
0.253515
0.089133
-0.187464
-0.208725
-0.220349
1.735160
-1.522779
0.133320
1.667037
0.264712
0.051359
1.825441
0.060820
-0.185096
-0.174273
1.813978
-0.028170
0.102848
0.137787
0.173226
0.328000
-0.146253
-0.293428
1.883932
-1.788522
0.294675
0.334425
-0.164473
0.146240
0.069896
0.020000
0.330162
-1.585304
1.781832
0.275320
1.829724
-1.563754
0.059343
1.832916
-0.294435
0.018875
-0.244988
-0.288013
1.831676
-0.148295
-0.246003
1.777093
0.233770
0.207088
-1.644982
1.762678
-0.296380
0.164669
-0.208762
0.332952
-0.094871
0.327778
0.219292
0.372471
-0.015133
-0.127476
-0.117493
0.293488
0.096511
1.817684
-0.275567
1.895095
-1.622974
-0.006424
0.182074
1.786311
0.199882
0.149403
0.172223
-0.289141
1.811428
0.209092
-1.584256
-0.294624
1.730260
-0.258328
0.046569
-1.834768
-1.867562
1.824652
0.307936
0.255573
1.842180
0.061794
-0.051964
-0.111373
1.912119
-0.156466
1.905829
0.255451
-1.584340
1.791541
0.014353
-0.315922
-0.112385
-0.321078
1.838942
-1.790150
-0.117265
0.062417
