0.293598
1.828282
0.098044
-0.106136
0.292575
0.112811
0.024661
-1.510777
0.375347
1.864890
-0.094444
-0.150044
1.832823
-0.170735
0.236967
2.010802
-0.135636
0.397669
-0.101484
-0.111628
-0.083288
-0.140245
0.301640
-0.128454
1.813868
1.996331
1.887236
1.830670
-1.532840
0.089894
0.080293
1.923585
1.879077
0.205818
-0.086023
0.318455
0.325441
-0.085531
0.280868
-1.594994
0.272775
0.288779
0.247850
1.781059
0.045560
-1.588698
-1.491923
-0.061950
-1.547831
-0.202824
0.269497
1.783804
-0.191831
1.841507
0.233808
0.282412
-0.193554
0.248346
1.817576
0.130586
-0.125471
0.253796
1.791930
-0.162729
1.823086
0.233125
-1.501296
1.760969
0.042912
0.373649
0.259316
0.320450
0.285600
1.841393
-1.633023
1.850397
-1.513397
0.057178
-0.236590
1.930995
0.187430
-0.177168
-0.004772
1.924351
1.806164
0.298343
-0.034416
1.808364
-1.313603
0.204724
0.301411
0.316246
0.247828
-1.614001
-0.230586
0.270070
-0.140313
-1.566628
-0.145084
-0.150833
-0.155553
-0.141353
0.078974
2.027265
0.295368
1.865751
0.385633
0.288732
-1.518817
0.046196
-0.159752
1.766662
0.046323
0.341671
0.082091
-0.189579
-0.147107
-1.579318
-0.098859
0.306356
0.068640
-1.597683
1.987483
0.130309
1.876703
0.365987
0.268495
0.012329
1.864928
2.027611
0.024057
0.043129
0.245270
0.090544
0.018840
1.886533
1.829009
1.851251
0.191414
0.271967
0.263531
0.382963
0.089982
1.799570
0.276531
0.370952
-0.153076
-1.611317
1.858810
0.238512
0.316970
-0.146275
-1.607826
1.770876
1.778498
0.286739
0.262152
-0.183715
0.286392
0.028462
0.056054
0.084049
0.344035
0.065519
0.246956
-1.608135
-0.096266
0.293123
-0.107533
-0.201423
-0.113284
-0.175473
1.813330
-0.093663
1.826897
-0.126025
-0.172786
-1.614694
0.246317
-0.057717
-0.108097
0.051671
-1.622718
0.351345
-1.309055
1.948891
0.271607
-0.146376
1.781862
-0.146583
0.268383
0.275994
-0.167718
1.789850
-0.116967
0.234566
0.054096
0.206010
0.088789
-0.119310
0.277858
1.813709
0.309860
1.880514
-0.180647
-0.136361
0.306240
1.833851
0.050279
0.332874
-0.189143
-1.661621
0.034446
0.256966
-0.143212
1.824649
0.293856
-0.164261
0.165520
0.127511
0.285084
0.219273
-0.187155
0.237396
-0.132242
0.269996
0.255635
0.256424
-0.002206
0.290251
-0.139790
0.103471
1.877348
0.325786
-0.127616
0.048823
0.233937
0.246939
-1.612314
0.025419
1.815364
-1.581727
-0.168004
0.294955
1.791597
1.762828
-0.215937
1.983161
1.836163
-0.139466
-0.197425
1.876627
0.392377
0.061691
-0.095455
0.303671
-0.171356
-0.103761
0.220489
0.360998
0.280873
-0.110108
-0.121623
0.114513
-3.118468
0.285627
0.039554
0.044134
0.233304
2.049166
1.841008
0.255547
-0.012886
-0.088269
0.238877
0.087626
-1.631624
0.253911
-0.136463
1.833586
0.332531
1.805131
-1.578275
-0.162235
0.304268
-0.167708
0.137175
1.866969
0.203840
-0.086391
0.364961
-1.495536
-0.130646
1.875315
0.184915
0.280592
0.305440
0.318689
0.277557
0.231760
0.270372
-0.115109
-0.144577
1.857436
0.276925
0.158994
0.172367
-0.108115
-0.130716
0.104823
0.274274
0.042901
0.056017
-0.164913
1.836660
-0.187109
-0.186876
0.310624
0.122716
0.255334
0.261214
0.018286
-0.010367
0.068348
-1.612935
0.106774
1.763958
0.271966
-0.135999
1.834413
-0.114709
-0.087094
0.252376
1.756667
-0.210150
0.270210
1.729077
-1.627874
-0.041221
-0.192285
-1.607834
0.247979
-0.115136
0.278461
0.030953
0.272854
1.798851
0.066937
0.075154
1.787782
-1.507314
0.051540
-0.180014
0.324215
1.776290
0.229231
0.121534
0.071967
0.240306
0.052843
-0.160032
0.323362
0.248421
1.777826
0.268236
-0.154947
-0.088975
-0.194129
0.214282
0.270609
-0.125619
0.306667
0.309455
1.874303
0.019862
0.293755
0.045325
0.268686
1.751496
0.239551
0.070588
-1.584505
-0.088267
0.376682
-0.177681
0.090115
0.111211
-0.093982
-0.082022
-0.107016
1.887992
0.033474
2.018322
0.309539
0.009345
0.256977
-0.089089
0.286904
0.287022
0.326660
0.022819
1.807154
0.217747
0.198685
0.298417
1.883268
-0.128606
0.314877
-0.000052
0.109814
-0.118725
0.234092
-0.141922
-0.176845
-0.118169
-1.623627
0.210565
1.849980
1.841868
0.269693
-1.587213
0.061387
-0.156826
-0.177139
1.861260
-0.119876
-0.199317
0.265928
-0.131883
0.292338
-0.095416
-1.524290
0.284731
-0.112746
0.101617
1.764447
-0.129079
0.060906
1.754528
1.848861
0.358541
1.805169
-0.192000
0.273369
0.111239
-1.590946
-1.584908
0.106539
0.263426
0.061493
-0.150000
-0.112930
0.285082
1.960244
-0.156997
0.337117
0.332003
1.853824
0.088312
0.257155
1.742538
0.175077
0.343767
0.232082
0.077906
0.055377
0.010198
0.051103
0.221253
1.877447
-0.062775
-0.163879
0.094647
-0.127983
-0.074888
0.237980
0.240137
1.811119
1.793452
1.837126
0.058270
1.865966
1.808055
2.067381
-0.123922
0.002656
0.267584
0.032188
0.025284
0.352580
0.112352
1.790523
0.247475
-0.069911
-0.156288
-0.074958
0.280106
-0.088360
1.938348
2.014228
0.271138
0.223446
0.277391
0.049714
-1.617049
-0.138564
1.775536
0.022386
-0.114817
0.358171
-1.585461
0.306998
1.857211
0.286149
1.794483
0.042038
0.096445
0.283346
1.799033
-1.559405
-0.187180
-0.159699
-0.062526
1.790696
0.002465
-0.153094
0.108904
-0.078528
1.839505
0.242082
0.257820
0.280832
1.817606
0.068979
1.838003
-1.536018
1.884743
0.113616
-1.558771
0.335534
-0.139631
0.324270
-0.169213
0.300158
0.295092
-0.179278
-0.142652
0.311030
-0.141602
0.085609
-0.131727
-0.265482
0.015249
0.361203
-0.080448
1.884410
-0.166439
1.862116
0.300534
0.115953
1.906695
-0.119075
1.804137
0.039736
1.774578
0.132944
0.300781
0.260456
-1.490348
1.817214
-1.574292
0.085358
0.328168
0.251658
-1.580812
1.815354
1.811318
0.127240
0.029778
-1.562219
0.281267
0.219594
0.249462
0.229207
1.970208
-1.662574
0.098502
0.148737
-0.184051
0.207372
-0.153421
0.286951
0.338318
0.214004
-1.352671
0.314395
-0.032128
-1.601936
0.295415
0.142670
-0.171877
0.200214
-0.133712
0.289397
-0.145237
0.252861
0.231890
-1.541214
-0.165882
0.252675
0.325901
-0.124862
0.225421
0.103854
0.237064
-1.601130
-0.125647
-1.483834
0.148585
0.287085
-0.111197
1.902979
1.812153
1.838226
1.828143
0.113894
1.722384
-0.137072
-0.162734
-0.158927
0.061663
-0.166216
0.299706
1.849773
0.355945
-1.540680
0.278332
-1.586554
0.268366
0.062574
0.338789
-1.592234
-0.200142
1.777169
0.300096
0.234629
0.246577
0.259556
1.780972
1.842057
0.375446
0.299467
0.092998
-0.125544
-0.201149
1.814857
0.272793
0.306272
-1.522171
-0.051194
0.312605
-0.152667
-0.157819
0.309711
2.009943
1.805790
0.161374
1.854699
0.345070
0.328196
0.224196
0.244283
-0.126423
0.080568
0.048444
0.261066
-0.119320
-0.107340
-1.703611
0.086373
-0.146027
0.284481
-0.127839
0.438628
0.354966
-0.124676
-0.135331
0.296253
0.296273
0.258475
