0.070578
-0.336282
0.164884
0.370168
0.133678
-0.544894
0.163943
0.373155
-0.521909
-0.166778
-0.033622
0.265771
-0.287399
2.918879
-0.371353
-0.197109
-0.018520
0.331261
0.341047
-0.494565
0.333887
-0.080031
-0.154053
-0.286029
-0.501291
-0.494863
0.312413
0.222428
2.864125
-0.341171
-0.225890
0.456016
0.096331
-0.004609
-0.281523
-0.176857
0.073067
-0.232072
0.066215
-0.216622
-0.167240
0.172300
0.118022
-0.527822
-0.456256
2.636323
-0.242217
-0.208858
-0.414015
0.162913
-0.199757
3.090330
0.390873
-0.048866
0.199262
-0.276523
-0.189865
2.750706
-0.190414
-0.135246
-0.035620
-0.030541
0.201941
-0.260077
-0.389413
-0.350051
-0.242160
2.921807
-0.261622
-0.448394
0.019909
-0.689600
2.768487
0.179651
0.299589
-0.255363
0.292058
-0.168058
-0.214734
0.058177
-0.056620
-0.203857
0.214087
0.147830
-0.260785
0.342878
-0.147048
-0.046404
-0.544186
2.703337
-0.466207
-0.115483
0.233338
-0.091871
-0.504212
-0.509272
0.181560
-0.215881
-0.483718
-0.233343
-0.015946
-0.059110
-0.628840
-0.407805
2.947414
0.124541
0.012153
-0.639916
-0.074777
0.133615
-0.595255
-0.221313
-0.053251
-0.230634
-0.130124
0.095383
-0.024311
-0.067571
0.026968
0.368256
0.039284
-0.107453
-0.053374
-0.057754
0.296603
3.105749
-0.442266
-0.093484
-0.296793
-0.114704
-0.607197
2.681729
0.205938
-0.094926
-0.017164
0.310930
-0.168760
-0.068317
-0.126756
-0.029803
0.161175
0.130307
0.122216
-0.069508
-0.205294
-0.341735
0.171947
-0.193186
-0.119241
-0.310358
-0.018590
0.000513
0.164377
-0.240496
-0.079732
-0.247717
-0.480990
0.014267
0.211395
-0.064746
-0.146557
-0.069567
0.165887
-0.582912
-0.236764
-0.337070
-0.525523
-0.005797
-0.010480
0.356435
0.381248
0.181636
-0.523146
-0.188335
-0.022356
0.083947
-0.234326
3.007993
-0.128412
0.031284
0.229375
-0.434795
0.292314
0.201743
0.230682
-0.569873
-0.206979
-0.459759
-0.072549
-0.567801
-0.302197
-0.303682
-0.384487
-0.141758
-0.084116
0.265914
0.293591
-0.593634
-0.042097
2.704437
-0.123706
0.328681
-0.163737
0.085573
0.238587
-0.236764
0.103729
0.017487
0.286768
-0.142459
-0.191753
-0.044209
-0.460877
0.081680
-0.381211
-0.253689
0.456826
-0.133592
-0.277680
-0.383985
-0.221139
0.052778
-0.144938
-0.137372
0.372559
0.002080
-0.489680
-0.050182
0.006752
-0.113573
-0.499617
-0.319688
-0.052852
-0.434747
-0.044992
-0.294846
-0.236099
0.297060
0.311791
-0.211344
-0.184002
-0.304056
-0.393559
-0.388935
-0.068614
-0.061009
0.302891
-0.532954
-0.233723
-0.174255
-0.128683
-0.066802
0.350808
-0.273785
-0.242973
-0.353430
2.596102
-0.240488
-0.504816
0.053942
-0.089483
-0.307247
0.418738
0.148751
0.229653
-0.203966
0.165525
2.954879
0.101013
0.087764
0.247234
-0.403939
-0.371520
-0.124588
-0.187378
0.161214
-0.253578
-0.233531
0.316615
0.255903
0.248383
0.126572
-0.026873
0.285569
0.182847
-0.116275
-0.180990
-0.064330
0.188984
-0.213544
-0.413560
-0.058664
-0.285855
-0.226821
0.306502
-0.267491
-0.511204
-0.310294
-0.101164
-0.446520
0.205552
0.460995
-0.120422
0.019689
-0.442188
-0.198815
-0.140310
-0.159510
-0.216515
0.310031
-0.028655
-0.075900
0.292094
-0.390284
-0.311926
0.028850
0.158452
-0.159898
0.374526
-0.044172
0.271296
-0.309454
0.392937
-0.224044
-0.395144
0.117537
-0.309163
-0.241054
0.220924
-0.381608
-0.214674
-0.276034
0.193967
-0.066886
-0.449433
0.117521
0.018946
-0.461832
-0.519912
-0.395705
-0.113112
-0.282189
0.106591
-0.171283
-0.436749
-0.242851
-0.195891
-0.313027
-0.115638
0.119336
0.095747
-0.140977
-0.150534
-0.026621
0.140616
-0.384005
-0.127940
-0.369570
0.096504
0.227649
0.286895
0.547004
0.320513
0.281648
-0.553086
0.048366
-0.081830
-0.081184
-0.231850
0.415897
-0.301311
0.232245
-0.152037
-0.024992
0.278891
-0.312021
-0.261137
0.042041
-0.363064
-0.128172
-0.420620
-0.255664
-0.079811
-0.080973
0.132647
-0.540442
-0.098790
-0.401266
0.337072
-0.023731
0.211859
-0.362650
-0.334597
0.357786
-0.243363
0.146259
-0.095290
-0.086840
-0.266085
-0.076688
0.012475
0.451587
-0.172474
-0.134889
-0.130294
-0.198663
3.115341
-0.513198
0.272687
-0.425260
-0.168102
0.063716
-0.234157
-0.164380
-0.321730
0.122744
-0.120251
2.846431
0.416014
-0.003388
-0.311350
-0.102463
0.317937
-0.419228
0.168603
0.202130
0.092873
-0.472685
-0.200338
-0.041295
-0.094071
0.244175
0.177612
-0.000430
-0.011879
-0.505901
0.017785
0.205104
0.285084
-0.154076
-0.032217
-0.154736
-0.031981
-0.499577
0.036385
0.118953
0.167907
-0.359584
-0.214503
-0.350530
-0.153968
-0.098212
-0.015571
0.016674
-0.503476
-0.094668
-0.065129
-0.336294
-0.289861
-0.206153
-0.100145
-0.103168
-0.254009
-0.035970
-0.639420
0.249146
-0.068600
-0.212908
-0.173736
0.120043
0.087452
-0.316289
0.425544
0.255260
-0.322736
-0.072339
-0.281161
0.167247
-0.358959
-0.211155
-0.018969
-0.284004
-0.365100
-0.148952
-0.202140
-0.081774
0.022122
-0.242982
0.365630
-0.352504
3.008873
-0.183614
0.308454
-0.034487
-0.213249
0.354801
2.797651
0.259291
-0.474437
0.028008
-0.208187
0.127594
-0.078248
-0.484846
-0.365866
0.206514
-0.371326
0.069778
0.190070
0.345678
-0.306788
0.104619
0.111816
-0.081041
0.370976
0.289496
-0.138605
0.422537
-0.422223
-0.309184
0.121189
-0.343956
0.402097
-0.436924
-0.197107
0.345901
-0.164741
0.446487
-0.312975
-0.415637
-0.385331
-0.252677
0.301264
0.025382
-0.241272
0.039849
0.104584
0.108968
-0.073312
0.039654
-0.278456
0.215759
-0.416635
0.136197
-0.208042
0.045866
-0.491798
-0.332995
0.151320
-0.379288
-0.136930
-0.604624
0.315525
0.094081
0.231092
-0.275786
-0.043666
0.216719
-0.507673
-0.379451
0.402297
-0.458501
-0.058458
0.032443
-0.395416
-0.396140
-0.209141
-0.165797
0.381776
0.239198
-3.136329
0.139379
-0.178358
-0.632750
-0.288293
-0.560718
-0.215453
-0.409354
-0.485117
-0.149832
0.001283
-0.173041
-0.179382
-0.679857
-0.440607
-0.139859
2.653636
2.849441
0.031769
-0.555585
0.180959
0.199513
-0.051306
-0.440126
0.300772
-0.182267
-0.180081
-0.208645
-0.292765
-0.292643
-0.337507
-0.193641
-0.212598
-0.435926
-0.113407
-0.494456
-0.409801
0.384159
-0.405074
0.044991
-0.402687
-0.498747
-0.169444
0.012290
-0.369618
-0.230428
-0.362985
0.289814
-0.238300
-0.229647
0.190259
0.028862
0.353824
-0.048916
0.357548
0.341960
0.238222
-0.416195
-0.004275
-0.009296
-0.095413
-0.449912
2.861777
3.081685
3.106558
0.282230
-0.326777
0.045021
-0.473732
-0.123029
-0.637581
-0.408042
-0.314301
-0.332550
-0.197318
-0.052433
0.357375
0.090456
0.280016
-0.375688
0.296087
0.029199
-0.229204
-0.059732
-0.332148
-0.594398
-0.347189
-0.186673
0.299316
0.437018
0.130840
0.244573
-0.121685
-0.085878
-0.703303
-0.281869
-0.029449
-0.215059
-0.443575
-0.158846
0.272285
0.284430
-0.462024
-0.424598
0.073603
-0.033165
-0.101434
2.979962
0.296504
-0.486834
-0.154700
-0.145778
-0.026384
-0.209622
0.399984
-0.482959
-0.227325
0.226400
3.018888
-0.156641
