1.110035
-0.266188
0.435735
0.235092
0.753317
0.473546
-2.466943
0.822227
-0.017166
0.698731
0.259122
-0.129162
0.481896
0.649599
0.752582
0.037366
0.097847
0.394807
0.084230
0.423353
0.507412
-0.357963
-0.068910
0.472973
0.071871
-1.812722
-0.198514
0.892702
0.547707
0.124949
0.561300
0.485108
-0.257426
-2.164606
0.367307
0.045570
0.457042
-0.114857
0.455596
0.227437
0.376351
0.333864
-3.002737
0.578436
0.087318
0.009132
0.679207
0.458958
0.268026
0.417615
0.683836
0.222195
-2.906381
-2.458610
-2.232267
0.873755
0.501054
0.391553
0.185901
0.129503
-3.012114
0.665209
0.452652
0.163581
-2.868201
0.368756
0.372394
0.135959
-2.046997
0.657314
0.413262
-2.338423
-2.559655
-2.548603
0.431129
0.063233
-2.063926
0.760878
-0.215597
1.082461
0.786438
0.439093
-2.810880
0.043232
0.178071
-0.130017
0.181460
-3.008936
-2.873205
-0.185427
-1.681099
1.646229
0.432581
0.706678
0.431716
1.613867
0.508271
0.653704
-0.967820
0.712035
0.182133
0.510997
-0.256217
1.080709
0.476469
0.576569
-2.994377
0.481514
0.543913
0.648439
0.385363
0.534577
0.162621
-2.635534
-0.000912
-2.965253
0.553052
0.605555
0.877277
0.467249
0.603812
0.800504
0.518801
0.445256
-0.350495
0.162153
0.385380
-2.375320
-2.284836
0.418829
1.085114
1.295539
-2.157915
0.112414
0.819482
0.692807
-0.028565
-1.857470
-2.900331
-2.651536
-2.375913
0.335813
-0.130186
0.165574
-0.037790
0.582770
0.818174
-2.897802
0.755047
0.381523
0.489132
0.235819
0.343471
0.807332
1.055137
-0.044388
0.142225
-2.695288
-2.337958
1.131880
0.682223
0.827843
-0.149023
0.574669
-0.045878
0.363155
1.233786
0.324462
-0.137695
-2.578051
0.516150
-2.624613
1.100893
0.706904
0.608321
0.431110
-0.001042
0.001190
0.459902
-1.868518
1.119790
0.560674
0.317326
-2.406438
0.553882
-0.181581
-2.048057
0.858835
0.551547
-2.445591
0.356331
1.441413
0.345665
0.183803
-2.678293
-0.170748
0.251665
0.325964
-2.761701
0.329186
0.865193
0.208302
0.224668
0.696772
0.927757
0.248046
-2.439389
-0.002002
-2.662605
-0.070940
0.197139
-2.342570
0.733148
0.374161
-2.692227
-2.573546
0.311799
-0.285004
0.101640
-0.172450
-2.132557
-2.195915
1.083099
0.346169
0.275410
-2.371359
0.236031
-2.733777
-2.851673
-2.989139
0.178838
0.798391
-0.311640
-0.152745
0.502963
0.278001
-2.587042
-2.885323
0.557425
0.046717
0.343834
1.338755
-2.806018
0.410918
0.154248
0.812729
0.598717
0.425909
1.152969
-0.136307
0.642019
-2.347895
0.369424
-2.768881
-0.301174
0.512158
0.124001
-2.665620
0.316453
-1.932488
0.263511
0.016353
0.515407
0.160188
1.046273
0.287017
1.060009
0.579539
0.672795
0.456173
1.275042
-2.852593
0.953193
-1.951356
0.053810
0.595177
0.577906
1.118313
0.866922
0.675513
-0.003731
0.615253
0.248212
0.747900
-1.943901
0.424189
-0.027341
0.304722
1.024773
-2.849091
0.635334
-0.066467
0.025115
0.698000
0.661302
-0.187701
0.392473
-2.767128
0.283973
-2.794976
-2.965450
-2.942017
-1.547416
0.513958
1.381923
0.539324
0.811087
0.418634
0.932886
0.514031
1.334527
0.481491
0.577638
1.145268
-0.063584
-0.004909
0.622420
0.340315
0.922933
-2.619279
0.995787
-2.888010
0.830527
1.015384
-2.618840
-0.029248
-2.701815
0.542462
-0.130425
0.545588
0.673067
0.392806
0.872337
-0.081657
-2.324192
0.498142
-0.063022
0.511191
0.216269
0.222265
0.399673
0.296461
-2.520677
0.635570
0.142462
0.359193
0.694943
1.159635
0.841653
-2.810876
-1.661249
-0.028517
0.045671
-2.495497
0.345462
0.015597
0.216208
1.190481
0.342357
0.285720
0.186880
-2.343376
0.081444
-0.148104
-0.332255
-0.229463
0.530936
1.154932
0.037568
0.823321
0.582299
0.172462
0.395022
1.081711
-0.097665
0.122070
-2.995688
0.923235
0.205258
0.658734
-2.135784
0.815113
0.586980
0.236408
0.595525
0.283739
1.965222
0.689466
0.741400
-0.068439
0.696622
0.516937
-2.767395
1.482693
0.874190
0.379022
0.336202
0.503813
0.232893
0.225016
0.531415
0.703999
1.131474
0.510720
-2.840112
0.276276
1.044119
-0.190640
-0.176826
0.802932
-2.432782
0.735098
-1.872379
-1.763855
0.496523
0.824480
0.100457
1.119299
0.711390
0.393554
0.834304
-2.789831
0.355085
0.371659
-2.051429
-0.047868
0.368169
0.454809
0.862234
0.073445
0.395461
0.434541
0.398590
0.720727
-1.939348
-1.930385
-2.471798
0.502661
0.322782
-2.566906
0.240180
0.036793
0.504734
-0.211229
0.643624
1.040341
0.580192
0.158290
0.929882
-0.008079
-2.561403
1.340955
0.388649
0.408767
-0.188735
1.360178
0.655053
0.259403
-0.214923
0.361328
0.171959
-0.261828
0.147793
0.458116
-2.883294
-0.376090
-2.583456
-2.621334
0.681142
0.251437
0.894264
0.785602
0.322045
0.478676
-0.125182
0.772704
-0.398543
-2.348565
0.239789
0.728345
0.736161
0.900098
1.213283
0.256950
0.348242
0.636482
0.727244
0.897348
0.409884
0.311127
0.365314
0.028616
0.139780
0.012010
0.206867
1.524771
0.658367
0.672493
0.348194
0.061861
-0.030406
1.245600
-0.318831
0.130439
-2.716972
0.561693
0.791032
0.145002
0.910039
-3.061713
0.515929
-2.650161
0.449093
0.209821
0.446190
-2.907340
-0.187113
-3.016952
0.804602
0.167785
-3.117309
-0.200991
0.730894
-0.121361
0.679155
0.524942
0.638243
0.459145
-0.199542
1.087914
0.023911
0.616375
1.332426
0.639470
0.805245
0.445136
-1.717011
0.538267
0.595629
-2.179950
0.518164
1.081028
0.511531
-2.906365
0.740208
0.067102
1.396015
0.146322
0.293664
0.301377
0.926523
0.173605
1.432843
0.387723
0.271474
-2.681217
1.439311
0.321946
-2.425466
0.506782
0.680155
-0.099790
-0.060962
-0.200948
0.555955
0.561643
-2.447113
0.340973
0.295334
0.194854
0.157538
-2.945331
0.255189
0.582658
-0.030514
0.613983
0.230158
0.718789
-2.926902
-0.146285
0.616621
-0.172820
0.354127
-0.219149
0.412181
0.196441
-2.059860
-0.035365
0.212129
0.245276
-0.231492
0.349942
-2.519745
0.621987
0.331464
0.242686
0.286126
0.461874
0.110937
0.612320
0.780861
0.156303
0.575438
0.928209
0.454084
-0.626419
0.027363
0.780523
0.290422
1.724880
-2.898515
-2.636788
0.519682
0.350370
0.243743
-0.053913
-2.604933
-2.452021
0.498569
1.038686
-0.099267
-2.075880
-0.213496
-2.755079
-2.325817
0.541950
-2.482936
-0.355617
-2.096509
-0.010120
-2.853057
-2.968294
-0.989712
0.863184
-2.705539
0.532443
1.017625
0.712260
-0.011900
0.699559
0.369864
-0.139789
-0.120509
1.052902
-0.087901
0.645800
0.692515
0.546926
0.592015
0.939425
0.743890
0.642881
-1.799514
-2.559916
0.828318
0.399619
0.146836
0.436234
-0.241085
0.175364
-3.106214
0.370246
-0.009415
1.283601
0.380315
0.456923
0.581126
0.515764
0.556418
1.461289
0.204052
0.365471
0.587665
-2.803894
0.574798
0.070955
0.381190
0.575355
0.481258
0.485160
0.677843
0.548613
-2.682852
0.077495
0.904163
0.165608
-0.237363
1.317087
0.591460
-0.005335
