-0.168142
0.189707
0.158180
0.202979
0.012565
0.566254
0.234970
0.094346
-0.544324
-0.480337
-0.147033
0.380661
-0.206419
-0.187442
0.295533
-0.133871
0.176016
-0.522026
0.320349
-0.049359
0.239419
-0.098103
-0.262671
0.425260
0.212944
-0.309643
-0.120344
0.003972
-0.011423
0.405476
0.499043
-0.316600
0.241066
-0.217846
-0.510619
-0.287485
-0.301746
0.516701
0.798292
0.179632
-0.229659
0.064189
-0.124619
-0.058142
0.584605
-0.359082
-0.266136
-0.359360
0.082093
-0.110304
-0.268868
0.084386
0.015537
-0.402501
-0.131111
0.179842
-0.076136
0.023083
0.207951
-0.222050
-0.456591
0.204575
-0.147566
-0.434131
-0.245893
-0.344683
-0.021023
0.055563
-0.347338
0.480807
-0.115817
3.013169
0.085910
0.092038
-0.214044
-0.207337
-0.173106
0.170513
0.284471
-0.420934
-0.244990
0.797474
-0.175810
-0.347439
0.135198
0.012948
-0.128959
-0.338404
0.151276
-0.207252
-0.095291
-0.091326
3.099313
0.308669
0.197457
-0.473566
0.090685
0.660165
0.161764
0.552120
-0.237946
0.049608
-0.002628
0.236586
-0.294048
0.000946
-0.279785
0.242898
-0.139375
-0.015543
-0.006798
0.056479
-0.355068
-0.181081
-0.565652
-0.142595
0.029152
0.051371
0.374571
0.362143
0.164620
-0.381856
-0.284814
-0.126187
-0.034808
0.273907
0.129697
0.126307
-0.252013
2.957366
-0.254156
-0.336586
-0.082509
-0.114189
0.030855
-0.403836
0.117906
-0.699915
-0.203392
-0.023754
0.234181
0.380740
-0.554907
-0.024608
0.121947
0.079137
0.254651
-0.535313
-0.206498
-0.357543
-0.215170
-0.058766
0.295175
3.072836
0.092803
0.087663
2.913638
-0.236618
-0.079908
0.000425
0.485742
-0.053059
-0.550753
-0.320713
0.767806
-0.313004
-0.370034
0.363849
0.050545
-0.173753
-0.486400
-0.145551
0.264080
-0.091222
-0.486225
-0.260938
-0.184462
0.302130
0.324822
0.030372
0.069897
0.140043
-0.272194
0.070115
-0.004089
0.407966
-0.476861
-0.450061
-0.022700
-0.302648
-0.026076
-0.338736
-0.202226
2.718789
-0.114069
-0.269284
0.257565
-0.329298
-0.050065
-0.196713
-0.567841
0.251951
0.214470
-0.156290
0.145031
2.459099
0.011580
0.169364
-0.119883
-0.149415
0.214623
-0.295867
0.180522
-0.074476
-0.551002
0.198091
0.166696
0.417785
-0.014609
0.210846
-0.271238
-0.255427
-0.008192
-0.334990
-0.104454
0.259073
-0.139134
-0.503256
0.069730
-0.188773
0.052399
0.045434
0.332423
0.046280
-0.200307
-0.166404
-0.393647
0.077938
-0.172451
-0.404959
-0.178266
0.485330
-0.110204
-0.349876
0.353702
0.134400
0.244440
-0.121680
0.413007
-0.240169
3.061323
-0.352399
-0.036536
-0.341137
-0.050273
0.053713
0.044701
0.030324
-0.094288
0.302372
0.322377
0.341098
-0.327973
-0.000096
0.230769
-0.088441
0.019121
0.280423
0.293502
-0.413736
-0.067918
0.200435
-0.292136
-0.337970
-0.379648
-0.143710
-0.033827
-0.149591
-0.184749
-0.272763
0.353634
-0.480776
0.421731
-0.272225
-0.192392
-0.168619
0.311009
-0.103326
2.697434
-0.091049
0.460511
-0.543709
0.730386
0.263729
-0.176241
-0.124320
-0.097129
0.123694
0.218593
-0.518430
-0.242797
1.210577
0.397366
0.342282
-0.117015
-0.115597
0.494389
2.668422
-0.410999
0.395571
0.056521
-0.119721
0.072711
-0.313757
0.041744
0.127318
-0.320823
0.060904
-0.104648
-0.200046
-0.112239
-0.213617
-0.309050
-0.193445
3.041741
0.660956
-0.298434
-0.133764
2.755219
-0.485429
0.208696
-0.004039
-0.047235
-0.204298
-0.267988
0.072390
0.141149
-0.294391
0.459899
-0.247817
0.128010
-0.110966
0.412831
-0.029548
0.176415
-0.098558
0.092077
-0.204563
-0.003548
0.092268
-0.162839
-0.136105
-0.148822
-0.062837
-0.316041
-0.140854
-0.358271
0.043891
-0.122145
0.283939
0.028686
-0.097693
-0.051561
0.125967
0.428957
0.198708
-0.259373
3.121972
-0.000264
-0.613203
-0.272103
-0.124012
0.338043
-0.198192
0.230882
-0.342105
0.035647
0.102435
-0.107218
2.970952
-0.112643
0.237110
0.693690
0.076455
-0.179190
0.120303
-0.350331
-0.380498
-0.261188
0.323235
-0.249965
-0.371240
0.405014
0.520612
0.323515
-0.426304
0.046480
0.378531
-0.016091
-0.198758
-0.031987
-0.151131
-0.243517
0.032983
-0.314260
0.568748
-0.302280
0.168750
-0.053799
0.342713
-0.062669
-0.412148
-0.140964
-0.210088
-0.143498
-0.134130
0.306784
-0.343309
0.568691
0.260500
0.393635
-0.555554
0.026195
-0.057402
0.544388
-0.377746
0.637522
0.327609
0.090556
-0.406064
-0.046067
0.710693
3.057792
0.533476
0.550042
0.226203
-0.487818
0.043429
0.086270
-0.465890
0.080310
-0.226137
-0.008681
0.174865
-0.418014
0.138403
0.253580
0.384462
-0.311048
-0.240501
0.345944
-0.306968
2.800672
0.327493
-0.214596
0.138009
-0.258987
-0.166298
-0.360188
-0.229366
0.047385
0.281124
0.055842
0.445114
-0.353664
-0.389203
0.028317
0.286327
-0.422404
0.128332
-0.153154
-0.275118
-0.158018
-0.142845
0.232252
-0.137664
-0.174770
-0.046326
-0.463498
0.523797
0.292657
-0.172677
0.142452
0.379448
-0.357326
0.100570
-0.068874
0.135878
0.437386
-0.311359
-0.597579
-0.400013
0.102953
0.207089
0.207628
-0.242164
2.935134
0.221753
0.157801
0.088343
-0.111402
-0.129304
-0.024047
-0.034101
-0.007986
-0.230601
0.339091
-0.077539
0.241269
0.109995
-0.405215
-0.057570
-0.347008
0.130032
0.019447
-0.109877
-0.274706
3.098042
-0.189736
-0.188478
-0.250685
-0.047849
0.080872
0.030470
-0.150888
0.233235
-0.260385
-0.398009
-0.097483
0.208096
0.151919
-0.220466
0.032747
-0.103555
-0.304144
-0.418147
0.082475
0.076299
-0.125720
-0.231170
0.245387
0.069708
0.211702
-0.432051
-0.296990
-0.513972
0.284540
1.330126
-0.173332
-0.011969
0.090282
0.477621
-0.003638
0.037177
0.335613
3.035758
-0.329644
-0.175942
0.270706
0.357843
-0.233720
0.062921
-0.186779
-0.611330
0.023578
0.061168
-0.054980
0.121759
0.026861
-0.071104
-0.131466
-0.063224
-0.392895
2.912490
-0.028074
0.242536
0.148504
0.004245
0.118124
0.418243
0.052121
0.030949
-0.104417
0.103987
0.644067
-0.000796
-0.595785
-0.300259
-0.329773
0.517245
0.042535
0.082708
-0.273803
-0.161902
0.346882
0.137794
-0.309551
-0.392296
3.101881
-0.510448
0.332164
-0.287549
0.141410
0.247236
-0.611383
0.587801
-0.422635
-0.428909
-0.334693
0.349504
0.173307
-0.314556
2.924416
0.379972
0.242849
-0.212316
0.259485
0.030841
0.179568
-0.012283
-0.069137
-0.047232
-0.128555
-0.215602
-0.360554
0.186106
-0.259771
-0.524271
-0.340890
-0.110059
-0.105258
0.251190
0.061379
-0.128091
2.686310
-0.332287
-0.179680
0.180770
0.334900
-0.026903
-0.130497
-0.150882
-0.051049
0.208125
-0.524747
-0.029633
-0.548591
-0.125832
-0.033734
0.268698
-0.153892
0.382218
-0.059460
-0.066172
-0.434961
-0.164988
0.058723
0.087317
-0.295485
-0.175509
3.008923
-0.209573
0.212872
-0.188312
0.081870
3.338150
0.141220
-0.294249
0.148649
-0.305324
-0.063434
-0.610847
0.323905
-0.079705
0.191778
0.140882
0.241802
0.309638
0.227949
0.641151
-0.346968
0.365439
-0.037183
-0.022351
-0.375213
0.014552
0.314079
-0.339258
0.493706
0.488027
