0.208269
-0.447526
0.277010
0.374103
0.144536
-0.483294
0.193667
0.443661
-0.571529
-0.040173
0.091087
0.300636
-0.386470
2.863450
-0.339199
-0.256288
0.107277
0.414439
0.459102
-0.445845
0.380436
-0.170683
-0.061387
-0.287206
-0.380260
-0.443215
0.469010
0.215348
2.763507
-0.265254
-0.107845
0.442231
0.029966
0.101652
-0.230245
-0.067108
0.203614
-0.108708
0.094751
-0.307496
-0.102599
0.308355
0.129802
-0.531085
-0.465923
2.567379
-0.170287
-0.202948
-0.399643
0.274763
-0.089479
3.098907
0.325310
-0.069618
0.206100
-0.260818
-0.244960
2.699722
-0.010134
-0.249392
0.019400
0.017070
0.311563
-0.120532
-0.381046
-0.371506
-0.189834
2.797115
-0.193997
-0.377235
0.019906
-0.527211
2.800102
0.289501
0.338813
-0.267486
0.299791
-0.206127
-0.074739
0.068684
0.052197
-0.087479
0.258311
0.196464
-0.067801
0.405431
-0.238374
-0.042590
-0.505961
2.489518
-0.397008
-0.106871
0.306374
-0.013065
-0.414109
-0.391477
0.205501
-0.189025
-0.372651
-0.264153
0.061445
-0.035507
-0.667549
-0.364961
2.722886
0.227073
0.126348
-0.522220
-0.098186
0.038479
-0.377535
-0.192716
0.043705
-0.021377
-0.080491
0.085280
0.021663
-0.054252
-0.137029
0.314331
0.066624
-0.147660
0.145822
0.017154
0.328402
3.053665
-0.343729
-0.031437
-0.289927
-0.103528
-0.593058
2.511807
0.314095
0.075498
-0.079923
0.349551
-0.269807
0.040935
-0.021517
-0.030196
0.193629
0.167295
0.124980
-0.207763
-0.311484
-0.214866
0.175720
-0.072319
-0.031772
-0.305065
0.091548
-0.083372
0.253351
-0.253085
-0.003832
-0.123222
-0.351807
-0.021210
0.299161
-0.065435
-0.098329
-0.071501
0.218990
-0.551737
-0.119379
-0.357040
-0.463032
-0.021854
-0.018306
0.406038
0.317229
0.233430
-0.481160
-0.320943
-0.001457
0.199240
-0.172923
3.026906
-0.099158
0.137397
0.287954
-0.509980
0.337934
0.254861
0.254534
-0.470599
-0.230496
-0.337546
-0.006352
-0.449361
-0.401352
-0.273504
-0.310733
-0.136360
-0.017468
0.388776
0.310555
-0.533047
0.073771
2.651365
-0.118861
0.397997
-0.260255
0.003973
0.253519
-0.148315
0.031222
0.023340
0.338867
-0.225924
-0.164914
0.001209
-0.422916
0.206218
-0.391644
-0.225289
0.457765
-0.006162
-0.262778
-0.346634
-0.086010
-0.019671
-0.046105
-0.091028
0.334827
0.044700
-0.446986
-0.016869
-0.074176
0.131716
-0.472524
-0.215607
0.101114
-0.426344
0.017985
-0.294412
-0.281565
0.361572
0.362950
-0.093764
-0.002075
-0.299482
-0.367375
-0.380983
-0.167738
0.032233
0.348643
-0.467109
-0.177167
-0.261087
-0.017745
0.071096
0.424556
-0.269070
-0.380446
-0.383760
2.482649
-0.171359
-0.454000
0.185206
-0.125097
-0.234494
0.565013
0.177319
0.192240
-0.237853
0.129052
2.921517
0.176998
0.107776
0.397855
-0.272469
-0.321811
-0.213493
-0.144547
0.195169
-0.150551
-0.169306
0.383368
0.378327
0.136789
0.287975
0.109265
0.341112
0.292534
-0.207639
-0.209064
0.040504
0.241823
-0.120748
-0.387698
0.038954
-0.185853
-0.154708
0.367637
-0.406005
-0.415701
-0.283740
-0.096557
-0.472344
0.277035
0.443286
-0.100317
0.058797
-0.352376
0.029630
-0.021512
-0.104957
-0.270435
0.281892
0.076740
0.086294
0.326408
-0.317300
-0.237824
-0.159958
0.158652
-0.187293
0.490305
-0.159876
0.314599
-0.398752
0.556333
0.011987
-0.388739
0.247962
-0.446062
-0.104312
0.224881
-0.296848
-0.315001
-0.217288
0.253873
-0.111709
-0.357273
0.097322
0.166910
-0.362110
-0.441035
-0.338386
0.057667
-0.214101
0.109161
-0.008706
-0.439868
-0.022738
0.010686
-0.323868
-0.218131
0.197869
0.235848
-0.120911
-0.104751
-0.002275
0.133914
-0.333407
-0.006098
-0.289942
0.073329
0.245475
0.281604
0.643062
0.283131
0.241526
-0.471307
0.070000
-0.084573
-0.049784
-0.227727
0.460785
-0.328541
0.289938
-0.216500
0.051466
0.296630
-0.276358
-0.266430
-0.141575
-0.351228
-0.186969
-0.363499
-0.317193
-0.040432
-0.127350
0.080269
-0.617220
-0.036649
-0.390717
0.531604
0.088842
0.206219
-0.304697
-0.264456
0.356277
-0.139306
0.131091
0.024107
-0.122341
-0.342589
-0.013569
0.011852
0.400098
-0.006255
-0.041196
-0.015522
-0.226833
3.050851
-0.438279
0.386697
-0.303435
0.055748
0.011165
-0.219493
-0.096460
-0.329113
0.208599
0.008666
2.831361
0.510251
0.162824
-0.317306
-0.097296
0.390775
-0.365267
0.270036
0.199310
0.235360
-0.381196
-0.095703
-0.075338
0.079898
0.233155
0.245679
0.153701
0.009863
-0.402890
0.069636
0.193417
0.261956
0.028833
-0.025012
-0.052624
0.049757
-0.353225
-0.140297
0.216012
0.280355
-0.435956
-0.259592
-0.273604
-0.029210
-0.065110
0.017353
0.082904
-0.368909
-0.080798
-0.033359
-0.271792
-0.251331
-0.056277
-0.148744
0.159959
-0.041475
0.064264
-0.573467
0.348126
0.098882
-0.010698
-0.032219
0.182344
-0.047799
-0.234821
0.386570
0.311218
-0.271691
-0.016918
-0.147284
0.177776
-0.353215
-0.280846
0.018716
-0.268216
-0.241900
-0.045629
-0.094259
0.155307
0.074940
-0.298861
0.452912
-0.352759
2.952700
-0.119256
0.352736
-0.121082
-0.138013
0.366160
2.806137
0.334240
-0.464395
-0.193061
-0.134231
0.270555
0.134607
-0.434564
-0.297591
0.348896
-0.312417
0.177551
0.306811
0.457970
-0.338072
0.205183
0.248918
-0.237814
0.388891
0.329622
0.048386
0.478191
-0.302950
-0.278693
0.150147
-0.202840
0.453632
-0.409276
-0.085221
0.336823
-0.069681
0.500337
-0.094678
-0.320357
-0.299042
-0.279614
0.318057
0.150390
-0.141288
0.082098
0.055561
0.233858
-0.039430
-0.048969
-0.152208
0.291747
-0.315281
0.188326
-0.071124
0.140469
-0.411998
-0.310616
0.193740
-0.356668
-0.065897
-0.697717
0.401635
0.108298
0.267498
-0.310348
0.045616
0.176350
-0.439725
-0.304344
0.296480
-0.394644
0.051800
-0.094358
-0.293881
-0.375616
-0.177527
-0.011345
0.362173
0.292857
-2.971394
0.231200
-0.064590
-0.679246
-0.243859
-0.501637
-0.127169
-0.352260
-0.442220
-0.135113
0.012822
-0.094281
-0.149402
-0.740274
-0.449920
-0.017673
2.391302
2.795728
-0.138466
-0.413732
0.221262
0.153718
-0.000569
-0.409037
0.355936
-0.230001
-0.140398
-0.049569
-0.248936
-0.112569
-0.471715
-0.027863
-0.089826
-0.387292
-0.125713
-0.466128
-0.358293
0.469133
-0.365942
0.257392
-0.348443
-0.384715
-0.251933
-0.105319
-0.308297
-0.176213
-0.231189
0.337314
-0.309291
-0.153614
0.339353
-0.039700
0.375057
0.016447
0.404274
0.413305
0.331186
-0.316045
-0.074328
-0.054844
-0.075667
-0.395385
2.802142
3.021003
2.928400
0.266435
-0.285735
0.022590
-0.364938
0.098880
-0.687213
-0.309371
-0.249696
-0.449342
-0.036776
-0.012191
0.460166
0.036065
0.348677
-0.356609
0.346263
0.150250
-0.132744
0.011384
-0.195994
-0.603577
-0.169194
-0.044351
0.309758
0.388916
0.207417
0.310057
0.015707
-0.004505
-0.689128
-0.405497
-0.058215
-0.026488
-0.389542
-0.004325
0.319310
0.332259
-0.456322
-0.302436
-0.008923
-0.029151
-0.168112
2.969741
0.268766
-0.437232
-0.112547
-0.156727
0.105776
-0.193445
0.355137
-0.407096
-0.057495
0.207782
2.972181
-0.108236
