0.004580
0.321523
-0.260954
1.401677
2.477038
0.907214
0.080263
-0.227537
-0.218421
-0.167077
3.002601
0.009446
1.280249
1.088597
-0.098309
-0.345840
0.682476
0.719809
-0.148574
-0.043691
0.307041
-0.308146
0.230157
2.783446
2.707272
0.808854
-0.851921
3.613826
-2.400646
2.369830
-0.253509
0.175056
-0.886302
0.036443
0.250439
0.091421
-0.152327
0.015509
0.390840
0.045696
0.365219
0.233425
1.240677
1.779201
-0.009515
0.082010
-0.017231
0.659235
0.012387
2.975621
-1.088686
-0.312246
1.024090
1.970034
0.375335
-0.076695
-0.015369
1.444080
0.353872
0.064617
-0.160157
0.480191
-0.188040
0.594568
0.648751
1.761421
0.807941
-0.072453
-0.401684
1.126681
2.016131
-0.965804
-0.296126
0.306825
0.162472
0.239209
-0.056874
1.101390
0.944815
2.719756
0.343330
-0.922399
0.225611
1.367930
0.048734
-0.227538
0.127475
1.166815
0.331466
3.030104
1.686452
-0.070530
1.154983
2.918355
-0.265669
-0.071173
-0.525696
-1.567232
-0.439970
-0.274605
-0.181676
-0.300874
-0.345157
0.526943
-0.264199
-0.110769
0.361987
0.315774
0.239085
-0.128465
0.744562
0.476022
0.153467
-0.812846
-1.704185
1.204175
0.220506
-1.308509
0.532261
0.808212
0.245533
-0.423452
-0.695975
1.420748
1.382110
1.153994
-1.961131
0.270590
0.251896
-0.308774
0.206506
-0.036573
0.123985
-0.086609
-0.227834
0.060597
0.204545
0.661228
-0.514212
-0.137487
2.724636
0.670327
0.022590
-0.430995
-0.390386
0.934940
0.488537
1.303710
0.099270
2.835380
1.484392
-0.394959
0.216083
0.733250
1.096777
0.198242
0.207271
-0.001907
0.012648
1.683062
-0.024777
-0.095420
0.256285
-0.172192
2.168343
0.046557
0.450359
-1.055425
1.332816
-0.281534
2.875822
0.630857
2.879955
0.175392
0.429817
-0.059097
0.821800
0.084759
0.061951
0.657124
-0.250330
-0.143559
0.066397
0.040214
1.515301
0.150011
-0.840575
-1.053649
-0.861139
0.637825
-0.211021
-0.012698
-0.537275
0.649270
0.694516
0.240833
-0.270669
2.208885
-0.190731
0.665007
-0.568183
-0.269572
0.848594
-0.243966
3.130130
-0.208319
1.282069
-0.032506
0.518911
-0.133647
0.006601
-0.038154
-0.558934
-0.326074
0.032400
0.021461
-1.037722
0.037759
-0.170845
0.083507
-0.086864
-1.950082
0.451064
-0.247640
-0.261267
0.715370
-1.245076
0.376383
0.196452
-0.093146
-1.333267
0.028698
0.008202
-0.333462
-0.099630
0.720943
0.252965
0.360392
0.146935
3.020874
-0.101054
1.793576
-0.184594
-0.189617
-1.990559
-0.427859
0.273966
0.183112
0.366933
0.542070
0.313303
0.421737
0.982232
0.046805
0.257499
-0.260407
0.078881
-0.049469
-0.078881
-0.044946
0.164737
-0.408732
-0.254984
0.169669
-0.034443
0.081344
-0.010823
-0.079043
0.484471
-0.060581
-0.513469
-0.587340
-0.294028
-0.152835
0.221928
0.719965
0.379265
1.853809
0.594088
0.428355
-0.526453
1.152089
-1.622011
-0.374249
2.876934
1.564935
-0.239202
0.069836
1.372896
-0.007265
-0.026249
-0.303392
0.039272
-1.702597
-0.485569
1.263455
1.473254
-0.156968
-0.341390
0.196126
0.045871
-0.107932
-0.381835
-0.356847
-0.204236
0.131942
-0.403609
0.720766
-0.211679
-0.714417
-0.891273
0.407723
0.070937
-0.077817
1.043889
0.345679
0.012023
0.743218
2.372643
0.600560
1.265463
0.051152
0.432804
1.485691
0.241905
0.135101
-0.227824
0.259553
-0.011699
0.337928
-1.585031
0.876700
-0.035665
-0.348160
0.703954
1.109492
-0.625297
-0.138295
-0.234252
-0.175818
-1.607244
-0.369854
0.187706
-1.090172
0.015087
-0.033698
0.476049
0.160457
0.452452
0.208031
0.963624
-0.047955
0.101718
0.762963
0.253343
0.348814
-0.298228
-0.142492
1.676819
1.116459
-0.563541
-2.290160
1.427530
-0.386630
-0.180787
-0.379365
-0.005764
0.242539
0.039291
-0.255913
1.258491
0.547719
0.004997
2.911848
0.233840
1.663171
0.607822
-0.332969
0.103077
-0.114209
-0.032602
-0.476391
-0.155897
0.513304
-1.470151
-0.178097
0.167357
-0.109314
-0.359906
0.017562
-2.196646
-0.058378
-0.316799
-1.788869
-1.693318
0.144688
-0.176682
-0.286141
-0.445384
0.416529
0.122554
2.350355
-0.294157
-1.932043
0.243677
-0.489384
-0.158020
0.367465
0.417541
-0.376553
0.020274
0.300775
0.124714
0.204949
0.132575
0.133901
-0.199723
-0.005890
-0.356109
1.130189
-0.041114
-0.257520
-0.242659
-0.284992
-0.076884
0.548592
0.259034
-0.481571
0.182798
0.064795
0.199076
0.056193
-0.250646
-0.061579
-0.029115
-2.697500
-0.350441
0.256244
0.241128
2.399740
0.371072
0.089752
0.026371
-0.364500
-1.587580
0.160960
-0.132509
-0.203542
-0.101690
-0.212204
1.347346
0.303302
0.030943
-0.586869
1.959555
-0.122433
-0.162431
0.129914
-0.416742
0.895930
-1.193925
-0.563526
-0.132210
-0.253987
-0.948634
2.047147
2.920715
0.182916
-0.206383
1.128619
3.018509
0.858969
0.263534
2.225097
1.412749
0.226846
0.292027
0.972648
-0.093480
0.972061
1.091282
-0.273504
2.129980
0.466546
0.291290
2.466178
-0.085799
3.033680
-0.110407
1.971232
-0.131354
-0.127330
0.619511
3.033283
-0.918465
-0.392090
0.308658
-0.891725
0.486955
-0.058997
0.343923
-0.177269
0.896001
1.857202
0.476393
-0.107674
0.215395
1.318770
0.520381
-0.032255
-0.622444
0.143169
-0.430721
0.279642
-0.120612
0.000522
0.423461
0.669714
2.051152
0.373065
0.411188
-0.258321
-0.040371
-0.392007
1.309297
0.638537
0.832082
0.062776
0.746160
1.050463
0.078545
-0.781724
-0.147157
-0.246919
1.097976
-0.013500
-0.156184
1.193342
2.121498
-0.046824
-0.285397
-0.138803
0.075875
-0.326471
1.787758
0.983621
-0.147512
-0.145033
-0.043631
3.048723
-0.002940
0.552255
0.237763
-0.727471
0.134878
0.631246
-1.158626
-0.161120
0.473254
0.098407
0.243395
1.557820
-0.115509
0.028816
0.820849
-0.018510
0.267966
-3.519206
-0.048220
0.963709
0.182836
0.242490
-0.187779
0.346421
-0.335180
1.230096
0.842593
0.026016
0.417720
-0.275486
0.146461
-0.042238
-0.297983
0.081433
-0.228656
-0.114968
-0.175859
1.112662
0.053943
-0.151261
-0.424357
0.123014
-1.254569
0.124500
2.070664
-1.831100
-0.389643
0.007977
0.024910
0.550354
0.209007
-0.020776
-2.069424
0.322041
-0.031203
0.443992
2.994028
-0.162090
0.702863
-0.165371
0.539313
0.919269
-0.153519
-0.667320
-0.626844
0.437560
0.673165
0.512260
-0.250761
0.410899
-1.304843
0.565045
0.120531
-0.374001
0.201728
-0.375162
0.096289
0.668454
-0.116456
0.156313
1.582568
0.435099
0.360552
-1.388794
-0.114567
0.025441
1.092001
-2.203219
0.018124
0.409842
0.262159
3.068348
0.813678
-0.256264
-1.044547
-0.128065
0.472494
-0.315736
0.106859
0.767912
-1.719011
0.693384
0.403095
0.254108
0.396120
-0.213076
-0.073046
-0.079685
0.212931
-2.128402
0.046049
-2.148942
-0.015342
0.860761
-0.153072
-0.089579
-1.569043
2.550959
1.039957
-0.306505
0.103332
-0.336725
-0.088364
0.191106
1.913222
0.702815
-0.117761
-2.299815
-0.051179
1.561637
0.020241
0.709826
0.306199
1.895242
-1.523692
0.354910
-0.134704
0.045990
-0.266534
0.610944
