-0.115287
-0.153061
0.099995
0.487029
0.119473
0.410735
0.163682
0.153314
-0.750508
-0.440364
-0.188518
0.470529
-0.201107
0.041631
0.228885
-0.027488
0.240375
-0.466236
0.305583
-0.044740
0.123330
-0.271999
-0.101528
0.448832
0.313688
-0.299703
-0.137747
-0.060304
0.057325
0.412427
0.423587
-0.313009
0.144339
-0.178793
-0.358706
-0.450023
-0.308225
0.610344
0.658542
0.225668
-0.164175
-0.189213
-0.201931
-0.002097
0.523112
-0.303354
-0.293154
-0.341335
0.146949
-0.041401
-0.149093
0.057241
0.132198
-0.452559
-0.205097
0.212797
-0.188986
0.097219
0.255797
-0.173346
-0.712652
0.128759
-0.260201
-0.422582
-0.200723
-0.271097
-0.059244
0.086531
-0.409671
0.532309
-0.072918
2.990168
-0.104928
0.145773
-0.207506
-0.236487
-0.084311
0.198890
0.234054
-0.335650
-0.462739
0.617886
-0.122080
-0.268445
0.155802
0.199043
-0.032292
-0.361448
-0.008433
-0.117495
-0.228586
0.153460
2.896043
0.305377
0.043225
-0.407635
-0.035057
0.463885
-0.152302
0.596073
-0.038677
0.023210
-0.264053
0.383189
-0.244840
0.172727
-0.274499
0.026186
0.083194
0.008274
-0.205440
-0.057094
-0.287309
-0.127946
-0.511871
-0.206922
-0.175249
0.240251
0.468925
0.335259
0.047487
-0.327540
-0.410467
-0.009371
-0.105644
0.342908
0.126437
0.147847
-0.225450
2.739452
0.012504
-0.305512
-0.058403
-0.055415
0.071873
-0.360800
0.057873
-0.690280
-0.084385
0.043946
0.200555
0.482736
-0.364585
-0.196970
0.153325
0.108737
0.203227
-0.347734
-0.215497
-0.234121
-0.506370
0.005754
0.336389
2.964506
0.170990
-0.021725
3.030975
-0.346244
0.005477
0.061273
0.024578
-0.173639
-0.635717
-0.313312
-0.117536
-0.306025
-0.275420
0.381392
-0.175631
-0.257682
-0.464917
-0.101037
-0.204866
-0.085299
-0.478751
-0.351438
-0.203060
-0.010989
0.288379
-0.005276
-0.043599
0.159957
-0.296640
0.178498
-0.002785
0.429465
-0.220441
-0.625405
0.030512
-0.178330
0.074030
-0.346349
-0.337370
2.412379
-0.283579
-0.337559
0.332904
-0.296142
-0.241084
-0.285732
-0.689374
0.112361
0.132257
-0.178020
0.149668
2.763774
0.011271
-0.039324
0.039245
-0.047385
0.120823
-0.236856
0.063685
-0.253847
-0.354617
0.361254
0.202408
0.440813
-0.113993
-0.072681
-0.259344
-0.251354
-0.169299
-0.305233
-0.082521
0.349983
-0.155464
-0.375698
0.288215
-0.161483
0.138254
0.014552
0.391925
0.008769
-0.230360
-0.236544
-0.270863
-0.133139
-0.101956
-0.354712
-0.172177
0.500312
-0.247860
-0.319127
0.351347
-0.145651
-0.216205
-0.289256
0.513478
-0.128632
3.032779
-0.254791
-0.057059
-0.290358
0.061110
-0.125920
-0.049303
0.122953
-0.194296
0.079791
0.394622
0.327286
-0.385164
-0.025953
0.297536
-0.165494
0.213353
0.406494
0.444081
-0.264255
-0.041501
0.278518
-0.455331
-0.234645
-0.162704
-0.046819
-0.075171
-0.065042
-0.185022
-0.086287
0.237962
-0.336452
0.488165
-0.201521
-0.225808
-0.235599
0.326762
-0.175617
2.584422
-0.040633
0.452838
-0.503932
0.395301
0.243480
-0.014672
-0.117737
-0.169314
0.269792
0.300990
-0.307290
-0.450124
0.473863
0.351517
0.616663
-0.069004
0.020321
0.536134
2.531126
-0.381131
0.343892
-0.060236
-0.008905
0.079609
0.072818
-0.064934
0.030108
-0.259634
-0.296174
-0.247432
-0.067908
-0.195773
-0.232532
-0.250225
-0.247182
2.875653
0.579559
-0.370818
0.012302
2.595947
-0.478766
0.142687
0.244081
0.100542
-0.014003
-0.335099
-0.135592
0.056154
-0.402596
0.521332
-0.205551
0.238861
-0.193637
0.331669
0.087807
0.337847
0.016960
0.026728
-0.113316
-0.016337
0.028229
-0.018807
-0.017594
-0.263720
-0.380625
-0.385415
-0.170988
-0.275913
0.066121
-0.041351
0.321223
0.169551
-0.090424
-0.325225
0.284883
0.529901
0.060718
-0.176574
2.908362
-0.082498
-0.565568
-0.155481
0.009562
0.390339
-0.115287
0.357050
-0.486532
0.011556
0.045150
-0.091420
2.960275
-0.138475
0.307828
0.141879
0.112529
-0.193171
0.020441
-0.296718
-0.337197
-0.249650
0.258731
-0.051099
-0.141503
0.250149
0.174960
0.280626
-0.277075
0.087026
0.553555
-0.153483
-0.162244
-0.058638
-0.036629
0.018850
-0.084110
-0.283414
0.478569
-0.278197
0.326930
-0.030512
0.205452
-0.353122
-0.414978
-0.104438
-0.301170
-0.222492
0.030907
0.443201
-0.336552
0.554467
-0.108199
0.302992
-0.541893
-0.098356
-0.018656
0.541158
-0.375356
0.512848
0.380004
0.008656
-0.406678
0.035519
0.321328
3.005748
0.573041
0.553195
0.211172
-0.441241
0.023410
-0.037710
-0.427138
0.085488
-0.310759
-0.097927
0.229772
-0.343072
0.071908
0.273433
0.030236
-0.141257
-0.274126
0.444424
-0.270603
2.863406
0.326469
-0.387928
0.240394
-0.281793
-0.226424
-0.432298
-0.329414
0.086993
0.419023
0.075327
0.488946
-0.283461
-0.351912
0.086075
0.322042
-0.568914
0.128055
-0.068321
-0.072689
-0.127482
-0.245930
0.110975
-0.052143
-0.036407
-0.097793
-0.379622
0.541669
-0.129225
-0.256361
0.290408
0.415460
-0.423430
0.104817
-0.094154
0.352819
0.276783
-0.411730
-0.487159
-0.362110
0.001079
0.092176
0.317952
-0.197234
2.647506
0.301880
0.231984
0.268799
-0.155765
-0.032074
-0.014305
0.032612
-0.054437
-0.419427
0.397325
-0.073796
0.145667
0.100079
-0.268678
-0.081376
-0.615911
0.289307
0.163674
-0.293763
-0.246432
2.881056
-0.149502
-0.178824
-0.139606
-0.054897
0.093054
-0.039461
-0.363863
0.285530
-0.295472
-0.403241
-0.033224
0.415983
0.087072
-0.161031
0.094090
-0.216473
-0.617606
-0.352472
0.099597
0.060851
0.067405
-0.291389
0.095080
0.148076
0.025811
-0.597504
-0.209003
-0.358648
0.266181
1.410374
-0.254693
0.025577
0.247799
0.298099
0.008654
0.062480
-0.073981
2.921429
-0.321357
-0.024148
0.340957
0.316087
-0.408535
0.091644
-0.179754
-0.409202
-0.133810
-0.122807
0.002974
0.264997
0.034885
-0.077649
-0.174594
-0.061596
-0.365553
2.714440
-0.309324
0.168765
-0.004323
-0.078209
0.272179
0.535922
-0.016245
-0.129321
-0.144363
0.123814
0.459096
0.054836
-0.646944
-0.305354
-0.383279
0.503147
-0.073297
-0.011587
-0.237622
0.070400
0.371027
0.199970
-0.413793
-0.391820
3.127413
-0.368465
0.367247
-0.281094
0.157822
0.327742
-0.398182
0.513064
-0.316136
-0.394773
-0.468348
0.285855
0.170596
-0.268662
2.872950
0.430870
0.257225
-0.115349
0.305243
0.103635
0.367340
-0.138702
-0.033276
-0.163577
-0.027663
-0.237531
-0.368237
0.156066
-0.268188
-0.586949
-0.526222
0.001252
0.000338
0.403155
0.000710
-0.118058
2.805306
-0.584096
-0.141580
0.068808
0.395635
-0.122047
-0.358089
-0.086744
-0.383204
0.242280
-0.696072
0.088462
-0.448267
-0.041714
0.163122
0.266517
-0.179640
0.477325
-0.298581
0.042744
-0.455282
-0.157243
-0.174037
0.159754
-0.281617
-0.169446
2.903837
-0.132403
-0.064561
-0.071396
0.001751
3.219707
0.144405
-0.264209
0.209508
-0.195581
-0.103340
-0.508420
0.379657
-0.031597
0.390139
0.179855
0.379786
0.190897
-0.055994
0.356368
-0.342564
0.421115
-0.378324
0.040803
-0.343961
0.082112
0.314181
-0.214630
0.387530
0.356357
