2.142134
2.312744
1.331565
-2.120650
-0.375271
-1.421906
-2.694073
-2.963500
1.499489
1.913820
0.588003
1.933341
-2.980830
2.148698
2.422763
-2.491722
-2.254506
0.548549
0.635027
9.424778
1.249046
-0.597177
-0.967047
-1.849096
2.255091
1.333948
-1.699120
-0.038443
2.390664
1.074374
-0.737815
0.927295
0.946773
-0.996491
-2.158799
-0.071307
-0.436627
2.308611
2.659929
1.794273
2.930499
-1.130954
0.805803
-1.781890
-10.995574
2.490516
-0.450661
-1.703348
0.705568
1.815775
-2.375800
0.450661
-10.032580
-1.637364
0.486899
-0.491809
-9.282881
1.042722
0.486899
-1.965587
2.219128
0.620249
0.197396
-1.735945
-1.873681
3.027801
1.008875
-1.626295
-0.034469
0.588003
-0.580003
2.677945
-10.099519
2.761086
-2.572279
-1.249046
-0.192701
2.850136
-1.614247
2.158799
-0.099669
2.902983
1.292497
2.956245
0.107690
1.735945
-2.677945
-2.251318
1.042722
1.082462
0.398522
2.124091
-1.768192
9.336771
-3.017238
-2.720173
2.711830
-0.817645
-1.475845
1.092444
-0.207496
-0.764125
2.578276
-3.278659
1.107149
-0.933248
1.446441
-1.911775
0.492486
1.741532
1.760785
0.896055
-2.534605
2.450256
-2.332943
-0.569313
-0.362544
-0.944053
-0.333945
-0.463648
-1.231504
0.244979
-0.685730
2.289626
2.048142
1.849096
-2.170847
-2.890590
-2.811968
2.249459
0.982794
2.790148
2.401618
-2.785957
-10.210176
4.612720
-2.774419
0.000000
0.844154
0.950547
-0.453339
-2.988943
-1.190290
2.094075
2.443690
1.520838
1.882838
2.231839
-0.605545
-0.927295
-1.597106
-1.674589
-0.691337
9.227382
-2.582993
-0.616297
-0.068856
-0.066568
2.455863
9.239430
2.120650
1.284745
0.298499
0.803578
-2.956245
-1.971037
-1.428899
0.348771
-0.968509
-9.529655
-0.501604
-2.875341
2.637427
-1.071450
-0.728855
0.785398
-0.690446
1.849096
0.596199
2.089942
0.226799
-1.136126
-1.807645
-2.403778
1.418147
0.369334
1.717875
-0.478352
0.106736
9.805284
1.004067
-0.526066
0.764125
-2.860360
-2.158799
-3.816334
-9.703078
-0.999459
-0.982794
-10.673824
-0.175940
2.151553
-0.066568
-2.310771
-1.156289
-1.801887
-0.291457
1.614247
-0.380506
-0.410127
-1.849096
-1.349482
-0.674741
-2.573068
-1.884417
-1.299849
-2.024640
-0.266252
2.709185
-2.111216
-1.524318
-2.870646
1.363300
2.169215
-2.086345
1.808632
2.869447
1.989021
1.936544
0.785398
2.459276
-5.497787
-0.380506
-0.264488
1.849096
-2.647651
-2.562518
-3.141593
-1.222025
-9.607889
-2.169215
-0.604306
-0.507099
2.690140
-10.455155
1.378748
-0.632749
2.105751
1.951303
1.570796
1.510264
0.229232
-4.621729
1.747505
1.067953
2.649783
2.201876
0.165149
2.570255
-1.373401
0.394791
-2.607884
0.108271
3.070285
1.201463
1.401018
-1.107149
-0.994421
9.103027
-2.158799
9.424778
-0.658806
-0.716542
2.796037
-2.761086
1.066630
-1.913820
-1.467715
0.485622
1.024007
9.254043
-0.106736
-1.197809
2.201198
1.815775
1.119343
-2.337329
-0.600050
0.920926
-0.668289
8.961130
1.387686
1.985303
-1.999574
2.220667
2.907849
0.000000
-2.142134
-2.645170
-2.059130
-1.510264
-0.448723
0.266252
-1.058407
0.588003
-2.601173
-0.066568
1.124691
1.940130
-2.808348
0.346539
0.839890
-1.333948
-1.007480
1.249046
2.665897
-1.809406
2.999696
9.237799
0.805803
-2.891614
8.836775
-2.049149
-1.695151
1.147942
0.580003
-0.064427
2.743070
2.463473
-2.453921
-2.429235
-1.037088
2.145101
-1.570796
-2.605781
6.480581
2.537843
11.344345
2.868584
1.279340
1.091277
-2.034444
-2.521343
2.665897
-1.030377
-1.390943
10.240470
0.855053
1.921524
0.235545
-1.494024
0.501604
-1.834760
2.474287
-2.122451
-0.811034
0.577902
-2.774419
-1.474323
-2.429235
1.892547
0.688924
-2.425849
-1.295886
0.685730
1.040581
0.800782
-2.466852
-2.178598
2.087027
-2.804918
0.124355
-0.025635
2.126290
-0.346539
0.828849
-0.879459
-1.142018
1.007480
0.491164
-1.492525
3.372683
1.699120
-0.982794
-0.876058
-1.664273
1.712693
0.375271
-2.730528
-0.480887
-2.798569
-0.480887
10.210176
2.601173
-2.901850
1.203622
0.065125
-2.511191
-1.665748
-0.748378
-1.652248
2.562518
-1.980924
1.400061
-2.695487
1.520838
3.583967
-1.860300
-1.937970
9.213685
1.474323
-0.347062
1.943784
1.048962
2.356194
0.927295
2.275290
-0.244979
-9.658521
1.292497
-0.158655
1.499489
-1.499489
1.725793
-2.199593
-1.471128
0.321751
1.071450
1.797595
1.390943
2.134113
3.141593
0.649870
2.452668
-0.519146
0.110657
0.282555
-3.700192
1.997424
-0.244979
-1.107149
-2.700413
0.380506
-10.908836
-2.241318
-0.588003
1.241747
2.401618
0.071307
9.965197
10.600783
-1.446441
-0.643501
2.518393
-1.332960
-1.969319
-2.466852
1.249046
-1.657535
1.446441
-2.279423
0.000000
-1.623379
2.077895
-0.571337
-1.345520
-0.635027
1.249046
-2.536048
9.452549
-1.373401
-3.141593
-1.428899
2.140110
9.557329
-1.721168
0.916714
-3.191551
2.140110
-1.142532
-0.813962
-1.471128
-2.772259
-0.099669
-0.380506
-9.764071
2.645170
0.463648
0.448723
0.657889
0.946773
-0.628796
-0.920926
-2.761086
1.414194
1.063698
-2.466852
-2.589938
-2.083186
0.312901
-0.855053
-2.961739
0.305879
9.274407
0.302885
0.106736
0.805003
1.201463
-1.570796
-0.150371
2.181522
0.205395
-0.920926
-2.149871
-1.060308
1.222025
-1.348714
-0.291457
-1.044730
0.414507
-3.070285
-0.202322
-2.907849
0.844154
0.953041
1.901094
1.601090
-0.528074
-2.356194
2.761086
-1.925502
-0.273009
0.312042
0.128323
1.288241
1.852029
1.460139
2.461071
0.761013
0.982794
1.474323
-0.572966
-1.362331
1.650626
2.925508
2.896614
1.209067
-0.643501
2.891150
-0.165149
2.152701
1.703348
11.910675
0.479519
3.014620
-2.335789
0.982794
-2.260596
-0.334737
2.976444
-1.934775
-1.783735
-1.428899
-2.736701
2.972491
1.051650
0.493941
-0.785398
-1.130954
2.571552
1.030377
-2.034444
-2.166206
1.063698
1.959115
-0.502843
-2.809533
-1.940130
0.273009
0.530216
2.688254
-1.405648
-1.871717
0.607802
-1.957672
0.734594
1.607816
-2.779863
9.477361
0.678662
-0.218669
-0.358771
0.348771
2.173084
0.507099
-0.235545
-2.403778
-2.498092
-2.425051
0.330297
0.840897
-0.657889
-2.732685
0.197396
-1.723446
-2.011976
1.180189
1.883698
3.070285
0.545655
1.025141
-2.118359
-0.274910
0.000000
-0.683709
0.785398
-10.654595
1.647568
-1.184914
0.094952
2.201876
-0.029403
0.463648
-2.146221
0.785398
0.708626
-1.082462
1.570796
-3.283490
1.107149
-1.279340
-1.837048
-0.385883
-2.101012
1.046001
-9.846197
2.896614
-0.844154
1.629552
0.343024
4.909785
10.085821
-2.337329
1.051650
-1.307802
1.541393
-0.141897
-2.214297
1.418147
2.085248
-0.035699
-3.141593
1.637364
-1.069192
-2.812543
2.086345
-1.347320
2.194819
1.971037
-2.843094
-1.778293
-2.866167
0.828849
0.724250
3.025833
-2.356194
0.479519
-2.634494
-0.343024
0.862170
-1.824470
2.999696
-0.110657
-0.596199
-2.105751
0.463648
1.833791
-0.674741
-2.498092
0.706199
-0.128323
0.839400
1.432157
-0.654083
2.510513
2.314552
-4.133315
2.194819
-1.261093
1.155304
