-0.643501
1.760785
-1.523213
-2.102520
-1.078987
-1.975688
-1.789465
1.570796
1.510264
-0.999459
3.091634
-1.158386
-0.447520
1.012197
-0.862170
-1.854590
-0.628796
-2.003204
-1.856848
0.000000
2.013171
-2.629203
-1.529154
-2.526930
-0.982794
-2.214297
2.837082
-1.282741
2.196281
-0.946773
0.185348
-1.484058
2.399645
-2.134113
1.158386
2.956245
3.094010
-0.655696
2.782822
1.943784
1.781890
2.185459
0.540420
-1.249046
-0.156602
-1.086318
-0.066568
0.588003
0.000000
-2.958482
1.464061
-1.512041
0.119429
-2.677945
2.802300
-0.702257
-0.714091
-0.404892
-2.451146
1.633215
-1.396124
1.700499
0.336675
-1.741532
-0.129703
-2.966920
-1.325818
-1.317122
-2.634494
-0.885067
3.030935
-1.719686
-2.777614
-3.070285
1.107149
2.060754
1.815775
-1.570796
1.723446
-0.434670
-2.896614
2.261243
0.519146
-0.588003
-1.130954
-1.279340
2.007423
0.708626
2.677945
3.141593
-2.660705
-0.832981
-0.288055
-2.455863
-1.841743
1.695151
2.446854
2.429235
-1.789465
1.707863
-2.034444
-2.236766
-2.356194
2.553590
0.519146
-0.540420
1.197809
2.570255
2.774419
-0.785398
1.980924
2.934096
2.297439
0.708626
2.297439
2.853537
1.292497
1.019141
-2.786887
2.231839
-0.635027
-1.983207
-2.761086
1.227772
1.735945
-1.035841
2.809533
2.158799
-2.356194
-2.060754
1.892547
-0.339293
-1.756144
1.414194
1.460139
-0.588003
-0.308053
0.298499
0.813962
-0.904827
-1.161888
-0.635027
-0.862170
-2.601173
-2.111216
2.067219
2.231839
0.482513
0.104877
-2.984991
-0.235545
-2.541542
0.605545
0.837981
1.620755
0.148890
2.677945
-0.540420
1.961403
-1.165905
0.432408
-1.339706
2.601173
-1.019141
-0.876058
-2.408778
-0.651077
1.989021
-0.414507
0.832981
3.141593
-0.972377
-2.562518
-3.061763
2.718739
-1.107149
-0.073939
0.058756
-0.390607
-1.460139
-1.107149
-1.570796
-0.066568
3.082837
0.866302
-2.081285
2.081285
1.892547
2.663240
-2.567288
0.702257
0.785398
-2.922924
-2.880990
-1.317122
1.508378
0.551655
0.207496
-2.173084
-0.463648
1.212026
1.144169
-0.737815
1.570796
-2.746802
0.655696
0.189988
1.831399
2.422763
-1.227772
-0.055499
0.286051
0.041643
-2.934096
-1.400061
-1.623379
-0.588003
-1.629552
-0.785398
2.819842
-2.203545
2.819842
2.432966
-1.227772
-0.571337
-1.138389
0.715744
0.372988
-1.706324
-0.563316
2.754717
-0.370891
-2.918116
1.138389
0.745419
2.446854
-1.335251
2.191046
-0.674741
-3.030935
0.862170
3.105894
1.134169
-2.838708
2.868584
-2.176341
2.506566
-0.870903
1.892547
2.441700
-0.348771
2.439336
-3.103150
-1.335251
-2.018316
-2.145101
0.185348
0.066568
0.298499
2.034444
0.412410
-2.553590
1.373401
-2.067219
-0.571337
-1.352127
-2.553590
1.359703
-2.904744
-2.761086
-2.701750
-2.984991
-2.884269
1.012197
-2.018316
2.214297
2.273053
-2.380580
-2.601173
-0.992894
-2.396173
0.962994
1.815775
-2.553590
3.030935
-1.876675
-0.571337
0.244979
-2.766322
-1.158386
-0.117109
0.493941
0.197396
1.839964
-1.022247
0.702257
0.429762
-0.938047
-1.231504
0.197396
-1.815775
-1.012197
-2.273053
-2.057696
1.190290
1.249046
1.639653
0.533708
0.655696
0.712358
2.356194
-1.717875
1.937970
0.571337
2.005467
2.595938
1.512041
1.024007
-2.768605
-1.060308
-2.490516
-0.218669
2.819842
1.499489
1.873681
0.278300
-1.212026
1.373401
-1.570796
2.089942
2.077895
0.840897
1.629552
-2.521343
-0.363979
-1.570796
-1.414194
-2.119346
-2.203545
-1.107149
1.747505
2.922924
1.405648
-1.919567
0.058756
0.442374
2.808348
1.781890
2.654693
2.704965
0.358771
0.000000
-1.604117
-1.603043
2.553590
-1.236059
1.165905
-1.158386
-0.189988
0.866302
1.380808
2.018316
-1.217806
-2.582993
-1.339706
-2.804918
-1.292497
2.485897
-1.063698
0.380506
0.394791
-1.107149
-1.352127
3.141593
-1.412141
-1.343997
-0.255182
-1.841743
-1.759018
-0.436627
-1.455920
-2.356194
-0.489957
2.802300
2.741352
-2.279423
0.207496
-1.518213
-2.089942
-0.620249
2.137526
-0.785398
-2.070143
2.261243
1.348714
2.102520
0.785398
-2.034444
-2.880990
2.508844
-0.132552
-0.165149
0.367174
2.622447
1.396124
-1.037088
0.286051
2.521343
-2.637427
-2.142134
-2.411693
-1.695151
0.218669
1.681454
-1.801887
0.982794
-3.070285
-0.588003
-2.446854
-1.858852
-2.007423
-2.176341
-1.299849
-1.975688
-1.279340
1.292497
-0.982794
-2.582993
1.428899
0.605545
1.975688
0.726642
-1.856848
-1.508378
0.000000
-1.789465
-2.427502
2.214297
1.460139
-2.830594
2.736701
1.703348
-1.107149
-2.567288
2.772259
1.518213
0.446106
-0.052583
-0.176709
-1.284745
-2.880990
-1.925502
-0.422854
-2.582993
0.400241
0.904827
-1.134169
0.380506
-2.319174
-2.830594
2.269456
-1.494024
3.104573
-2.819842
1.076855
-1.527345
-3.070285
-0.554307
-2.356194
0.620249
-2.966920
-2.754717
-0.244979
-1.823351
1.107149
1.570796
2.553590
2.711830
-0.052583
2.736701
1.089909
-2.226492
-2.926235
0.674741
-2.406153
-3.024484
-0.999459
3.030935
-1.249046
-1.881795
-1.815775
-0.822418
-2.677945
2.984991
-0.278300
-1.756144
0.566729
1.347320
-2.330559
-0.915101
2.838708
-0.876058
3.004526
-1.570796
2.743070
-2.455863
1.687905
-1.989021
3.061763
1.768192
2.111216
-2.381830
-2.870646
-2.455863
-2.587285
-1.712693
0.885067
2.414950
-2.903757
-0.885067
2.819842
-1.941688
1.249046
-2.870646
-2.077895
-2.466852
2.627141
-1.768192
-0.148890
-2.691833
0.211093
1.747505
-0.896055
-1.046001
-0.514451
-1.856848
0.737815
1.681454
-2.944197
-1.212026
-1.778293
1.249046
2.432966
-1.971037
-2.986596
-1.080839
-0.620249
-0.896055
0.062419
3.091634
-0.298499
-1.144169
2.245537
1.190290
-0.283794
-0.813962
-1.570796
-1.325818
1.905533
0.950547
-2.356194
-2.926235
-0.380506
-0.302885
1.639653
-0.588003
2.158799
2.627141
-1.941688
-0.809784
-0.119429
2.651635
-1.727398
2.750986
-2.191046
0.862170
0.761013
0.819867
-2.461071
1.046001
-0.614663
-0.896055
-2.446854
0.286051
0.502843
3.096169
2.750986
0.533708
0.058756
-0.785398
-2.010639
-0.915101
2.563691
-0.600050
0.761013
2.525296
-2.432966
1.421906
-1.325818
-2.525296
-1.304544
-1.264917
2.616797
2.896614
-2.098871
2.259721
3.141593
0.968509
-1.088283
-1.107149
2.850136
2.214297
0.982794
-0.737815
-2.855541
2.792822
-0.429762
2.654693
-2.034444
-2.062606
0.862170
-3.082837
2.530867
3.006065
-1.405648
-2.539305
1.190290
1.275355
0.904827
-2.525296
-2.586099
2.677945
2.356194
1.499489
-1.107149
0.682317
-1.405648
2.647651
-1.570796
0.480887
-1.719686
2.934096
-0.510488
-0.785398
3.110353
-2.777614
0.756835
1.134169
-1.307802
0.664046
2.694073
1.657535
2.582993
2.896614
-2.806856
-1.515298
-1.051650
-1.460139
1.626295
2.077895
-2.843094
1.712693
-0.058756
0.960070
0.785398
-0.745419
1.833791
-2.956245
1.455920
-0.994421
0.047583
-2.533791
-0.655696
1.438245
-0.761013
-2.408778
-0.741947
2.878598
1.030377
-2.918116
-0.165149
2.543174
2.102520
0.514451
2.505084
2.203545
-0.588003
-0.996491
-2.034444
-2.446854
