0.197396
2.701750
-2.701750
2.660705
0.055499
3.079174
2.629203
1.618379
2.782822
-1.180189
1.760785
-2.116451
-0.607802
2.471954
0.862170
0.558599
0.463648
-2.798569
-2.992703
-0.152649
2.750986
0.702257
1.107149
-1.570796
-2.396173
0.257324
1.892547
-1.901892
0.086738
0.298499
2.932570
1.158386
-2.422763
-1.012197
-1.086318
1.797595
-1.862253
-2.736701
1.446441
0.058756
-2.660705
-0.442374
-1.496857
-2.647651
0.785398
0.073939
0.785398
1.784857
-2.660705
-1.496857
0.298499
-1.217806
2.408778
1.815775
2.356194
-1.943784
-2.896614
-0.540420
-1.261093
-3.075024
-0.148890
2.677945
-2.020556
0.785398
3.075024
-0.982794
2.064738
-2.283154
-2.167973
2.236766
-1.768192
0.429762
-2.094075
-0.273009
1.042722
2.356194
1.380808
0.165149
1.089909
1.199905
-1.405648
-1.080839
1.801887
-0.367174
-0.339293
0.665969
2.553590
0.828849
2.081285
-0.103082
-0.058756
-2.976444
-2.886410
-2.582993
1.929567
0.785398
3.141593
-1.130954
-2.570255
-1.626295
0.811034
-2.388441
-0.741947
1.249046
0.141897
-0.702257
-1.325818
-2.802300
0.226799
3.091634
2.432966
-0.124355
1.176005
-2.601173
2.647651
-0.628796
2.111216
0.685730
3.141593
-1.030377
-2.647651
1.080839
0.737815
1.781890
-2.528385
-0.722979
1.527345
-0.699893
-1.363300
2.510513
0.982794
-2.984991
0.358771
1.532354
1.742987
-2.057696
3.050933
-2.231839
2.003204
1.929567
-2.009133
-1.080839
-1.219352
1.778293
0.625485
3.141593
2.439336
0.902507
-1.227772
2.275290
-0.477345
-0.412410
2.729182
-0.655696
0.732815
0.174672
-0.748378
2.521343
-1.347320
0.741947
-1.913820
2.356194
3.086094
2.214297
0.031240
2.356194
0.822418
2.142134
0.643501
0.309703
-0.815692
-0.244979
1.699120
-1.606495
-0.620249
-2.111216
-1.695151
1.965587
2.944197
0.876058
-2.761086
-1.570796
-2.723368
-2.964884
2.085248
-1.661456
1.267911
2.767259
-1.515298
1.756144
1.512041
1.992216
1.815775
1.760785
2.034444
-2.966920
-0.982794
1.700499
-2.070143
-0.862170
-1.136126
-2.553590
0.463648
-2.819842
-1.508378
-1.801887
-2.356194
0.970746
2.634494
2.485897
-2.356194
-2.727086
0.514451
1.222025
0.915101
0.052583
1.937970
2.750986
-0.571337
0.283794
-0.372988
-1.675673
1.825979
-0.436627
-3.030935
2.618314
-1.712693
0.890275
2.129396
-3.041924
-2.749253
-1.841743
0.968509
-0.832981
1.227772
-0.785398
-2.034444
-1.267911
-1.570796
-2.462179
-0.135528
3.048116
-2.060754
0.244979
0.825377
1.373401
3.030935
0.636508
-2.956245
2.158799
-0.655696
-2.125104
-2.273053
-2.356194
-2.984991
2.214297
2.907849
-3.036716
-1.837048
-0.844154
-0.463648
-2.117585
3.110353
-1.919567
-1.606495
-0.370891
1.892547
2.306236
0.982794
2.782822
-0.507099
-0.574305
-1.196463
0.404892
0.000000
-0.038443
-2.539305
2.122451
2.574863
-1.352127
-1.741532
0.950547
-2.792822
-0.704494
-2.609869
1.051650
0.034469
2.774419
-1.453688
2.111216
1.633215
-2.439336
-0.262995
2.356194
2.064738
-3.058451
3.141593
0.260602
2.284887
-0.702257
0.064427
-1.313473
-0.152649
2.835714
2.057696
1.833791
-0.436627
-1.778293
2.761086
2.589938
-1.892547
-1.841743
-0.439843
-1.784857
-2.930499
-1.639653
1.904041
1.759018
-1.123276
-0.668289
-0.291457
0.605545
2.122451
1.272297
-1.657535
-1.088283
-0.934288
-0.295441
-2.083186
1.570796
3.006065
2.245537
0.950547
3.024484
-0.223477
-2.536048
3.141593
1.747505
2.723368
0.176709
-1.496857
0.785398
0.741947
-2.695487
3.067654
1.623379
-1.951303
-0.965252
1.272297
-0.207496
0.000000
2.007423
2.064738
1.144169
0.489957
-2.321725
-1.904041
-1.717875
0.896055
1.675673
-1.570796
-0.188222
2.553590
-1.797595
-1.405648
1.217806
-0.972377
2.761086
-1.869295
-2.944197
1.508378
-1.134169
0.094952
2.393215
-2.432966
-0.847817
1.418147
-1.989021
1.051650
-0.571337
0.785398
0.055499
-2.601173
-0.632749
0.244979
1.467715
0.218669
-2.788602
0.927295
0.386876
1.304544
2.622447
-2.356194
-1.527345
2.553590
-2.553590
-0.422854
-2.601173
-2.601173
-2.129396
-0.674741
-1.941688
0.558599
2.223643
-0.260602
0.197396
2.553590
1.768192
0.129703
-2.485897
1.421906
1.983207
-0.244979
-0.231091
1.480136
3.064821
-2.427502
2.034444
-2.356194
0.436627
-0.244979
3.020969
1.919567
-1.363300
3.026716
1.707863
-2.356194
-2.176341
1.647568
-1.414194
0.616297
-1.570796
2.214297
-1.542233
0.442374
-1.356736
3.141593
-0.207496
-1.789465
-2.158799
2.480549
-0.135528
3.141593
-2.239086
1.916352
-0.851966
2.098871
-1.249046
1.359703
-0.588003
-2.944197
3.082837
-2.279423
-1.933341
-2.798569
-0.512389
0.704494
-0.531724
-1.051650
-2.203545
0.463648
2.098871
-0.218669
-2.199593
1.249046
-2.083186
-1.405648
0.439843
2.999696
2.567288
1.681454
-0.370891
3.058451
2.199593
-0.463648
2.896614
-1.315614
-2.414950
-1.190290
-0.748378
0.358771
-2.622447
-1.518213
-1.284745
2.142134
1.707863
2.289626
2.053310
2.539305
2.651635
2.356194
-2.201876
2.986596
-0.750929
-0.837981
-0.110657
1.423718
-2.984991
0.165149
1.130954
-1.405648
-2.884269
-2.228685
-2.403778
2.753274
-2.645170
-0.058756
1.144169
-0.785398
0.343024
1.123276
-0.231091
0.708626
-1.570796
1.141034
3.141593
0.927295
1.959115
2.709185
-1.778293
-2.922924
-1.609239
-1.170556
2.802300
2.878598
1.937970
-0.598419
-2.767259
-2.051684
-1.570796
1.394087
-0.965252
-2.976444
-2.089942
-2.411693
-1.019141
2.314552
-1.815775
0.540420
-0.967047
2.236766
-1.876675
-0.463648
2.393215
-0.493941
-0.588003
-0.253674
-2.677945
-2.007423
1.570796
0.367174
-1.310194
-0.062419
-1.856848
3.009041
1.203622
-1.862253
-2.245537
-2.265535
1.951303
1.941688
-0.745419
3.141593
-1.727398
-0.785398
0.380506
-0.410127
-1.385448
0.165149
-1.869295
2.170847
2.308611
-2.329174
0.876058
2.720173
0.610726
-0.400241
-0.291457
2.356194
-1.512041
2.140110
-2.466852
-2.629203
-0.321751
2.459276
-2.020556
-1.421906
-0.302885
1.337053
2.070143
-1.626295
2.654693
-1.212026
-0.614663
-1.325818
-1.471128
1.086318
0.463648
-0.674741
-2.944197
-0.422854
2.034444
1.160669
-1.107149
-1.212026
2.051684
0.702257
1.707863
0.418224
2.070143
-2.510513
2.191046
0.890275
1.030377
-0.390607
-1.339706
2.414950
-2.563691
-2.843094
2.601173
-0.339293
-0.896055
2.792822
0.218669
-1.307802
0.000000
-0.244979
-1.760785
1.712693
1.196463
2.303611
-2.083186
-0.226799
2.508844
-2.356194
-0.502843
-0.510488
2.741352
2.466852
3.017238
-1.446441
0.837981
-1.134169
-2.819842
-1.130954
-3.046641
1.687905
0.785398
-1.261093
2.158799
2.819842
1.756144
-1.759018
-0.909753
1.892547
-2.316216
2.089942
-0.380506
-0.226799
1.707863
-1.957672
2.034444
-0.321751
1.019141
0.750929
-2.878598
-0.278300
1.687905
0.358771
-0.083141
-2.677945
-2.356194
2.236766
1.778293
0.291457
2.798569
-0.463648
-2.761086
-0.073939
1.929567
2.178598
-1.774814
-1.222025
3.101614
-2.074962
2.988943
-1.398606
-3.094010
-2.904744
-0.463648
