-0.075068
-2.086033
-0.408139
0.116204
-0.069024
-0.150730
-0.383465
1.748814
0.059451
-2.143416
-0.133668
-0.102085
-2.035195
-0.028652
0.058761
-2.105951
0.007848
-0.918038
-0.006843
-0.177374
0.059727
-0.170121
-0.161853
-0.107444
-2.036330
-2.207227
-2.011703
-2.137316
1.813441
-0.447973
-0.334192
-2.257444
-2.021836
-0.131921
-0.102845
0.015920
-0.053945
-0.189907
0.019236
1.615032
-0.165713
0.009328
0.095944
-2.014506
-0.284513
1.714712
1.075095
-0.165952
1.765724
-0.102480
0.069750
-2.118946
-0.102738
-2.011076
0.078248
-0.032337
-0.007185
-0.187770
-2.058443
-0.426090
-0.110726
-0.178946
-1.986948
0.084462
-2.049939
-0.048115
0.979713
-1.857235
-0.306421
0.004932
0.013055
0.010424
-0.137025
-2.015918
1.590691
-2.128834
0.919279
-0.395472
-0.090063
-2.294656
-0.183914
-0.051400
-0.272523
-1.908591
-2.034092
0.163162
0.050786
-1.994072
0.927731
0.081401
0.166685
0.042908
-0.084274
1.707781
-0.096158
-0.031427
0.065452
1.707670
-0.117836
-0.024606
-0.034437
-0.217924
-0.271960
-2.263632
-0.114559
-2.204966
0.158317
-0.023206
0.984020
-0.291770
0.051782
-1.995179
-0.289103
0.150750
-0.368793
-0.042995
-0.010938
1.734343
-0.185893
-0.025917
-0.358668
1.707288
-2.301108
-0.280210
-1.981519
-0.144752
-0.033014
-0.379325
-1.893446
-2.170988
-0.421496
-0.503551
-0.216775
0.020695
-0.476692
-1.995321
-1.985961
-2.158813
-0.295909
-0.065965
-0.118784
-0.114644
-0.165096
-2.086703
0.054478
-0.072581
-0.256895
1.932738
-1.985706
-0.043506
-0.128569
-0.068110
1.020299
-2.046315
-1.957008
-0.145800
-0.109057
-0.039632
0.129934
-0.380696
-0.296702
-0.266554
0.088772
-0.541025
-0.039126
1.759295
0.045053
-0.072438
-0.122738
-0.181305
-0.305607
-0.121641
-1.896550
-0.204527
-2.070465
0.053551
0.034402
1.740709
-0.008626
0.040020
-0.010026
-0.385615
1.790914
-0.033849
0.921414
-2.133498
-0.143851
-0.076782
-2.092380
-0.027733
-0.090223
-0.127915
-0.060539
-1.980938
-0.146793
-0.137369
-0.396062
-0.060255
-0.304471
-0.080849
-0.077121
-2.031851
0.115854
-2.185984
-0.278808
-0.267613
0.169709
-2.029870
-0.345539
0.105913
0.050833
1.585006
-0.359603
-0.070597
-0.160848
-1.876098
-0.024211
0.079298
0.113383
-0.251823
0.067194
-0.025102
-0.053158
-0.155017
-0.019338
-0.098440
0.097278
-0.246681
-0.351390
-0.200028
-0.096261
-0.401194
-1.969404
-0.118680
0.018928
-0.275503
-0.168073
-0.070124
1.790339
-0.353620
-1.970262
1.675874
-0.169081
-0.060511
-2.148413
-1.990475
-0.096033
-2.298164
-2.082433
-0.024057
-0.036944
-1.972127
-0.186679
-0.469679
-0.247780
0.018779
0.003215
0.115034
0.074291
-0.050234
0.030205
-0.024077
-0.040770
-0.261270
2.997705
0.012146
0.093926
-0.343873
-0.080987
-2.218179
-1.854349
-0.183361
-0.390166
-0.009571
-0.156545
-0.235030
1.637411
-0.093579
-0.151463
-2.012326
0.110398
-1.952932
1.698875
0.015280
0.019509
-0.057475
-0.382693
-2.017624
-0.016618
0.051409
0.088582
0.945170
-0.032626
-2.002962
-0.164448
-0.169095
-0.191952
-0.110942
0.071112
-0.165796
-0.146367
-0.150125
-0.129165
-1.997944
-0.097050
-0.355198
-0.390365
0.145270
-0.014658
-0.284837
0.054553
-0.409818
-0.315096
-0.054275
-2.059451
-0.179269
-0.055284
0.019670
-0.210095
-0.223800
-0.118521
-0.355405
-0.157972
-0.221627
2.074092
-0.263819
-2.048865
0.074107
0.182401
-2.018191
-0.106882
-0.007462
-0.221504
-1.929256
-0.091758
0.067418
-2.032717
1.626367
-0.107207
-0.146884
1.584519
-0.163406
-0.055006
0.055941
-0.234391
-0.101314
-1.912033
-0.333500
-0.336140
-2.070822
1.008692
-0.197239
-0.102212
-0.141818
-2.049328
-0.113408
-0.366817
-0.273498
-0.030641
-0.326758
-0.182375
-0.190888
0.029681
-2.140415
-0.112933
-0.014309
-0.118463
0.063411
-0.175358
0.016291
-0.100548
-0.154514
0.092103
-2.272015
-0.297952
0.027863
-0.356446
-0.022901
-2.091378
0.009746
-0.419260
1.786740
0.041425
-0.046411
-0.073385
-0.190133
-0.528913
-0.052640
0.110423
0.025129
-1.981627
-0.296837
-2.260223
0.003846
-0.415798
-0.064356
-0.113877
0.055519
-0.099804
-0.056374
-0.354531
-2.043778
-0.263333
-0.105492
-0.060671
-2.109675
0.160427
0.058675
0.099994
0.116076
-0.151049
-0.482815
0.059627
-0.039324
-0.014883
1.914356
0.050773
-2.019834
-2.098836
-0.067839
1.593454
-0.393160
-0.076389
-0.054607
-1.935121
0.101794
-0.172094
-0.056431
-0.158262
-0.045584
-0.017720
1.035935
-0.053081
-0.116923
-0.243792
-2.028826
-0.037565
-0.174831
-2.095839
-1.907742
0.076727
-2.087390
0.087180
0.045298
-0.381996
1.867640
1.766516
-0.368010
-0.034580
-0.227150
-0.060344
-0.098422
0.090284
-2.124706
0.044294
0.048859
-0.036565
-1.915084
-0.294295
-0.043019
-2.034095
-0.059801
0.081774
-0.097953
-0.354070
-0.439323
-0.415329
-0.380139
-0.126449
-1.834033
0.017718
-0.015567
-0.372744
-0.106509
0.012700
0.014428
-0.155637
-2.144301
-2.042758
-1.889940
-0.362167
-2.054392
-2.062052
-2.258666
-0.231816
-0.333943
-0.059594
-0.199366
-0.268853
-0.065541
-0.315809
-2.017635
-0.063729
0.104900
0.000886
-0.001357
-0.078037
-0.138153
-2.024016
-2.177824
-0.075043
-0.183347
-0.232614
-0.431178
1.665772
0.186088
-2.080579
-0.461593
-0.106573
-0.075413
1.734130
0.153754
-2.065117
-0.188287
-1.978617
-0.372155
-0.400347
-0.072477
-2.219244
1.116245
0.013344
-0.091812
-0.059164
-2.148800
-0.082568
-0.111977
-0.445562
0.086896
-1.991934
-0.026959
0.027761
0.083387
-2.101121
-0.175080
-2.146244
0.982007
-1.984772
-0.300331
1.734594
-0.086102
-0.129762
-0.083331
-0.127544
-0.087036
0.085868
0.012999
-0.005006
-0.179372
0.085845
-0.221877
-0.092030
0.016069
-0.226703
0.050962
-0.138168
-2.009934
-0.062316
-1.999686
-0.114568
-0.242582
-2.230787
-0.003781
-1.998611
-0.310744
-1.994061
-0.359581
0.052309
-0.106537
0.964214
-2.134401
1.768546
-0.355792
0.003955
-0.051694
0.950727
-2.014109
-2.289188
-0.354442
-0.337915
1.674950
0.131401
-0.225189
-0.086837
0.068254
-2.235780
1.749535
-0.292677
-0.411283
-0.054984
-0.266166
-0.060474
-0.191063
-0.024166
-0.221345
1.042557
-0.099957
-0.134688
1.682724
-0.268017
-0.245498
-0.032681
-0.249855
-0.129274
0.092666
0.024050
-0.097519
0.081011
1.794089
0.020262
-0.083049
-0.073880
0.033436
0.022737
-0.282912
-0.044813
1.708465
-0.112712
1.718371
-0.323311
0.030028
-0.194746
-2.031160
-2.012411
-2.100842
-1.938118
-0.451210
-2.096349
0.042423
-0.135881
-0.052047
-0.429681
-0.088470
-0.002549
-1.987633
-0.056668
1.818940
0.080649
1.781417
-0.057933
-0.108433
-0.084366
0.969192
-0.120452
-2.058415
-0.063341
-0.071796
-0.010679
-0.098278
-1.989213
-1.819240
0.024624
-0.215804
-0.325079
-0.171437
-0.311022
-1.901521
-0.056772
-0.226857
0.955509
-0.015157
-0.214026
0.079741
0.019784
-0.218544
-2.307912
-2.029653
-0.209858
-2.060853
-0.891490
0.126535
-0.177587
-0.010144
0.135929
-0.266235
-0.479938
-0.127944
-0.078588
0.121502
1.765650
-0.301245
0.053818
-0.105463
-0.115767
0.047617
0.002722
-0.135751
-0.091763
-0.070352
-0.013631
-0.011543
