1.599360
-2.209710
1.727398
2.668237
1.019141
-2.746802
0.029403
2.626044
-2.356194
-1.783735
0.282555
1.657535
-0.698660
3.141593
-2.712815
0.730907
0.401229
2.634494
2.506566
-3.079174
2.689439
0.474400
-0.536435
-1.432157
-2.654693
-2.665897
2.788602
1.249046
3.050933
-0.623199
-1.067953
2.855541
1.815775
-0.509592
-1.279340
-1.618379
1.661456
-1.096396
2.101012
-1.547545
-0.927295
2.534605
1.331565
-2.466852
-3.053585
3.115283
-1.184914
0.281772
-2.649783
2.056418
-0.822418
2.939271
2.388441
1.030377
1.919567
0.519146
-1.478040
-3.028442
-2.167973
1.249046
0.124355
0.251003
2.442933
-1.405648
-2.755710
-2.601173
-2.055274
2.995580
-1.266285
-2.470449
-0.048742
-2.827972
3.112189
1.983207
1.908675
0.370891
2.273053
0.558599
-1.237552
0.963809
-2.179486
0.000000
0.507099
1.091277
-0.911990
2.593043
1.022247
-0.321751
-2.819842
3.020969
-1.967876
0.976037
2.319174
-1.182478
-3.020969
3.097177
1.892547
-1.394857
-2.567288
0.708626
0.568525
-0.398522
-3.098142
-2.375060
3.044339
1.240499
1.306833
3.050933
0.602287
1.686556
-2.688814
1.837048
-0.385883
-0.834539
-0.154997
1.546991
0.078784
-0.078784
1.414194
2.214297
1.017502
0.152649
-1.523213
-0.221314
2.214297
2.925508
-2.453921
-0.478352
-2.507570
0.085505
-2.944197
3.141593
2.788602
-1.712693
0.876058
2.377468
0.336675
-0.389317
-0.620249
0.104877
2.293776
1.631328
1.932526
1.075245
-1.899349
-2.926235
1.364472
-0.463648
-0.683709
0.102207
0.185348
0.909753
1.142018
0.588003
-1.040581
-1.227772
-2.800614
1.779819
2.268699
0.765793
-1.382575
1.510264
1.594601
-2.524401
-0.529590
-2.126963
-2.657115
1.730709
0.856706
2.796945
2.484518
1.849096
-2.748535
-2.340323
-0.463648
-0.509592
-0.989416
2.819842
-1.292497
-1.706324
2.504044
-1.332960
2.488746
1.212026
2.149871
-2.938547
-0.957589
-2.690931
-1.390943
-2.720173
0.415492
-2.546183
-2.544416
-1.544487
-0.138006
2.743070
2.462930
-1.929567
-1.319106
2.986596
1.146602
2.185459
0.268366
1.876675
0.231091
-1.181480
-0.922464
0.177596
2.166206
0.889498
-1.107149
-0.785398
-2.812543
2.408778
-2.166206
-1.877842
2.782822
-0.900275
-1.821799
-2.305391
-0.438337
2.970857
0.203045
-1.055247
1.570796
-0.938047
-3.028442
1.201463
1.727398
-1.754740
-2.524401
-1.415800
0.088007
-2.595938
-0.065125
-1.388628
0.000000
1.869295
2.790148
3.119857
-0.896055
-2.045196
-2.739722
-2.115660
0.556166
0.380506
2.015216
-2.374374
-0.489957
0.443448
-1.121037
0.207496
2.508844
-2.293776
-0.209023
-0.685730
3.045119
-0.401229
-3.097177
-0.296546
0.915101
-1.452306
1.480136
2.526930
0.451453
-0.801270
2.143762
2.957649
1.257176
-0.957589
2.733444
-2.214297
-1.829567
0.211093
-0.175940
2.238102
0.571337
-1.523213
2.745151
2.301703
2.875341
2.197539
0.083141
2.756435
1.545802
0.519146
-0.885067
1.542233
0.509592
-1.318242
-1.986288
0.058756
-2.626044
-0.344647
2.627987
0.256151
-2.743070
0.566729
-0.321751
-2.875341
1.438245
2.322873
-0.207496
0.597177
-2.406998
-1.107149
-1.364472
-0.509592
0.443448
2.916881
1.955954
-1.545802
2.665897
-2.611377
-1.689286
1.794273
1.292497
0.524796
2.491722
1.318242
1.719686
0.418224
1.030377
-1.999574
-2.143762
1.425486
-0.463648
-1.452306
2.845047
-2.289626
-0.130827
-1.460139
2.126290
1.107149
-2.613518
1.127348
0.093477
-2.478390
-2.756435
-1.983207
-1.849096
-1.663553
2.321725
-1.647568
-2.608749
-1.673003
-1.602036
-2.245537
0.623199
1.951303
2.057696
-0.367174
-0.663203
-0.674741
2.292451
-2.406998
-0.401871
-2.185459
1.789465
1.907471
2.020556
0.106736
2.034444
1.546991
-2.080389
2.308611
0.145310
-0.516231
-1.910089
2.848004
-2.665125
1.620755
-0.581380
0.899652
1.951303
-2.338015
0.336675
1.061204
-2.547379
1.642104
-2.559688
0.329624
0.296546
-1.185639
0.110657
-3.092851
-0.484478
-2.493261
2.528385
0.519146
1.359703
-1.883698
-2.209710
1.978945
-1.489892
1.875307
-0.152649
0.454302
0.226799
-0.474400
0.858439
2.761086
-1.969319
-1.302430
-1.266285
-0.743756
2.835714
-2.317752
2.271651
-2.944197
-1.489892
1.595791
1.080839
-0.545655
-1.841743
2.586099
-1.640451
2.910502
2.493261
-1.594048
-1.331565
-1.190290
2.453921
-2.224879
0.448723
1.656302
0.632749
-2.560836
-1.019141
0.769526
-0.477345
1.386853
1.633215
-1.519559
-0.510488
-2.779048
0.150371
1.443287
1.923787
-1.638873
-1.172274
-1.037952
1.624798
-3.007271
1.332187
1.908675
2.034444
-0.654083
0.785398
-2.788602
-0.724250
-0.507099
-0.706199
0.000000
-2.377468
0.424194
-0.401229
-2.487510
-2.019520
-1.859772
1.092444
-1.829567
-1.325818
0.282555
3.112189
2.034444
-1.752965
-1.792111
-1.076855
1.901892
1.828120
-2.896614
2.655971
2.720929
-2.336589
-0.982794
-0.331096
1.241172
0.950547
0.312901
1.373401
-2.083186
-1.146602
-1.181480
-1.877842
-1.410034
-2.214297
0.452154
2.430134
-2.338652
2.925508
-1.661456
2.644250
1.051650
-1.877842
2.574863
3.044339
2.009133
-2.427502
0.718830
-0.805803
2.064738
-1.750650
-2.436024
-2.080389
1.955401
-1.597106
1.801887
1.735945
1.831399
0.361729
1.069192
2.176341
1.119343
2.303611
2.666582
-1.859772
1.871717
-2.083186
-2.034444
0.179853
-1.239700
2.859821
-3.092851
-0.876058
2.999696
-2.126963
2.101012
-1.865031
-2.393215
-2.591739
0.595410
2.034444
-1.969319
-0.911990
1.536327
1.967876
1.149377
-0.876058
1.768192
-0.117109
1.681454
-2.957649
0.428778
-0.549853
0.330297
-2.451146
-0.732815
0.872137
-2.131960
-0.110657
-2.934096
2.068139
0.179853
1.740575
0.944053
-0.712358
2.022249
-2.790148
-2.100386
2.245537
-2.739722
-0.165149
0.990040
-2.132718
-1.993650
-2.372066
-0.528074
2.577023
2.991221
3.009041
0.270947
-0.314232
-3.044339
-1.256564
-2.616797
-1.094329
-2.928654
-2.804918
0.785398
1.473543
-0.913721
-1.088283
-3.036716
-2.811968
0.055499
3.071938
2.986596
0.947597
-2.654693
1.689286
1.705118
0.000000
-2.869447
2.436024
0.750929
-0.715744
-0.218669
-2.440738
-2.120650
-1.912412
-2.022950
-2.034444
-2.804918
1.570796
-2.539305
-2.622447
2.601173
-2.994514
-0.438337
-2.589938
-2.730528
0.380506
0.558599
-0.749699
-1.908675
-2.107232
1.600200
0.329050
-1.907471
2.377468
0.896055
2.756988
-0.130827
2.688814
2.425051
2.166995
-2.487510
1.097440
1.107149
-0.165149
3.117207
3.064821
3.070285
3.117207
2.308611
-1.313473
1.875307
-2.093200
-1.716809
3.079174
-2.546183
-1.757776
-0.711459
-1.339706
-1.150133
2.289626
0.888480
2.249459
-2.792822
1.319794
0.836202
-0.785398
-0.401229
-1.229817
-2.611377
-0.956133
-1.723446
2.339247
2.647651
0.867183
2.338652
-1.917335
-0.613207
-2.957649
-0.638914
-0.375961
-0.274910
-3.020241
-1.951303
2.003204
1.792111
2.959424
-2.944197
1.651700
-0.927295
0.643501
3.086094
1.989021
-2.761086
-0.651869
1.020943
0.052583
-1.051650
2.746802
-2.197539
-1.821799
1.499489
2.996780
-1.107149
