0.262995
-1.959115
0.499347
-0.576375
-1.325818
-0.524796
2.521343
1.267911
-1.365401
-1.797595
-0.999459
-1.858852
-2.521343
0.244979
0.960070
-2.034444
-3.041924
0.759763
-1.144169
-1.203622
0.000000
-1.753907
-3.050933
1.058407
-1.753907
2.279423
-2.642246
0.982794
-0.071307
-2.214297
2.034444
-0.507099
-3.050933
2.770701
-1.373401
-2.677945
1.067953
-2.875341
2.536048
-2.723368
2.506566
-1.804540
2.896614
1.012197
-1.325818
-2.414950
1.160669
-0.083141
-1.570796
0.489957
0.588003
-1.465919
2.774419
2.034444
1.325818
0.935770
-2.714965
-2.999696
1.088283
-2.203545
2.466852
-0.588003
2.077895
-0.972377
2.907849
0.372988
-0.390607
-0.600050
1.480136
1.919567
-1.152572
1.390943
1.570796
3.046641
0.909753
-0.837981
1.919567
-0.463648
-2.226492
0.197396
1.446441
-0.489957
2.530867
-1.089909
-0.321751
2.944197
-0.321751
2.761086
2.541542
-2.181522
2.491722
0.062419
-1.051650
0.968509
1.633215
-0.698660
-1.107149
1.892547
1.892547
0.141897
-1.833791
0.486899
-2.830594
-0.218669
2.098871
0.956133
2.714965
2.622447
-2.455863
1.518213
-0.262995
-0.856706
-0.729900
2.111216
-1.418147
2.259721
-1.460139
0.231091
0.540420
0.566729
0.244979
0.876058
1.249046
-2.077895
-2.694073
3.141593
-0.626743
2.896614
1.012197
-1.453688
1.107149
0.674741
2.022249
-2.203545
0.099669
1.134169
-1.797595
2.570255
2.356194
2.536048
3.141593
1.352127
-2.303611
-1.471128
-1.971037
0.000000
-0.137066
2.356194
1.460139
1.866237
0.885067
-2.142134
-0.185348
1.438245
1.325818
-1.965587
2.530867
2.297439
2.723368
-0.960070
0.785398
-2.184004
-1.076855
-2.432966
-2.819842
0.688924
-2.774419
1.261093
-2.846152
2.094075
2.992703
1.892547
-0.348771
-1.400061
-0.197396
3.099950
-1.740575
-2.498092
0.909753
1.653938
-0.950547
1.365401
-2.767259
-3.041924
2.158799
-2.944197
1.107149
1.222025
-1.570796
2.498092
-0.682317
0.049958
-1.570796
-0.960070
2.709185
-1.124691
-1.190290
1.262744
2.944197
-1.304544
0.141897
-2.239086
-0.049958
-0.862170
1.107149
-0.758378
1.428899
-1.815775
1.789465
-1.876675
-0.909753
1.695151
1.176005
-0.523278
2.475623
2.570255
0.119429
-3.099950
-2.321725
-2.134113
2.761086
2.677945
1.212026
2.129396
-1.520838
1.292497
-1.862253
2.629203
2.279423
2.806856
-0.380506
0.124355
-2.169215
-2.408778
1.464061
-0.661043
1.719686
2.034444
-2.521343
-1.815775
-0.726642
0.390607
2.553590
-0.348771
-0.785398
-0.636508
1.310194
2.007423
0.432408
-1.789465
1.854590
1.405648
1.570796
2.704965
3.050933
1.343997
-1.144169
2.386488
-1.750650
1.428899
-2.251318
-0.896055
-1.304544
-0.876058
0.558599
-0.785398
0.625485
1.929567
0.785398
0.000000
-0.110657
2.181522
-0.141897
1.107149
-1.719686
-3.041924
0.404892
1.190290
1.869295
2.265535
-2.578276
0.278300
-0.214061
1.695151
0.945311
0.927295
-1.487655
-1.352127
-1.527345
2.498092
0.896055
3.099950
-2.055274
0.000000
0.141897
-2.147172
-2.279423
2.498092
-1.831399
2.173084
2.810497
2.819842
0.694738
-2.422763
-1.418147
0.512389
0.785398
-0.785398
0.965252
0.837981
0.885067
-1.080839
-0.643501
-1.165905
-2.553590
-3.041924
2.158799
-1.570796
-2.988943
-2.944197
-1.601090
-2.782822
2.919511
0.321751
0.785398
-2.914794
2.475623
-1.279340
-2.466852
1.862253
0.901157
-0.286051
-1.570796
-2.819842
1.570796
-1.735945
-2.819842
2.199593
-0.588003
-2.570255
-0.439843
-2.231839
3.141593
-1.313473
-2.512796
1.768192
0.380506
0.661043
-1.975688
0.321751
2.459276
-2.677945
-0.837981
2.966920
-2.134113
-1.144169
-0.152649
-0.156602
-1.107149
3.141593
-1.570796
2.843094
-1.279340
-2.256526
-2.356194
-1.815775
2.356194
0.785398
2.297439
-1.685673
1.916352
-0.651077
-1.750650
-1.359703
-2.714965
-1.529154
2.574863
0.404892
1.612439
0.896055
1.396124
0.058756
1.862253
-0.694738
-0.321751
-2.863293
3.141593
-0.620249
-2.618314
-2.664247
1.249046
0.735440
2.429235
-1.222025
0.418224
-0.447520
0.414507
-1.695151
2.498092
-2.930499
1.657535
0.996491
0.785398
1.690225
2.850136
-1.703348
1.695151
-2.406153
-1.807645
2.034444
2.922924
1.570796
2.265535
2.541542
-1.107149
1.272297
-1.537475
0.204018
1.359703
-1.292497
-0.278300
-2.819842
2.306236
-1.828120
1.325818
-1.325818
-2.319174
0.418224
1.570796
-2.601173
-0.514451
2.922924
-2.953371
1.279340
1.480136
2.574863
1.292497
1.007480
-0.625485
1.997424
-1.428899
-1.768192
-0.927295
-2.634494
-2.089942
0.398522
1.695151
-2.582993
-0.540420
-1.721168
3.017238
0.110657
-2.589938
1.892547
-2.677945
0.418224
-1.107149
-1.508378
-1.815775
-0.982794
-0.358771
-2.251318
-2.488746
-0.524796
2.819842
-2.181522
2.119346
-2.922924
-1.642104
2.896614
0.463648
0.404892
-2.613518
0.927295
-2.563691
-3.030935
-2.976444
1.951303
-1.325818
1.190290
0.682317
0.432408
0.523278
1.182478
-1.892547
-2.064738
2.158799
1.494024
-1.929567
-0.708626
2.480549
-2.922924
0.847817
-2.356194
-1.794273
0.554307
1.735945
1.310194
0.418224
-2.095592
-1.405648
-1.405648
3.141593
-2.819842
3.064821
2.125104
0.071307
0.566729
-0.244979
2.607884
0.507099
2.629203
2.265535
-1.800028
-1.063698
2.875341
-2.480549
2.833540
2.870646
-2.485897
2.711830
-2.677945
-3.086094
-1.880499
1.272297
-1.418147
-0.507099
0.982794
-2.699218
1.012197
-1.620755
0.291457
3.070285
0.960070
0.083141
0.965252
0.785398
-0.124355
1.007480
2.010639
0.528074
0.286051
-2.736701
2.390664
0.558599
-2.553590
0.124355
3.141593
1.019141
1.275355
-0.058756
1.570796
-0.551655
-1.862253
2.441700
2.070143
-0.832981
1.607816
1.570796
-0.956133
-1.570796
-2.553590
-1.499489
-2.714965
1.975688
-0.426627
1.934775
-1.030377
0.540420
-0.982794
-1.700499
2.634494
1.284745
-0.124355
-1.943784
1.919567
-3.041924
0.110657
2.750986
-2.226492
-0.231091
-2.265535
0.295441
-2.906048
-1.428899
-2.944197
1.212026
-2.512796
-2.774419
-2.450256
-2.875341
0.533708
2.064738
0.540420
1.297788
-0.785398
-0.380506
0.244979
-1.373401
0.141897
-1.012197
-1.975688
2.356194
2.741352
-1.352127
3.022164
-2.356194
-1.441094
-0.298499
0.266252
3.026716
-3.041924
-2.158799
-2.356194
-0.528074
-0.685730
2.723368
1.190290
0.404892
-0.620249
-2.792822
1.570796
2.843094
-3.082837
2.896614
-2.647651
1.373401
-1.695151
0.970746
-1.030377
2.922924
2.473303
1.249046
-2.746802
3.141593
1.490966
1.144169
-0.915101
-1.707863
1.128422
-1.723446
-2.158799
-2.574863
1.352127
-1.969319
1.670465
0.463648
2.142134
-0.273009
0.000000
1.806341
0.558599
2.070143
1.815775
1.929567
-0.055499
-1.665748
0.480887
-3.034857
-2.506566
3.046641
-0.832981
-2.944197
0.643501
0.412410
-0.055499
1.776192
-2.961739
-0.244979
0.404892
-2.289626
-1.249046
1.089909
2.819842
2.414950
-1.570796
-1.076855
-0.652847
1.570796
-1.892547
0.828849
-0.463648
-3.064821
-1.292497
-0.702257
-1.134169
-1.913820
-2.194819
1.446441
0.847817
