-0.872137
1.712693
-1.683947
-2.334921
-1.181839
-2.265535
-2.008588
1.313473
1.325818
-1.176005
2.819842
-1.368475
-0.600714
0.750929
-1.034361
-2.042574
-0.867566
-2.064738
-2.001489
-0.238609
1.937970
-2.723368
-1.668523
-2.926235
-1.184914
-2.495080
2.837082
-1.269876
1.922241
-1.087017
0.141897
-1.695151
2.236766
-2.242402
1.130954
2.877629
2.909036
-0.785398
2.710900
1.744468
1.687905
1.911178
0.220494
-1.721168
-0.630401
-1.396124
-0.078784
0.354706
-0.161375
-3.079174
1.310194
-1.645656
-0.099669
-2.755710
2.677945
-0.856706
-0.950547
-0.730508
-2.704965
1.465919
-1.570796
1.334551
0.183943
-1.912746
-0.232104
-2.677945
-1.551568
-1.516305
-2.714965
-1.181088
2.231839
-1.845706
-3.012682
2.741352
0.989416
1.773118
1.678486
-1.778293
1.588036
-0.571337
3.141593
2.142134
0.053520
-0.652171
-1.256564
-1.402199
1.803353
0.448145
2.526930
2.916881
-2.838708
-0.825377
-0.477831
-2.422763
-2.001489
1.544487
2.277704
2.176341
-1.932526
1.721168
-2.034444
-2.245537
-2.521343
2.289626
0.313621
-0.817645
1.017955
2.245537
2.498092
-0.785398
1.807645
2.761086
2.221218
0.732815
1.941688
2.677945
1.205595
0.708626
-2.867425
1.985303
-0.635838
-2.199593
-2.984991
1.107149
1.450173
-1.178456
2.714965
2.092631
-2.452668
-2.145101
1.841743
-0.548549
-1.849096
1.295886
1.220068
-0.890275
-0.283794
0.229232
0.799482
-1.073454
-1.420425
-0.904827
-1.046001
-2.743070
-2.339247
1.831399
2.147989
0.615620
-0.073041
3.141593
-0.712358
-2.782822
0.286051
0.714091
1.359703
-0.062419
2.430134
-0.892134
1.810028
-1.673878
0.197396
-1.373401
2.487510
-1.132460
-1.035377
-2.626520
-0.916226
1.965587
-0.723748
0.654083
2.944197
-1.207649
-2.653259
3.070285
2.574863
-1.242243
-0.103082
-0.048742
-0.504861
-1.637364
-1.240499
-1.728565
-0.192048
2.944197
0.574305
-2.344701
1.892547
2.003204
2.439336
-2.383965
0.485622
0.687671
-2.976444
-2.928224
-1.508378
1.393200
0.438337
0.113792
-2.373142
-1.093451
1.107149
1.060308
-1.633215
1.474323
-2.861056
0.566729
-0.035073
1.708802
2.233526
-1.266285
-0.156602
0.183943
-0.244979
-3.050933
-1.602036
-1.786881
-0.561922
-1.708802
-0.942000
2.811295
-2.560212
2.718739
2.111216
-1.339706
-0.752077
-1.279340
0.592697
0.315970
-1.927016
-0.982794
2.473927
-0.625485
-2.860755
1.044730
0.670522
2.043293
-1.359703
1.978945
-0.769006
3.141593
0.601074
2.947634
0.944053
-3.034857
2.406153
-2.375060
2.410196
-0.920375
1.800028
2.248505
-0.407256
2.287338
2.686492
-1.589313
-2.469629
-2.219128
0.107690
0.028564
0.252554
1.837048
0.118490
-2.761086
1.198729
-2.480549
-0.678662
-1.455037
-2.748142
1.178456
3.141593
3.085049
-2.804918
-3.052937
2.930499
0.885067
-2.449258
2.289626
2.124091
-2.469114
-2.670699
-1.243970
-2.580429
0.774872
1.658292
-2.769525
2.996283
-2.089942
-0.697903
-0.104877
-2.980830
-1.217806
-0.251003
0.491809
0.099669
1.603043
-1.162647
0.060532
0.093477
-1.096945
-1.368475
0.000000
-1.844964
-1.076855
-2.316216
-2.256526
0.916714
1.240499
1.699120
0.165149
0.408149
0.374334
2.240435
-1.881184
1.681454
0.474400
1.761981
2.570255
1.226149
0.750119
-2.937575
-1.239700
-2.601173
-0.074860
2.870646
1.519993
1.783735
0.138006
-1.185639
1.199905
-1.777120
1.997424
1.951303
0.714091
1.217806
-2.596729
-0.377249
-1.779819
-1.597817
-2.164146
-2.320495
-1.205595
1.510264
2.399645
1.256564
-1.978945
-0.076772
0.175940
2.692869
1.708802
2.605157
2.443690
0.066568
-0.156602
-1.823351
-1.873681
2.307054
-1.627340
0.868539
-1.443287
-0.493941
0.650421
1.272297
1.800028
-1.135443
-2.699218
-1.378096
-3.006065
-1.219352
2.282255
-1.249046
0.288975
0.176709
-1.290260
-1.520838
2.869447
-1.679458
-1.258754
-0.512389
-2.107232
-1.955401
-0.588003
-1.735945
-2.484518
-0.614663
2.553590
2.494545
-2.401618
-0.218669
-1.709436
-2.262133
-0.768451
1.837048
-0.975386
-2.081285
2.150799
0.735440
1.877842
0.628796
-2.093200
-2.971814
2.227871
-0.179853
-0.244979
0.237836
2.166995
1.306833
-1.163540
0.201762
2.422763
-2.772259
-2.224879
-2.582993
-1.761435
-0.024385
1.393200
-1.989021
0.752077
3.006821
-0.745419
-2.703256
-1.922241
-2.129396
-2.224879
-1.475845
-2.125104
-1.570796
0.939106
-1.049362
-2.920278
1.300947
0.430693
1.815775
0.534955
-2.056418
-1.673003
-0.073041
-2.263438
-2.616797
2.022950
1.295886
-2.934096
2.466852
1.543026
-1.428899
-2.769525
2.528385
1.194835
0.304992
-0.401871
-0.340979
-1.418147
-2.991221
-2.149871
-0.472907
-2.948892
0.017855
0.767856
-1.119343
0.197396
-2.440738
3.141593
2.072400
-1.365401
2.868584
-3.041924
1.030377
-1.524318
3.027801
-0.712358
-2.573068
0.441592
3.025833
-2.840672
-0.411456
-2.009133
0.987423
1.421906
2.262133
2.513963
-0.223477
2.622447
0.811708
-2.338015
3.141593
0.094952
-2.754717
-3.115283
-1.020943
2.712815
-1.357858
-2.034444
-1.875307
-0.917950
-2.867425
2.739722
-0.694738
-1.926432
0.455451
1.332187
-2.601173
-1.014630
2.634494
-1.012197
2.903757
-1.684588
2.593043
-2.498092
1.570796
-2.356194
2.742077
1.673003
2.034444
-2.656366
-3.118869
-2.553590
-2.855541
-1.780436
0.613207
2.120171
-2.954613
-1.238737
2.677945
-2.158799
0.963809
-3.071938
-2.166995
-2.755710
2.343849
-1.940130
-0.149812
-2.761086
0.027020
1.717875
-0.956133
-1.330625
-0.797446
-1.991460
0.620249
1.415800
-3.053585
-1.281821
-1.885554
1.025932
2.388441
-2.141180
2.966920
-1.284745
-0.700854
-1.067170
-0.152649
2.819842
-0.491809
-1.321209
1.923787
1.516795
-0.534395
-0.930708
-1.570796
-1.471128
1.606495
0.804264
-2.577509
-3.113029
-0.452154
-0.566729
1.341564
-0.752077
2.174546
2.494545
-2.003204
-1.133287
-0.240534
2.503273
-1.993650
2.502679
-2.412738
0.512389
0.470894
0.513606
-2.572279
0.837981
-0.710909
-0.976037
-2.601173
0.121352
0.151015
2.971814
2.524401
0.354706
-0.104877
-0.892134
-2.191046
-0.915101
2.297439
-0.771315
0.558599
2.323239
-2.546833
1.249046
-1.478040
-2.670952
-2.245537
-1.409421
2.306236
2.712815
-2.312744
2.007423
2.996283
0.722979
-1.570796
-1.190290
2.616797
2.158799
0.891383
-0.637549
-2.954613
2.741352
-0.738920
2.476818
-1.963136
-2.398722
0.605545
-3.053585
2.281335
2.957649
-1.594601
-2.819842
0.933248
1.062067
0.625485
-2.761086
-2.847358
2.432966
2.199593
1.288241
-1.130954
0.620249
-1.442473
2.409906
-1.684588
0.207496
-1.975688
2.709185
-0.597177
-0.921801
-3.002153
-3.121187
0.488852
1.042722
-1.570796
0.625485
2.548895
1.612439
2.388441
2.720929
3.007782
-1.647568
-1.152572
-1.618379
1.473543
1.923787
3.089915
1.222025
-0.288975
0.798056
0.682317
-0.700854
1.732995
3.141593
1.209960
-1.236851
-0.228497
-2.684748
-0.854255
1.257176
-1.063698
-2.629203
-1.048393
2.632863
0.883125
3.003587
-0.404892
2.425849
1.876675
0.332620
2.476490
2.075658
-0.632749
-0.976583
-2.343208
-2.684748
