-0.965252
0.321751
-1.975688
1.487655
0.278300
-2.070143
-2.589938
-1.570796
0.000000
-0.588003
1.937970
2.122451
1.042722
2.956245
0.348771
-2.642246
2.181522
3.338988
2.530867
2.553590
2.601173
1.801887
-1.373401
2.403778
0.896055
-2.976444
0.960070
0.566729
-1.653938
-2.819842
-2.064738
-2.677945
0.737815
-0.896055
2.356194
-1.304544
-0.732815
2.512796
-0.321751
-1.570796
-0.519146
-1.042722
-0.083141
1.292497
-2.455863
-1.570796
3.070285
1.343997
-1.892547
2.226492
-0.426627
0.519146
2.570255
0.732815
-0.244979
-1.797595
1.471128
-1.249046
1.249046
-2.714965
2.782822
-0.785398
2.098871
2.896614
1.695151
-0.694738
3.141593
1.653938
-2.574863
-1.304544
0.851966
-1.190290
-0.694738
1.359703
-1.815775
0.685730
3.252250
-2.064738
2.064738
-2.736701
-1.712693
2.308611
-2.176341
1.570796
0.540420
-0.426627
1.869295
0.566729
-2.956245
0.394791
1.325818
0.661043
-0.965252
-1.570796
2.273053
-0.785398
2.746802
-1.873681
1.642104
2.570255
2.245537
1.831399
-1.849096
-2.677945
-0.197396
-0.321751
0.321751
0.083141
3.141593
-2.414950
2.480549
0.896055
-2.003204
0.862170
-2.512796
2.455863
2.199593
-1.570796
1.570796
0.960070
-2.089942
-1.570796
-2.704965
-1.723446
0.588003
-1.292497
0.066568
-2.356194
1.390943
-2.896614
-2.142134
-2.356194
-1.107149
-3.352686
-2.819842
-0.244979
1.304544
0.132552
-2.256526
1.042722
-1.107149
-1.042722
-2.601173
1.138389
0.000000
0.426627
1.107149
0.291457
-0.718830
-0.643501
-0.927295
2.798569
3.274144
0.643501
0.588003
-0.528074
-1.292497
2.181522
0.076772
-2.122451
-1.831399
-2.356194
-0.610726
-2.475623
0.152649
-1.756144
2.914794
-0.628796
2.303611
2.236766
1.515298
1.849096
0.785398
1.570796
0.960070
3.141593
2.746802
-1.428899
0.885067
2.774419
1.892547
-2.782822
-1.975688
-0.165149
-3.070285
-1.418147
-0.197396
2.622447
1.272297
1.570796
-0.694738
-0.694738
2.880990
1.385448
1.756144
-0.358771
-1.756144
0.540420
-2.297439
2.485897
-0.493941
1.913820
1.107149
-0.132552
1.249046
1.815775
1.279340
1.831399
-2.111216
1.030377
3.079174
-1.961403
-2.356194
-0.141897
2.098871
1.815775
-1.504228
1.997424
-0.643501
-1.637364
1.107149
-0.674741
2.761086
-0.694738
3.009041
-1.310194
0.540420
-1.107149
-2.403778
-1.165905
2.446854
-2.677945
0.909753
-0.197396
2.914794
-1.504228
0.278300
-0.685730
-2.098871
-2.176341
1.570796
-1.695151
2.403778
-0.493941
0.571337
2.070143
2.485897
-2.782822
1.107149
1.997424
3.017238
1.203622
-1.304544
-2.880990
0.694738
-0.844154
2.944197
2.914794
1.176005
-0.244979
-1.190290
2.034444
2.356194
-1.735945
3.274144
0.291457
-3.224734
-2.312744
-0.226799
-2.774419
1.144169
-0.066568
-2.273053
1.997424
-0.741947
-1.837048
-1.828120
-0.785398
1.570796
1.768192
0.785398
1.570796
-1.267911
2.466852
-0.588003
2.455863
-2.057696
1.637364
0.674741
2.930499
0.718830
3.141593
1.653938
0.785398
-2.077895
-0.732815
-0.832981
-1.390943
-0.266252
-0.066568
-0.551655
1.504228
2.214297
-0.141897
0.298499
-2.455863
-2.574863
2.761086
1.653938
-1.637364
0.348771
-2.265535
-1.937970
2.455863
0.896055
2.064738
2.122451
0.321751
-1.647568
-1.359703
0.000000
-2.446854
1.637364
-1.797595
0.785398
-2.446854
2.064738
-0.426627
2.850136
1.951303
1.642104
1.570796
-1.267911
1.343997
1.570796
0.785398
0.302885
-1.512041
1.653938
1.499489
-1.675673
-0.785398
3.009041
-0.463648
-1.661456
-1.499489
0.960070
-2.574863
-2.034444
1.138389
3.283490
-1.653938
2.475623
-1.504228
1.642104
0.062419
-2.007423
-2.122451
0.211093
-2.122451
1.227772
-1.107149
-1.107149
0.785398
-0.298499
2.485897
2.181522
2.181522
-1.107149
0.394791
3.141593
-1.629552
0.726642
0.000000
-2.613518
1.107149
-2.485897
-1.227772
0.737815
0.610726
-2.677945
-1.203622
1.272297
-1.504228
2.613518
-2.077895
-1.570796
3.017238
2.601173
1.653938
0.909753
-2.064738
-2.536048
-0.211093
-2.485897
-0.785398
2.408778
0.927295
-0.785398
-0.726642
-1.499489
1.703348
-1.063698
0.321751
-1.176005
-0.260602
2.677945
0.896055
-3.218365
-3.321446
2.142134
-1.913820
3.009041
1.642104
1.471128
1.570796
0.278300
1.176005
0.661043
0.244979
-2.064738
-2.158799
2.613518
1.480136
1.325818
2.034444
1.504228
-0.076772
1.494024
-0.960070
2.930499
3.265948
-1.071450
1.642104
-1.997424
1.107149
3.058451
-2.408778
-0.737815
1.030377
-0.785398
0.785398
3.050933
0.000000
-2.589938
-1.837048
-1.359703
-2.761086
-0.298499
-1.815775
2.677945
2.312744
0.000000
-2.792822
3.141593
-0.785398
-1.670465
0.927295
-2.122451
-1.480136
1.723446
0.321751
-0.896055
-0.741947
-2.553590
-2.034444
-2.475623
-2.439336
-0.551655
2.181522
1.304544
2.677945
-2.176341
2.396173
2.574863
0.499347
-0.825377
0.628796
1.815775
1.418147
-2.589938
0.367174
1.570796
-2.798569
2.089942
-1.873681
-0.076772
-1.703348
-2.553590
-1.176005
-1.951303
1.042722
0.367174
1.661456
2.308611
2.642246
0.000000
1.723446
0.885067
-2.746802
-0.694738
-1.310194
-1.570796
-2.122451
-1.712693
2.761086
1.373401
-2.034444
2.622447
-0.266252
-2.256526
1.249046
1.310194
-1.512041
1.438245
-1.570796
-2.880990
-0.141897
1.453688
3.274144
2.297439
1.768192
1.460139
1.267911
2.356194
2.060754
-2.589938
2.613518
0.463648
0.643501
0.132552
0.266252
0.643501
-2.774419
0.463648
3.265948
1.570796
-2.356194
-1.310194
0.000000
1.937970
-0.832981
2.111216
-1.797595
-1.012197
2.455863
2.553590
-0.785398
2.896614
-2.356194
2.536048
2.446854
-2.245537
0.266252
1.723446
-0.321751
2.512796
0.367174
-0.832981
-1.937970
0.197396
1.869295
0.463648
-1.781890
0.837981
-2.137526
-0.694738
-0.950547
3.316265
0.380506
-2.466852
-2.034444
-0.718830
-0.960070
3.070285
1.144169
3.372683
-1.703348
-2.819842
-1.983207
-0.291457
0.785398
-0.321751
0.661043
-1.570796
-2.308611
-2.880990
-2.736701
2.512796
-1.325818
2.303611
-0.605545
-1.144169
-0.620249
-3.141593
0.152649
2.574863
-1.570796
-0.832981
-2.896614
2.622447
-2.466852
2.512796
-0.540420
1.997424
-0.628796
0.732815
-1.869295
2.798569
0.000000
-1.570796
1.892547
0.000000
-2.158799
-0.674741
-1.504228
2.574863
-1.512041
-2.880990
-0.083141
2.308611
-0.380506
1.797595
0.832981
1.494024
-2.774419
1.042722
2.308611
2.622447
2.944197
-2.176341
2.356194
-1.190290
2.214297
0.426627
-1.390943
0.076772
-1.951303
-1.310194
-2.553590
-1.249046
3.386571
2.356194
1.144169
-0.605545
-0.260602
0.152649
0.226799
2.034444
1.919567
-0.394791
-0.737815
-2.613518
1.975688
1.629552
0.896055
-1.325818
-0.982794
3.141593
1.661456
-1.339706
2.792822
1.837048
-1.385448
-2.647651
0.343024
-1.212026
1.203622
3.326941
-0.141897
-1.134169
0.260602
2.158799
-2.214297
-2.570255
0.463648
2.553590
2.914794
1.071450
-2.007423
2.408778
-0.141897
1.937970
-1.107149
-1.176005
1.849096
2.880990
-0.551655
-0.432408
0.628796
