-0.825377
2.199593
-0.486899
0.321751
-1.086318
1.873681
0.367174
-0.062419
-2.601173
-2.446854
-1.165905
3.024484
-2.214297
-2.199593
2.512796
0.000000
0.732815
-2.536048
2.485897
2.064738
1.570796
-1.144169
-1.076855
2.567288
0.286051
-2.319174
0.862170
1.165905
0.828849
2.077895
2.988943
-2.214297
2.256526
-2.007423
-1.789465
-2.356194
-0.436627
1.299849
2.356194
1.815775
-1.107149
1.373401
1.190290
0.432408
2.984991
-2.736701
1.494024
-1.873681
1.446441
-0.404892
-2.111216
0.655696
-1.203622
-1.359703
-0.927295
1.570796
1.076855
-1.019141
1.910089
-2.060754
-1.815775
1.227772
-0.896055
-2.396173
-1.929567
-1.983207
0.551655
-0.197396
-1.165905
2.265535
-1.190290
3.480885
-2.539305
1.712693
-1.453688
0.942000
-1.703348
2.774419
2.034444
-2.910502
3.440092
2.060754
-0.605545
-1.227772
0.394791
-1.681454
0.741947
-1.633215
-0.685730
-1.107149
1.042722
0.000000
2.914794
2.399645
2.003204
-2.003204
1.831399
0.785398
0.982794
2.944197
-1.756144
1.310194
-2.256526
2.356194
-2.060754
-1.453688
-1.138389
1.768192
-1.134169
-0.244979
-0.463648
1.997424
-2.399645
-0.104877
-2.003204
-0.643501
-2.704965
0.404892
2.439336
-0.055499
1.107149
-2.782822
-0.463648
-1.768192
0.942000
2.265535
0.950547
1.249046
-1.203622
3.274144
-1.756144
-1.642104
-0.071307
-1.339706
-0.058756
-2.439336
1.913820
-2.704965
-0.785398
0.071307
0.785398
2.539305
-1.913820
-1.745469
1.352127
1.504228
1.626295
-2.677945
-2.173084
-1.873681
-2.622447
0.302885
1.719686
3.204011
1.453688
1.629552
3.197091
-0.426627
-1.831399
-0.856706
0.197396
1.249046
-2.521343
-2.589938
-0.197396
-2.870646
-1.815775
3.009041
1.937970
0.965252
-2.512796
-1.051650
0.915101
-1.681454
-1.929567
-2.446854
-1.267911
0.741947
2.312744
-1.695151
0.885067
1.359703
-1.951303
2.356194
-0.432408
2.838708
-0.685730
-2.613518
-0.463648
-0.132552
-0.348771
-2.356194
-2.403778
-2.843094
1.004067
-2.176341
0.632749
-1.873681
1.107149
-2.709185
-2.750986
1.929567
1.712693
-1.941688
1.570796
-2.512796
1.815775
1.405648
-1.267911
1.797595
2.601173
-1.789465
2.158799
0.982794
-2.498092
2.875341
2.034444
2.896614
0.737815
1.642104
-2.399645
-1.051650
2.214297
-1.637364
-1.703348
2.356194
0.432408
-2.498092
0.321751
-0.942000
-0.302885
0.321751
2.356194
0.463648
-1.212026
0.832981
-2.158799
1.570796
0.000000
-2.589938
-0.432408
2.508844
1.504228
-2.651635
2.589938
1.951303
0.605545
-2.098871
1.961403
0.197396
3.086094
-2.319174
1.797595
-2.746802
-0.741947
0.643501
1.653938
-0.132552
0.896055
0.965252
3.017238
2.356194
-2.191046
0.588003
2.191046
3.212900
0.404892
2.403778
2.475623
-1.983207
1.815775
1.873681
-2.736701
-1.910089
-1.647568
0.132552
-1.107149
-0.741947
-1.325818
-1.570796
2.142134
-2.176341
2.835714
-1.272297
0.298499
-0.343024
2.199593
-0.519146
-3.141593
-0.737815
2.704965
-2.863293
3.086094
2.677945
-0.083141
-0.463648
-0.927295
0.165149
2.521343
-1.030377
-2.498092
1.642104
2.870646
2.677945
-0.380506
0.321751
2.601173
-2.782822
-2.498092
2.396173
2.007423
-1.856848
2.966920
-0.058756
1.661456
0.244979
-1.983207
1.359703
0.785398
-1.373401
1.487655
2.297439
-2.553590
0.211093
3.326941
2.399645
-1.831399
-0.489957
3.204011
-2.838708
3.009041
-0.260602
0.463648
-1.856848
-1.134169
0.785398
1.249046
-2.629203
3.089010
3.386571
1.446441
-1.570796
2.455863
-1.815775
2.819842
-1.359703
0.620249
-0.620249
2.064738
1.961403
-1.745469
0.278300
1.203622
-1.165905
-2.256526
0.694738
-2.356194
1.107149
-0.588003
1.687905
0.367174
-0.915101
-2.158799
0.915101
2.396173
0.132552
-2.057696
3.283490
0.965252
-1.030377
0.785398
-0.489957
2.999696
-1.373401
3.050933
-2.064738
-1.453688
3.258701
-0.321751
3.274144
-1.076855
0.999459
1.130954
0.066568
-1.212026
2.064738
-2.601173
-2.634494
-2.356194
1.789465
-1.892547
-0.298499
2.455863
2.064738
2.226492
1.019141
1.190290
2.934096
-1.418147
-0.996491
-1.841743
-0.896055
-1.272297
-0.278300
-0.321751
2.214297
-2.475623
0.321751
0.000000
2.303611
-1.849096
-2.944197
-0.708626
0.551655
0.588003
-0.643501
3.017238
-2.060754
2.601173
1.756144
2.466852
-2.729182
0.628796
-1.203622
2.922924
-2.439336
2.819842
2.736701
0.862170
-1.975688
-0.132552
2.256526
3.141593
2.798569
3.024484
0.000000
-2.308611
0.321751
0.436627
-2.356194
0.165149
-1.249046
1.272297
2.956245
-2.122451
0.726642
2.060754
-0.531724
-2.203545
-2.536048
2.729182
-1.190290
3.338988
1.508378
-1.499489
2.034444
0.566729
-1.637364
-1.292497
-1.892547
-0.321751
2.498092
-3.141593
2.999696
-2.279423
-2.819842
0.298499
1.989021
-2.236766
-0.426627
0.643501
-2.176341
-0.110657
-0.426627
1.797595
-0.519146
-1.570796
-0.643501
-2.236766
1.520838
1.267911
-2.508844
1.768192
2.651635
-2.736701
-1.512041
1.058407
0.244979
0.226799
-1.756144
-2.446854
-2.677945
1.508378
1.703348
2.880990
-1.735945
3.212900
2.956245
0.000000
0.412410
0.620249
0.540420
-1.107149
0.321751
0.785398
-2.316216
2.553590
-0.785398
1.231504
1.961403
-2.129396
-0.380506
-2.709185
2.761086
0.551655
0.885067
-2.034444
3.326941
-0.885067
-0.785398
-1.019141
1.831399
0.748378
1.051650
-2.199593
1.937970
-1.951303
-2.512796
-0.066568
2.589938
0.117109
-1.929567
0.000000
1.107149
-2.245537
-2.677945
1.703348
0.197396
-1.873681
1.004067
1.647568
1.570796
1.873681
-0.165149
-2.312744
-2.736701
3.086094
1.856848
0.685730
-0.270947
1.815775
1.633215
1.633215
-0.197396
1.703348
3.141593
-2.403778
-1.756144
2.396173
2.647651
1.107149
-0.124355
-1.512041
-2.089942
1.165905
1.325818
-1.080839
-0.066568
1.134169
-0.643501
-1.778293
-0.745419
-2.855541
3.141593
1.138389
-1.735945
1.107149
0.896055
0.298499
2.396173
1.267911
-2.601173
-0.785398
1.249046
1.892547
-1.051650
-2.782822
-1.249046
0.785398
2.774419
1.723446
1.267911
-2.203545
-1.633215
2.399645
2.944197
-2.677945
0.844154
3.265948
-2.651635
2.034444
-1.695151
2.191046
1.849096
-2.226492
2.709185
-2.729182
-2.521343
-2.651635
2.512796
1.107149
-0.832981
2.961739
2.439336
2.798569
-0.832981
0.055499
-0.741947
2.647651
1.637364
0.071307
1.325818
-0.211093
-0.785398
0.367174
1.249046
-2.356194
-2.896614
-2.521343
-1.460139
-0.628796
2.070143
1.570796
-0.737815
3.352686
0.071307
-0.665969
-1.107149
2.316216
-0.278300
1.071450
-0.343024
1.107149
1.951303
-2.303611
-1.815775
-2.158799
-0.825377
0.165149
2.536048
0.896055
2.838708
1.004067
0.141897
-0.141897
0.965252
-1.385448
1.695151
-2.191046
-0.519146
3.212900
-1.778293
1.134169
-1.373401
1.051650
3.082837
1.339706
-2.553590
-0.507099
-2.466852
-1.385448
-2.589938
3.070285
-1.508378
2.122451
1.869295
-0.994421
2.089942
1.892547
2.601173
-2.060754
2.704965
0.685730
0.071307
-2.677945
0.000000
2.956245
-1.633215
2.910502
2.761086
