-0.643501
1.797595
-1.523213
-2.083186
-1.019141
-1.945130
-1.753907
1.570796
1.538549
-0.965252
-3.089010
-1.190290
-0.429762
1.107149
-0.868539
-1.825979
-0.533708
-1.916352
-1.873681
0.000000
2.102520
-2.601173
-1.484058
-2.459276
-0.920926
-2.207305
2.819842
-1.237552
2.231839
-0.973620
0.244979
-1.441094
2.379446
-2.095592
1.212026
3.017238
3.091634
-0.628796
2.761086
1.980924
1.797595
2.231839
0.577902
-1.267911
-0.110657
-1.083897
-0.071307
0.643501
0.058756
-2.944197
1.464061
-1.446441
0.119429
-2.645170
2.855541
-0.694738
-0.674741
-0.418224
-2.356194
1.703348
-1.339706
1.700499
0.352990
-1.707863
-0.047583
-2.910502
-1.315614
-1.261093
-2.582993
-0.840897
3.141593
-1.727398
-2.718739
-3.030935
1.158386
2.089942
1.831399
-1.633215
1.776192
-0.400241
-2.868584
2.283154
0.524796
-0.558599
-1.107149
-1.264917
2.034444
0.756835
2.704965
-3.070285
-2.627141
-0.732815
-0.262995
-2.381830
-1.801887
1.756144
2.451146
2.455863
-1.735945
1.789465
-1.975688
-2.226492
-2.356194
2.582993
0.551655
-0.489957
1.222025
2.622447
2.774419
-0.785398
1.997424
2.934096
2.388441
0.729900
2.356194
2.914794
1.272297
1.012197
-2.774419
2.259721
-0.625485
-1.929567
-2.736701
1.325818
1.815775
-1.063698
2.863293
2.236766
-2.331809
-2.034444
1.951303
-0.358771
-1.703348
1.460139
1.460139
-0.528074
-0.266252
0.394791
0.785398
-0.868539
-1.208252
-0.588003
-0.868539
-2.521343
-2.111216
2.085248
2.289626
0.540420
0.174672
-2.992703
-0.205395
-2.488746
0.605545
0.866302
1.670465
0.207496
2.736701
-0.551655
2.034444
-1.091277
0.463648
-1.325818
2.704965
-0.982794
-0.880350
-2.356194
-0.674741
2.083186
-0.321751
0.885067
-3.086094
-0.972377
-2.517570
-3.017238
2.743070
-1.058407
-0.038443
0.058756
-0.339293
-1.455920
-1.076855
-1.570796
0.066568
3.141593
0.919720
-2.050316
2.117585
1.839964
2.663240
-2.508844
0.741947
0.785398
-2.855541
-2.840672
-1.317122
1.570796
0.551655
0.305879
-2.173084
-0.436627
1.279340
1.222025
-0.832981
1.532354
-2.695487
0.737815
0.226799
1.892547
2.422763
-1.203622
-0.062419
0.302885
0.090660
-2.934096
-1.387686
-1.623379
-0.558599
-1.570796
-0.785398
2.819842
-2.245537
2.843094
2.393215
-1.203622
-0.605545
-1.156289
0.737815
0.426627
-1.657535
-0.600050
2.872425
-0.370891
-2.863293
1.107149
0.785398
2.480549
-1.287002
2.236766
-0.588003
-3.082837
0.904827
3.104573
1.190290
-2.896614
2.914794
-2.122451
2.565217
-0.755104
1.951303
2.446854
-0.321751
2.521343
-3.064821
-1.287002
-2.000559
-2.129396
0.244979
0.132552
0.394791
2.070143
0.463648
-2.521343
1.421906
-2.034444
-0.519146
-1.299849
-2.441700
1.428899
-2.863293
-2.695487
-2.651635
-2.922924
-2.884269
1.030377
-2.000559
2.245537
2.316216
-2.380580
-2.483704
-0.912908
-2.396173
1.024007
1.825979
-2.601173
3.141593
-1.892547
-0.551655
0.302885
-2.729182
-1.134169
-0.117109
0.463648
0.278300
1.881795
-0.945311
0.741947
0.394791
-0.862170
-1.212026
0.343024
-1.831399
-0.982794
-2.226492
-2.010639
1.190290
1.292497
1.753907
0.576375
0.694738
0.680521
2.265535
-1.681454
1.965587
0.655696
2.064738
2.663240
1.512041
1.056345
-2.718739
-0.972377
-2.437099
-0.156602
2.880990
1.570796
1.892547
0.298499
-1.134169
1.359703
-1.626295
2.122451
2.158799
0.870903
1.687905
-2.485897
-0.352990
-1.536327
-1.405648
-1.983207
-2.142134
-1.076855
1.797595
2.887919
1.460139
-1.993650
0.058756
0.463648
2.868584
1.797595
2.677945
2.736701
0.363979
0.062419
-1.605265
-1.570796
2.553590
-1.206817
1.165905
-1.190290
-0.235545
0.919720
1.609239
2.085248
-1.107149
-2.508844
-1.325818
-2.761086
-1.343997
2.536048
-0.968509
0.404892
0.426627
-1.060308
-1.284745
-3.089010
-1.365401
-1.343997
-0.214061
-1.789465
-1.675673
-0.436627
-1.418147
-2.319174
-0.436627
2.838708
2.774419
-2.214297
0.218669
-1.570796
-2.064738
-0.540420
2.125104
-0.694738
-2.070143
2.379446
1.405648
2.203545
0.828849
-2.007423
-2.863293
2.582993
-0.211093
-0.137066
0.394791
2.651635
1.396124
-1.016489
0.358771
2.485897
-2.606638
-2.122451
-2.383215
-1.614247
0.286051
1.745469
-1.745469
1.058407
-3.026716
-0.588003
-2.403778
-1.781890
-2.007423
-2.122451
-1.231504
-1.951303
-1.264917
1.337053
-0.970746
-2.521343
1.518213
0.643501
1.975688
0.726642
-1.910089
-1.508378
0.058756
-1.717875
-2.284887
2.199593
1.512041
-2.831890
2.761086
1.712693
-1.107149
-2.508844
2.749253
1.570796
0.482513
0.000000
-0.152649
-1.212026
-2.830594
-1.869295
-0.398522
-2.582993
0.463648
0.950547
-1.076855
0.380506
-2.279423
-2.830594
2.240435
-1.451367
-3.101614
-2.761086
1.074374
-1.446441
-3.064821
-0.588003
-2.319174
0.610726
-2.910502
-2.774419
-0.172191
-1.768192
1.152572
1.629552
2.570255
2.731465
-0.052583
2.792822
1.144169
-2.265535
-2.889038
0.748378
-2.356194
-2.956245
-0.965252
3.082837
-1.165905
-1.881795
-1.768192
-0.785398
-2.647651
2.976444
-0.260602
-1.703348
0.588003
1.337053
-2.228685
-0.876058
2.838708
-0.832981
-3.104573
-1.480136
2.788602
-2.303611
1.695151
-1.989021
3.058451
1.831399
2.236766
-2.356194
-2.870646
-2.432966
-2.541542
-1.670465
0.919720
2.452668
-2.912361
-0.890275
2.880990
-1.892547
1.299849
-2.819842
-2.019520
-2.471954
2.711830
-1.741532
-0.099669
-2.723368
0.211093
1.824470
-0.822418
-0.927295
-0.429762
-1.815775
0.785398
1.753907
-2.922924
-1.249046
-1.735945
1.359703
2.483704
-1.892547
-2.944197
-1.076855
-0.571337
-0.844154
0.132552
3.141593
-0.321751
-1.067953
2.356194
1.158386
-0.244979
-0.813962
-1.570796
-1.310194
1.878849
0.999459
-2.279423
-2.880990
-0.343024
-0.302885
1.707863
-0.620249
2.199593
2.677945
-1.892547
-0.785398
-0.083141
2.677945
-1.735945
2.855541
-2.142134
0.885067
0.837981
0.851966
-2.466852
1.128422
-0.531724
-0.862170
-2.403778
0.302885
0.614663
-3.046641
2.782822
0.540420
0.124355
-0.741947
-2.010639
-0.876058
2.613518
-0.507099
0.785398
2.582993
-2.439336
1.465919
-1.313473
-2.505084
-1.190290
-1.217806
2.699218
2.944197
-2.181522
2.321725
-3.079174
1.039072
-1.030377
-1.076855
2.870646
2.205823
0.982794
-0.708626
-2.838708
2.961739
-0.410127
2.654693
-2.111216
-2.019520
0.896055
-3.024484
2.541542
3.091634
-1.396124
-2.508844
1.249046
1.325818
0.915101
-2.455863
-2.570255
2.704965
2.396173
1.530818
-1.080839
0.682317
-1.400061
2.709185
-1.642104
0.463648
-1.623379
2.976444
-0.463648
-0.732815
-3.108272
-2.677945
0.694738
1.165905
-1.325818
0.732815
2.694073
1.750650
2.539305
2.944197
-2.736701
-1.453688
-0.965252
-1.453688
1.626295
2.098871
-2.819842
1.719686
0.000000
1.007480
0.868539
-0.737815
1.929567
-2.956245
1.490966
-0.970746
0.049958
-2.437099
-0.643501
1.438245
-0.708626
-2.325901
-0.737815
2.936197
1.158386
-2.961739
-0.110657
2.607884
2.173084
0.620249
2.543174
2.236766
-0.588003
-0.968509
-1.997424
-2.356194
