2.930499
-2.316216
-2.761086
0.000000
1.385448
0.211093
-0.868539
0.915101
0.000000
0.412410
-2.236766
-0.390607
-2.089942
-0.785398
1.310194
2.553590
-2.802300
2.356194
2.609869
-2.003204
-1.165905
2.485897
1.405648
2.176341
-1.856848
-0.124355
0.982794
-2.102520
1.815775
-0.367174
2.870646
-2.158799
1.107149
0.463648
0.132552
2.396173
0.185348
2.701750
-0.960070
0.436627
-0.708626
1.745469
-0.358771
-0.052583
2.034444
2.439336
-3.079174
-2.356194
-1.620755
-1.675673
-1.512041
-2.010639
-1.670465
0.741947
3.141593
-2.976444
-1.637364
-1.570796
-1.941688
-0.244979
-2.729182
0.828849
-1.030377
0.348771
-1.687905
2.319174
-2.475623
1.633215
-2.508844
-1.681454
-2.910502
-1.030377
-0.489957
1.873681
0.000000
2.356194
0.174672
0.094952
0.152649
2.512796
-1.778293
2.782822
-0.825377
-1.961403
-0.110657
-0.260602
0.052583
2.003204
-2.526930
-1.339706
-2.142134
1.629552
-3.046641
0.551655
0.876058
0.165149
-0.745419
0.605545
-1.961403
-1.735945
2.273053
0.321751
1.951303
0.822418
0.463648
2.226492
-0.745419
3.036716
-1.841743
1.508378
0.655696
-2.855541
-1.675673
1.267911
-0.999459
-0.785398
-0.436627
1.227772
0.832981
-0.436627
1.687905
2.782822
2.629203
-1.339706
2.191046
-1.929567
-0.950547
-2.226492
1.231504
3.141593
2.553590
-0.260602
0.463648
-1.051650
-0.174672
-2.922924
-2.922924
-2.966920
1.267911
-2.265535
-2.984991
-3.030935
1.647568
-2.601173
1.856848
-2.629203
-1.727398
0.737815
-3.079174
-1.325818
1.892547
-1.249046
0.000000
2.393215
-0.785398
-2.432966
-1.030377
1.339706
2.236766
2.214297
1.745469
1.083897
-1.086318
-2.003204
-2.601173
-0.132552
2.236766
-0.499347
-0.588003
-1.983207
1.138389
2.173084
-1.180189
2.521343
-2.129396
-0.737815
-0.141897
0.674741
0.132552
-1.923787
0.885067
1.190290
-1.190290
-1.138389
2.010639
-0.982794
-1.873681
1.695151
1.083897
-2.629203
-1.929567
-0.785398
-0.868539
-1.789465
2.870646
-2.485897
0.694738
-2.835714
0.904827
3.079174
-0.785398
2.273053
2.704965
-1.735945
-2.007423
0.950547
2.060754
0.055499
-1.862253
-2.439336
0.493941
-0.489957
0.643501
0.066568
-2.396173
1.460139
-2.553590
-1.828120
-0.571337
-0.305879
-1.876675
0.260602
-2.729182
3.009041
-1.518213
-2.475623
2.567288
0.868539
-0.968509
0.358771
-2.553590
-2.158799
1.815775
-1.158386
2.629203
-2.677945
-0.436627
-1.675673
-2.508844
0.000000
-2.884269
-0.244979
-0.982794
-2.273053
3.141593
-2.316216
-2.034444
0.785398
-0.412410
2.802300
1.158386
2.677945
-0.463648
-0.588003
-0.904827
1.687905
2.956245
-2.439336
-3.036716
-1.681454
3.086094
-2.508844
-0.278300
0.519146
-2.553590
1.134169
-2.265535
-1.951303
1.951303
0.000000
1.629552
-2.122451
0.058756
-2.578276
-0.741947
2.609869
-2.119346
-0.110657
1.873681
-0.571337
-2.601173
2.629203
1.134169
1.004067
2.863293
-0.915101
-0.571337
1.797595
3.030935
-0.117109
-0.412410
0.380506
-1.339706
0.278300
0.832981
0.915101
-2.176341
2.003204
1.158386
-2.570255
1.284745
0.785398
-2.226492
2.089942
-1.004067
-0.141897
-0.380506
-1.633215
-0.305879
2.922924
-1.910089
-3.089010
0.260602
2.922924
-0.694738
-2.819842
3.017238
-1.453688
-1.801887
2.677945
0.380506
0.825377
-0.588003
-2.284887
3.082837
0.380506
-3.036716
1.267911
2.838708
1.310194
0.741947
2.158799
-0.741947
0.062419
2.934096
-3.089010
0.942000
1.570796
2.396173
0.620249
1.961403
0.628796
-0.819867
0.432408
-1.076855
-1.873681
-0.148890
0.185348
2.819842
-2.512796
-1.629552
-2.185459
-1.396124
-0.489957
0.643501
-0.868539
2.245537
1.310194
-2.701750
-2.245537
-1.190290
1.339706
-2.910502
-2.316216
-1.768192
1.284745
-1.831399
0.062419
-0.927295
-1.983207
-0.110657
-3.082837
-2.677945
0.632749
0.737815
-0.571337
-2.553590
-2.356194
-0.211093
-2.265535
2.034444
0.605545
-0.737815
2.704965
2.798569
-1.681454
1.227772
1.910089
1.570796
-2.896614
-0.174672
-2.102520
3.075024
1.856848
-2.850136
2.158799
2.432966
3.075024
2.129396
-0.702257
1.975688
2.245537
2.064738
2.226492
-0.380506
0.062419
1.975688
-1.284745
-1.231504
2.774419
-2.896614
0.436627
0.999459
-0.141897
-2.918116
-0.278300
1.675673
1.873681
-1.629552
0.519146
-0.632749
-2.475623
-0.090660
1.107149
-2.782822
0.927295
-2.236766
-0.141897
2.536048
-0.571337
-3.082837
2.279423
2.142134
2.439336
-0.231091
-0.380506
0.519146
-0.551655
1.856848
-2.475623
2.319174
1.418147
-1.310194
-2.279423
-1.515298
1.165905
1.292497
-3.086094
-2.802300
-2.129396
2.308611
-2.356194
-0.174672
0.571337
0.999459
0.950547
-1.789465
-2.181522
-0.493941
-0.620249
0.174672
-1.107149
-1.396124
-0.665969
0.367174
-0.741947
1.735945
0.117109
-2.393215
-2.316216
-0.904827
-2.782822
2.884269
0.390607
2.934096
-1.180189
2.064738
-2.396173
-2.870646
1.681454
-0.876058
1.460139
-1.172274
2.312744
-0.380506
1.051650
0.588003
3.141593
-0.868539
-3.017238
2.819842
0.055499
-2.782822
-2.629203
-1.873681
-1.107149
-2.651635
2.736701
0.968509
-0.828849
-2.111216
3.024484
-2.284887
-2.896614
-0.819867
-1.030377
-0.904827
1.249046
2.966920
1.687905
-0.117109
1.460139
-2.944197
1.735945
2.312744
-2.704965
2.654693
-2.723368
-0.540420
-1.138389
-0.519146
-0.938047
2.403778
-2.521343
-1.756144
0.055499
-3.009041
2.158799
-2.312744
3.141593
1.165905
-0.302885
2.466852
1.570796
-0.785398
2.601173
-2.567288
-2.622447
-2.098871
-1.735945
-2.010639
0.132552
1.165905
1.647568
1.768192
2.356194
2.736701
1.633215
-2.539305
-2.010639
-0.571337
-2.321725
0.551655
1.284745
0.463648
2.060754
0.685730
-0.367174
-0.785398
-0.927295
1.339706
1.873681
-2.396173
-0.999459
-1.446441
1.975688
-0.708626
2.855541
-1.310194
1.405648
-1.508378
-1.428899
-1.352127
-0.950547
-0.071307
-0.493941
2.647651
2.316216
0.358771
-2.601173
-2.984991
2.273053
-1.058407
-3.050933
-1.385448
-0.999459
-1.961403
2.308611
2.214297
2.750986
0.632749
-3.017238
-0.058756
2.966920
0.785398
-1.873681
0.486899
-2.173084
2.910502
2.064738
0.358771
-2.677945
-2.089942
0.432408
-0.825377
-1.212026
0.825377
2.176341
-3.082837
0.066568
1.042722
-1.042722
2.256526
-1.080839
-2.034444
-2.060754
-1.267911
-1.405648
1.134169
0.076772
0.551655
2.966920
-2.236766
1.180189
2.466852
-2.102520
2.203545
2.064738
0.463648
2.158799
2.089942
2.956245
-1.107149
-0.302885
-1.778293
1.373401
1.212026
0.436627
2.321725
0.062419
1.396124
-1.292497
-1.623379
-3.079174
-3.089010
1.815775
-2.835714
-1.180189
-2.010639
0.571337
2.236766
0.702257
-0.950547
-2.498092
-1.310194
0.685730
-2.999696
-0.737815
-1.325818
2.142134
1.873681
-0.632749
-1.756144
2.010639
1.325818
2.647651
-2.729182
0.000000
0.302885
0.965252
0.394791
0.588003
1.019141
-2.677945
-2.308611
-1.983207
0.132552
2.922924
-0.197396
0.404892
-1.633215
1.438245
-2.723368
1.313473
3.141593
2.284887
0.655696
0.185348
2.553590
-1.923787
