0.126208
-0.156488
-0.041381
3.287803
-1.346835
0.011702
-0.151473
-0.085853
-1.298352
0.168542
-0.071109
2.564608
0.358357
0.992734
2.320104
2.403734
2.237036
-0.085598
1.268208
2.295361
-0.157794
0.219905
0.364353
-2.219201
-0.087181
2.165524
1.265508
2.447824
0.300507
0.353413
1.670674
2.247429
0.067157
-2.131918
0.155200
3.562980
-2.092363
-0.030193
-0.200289
0.144681
1.081287
0.445669
0.285651
0.027785
2.223922
0.441251
2.237317
1.996129
-0.072306
0.588514
0.033824
-2.259237
0.909851
2.269891
-0.131495
0.157042
1.358316
0.162341
-1.233528
2.493802
0.230756
-2.269978
0.592915
0.106306
-0.046540
0.145333
-0.151438
2.474011
-2.554815
-0.196629
2.752870
0.501771
2.711687
-1.899519
-2.174056
-0.196865
0.075931
0.122601
0.004123
-0.102257
0.266695
0.181285
2.298503
0.295755
0.126212
2.189376
-0.160582
2.190635
-0.021732
-1.615262
2.480204
-0.952485
0.274966
0.038984
1.323426
2.263287
-0.952184
0.160045
-0.090368
0.216952
3.762186
-0.077660
0.459088
-0.181858
0.183547
0.170151
0.430885
2.330529
0.232241
1.293469
1.039120
0.579130
-1.902564
-0.088806
-0.121214
-1.676921
-0.079641
0.293916
-1.106192
0.168790
0.096023
-0.206069
2.240967
0.048200
2.738564
0.400037
-0.063943
0.299205
0.247086
1.017670
-0.130132
0.022388
0.457023
0.011825
-2.429730
-1.171162
0.951341
0.140460
-0.131276
-0.131124
0.881109
0.105208
0.514920
-0.137945
-0.069501
-1.073327
-0.216592
0.246837
-2.027154
-0.103227
0.406685
0.165242
-0.131910
2.276015
0.209175
0.132450
0.179668
-0.195499
0.193654
2.256131
0.454794
-0.174248
-1.116757
-0.169854
0.407088
-0.008567
2.257366
-0.159728
2.320089
0.283297
0.222994
2.404683
0.212760
0.454782
0.141080
-0.018048
-2.161388
-0.144925
-0.164956
0.351105
2.543688
0.151035
-0.084033
2.679421
0.067902
0.433045
2.196742
1.149224
-2.199702
2.219466
-0.162201
1.238571
2.210944
-0.114501
-0.150336
-0.999312
0.127136
-1.979106
0.570404
0.157080
0.319838
-0.023971
2.780993
-0.045718
0.637152
-2.213604
1.028412
4.303220
-0.155782
-0.159462
-0.080708
2.751880
0.180444
-0.075438
2.202492
0.883017
1.323963
-0.222454
0.146830
-0.014823
-2.057742
0.208676
1.190450
0.102032
-0.999780
0.859047
0.484800
-0.139744
-0.178880
-1.004486
2.758017
-2.213238
2.247880
-1.896862
2.219417
0.228055
-0.051332
0.209245
-2.140501
0.073509
0.226604
2.460110
-0.040434
0.120192
2.242055
-0.211498
-0.131040
0.812381
2.375628
-0.096503
0.185953
-0.071434
-0.034191
-1.836997
-0.936824
-0.171770
0.520145
0.056834
3.403943
0.253367
0.150612
0.435220
2.784506
0.772594
0.492057
0.143358
-0.143095
4.022762
2.284979
-0.143660
0.369434
0.130459
0.960100
0.106506
1.671865
-1.948874
-0.058826
-0.207642
-0.270791
0.154548
0.518781
1.378577
-0.027415
-2.067881
-0.031192
2.337920
2.216010
-0.164748
0.103581
-0.151207
2.203353
-0.084655
0.715925
-0.144591
-0.076619
0.253938
2.608748
2.205706
-0.159694
0.136050
-1.895840
-2.155092
0.145462
-0.112584
-0.166594
2.547181
0.213156
-2.117230
0.979852
-0.211915
0.015739
-0.011349
2.324037
2.689956
-1.029221
0.628926
0.172122
-0.202196
0.335853
0.083883
0.308157
2.191365
-0.112947
-0.214915
0.830977
-2.258799
0.365755
0.258326
-0.077276
2.335877
-0.101428
-0.267014
2.220691
-0.175330
2.123844
-0.071551
0.035129
0.049333
-0.827230
-1.784967
0.476016
2.436243
2.227696
2.540383
-0.122737
-0.175364
0.316626
0.281467
0.286199
0.137795
0.203387
-0.202729
2.233866
0.187044
0.126149
-0.070053
0.327076
-2.053507
2.301379
-0.173273
0.216447
2.322148
3.698057
2.779007
0.139333
-0.130477
0.286886
-0.087033
2.753082
-0.100567
-0.214775
0.137450
0.126881
-0.148469
-0.107378
2.158729
2.243027
-1.252493
0.108568
0.762557
1.827358
2.184155
0.016867
0.177734
0.198016
0.053796
2.218104
-0.069866
0.718253
-2.213129
-2.007515
0.955340
0.838759
0.193764
-0.228473
-0.066544
0.421699
0.334436
2.619903
0.630818
0.157822
-0.046822
0.578320
-0.201441
0.149359
0.219694
-0.116802
1.131654
-2.404916
-0.116207
-0.151986
-0.195096
2.218634
0.125758
-0.069794
0.199021
-0.075198
-0.082417
-0.014926
2.181695
0.227324
2.646315
2.272939
0.158415
2.607309
2.696089
2.995166
0.014100
3.565082
0.162354
-1.617447
-2.221068
-0.069041
0.613699
-1.928232
0.204628
0.989208
0.164190
2.387586
0.718556
-0.079296
-1.547560
-0.138610
1.655558
0.850371
0.153190
-0.210605
0.599351
-0.176467
0.124119
0.386742
-0.213559
-0.056344
0.396530
2.502097
0.648980
-1.991794
0.274004
0.195054
-0.072278
2.125495
0.110966
0.402958
0.881555
0.051015
-0.021063
0.079016
2.156827
0.105606
-0.229546
2.191950
0.196453
0.859558
-0.088678
2.268252
2.401497
1.121180
0.040719
0.450570
0.207813
2.263473
-0.129919
0.137044
0.160776
-0.175013
2.616073
-0.085665
0.981319
-0.157655
-0.180781
2.244816
2.701219
2.653124
-1.494344
0.280886
-2.020592
0.080096
-0.975053
-0.024745
2.219053
-2.820634
-0.042806
0.241196
-0.122903
3.279673
0.066720
0.132819
0.031416
-1.550769
2.284423
0.346588
2.134365
2.220319
-2.107376
0.114950
-0.090951
0.170892
0.234708
-0.160167
-2.191111
-0.086088
-2.269484
-2.203179
-0.167229
3.212918
0.045505
0.292055
2.452419
2.418108
0.374465
0.005284
0.391122
-0.021400
0.114728
2.409075
0.098462
3.742093
0.194454
2.308992
-1.943952
-0.241961
-2.202631
0.131860
-0.177679
0.122245
0.192514
-1.689249
-0.075730
-0.062820
2.598526
0.247676
-2.124835
0.155134
-2.197456
-0.112143
-0.064475
-1.276834
-0.156339
2.549009
-0.155080
-0.145409
0.163989
2.344889
-2.166932
0.488393
2.419224
0.223352
0.183455
0.150372
0.008625
1.039397
-0.186314
2.777871
2.316428
3.628834
0.160254
0.189163
0.484563
1.097919
0.161505
1.119475
0.057866
-0.081531
2.254196
1.206247
0.607177
0.154925
2.312757
2.255516
1.222053
-2.200766
-0.183455
0.118388
0.193870
0.085910
-3.894152
-0.146006
0.174899
0.191866
-0.444634
0.132920
2.207614
-0.241697
-2.235282
0.123481
-0.076740
2.231016
3.638906
-0.005890
-0.142517
2.900605
-0.171964
0.479503
2.185861
0.173950
0.173549
2.065973
0.574946
0.567510
-0.234655
0.120526
-1.531273
-0.177523
0.408104
0.407989
2.282470
0.119021
0.335828
-0.145635
0.164458
-0.096362
-2.219770
0.195059
-0.161724
-0.088869
-1.776998
0.528480
-1.020827
0.064831
2.417668
0.872217
0.321095
0.134869
-0.177068
0.290479
-0.160548
-0.154841
-1.175264
-1.922461
-0.217957
-0.137218
3.469008
-0.001181
0.119068
-0.086521
-0.003221
-0.176531
0.129700
-1.849768
1.276771
0.505471
-0.102125
0.499708
2.183324
1.154829
0.202435
0.123035
-0.255563
2.303431
0.143141
2.391300
2.487531
-0.137103
2.200684
0.145890
-0.928093
2.325841
2.630775
0.327169
-0.050185
-0.842054
2.855295
0.241167
0.961623
0.545740
-0.173670
0.138954
-0.007719
0.215113
0.147437
