-0.166234
-0.131870
2.356755
-0.054687
0.210287
0.231809
-0.032528
0.117555
2.269137
-0.107265
2.241513
2.248937
2.375820
-0.205924
-0.122208
-0.062940
-2.186530
0.300748
0.142850
-1.059231
2.278845
2.227142
0.103868
-2.169804
2.631123
2.273296
-2.202996
0.204877
-0.114886
0.199109
2.365258
2.274376
2.178903
0.255976
-0.087476
0.120750
0.266437
-0.087358
0.054497
-0.107314
-0.126200
0.305492
0.351015
-2.156697
1.182296
-0.138442
2.208735
0.270145
2.217030
-0.150667
-0.057815
2.243740
1.109809
-2.230363
0.274426
0.179424
1.085059
-2.317710
2.285501
0.357771
-0.145391
0.163439
0.157102
-0.083966
-0.029174
-0.131928
2.076378
-2.153620
0.147090
2.220175
0.136253
2.378605
3.672982
-0.173953
0.014145
0.403513
0.292271
-0.161236
0.131382
0.015557
0.143448
2.744331
-0.105603
-0.114907
0.240029
2.248815
0.143240
-0.070440
2.257506
2.235302
0.279846
-0.074222
2.519356
1.338421
2.381425
-0.064242
-0.170307
0.579186
0.628851
2.125582
0.360032
0.243332
-0.027427
-0.030937
2.259099
0.132415
1.684346
-2.178746
0.217007
2.233263
-0.160759
-1.966588
0.163498
-0.320484
-0.024230
0.216012
0.199863
0.081624
0.403909
0.153452
0.236409
0.214215
0.107445
-0.146774
2.194197
2.203000
0.015222
2.318754
-0.051082
-0.205258
2.278439
-0.164999
-0.116426
2.371637
1.204221
-2.253570
0.053217
0.269929
-0.127677
2.234349
2.676229
0.110658
0.113446
-0.179834
-0.178837
-0.085655
2.178971
0.063574
2.411965
0.217460
0.273165
0.459371
0.175749
-1.091634
-0.022035
2.403541
0.278234
0.260167
-0.092928
-1.047151
0.018810
-0.200623
0.152682
2.235845
0.025854
0.020347
0.296204
0.415162
0.149784
-1.206098
0.146650
2.378314
-0.088994
0.210903
0.175689
0.239268
0.124249
-0.011627
2.183049
-0.174778
0.179847
-2.169338
0.014991
0.031561
-0.199948
0.125862
-0.078478
0.152455
0.180629
0.681984
0.328709
0.163378
0.139868
0.044442
0.035842
0.814795
1.181159
0.113396
0.462621
1.701697
0.176511
-0.119147
0.214750
-0.080752
0.138218
0.176217
-1.479830
-0.119439
0.162328
0.395115
-0.036624
0.133225
0.157510
0.030668
-2.155254
0.373726
2.549580
0.160390
2.309194
-0.000535
0.277193
-0.001855
0.049633
-0.169672
-0.041543
2.274236
2.459864
-0.115992
0.358759
2.208962
-0.060999
-1.540384
-2.052376
0.391167
2.284885
-0.068130
-0.141452
-0.032898
0.326821
-1.198847
-0.061341
0.559790
0.179944
-0.149862
1.346098
-0.131165
0.702983
-0.141644
2.265240
-0.220373
-0.130344
0.229076
2.670007
-0.146346
0.223355
-0.151764
-0.097221
0.115953
-0.150114
0.152132
0.100678
2.514931
0.282127
0.032537
-0.143406
-0.159056
0.096431
0.223842
-1.046511
-0.037522
-1.002731
0.398278
2.232051
-0.129684
-0.058729
2.204625
-2.205626
0.218207
0.341368
-2.208090
-1.113885
0.124138
0.287673
0.058154
0.073597
2.236308
0.117851
0.216933
0.249154
0.421229
0.803293
-0.140447
-0.239179
-2.109738
-0.035756
-0.166013
0.118057
0.006126
-0.036852
-0.078820
0.222723
0.106911
0.153398
0.187116
0.143746
-0.032852
2.295563
2.263637
2.173354
0.349424
0.092499
2.293201
0.177947
0.237515
0.140942
-0.109387
-2.213641
-0.166311
-1.036940
2.204354
0.279787
-3.095627
-0.012345
-2.140072
2.322943
2.195169
0.062980
2.291442
-0.399565
-0.194941
-0.078857
0.218418
-0.127025
0.183063
-0.091828
2.382535
-0.046059
-1.489231
-0.121282
-0.212773
0.108923
0.157854
-0.008571
-0.196553
0.163705
0.116965
0.689748
2.239232
-0.037905
0.561606
0.173083
2.172682
-2.221297
0.016387
0.085485
0.260552
0.204943
-0.098368
0.156117
-0.077721
-0.190749
2.261999
0.039149
-2.203014
0.111698
2.248622
0.194668
0.083940
0.087728
-0.080353
0.006862
0.212741
0.219087
-0.171065
0.237679
-0.349367
0.206235
0.175715
2.162330
2.507654
0.473946
2.247959
-0.094093
0.200187
0.305498
0.179152
-0.265777
-0.095787
2.324470
0.444893
0.317246
0.196988
0.890291
-0.214404
0.147695
2.233152
0.343820
0.054794
0.404711
0.216527
0.311797
-0.212634
-1.959482
2.284910
-0.021326
-0.016036
3.415902
0.140874
0.250734
-0.932744
-0.100504
0.313302
2.240180
0.084867
-0.132743
2.169190
-0.220184
2.239368
3.376207
2.180940
2.231693
0.018377
2.570022
-0.187170
0.034052
0.090418
0.227010
0.116173
0.100627
2.381412
-0.129567
-0.966408
2.217773
-0.155144
0.214339
0.198378
2.356782
2.556103
-0.021473
0.114233
0.112098
-0.028713
-0.497911
1.228643
-0.051392
0.194215
0.061582
-0.179933
0.129114
0.918328
0.671279
0.170196
0.153398
-0.148967
-2.225957
-2.064376
-0.113136
2.299519
0.207944
2.259415
0.653431
0.083699
-2.157531
0.058816
0.236228
0.365656
0.224924
-0.149176
0.116000
1.308137
-2.126490
0.553960
0.194211
-0.178405
1.266023
-0.043107
2.296979
2.357631
-0.084407
0.480470
0.323794
0.289012
0.046227
0.162309
0.510414
1.056763
-0.086949
0.168169
2.242803
-2.208448
0.221700
0.235478
0.163265
2.973790
0.115802
0.396328
0.053615
-0.033825
-0.073611
0.101706
0.115422
0.022335
0.143548
-1.128969
0.174194
2.329952
2.262201
2.227515
-2.200687
0.232862
-0.182230
0.367124
0.160709
0.062765
0.160690
2.131554
0.085692
0.237306
0.181514
2.247008
0.121210
0.213551
0.037068
0.258368
0.097357
2.270560
-0.063170
0.239254
0.146914
-0.224777
0.015087
0.222975
2.180531
0.160686
-0.180750
0.119813
-0.181232
-0.304517
2.198361
0.033945
2.245040
0.127650
0.506705
-0.156816
-0.113502
-0.218819
-2.205242
0.266975
-0.154368
0.234925
0.019615
-0.139868
-1.587070
0.189723
-0.040924
2.198407
0.286276
0.285659
0.203607
-0.159919
0.292906
0.173894
-2.197213
-0.041847
-0.238574
2.269204
0.126407
0.217385
0.125655
-0.003012
2.269200
-0.047186
-0.070149
0.247987
-0.091875
0.401534
-0.122427
-0.073359
0.138749
2.215579
2.405391
-2.131812
-0.038985
2.327095
2.450640
2.420956
-0.092104
-0.087383
-1.066711
2.313979
0.243186
0.206049
0.233365
1.800642
2.181220
2.191325
-0.088073
0.030302
0.026406
2.193245
2.407667
0.180793
-0.133314
0.211334
-2.144483
-2.047380
-0.159671
-0.164747
-0.954118
2.168054
2.228116
0.025136
0.132370
0.117941
0.173711
2.264753
1.413514
-0.079317
0.192338
0.223444
-0.152819
0.151598
1.475056
0.351861
1.448807
0.351247
0.225939
2.384382
0.044952
2.257964
0.197255
-0.012248
0.116366
-0.013734
0.235142
-0.931039
-0.186639
0.254560
2.233172
2.270491
-0.846191
-1.526623
-0.016456
0.306280
0.166755
-0.125385
0.097953
-0.029283
-0.215127
-0.160371
2.239504
-0.043484
2.384742
0.166553
0.007994
-0.202853
0.184197
-0.180671
-0.147518
2.378329
0.532728
0.123898
2.231795
2.261875
-0.046674
-0.106998
0.165107
0.008713
0.186697
2.296720
0.363215
-0.163584
0.127501
0.134838
-0.027489
0.332035
-0.201759
0.240495
-0.047486
2.392136
0.173994
0.037213
0.005850
0.180637
-0.173363
-0.172884
1.093500
-0.240733
0.148503
2.263350
