-0.350355
2.940890
-0.092692
-0.023054
-0.297280
0.472543
-2.916794
-0.220924
2.562714
-0.234219
-0.206035
-0.132718
-0.271212
-2.962880
-0.133464
-0.294096
2.331073
-0.234226
-0.271911
2.760355
2.981889
0.225494
-0.228467
-0.059234
-3.169307
-0.134526
2.349112
2.360913
2.750664
-0.167917
0.066478
-0.478557
-0.074626
-0.276493
-0.280930
0.242266
2.531518
-0.235918
0.328761
-0.346954
-0.160625
3.032790
2.586626
-0.256177
-0.353951
-0.259560
2.436831
-0.342902
-0.341464
-0.164371
-0.261379
-0.383065
-3.249908
0.029682
-0.118664
0.017603
2.765099
0.128602
-0.271977
-0.234274
3.431457
2.941372
-0.221070
-0.223782
-0.288129
-0.405308
2.488626
-0.120722
-0.047458
-0.363368
-0.258250
-0.685863
0.552174
-0.430204
-0.014641
2.824061
-2.847156
-0.043046
0.264318
-0.014849
2.672208
0.191908
-0.291155
-0.300697
-0.457134
-2.981341
2.466032
-0.413816
0.296154
-0.178175
2.595107
-3.447044
-0.878369
-0.297138
2.741782
-0.254706
2.687403
3.151887
2.895460
-0.066728
-0.303454
2.440777
0.144598
-0.307826
-0.389689
-3.160695
-0.283732
2.956265
-3.179127
-0.327107
2.439861
0.417781
-0.183559
2.500663
-0.159395
-0.107285
0.254729
-0.189400
-0.224054
-0.363976
2.695382
-0.223940
2.498879
-3.081482
2.440892
-0.132364
0.149676
-0.244587
-0.401692
2.483071
-3.184276
-0.187859
-0.296581
-0.135322
-0.243183
-0.180053
2.676485
2.637262
-0.106039
-0.235381
2.654652
-0.087015
-0.328069
0.098408
-0.268527
-0.275084
2.766274
0.072184
-0.471673
-0.331370
2.743343
-0.458326
-0.334437
-0.509021
-0.279950
2.414434
0.380723
2.381207
-3.007077
-0.311590
0.561503
3.016067
2.788495
-0.236876
0.397489
-0.224492
-0.063973
0.178690
2.699732
2.621568
-0.402391
-0.274092
2.980630
-0.283541
-0.199517
0.041539
-0.123125
2.858351
-0.297792
-2.636584
2.891472
-0.176558
-0.477187
-0.305733
-0.052988
0.022017
-0.434381
2.805806
-0.294471
0.284247
0.257280
-0.111399
-0.176503
2.885233
2.771693
-0.284298
-0.107899
-0.417962
2.993563
0.610411
2.694507
2.670752
2.740841
-0.280146
-0.126856
-0.218758
-0.411183
2.566366
-0.152586
1.224143
0.480677
-0.151598
0.924592
3.122730
0.150816
-0.117080
-0.287819
-0.330713
2.380726
3.503742
-0.171815
-0.316549
2.567528
-0.081084
0.171354
-0.213477
2.391231
-0.029854
-2.924705
-0.056399
-0.245338
-0.407310
-0.194301
-0.018731
-0.378923
2.529631
-0.425052
2.723812
-0.180299
-0.186047
-0.440900
-0.064515
2.436360
-0.197476
0.047426
3.224589
-0.913037
0.118718
-0.167283
-0.154200
-0.813033
-0.294816
2.850830
-0.259519
-0.241802
2.833867
0.093880
-0.400830
2.483974
2.890696
0.082469
-0.195468
-0.041946
2.591562
-0.268574
-0.355265
0.046993
-0.382129
-0.102315
-0.355104
2.835005
-0.101760
2.971814
0.012343
-0.187500
-0.219800
-0.095626
-0.165430
-0.278551
-3.148395
0.169989
-0.204335
-0.267689
-3.250905
2.526279
-0.410365
-0.200289
2.558057
2.372822
-0.455412
-0.224425
-0.273267
0.001957
-0.182134
-1.382349
-0.231579
-0.175901
-0.336169
-0.359918
0.180697
-0.007120
-2.355518
-0.030221
0.044212
-0.275457
-0.138631
-0.024445
2.886208
-0.080003
-0.487183
2.508602
-2.969605
2.624571
-0.054791
2.372125
-0.219112
-0.271620
2.603300
2.454175
-3.102423
2.852799
2.916405
-0.380653
2.278191
-0.653865
2.120390
-0.257186
-0.254091
2.270188
-0.227718
3.067084
-3.369170
-0.135435
-3.022275
-0.050087
2.635349
2.376614
-0.021126
-0.231338
-0.265311
-0.314462
-0.189060
0.165112
-3.013224
-0.527315
-2.858459
2.522103
-0.170307
2.681936
2.514856
-3.088266
-0.173632
2.827368
-0.393238
-0.090433
2.421238
-0.308543
-0.167159
0.077291
-0.305568
-0.297504
-0.249929
3.092077
-0.358935
-0.125599
-1.252923
-0.209871
0.071444
2.500765
-0.306403
2.539442
-0.147830
-0.088781
-0.131765
-0.170277
2.736958
0.111801
0.189832
0.266201
-0.831208
0.107521
-0.151286
0.346250
-0.122833
-0.145301
2.692626
-0.268462
-0.005630
-0.009201
2.829041
-2.935431
-0.281625
0.009498
0.603077
-0.208465
2.859889
-0.229702
-0.160447
-0.341316
-0.359649
-0.369607
-0.055846
-3.495860
-0.121212
2.414945
0.180850
-0.150369
-3.032811
-0.417778
0.146461
-0.280905
-0.094060
-0.209273
-0.222942
2.776260
-0.358375
-0.184497
-0.534863
0.193616
2.859381
0.292322
-0.414701
0.286475
-3.171778
-0.113252
-0.175677
2.920748
-0.410573
2.743708
-0.295253
-0.342312
0.220160
-0.622895
0.792294
-0.086087
0.524823
-0.156051
-0.067891
2.900026
-0.108920
-0.547150
-0.132656
2.604032
-0.353631
-0.335414
0.268260
-0.194040
3.335590
-0.450144
-0.257039
-0.024740
-0.284280
-0.384142
0.395920
-0.479331
-0.332804
2.332383
0.096678
-0.477866
-0.348335
-0.300297
-0.109167
-0.319592
-0.101253
-0.366231
-0.204650
-0.283283
-0.238668
-0.105409
0.441647
2.727548
-2.925927
-0.372538
-0.344304
0.261323
-0.081523
-3.131692
-0.021419
-0.491790
-0.132744
2.969026
0.244627
-0.297946
-0.023898
-0.108721
-0.430931
2.480764
-0.003983
-2.925582
2.947530
-0.001909
-0.251991
2.487694
-0.214486
-0.220346
-0.396527
2.491161
-0.183299
0.000515
0.007361
2.586787
-0.110785
-0.085689
-0.373133
-0.422941
2.823714
-0.245538
-0.155422
2.446001
2.702004
-0.283637
-0.538665
2.845387
-0.210553
-0.072291
2.871377
-0.258591
-0.480155
-0.082435
-0.160280
-0.255153
2.755993
2.779679
2.532086
2.882716
-0.213143
-0.065389
-0.136186
-0.463432
0.416682
0.077851
-0.471613
-0.135046
2.413885
-0.051349
-0.148350
2.669657
-0.129404
-3.045957
2.473524
-0.336122
-0.180834
2.724591
1.978391
-0.075551
-0.272023
2.629596
0.798042
2.485708
-0.017669
-0.145545
0.337732
-0.164991
-0.161670
3.036235
-0.232617
-0.018149
-2.980280
-0.116988
3.295315
2.763073
-0.082169
-0.171062
-0.269586
2.443478
-0.729528
-0.246335
-0.286883
2.547403
-0.358009
-0.338609
-0.112030
0.047911
2.432888
3.334254
-2.907045
3.029283
2.640463
-3.115059
-0.049332
2.321030
0.179746
-0.288071
-0.001690
0.378083
-0.205767
2.775608
-0.122716
2.207696
0.446030
2.903481
2.593795
-0.252005
-3.022157
-0.312607
2.849590
-0.127104
2.838305
-0.447234
-0.119617
-0.245974
-0.141495
-0.339329
0.165367
-0.421457
0.100379
-0.349556
-0.328697
0.041020
-0.147431
0.013852
-0.240055
-0.651225
0.099429
0.073064
-0.289540
-0.122805
-0.176342
-0.268804
2.634087
-0.546925
2.687440
-0.163591
-0.297595
2.402421
-0.015728
-0.156501
2.698563
0.027056
-3.107916
-0.278056
-0.271461
2.634101
-0.165092
2.724630
2.353073
-0.122176
-0.029249
-0.399207
-0.031077
2.783560
-0.426081
-1.153799
-0.211785
-0.091541
-2.673900
0.400659
-0.096161
-0.050187
-0.032275
2.813663
0.178740
2.401613
-0.364254
2.524424
2.540502
-0.188391
-0.342232
-0.328102
-0.067366
-0.355638
-0.213974
2.455092
-2.985371
2.812841
0.047387
2.579633
-0.071074
-0.034706
-0.203695
-0.074249
0.100223
-0.243025
-3.138107
-0.351011
-0.574679
0.122470
3.168645
2.665410
0.397707
-0.319371
-0.177159
3.051998
0.027425
-0.266156
-0.297264
-0.179642
0.112656
-0.058938
-0.110796
