3.141593
-1.815775
-2.498092
0.000000
1.570796
0.463648
-0.785398
1.373401
0.244979
0.927295
-1.892547
-0.463648
-2.034444
-0.785398
1.768192
2.896614
-2.356194
2.601173
3.141593
-1.570796
-0.927295
3.141593
1.815775
2.356194
-1.570796
0.244979
1.325818
-1.735945
2.677945
-0.463648
-2.761086
-1.951303
1.249046
0.785398
0.244979
2.761086
0.244979
-2.976444
-0.785398
1.107149
-0.463648
2.498092
-0.463648
0.000000
2.677945
3.141593
-2.677945
-2.034444
-1.570796
-1.373401
-1.030377
-1.892547
-1.570796
1.107149
-2.819842
-2.356194
-1.570796
-1.249046
-1.735945
0.000000
-2.601173
1.107149
-0.785398
0.982794
-1.373401
2.761086
-2.214297
2.677945
-2.466852
-1.373401
-2.677945
-0.643501
-0.463648
2.498092
0.588003
2.761086
0.982794
0.321751
0.321751
2.896614
-1.570796
-2.944197
-0.463648
-1.735945
-0.463648
0.000000
0.785398
2.498092
-2.245537
-1.373401
-2.111216
2.158799
-2.553590
1.107149
1.107149
0.197396
-0.785398
1.249046
-1.768192
-1.815775
2.677945
0.785398
2.498092
1.815775
0.982794
2.896614
-0.463648
-2.761086
-1.570796
1.768192
0.927295
-2.677945
-1.570796
1.768192
-1.107149
-0.785398
0.000000
1.570796
1.570796
-0.321751
2.034444
3.141593
2.761086
-1.325818
2.601173
-1.570796
-0.785398
-1.892547
1.373401
-2.761086
-2.819842
0.000000
0.785398
-0.785398
0.000000
-2.356194
-2.356194
-2.601173
1.815775
-1.951303
-2.466852
-2.761086
2.356194
-2.498092
2.214297
-2.356194
-1.107149
1.107149
-2.677945
-0.982794
2.553590
-1.190290
0.463648
2.944197
-0.643501
-2.356194
-0.927295
2.034444
2.896614
2.498092
1.768192
1.107149
-0.643501
-1.815775
-2.498092
0.000000
2.498092
-0.588003
-0.540420
-1.570796
1.570796
2.601173
-0.982794
2.944197
-1.951303
-0.463648
0.588003
0.982794
0.588003
-1.712693
1.570796
1.373401
-1.190290
-0.785398
2.356194
-0.785398
-1.570796
1.768192
1.570796
-2.214297
-1.735945
-0.982794
-0.785398
-1.107149
3.141593
-2.356194
0.785398
-2.553590
0.000000
-2.677945
-0.785398
2.761086
3.141593
-1.373401
-2.214297
1.325818
2.214297
0.000000
-1.570796
-1.768192
0.588003
-0.588003
1.107149
0.244979
-2.245537
2.034444
-2.034444
-1.892547
-0.463648
0.000000
-1.570796
0.463648
-2.761086
-2.896614
-1.190290
-2.111216
3.141593
1.768192
-0.927295
0.785398
-2.111216
-1.570796
2.034444
-1.107149
2.976444
-2.111216
0.244979
-1.190290
-2.111216
0.244979
-2.601173
0.244979
-1.249046
-1.951303
-2.677945
-2.356194
-1.951303
0.927295
0.000000
2.944197
1.570796
3.141593
0.000000
0.000000
-0.321751
2.214297
-2.976444
-2.214297
-2.761086
-1.570796
-2.819842
-2.356194
0.244979
1.249046
-2.111216
1.815775
-1.951303
-1.815775
2.498092
0.321751
2.158799
-2.034444
-0.244979
-2.245537
-0.588003
2.944197
-1.768192
0.000000
2.034444
-0.540420
-2.214297
-2.976444
1.373401
1.325818
3.141593
-0.785398
-0.463648
2.356194
-2.944197
0.244979
-0.244979
0.785398
-1.107149
0.463648
0.588003
0.982794
-1.951303
2.356194
1.107149
-2.356194
1.815775
1.570796
-1.768192
2.601173
-0.982794
0.785398
0.000000
-1.570796
0.000000
-2.761086
-1.570796
-2.761086
0.588003
3.141593
-0.643501
-2.356194
-2.944197
-1.325818
-1.373401
-2.944197
0.463648
1.325818
-0.197396
-1.892547
-2.944197
0.785398
-2.761086
2.034444
-2.677945
1.570796
1.325818
2.677945
-0.785398
0.244979
-2.819842
-2.819842
1.325818
2.158799
2.896614
1.373401
2.677945
1.249046
-0.540420
0.785398
-0.982794
-1.768192
-0.785398
0.463648
-2.944197
-2.158799
-1.735945
-1.735945
-1.107149
0.000000
1.249046
-1.107149
2.819842
1.892547
-2.356194
-1.735945
-0.321751
1.892547
-2.498092
-1.951303
-1.570796
1.570796
-1.570796
0.540420
-0.785398
-1.570796
0.000000
-2.677945
-2.356194
0.785398
1.107149
-0.244979
-2.245537
-1.951303
0.000000
-2.034444
2.601173
0.982794
-0.588003
-2.896614
-2.896614
-1.373401
1.249046
2.356194
2.034444
-2.601173
0.588003
-1.815775
-2.761086
2.601173
-2.158799
2.356194
2.976444
3.141593
2.976444
-0.927295
2.498092
2.896614
2.677945
2.761086
0.244979
0.463648
2.356194
-0.927295
-0.927295
3.141593
-2.601173
0.588003
1.570796
0.244979
-2.677945
0.785398
2.356194
2.214297
-1.107149
0.785398
-0.785398
-2.111216
0.463648
1.373401
-2.214297
1.325818
-1.951303
0.000000
2.553590
-0.463648
-2.944197
2.761086
2.356194
2.944197
0.000000
0.000000
0.643501
-0.244979
1.815775
-1.951303
2.677945
1.570796
-0.785398
-2.111216
-1.405648
1.815775
1.570796
-2.553590
-2.466852
-1.951303
2.896614
-1.951303
0.000000
0.588003
1.325818
1.405648
-1.768192
-2.034444
-0.244979
-0.244979
0.000000
-0.982794
-0.927295
-0.643501
0.785398
-0.588003
2.214297
0.244979
-2.111216
-2.214297
-0.540420
-2.214297
-2.761086
0.927295
3.141593
-0.785398
2.158799
-2.498092
-2.677945
2.214297
-0.643501
2.034444
-0.785398
2.677945
-0.244979
1.325818
0.588003
-2.677945
-0.463648
-2.761086
3.141593
0.785398
-2.356194
-2.356194
-1.768192
-0.463648
-2.677945
3.141593
1.190290
-0.785398
-2.034444
-2.677945
-2.111216
-2.601173
-0.540420
-0.643501
-0.785398
1.570796
-2.761086
2.356194
0.321751
1.735945
-2.553590
2.214297
2.896614
-2.214297
3.141593
-2.158799
-0.244979
-1.107149
-0.643501
-0.540420
2.553590
-2.111216
-1.570796
0.197396
-2.761086
2.466852
-2.214297
-2.944197
1.249046
0.321751
2.601173
2.034444
-0.785398
2.976444
-2.034444
-2.214297
-1.815775
-1.570796
-1.570796
0.588003
1.325818
2.158799
2.158799
2.896614
-2.944197
2.214297
-2.356194
-1.570796
-0.244979
-2.245537
0.785398
1.570796
0.380506
2.761086
0.982794
-0.463648
-0.643501
-0.588003
2.034444
3.141593
-2.111216
-0.927295
-1.107149
2.498092
-0.197396
-2.761086
-0.982794
2.034444
-1.107149
-1.325818
-1.107149
-0.244979
0.321751
-0.463648
2.896614
2.944197
0.785398
-2.601173
-2.761086
2.944197
-0.927295
-2.245537
-1.190290
-0.927295
-1.768192
2.896614
2.498092
2.944197
1.570796
-2.896614
0.000000
-2.819842
1.249046
-1.768192
0.927295
-2.034444
-2.677945
2.498092
0.927295
-2.498092
-1.768192
0.785398
-0.463648
-0.643501
1.570796
2.944197
-2.761086
0.785398
1.249046
-1.107149
2.677945
-0.785398
-1.951303
-1.951303
-1.107149
-1.570796
1.570796
0.000000
1.325818
-2.976444
-2.111216
1.768192
2.944197
-2.034444
2.761086
2.356194
0.982794
2.498092
2.553590
-2.819842
-0.785398
0.244979
-1.892547
2.034444
2.158799
0.588003
2.498092
0.463648
1.815775
-0.785398
-1.107149
-2.498092
-2.819842
2.034444
-2.356194
-0.927295
-1.768192
0.927295
2.944197
1.325818
-0.643501
-2.356194
-1.325818
1.249046
-2.761086
-0.244979
-0.785398
2.553590
2.498092
-0.197396
-1.570796
2.356194
1.570796
2.677945
-2.356194
0.463648
0.588003
1.249046
0.588003
1.107149
1.325818
-2.466852
-1.951303
-1.768192
0.000000
2.677945
0.000000
0.588003
-1.570796
2.356194
-2.356194
2.498092
-2.944197
2.761086
0.785398
0.588003
2.896614
-1.570796
