0.785398
-1.570796
0.000000
-0.785398
-1.570796
-0.588003
3.141593
1.570796
-1.570796
-1.892547
-0.463648
-1.570796
-2.356194
0.785398
0.000000
-2.356194
-2.677945
1.570796
-1.570796
-1.892547
0.000000
-1.570796
-2.677945
1.570796
-1.815775
2.553590
-2.356194
1.570796
0.000000
-1.892547
3.141593
-1.107149
-2.677945
-2.896614
-1.570796
-2.356194
1.892547
-2.356194
-2.677945
-2.677945
3.141593
-2.034444
-2.896614
1.570796
-1.570796
-2.158799
1.249046
0.000000
-2.356194
1.107149
0.000000
-1.249046
3.141593
2.819842
2.356194
1.570796
-2.356194
-2.896614
1.570796
-2.034444
2.896614
-0.785398
2.356194
-0.785398
-2.819842
0.463648
-0.463648
-0.321751
3.141593
2.356194
-1.570796
1.570796
2.356194
3.141593
1.107149
-0.785398
2.677945
-0.785398
-2.356194
0.785398
1.570796
-0.785398
3.141593
-0.785398
0.000000
3.141593
0.244979
3.141593
2.896614
-2.158799
3.141593
0.000000
-1.249046
1.570796
2.356194
-0.588003
-1.107149
2.356194
3.141593
0.000000
-1.570796
1.107149
-2.356194
0.000000
2.356194
2.034444
2.896614
3.141593
-2.034444
1.892547
-0.463648
-0.785398
-0.463648
2.356194
-0.785398
2.677945
-1.570796
0.000000
0.785398
1.570796
0.000000
0.000000
1.892547
-1.570796
-2.158799
-2.677945
-0.244979
3.141593
1.570796
-1.570796
0.785398
1.570796
2.761086
-2.034444
0.785398
1.107149
-1.570796
3.141593
2.677945
2.819842
3.141593
1.570796
-2.034444
-1.325818
-1.768192
0.785398
0.000000
3.141593
2.356194
2.356194
1.570796
-2.356194
-0.463648
1.570796
1.570796
-1.815775
3.141593
2.896614
3.141593
-0.463648
1.107149
-1.570796
-0.463648
-2.356194
-2.677945
1.570796
-2.356194
1.892547
-2.356194
2.896614
-2.944197
2.356194
-0.785398
-1.030377
-0.785398
-2.944197
-1.325818
-2.356194
1.107149
2.356194
-0.785398
1.570796
-2.498092
-2.677945
3.141593
-2.819842
2.356194
2.356194
-2.034444
2.819842
-0.785398
0.321751
-1.570796
-0.785398
3.141593
-1.249046
-1.570796
2.034444
-2.896614
-1.570796
0.000000
-2.034444
0.000000
-0.321751
2.034444
-0.785398
1.570796
-1.570796
2.356194
-1.892547
-0.785398
2.553590
1.570796
-0.463648
2.819842
2.896614
0.321751
-2.553590
-2.158799
-2.158799
-2.819842
3.141593
1.570796
2.356194
-1.570796
1.570796
-1.570796
2.896614
3.141593
-2.896614
-0.463648
0.000000
-2.034444
-2.034444
2.034444
-0.463648
2.356194
2.498092
-2.034444
-1.570796
-0.463648
0.785398
-2.896614
0.000000
-0.785398
0.000000
2.034444
2.356194
0.463648
-1.892547
2.356194
1.570796
2.356194
3.141593
-2.677945
2.553590
-1.107149
2.896614
-1.570796
1.570796
-2.111216
-0.463648
-1.107149
-1.570796
0.463648
-0.785398
0.785398
3.141593
1.107149
0.000000
0.463648
2.553590
0.000000
1.892547
-1.815775
-2.498092
1.570796
1.570796
2.356194
2.356194
-2.158799
0.000000
0.000000
2.356194
1.570796
1.570796
-1.570796
-1.570796
-0.982794
3.141593
1.107149
-2.761086
-2.158799
0.000000
0.000000
-2.034444
-2.356194
2.819842
-1.570796
3.141593
-2.896614
-2.896614
1.570796
-1.892547
-1.107149
1.107149
1.107149
-0.982794
0.000000
1.570796
1.570796
-1.249046
-1.570796
-1.107149
-2.356194
-2.677945
3.141593
-1.570796
-2.819842
3.141593
-1.190290
-2.553590
-2.761086
1.570796
1.107149
-2.677945
2.553590
-1.570796
-2.677945
2.356194
1.570796
-0.463648
-1.570796
-2.356194
1.892547
-1.570796
-2.356194
2.356194
0.000000
-2.553590
-0.463648
-2.356194
3.141593
-1.249046
-2.356194
2.356194
0.588003
1.570796
-1.570796
0.000000
2.896614
-2.356194
-0.785398
3.141593
-1.815775
-0.785398
0.000000
0.000000
-0.785398
3.141593
-1.570796
3.141593
-1.570796
-2.034444
-2.158799
-1.815775
3.141593
0.000000
3.141593
-1.249046
2.034444
-0.321751
-1.570796
-1.107149
-2.356194
-1.815775
3.141593
0.000000
2.356194
1.107149
2.034444
0.785398
2.356194
-0.463648
-0.785398
-2.677945
-2.677945
-0.785398
-2.111216
-2.158799
1.570796
1.249046
3.141593
-1.570796
0.000000
0.000000
0.321751
-2.034444
3.141593
-2.356194
2.034444
1.107149
1.107149
2.356194
3.141593
-1.892547
2.356194
-2.553590
-1.768192
0.000000
-2.677945
2.034444
2.896614
3.141593
-1.249046
2.034444
-0.982794
0.588003
1.892547
-1.570796
0.463648
-2.677945
3.141593
-1.892547
2.034444
-1.570796
-2.356194
0.785398
2.356194
-2.356194
-0.463648
3.141593
-2.553590
3.141593
1.570796
3.141593
2.356194
1.570796
-0.785398
2.761086
-0.785398
-1.768192
-1.107149
-2.356194
-2.034444
1.570796
1.570796
-2.034444
0.000000
-1.373401
-2.677945
0.463648
-2.356194
2.034444
-2.356194
0.785398
-1.570796
-1.107149
-1.570796
-0.785398
-0.321751
-1.892547
-2.356194
-0.321751
3.141593
-2.034444
2.819842
-2.677945
-1.107149
3.141593
0.000000
0.463648
-2.356194
0.000000
-2.356194
-2.498092
-2.553590
2.034444
-1.570796
1.570796
0.463648
0.463648
0.785398
1.570796
-1.570796
-1.892547
2.356194
2.034444
-2.034444
-0.785398
3.141593
-2.677945
1.107149
-2.158799
-1.325818
0.982794
1.570796
0.785398
0.000000
-2.356194
-1.570796
-1.249046
-2.553590
-2.553590
3.141593
2.819842
0.000000
0.785398
0.000000
3.141593
1.570796
2.819842
3.141593
-1.570796
-1.107149
-2.819842
-2.356194
-2.896614
3.141593
-2.356194
-2.896614
-2.356194
-2.896614
-1.570796
1.570796
-1.570796
0.000000
1.570796
-2.553590
1.570796
-1.892547
0.785398
-2.677945
1.249046
0.000000
1.570796
1.107149
0.000000
1.107149
2.356194
0.982794
0.000000
-2.356194
2.819842
0.000000
-2.356194
0.463648
-2.677945
1.107149
2.034444
0.321751
2.034444
-0.463648
-2.356194
2.896614
2.677945
-0.785398
2.553590
0.000000
-0.588003
-1.570796
-2.677945
-1.249046
-2.356194
2.034444
0.000000
2.553590
-1.570796
1.570796
-1.107149
-1.815775
3.141593
2.034444
-0.785398
-2.158799
2.677945
-2.677945
-0.785398
3.141593
-2.034444
0.321751
-1.815775
1.107149
-2.553590
-1.570796
-2.819842
1.768192
-2.034444
-2.356194
-2.034444
-2.553590
0.982794
2.034444
0.000000
1.892547
-1.107149
-0.321751
0.000000
-1.570796
0.000000
-0.785398
-2.034444
-2.896614
-2.896614
-1.570796
-2.498092
-2.158799
-1.107149
0.000000
0.463648
-2.761086
-2.677945
-2.034444
-2.158799
-0.982794
-0.321751
3.141593
1.570796
0.000000
-0.785398
-2.034444
2.214297
-2.896614
3.141593
-2.677945
-2.356194
2.034444
-1.570796
1.892547
-0.785398
-2.677945
-2.677945
2.356194
-2.034444
-2.819842
2.034444
1.570796
-1.249046
-1.570796
1.570796
-1.107149
-2.034444
-2.034444
2.356194
-2.034444
2.356194
1.570796
2.819842
0.321751
0.000000
2.158799
0.000000
3.141593
2.356194
0.000000
0.000000
-1.570796
1.249046
-2.356194
-2.553590
3.141593
-1.107149
-2.356194
0.000000
0.463648
0.463648
2.356194
-2.356194
0.000000
0.000000
-1.815775
-1.570796
1.892547
3.141593
3.141593
-1.892547
-0.661043
0.000000
1.892547
-2.034444
1.107149
-1.570796
-2.677945
-1.570796
-1.107149
-0.785398
-1.892547
-1.768192
3.141593
1.570796
