-0.927295
0.785398
-1.951303
2.356194
0.321751
-2.111216
-2.356194
-1.249046
0.000000
-0.244979
1.951303
2.356194
1.570796
-2.944197
0.785398
-2.356194
2.553590
-2.944197
2.553590
2.677945
2.896614
1.951303
-1.107149
2.498092
1.570796
-2.677945
1.325818
0.982794
-1.768192
-2.601173
-1.768192
-2.498092
1.107149
-0.785398
2.498092
-1.249046
-0.927295
2.158799
-0.244979
-1.570796
-0.643501
-0.982794
0.000000
1.768192
-1.951303
-1.373401
-2.944197
1.815775
-1.768192
2.761086
0.000000
0.927295
2.944197
1.107149
0.321751
-1.570796
1.570796
-0.927295
1.768192
-2.677945
2.944197
-0.674741
2.677945
3.141593
2.034444
-0.463648
-2.944197
2.034444
-2.356194
-1.249046
1.107149
-0.982794
-0.643501
1.325818
-1.768192
0.785398
-2.819842
-2.111216
2.761086
-2.356194
-0.982794
2.498092
-1.951303
1.570796
0.982794
-0.588003
2.158799
0.982794
-2.944197
0.588003
1.107149
0.785398
-0.643501
-1.373401
2.761086
-0.643501
2.896614
-1.735945
2.034444
3.141593
2.677945
1.768192
-1.735945
-2.498092
-0.244979
-0.197396
0.000000
-0.244979
-2.896614
-2.356194
3.141593
1.570796
-1.768192
0.785398
-2.601173
2.677945
2.677945
-1.373401
1.892547
1.249046
-1.735945
-1.373401
-2.356194
-1.570796
1.107149
-1.373401
0.244979
-1.951303
1.815775
-2.498092
-1.951303
-2.356194
-1.030377
-2.944197
-2.601173
0.244979
1.570796
0.000000
-2.498092
0.982794
-0.927295
-1.107149
-2.553590
1.373401
0.244979
0.000000
1.373401
0.463648
-0.321751
-0.785398
-0.927295
-2.944197
-2.761086
0.982794
0.982794
-0.463648
-0.785398
2.677945
0.244979
-2.111216
-1.373401
-2.214297
-0.588003
-2.111216
0.244979
-1.373401
-2.944197
-0.588003
2.498092
2.944197
1.735945
2.214297
1.249046
2.034444
1.325818
-2.761086
2.976444
-1.373401
0.982794
3.141593
2.158799
-2.498092
-1.768192
-0.321751
-2.896614
-1.190290
-0.244979
2.761086
1.815775
1.815775
-0.643501
-0.643501
-2.944197
1.815775
2.111216
0.000000
-1.570796
0.785398
-2.356194
2.944197
-0.244979
2.214297
1.249046
0.000000
1.107149
1.815775
1.249046
2.034444
-1.951303
1.325818
-2.944197
-1.570796
-2.214297
0.000000
2.356194
2.214297
-1.405648
2.677945
-0.588003
-1.768192
0.785398
-0.588003
2.944197
-0.785398
-2.944197
-0.643501
1.249046
-1.325818
-2.214297
-0.927295
2.761086
-2.498092
0.982794
0.000000
3.141593
-1.325818
0.244979
-0.463648
-1.815775
-1.768192
2.034444
-1.570796
2.601173
-0.244979
0.785398
2.498092
2.976444
-2.677945
1.570796
2.356194
-2.761086
1.570796
-1.325818
-2.761086
0.785398
-0.982794
-2.976444
-2.944197
1.249046
-0.588003
-1.249046
2.356194
2.896614
-1.768192
-2.896614
0.321751
-2.896614
-1.951303
0.000000
-2.498092
1.570796
0.000000
-2.111216
2.356194
-0.643501
-1.735945
-1.405648
-0.785398
1.570796
2.034444
1.249046
2.356194
-1.190290
2.761086
-0.588003
2.761086
-2.034444
1.951303
0.588003
3.141593
0.321751
3.141593
2.158799
0.927295
-1.815775
-0.588003
-0.785398
-1.570796
-0.321751
-0.244979
-0.463648
1.815775
2.761086
0.000000
0.463648
-2.498092
-2.498092
3.141593
2.158799
-1.570796
0.588003
-2.111216
-1.768192
2.553590
1.107149
2.498092
2.677945
0.588003
-1.570796
-1.373401
0.321751
-2.111216
2.158799
-1.815775
1.570796
-2.498092
2.356194
-0.588003
-2.819842
2.034444
2.034444
2.158799
-1.107149
1.570796
2.034444
0.982794
1.107149
-1.373401
1.815775
1.768192
-1.249046
-0.785398
3.141593
0.000000
-1.570796
-1.107149
1.373401
-2.356194
-2.034444
1.570796
-2.896614
-1.325818
3.141593
-1.325818
1.815775
0.244979
-1.768192
-2.111216
0.463648
-1.735945
1.570796
-1.107149
-0.927295
1.107149
-0.244979
2.944197
2.553590
2.819842
-0.785398
0.463648
-2.944197
-1.405648
0.785398
0.000000
-2.245537
1.249046
-2.214297
-1.107149
1.107149
0.588003
-2.601173
-1.325818
1.815775
-1.570796
2.944197
-1.815775
-2.111216
-2.976444
2.896614
2.034444
0.982794
-1.570796
-2.466852
-0.197396
-2.245537
-0.982794
2.677945
1.107149
-0.643501
-0.785398
-1.768192
2.111216
-0.674741
0.588003
-1.107149
-0.244979
3.141593
0.982794
-2.944197
2.896614
2.214297
-1.892547
-2.944197
2.356194
1.892547
1.570796
0.643501
1.570796
0.982794
0.588003
-1.768192
-1.892547
2.677945
2.214297
1.570796
2.677945
1.815775
0.000000
1.815775
-1.107149
3.141593
-2.761086
-1.107149
2.034444
-2.034444
1.373401
3.141593
-2.034444
0.000000
0.982794
-0.982794
1.107149
-2.819842
0.321751
-2.498092
-1.570796
-1.373401
-2.356194
-0.244979
-1.768192
2.976444
2.498092
0.463648
-2.356194
-2.896614
-1.107149
-1.768192
0.982794
-2.214297
-1.249046
2.356194
0.785398
-0.785398
-0.643501
-2.498092
-1.892547
-2.245537
-2.111216
-0.463648
2.158799
1.570796
3.141593
-2.111216
2.819842
2.761086
0.785398
-0.643501
0.785398
2.214297
1.768192
-2.498092
0.785398
2.158799
-2.819842
2.356194
-1.570796
0.244979
-1.570796
-2.356194
-1.107149
-1.951303
1.570796
0.785398
2.158799
2.677945
2.896614
0.000000
2.034444
1.325818
-2.677945
-0.643501
-0.927295
-1.373401
-2.111216
-1.570796
2.896614
1.768192
-1.951303
2.944197
-0.463648
-1.768192
1.570796
1.570796
-1.190290
1.951303
-1.405648
-2.601173
0.244979
1.768192
-2.761086
2.896614
2.214297
1.570796
1.325818
2.819842
2.356194
-2.498092
2.677945
0.982794
0.785398
0.463648
0.588003
0.785398
-2.601173
0.588003
-2.601173
1.325818
-2.245537
-1.190290
-0.197396
2.214297
-0.380506
2.677945
-1.570796
-0.785398
2.677945
2.944197
-0.785398
-2.944197
-2.034444
2.761086
2.944197
-2.214297
0.321751
2.356194
0.000000
2.761086
0.785398
-0.588003
-1.768192
0.197396
2.498092
0.982794
-1.951303
1.107149
-1.951303
-0.463648
-0.674741
-2.819842
0.785398
-1.768192
-1.892547
-0.588003
-0.643501
-2.819842
1.570796
-2.819842
-1.892547
-2.498092
-1.768192
0.000000
0.197396
0.000000
1.249046
-1.570796
-1.768192
-2.601173
-2.944197
2.944197
-1.030377
2.356194
-0.463648
-0.927295
-0.463648
-2.944197
0.000000
2.896614
-1.570796
-0.927295
-2.498092
3.141593
-2.498092
2.677945
-0.321751
2.356194
-0.463648
0.785398
-1.570796
-2.976444
0.244979
-1.325818
2.356194
0.000000
-2.111216
-0.244979
-1.570796
3.141593
-1.570796
-2.896614
-0.244979
2.498092
-0.321751
1.892547
1.107149
1.570796
-2.498092
1.815775
2.677945
2.944197
3.141593
-1.951303
2.761086
-0.982794
2.356194
0.244979
-1.570796
0.321751
-1.768192
-1.107149
-2.356194
-1.107149
-2.677945
2.819842
1.570796
-0.463648
0.000000
0.463648
0.463648
2.356194
2.158799
-0.588003
-0.643501
-2.498092
2.214297
1.951303
1.249046
-1.107149
-1.107149
-2.944197
1.892547
-1.190290
3.141593
2.677945
-1.373401
-2.601173
0.785398
-1.030377
1.570796
-2.761086
-0.244979
-0.927295
0.588003
2.677945
-2.111216
-2.601173
0.588003
2.819842
3.141593
0.244979
-1.735945
2.498092
0.244979
2.158799
-1.815775
-1.107149
2.214297
3.141593
-0.463648
-0.321751
0.785398
