3.197091
-8.378777
-2.537287
0.119429
7.379582
0.588003
-0.907593
7.185692
0.165149
0.739277
-1.892547
-0.273009
-1.985303
-0.956133
7.633153
2.736701
-2.789548
2.574863
2.736701
-7.764932
-0.918927
2.307054
7.524357
2.289626
-2.056418
6.194529
7.223580
-8.405637
2.022950
-0.348771
9.279468
-2.209710
7.125127
0.291457
0.043451
8.621200
0.110657
2.629203
-0.402655
7.082281
-0.565149
8.051377
-6.540509
5.831732
1.849096
2.305391
9.535435
-2.191046
-7.995879
-1.509648
-1.287002
-8.242300
-8.104425
7.365129
3.190335
-2.863293
-1.107149
-7.618437
-1.791625
0.099669
3.663427
7.249676
-0.811708
7.168252
-1.759018
2.119346
-2.356194
7.853982
-2.485897
-8.120234
3.510289
-0.849825
-0.600050
2.142134
-0.145310
2.441700
6.612235
0.300920
0.321751
2.896614
-8.093725
2.948381
-0.671144
-1.851634
0.288055
0.197396
-6.235602
2.464206
-2.547379
5.040942
-1.886412
7.829596
9.805284
7.082281
0.563316
0.226799
-0.697903
6.839352
-1.954966
-8.258873
2.449671
0.197396
2.101570
7.322258
6.898805
2.307054
5.435368
2.891150
-2.100386
1.652248
6.991812
3.469331
-7.973411
7.912737
-7.172683
-7.478021
-0.144812
7.645516
7.346883
-0.291457
1.570796
2.825977
2.640579
-1.709436
2.372066
-8.025361
-0.917950
-1.820383
7.258572
9.329826
2.636302
-0.240171
0.188222
-0.487836
0.101689
3.164844
-2.748535
3.546484
7.893960
-2.158799
-3.025833
3.232253
2.049710
-2.854311
1.898535
-2.761086
-1.815775
6.936032
15.468732
-0.901753
1.855527
-1.056345
0.214061
2.356194
-0.785398
-2.275290
-1.065935
1.443287
2.308611
2.231839
7.826961
7.398881
-0.885067
-1.735945
-2.668686
-0.206324
2.124091
-0.399515
-0.463648
-8.349533
7.712085
1.981861
-1.154732
2.632522
-2.042918
-0.396441
0.141897
7.194672
6.726634
-1.700499
7.373094
7.490003
-1.460139
-0.965252
2.034444
-0.855705
-8.145438
7.922058
7.259222
-2.493261
-8.037092
-0.728855
-7.548103
-7.975334
-3.263435
-2.370278
6.917208
-3.141593
-6.175495
9.255677
-0.393451
2.214297
2.925042
4.563499
-1.951303
7.411607
8.199537
0.135528
-8.195597
-2.427502
0.715092
-0.638914
7.398208
0.132552
-2.370686
7.630505
-2.619758
-2.219792
-0.849825
-0.181649
-1.735945
0.291457
-2.953371
3.002497
-1.232473
-2.446854
9.094481
7.437917
-1.054566
0.454302
-2.733444
-8.460969
8.083886
-1.044169
2.553590
-2.647651
-0.321751
-7.881002
-2.706239
0.099669
-2.748535
-6.401675
-7.084455
-2.165010
3.201521
3.702756
-2.044648
6.961848
-0.273009
2.667193
7.380130
2.710900
5.968953
5.902679
-0.988891
1.797595
3.179311
-2.605157
3.188071
-1.735945
15.751414
-2.668237
0.074860
0.532844
-2.605157
7.285457
-2.148698
-1.910089
2.070143
0.058756
7.775198
-1.853892
0.074860
-2.689439
-7.329186
2.622447
-2.164546
6.056386
1.759018
-0.340382
-2.275290
2.911688
7.442917
7.538011
2.940276
-0.902507
-0.736257
1.912412
9.252587
-0.022219
-0.634023
-6.330768
-7.620238
6.663692
0.674741
-5.585282
-2.242402
2.199593
1.340892
-2.472550
7.564478
6.965502
-2.044648
2.191046
-0.486032
0.386876
-0.365201
-7.609003
-0.218669
9.110546
-7.932253
3.413739
0.240171
2.869447
-0.516695
-2.733444
3.071938
-7.661281
-7.999292
2.976444
0.372988
6.968915
-0.752077
-2.223643
3.068993
0.291457
3.095115
7.609003
3.189176
7.604003
7.196907
1.926432
-0.643501
0.000000
2.806856
9.252587
7.648586
7.877233
2.427502
7.113330
2.013171
7.521922
-0.989416
-5.802298
-0.943488
-1.839163
-0.422854
0.413689
2.780389
-2.498092
3.976132
-2.406998
-1.138389
-0.442374
7.055251
-7.337751
2.525973
7.545929
3.708322
-1.987235
5.164543
7.473475
-2.999696
-2.245537
-1.605265
7.325907
-7.911610
-0.000000
-0.942000
-1.863983
-0.000000
15.663548
-2.521343
6.799416
0.785398
-0.328553
-2.356194
-2.218188
5.864961
-2.282255
8.358843
0.647811
-0.691921
9.052710
2.540519
-1.570796
1.361156
1.661456
1.545161
-2.838708
6.331927
-2.158799
-2.997151
1.689286
3.365069
2.283154
2.761086
3.335215
2.318238
-0.530773
2.158799
2.356194
2.299114
2.451793
-0.079830
0.051237
2.084402
-1.342300
-1.325818
2.863293
3.576946
0.298499
7.196907
6.304016
9.450413
-6.261450
1.915444
1.806341
-1.570796
6.727605
-0.982794
-2.214297
0.000000
7.510958
3.440092
7.101904
-2.375060
0.071307
2.402316
-0.802346
3.010765
2.521343
2.406998
2.750986
-0.350728
6.101536
0.335639
-0.353997
1.673003
-2.406998
2.224879
7.512366
-7.390334
-2.356194
-7.810531
7.685385
7.506920
2.999696
3.568220
-2.124091
2.107232
-2.383215
0.042528
0.361729
0.837981
7.340376
-1.627340
-1.856848
5.968428
-0.671144
0.298499
-0.759088
-7.524357
-0.768451
6.746833
-7.165057
1.947287
0.099669
-2.253988
-2.408778
-0.610726
-2.688814
9.162658
6.913587
2.873226
-1.076855
1.792111
-2.356194
-3.058451
1.698306
-0.756835
7.946738
-0.982794
2.509902
-0.018180
7.238362
0.485622
3.118869
-7.205650
9.511516
2.757423
6.308180
-2.617673
-2.558853
-1.781890
-1.256039
-2.953371
2.934096
7.068583
-0.770906
-2.452668
3.098142
-2.253113
-2.812543
-0.570040
-0.710538
-0.565149
7.468824
3.241261
2.065930
0.084902
7.788856
-3.185044
1.842942
2.408778
-2.819842
2.723368
-2.699218
-6.891875
-1.069783
-0.674741
-0.903490
2.597760
-2.369181
-7.754313
0.081452
9.470201
8.317629
-2.373142
9.443644
0.859337
-6.485507
2.398423
7.656586
-0.770474
2.742077
-2.509902
-2.432966
-1.999060
-1.695151
-8.282246
0.205395
7.205650
8.302127
7.948933
2.115077
2.884269
1.715238
-2.559688
-7.874387
-0.444419
-2.588298
0.337878
1.118018
-5.632109
2.778446
0.744325
-0.019228
-0.713061
-0.768451
1.453688
2.196281
-2.668686
-1.007480
-7.853982
2.006150
5.856558
3.241261
-1.098674
7.998794
-7.772530
-7.451661
-1.241172
-0.869942
-0.065125
-0.455101
2.560836
2.241940
0.523919
-2.873226
3.260083
2.311448
-0.892677
-2.992703
-1.098674
-0.963809
-1.644735
2.441700
2.321725
2.761086
7.171665
9.377195
-0.348771
9.338040
0.770474
-1.783228
6.967480
-2.125104
3.060141
2.313966
6.938881
-2.698144
-1.800701
0.401871
-0.956133
-0.669043
0.785398
2.193467
9.103027
-6.257550
1.163165
-0.927295
2.310073
-1.085174
-2.016902
-2.179486
-0.946161
-7.989509
7.497762
0.361204
7.099823
9.140048
-2.268187
7.682603
2.321725
-2.279423
2.084402
1.867342
6.951475
2.265535
2.179486
9.509680
-0.982794
-0.372068
-8.033835
7.890329
1.449444
0.475011
1.960113
0.635027
1.513168
-0.813169
-1.398606
15.963146
-3.099950
1.756144
-3.054854
-1.005647
-1.898916
7.055251
2.023575
7.520037
-7.169687
-2.573068
-1.745469
7.131002
-2.850136
-0.736257
-1.262744
1.955954
8.380609
-0.532844
-7.929311
1.867342
7.495211
2.391894
-2.961739
-6.388062
-6.027034
7.287252
0.772412
0.836635
7.362818
-2.441700
-2.546833
-1.951303
6.379044
2.654693
6.393843
0.521834
-7.734553
8.241505
-2.736701
1.402199
3.252250
2.308611
6.938881
-6.283185
2.591207
-1.732634
