-7.915130
9.363630
2.530867
-4.783696
6.884259
-1.676781
9.492854
-8.456269
7.041563
7.562525
-2.227871
2.901422
-2.158799
-1.165905
0.302885
2.927532
0.175940
3.159772
7.313562
-8.996514
-0.799890
-1.256564
7.344911
6.827466
-2.289626
0.702257
-7.853982
3.317532
-2.838708
-8.264109
-9.169596
-1.215160
1.441094
7.656586
-1.136843
2.478390
0.280537
1.777120
-0.455774
7.259222
-2.131483
-0.739277
-0.189199
2.356194
-1.446441
2.281706
-2.129396
2.045196
-8.365212
7.566700
-2.260596
7.143072
-0.094952
-2.176341
4.118639
5.888394
6.893911
-1.810967
-1.308676
-9.246685
-2.434978
2.918116
1.879727
-0.713061
1.681454
-8.230472
-8.476652
-2.677945
2.508844
-7.814003
6.448334
-3.185044
2.838708
-1.872415
-5.034140
-2.559688
-2.239086
7.210481
3.995847
-8.068042
0.628796
-1.685673
9.223016
0.293589
0.694738
-1.657535
5.980300
0.244979
-2.700413
-7.853982
8.207979
7.068583
-1.165905
-2.553590
-2.253988
-1.810028
2.034444
-2.826378
-2.494201
-2.188552
-0.336675
2.147172
-1.486253
-2.239086
1.378096
-1.174355
-0.023252
7.259768
1.919567
1.315614
2.925042
1.706324
-1.921524
-7.893960
-7.833576
2.236766
-0.129703
-1.438245
2.667193
2.135946
1.742175
3.163811
-2.612003
7.309118
-0.754158
-2.371119
-0.876058
-6.147658
5.975133
2.798569
-7.978337
-0.800782
-7.876200
1.815775
-1.165905
2.325901
8.332334
-8.226969
1.530818
-0.463648
9.496085
0.662730
-0.446842
-2.891150
-2.313966
-2.356194
-0.000000
-2.812543
-0.657075
-8.219729
-8.342316
-0.193622
7.179241
6.846502
-0.661043
5.836343
1.065935
0.588003
-2.218188
0.394791
7.421574
-8.317629
0.617756
2.356194
-8.525588
0.328553
2.092631
2.469986
-2.689439
-8.253497
-7.972472
2.082027
-7.166857
2.308611
2.913096
-1.051650
7.953650
-2.782822
-2.428532
-6.561485
0.281772
-5.092895
1.837048
-1.037952
2.034444
1.570796
2.107232
6.917208
-8.029921
-0.588003
2.458401
-0.755104
2.931953
-1.009633
2.253113
6.954329
0.197396
0.474400
-2.523837
0.710909
-0.181649
-1.897894
-0.218669
15.822840
2.474287
-2.745151
-0.671144
-0.996491
-1.163165
8.098960
-8.471737
-1.062067
2.725528
-0.700854
2.723368
0.257324
1.381597
4.843704
-0.620249
2.593043
-0.329050
2.236766
2.498092
-2.297439
1.800701
6.032742
2.666582
15.528110
2.063282
8.370212
7.417354
6.511682
2.025098
0.770906
-0.141897
2.356194
3.206019
1.616220
3.402195
2.669471
7.449090
0.363979
-0.233743
-1.107149
5.532256
-6.672502
1.368475
2.582993
-0.903490
-0.618144
2.753274
2.075658
0.205395
-1.048962
0.000000
1.825979
8.120234
-2.879473
-2.612003
0.516231
-0.021736
2.043703
7.119387
7.199899
0.352990
2.044648
9.468229
1.398606
0.380506
-2.053310
-0.749699
-2.476818
0.815692
6.043014
-0.189199
-7.927921
-0.750929
6.435835
2.372066
0.062419
9.602871
7.196907
-8.114584
-1.012197
7.352968
7.925289
2.063282
2.957649
2.677945
-2.356194
-1.041207
-5.453041
9.116725
2.470449
-0.165149
8.899982
9.179799
6.170458
7.098877
2.792822
2.612346
6.128867
-7.435757
-2.472550
-2.259721
2.305391
2.087027
-2.339247
7.409562
-1.279340
-8.037092
7.199899
2.233526
-0.770474
-2.342862
-7.874812
2.305391
-2.386488
-2.902361
0.132552
7.545051
-1.591202
1.613324
-2.380580
9.634418
5.657700
0.149812
7.052712
2.209710
9.359653
1.548578
-1.126377
2.505754
4.883124
-3.982489
-2.608749
-2.034444
9.524447
7.956188
1.190290
-0.026310
-2.329174
-1.304544
-1.405648
-2.686492
0.161375
3.026716
0.535811
-7.685385
-8.652712
-0.380506
7.501937
2.525973
0.088656
2.061960
7.684880
2.484518
9.626095
-1.438245
-2.699218
0.113151
1.978428
3.141593
-1.446441
3.064821
2.271651
3.141593
2.473303
0.046478
-2.325901
-0.632749
-0.918927
-0.896055
7.878367
-5.194902
0.411065
-1.054101
3.624106
2.171870
2.371578
-3.116598
3.077849
6.931517
2.400941
7.145355
2.516957
-1.286066
-0.264488
2.498092
0.892677
0.339293
-7.759030
6.398945
-0.785398
6.940260
7.068583
-1.299849
3.321446
7.512366
-2.356194
-8.266392
6.900377
-0.275426
-2.863293
1.308676
1.837048
-0.922464
0.617756
1.786881
2.542417
7.570188
-2.372066
7.575682
-2.832662
-1.242243
1.759018
15.880154
2.410686
-2.742077
2.262718
-2.009656
-2.643770
7.427354
-0.741947
-1.509648
2.727086
-2.587285
1.405648
6.054689
0.376490
-5.735623
-7.668634
1.878849
7.051636
-1.382575
0.110657
0.433953
6.561485
8.145438
2.903757
2.516108
-8.336495
7.297815
-0.066568
-1.397551
-1.289564
2.432966
-1.943784
-2.221873
2.665125
3.254320
-0.533708
2.425051
-2.206635
2.400941
-7.678042
0.118490
-1.136843
-1.955401
2.769525
-8.145438
-1.289564
-0.000000
-1.886011
-0.267910
7.598799
4.377652
9.528570
6.099242
-2.714965
3.017238
1.314645
-0.976583
-1.510868
9.540537
7.544279
3.122727
-0.739277
2.008588
3.028442
-1.142532
-2.516108
1.929567
2.094716
-0.095859
2.235571
0.767218
2.242402
2.405335
-1.235158
1.409421
6.999727
-7.756255
0.272146
-1.453688
5.941570
0.452778
7.853982
9.266123
1.184914
3.856684
-2.980830
2.553590
2.630362
-2.185459
-1.023234
1.926432
2.339803
-1.037952
-1.223735
1.645656
2.931953
0.509071
2.214297
2.241940
2.175102
1.794273
7.812339
1.874797
0.173246
-2.597760
-0.934958
-1.030377
7.321138
2.214297
-2.337329
-2.196281
-0.568525
-6.233227
3.189176
4.428595
2.426501
-2.782822
-2.068139
-0.472907
-0.889498
-7.679309
7.259768
3.023103
-7.804023
-2.449258
-1.000756
-0.945311
1.837048
7.454466
-1.216799
-8.161027
-1.308676
1.843805
2.320066
-3.099950
-0.211093
7.517307
2.003204
-1.067953
-0.886502
-0.197396
0.577902
2.739722
-0.851966
15.751414
-2.146221
-3.578220
0.239743
-1.951303
6.837493
-7.645516
3.365069
1.800701
7.100830
7.897433
-1.118018
15.728794
2.064738
-8.116976
-2.295662
7.853982
1.433730
7.349120
2.792822
8.412581
-0.057081
3.183235
-2.304957
9.384799
2.601173
3.623256
2.493261
2.370278
1.107149
7.614239
-2.804918
2.001489
-1.037088
-0.977047
-1.529154
-1.753907
-2.406998
0.429762
-8.234488
-2.514284
2.015216
0.066568
-2.114629
2.196281
-2.841817
-0.000000
-2.582993
-1.289564
1.484058
2.452668
0.543832
-7.754313
7.853982
8.175732
3.232253
3.066264
5.604523
-0.817645
3.605240
9.520637
7.313562
0.710909
1.919567
9.156412
-2.285888
0.674741
-7.681791
-2.632522
0.179853
3.002497
1.927016
0.188222
2.198105
-0.617756
-1.885554
0.321751
-2.597312
3.265948
0.492486
-8.098960
-0.000000
-0.811034
1.748392
-0.039979
-0.661043
3.456807
5.782172
7.329186
0.394791
-0.713061
2.523837
0.068076
6.957926
2.649107
7.231311
6.989384
1.549523
7.770840
2.139321
-1.609239
7.068583
2.638749
-0.000000
2.413275
-2.283857
9.544887
2.356194
1.292497
-2.177784
8.022579
0.691921
-0.343024
0.041643
-0.526627
-2.175102
7.252908
2.152701
7.310149
-7.609003
-1.968424
-0.426627
-1.042722
-0.714091
15.419908
-2.139321
-2.356194
-1.841743
2.516957
3.023103
