0.244979
-1.965587
0.463648
-0.499347
-1.373401
-0.367174
2.582993
1.212026
-1.480136
-1.815775
-0.558599
-1.892547
-2.723368
0.197396
0.837981
-2.089942
3.141593
0.685730
-1.190290
-1.460139
-0.218669
-1.723446
3.141593
1.107149
-1.712693
2.214297
-2.512796
1.012197
-0.124355
-2.303611
1.989021
-0.588003
-2.774419
2.875341
-1.373401
-2.432966
0.785398
-2.914794
2.446854
-2.521343
2.613518
-1.768192
3.017238
0.950547
-1.267911
-2.356194
1.176005
-0.071307
-1.695151
0.463648
0.620249
-1.352127
2.956245
2.111216
1.373401
0.726642
-2.746802
-2.961739
0.851966
-2.158799
2.498092
-0.358771
2.214297
-1.165905
2.944197
0.499347
-0.321751
-0.628796
1.570796
1.869295
-1.222025
1.499489
1.446441
3.030935
0.785398
-1.042722
1.937970
-0.519146
-2.279423
0.110657
1.570796
-0.418224
2.536048
-1.042722
-0.278300
2.944197
-0.404892
2.601173
2.466852
-2.137526
2.356194
0.174672
-1.107149
0.862170
1.446441
-0.694738
-1.176005
1.937970
1.849096
-0.218669
-1.937970
0.507099
-2.944197
0.000000
2.176341
0.558599
2.574863
2.570255
-2.622447
1.661456
-0.132552
-0.851966
-1.019141
2.191046
-1.570796
2.422763
-1.304544
0.463648
0.358771
0.321751
0.197396
0.785398
1.272297
-1.997424
-2.746802
3.141593
-0.463648
2.863293
1.212026
-1.152572
0.463648
0.876058
1.993650
-2.129396
-0.083141
1.373401
-1.703348
2.582993
2.265535
2.432966
2.999696
1.438245
-2.303611
-1.438245
-2.098871
0.000000
-0.066568
2.356194
1.373401
1.919567
0.785398
-2.356194
-0.110657
1.325818
1.405648
-1.975688
2.677945
2.512796
2.850136
-0.896055
0.851966
-1.983207
-0.927295
-2.129396
-2.988943
0.785398
-2.622447
1.359703
-2.774419
2.034444
3.141593
1.929567
-0.244979
-1.227772
-0.321751
-3.075024
-1.768192
-2.498092
1.004067
1.570796
-0.643501
1.304544
-2.536048
-3.050933
1.570796
-2.961739
1.222025
1.203622
-1.570796
2.782822
-0.674741
0.099669
-1.499489
-0.785398
2.944197
-1.030377
-1.176005
1.325818
2.761086
-1.304544
0.000000
-2.137526
0.000000
-1.030377
1.004067
-0.685730
1.325818
-1.975688
2.214297
-1.919567
-0.960070
1.989021
0.876058
-0.528074
2.582993
2.582993
0.244979
3.141593
-2.356194
-1.937970
3.141593
2.446854
1.107149
1.989021
-1.570796
1.212026
-1.862253
2.480549
2.034444
2.647651
-0.197396
0.000000
-2.003204
-2.455863
1.570796
-0.726642
1.768192
2.137526
-2.279423
-1.919567
-0.844154
0.540420
2.432966
-0.588003
-0.832981
-0.785398
1.107149
2.273053
0.278300
-1.862253
2.034444
1.570796
1.405648
2.896614
2.863293
1.107149
-1.343997
2.256526
-1.989021
1.446441
-2.003204
-0.938047
-1.325818
-0.950547
0.785398
-0.909753
0.661043
1.789465
0.718830
-0.244979
-0.099669
2.245537
0.000000
1.249046
-1.661456
-3.082837
0.244979
1.107149
1.937970
2.034444
-2.466852
0.218669
-0.158655
1.661456
0.982794
1.063698
-1.428899
-1.570796
-1.480136
2.530867
0.844154
3.064821
-1.862253
0.090660
0.124355
-1.997424
-2.498092
2.356194
-1.789465
2.034444
2.855541
2.802300
0.588003
-2.761086
-1.385448
0.620249
1.012197
-0.785398
1.051650
0.896055
0.885067
-1.279340
-1.107149
-1.212026
-2.613518
3.050933
1.929567
-1.642104
-2.966920
3.141593
-1.352127
3.141593
2.855541
0.000000
0.844154
-2.774419
2.521343
-1.152572
-2.677945
1.750650
0.915101
-0.507099
-1.428899
-2.622447
1.570796
-1.997424
-2.736701
2.356194
-0.588003
-2.521343
-0.380506
-2.158799
3.017238
-1.144169
-2.485897
1.797595
0.426627
0.661043
-1.801887
0.244979
2.245537
-2.875341
-0.832981
2.896614
-1.965587
-1.019141
-0.165149
0.179853
-0.942000
2.961739
-1.661456
2.521343
-1.222025
-2.122451
-2.356194
-1.703348
2.356194
0.896055
2.512796
-1.642104
1.965587
-0.628796
-1.570796
-1.373401
-2.746802
-1.494024
2.613518
1.030377
1.487655
1.004067
1.465919
0.000000
1.750650
-0.661043
-0.463648
-3.017238
3.030935
-0.588003
-2.651635
-2.701750
1.051650
0.785398
2.446854
-1.222025
0.507099
-0.493941
0.463648
-1.681454
2.422763
3.141593
1.570796
1.107149
0.643501
1.570796
2.922924
-1.352127
1.570796
-2.256526
-1.815775
2.158799
2.634494
1.642104
2.403778
2.356194
-1.012197
1.272297
-1.637364
0.000000
1.508378
-1.249046
-0.339293
-2.922924
2.356194
-1.862253
1.165905
-1.325818
-2.422763
0.321751
1.405648
-2.677945
-0.499347
2.761086
-2.896614
1.352127
1.487655
2.399645
1.325818
0.909753
-0.426627
2.057696
-1.076855
-1.781890
-0.960070
-2.634494
-2.034444
0.367174
1.815775
-2.723368
-0.499347
-1.745469
2.999696
-0.099669
-2.819842
1.862253
-2.704965
0.348771
-1.249046
-1.453688
-1.647568
-1.165905
-0.298499
-2.176341
-2.642246
-0.367174
2.761086
-2.111216
2.077895
3.141593
-1.446441
-2.976444
0.862170
0.358771
-2.647651
1.325818
-2.677945
-2.956245
-2.831890
1.951303
-1.152572
0.909753
0.718830
0.000000
0.628796
0.982794
-1.951303
-1.756144
2.034444
1.499489
-1.892547
-0.737815
2.356194
-3.050933
0.851966
-2.414950
-1.892547
0.610726
1.570796
1.249046
0.540420
-2.231839
-1.222025
-1.107149
-3.070285
-2.850136
3.017238
1.913820
0.000000
0.367174
0.117109
2.677945
0.540420
2.582993
2.089942
-1.768192
-1.107149
2.714965
-2.530867
2.819842
2.944197
-2.446854
2.843094
-2.475623
-3.030935
-1.892547
0.982794
-1.373401
-0.726642
1.076855
-2.761086
0.862170
-1.670465
0.499347
3.070285
0.960070
0.165149
1.212026
0.942000
-0.099669
0.909753
2.129396
0.605545
0.197396
-2.677945
2.432966
0.643501
-2.589938
0.367174
2.914794
0.674741
1.272297
0.000000
1.418147
-0.588003
-2.034444
2.308611
1.997424
-0.868539
1.712693
1.570796
-0.851966
-1.570796
-2.622447
-1.227772
-2.746802
2.303611
-0.278300
1.815775
-1.292497
0.566729
-0.862170
-1.570796
2.466852
1.199905
-0.110657
-2.034444
1.997424
-3.050933
0.000000
2.622447
-2.191046
0.110657
-2.466852
0.244979
-2.988943
-1.446441
-2.723368
1.051650
-2.613518
-2.677945
-2.396173
-2.914794
0.426627
2.191046
0.278300
1.359703
-0.708626
-0.321751
0.141897
-1.352127
0.124355
-0.960070
-2.034444
2.158799
2.896614
-1.460139
-3.075024
-2.077895
-1.405648
-0.185348
0.321751
3.070285
3.141593
-2.231839
-2.530867
-0.418224
-0.785398
2.819842
1.107149
0.519146
-0.844154
-2.988943
1.781890
3.064821
2.875341
2.944197
-2.553590
1.359703
-1.919567
1.076855
-1.107149
2.863293
2.530867
1.405648
-2.709185
2.896614
1.480136
0.982794
-0.463648
-1.637364
1.030377
-1.703348
-2.158799
-2.677945
1.107149
-2.111216
1.570796
0.540420
1.975688
-0.605545
0.110657
1.781890
0.321751
1.869295
2.077895
1.815775
0.000000
-1.892547
0.674741
3.079174
-2.408778
-3.050933
-0.785398
-2.850136
0.785398
0.000000
-0.218669
1.735945
-2.896614
-0.321751
0.000000
-2.356194
-1.249046
0.982794
2.896614
2.256526
-1.428899
-0.872894
-0.558599
1.642104
-1.647568
0.862170
-0.278300
3.070285
-1.343997
-0.785398
-1.130954
-1.892547
-2.122451
1.570796
0.844154
