-1.892547
2.835714
2.498092
1.279340
0.486899
-1.742987
3.096169
-2.422763
0.260602
0.917950
-2.323948
2.782822
-2.414950
-1.356736
-0.043451
2.831890
0.000000
2.480549
1.067953
-2.880990
-0.956133
-1.262744
0.856706
0.512389
-2.634494
0.785398
-1.837048
-3.050933
-2.855541
-1.907471
-3.041924
-1.570796
1.267911
1.275355
-1.390943
2.553590
-0.124355
1.441094
-0.278300
0.856706
-2.245537
-0.817645
-0.574305
2.279423
-1.759018
2.427502
-2.418613
1.975688
-2.629203
1.190290
-2.498092
0.165149
-0.244979
-2.427502
-2.289626
-0.828849
0.321751
-1.923787
-1.657535
2.966920
-2.770701
2.657115
1.616220
-0.748378
1.414194
-2.181522
-2.259721
-2.629203
2.319174
-1.620755
-0.062419
-3.046641
2.427502
-1.959115
1.172274
-2.622447
-2.418613
0.755104
-2.319174
-1.804540
0.722979
-2.308611
2.777614
0.104877
0.463648
-2.119346
-0.507099
0.185348
-2.699218
-1.919567
1.675673
0.531724
-1.165905
-2.659079
-2.427502
-1.892547
2.055274
-2.804918
-2.593043
-2.214297
-0.876058
2.034444
-2.003204
-2.384758
0.856706
-1.428899
-0.336675
0.714091
1.934775
1.460139
2.718739
1.681454
-2.181522
-2.010639
-1.778293
2.214297
-0.308053
-1.414194
2.543174
1.993650
1.778293
3.098142
-2.388441
0.956133
-1.279340
-2.731465
-1.107149
0.099669
-0.635027
2.601173
-1.695151
-1.107149
-1.849096
1.670465
-1.405648
2.185459
1.494024
-1.941688
1.325818
-0.600050
3.011890
-0.231091
-0.665969
3.101614
-2.145101
-2.634494
-0.135528
-2.969402
-1.071450
-1.975688
-1.969319
-0.336675
0.927295
0.278300
-0.819867
-0.851966
0.652847
0.422854
-2.526930
0.390607
0.960070
-2.297439
0.211093
2.147172
-2.270689
0.000000
2.134113
2.181522
-2.768605
-2.083186
-1.768192
1.789465
-0.745419
1.989021
2.788602
-1.325818
1.435269
-3.006065
-2.659079
-0.172191
0.094952
0.982794
1.570796
-1.390943
1.768192
1.453688
1.876675
0.463648
-1.681454
-0.994421
2.203545
-1.056345
2.729182
-1.165905
2.125104
0.625485
0.099669
0.336675
-2.804918
0.339293
-0.528074
-2.356194
-0.352990
3.030935
2.169215
-2.804918
-0.785398
-1.144169
-1.373401
2.158799
-2.270689
-1.460139
2.384758
-0.726642
2.578276
0.336675
0.945311
-1.642104
-1.203622
2.327631
-0.302885
1.961403
2.384758
-2.070143
1.727398
-0.412410
2.452668
2.819842
1.856848
1.892547
0.927295
-0.179853
1.735945
0.412410
-0.266252
2.245537
2.356194
1.570796
2.994514
2.356194
0.785398
0.083141
-0.398522
-1.138389
-0.610726
-0.614663
1.147942
2.095592
-1.012197
-1.107149
2.446854
1.959115
0.099669
-1.206817
-0.083141
1.512041
1.905533
-2.761086
-2.553590
0.598419
-0.094952
1.616220
0.702257
0.643501
0.308053
2.057696
3.091634
1.421906
0.165149
-2.158799
-0.917950
-2.699218
0.785398
-0.643501
-0.321751
-1.515298
-0.870903
-0.321751
2.393215
-0.055499
3.036716
0.785398
-1.742987
-1.107149
1.172274
0.851966
2.010639
2.657115
2.634494
-2.516108
-1.046001
0.999459
2.846152
2.196281
-0.540420
2.452668
2.984991
-0.358771
0.851966
2.488746
2.536048
-0.519146
-0.602287
-2.835714
-2.356194
1.959115
2.015216
-2.388441
0.614663
-1.529154
-1.913820
0.635027
2.073640
-0.785398
-2.677945
-1.905533
2.034444
-2.388441
-2.969402
0.000000
0.917950
-1.905533
1.414194
-2.729182
2.896614
-0.699893
-0.278300
0.785398
2.015216
-3.094010
1.471128
-1.039072
2.567288
-1.831399
2.396173
-2.927532
-2.158799
3.011890
1.264917
1.152572
-0.266252
-2.553590
-1.529154
-1.892547
-2.498092
0.049958
2.750986
0.463648
-1.570796
-2.393215
-0.502843
0.982794
2.356194
0.000000
1.892547
1.279340
2.214297
-3.041924
-1.804540
-2.761086
-0.179853
1.735945
3.091634
-1.661456
2.961739
2.015216
2.951604
2.356194
-0.156602
-2.642246
-0.812419
-1.126377
-0.982794
1.363300
0.999459
0.334737
-1.199905
-2.918116
2.325901
2.265535
3.091634
2.819842
0.588003
2.418613
0.563316
2.321725
-1.438245
-0.244979
2.253113
1.063698
0.165149
-1.435269
0.094952
-1.004067
0.321751
0.574305
-1.446441
-3.006065
1.231504
-2.356194
-2.119346
0.363979
-1.067953
-3.006065
1.264917
1.794273
-1.126377
0.540420
1.675673
2.390664
1.086318
-2.473303
1.165905
3.141593
-1.158386
1.837048
3.141593
2.259721
-3.024484
2.356194
-2.323948
-2.616797
0.896055
-0.935770
-1.876675
2.770701
-2.677945
1.083897
-0.305879
0.278300
0.422854
-1.570796
1.570796
0.614663
-1.609239
-0.172191
0.043451
0.231091
1.657535
-3.046641
2.284887
-2.231839
1.088283
-1.004067
-1.337053
-1.460139
2.185459
-2.013171
-2.284887
2.516108
3.094010
-0.828849
2.259721
-2.475623
2.629203
-1.527345
0.099669
-1.487655
-2.013171
2.565217
-1.929567
-1.373401
0.135528
-2.185459
-0.856706
1.504228
-2.034444
2.788602
-0.446106
-2.819842
2.863293
1.570796
-1.067953
-1.768192
2.999696
0.982794
2.863293
-0.817645
1.989021
2.857799
-1.382575
-2.750986
2.231839
1.873681
-0.493941
2.170847
0.588003
2.134113
2.253113
-1.398606
1.262744
0.755104
-1.475845
0.094952
-1.626295
-0.632749
0.336675
1.520838
2.850136
1.126377
-2.185459
-2.984991
2.422763
2.480549
-2.651635
-0.938047
2.185459
2.205823
-1.147942
-1.365401
1.414194
2.521343
0.321751
1.941688
2.073640
1.907471
1.913820
1.428899
1.700499
-0.041643
-2.875341
-1.299849
-1.022247
0.822418
2.411693
-2.461071
-2.356194
-0.620249
-0.135528
-3.098142
-1.993650
2.145101
-2.927532
-2.104505
-0.819867
-1.067953
-1.529154
0.822418
2.565217
-1.665748
-2.802300
-1.373401
-1.107149
1.480136
0.968509
-1.428899
-1.804540
-1.525373
1.910089
1.919567
3.141593
-0.104877
1.022247
1.831399
-1.063698
-1.039072
-0.321751
0.110657
2.173084
-1.063698
2.918116
-2.565217
2.553590
0.352990
-2.279423
0.558599
-1.706324
2.927532
1.706324
0.502843
1.750650
-1.217806
3.082837
1.983207
-1.856848
-2.992703
1.633215
0.832981
0.668289
2.582993
1.735945
-0.124355
-2.896614
-2.587285
2.884269
2.506566
-2.802300
2.480549
2.013171
0.888480
1.134169
-2.846152
1.768192
-1.199905
-1.347320
-1.892547
-1.745469
-2.446854
0.286051
-2.321725
-2.622447
1.989021
-0.207496
-2.231839
2.158799
-2.838708
-0.188222
-2.953371
-1.487655
1.428899
2.422763
0.574305
-1.815775
1.279340
1.873681
3.091634
2.788602
-0.881872
-0.708626
-2.875341
-3.094010
1.217806
0.551655
1.759018
2.593043
-2.634494
0.574305
-1.471128
-2.819842
0.094952
2.743070
1.657535
0.223477
1.892547
-0.750929
-2.191046
-0.571337
-2.699218
2.988943
0.305879
-2.119346
0.197396
-1.152572
1.794273
-0.336675
-0.888480
-3.091634
-0.600050
0.970746
0.233743
-0.902507
2.119346
-0.266252
0.363979
2.473303
0.628796
0.750929
1.304544
0.935770
2.134113
-1.681454
0.643501
2.327631
-0.223477
2.095592
-2.388441
2.896614
2.488746
1.313473
-2.055274
1.484058
0.714091
-0.463648
0.055499
-0.614663
-2.582993
1.030377
2.158799
0.785398
-1.719686
-2.356194
-0.524796
-1.275355
-0.896055
2.999696
-2.386488
-2.508844
-2.214297
2.475623
2.875341
