-0.741947
1.667270
-1.742987
-2.312744
-1.093451
-2.197539
-2.050316
1.465919
1.304544
-1.083897
2.961739
-1.325818
-0.624023
0.807617
-0.982794
-2.003204
-0.698660
-2.062606
-1.989021
-0.052583
1.905533
-2.761086
-1.685673
-2.609869
-1.034985
-2.432966
2.884269
-1.442473
1.856848
-1.080839
0.055499
-1.647568
2.143762
-2.245537
1.039072
2.770701
2.804918
-0.785398
2.634494
1.570796
1.681454
2.125104
0.260602
-1.236059
-0.426627
-1.315614
-0.156602
0.374334
-0.090660
-3.081061
1.390943
-1.570796
-0.099669
-2.785957
2.677945
-0.819867
-0.785398
-0.596199
-2.577023
1.421906
-1.525373
1.400061
0.129703
-1.929567
-0.197396
-2.976444
-1.607816
-1.471128
-2.768605
-1.136126
2.553590
-1.876675
-2.944197
2.976444
1.022247
1.876675
1.675673
-1.768192
1.537475
-0.515549
2.991221
2.158799
0.260602
-0.705568
-1.264917
-1.487655
1.876675
0.418224
2.526930
3.036716
-2.819842
-0.862170
-0.421419
-2.533791
-1.951303
1.465919
2.356194
2.297439
-1.923787
1.629552
-2.083186
-2.319174
-2.475623
2.356194
0.398522
-0.750929
1.030377
2.393215
2.601173
-0.996491
1.730709
2.718739
2.245537
0.616297
1.907471
2.740364
1.231504
0.828849
-2.889903
2.064738
-0.785398
-2.145101
-2.934096
1.173717
1.597817
-1.276562
2.536048
2.034444
-2.439336
-2.145101
1.768192
-0.484478
-1.815775
1.279340
1.206817
-0.685730
-0.394791
0.120624
0.811034
-1.039072
-1.352127
-0.880350
-1.067953
-2.761086
-2.289626
1.831399
1.985303
0.298499
-0.141897
3.141593
-0.448723
-2.711830
0.390607
0.597177
1.398606
-0.043451
2.567288
-0.851966
1.892547
-1.446441
0.286051
-1.382575
2.498092
-1.130954
-0.990794
-2.618314
-0.880350
2.015216
-0.569313
0.674741
2.961739
-1.136126
-2.665897
3.072736
2.483704
-1.315614
-0.215358
-0.099669
-0.502843
-1.661456
-1.249046
-1.742987
-0.156602
2.922924
0.721655
-2.208345
1.910089
1.815775
2.457883
-2.594804
0.614663
0.665969
-3.050933
-3.045119
-1.510264
1.421906
0.390607
0.000000
-2.293776
-0.968509
1.030377
1.076855
-1.299849
1.390943
-2.779048
0.602287
-0.068856
1.675673
2.251318
-1.249046
-0.207496
0.188222
-0.106736
3.096169
-1.570796
-1.706324
-0.530216
-1.727398
-0.927295
2.677945
-2.356194
2.626044
2.223643
-1.352127
-0.750929
-1.212026
0.579074
0.244979
-1.843805
-0.762147
2.568627
-0.563316
-3.067654
0.825377
0.602287
2.275290
-1.438245
2.055274
-0.753151
3.094010
0.652847
2.976444
0.982794
-3.086094
2.613518
-2.356194
2.279423
-1.047518
1.730709
2.256526
-0.496423
2.356194
2.930499
-1.570796
-2.234842
-2.323948
0.110657
0.000000
0.185348
1.910089
0.278300
-2.723368
1.206817
-2.308611
-0.674741
-1.435269
-2.754717
1.310194
3.141593
-3.034857
-2.819842
-3.058451
-3.098142
0.847817
-2.283154
1.919567
2.145101
-2.475623
-2.664247
-1.190290
-2.488746
0.764125
1.735945
-2.761086
2.999696
-2.173084
-0.718830
0.104877
-2.968347
-1.264917
-0.233743
0.436627
0.207496
1.808632
-0.994421
0.260602
0.237836
-1.046001
-1.325818
0.148890
-1.801887
-1.165905
-2.390664
-2.196281
1.012197
1.130954
1.570796
0.343024
0.507099
0.491809
2.173084
-1.933341
1.745469
0.484478
1.837048
2.577023
1.279340
0.808650
-2.919511
-1.239700
-2.677945
-0.223477
2.770701
1.348714
1.727398
0.174672
-1.249046
1.352127
-1.700499
2.010639
1.967876
0.694738
1.382575
-2.677945
-0.493941
-1.735945
-1.453688
-2.214297
-2.321725
-1.249046
1.570796
2.850136
1.264917
-1.866237
-0.049958
0.083141
2.664247
1.626295
2.578276
2.539305
0.191184
-0.104877
-1.801887
-1.841743
2.356194
-1.501940
0.915101
-1.373401
-0.449760
0.715744
1.341564
1.862253
-1.335251
-2.736701
-1.475845
-3.011890
-1.325818
2.393215
-1.222025
0.244979
0.222082
-1.258754
-1.475845
2.918116
-1.667270
-1.424784
-0.496423
-2.095592
-1.866237
-0.602287
-1.730709
-2.541542
-0.548549
2.718739
2.498092
-2.442933
-0.083141
-1.706324
-2.214297
-0.750929
1.892547
-0.856706
-2.034444
1.989021
1.158386
1.993650
0.714091
-2.083186
-2.922924
2.321725
-0.286051
-0.274167
0.244979
2.336589
1.339706
-1.249046
0.179853
2.388441
-2.802300
-2.284887
-2.634494
-1.881795
0.090660
1.570796
-1.969319
0.945311
2.956245
-0.665969
-2.723368
-1.892547
-2.173084
-2.245537
-1.475845
-2.137526
-1.487655
1.091277
-1.136126
-2.699218
1.176005
0.531724
1.778293
0.605545
-1.993650
-1.620755
-0.197396
-2.074962
-2.695487
2.034444
1.421906
-2.919511
2.533791
1.570796
-1.325818
-2.697173
2.582993
1.382575
0.218669
-0.223477
-0.331096
-1.337053
-2.910502
-2.142134
-0.576375
-2.777614
0.229232
0.785398
-1.107149
0.321751
-2.488746
-3.086094
2.158799
-1.642104
2.914794
-2.982937
1.034985
-1.661456
3.089010
-0.636508
-2.459276
0.380506
-3.094010
-3.020969
-0.392340
-1.892547
0.939717
1.421906
2.393215
2.570255
-0.214061
2.572279
0.862170
-2.284887
-3.039386
0.442374
-2.663240
3.141593
-1.083897
2.884269
-1.299849
-2.116451
-1.892547
-0.945311
-2.828691
2.777614
-0.370891
-1.892547
0.354706
1.337053
-2.536048
-0.956133
2.634494
-0.938047
2.875341
-1.570796
2.578276
-2.446854
1.570796
-2.059130
2.645170
1.719686
1.831399
-2.611377
-2.999696
-2.514850
-2.796037
-1.837048
0.637549
2.379446
-3.039386
-1.121037
2.788602
-2.034444
1.107149
-2.969402
-2.219792
-2.736701
2.401618
-2.047264
-0.298499
-2.880990
0.104877
1.570796
-1.030377
-1.176005
-0.655696
-2.055274
0.588003
1.633215
3.113029
-1.264917
-1.934775
1.199905
2.258468
-2.132718
3.091634
-1.337053
-0.750929
-1.091277
-0.052583
2.976444
-0.404892
-1.282741
2.055274
1.022247
-0.421419
-1.063698
-1.545802
-1.471128
1.774814
0.822418
-2.544416
-3.062809
-0.486899
-0.418224
1.420425
-0.718830
2.111216
2.380580
-2.034444
-1.044730
-0.321751
2.459276
-1.892547
2.638749
-2.284887
0.669639
0.571337
0.643501
-2.622447
0.811034
-0.785398
-0.956133
-2.521343
0.156602
0.694738
2.884269
2.567288
0.260602
-0.052583
-0.819867
-2.196281
-1.030377
2.356194
-0.785398
0.588003
2.397837
-2.593043
1.262744
-1.435269
-2.782822
-2.356194
-1.390943
2.461071
2.770701
-2.399645
2.051684
3.046641
0.785398
-1.423718
-1.217806
2.578276
2.094075
0.868539
-0.711459
-2.934096
2.736701
-0.534955
2.473303
-2.034444
-2.254506
0.683709
2.956245
2.379446
2.833540
-1.525373
-2.718739
0.950547
1.092444
0.722979
-2.677945
-2.689439
2.466852
2.185459
1.318242
-1.199905
0.625485
-1.510264
2.457883
-1.623379
0.260602
-1.878849
2.804918
-0.655696
-0.982794
3.045119
-2.914794
0.510488
0.956133
-1.477320
0.613207
2.517570
1.530818
2.418613
2.718739
-3.077166
-1.620755
-1.152572
-1.570796
1.471128
1.902856
-3.108272
1.494024
-0.352990
0.651077
0.750929
-0.785398
1.768192
3.141593
1.238737
-1.141034
-0.266252
-2.704965
-0.753151
1.313473
-0.950547
-2.477546
-0.856706
2.663240
0.968509
3.141593
-0.305879
2.286540
2.013171
0.332059
2.439336
2.134113
-0.737815
-1.067953
-2.234842
-2.611377
