2.704965
-2.414950
-2.896614
-0.207496
1.190290
0.058756
-1.030377
0.714091
-0.207496
0.278300
-2.284887
-0.614663
-2.284887
-1.007480
1.199905
2.356194
-2.961739
2.158799
2.466852
-1.951303
-1.313473
2.231839
1.236059
1.969319
-2.119346
-0.278300
0.825377
-2.383215
1.815775
-0.507099
2.659079
-2.259721
0.851966
0.223477
0.055499
2.259721
-0.049958
2.480549
-1.019141
0.352990
-0.819867
1.523213
-0.554307
-0.278300
1.784857
2.205823
3.041924
-2.452668
-1.806341
-1.759018
-1.629552
-2.191046
-1.843805
0.588003
2.999696
3.064821
-1.681454
-1.657535
-2.134113
-0.442374
-2.863293
0.708626
-1.147942
0.278300
-1.849096
2.104505
-2.506566
1.475845
-2.718739
-1.854590
-3.046641
-1.107149
-0.563316
1.735945
-0.233743
2.265535
0.086738
0.039979
0.062419
2.265535
-2.015216
2.677945
-0.945311
-2.055274
-0.076772
-0.390607
-0.172191
1.841743
-2.677945
-1.428899
-2.279423
1.441094
3.099950
0.463648
0.548549
0.000000
-0.909753
0.348771
-2.134113
-1.993650
2.077895
0.158655
1.876675
0.722979
0.302885
2.147172
-0.982794
2.833540
-2.034444
1.325818
0.463648
-3.011890
-1.815775
1.086318
-1.130954
-1.063698
-0.661043
0.982794
0.665969
-0.574305
1.484058
2.508844
2.452668
-1.525373
1.993650
-2.055274
-1.046001
-2.356194
0.972377
2.953371
2.439336
-0.398522
0.179853
-1.199905
-0.244979
-3.054854
-2.999696
3.141593
1.058407
-2.321725
3.101614
3.098142
1.633215
-2.806856
1.661456
-2.806856
-1.916352
0.588003
2.918116
-1.325818
1.719686
-1.465919
-0.197396
2.239086
-0.881872
-2.593043
-1.190290
1.182478
2.111216
1.980924
1.570796
0.817645
-1.236059
-1.961403
-2.835714
-0.352990
2.089942
-0.702257
-0.714091
-2.231839
1.107149
1.943784
-1.373401
2.356194
-2.231839
-0.785398
-0.286051
0.463648
-0.104877
-2.119346
0.785398
1.083897
-1.217806
-1.264917
1.750650
-1.083897
-1.975688
1.520838
0.876058
-2.792822
-2.055274
-0.822418
-1.126377
-1.959115
2.677945
-2.657115
0.540420
-3.058451
0.442374
2.907849
-1.063698
2.119346
2.498092
-1.794273
-2.185459
0.750929
1.876675
-0.086738
-2.125104
-2.516108
0.286051
-0.554307
0.489957
-0.104877
-2.677945
1.275355
-2.731465
-2.053310
-0.817645
-0.540420
-2.015216
0.055499
-2.806856
2.723368
-1.661456
-2.638749
2.411693
0.718830
-1.071450
0.135528
-2.697173
-2.418613
1.670465
-1.390943
2.506566
-2.906048
-0.625485
-1.815775
-2.695487
-0.197396
-2.936197
-0.426627
-1.190290
-2.356194
2.934096
-2.506566
-2.239086
0.620249
-0.625485
2.657115
0.935770
2.466852
-0.563316
-0.708626
-1.016489
1.523213
2.723368
-2.638749
3.141593
-1.837048
2.953371
-2.659079
-0.305879
0.363979
-2.714965
0.909753
-2.393215
-2.034444
1.759018
-0.244979
1.428899
-2.173084
0.045423
-2.774419
-0.876058
2.411693
-2.275290
-0.295441
1.706324
-0.748378
-2.804918
2.473303
0.927295
0.999459
2.677945
-1.022247
-0.785398
1.681454
2.761086
-0.336675
-0.540420
0.156602
-1.570796
0.174672
0.750929
0.755104
-2.319174
1.910089
0.785398
-2.792822
1.039072
0.600050
-2.325901
1.907471
-1.107149
-0.358771
-0.554307
-1.620755
-0.519146
2.736701
-2.073640
3.103150
0.049958
2.697173
-0.825377
-2.982937
2.819842
-1.570796
-1.934775
2.582993
0.000000
0.600050
-0.813962
-2.441700
2.835714
0.188222
3.011890
1.088283
2.777614
1.107149
0.507099
1.876675
-0.888480
-0.047583
2.782822
2.944197
0.745419
1.428899
2.265535
0.404892
1.768192
0.551655
-0.994421
0.197396
-1.264917
-2.010639
-0.554307
0.000000
2.593043
-2.750986
-1.892547
-2.473303
-1.527345
-0.635027
0.512389
-1.107149
2.034444
1.107149
-3.006065
-2.473303
-1.421906
1.088283
-3.017238
-2.565217
-1.989021
1.046001
-1.989021
0.000000
-1.071450
-2.102520
-0.336675
3.058451
-2.770701
0.444419
0.531724
-0.750929
-2.819842
-2.609869
-0.398522
-2.390664
1.892547
0.418224
-0.927295
2.593043
2.736701
-1.794273
1.083897
1.653938
1.421906
-3.046641
-0.308053
-2.205823
2.855541
1.616220
-3.101614
1.934775
2.223643
2.855541
1.951303
-0.819867
1.735945
2.111216
1.892547
2.013171
-0.548549
-0.079830
1.778293
-1.446441
-1.262744
2.723368
-2.984991
0.233743
0.902507
-0.321751
3.141593
-0.336675
1.570796
1.570796
-1.750650
0.244979
-0.844154
-2.553590
-0.262995
0.917950
-2.961739
0.844154
-2.388441
-0.302885
2.418613
-0.753151
3.050933
2.119346
1.919567
2.145101
-0.404892
-0.507099
0.321751
-0.785398
1.706324
-2.526930
2.034444
1.212026
-1.363300
-2.356194
-1.665748
1.039072
1.172274
3.011890
-2.907849
-2.239086
2.010639
-2.526930
-0.380506
0.442374
0.851966
0.817645
-1.969319
-2.236766
-0.682317
-0.881872
0.099669
-1.267911
-1.435269
-0.815692
0.110657
-0.935770
1.570796
-0.045423
-2.659079
-2.601173
-1.046001
-2.982937
2.645170
0.090660
2.753274
-1.315614
1.804540
-2.480549
3.141593
1.428899
-0.968509
1.441094
-1.307802
2.145101
-0.507099
0.822418
0.352990
2.992703
-1.046001
3.141593
2.582993
-0.083141
-2.944197
-2.819842
-2.013171
-1.261093
-2.936197
2.651635
0.785398
-1.086318
-2.356194
2.846152
-2.414950
-3.006065
-1.051650
-1.128422
-1.063698
1.086318
2.788602
1.623379
-0.244979
1.279340
-3.064821
1.657535
2.147172
-2.850136
2.553590
-2.875341
-0.718830
-1.199905
-0.688924
-1.071450
2.214297
-2.718739
-1.873681
-0.135528
3.050933
1.892547
-2.480549
2.896614
1.007480
-0.308053
2.323948
1.304544
-0.785398
2.418613
-2.731465
-2.761086
-2.129396
-1.825979
-2.170847
-0.104877
0.817645
1.570796
1.657535
2.214297
2.526930
1.520838
-2.731465
-2.095592
-0.718830
-2.587285
0.463648
1.046001
0.188222
1.989021
0.507099
-0.571337
-0.970746
-1.030377
1.107149
1.750650
-2.587285
-1.071450
-1.523213
1.969319
-0.844154
2.718739
-1.471128
1.165905
-1.706324
-1.453688
-1.612439
-1.046001
-0.257324
-0.558599
2.539305
2.111216
0.291457
-2.718739
-3.099950
2.077895
-1.234122
3.017238
-1.518213
-1.086318
-2.119346
2.083186
2.102520
2.541542
0.499347
3.094010
-0.283794
2.857799
0.571337
-2.013171
0.266252
-2.384758
2.723368
2.010639
0.141897
-2.886410
-2.203545
0.266252
-0.935770
-1.337053
0.635027
1.993650
2.907849
0.000000
0.915101
-1.107149
2.034444
-1.206817
-2.223643
-2.231839
-1.363300
-1.653938
0.847817
-0.062419
0.398522
2.886410
-2.388441
0.994421
2.270689
-2.303611
1.934775
1.969319
0.305879
2.034444
1.862253
2.804918
-1.262744
-0.444419
-1.929567
1.264917
1.083897
0.305879
2.089942
-0.148890
1.264917
-1.414194
-1.742987
2.992703
3.058451
1.620755
3.141593
-1.279340
-2.134113
0.363979
1.943784
0.643501
-1.067953
-2.659079
-1.620755
0.412410
3.141593
-0.785398
-1.570796
1.934775
1.735945
-0.758378
-1.923787
1.815775
1.190290
2.480549
-2.907849
-0.172191
0.135528
0.856706
0.321751
0.499347
0.856706
-2.875341
-2.418613
-2.089942
-0.165149
2.753274
-0.257324
0.305879
-1.681454
1.231504
-2.878598
1.190290
3.041924
2.170847
0.398522
0.000000
2.319174
-2.070143
