-2.123820
-0.546621
-2.452234
-2.383273
-1.873882
2.056961
0.116232
-2.982223
-0.484299
2.518798
-1.782929
1.601711
2.079671
-0.582523
2.236796
-2.850276
-0.231377
2.518653
2.240947
-0.460323
-0.043614
-1.814908
-1.806462
2.116787
0.111782
2.217238
-0.089030
-0.524392
0.186781
2.610024
1.898952
2.192839
2.617624
2.072895
1.871805
2.272073
0.147275
2.379717
2.378599
2.219355
-1.933153
-0.775970
-0.439578
-2.613455
1.876098
2.358660
-0.591006
2.005316
2.491380
-2.662510
2.090318
-2.739135
-1.474023
-1.546555
-2.017696
3.170987
-0.263643
-1.911121
2.097615
2.114289
2.426661
-0.409135
-2.115859
1.013715
2.061013
2.055651
0.050029
-2.721027
-2.154415
2.330281
-1.834926
1.007851
2.438163
2.136220
-1.591975
-0.203479
-1.147196
2.325565
2.633212
2.716398
-0.364921
1.777144
-2.248979
-1.875998
-2.646980
-1.146000
-0.236417
1.737733
-2.067763
-1.919037
-0.431206
0.370689
1.592046
2.394373
-1.069793
2.094312
-0.335368
-0.073341
0.652014
1.719122
1.726666
-0.725654
2.032318
2.383891
1.852063
-1.459138
-1.859813
-0.068284
-1.559016
-2.685316
0.193260
2.787881
2.408611
0.010975
2.187107
-2.147709
2.606045
-2.545364
2.150457
-2.255949
-0.470974
2.592391
1.039848
-1.039499
-0.264664
2.383125
-2.988656
2.710579
-1.736531
-0.434239
-1.054733
1.698819
-2.797505
-1.904381
-2.798337
2.490555
-0.511848
-0.571102
-2.222006
-2.995927
-0.510483
2.042565
2.018964
1.905745
2.482817
2.473231
-1.039785
2.422448
2.077218
1.909501
-0.626196
-2.352974
2.230986
2.752736
2.551089
-0.856298
1.287394
0.134639
-1.088312
-2.083696
-2.260823
-0.790343
2.424095
2.575565
-5.000355
2.712726
1.964513
3.096577
-1.111739
-0.261952
2.487025
-1.851920
-0.047652
1.744980
2.149203
2.390334
-1.700009
-0.167518
2.478465
-1.179700
-0.136625
2.511768
2.067528
2.386024
-2.607882
1.777677
-2.468729
-0.441442
-2.542758
-2.071912
-2.102308
2.555980
2.491774
-0.504256
-0.254880
2.260796
-2.707638
1.933107
-0.355533
1.382621
-0.490701
-0.546188
-0.476078
1.959490
2.437721
0.680189
2.158341
-0.463012
-2.046318
-1.015412
2.068501
1.796815
2.510019
-0.226368
2.637871
1.932519
2.703807
2.039473
-0.058775
-0.304870
2.289573
-1.891418
-0.460541
-1.492894
1.737759
2.269892
0.149536
2.515018
0.109060
-1.954500
-2.604246
-2.442111
2.179163
-2.378209
-1.952988
-0.173593
1.926168
-0.624928
-2.861425
2.409703
-2.398291
2.167048
-0.591157
2.477152
2.416180
-0.583725
-2.486836
1.932291
2.743114
-2.265020
1.515739
2.299409
-0.173527
2.552995
-2.279302
0.124801
2.460938
-2.653065
-0.221972
-0.454943
1.671680
2.419518
0.734074
0.104253
2.427669
1.456221
-2.627789
2.311642
2.269583
1.994915
-0.191107
2.678082
-0.397190
2.038415
-1.566751
-2.196925
-1.868595
-2.381134
-1.690378
-1.051717
2.540934
2.036980
1.963316
-1.334110
0.283686
-2.312705
2.491307
0.070388
-0.550302
-2.198322
2.144848
2.695648
1.907838
2.186497
-2.953340
-2.396962
-2.073035
-2.893960
2.332342
-1.393742
2.536923
-0.347478
1.837292
2.093251
-2.392027
-2.491553
2.027010
-0.504965
2.464992
2.469650
-0.351085
-1.048509
0.145039
-2.164811
-0.853816
-3.041413
1.936987
-0.426193
-0.110389
-1.402258
-0.168239
-0.570252
2.553631
-0.370402
1.178972
-0.902786
1.948373
-2.502037
-0.478638
2.742063
0.050255
0.451598
-2.492814
-1.025592
-1.630544
-0.247024
-0.650581
0.900874
1.737074
1.304133
2.516724
-1.446094
2.338505
-1.019363
1.847300
-1.403180
-0.098568
-2.386128
-0.536251
-0.507736
-0.959740
-3.119231
-0.521078
-1.511925
2.258364
-0.017152
2.239462
2.665899
-1.497527
2.227868
-2.488684
-2.025390
1.943450
2.792660
2.247218
-2.042228
2.029639
2.868685
-0.381138
-1.882606
-0.025892
-2.365999
1.820924
-1.511299
2.056691
1.855140
-1.466145
2.869564
3.413270
1.237414
-1.932928
2.999773
2.713836
-2.477145
-1.722213
-0.575681
2.544824
2.589724
2.340455
-0.389557
-1.015414
-1.855360
2.378660
1.650986
2.486059
-0.169454
2.605093
1.809573
-1.598280
-1.935719
1.869882
-1.953443
-1.260135
-2.676550
0.166545
0.981938
2.444264
0.003399
-2.918957
2.515562
2.067243
1.463039
-2.247022
-2.578715
-0.051326
-2.256046
1.603879
2.059554
2.100387
-0.166067
2.340637
1.307583
-2.657527
-1.520874
1.855170
2.494473
0.101225
2.102817
-0.280427
2.055382
-2.812195
1.803411
1.265581
1.918634
1.959909
-2.293686
2.511016
-2.424064
0.192116
2.241297
-2.908523
-1.709490
-0.618690
2.017165
2.015347
-2.552401
2.641649
1.088643
2.099197
2.338068
2.146957
-1.859659
1.302838
-3.530046
-1.593001
2.034987
0.089655
-1.479473
1.548503
1.805635
-2.659080
2.021567
1.239323
1.632734
2.075546
2.609141
-2.261230
2.540344
0.989922
-1.914271
0.022701
-1.001339
-2.732249
-1.600922
2.164490
-2.441118
-1.214338
-2.187506
2.179051
2.238899
0.403261
2.398733
2.696627
2.028423
2.777225
1.599266
-0.347494
-2.360244
0.108503
1.798855
2.348743
2.561784
-0.681500
2.470360
2.007983
1.812980
-0.424455
1.729697
-2.898974
-2.543574
-0.193300
2.573723
-1.666228
-2.532703
-2.778805
2.138766
2.128400
-2.193609
-0.438615
-0.516411
2.068572
-2.493366
-0.445527
1.963958
-2.807030
0.038347
2.090603
1.207960
-2.197537
-2.062481
-1.997300
-0.267895
-0.244393
-0.491993
2.054141
2.564505
2.139998
2.615848
-2.824254
2.006390
-2.275915
2.020374
-3.078167
-0.293039
2.296557
2.522676
-0.512309
-2.164927
-1.050245
-0.308380
2.408989
2.385048
-0.300307
0.053901
2.466824
2.696176
0.075499
2.704655
-0.003811
-2.779281
2.220428
3.030050
2.400692
-2.719290
-0.305570
1.452509
2.329759
-1.143750
2.257333
0.278619
-0.265354
-1.977128
-1.580820
2.081876
0.205219
-3.089176
-2.141337
-2.790337
-0.616101
-2.396112
1.768152
-2.327955
2.857953
-0.240472
-0.476635
-1.131056
-0.320686
-0.383117
-0.079938
2.320011
-0.564178
0.960266
-2.325732
2.566207
1.964072
-2.158209
-0.435977
-1.702306
-0.036237
2.030924
-0.907677
-0.573596
2.098469
-1.106412
2.201030
0.152920
2.682103
-0.188888
1.239927
2.476530
2.589057
-1.396995
2.495700
2.857121
2.387506
2.008907
1.210407
2.482214
2.586368
2.417907
-3.125030
-2.276942
1.501623
2.273898
1.906710
-2.186724
-2.281619
-2.075115
2.297667
-0.223650
-2.906733
-0.659558
-2.721599
-2.193704
0.478742
2.732833
2.194125
-0.348105
2.692937
-1.483281
-2.392949
2.423620
-0.191074
-1.990901
-0.514685
-0.212987
-2.367629
-1.612438
2.294775
-2.394571
-0.438493
-2.589765
1.998199
2.748575
2.257886
-0.899449
2.287833
-2.312168
-2.405842
2.336305
-0.213806
1.768683
-0.303463
-2.473729
0.079811
-0.343819
-1.764798
2.269645
1.934554
-1.644225
2.662590
1.893189
-0.569831
-1.286512
-0.409681
1.414876
-0.689220
2.475199
-2.394445
2.239193
-1.652723
2.645701
1.724321
-1.220967
2.427072
2.173007
-2.229812
-0.639605
-0.358823
1.201637
1.941759
1.950928
0.809254
-2.326325
2.546238
-2.115119
1.730703
-1.223535
1.850735
2.060834
