-3.152155
1.925090
2.380697
0.134424
0.361961
1.310109
1.869024
2.086093
0.328191
-2.016366
2.409476
1.326830
-2.324151
3.080940
-0.351411
-0.445966
0.115217
2.670832
-0.617595
0.331878
1.761727
-3.080725
2.641409
-1.364231
2.287451
0.287474
3.173588
1.142384
-2.456795
-2.947074
-0.684741
-0.570593
1.251929
0.980650
-1.971076
0.762011
-1.148301
2.475730
2.437581
-2.900574
-1.609214
-2.661250
-1.996859
2.317859
-0.231235
-2.823109
-0.192361
-1.206511
2.238749
-1.144837
-2.439214
-1.778183
3.379149
-0.505687
1.732795
1.882449
-0.742861
-2.509945
-2.491420
2.174074
-2.853465
-0.951390
-2.061882
-2.889365
1.441072
-2.180188
2.526585
1.559389
0.825176
1.753033
1.333798
-2.521164
1.590110
0.142372
-0.275456
2.177928
2.791744
3.424752
2.992425
2.618416
-1.650899
-1.923772
-0.957650
-2.709153
-2.645326
-0.225037
2.146032
-0.264983
1.989440
2.163650
0.144337
1.079693
1.752360
2.344268
3.226117
-0.150542
1.247847
-1.938918
1.169791
-1.506078
0.874457
2.242392
-1.931357
2.462243
-2.571146
-2.136344
-1.634830
-0.512791
-3.026780
-0.533542
3.389907
-3.046437
-0.665790
2.515504
2.014363
1.176224
2.039099
-1.113608
1.209417
-2.175577
2.052722
2.612125
-0.295094
2.328768
1.035078
-2.533233
2.747477
-2.134301
-1.860743
3.378328
2.746773
1.250347
-3.018734
2.455441
0.978894
3.003004
2.980632
-1.624779
2.575260
2.554840
-1.646157
-1.982533
-1.861116
1.654197
1.428024
1.275353
2.229268
3.031571
0.885483
1.841779
-2.416307
-2.734444
1.869314
0.279644
3.015752
-2.404880
-2.258187
2.138333
-1.070081
-0.283873
-2.225612
2.321964
1.158493
2.387112
-2.639203
1.743610
-0.196720
2.479551
-0.222402
-2.057396
-1.185461
0.440599
3.618471
-1.786720
-2.397503
2.050009
-1.138560
2.291577
1.791832
-2.999530
2.101745
-1.795771
2.419256
2.004769
1.927609
3.766108
-0.590833
2.735688
-1.360994
-0.400867
2.340372
3.026060
-0.520886
2.531094
2.481596
1.133160
-2.090018
-0.063336
-1.582880
-2.033500
-1.570127
2.368298
1.134949
1.144793
-2.279575
-1.105334
-0.675080
4.180715
2.033150
2.010017
2.172271
2.039380
3.186171
3.022350
-0.238982
0.373333
3.875667
1.819963
-2.472895
2.405253
0.198343
-1.446236
3.407249
-2.579655
1.136387
3.170533
-1.781197
3.309701
2.460269
1.146208
1.561443
-1.205699
-0.511038
-4.016469
-0.636350
-2.395086
2.001776
-1.886843
-1.417768
1.949829
-3.009131
2.068224
2.021770
-3.190972
-0.112158
2.350367
1.767873
-1.776373
-0.525523
2.245693
-2.362397
1.927255
2.006234
1.577971
1.210162
2.423872
-0.176794
2.597479
2.241423
-2.506342
-2.765608
-1.790139
1.692344
-1.417582
-2.049245
-2.593117
2.483249
2.782042
-0.215187
1.820686
-2.971376
-2.486311
-1.328754
-2.704592
-3.269459
0.913891
2.491946
2.427386
1.748717
-1.803326
0.745755
2.815422
2.618060
0.346420
2.494677
0.291309
0.224350
2.064335
-1.667436
2.392381
-0.294228
2.222366
-2.443395
2.210227
3.539690
2.240709
1.978164
0.141883
2.279237
-2.373213
0.658775
-1.683430
-3.007368
1.716677
1.663209
0.677646
-2.580925
-1.364356
2.981092
1.985704
1.772821
1.755120
0.099248
-1.494666
1.160837
-1.603105
2.147942
2.626090
-2.227643
-1.955025
-2.494028
-0.051455
0.928183
2.486676
-2.105179
1.055602
-1.720359
3.777926
1.953284
-0.365947
2.887297
2.374100
-0.343691
1.702206
0.825605
2.517453
2.593654
2.257836
-0.194578
0.447304
-2.036925
-0.162558
-0.305664
-0.880161
2.555300
2.292358
-1.810885
-2.068292
2.457082
-2.744630
-3.110587
2.616168
-0.572978
-3.428866
-2.656299
2.135518
-0.788122
-1.332071
-0.365745
2.794010
-1.306221
-2.133665
2.759431
0.962186
-1.856933
2.537325
-1.972801
1.719241
0.581494
1.144099
2.339558
-2.003844
-2.495379
2.147630
2.340036
1.191899
-0.299074
1.400340
2.967155
-2.372927
0.465910
0.158425
2.386260
-2.539717
-2.740471
2.803906
0.086809
2.602351
-2.508073
0.750240
0.334310
1.882885
-2.076241
-1.551806
1.957773
2.384973
-2.005765
1.658985
2.032722
-0.016578
-2.448236
1.861236
2.470467
2.432696
-2.888813
-2.478507
1.795965
3.586516
-0.029353
2.487128
2.422008
2.496590
-0.034780
-2.852018
2.101364
2.321250
2.248654
2.458169
2.148824
0.129511
-2.269537
1.851774
0.785587
-1.797869
-0.659214
0.362372
1.750150
1.754734
2.557974
-1.819593
-0.607667
-1.297478
2.226553
-2.147384
-0.125638
-1.373467
-0.554433
-2.886105
1.288979
-1.832333
3.476057
-0.845695
2.775564
-1.059251
2.114931
-2.272354
2.448081
-2.111094
2.394827
-2.486734
0.488377
1.553811
2.205388
-1.785758
2.080617
-2.543869
0.496155
-2.542528
-2.011352
2.117725
0.076520
1.973190
-1.967155
-1.605067
2.671601
1.804455
-1.782646
-0.028957
2.661966
1.963645
-0.355246
-2.722947
2.983174
2.306709
0.058728
-0.602438
-1.924542
1.708609
-2.660727
-2.297289
-0.086382
2.482741
-1.706301
-1.927791
2.322315
0.428998
2.276238
3.135115
2.018582
2.042903
-0.882180
1.024241
1.564976
2.060543
-2.265579
-0.078935
2.051418
1.190653
3.062774
-0.633806
-1.031271
1.225403
-1.521711
2.283352
3.124609
2.236571
-2.877474
2.550956
0.661382
0.160294
2.589712
0.031921
-0.077956
-1.540463
2.931850
2.618018
2.851921
2.402636
1.890958
-1.154270
2.704868
0.662942
0.943866
1.900074
0.300202
2.229023
-1.639829
2.127583
1.501638
-2.563608
1.729609
-2.764191
1.282595
2.075167
1.866207
-2.036364
2.778682
-1.452009
0.483800
0.066425
2.482086
-1.118707
-2.493571
2.177055
-2.436446
-2.569115
0.499125
2.373843
1.865789
1.062847
-2.903662
-1.383803
-2.205430
-1.095481
1.427534
2.263232
1.155974
2.092196
1.552324
2.532489
2.414719
-2.320353
-0.334380
-1.244362
-2.168184
-0.319059
-2.140910
-1.638349
-2.482295
1.688514
0.112600
2.320398
1.224839
-0.422103
2.441900
-3.060800
-2.295260
-2.775071
3.079809
-1.615410
3.716246
2.535714
2.538915
0.129605
1.815798
-1.253178
-1.644618
-0.085754
-0.869772
1.600255
-1.333729
2.007786
-1.820244
-2.450618
-2.046319
-0.423605
2.633435
-2.188126
-2.573883
1.167862
-2.532619
-0.576345
2.437507
-1.815471
-1.814898
1.935919
-0.178045
0.010737
2.938296
2.211669
0.807210
2.456458
2.317974
-0.483129
-2.667130
-1.978410
-0.895131
-1.289325
-1.778501
2.066160
-2.622899
1.142714
1.762205
-1.852042
-2.205975
0.461837
-2.929823
-1.661645
1.997627
2.559881
2.070993
-0.902085
-2.699646
1.947028
2.047007
0.600189
-2.522352
-0.056248
2.029395
2.388898
-1.883021
-2.678049
-1.843176
2.325471
-2.473729
2.688822
2.313266
1.133028
0.485369
2.452928
1.713464
0.305219
1.667762
-2.167744
2.276128
2.122129
2.499708
-2.583875
1.193302
3.577081
-0.895258
2.341500
-2.677745
-0.405942
-0.210284
2.446260
-2.225736
2.236253
0.120086
-2.236937
1.952636
1.535660
2.383135
-0.426437
-2.693757
2.858560
-0.073580
1.526855
-2.805261
2.232801
0.218803
1.131202
-1.882510
2.822776
-1.913604
1.647505
-2.217377
1.172993
2.381229
-2.560114
