2.049818
1.772894
2.722951
1.822251
-3.448106
2.456024
-2.558727
1.818103
2.141770
-1.273911
-2.602132
2.689814
0.181726
1.088005
2.432178
-0.241115
-2.795839
1.796123
1.900872
1.285217
1.767326
-0.021563
-2.606554
-1.802148
2.353703
2.319173
1.704864
2.296550
-0.607746
-2.490070
-2.100590
1.595121
-0.572914
-2.725462
-1.940723
-1.623192
2.741269
-2.113813
2.419920
0.937769
-2.277698
1.957285
2.348776
2.255398
1.238257
-0.555639
-1.968476
0.094722
2.256906
2.384072
-2.329996
1.245703
2.041792
-0.710756
2.464442
-0.142155
-1.683209
2.546930
-0.986815
-0.713931
-2.444491
-2.653819
1.990079
-1.902307
2.398976
2.312555
-1.242167
-0.587399
-1.916761
2.207435
-2.336381
2.571017
1.085966
2.438216
2.539505
-0.056455
2.099108
-0.141222
-2.058654
2.667199
-0.932214
-2.359848
-2.904706
2.428171
-2.295639
1.843827
-0.542082
-2.900800
2.510671
-0.462751
1.599004
-0.585705
2.069634
-1.833058
1.204476
1.339136
1.764170
-1.819387
2.287892
-0.193661
3.002860
-2.801812
-0.408264
2.086886
-0.534568
2.367234
2.390366
-0.520304
-0.207551
-0.534872
2.339427
-0.532476
-2.032593
-2.306426
-2.966272
2.153528
-2.498040
-3.007171
-0.188875
2.272616
2.605620
0.123677
-1.599975
-2.946859
2.234745
1.242881
2.168453
-2.606253
2.261954
-2.368933
-0.551465
-0.593065
1.762560
-1.416987
-0.460589
2.027334
0.016877
-2.763672
-2.558341
-2.508249
2.230925
2.043348
-0.786762
-0.645120
1.682044
2.437647
2.340487
-2.644831
-2.531626
0.260562
-2.557035
-0.521470
2.461264
-0.180024
-2.229148
-1.943676
2.461328
-0.575064
2.205377
-0.397113
-1.854714
-0.325954
2.124858
2.336277
-2.604337
1.878316
2.449691
-0.571543
-0.514706
1.688790
2.007607
2.476568
0.964557
2.059286
-2.763282
-2.208689
-2.135129
1.274186
-2.000926
-1.384667
1.973574
0.874524
1.940477
-3.524505
2.187677
2.615997
-2.192113
2.331526
-1.958058
2.429979
-0.016585
2.191839
2.183677
-1.727991
-3.026089
1.738827
2.033782
1.770775
-2.095259
-0.501361
-0.772620
2.277042
0.152873
-0.628786
-2.740062
-1.972737
-2.345315
-2.519444
2.216129
-0.448775
-2.103080
-2.520197
2.502632
2.067706
1.891201
1.681967
1.644789
-2.364147
1.626472
1.981972
-2.690000
-0.237451
-2.525783
-2.129558
2.454433
-2.458148
2.719969
2.462161
-0.508673
-1.367675
2.358418
-1.787497
-2.486806
2.340066
-2.322308
-1.792982
0.385897
2.378609
1.690027
2.755152
-2.299173
1.806545
2.457526
1.928842
-0.128364
-2.693797
2.406084
2.174287
-0.143197
-0.046303
-2.163524
-2.520756
1.974871
1.994728
-0.151852
0.073082
-0.512543
-2.658429
2.760741
-2.953920
-0.582559
-1.744920
-0.636255
2.065897
-2.801306
-2.298213
2.332057
1.267154
2.444154
-2.375404
1.764131
1.980897
1.629554
0.176163
-2.906538
2.245696
-2.804136
-1.680967
1.808857
2.193033
-0.119879
2.347240
-2.548153
1.750337
2.139625
-0.108232
-2.356776
2.219460
-2.892453
-1.981063
1.756241
-2.428769
2.077423
-2.716427
1.820639
0.162688
2.407714
-0.107666
-2.835892
2.553775
2.200366
2.061011
-2.912697
-2.970679
2.193934
-1.909709
-1.917182
-2.652486
-0.011082
-0.219055
1.792995
-1.476152
1.836715
2.304986
1.481114
-0.570338
2.307030
-0.100928
1.819567
-0.893732
2.635285
-0.001171
-0.295931
-1.068264
1.896315
2.169515
0.709957
-1.688023
1.709414
2.004889
-0.276431
-1.714919
2.356785
-0.660707
2.378537
2.504541
-2.776152
2.258574
2.532496
1.817826
-1.298052
-1.577688
2.261418
-1.377004
2.293014
-1.435331
-1.519850
1.977299
-0.170956
2.470458
2.459238
-2.796872
-2.501537
-2.649048
2.159768
2.146483
-2.716912
1.922482
2.012777
2.537816
2.353202
-3.246874
2.416479
2.094864
1.900422
2.288130
-2.450463
-2.675765
1.635243
1.597118
2.202885
1.941343
0.115080
2.784223
1.680232
2.087619
0.034247
-0.694034
2.237539
-0.395621
2.321061
0.110146
-2.634340
-2.051585
-2.591738
-0.534759
-2.675644
2.266108
1.848319
-2.834424
2.333175
1.578790
1.932868
2.451637
-1.727092
2.583080
-2.221106
-0.102515
0.212647
-2.677563
-3.147498
1.714165
-1.060174
-1.932932
-1.995564
-2.466824
1.287440
2.132117
2.165931
2.599567
-1.541294
-0.390391
-0.517703
-1.729486
-1.336222
1.938137
-1.352605
1.171581
1.914407
-1.573385
-1.814124
-2.061254
1.961864
1.965104
-2.999552
-0.566591
-2.967724
2.271672
-2.353850
-0.374077
-2.719569
2.275259
2.743096
-1.622600
-2.690304
2.380051
-2.668973
2.216532
2.479714
-1.377557
-2.023194
-2.171784
-0.513558
2.653266
-0.757518
2.537654
2.406673
0.288016
-0.264478
2.485201
-2.443393
-2.663041
-2.519343
-2.398808
2.083882
-2.785076
-2.825196
2.151433
1.676388
-1.238363
-0.654564
-1.353009
-1.590281
-2.591380
-0.417642
2.377507
-1.340858
-1.234445
-2.117117
2.512992
-0.657258
2.500219
1.831033
1.785761
1.954104
-2.292247
-2.085717
2.393808
-0.451654
0.125186
2.325768
1.704403
-2.048186
-2.053996
-1.105351
-1.691520
1.832702
-0.019481
1.951558
2.127290
1.308613
-1.589168
1.813056
-0.632563
-1.392290
1.860959
1.164090
2.362683
2.139752
-0.292501
-2.369222
2.403142
-1.451652
2.157170
1.836312
2.464997
-1.628623
2.638663
2.672502
2.537092
0.045146
2.459790
2.245125
-0.666656
2.080291
1.861988
-1.219038
2.316958
1.797083
1.653394
-2.602416
-1.886648
1.608913
2.757190
-2.312106
1.537990
-0.921162
2.208077
-1.168286
2.113389
2.328395
-0.180196
2.289493
-1.108503
-2.251116
2.205543
-0.714898
-3.455184
-2.254370
-0.601455
-2.257035
2.714695
2.610588
-2.837190
-2.574371
-2.788281
2.186215
0.308908
-3.324063
1.946859
-3.022856
-0.562683
2.371404
-3.344440
1.965571
-0.472545
-2.602630
2.453873
2.412179
1.850459
2.220692
2.466013
-3.006905
-0.591498
1.928211
1.763589
2.054674
-2.695767
1.723052
1.494110
1.783615
-2.658426
-2.795769
-0.463880
-1.962140
2.382643
-2.221889
2.492607
2.508085
-0.382809
-0.294465
-2.308451
-2.099495
-0.548805
2.583764
-2.307715
-0.524298
1.254017
-0.533103
2.367718
2.732407
2.629454
-2.384527
2.669280
2.019577
-0.320764
-2.382442
-2.965936
2.181021
-0.891281
1.509910
-1.063430
-0.926828
2.457348
-0.323850
2.288542
2.290028
1.857393
2.726196
0.394788
2.324866
2.397454
-0.029867
-0.272143
0.329871
-1.557217
1.813727
2.725950
0.086531
-1.386549
1.989953
-0.558492
1.709908
-3.012321
1.727925
1.972870
2.183124
2.214742
-0.670328
-0.818899
-2.266488
1.256874
1.187888
1.129052
1.058922
2.172484
-1.878233
-0.642829
1.798485
-1.278091
-0.379459
2.233136
-1.500642
0.288423
-1.616854
-2.102007
2.110729
-0.485152
2.191606
2.343031
2.291136
2.792243
-2.377734
-2.140122
-2.054075
-0.881670
-2.207084
-1.469252
2.110644
1.812802
2.701482
2.062438
-1.189926
-2.551328
-0.517429
0.252039
-2.808944
-2.890565
1.213256
-1.153941
2.413025
2.589321
1.371907
2.554314
-0.483568
-2.270965
-0.228872
1.095514
2.369689
2.425858
-2.528999
-0.539170
-2.611190
-2.218157
1.658823
1.986216
-1.200991
2.142616
1.167387
-2.087355
