0.073041
2.610819
-2.649107
2.532903
-0.048742
-3.052937
2.647651
1.431700
2.637966
-1.217806
1.698306
-2.475623
-0.532844
2.450256
0.770906
0.463648
0.402321
-2.913096
3.141593
0.027771
2.801211
0.674741
0.933248
-1.549966
-2.485897
0.209640
1.951303
-2.092631
-0.181649
0.068076
2.802300
1.145964
-2.245537
-1.365401
-1.287002
1.527345
-1.942864
-2.668686
1.273732
-0.193622
-2.699218
-0.737815
-1.494024
-2.508844
0.753151
-0.043451
0.593750
2.151553
-2.654693
-1.768192
0.233743
-1.098674
2.356194
1.791625
2.329174
-2.313966
-2.904744
-0.601074
-1.142018
3.141593
-0.353997
2.613518
-2.126290
0.606988
-3.048836
-0.945311
1.927016
-2.422763
-0.991722
2.061960
-2.276995
0.370891
-2.289626
-0.471460
1.217806
2.311448
1.152572
0.270947
0.969723
0.915101
-1.453688
-1.165905
1.460139
-0.429762
-0.536911
0.799096
2.424581
0.771315
1.969319
-0.263964
0.136403
-3.037800
-2.384758
-2.697173
2.034444
0.502843
3.061763
-1.182478
-2.827361
-1.659452
1.152572
-2.444571
-1.048962
1.262744
0.040794
-1.046877
-1.629552
-2.916316
0.851966
3.032931
2.370278
-0.110657
2.838708
-2.669471
2.470449
-0.654083
2.647651
0.576375
3.026716
-0.927295
-2.191046
1.065935
0.718830
1.695151
-2.459276
0.950547
1.438245
-0.658806
-1.462526
2.490516
0.744325
-3.098142
0.124355
1.570796
1.675673
2.289626
-2.746802
-1.126377
1.885028
1.870967
-1.852029
-1.089909
-1.249046
1.978945
1.007480
2.896614
2.312744
0.785398
-1.382575
2.301703
-0.685730
-0.347062
2.613518
-0.625485
0.849141
0.021736
-0.945311
2.441700
-1.506369
0.769006
-1.222025
2.202487
3.063322
2.024640
-0.336675
2.847358
0.599175
2.016097
0.548549
0.094952
-0.732815
-0.439843
1.475845
-1.797595
-0.694738
-2.295662
-1.715609
2.279423
2.745151
-0.476467
-2.856862
-1.388628
-2.753274
-2.896614
2.104505
1.925502
1.067953
2.750986
-1.634540
1.700499
1.386853
2.197539
1.799293
1.637364
1.942864
-3.041924
-1.041207
1.398606
-1.523213
-1.054101
-1.382575
-2.420621
0.965252
-2.839974
-2.083186
-1.873681
-2.295046
0.588003
2.424581
2.474287
-2.389515
-2.983824
0.438337
1.097890
0.739277
0.474400
1.685673
2.753274
-0.631691
1.356736
-0.475011
-1.805519
2.403778
-0.502843
3.141593
2.578276
-1.805519
0.785398
2.006150
3.007782
-2.750986
-1.735945
0.902507
-1.207649
1.150133
-0.834539
-2.191046
-1.332187
-1.530003
-2.469986
-0.295441
3.036716
-2.153149
0.129703
0.493941
1.409421
2.806856
0.595410
-2.972491
2.152701
-0.801270
-2.158799
-2.238102
-2.373142
3.120319
2.111216
2.768605
-2.916881
-2.461071
-0.451453
-0.422854
-2.107232
-3.030935
-2.095592
-1.450173
-0.482513
1.997424
2.236766
0.336675
2.597312
0.066568
-0.499347
-1.196463
0.588003
0.404892
-0.244979
-2.687749
2.170847
2.802300
-1.321209
-1.773842
0.620249
-2.857799
-0.588003
-2.798569
0.651077
-0.071307
2.356194
-1.507053
2.092631
1.570796
-2.428532
-0.616297
2.299114
2.082027
2.949545
2.961739
0.284730
2.218188
-0.680521
0.055499
-1.311465
-0.025635
2.698144
2.164146
1.570796
-0.524796
-1.692639
-3.006065
2.589938
-1.963854
-2.015216
-0.482513
-1.815775
-3.119374
-1.667270
1.764008
1.570796
-1.241172
-0.767856
0.408908
0.558599
2.271651
1.308676
-1.856848
-1.302886
-1.076855
-0.282555
-2.111216
1.543776
2.756435
2.142134
0.851966
2.882261
-0.117109
-2.677945
-2.701750
1.683947
2.508844
0.260602
-1.591627
0.454302
0.816638
-2.790148
2.930499
1.337053
-0.972377
-0.358771
1.266285
-0.391700
0.023252
1.916352
1.768192
1.249046
0.376490
-2.383215
-2.125104
-2.111216
0.726642
1.685673
-2.374374
0.165149
2.386488
-2.166206
-1.267911
1.118018
-0.927295
2.884269
-1.957672
-2.914794
1.368475
-1.147942
0.171379
2.370686
-2.543174
-1.147942
1.523213
-2.270689
0.862170
-0.681298
0.099669
0.135528
-2.659079
-0.657075
0.475695
1.124691
0.315616
-2.833540
-0.493941
0.321751
1.024630
2.281335
-2.282255
-1.820775
2.571552
-2.640579
-0.647811
-2.601173
3.084512
-2.343208
-0.582739
-2.026570
0.113792
2.083186
-0.226799
-0.186487
2.699218
1.570796
0.064427
-2.677945
1.289959
1.913820
-0.239743
-0.287281
1.725793
-2.914794
-2.454468
1.875307
-2.299114
0.347062
-0.438859
-2.838708
1.725115
-1.381597
3.041924
1.892547
-2.646041
-1.981861
1.496857
-1.354246
0.421419
-1.570796
2.223643
-1.650626
0.282555
-0.934288
-3.064821
-0.220829
-2.153149
-1.929567
2.268187
-0.298499
2.985998
-2.558516
2.383215
-0.700854
2.092631
-1.152572
1.331053
-0.575425
-3.030935
3.019750
-2.437979
-1.792111
-2.866167
-0.748378
0.532844
-0.732815
-1.190290
-2.285888
0.372068
1.778293
-0.275426
-2.158799
1.241747
-2.004750
-1.359703
0.504861
2.745151
2.714965
1.612439
-0.380506
-2.811968
1.940702
-0.422854
0.477345
-0.965252
-1.735945
0.000000
-0.915101
0.463648
-2.687291
-1.443824
-1.222025
2.201198
1.570796
2.121182
-2.922924
2.408778
2.444202
2.146221
-2.224879
3.141593
0.694738
-1.096396
0.039979
1.177346
-3.104573
0.177596
1.223735
-1.107149
3.141593
-2.107232
-2.420621
2.637966
-2.792822
-0.183943
1.892547
-0.892134
0.268366
1.080839
-0.193622
0.463648
-2.034444
0.953605
3.070285
0.841942
1.542233
2.707639
-1.815775
-3.028442
-1.356736
-1.329950
2.669096
2.498092
1.721812
-0.977446
-2.976444
-2.249459
-0.432408
1.208252
-0.211093
-3.119374
-2.533791
-2.422763
-1.030377
2.219128
-1.772113
0.305879
-0.999459
2.034444
-1.936544
-0.598419
2.327631
-0.630401
-0.561163
0.110657
-2.541542
-2.043703
1.537475
0.643501
-1.538549
-0.262120
-1.828120
-3.118869
1.457004
1.515298
-2.153149
-2.406998
2.013171
1.967238
-0.785398
2.944197
-1.726391
0.918927
0.169778
-0.426627
-1.457645
0.141897
-1.778293
2.530867
2.139321
-2.521343
0.718830
2.645170
0.726642
-0.483447
-0.260602
-2.516108
-1.525373
1.924794
-2.891150
-2.729182
-0.463648
2.261243
-2.115077
-1.405648
-0.256151
1.530818
1.661456
-1.609239
2.542417
-1.432157
-0.674741
-1.097890
-0.840897
0.800322
-0.309703
-0.526627
-2.746802
-0.547562
1.872415
1.037952
-1.134169
-1.321209
2.151553
0.612538
2.111216
1.380808
2.314552
-2.487510
2.006150
1.107149
0.965252
-0.556166
-1.198729
2.622447
-2.418613
-1.356736
2.452668
-0.308053
-0.876058
2.841421
-0.114877
-1.464812
-0.177596
-0.147849
-1.866237
1.490966
1.107149
2.374374
-2.158799
-0.329050
2.587285
-2.227871
-0.551655
-0.570040
2.546833
2.178598
3.141593
-1.675673
0.300920
-1.298650
-2.567288
-0.218669
3.101614
1.352127
0.655696
-0.982794
2.052460
2.839974
1.828120
-1.939492
-1.190290
1.810028
-2.385598
2.023575
-0.402321
-0.531724
1.735945
-2.129396
2.095592
-0.273009
0.945311
0.678119
-3.063322
-0.104877
1.460139
0.266252
-0.054002
-2.636731
-2.339247
2.097424
1.692639
0.509592
0.321751
-0.329624
-2.532903
-0.023805
1.884417
2.023575
-1.831399
-1.527345
-2.828691
-2.034444
2.963996
-0.741947
-2.980218
-3.061763
-0.463648
