1.750650
-2.140837
1.784857
2.652740
1.235158
-2.659929
0.249979
2.813039
-2.222665
-1.659452
0.343024
1.707199
-0.473851
3.141593
-2.632522
0.741947
0.473851
2.792822
2.548243
-2.983824
2.819842
0.463648
-0.499347
-1.408959
-2.530867
-2.476818
2.866167
1.347320
3.077849
-0.533708
-1.080839
3.019750
1.906435
-0.396441
-1.242243
-1.529154
1.709436
-1.088283
2.218608
-1.347320
-0.859887
2.543174
1.325818
-2.386488
-2.922924
-3.120319
-1.163165
0.356220
-2.476818
2.082027
-0.731397
2.936197
2.413275
1.176005
2.055274
0.718830
-1.510868
-3.022164
-1.885028
1.163165
0.141897
0.301619
2.627987
-1.165905
-2.565217
-2.553590
-1.932000
-3.098142
-1.249046
-2.469986
-0.041643
-2.739272
-3.006065
2.100386
1.980924
0.463648
2.493781
0.588003
-0.907593
1.023234
-2.131483
0.124355
0.551655
1.363300
-0.799482
2.650429
0.960070
-0.124355
-2.757423
3.119374
-1.706324
1.000756
2.476818
-1.190290
-2.918116
3.123737
1.919567
-1.434394
-2.547843
0.785398
0.563316
-0.321751
-3.121987
-2.325901
3.058451
1.402199
1.320818
-2.835714
0.605545
1.732634
-2.565217
1.939492
-0.175940
-0.827627
0.000000
1.591202
0.205395
-0.103792
1.422947
2.276995
1.088283
0.283794
-1.469107
-0.214061
2.193467
2.976444
-2.326791
-0.350728
-2.502207
0.084902
-2.852089
-3.058451
2.813039
-1.653938
0.970746
2.474287
0.388319
-0.376490
-0.516231
0.201317
2.270689
1.750650
2.053310
1.144169
-1.886767
-2.642246
1.335251
-0.214061
-0.529590
0.223477
0.291457
0.901753
1.209593
0.739277
-0.885067
-1.261093
-2.576443
1.852029
2.268187
0.878875
-1.389147
1.637364
1.528269
-2.506566
-0.523919
-2.092231
-2.627141
1.892547
0.953041
2.844528
2.521343
2.158799
-2.729182
-2.304957
-0.321751
-0.177596
-1.037088
3.006065
-1.097440
-1.535097
2.608749
-1.057190
2.559240
1.315614
2.452668
-2.780389
-0.817645
-2.460294
-1.198729
-2.474287
0.540420
-2.299114
-2.287338
-1.484058
0.021273
2.772897
2.463473
-1.784857
-1.009633
3.120319
1.314645
2.181522
0.249979
1.898916
0.380506
-1.270625
-0.862170
0.225277
2.324955
0.887605
-1.005647
-0.522403
-2.807648
2.476818
-2.075658
-1.886412
2.868584
-0.801270
-1.805519
-2.245537
-0.407632
-2.999696
0.301619
-0.896055
2.250210
-0.734594
-3.010277
1.369034
1.820383
-1.690225
-2.569133
-1.292497
0.185348
-2.523837
-0.056543
-1.311465
0.042528
2.238102
2.907849
3.141593
-0.866302
-2.052460
-2.736701
-2.051684
0.523919
0.387524
1.985303
-2.413275
-0.134321
0.472497
-0.936774
0.168597
2.622447
-2.263131
-0.068076
-0.281772
-3.071938
-0.356220
-2.999696
-0.172191
1.116494
-1.381597
1.618379
2.502207
0.492486
-0.799096
2.265535
2.936197
1.242243
-0.746956
2.756988
-2.152701
-1.712693
0.220829
-0.204642
2.226492
0.617756
-1.530003
2.729182
2.281706
3.056691
2.274410
0.295441
2.799977
1.528269
0.571337
-0.770906
1.612439
0.540420
-1.065935
-1.892547
0.172191
-2.282255
-0.368696
2.686492
0.267910
-2.649107
0.588003
-0.165149
-2.714965
1.547545
2.370278
-0.239743
0.769526
-2.441700
-1.051650
-1.354246
-0.380506
0.437791
3.118869
1.912412
-1.527345
2.733961
-2.502679
-1.692639
1.779262
1.373401
0.514451
2.811968
1.428899
1.810539
0.482513
1.401695
-1.986861
-2.025516
1.467004
-0.300171
-1.487655
2.901850
-2.245537
0.000000
-1.385448
2.201198
1.080839
-2.624898
1.061725
0.581380
-2.502207
-2.753274
-1.806341
-1.635921
-1.570796
2.297439
-1.487655
-2.594030
-1.549523
-1.401695
-2.221873
0.617756
2.126963
2.104505
-0.295441
-0.643501
-0.453844
2.466852
-2.384758
-0.407632
-2.158799
1.826948
1.932000
2.241940
0.896055
2.043703
1.529154
-1.980924
2.418613
0.121842
-0.463648
-1.780436
2.929161
-2.427502
1.721812
-0.529590
0.883672
2.024640
-2.236766
0.435353
1.172274
-2.449258
1.687905
-2.574863
0.321751
0.391700
-1.154732
0.244979
-2.910502
-0.455101
-2.505754
2.716760
0.521834
1.287002
-1.768192
-2.175102
1.939492
-1.369479
1.967238
-0.084902
0.463648
0.275426
-0.463648
0.956133
2.832662
-1.933943
-1.275355
-1.088283
-0.588003
2.869447
-2.287808
2.326791
-2.959944
-1.462526
1.592532
1.089133
-0.453844
-1.709892
2.647651
-1.670465
3.141593
2.489724
-1.441094
-1.320818
-1.134169
2.630362
-2.147989
0.785398
1.799293
0.706199
-2.424581
-0.700854
0.772741
-0.380506
1.392703
1.805519
-1.422947
-0.321751
-2.616797
0.384605
1.526381
1.978428
-1.630724
-1.171281
-1.020410
1.780436
-2.880990
1.242243
1.939492
2.082027
-0.605545
0.770906
-2.761086
-0.551655
-0.454302
-0.677708
0.039979
-2.205823
0.594214
-0.183943
-2.356194
-1.810028
-1.683947
1.234122
-1.570796
-1.316428
0.293589
-3.002953
2.100386
-1.655698
-1.810539
-1.046877
2.034444
1.951303
-2.785373
2.687291
2.806856
-2.177784
-0.896055
-0.165149
1.325818
1.078311
0.281232
1.432157
-1.885554
-0.945311
-1.152572
-1.905533
-1.359703
-2.171510
0.445301
2.529055
-2.324955
2.891614
-1.629552
2.659079
1.079633
-1.784857
2.576443
3.080444
2.170847
-2.312744
0.713061
-0.638914
2.111216
-1.551191
-2.265535
-1.947706
1.980924
-1.462526
1.905533
1.791625
2.034444
0.407632
1.234122
2.356194
1.157107
2.405335
2.780389
-1.821239
2.241318
-1.912412
-1.815775
0.314758
-1.152572
2.906870
-3.060141
-0.831519
3.119374
-2.137526
2.356194
-1.742987
-2.311448
-2.485897
0.647811
2.307054
-1.939492
-0.813962
1.593520
2.014245
1.263751
-0.878875
1.830128
0.021273
1.746736
-2.882261
0.521834
-0.463648
0.443448
-2.310073
-0.708626
1.117458
-2.142134
0.045423
-2.901850
2.061960
0.328120
1.784857
0.982794
-0.370891
2.055274
-2.593043
-2.051684
2.257921
-2.739272
-0.022219
1.078311
-2.044648
-1.970312
-2.329885
-0.233743
2.819842
3.118869
-3.048836
0.328553
-0.347062
-2.969402
-1.163165
-2.617673
-0.947597
-2.716760
-2.754069
0.845930
1.505671
-0.868539
-1.131937
-2.922924
-2.871743
0.101689
3.141593
3.141593
0.958259
-2.597312
1.715609
1.913820
0.183943
-2.936197
2.597312
0.814801
-0.635027
-0.135528
-2.439336
-2.025098
-1.916352
-1.967238
-2.065930
-2.721396
1.642104
-2.480549
-2.582993
2.659079
-2.856862
-0.189199
-2.588751
-2.686873
0.436627
0.643501
-0.710909
-1.570796
-1.990993
1.855527
0.394791
-1.784857
2.667741
0.955176
2.749893
-0.081452
2.801211
2.449671
2.289626
-2.430683
1.141034
1.390943
-0.068076
-3.037800
3.076467
3.121187
3.141593
2.287808
-1.222025
1.947287
-1.936544
-1.676781
-3.068552
-2.457298
-1.570796
-0.571337
-1.235158
-1.116494
2.400941
0.902507
2.295662
-2.526930
1.356736
0.883672
-0.684295
-0.157769
-0.969723
-2.476818
-0.931410
-1.718646
2.430683
2.729182
0.939106
2.388441
-1.750650
-0.463648
-2.966920
-0.677708
-0.295441
-0.255182
-2.952394
-1.939492
2.034444
1.825979
3.120319
-2.798569
1.787347
-0.927295
0.697391
-3.098142
2.084402
-2.547379
-0.684295
1.078311
0.278300
-0.785398
2.863293
-2.134113
-1.784857
1.530003
3.049263
-0.976583
