2.819842
4.823046
1.249046
-0.141897
0.141897
0.165149
-8.961130
-3.836331
-0.982794
5.924415
0.000000
4.588034
6.038207
-4.712389
-4.248741
5.117281
4.467410
1.570796
-0.982794
-0.141897
-5.034140
4.712389
-2.214297
1.815775
-0.896055
-7.853982
-2.034444
-3.605240
0.896055
-1.292497
9.227382
0.519146
-2.498092
-1.165905
-0.588003
4.353618
1.849096
-2.214297
2.896614
-1.951303
-3.419892
-1.152572
-3.030935
2.191046
-1.107149
5.034140
-4.547240
0.785398
-0.588003
1.107149
1.570796
-0.785398
-9.314121
-8.961130
-15.244316
2.356194
5.695183
5.071160
7.853982
-1.570796
-3.265948
0.785398
2.553590
-0.540420
-9.066007
-5.252808
0.278300
-0.278300
-8.317629
2.677945
-0.321751
-9.424778
-2.944197
-8.098960
1.570796
-0.588003
-8.497483
0.321751
4.353618
-4.307497
-4.092139
0.519146
-9.066007
-0.950547
-0.124355
-2.521343
0.000000
-9.227382
-9.158526
4.467410
-7.233732
-3.386571
-6.604936
-3.926991
2.782822
-4.434089
0.000000
2.896614
-2.034444
1.892547
-1.212026
1.325818
-2.432966
-4.957368
2.498092
2.265535
-9.206109
2.896614
5.695183
2.446854
0.000000
0.124355
-0.124355
-9.206109
-0.876058
-3.283490
-0.244979
1.030377
-4.092139
-4.712389
0.982794
-4.307497
1.849096
-1.107149
-2.265535
-2.034444
6.561485
-8.497483
-2.896614
6.004886
-3.926991
-3.386571
-8.716152
4.836744
-4.712389
-4.390638
-1.446441
-7.853982
-3.141593
-8.730040
-8.234488
7.978337
-1.951303
-1.107149
-1.325818
0.785398
-5.117281
-9.622174
-3.141593
2.034444
-4.712389
-1.292497
0.141897
-4.017651
-3.729595
5.117281
-3.265948
-8.961130
-8.497483
-4.957368
-4.434089
-0.588003
-1.051650
5.695183
-2.214297
1.107149
0.000000
1.892547
-2.356194
-9.019886
5.071160
-9.066007
-5.034140
0.000000
0.982794
4.931058
-1.428899
4.467410
-5.034140
-1.815775
0.982794
2.158799
-7.995879
-8.051377
2.677945
-2.896614
-3.141593
2.521343
-0.244979
-8.961130
-0.141897
-4.434089
-0.785398
-0.244979
-8.781277
-1.165905
5.961435
1.712693
-8.639380
-0.463648
-4.390638
5.117281
0.141897
0.896055
-3.605240
0.000000
-9.103027
-1.165905
-3.141593
4.957368
-0.463648
-8.866179
-4.434089
0.000000
-9.179799
-8.639380
0.165149
-2.782822
-1.352127
4.434089
-0.876058
-7.853982
-3.605240
2.896614
-0.785398
-9.424778
-1.107149
-9.006554
-9.179799
-9.066007
-0.404892
-4.957368
-2.356194
-8.548720
1.849096
-0.278300
-10.068279
-3.141593
5.695183
5.588447
0.404892
-3.660739
-2.922924
0.785398
-0.321751
0.982794
2.582993
2.158799
-4.092139
4.990689
2.622447
-9.703078
2.356194
-9.179799
-2.782822
2.245537
-0.321751
-2.819842
-0.785398
-14.922565
-1.460139
-0.785398
-0.244979
-0.321751
-4.434089
0.000000
-4.353618
2.677945
-4.353618
0.785398
-4.124386
-9.066007
-4.390638
-15.244316
-0.862170
5.071160
-5.034140
-3.386571
2.896614
3.386571
4.823046
1.570796
0.165149
3.141593
-8.905632
2.158799
5.300392
-0.785398
0.519146
-9.044272
1.849096
-2.446854
5.270988
-4.957368
0.982794
4.712389
-0.785398
-9.179799
-0.694738
-2.922924
-9.179799
-9.424778
-9.179799
5.497787
1.249046
-4.990689
-4.712389
-0.110657
-4.124386
-4.712389
3.141593
-0.244979
0.000000
0.982794
4.331883
-2.356194
3.682012
-0.244979
-0.785398
-8.497483
0.278300
-8.562608
-1.107149
-4.124386
-8.917679
-2.214297
-9.103027
-0.244979
-1.815775
2.677945
-4.877538
0.404892
0.588003
-2.214297
-8.961130
6.141288
-2.034444
2.819842
6.688077
5.034140
0.141897
5.270988
-1.815775
-0.218669
-8.317629
2.265535
1.712693
2.677945
1.570796
-9.179799
5.497787
4.712389
-0.588003
-15.013225
-0.876058
-0.785398
6.746833
2.077895
-0.321751
-2.034444
5.819538
-15.386213
-0.927295
4.601732
-2.158799
4.712389
2.677945
-3.605240
2.999696
0.124355
-3.729595
-0.124355
-0.321751
0.982794
-2.191046
-0.785398
-3.030935
-4.193243
2.265535
-4.434089
-2.896614
1.892547
2.677945
-0.165149
0.674741
-1.570796
12.102723
0.588003
5.588447
-2.356194
2.265535
-4.854286
-9.019886
1.249046
-4.957368
0.463648
0.588003
-0.463648
3.338988
-1.570796
2.356194
-4.434089
-3.761842
2.158799
-9.146478
-0.876058
-3.141593
-2.279423
4.854286
2.944197
-1.815775
2.553590
4.990689
-7.334836
0.000000
2.677945
-1.107149
-4.092139
2.356194
-0.588003
0.982794
-8.234488
9.566675
-0.876058
-15.244316
5.497787
-1.249046
-4.957368
2.944197
4.588034
0.000000
-1.951303
5.117281
2.356194
-15.244316
-7.853982
-9.227382
-4.854286
-0.244979
3.141593
-0.588003
-1.352127
-0.244979
4.068888
-0.785398
1.929567
2.622447
-1.570796
-5.034140
-1.165905
-8.234488
-4.307497
5.878294
2.622447
-2.214297
-3.785094
0.000000
-0.982794
4.836744
-0.141897
-0.141897
4.570492
4.836744
-0.141897
-8.961130
4.493720
-3.265948
-1.815775
-0.124355
-1.768192
-4.467410
1.570796
-1.570796
2.089942
-2.265535
5.117281
-2.677945
-3.419892
-0.404892
-4.390638
1.789465
-4.248741
-4.353618
1.849096
-0.694738
5.695183
3.338988
2.896614
-0.785398
0.278300
2.896614
-2.214297
1.249046
4.836744
-1.051650
-3.419892
2.622447
-4.037648
0.321751
5.270988
5.695183
-4.570492
-2.736701
-1.789465
-8.804528
2.863293
1.570796
0.785398
1.570796
-9.549133
-5.034140
-8.474231
2.896614
-1.107149
-0.000000
-8.866179
-1.975688
-9.179799
-1.212026
-1.325818
-3.265948
-2.214297
-1.012197
4.812058
2.356194
-0.321751
1.249046
-4.877538
-2.356194
-3.785094
-1.165905
0.982794
-0.321751
1.815775
-5.117281
1.849096
-9.424778
0.982794
-4.712389
-8.730040
1.712693
-4.434089
5.407127
-3.017238
-4.467410
-8.317629
-3.836331
-2.214297
1.681454
8.175732
1.695151
8.132281
-4.390638
-1.107149
3.017238
-9.044272
2.158799
1.849096
-15.707963
0.165149
-0.244979
4.353618
-1.051650
-2.214297
2.553590
0.785398
-8.905632
-0.244979
0.785398
-0.463648
-1.165905
-3.017238
7.995879
0.588003
4.957368
2.677945
4.514993
-4.957368
-9.179799
4.248741
0.674741
-1.849096
1.030377
-2.265535
-0.244979
-1.929567
-9.006554
-2.034444
5.270988
4.957368
-2.356194
1.165905
-9.006554
-4.712389
1.712693
-0.278300
0.278300
0.982794
5.497787
0.785398
2.158799
5.176037
2.863293
-1.107149
-0.321751
3.265948
4.957368
0.124355
6.903435
-3.338988
-9.006554
-8.317629
-0.927295
-0.950547
0.000000
-0.674741
-9.044272
-9.179799
1.570796
1.570796
4.514993
-2.782822
-3.017238
-7.853982
-7.656586
5.176037
-3.141593
4.957368
-8.866179
-0.896055
-8.961130
-3.265948
-2.214297
6.038207
-8.474231
2.265535
2.896614
-6.283185
5.176037
-3.926991
-0.321751
-1.975688
-1.815775
-3.605240
4.957368
9.424778
1.815775
-2.896614
0.785398
-5.034140
2.356194
1.570796
-7.853982
-9.424778
-3.386571
0.463648
-0.876058
0.982794
-2.356194
-1.929567
-3.030935
0.000000
-2.034444
-3.605240
0.896055
-5.300392
2.622447
5.608444
7.532231
2.553590
5.231535
-0.463648
2.089942
-9.006554
3.338988
-1.165905
-17.278760
0.463648
2.034444
5.695183
-4.877538
0.785398
-8.497483
-0.785398
0.982794
-1.107149
4.712389
0.694738
2.356194
0.643501
