-1.570796
6.283185
-2.466852
1.405648
-0.380506
-2.356194
-2.819842
-7.995879
-0.674741
5.497787
1.249046
1.951303
6.663692
3.141593
0.165149
3.419892
1.892547
15.707963
2.466852
1.892547
2.863293
1.373401
-1.735945
2.158799
6.926686
3.141593
6.746833
6.528164
-8.258873
-2.976444
-2.356194
3.283490
6.746833
-1.373401
1.975688
-1.428899
-1.249046
1.190290
-0.540420
-8.394401
-1.190290
-1.405648
-0.141897
7.210481
-2.736701
-8.051377
8.905632
0.896055
-8.132281
2.214297
-0.588003
6.283185
2.677945
6.823605
-0.321751
-1.849096
1.030377
-1.570796
7.210481
-3.141593
2.553590
-1.190290
8.051377
2.356194
7.609003
-1.190290
9.044272
7.853982
-2.863293
-1.570796
0.380506
-1.165905
-1.030377
6.926686
-8.528723
6.283185
9.044272
-2.498092
2.214297
3.306741
-1.735945
1.951303
-2.601173
7.265979
6.425082
-0.463648
1.570796
6.604936
2.863293
-0.321751
1.030377
0.380506
-1.190290
-8.234488
2.034444
-1.030377
2.214297
-8.639380
1.405648
2.601173
1.951303
1.373401
-2.111216
3.141593
-0.927295
5.819538
0.278300
-0.463648
9.300423
-2.863293
2.356194
6.871188
-2.245537
0.674741
-2.819842
1.951303
2.034444
-8.234488
1.373401
0.785398
-2.356194
-8.175732
3.306741
-1.849096
6.480581
-1.570796
-0.321751
-2.601173
7.313562
3.141593
-2.466852
-2.819842
-1.570796
-3.546484
-2.761086
6.283185
7.068583
5.497787
-2.521343
0.197396
-1.570796
-1.292497
-2.677945
6.926686
0.000000
-0.141897
0.785398
-6.283185
5.588447
-1.107149
-1.428899
2.553590
9.589927
6.871188
6.448334
-0.927295
-1.249046
1.951303
-0.321751
-2.356194
-2.111216
-2.736701
-0.896055
-2.677945
-0.244979
-8.175732
2.601173
-1.030377
2.034444
2.498092
1.249046
1.768192
6.746833
1.373401
6.823605
2.944197
2.466852
-8.394401
0.380506
2.245537
1.249046
-2.944197
-8.441984
-0.785398
3.017238
4.570492
-0.785398
2.111216
7.210481
1.107149
-1.190290
-1.107149
2.677945
7.068583
1.373401
-0.785398
-2.245537
0.000000
-2.356194
2.214297
-0.927295
7.853982
0.785398
5.639684
0.785398
1.107149
0.785398
7.853982
-2.553590
0.674741
2.761086
-8.317629
-2.677945
-0.785398
2.034444
8.019130
-1.570796
2.034444
-1.165905
-2.446854
0.380506
-1.107149
2.498092
-1.190290
2.677945
-1.570796
0.463648
-1.570796
-2.819842
-1.373401
2.111216
-2.976444
6.746833
-0.674741
2.819842
-1.951303
-0.000000
-1.107149
-8.639380
-2.601173
7.313562
-8.394401
2.214297
-0.674741
6.283185
8.051377
2.601173
3.141593
7.210481
1.892547
2.761086
7.068583
-1.292497
-2.999696
0.244979
-1.570796
2.498092
2.863293
0.643501
-0.785398
-1.292497
1.892547
2.356194
-1.975688
2.976444
-0.165149
-3.386571
-2.356194
-0.463648
3.283490
6.823605
-0.785398
-2.819842
1.849096
-1.249046
-2.356194
-8.234488
-1.373401
1.249046
7.656586
0.674741
7.853982
-8.051377
2.356194
-0.785398
2.356194
-2.446854
7.473475
-0.165149
2.896614
0.000000
8.961130
1.405648
6.604936
-2.265535
-1.030377
-1.190290
-1.570796
-0.674741
-0.380506
-1.030377
1.107149
2.034444
5.695183
0.197396
-2.863293
-2.999696
2.466852
1.405648
-2.111216
0.197396
-2.601173
-2.466852
2.214297
6.871188
1.768192
2.158799
0.000000
-1.975688
-1.735945
-0.244979
-2.466852
1.570796
-2.034444
-5.300392
-2.677945
8.051377
-0.785398
2.999696
7.853982
1.570796
1.249046
-1.373401
7.210481
1.107149
0.785398
6.480581
-8.019130
1.190290
0.785398
-8.317629
-1.428899
2.498092
-0.278300
-2.158799
-1.768192
6.926686
-2.896614
-2.446854
6.528164
9.259629
-1.975688
2.356194
-1.951303
7.265979
-0.463648
-2.245537
-2.553590
-0.197396
-2.245537
1.107149
-1.735945
-1.428899
6.746833
-0.785398
2.356194
2.089942
2.245537
-1.373401
0.197396
2.944197
-2.111216
0.674741
5.608444
-2.553590
0.463648
-2.677945
-1.405648
6.528164
0.000000
-3.141593
-7.853982
1.428899
-1.975688
2.356194
-2.191046
-2.034444
2.976444
2.356194
1.735945
6.604936
-2.356194
3.306741
-0.540420
-2.601173
-1.405648
2.034444
0.380506
-1.190290
-1.107149
-2.034444
7.853982
-1.107149
0.000000
-1.428899
5.497787
2.601173
0.674741
-3.386571
-3.283490
1.570796
-2.356194
2.677945
1.373401
1.405648
-5.092895
-0.244979
7.068583
6.283185
0.165149
-8.730040
-2.356194
2.214297
2.265535
7.210481
2.111216
1.107149
-0.380506
1.570796
-1.249046
2.553590
9.227382
-1.405648
1.325818
-2.466852
7.068583
2.601173
-2.553590
5.252808
6.746833
-0.785398
6.746833
2.466852
-0.321751
-2.999696
-8.317629
-8.132281
-3.141593
-0.927295
-2.356194
2.356194
1.815775
-0.321751
3.283490
2.819842
-1.107149
-1.428899
6.604936
-2.863293
-1.570796
7.853982
0.244979
-1.292497
-1.190290
-2.999696
-2.677945
-2.819842
-2.761086
-0.643501
8.019130
1.325818
2.214297
-2.761086
2.034444
2.466852
0.197396
-1.107149
6.283185
7.853982
7.313562
-2.819842
6.118037
7.853982
3.141593
1.768192
-2.245537
-0.463648
-1.405648
-2.677945
-1.405648
-2.466852
7.068583
0.000000
1.712693
1.951303
2.553590
-0.643501
1.190290
6.957926
3.283490
-1.030377
-1.570796
-1.892547
-2.498092
-8.234488
2.819842
7.210481
-2.356194
2.356194
-0.321751
-8.548720
0.643501
7.210481
-2.034444
7.656586
-1.951303
-2.976444
-0.540420
7.210481
9.259629
2.034444
1.570796
1.107149
7.210481
2.356194
1.768192
-2.944197
2.245537
6.823605
0.000000
-0.197396
0.197396
6.283185
-2.999696
6.283185
9.044272
7.313562
-2.896614
-8.019130
-0.540420
1.570796
-1.030377
1.951303
-2.034444
-0.785398
2.214297
2.214297
-1.249046
2.677945
-2.265535
2.214297
2.356194
-2.622447
-0.321751
1.735945
5.608444
2.356194
6.561485
-1.051650
-2.089942
5.742766
1.405648
6.283185
-2.111216
6.528164
-2.158799
-0.896055
-1.190290
9.259629
6.283185
-8.639380
-2.466852
-0.896055
-1.249046
9.146478
7.068583
9.424778
-2.466852
-3.017238
-8.639380
-0.540420
-0.244979
-0.785398
0.674741
4.171969
-8.750037
-3.141593
-2.976444
2.498092
-1.373401
1.768192
-0.785398
-1.292497
-0.927295
2.736701
-0.463648
2.601173
-8.317629
-1.405648
-2.863293
2.356194
-2.521343
2.498092
-0.694738
1.735945
-1.190290
0.404892
-8.373128
2.761086
-0.643501
-1.712693
1.570796
-0.674741
-2.446854
-0.927295
-8.497483
2.466852
-8.317629
-3.283490
-0.982794
1.892547
5.742766
7.532231
6.663692
7.313562
-2.863293
7.210481
1.892547
2.356194
2.677945
-2.466852
2.034444
-1.249046
8.051377
0.000000
-8.175732
-0.321751
-8.528723
-1.292497
-2.553590
-1.570796
9.424778
2.214297
7.210481
-1.292497
-0.643501
-0.463648
0.000000
8.051377
8.019130
-0.674741
-1.292497
-2.863293
1.570796
1.325818
6.957926
-1.570796
-1.428899
9.103027
1.570796
-1.849096
2.466852
1.892547
-1.712693
3.141593
6.283185
-1.373401
6.957926
15.707963
-0.588003
-1.405648
0.000000
2.466852
-2.553590
-2.976444
0.000000
2.034444
2.466852
-6.085790
-2.356194
2.466852
-0.380506
1.892547
-2.129396
-1.428899
1.570796
2.466852
-1.030377
-0.694738
0.165149
