1.570796
3.926991
1.570796
2.677945
0.982794
-2.896614
0.141897
2.466852
-2.622447
-8.175732
0.000000
2.158799
5.608444
9.424778
-2.863293
6.746833
0.244979
2.677945
2.677945
-3.283490
2.601173
6.283185
-0.785398
-1.373401
-2.736701
-2.677945
2.819842
1.373401
15.905359
-0.982794
-1.107149
2.736701
7.853982
-0.896055
-1.373401
-1.735945
1.892547
-1.190290
1.951303
4.588034
-1.030377
2.761086
1.325818
-2.677945
-3.141593
9.259629
-1.405648
6.528164
-2.622447
2.214297
-1.030377
9.227382
2.498092
7.313562
2.111216
6.448334
-1.768192
3.338988
-8.441984
7.265979
0.000000
0.244979
2.466852
-1.325818
-2.677945
-2.601173
-2.034444
15.542815
-1.249046
-2.356194
-0.244979
-2.896614
3.141593
2.034444
1.768192
6.823605
2.356194
6.746833
-1.165905
1.107149
-8.394401
-0.463648
0.244979
1.190290
-0.982794
2.761086
7.068583
-0.540420
-2.819842
9.259629
-1.975688
7.068583
2.356194
-7.688833
-2.976444
-3.141593
1.815775
-1.405648
-2.677945
6.604936
0.982794
-0.463648
3.141593
-2.466852
15.707963
1.190290
1.107149
3.141593
6.663692
8.051377
-2.819842
8.051377
-0.674741
-1.249046
-0.321751
1.570796
0.197396
-0.463648
7.609003
2.111216
1.107149
6.663692
-8.019130
-0.463648
2.356194
9.259629
-2.553590
-1.030377
-2.601173
-0.380506
3.283490
9.259629
2.677945
-8.019130
6.926686
2.466852
6.528164
-0.785398
-0.896055
0.000000
2.034444
1.373401
8.175732
7.068583
-1.951303
-2.863293
1.107149
-0.982794
-0.896055
6.283185
-0.165149
7.210481
1.107149
6.561485
-1.165905
-1.373401
-2.736701
8.019130
2.498092
6.823605
-1.325818
7.853982
1.570796
-2.553590
-0.785398
-2.356194
-2.819842
7.853982
6.926686
2.761086
2.761086
1.892547
-2.944197
-2.356194
-0.785398
-0.321751
-1.373401
9.179799
-1.292497
-8.098960
2.356194
4.854286
2.601173
1.249046
2.356194
-2.999696
-1.292497
-2.736701
-1.405648
-2.736701
6.283185
-2.553590
-2.622447
-1.570796
-0.463648
2.944197
2.498092
-2.265535
-1.249046
15.566066
7.179241
2.034444
6.283185
8.051377
0.197396
-1.570796
-1.107149
-0.197396
2.245537
7.068583
-1.190290
-0.896055
-2.601173
2.601173
-2.245537
-2.111216
2.944197
-1.030377
-2.111216
-2.245537
-0.785398
3.141593
0.000000
-1.292497
2.034444
-0.876058
-2.944197
1.190290
7.853982
-8.051377
-2.736701
-1.570796
0.000000
-2.677945
-0.244979
-1.570796
6.038207
2.111216
2.819842
3.338988
-1.190290
-2.034444
-2.761086
-2.356194
6.528164
0.000000
2.034444
-2.498092
5.819538
6.528164
-1.165905
-0.197396
2.466852
-2.245537
5.742766
5.695183
9.259629
-0.785398
-2.944197
-0.197396
7.313562
-1.768192
-4.909785
2.356194
0.197396
-0.785398
2.214297
9.227382
1.249046
-1.030377
2.761086
-2.466852
-2.089942
6.480581
-0.588003
2.498092
0.321751
-1.735945
2.677945
2.356194
9.282881
2.111216
0.000000
2.761086
1.570796
6.528164
-0.927295
1.249046
0.244979
-1.292497
-2.158799
-0.165149
-2.356194
-0.785398
2.761086
6.283185
-2.677945
6.746833
-0.540420
-2.863293
1.249046
2.677945
-0.463648
0.540420
-2.601173
-7.609003
-1.373401
-0.674741
6.480581
9.282881
2.034444
-8.175732
2.601173
-2.736701
-1.892547
8.051377
1.249046
6.871188
2.601173
7.313562
1.815775
6.480581
-4.990689
-8.317629
-2.245537
1.570796
5.961435
-1.768192
2.677945
-2.356194
6.085790
-1.735945
2.111216
7.313562
-2.863293
1.325818
0.321751
-2.601173
-2.944197
-2.356194
-8.019130
-1.735945
2.158799
-8.132281
-2.466852
-7.995879
-7.995879
-2.111216
6.663692
2.111216
1.892547
-0.540420
-0.927295
-0.785398
2.466852
-2.498092
-0.785398
-2.245537
1.405648
1.815775
2.034444
0.785398
2.158799
1.570796
-2.356194
1.951303
-0.244979
-0.643501
-2.034444
2.976444
-2.677945
1.768192
5.497787
0.785398
2.034444
-2.553590
6.528164
7.265979
-2.601173
7.656586
-2.498092
6.283185
0.000000
-1.373401
0.165149
3.283490
-0.540420
-2.819842
2.677945
0.463648
1.325818
-1.975688
-2.245537
2.034444
-1.712693
1.951303
-0.321751
6.663692
6.085790
-0.785398
0.643501
2.761086
-8.441984
-1.570796
-1.570796
-0.896055
9.227382
-2.553590
2.356194
-2.761086
-7.853982
7.853982
6.926686
-0.785398
-1.975688
2.356194
-8.234488
2.999696
2.896614
-7.995879
-1.570796
-1.190290
2.553590
-2.356194
0.588003
7.995879
0.463648
-2.622447
-0.876058
7.068583
-0.785398
1.570796
1.712693
-7.853982
-0.674741
-2.736701
0.000000
1.190290
2.034444
-8.019130
-1.428899
-1.190290
8.019130
-2.863293
6.604936
1.815775
1.951303
5.252808
6.663692
-2.819842
-0.982794
-0.785398
-0.785398
-0.197396
-2.446854
0.165149
-0.404892
-2.553590
-2.158799
-8.441984
7.179241
-8.258873
-7.995879
0.000000
3.141593
2.158799
-8.132281
-8.234488
-1.373401
1.712693
8.019130
-2.601173
2.677945
2.601173
-2.446854
-0.927295
-0.540420
1.107149
6.663692
6.480581
1.249046
-2.089942
-1.107149
-1.373401
-8.394401
-7.853982
-2.356194
6.480581
2.466852
-2.761086
9.227382
-1.570796
2.761086
7.210481
-2.034444
2.601173
3.141593
2.034444
-2.553590
6.746833
-0.982794
2.034444
-7.995879
-2.356194
-2.265535
2.034444
-1.712693
1.892547
1.815775
1.849096
6.528164
1.190290
2.158799
7.210481
2.601173
2.466852
-8.234488
2.111216
-2.034444
-2.034444
0.000000
-1.428899
2.819842
-2.944197
-0.982794
2.976444
-8.528723
2.245537
-8.373128
-2.498092
-2.736701
7.068583
2.034444
-8.394401
-1.107149
1.249046
8.019130
1.030377
-1.190290
8.051377
-0.380506
1.892547
-2.761086
0.197396
-0.896055
0.380506
-2.553590
5.355890
0.896055
-2.356194
-0.463648
3.338988
2.034444
-0.197396
1.570796
7.210481
-0.896055
2.111216
-2.736701
-2.245537
2.214297
-2.677945
-0.463648
7.068583
-2.356194
-1.951303
-2.466852
-0.674741
2.622447
2.999696
-9.805284
0.000000
-0.588003
3.141593
-1.570796
-2.601173
-0.982794
-2.601173
-2.761086
6.823605
7.853982
-0.927295
-1.190290
3.141593
-2.944197
-0.380506
9.259629
2.976444
7.068583
-2.601173
1.815775
1.735945
-0.197396
-2.944197
2.356194
7.068583
-0.896055
-0.197396
-2.601173
-8.639380
4.331883
-8.234488
-8.639380
-2.819842
7.656586
-2.677945
-2.677945
2.677945
-2.999696
-6.663692
-2.466852
-2.601173
6.528164
6.823605
5.355890
-1.695151
-2.089942
1.735945
6.528164
-1.735945
2.601173
6.926686
2.944197
-0.463648
2.819842
2.677945
2.356194
-2.466852
7.068583
7.473475
-0.540420
-3.141593
2.944197
9.424778
9.424778
2.356194
-1.570796
8.019130
-2.158799
-8.317629
2.976444
-2.622447
-1.892547
5.497787
-7.853982
-1.373401
2.356194
6.871188
2.214297
-2.553590
1.325818
0.785398
-1.107149
-0.463648
-1.165905
3.265948
-1.107149
-1.951303
2.245537
2.677945
1.107149
2.553590
-8.317629
-1.030377
3.306741
5.355890
-0.643501
-0.463648
-3.141593
-8.234488
2.034444
2.034444
-3.306741
-2.976444
7.853982
-1.190290
6.663692
9.424778
2.111216
-2.601173
-0.643501
6.926686
0.141897
-1.212026
2.819842
-2.245537
-8.317629
1.325818
9.424778
-1.428899
