2.677945
-8.441984
-2.819842
-0.540420
7.068583
0.000000
-1.107149
6.663692
-0.244979
0.197396
-2.356194
-0.896055
-2.553590
-0.785398
7.179241
2.356194
-3.306741
2.214297
2.819842
-8.317629
-1.405648
2.819842
7.068583
1.951303
-2.356194
5.819538
6.746833
-8.441984
2.677945
-0.927295
9.103027
-2.498092
7.068583
0.463648
-0.463648
8.639380
-0.463648
3.141593
-0.896055
6.746833
-1.030377
7.390334
-6.283185
5.176037
2.356194
2.677945
9.103027
-2.034444
-7.853982
-1.892547
-1.570796
-8.639380
-8.098960
6.926686
3.926991
-2.553590
-1.446441
-8.175732
-1.951303
-0.380506
3.306741
6.663692
-1.405648
6.823605
-2.034444
2.356194
-2.356194
8.639380
-2.761086
-8.175732
3.306741
-0.785398
-0.785398
1.768192
-0.463648
1.951303
6.746833
0.000000
-0.197396
2.601173
-8.639380
3.141593
-0.785398
-2.356194
-0.165149
-0.380506
-6.283185
2.245537
-2.356194
5.034140
-2.466852
7.853982
9.589927
6.663692
-0.000000
-0.197396
-1.107149
6.283185
-2.553590
-8.175732
2.498092
0.000000
1.768192
7.853982
6.480581
2.819842
5.695183
3.141593
-2.158799
0.982794
6.528164
3.141593
-8.317629
7.473475
-7.656586
-7.532231
-0.785398
7.210481
6.926686
-0.785398
1.570796
2.601173
2.498092
-1.892547
2.034444
-8.441984
-1.570796
-2.158799
7.390334
9.424778
2.896614
-0.674741
0.000000
-1.030377
-0.463648
3.141593
-2.553590
3.306741
7.688833
-2.677945
-2.819842
3.463343
1.405648
-2.819842
1.405648
-2.677945
-1.815775
6.746833
15.707963
-1.405648
2.677945
-1.570796
-0.197396
2.677945
-1.107149
-2.677945
-1.249046
1.570796
2.356194
2.356194
8.639380
6.926686
-1.107149
-2.265535
-2.976444
-0.785398
2.677945
-0.927295
-1.107149
-8.639380
7.313562
2.356194
-1.570796
2.214297
-2.466852
-0.785398
-0.244979
6.926686
6.283185
-1.951303
6.871188
7.068583
-1.570796
-1.373401
1.768192
-1.446441
-8.175732
7.390334
7.068583
-2.158799
-8.528723
-1.107149
-7.853982
-7.853982
-3.306741
-2.677945
7.068583
-2.677945
-6.283185
9.746529
-1.030377
2.677945
2.601173
4.712389
-2.245537
7.068583
7.853982
0.000000
-7.853982
-2.553590
0.197396
-0.785398
6.957926
-0.463648
-2.736701
7.853982
-2.356194
-2.158799
-1.107149
-0.540420
-1.892547
-0.380506
-2.819842
2.976444
-1.570796
-2.677945
9.424778
7.068583
-1.249046
0.197396
-2.819842
-8.175732
7.853982
-1.373401
3.141593
-2.356194
0.000000
-7.853982
-2.677945
-0.540420
-2.356194
-5.497787
-7.532231
-1.892547
3.141593
3.463343
-1.892547
7.068583
-0.785398
3.141593
7.068583
3.141593
5.961435
5.497787
-0.785398
2.356194
2.863293
-2.553590
3.141593
-1.768192
15.510568
-2.553590
-0.463648
0.463648
-2.677945
7.390334
-2.553590
-2.245537
1.951303
-0.463648
7.853982
-2.356194
0.000000
-2.553590
-7.853982
3.141593
-2.158799
6.283185
3.141593
-1.190290
-2.677945
2.761086
6.926686
7.068583
2.601173
-1.373401
-1.249046
1.570796
9.424778
-0.380506
-1.107149
-7.068583
-7.853982
6.085790
0.785398
-5.497787
-2.601173
1.892547
1.107149
-2.677945
7.068583
7.068583
-1.570796
1.951303
-0.982794
-0.321751
-0.463648
-7.995879
-0.463648
9.424778
-8.394401
3.386571
-0.197396
3.386571
-1.107149
-2.553590
3.141593
-7.853982
-8.317629
2.601173
-0.197396
7.390334
-0.785398
-2.158799
2.761086
0.321751
3.141593
7.853982
3.605240
7.068583
6.926686
2.356194
-1.373401
0.000000
3.141593
9.424778
7.068583
7.853982
2.677945
6.823605
2.356194
7.068583
-1.249046
-6.480581
-1.570796
-2.214297
-1.570796
0.197396
2.601173
-2.761086
3.463343
-2.158799
-1.249046
-0.321751
6.823605
-7.853982
2.356194
7.532231
3.306741
-2.356194
5.176037
7.390334
-2.553590
-2.677945
-1.975688
7.068583
-8.394401
-0.463648
-1.249046
-2.265535
-0.540420
16.029714
-2.819842
6.746833
0.463648
-0.785398
-2.677945
-2.736701
5.497787
-2.553590
8.317629
0.197396
-1.190290
9.746529
2.819842
-1.570796
0.643501
2.356194
2.034444
-2.976444
6.283185
-1.815775
-3.419892
2.034444
3.605240
1.892547
2.498092
2.999696
2.245537
-1.249046
1.951303
1.951303
2.111216
1.951303
-0.540420
0.000000
1.768192
-1.570796
-1.570796
2.466852
3.141593
0.785398
7.068583
5.819538
10.210176
-6.604936
3.141593
1.190290
-1.570796
6.085790
-1.249046
-2.677945
0.000000
7.068583
3.463343
7.390334
-2.553590
-0.540420
2.677945
-1.249046
3.141593
2.214297
3.141593
2.466852
-0.321751
5.639684
-0.321751
-0.785398
2.034444
-2.553590
2.819842
6.926686
-7.390334
-2.158799
-8.234488
7.210481
7.068583
3.926991
3.141593
-1.892547
2.158799
-2.677945
-0.540420
0.000000
1.570796
7.068583
-2.034444
-2.265535
5.497787
-0.785398
-0.463648
-1.428899
-7.853982
-1.249046
6.283185
-7.390334
1.768192
-0.463648
-2.677945
-2.158799
-1.030377
-2.553590
9.424778
6.448334
3.141593
-1.249046
2.356194
-2.158799
-2.356194
2.034444
-1.249046
7.853982
-0.785398
2.111216
-0.674741
6.480581
0.463648
3.386571
-7.390334
9.259629
2.466852
6.283185
-2.819842
-2.819842
-1.815775
-1.249046
-2.677945
2.677945
7.068583
-1.428899
-2.356194
3.463343
-2.158799
-2.819842
-1.107149
-1.249046
-1.107149
7.853982
2.976444
1.712693
-0.197396
7.210481
-3.141593
1.815775
2.819842
-2.819842
2.819842
-3.141593
-6.746833
-1.570796
-0.785398
-0.982794
2.356194
-2.553590
-8.317629
-0.380506
9.424778
8.051377
-2.356194
8.961130
1.570796
-6.746833
1.951303
7.853982
-1.249046
2.498092
-2.553590
-2.601173
-2.601173
-2.034444
-8.528723
-0.197396
7.390334
8.019130
7.853982
2.034444
3.926991
1.373401
-2.498092
-8.317629
-0.927295
-2.356194
0.000000
1.570796
-6.283185
2.466852
0.380506
-0.540420
-1.190290
-1.107149
1.107149
3.141593
-2.677945
-1.107149
-7.853982
1.892547
5.742766
2.976444
-1.405648
7.853982
-8.019130
-7.995879
-1.107149
-1.107149
-0.643501
-1.030377
2.819842
2.677945
0.197396
-2.819842
3.729595
2.111216
-1.405648
-2.553590
-1.712693
-1.325818
-2.158799
2.356194
2.356194
3.141593
7.068583
9.424778
-0.000000
9.424778
0.380506
-2.111216
6.480581
-2.466852
2.819842
2.111216
6.480581
-2.677945
-2.245537
0.785398
-0.982794
-1.107149
0.785398
2.356194
8.639380
-6.283185
0.785398
-1.570796
2.034444
-1.107149
-2.601173
-2.158799
-1.570796
-8.317629
7.210481
0.000000
6.746833
9.424778
-2.677945
7.313562
2.819842
-2.553590
2.034444
1.892547
6.283185
1.951303
2.553590
9.424778
-1.373401
-0.785398
-8.317629
7.656586
2.034444
0.000000
2.034444
0.165149
1.107149
-1.249046
-1.570796
15.707963
-3.141593
1.373401
-3.141593
-1.570796
-2.158799
6.663692
2.034444
6.957926
-7.532231
-2.553590
-1.892547
6.823605
-3.141593
-1.325818
-1.570796
2.356194
8.051377
-0.785398
-8.528723
2.356194
7.853982
2.819842
-3.141593
-6.283185
-5.034140
7.068583
0.380506
0.321751
6.926686
-2.677945
-2.356194
-2.034444
5.639684
2.677945
5.961435
-0.000000
-8.175732
8.051377
-2.677945
1.892547
2.819842
2.677945
6.283185
-5.819538
2.356194
-2.111216
