-1.212026
7.853982
0.321751
-5.034140
2.356194
-0.380506
7.978337
0.000000
-2.782822
-2.819842
0.000000
1.107149
-2.819842
6.926686
-2.466852
2.553590
-0.785398
-0.000000
2.034444
1.951303
5.231535
2.601173
-2.265535
-0.588003
2.819842
2.034444
-1.249046
-0.380506
-0.197396
7.210481
-8.019130
-2.265535
-1.712693
4.712389
1.849096
-2.356194
0.674741
1.107149
7.313562
7.978337
-2.214297
-1.249046
0.197396
-8.730040
-8.716152
6.746833
2.736701
-8.317629
-1.570796
-0.321751
-1.190290
2.466852
0.463648
1.768192
2.356194
-0.785398
7.853982
1.373401
2.976444
1.815775
0.000000
2.356194
2.356194
-3.017238
7.313562
-2.191046
2.214297
-1.249046
2.976444
0.278300
2.498092
-2.863293
5.819538
3.141593
5.639684
-0.643501
-1.165905
0.321751
-2.111216
1.249046
-1.570796
7.473475
7.609003
0.982794
-0.404892
1.428899
-4.877538
-1.212026
-0.321751
5.695183
1.107149
1.892547
-1.190290
0.000000
-2.158799
-8.639380
-1.815775
4.957368
7.656586
0.141897
-8.019130
9.103027
1.107149
2.356194
2.498092
-1.373401
7.210481
-0.785398
-2.245537
7.068583
0.708626
2.356194
2.158799
-0.674741
2.356194
2.677945
1.570796
1.249046
-9.179799
-2.089942
-1.030377
-1.570796
-3.419892
2.601173
-2.356194
-0.321751
-8.905632
3.306741
2.896614
-1.428899
-0.674741
1.325818
2.498092
-1.190290
1.768192
-1.892547
2.356194
-2.356194
-0.197396
-2.158799
2.553590
2.896614
-6.283185
0.000000
2.761086
-1.325818
2.761086
-8.234488
7.978337
-0.165149
5.639684
-0.785398
7.532231
2.191046
1.768192
-0.896055
-4.390638
-0.244979
2.089942
-2.819842
2.601173
-2.521343
-0.927295
7.853982
6.085790
-1.815775
2.356194
1.570796
0.141897
-0.380506
-1.735945
0.463648
0.404892
2.034444
-2.356194
0.278300
-1.405648
-1.405648
-2.265535
-3.141593
1.951303
-0.463648
-1.107149
0.380506
7.853982
-0.321751
3.141593
7.313562
1.570796
-0.540420
0.785398
2.863293
6.480581
4.836744
-1.292497
-3.141593
2.863293
-0.694738
-2.446854
1.292497
-2.677945
-1.212026
-8.132281
2.521343
-2.191046
-1.446441
2.761086
4.390638
-2.677945
1.249046
0.588003
-8.905632
-0.278300
7.068583
4.601732
2.601173
-1.190290
-8.528723
-0.643501
-1.212026
-2.034444
7.068583
-9.103027
6.480581
6.480581
2.736701
1.815775
-2.158799
-1.570796
1.892547
5.117281
2.034444
-1.768192
-1.325818
-2.736701
4.514993
2.601173
-2.245537
1.951303
-9.424778
2.896614
2.245537
-8.317629
5.117281
0.000000
1.292497
-1.815775
-0.165149
-0.540420
2.356194
9.227382
-8.905632
7.656586
1.190290
-1.107149
-0.674741
9.044272
2.819842
1.373401
1.373401
-2.356194
4.467410
-1.460139
-0.165149
-9.066007
5.231535
1.570796
1.249046
-0.463648
2.677945
7.656586
0.982794
6.926686
4.570492
0.244979
-2.034444
-2.356194
2.863293
2.999696
7.210481
-0.694738
1.373401
3.306741
-2.601173
3.141593
-0.321751
-1.051650
2.896614
0.404892
7.313562
-1.405648
2.863293
1.107149
7.609003
-8.866179
-4.570492
2.356194
-8.019130
6.926686
-0.165149
-1.405648
-0.643501
-2.245537
-2.265535
-8.497483
0.000000
5.497787
8.884358
2.356194
2.245537
2.498092
-2.356194
-0.540420
-2.034444
-1.212026
0.124355
-1.712693
-5.176037
-9.019886
6.480581
-0.141897
2.553590
3.283490
-1.570796
2.214297
3.141593
2.761086
2.601173
-0.785398
5.332638
2.622447
-3.306741
5.034140
-2.976444
3.463343
0.785398
6.926686
3.141593
-1.107149
1.768192
6.957926
1.373401
-9.314121
2.356194
2.158799
4.712389
-2.214297
4.712389
-1.325818
-9.179799
-1.030377
-9.019886
3.306741
2.553590
-2.601173
3.306741
2.356194
-0.197396
-0.321751
-2.819842
-2.265535
-2.356194
1.107149
6.926686
6.283185
-7.688833
-0.380506
2.677945
-0.540420
2.976444
-2.736701
0.927295
-0.982794
2.214297
-2.466852
-0.674741
-2.111216
-0.674741
-1.165905
2.356194
7.473475
2.111216
-0.785398
-1.030377
1.570796
-1.815775
4.712389
-3.926991
-8.961130
2.356194
2.265535
2.736701
-2.976444
-2.034444
-1.570796
7.210481
6.823605
-3.141593
-2.761086
6.663692
-0.000000
2.446854
-1.107149
3.283490
0.000000
-0.785398
2.782822
9.424778
2.761086
1.951303
4.467410
5.497787
-8.317629
-9.206109
-1.030377
-0.519146
-1.212026
5.176037
-1.428899
-2.976444
-8.394401
3.141593
-9.703078
3.141593
-0.674741
6.926686
2.553590
-2.819842
-2.677945
-3.017238
0.000000
2.999696
-1.695151
1.735945
2.356194
2.761086
0.197396
1.951303
-2.356194
-2.819842
-8.497483
-7.853982
-2.265535
-0.982794
1.570796
-3.141593
2.214297
0.380506
2.521343
-1.030377
-3.306741
4.712389
0.244979
2.446854
2.677945
7.729627
-0.643501
-4.547240
6.283185
1.405648
0.321751
1.735945
1.190290
2.736701
0.278300
2.677945
-1.570796
-2.089942
-1.428899
1.570796
1.190290
-0.197396
-1.975688
7.068583
-8.317629
-2.446854
-1.570796
2.976444
-1.951303
7.313562
0.321751
7.853982
-9.424778
-2.782822
-1.735945
-1.405648
-2.158799
-0.785398
7.609003
-1.405648
-1.405648
-0.197396
0.000000
1.768192
-2.446854
9.103027
6.746833
-0.197396
3.306741
-9.066007
-1.165905
0.380506
0.197396
1.570796
0.380506
-0.785398
9.259629
1.249046
2.553590
-2.214297
2.158799
-0.197396
1.325818
-1.249046
2.034444
2.761086
1.570796
9.103027
1.975688
-9.549133
0.620249
7.068583
0.000000
-0.124355
1.570796
2.356194
7.532231
-2.863293
-2.356194
-1.892547
-1.249046
0.982794
-1.165905
-3.463343
2.999696
-0.643501
2.976444
7.688833
-1.107149
-2.034444
2.761086
1.951303
-2.677945
3.141593
-4.092139
2.356194
-1.190290
1.570796
7.265979
-0.588003
-8.394401
6.480581
8.019130
-2.761086
-8.528723
-7.995879
0.896055
-8.866179
1.951303
-0.519146
-0.165149
-2.863293
-2.976444
6.746833
2.214297
2.034444
-0.785398
-1.030377
1.107149
-1.190290
2.976444
7.210481
3.141593
7.159243
-0.165149
1.570796
3.283490
2.736701
6.957926
2.677945
2.432966
-0.785398
7.390334
-5.300392
-9.103027
1.951303
1.951303
5.639684
3.141593
2.677945
4.712389
1.570796
-0.321751
-2.356194
5.497787
-0.643501
7.853982
2.999696
-2.677945
2.896614
1.570796
2.356194
-8.528723
-0.588003
-1.405648
1.849096
-1.373401
0.540420
-9.669757
0.000000
-2.089942
-1.249046
2.677945
-0.785398
0.674741
-0.785398
0.197396
6.823605
-0.785398
-0.785398
3.141593
4.601732
5.639684
-1.405648
9.300423
-8.866179
-2.158799
2.677945
4.547240
-2.111216
2.677945
-1.292497
5.497787
-2.089942
-1.570796
-2.677945
0.358771
5.355890
2.356194
-2.034444
-1.735945
8.019130
5.819538
0.165149
2.245537
-2.863293
5.608444
2.356194
1.849096
0.000000
-8.132281
2.622447
1.768192
7.265979
2.245537
-8.175732
-2.356194
-9.103027
-1.030377
-2.677945
15.542815
1.107149
0.540420
2.677945
-4.353618
2.214297
-4.434089
5.878294
-0.540420
-0.588003
-1.405648
-2.158799
-1.892547
-2.677945
-1.212026
1.373401
0.588003
0.896055
0.588003
-0.876058
0.197396
2.356194
-9.282881
-1.107149
6.480581
-8.175732
5.639684
-1.190290
1.892547
-8.258873
