1.951303
2.214297
7.265979
-2.356194
-0.540420
-1.570796
-2.466852
-2.819842
7.390334
2.158799
6.746833
7.853982
2.976444
1.892547
2.356194
-2.944197
-8.639380
0.896055
0.197396
9.424778
7.265979
5.639684
-1.405648
-8.132281
9.424778
7.313562
-8.019130
-0.165149
2.356194
0.785398
5.497787
6.746833
6.926686
-0.927295
-2.466852
-0.463648
-0.321751
3.141593
2.761086
1.892547
2.819842
-1.051650
1.107149
-8.394401
-8.905632
2.819842
5.497787
-1.570796
6.746833
1.892547
-2.819842
6.746833
-8.548720
-8.394401
0.876058
-0.588003
-8.497483
-5.176037
6.746833
-1.570796
2.158799
0.197396
0.244979
-2.034444
-1.929567
3.141593
7.068583
-8.234488
-0.380506
6.604936
-1.030377
9.146478
-1.735945
2.761086
-2.553590
-0.588003
-0.321751
2.761086
-1.712693
2.356194
-0.540420
9.424778
1.190290
2.819842
0.000000
7.853982
-2.622447
-2.466852
7.265979
6.926686
0.000000
2.245537
5.231535
15.386213
3.338988
-2.819842
2.736701
0.694738
0.404892
6.663692
-0.380506
-1.030377
2.601173
-3.306741
7.068583
-1.249046
4.124386
-8.474231
0.244979
7.853982
2.034444
-4.836744
-2.356194
2.356194
-2.356194
-0.674741
-0.540420
-1.405648
-0.463648
-0.540420
-1.165905
0.197396
-0.785398
2.466852
8.019130
8.019130
-2.265535
3.386571
-2.761086
2.034444
6.871188
2.677945
2.356194
3.141593
-8.639380
2.034444
-2.863293
-0.244979
1.190290
6.926686
7.179241
-2.432966
-1.570796
1.892547
2.498092
1.325818
8.098960
2.863293
5.497787
-1.249046
-1.849096
-1.405648
-0.785398
9.227382
-2.761086
5.961435
0.197396
-0.463648
2.736701
9.206109
2.601173
1.107149
0.244979
6.746833
-2.944197
-1.975688
-1.107149
0.785398
-1.107149
-15.244316
-0.785398
3.306741
2.677945
-1.107149
-1.107149
0.197396
-0.927295
2.677945
6.823605
2.214297
-0.197396
-8.019130
-1.892547
-2.356194
1.292497
0.000000
1.405648
-0.785398
-0.463648
12.566371
1.712693
-0.674741
0.197396
-2.498092
-2.034444
-1.107149
-8.317629
-1.373401
-0.588003
-7.853982
0.000000
2.034444
0.141897
-2.498092
-1.570796
-2.034444
-4.909785
1.249046
-0.588003
-0.197396
-2.158799
-1.570796
-0.896055
-2.466852
-8.317629
-0.785398
4.514993
-0.785398
9.424778
-2.245537
-1.570796
-2.863293
2.191046
1.951303
-2.466852
7.853982
9.589927
2.034444
2.761086
6.926686
2.498092
-9.566675
-6.283185
0.000000
8.098960
-2.761086
-2.819842
-2.944197
-0.982794
-15.849860
-2.446854
-0.321751
-0.785398
2.601173
-8.098960
1.325818
2.214297
2.034444
8.098960
1.249046
1.325818
-0.141897
3.141593
1.570796
1.030377
2.498092
2.034444
0.000000
2.601173
-1.570796
0.244979
4.601732
0.244979
3.605240
1.107149
1.325818
-1.570796
-0.876058
9.044272
-2.265535
9.424778
0.000000
5.497787
2.736701
-2.761086
7.068583
-8.528723
-1.325818
0.380506
-5.355890
9.146478
-0.197396
-0.876058
2.896614
2.245537
7.265979
-2.265535
-0.896055
0.463648
-0.540420
11.583577
1.249046
1.951303
-8.394401
2.265535
3.141593
-0.463648
-2.245537
-2.944197
-2.245537
-1.570796
-0.896055
0.000000
-1.030377
0.321751
-2.446854
6.118037
7.068583
7.853982
-2.034444
-0.000000
7.265979
-1.768192
-0.588003
0.643501
2.446854
-8.497483
2.944197
9.227382
6.604936
-2.356194
2.553590
-2.265535
-8.394401
7.068583
6.871188
-0.380506
9.227382
2.356194
-2.677945
-2.553590
-0.785398
2.034444
-1.892547
-2.819842
15.952942
2.466852
8.528723
2.976444
1.107149
0.785398
-1.951303
-2.582993
2.498092
-1.165905
-1.570796
13.030018
7.068583
2.158799
1.570796
-1.892547
6.283185
-8.258873
3.265948
-2.601173
-0.694738
0.588003
-3.141593
-1.768192
-2.736701
1.892547
6.926686
-2.265535
-7.712085
0.197396
7.210481
1.570796
-2.034444
-2.158799
2.214297
-2.677945
0.165149
-0.244979
1.975688
-0.643501
-1.570796
-1.373401
-1.428899
6.957926
7.265979
-1.325818
12.244620
1.570796
-1.570796
-0.463648
-1.892547
1.570796
0.244979
3.338988
-0.643501
-1.951303
-0.643501
13.106790
2.356194
-2.677945
7.068583
0.000000
-2.677945
-1.165905
-1.249046
-1.768192
2.498092
-7.853982
7.313562
-2.819842
2.265535
12.025951
-1.951303
-1.892547
9.259629
1.570796
0.000000
8.019130
1.249046
2.245537
6.871188
1.951303
5.497787
-3.017238
7.179241
6.141288
1.712693
5.497787
1.325818
-2.214297
-1.735945
-0.463648
0.588003
3.017238
7.532231
2.158799
3.283490
6.663692
1.892547
-0.278300
-0.141897
6.448334
-0.674741
2.553590
0.321751
-1.570796
-2.761086
-2.819842
-9.019886
-2.356194
-0.588003
1.570796
2.111216
0.000000
13.209872
13.493666
-1.570796
-1.030377
2.677945
-8.019130
-8.394401
-2.761086
7.179241
-1.849096
7.853982
0.000000
-0.321751
-8.234488
2.896614
-0.785398
-1.325818
-0.674741
1.107149
-2.356194
15.707963
-7.995879
-1.712693
-1.570796
1.951303
15.707963
-2.034444
7.210481
3.141593
2.111216
-0.927295
-1.107149
-0.982794
-2.553590
-0.380506
0.785398
-8.730040
2.761086
0.000000
6.663692
-5.355890
0.927295
-0.785398
-1.405648
5.252808
2.356194
1.570796
-2.356194
-2.601173
-2.356194
0.000000
-1.190290
-2.976444
0.197396
9.044272
0.000000
6.528164
6.746833
7.068583
-7.995879
-0.321751
2.034444
0.244979
-1.190290
-2.034444
-0.896055
7.313562
-1.570796
-0.321751
-1.428899
6.746833
-2.976444
-0.540420
-2.819842
0.896055
1.570796
8.175732
1.975688
-0.540420
-2.245537
2.601173
-2.111216
-0.321751
6.283185
-0.141897
1.107149
2.356194
1.570796
2.034444
7.068583
1.712693
7.473475
-0.927295
-0.785398
1.849096
2.944197
2.944197
-4.712389
-0.643501
2.976444
-0.404892
2.214297
1.570796
9.044272
0.463648
3.141593
3.522099
1.570796
-1.951303
-0.674741
2.761086
-1.428899
-1.892547
-7.995879
-2.761086
2.761086
7.210481
0.197396
-0.876058
-1.373401
2.976444
7.210481
-2.034444
-2.356194
0.785398
2.356194
-0.643501
-2.999696
-2.466852
0.000000
6.746833
9.424778
-8.019130
-2.245537
6.823605
4.712389
7.068583
1.249046
-2.819842
9.424778
6.604936
-0.244979
-0.463648
0.321751
5.176037
6.480581
5.355890
-2.498092
-2.356194
-2.356194
6.283185
7.995879
-0.785398
-2.863293
-0.197396
-8.175732
-8.098960
1.325818
1.768192
3.141593
6.528164
6.926686
-2.158799
-0.588003
-0.463648
-1.107149
6.926686
-8.716152
1.570796
-1.735945
0.141897
1.892547
-0.321751
3.546484
-1.951303
3.605240
1.712693
-1.190290
7.995879
-3.017238
7.210481
-1.428899
-2.034444
-0.540420
-2.034444
0.785398
-14.137167
2.601173
-1.107149
7.853982
6.480581
1.373401
7.473475
-2.466852
1.570796
-1.570796
1.570796
-0.540420
-2.356194
1.570796
1.768192
5.819538
-3.306741
7.853982
-1.190290
-2.944197
1.815775
-1.570796
1.951303
2.034444
3.141593
-0.982794
-2.601173
6.871188
6.926686
3.141593
-2.446854
0.540420
-2.191046
-0.674741
7.068583
-1.570796
3.141593
-0.380506
-0.896055
-2.245537
2.677945
1.570796
-0.785398
-2.819842
7.068583
-0.244979
1.249046
1.735945
-1.030377
2.356194
2.034444
-3.265948
2.158799
-1.570796
7.473475
