-8.528723
9.227382
2.819842
-5.034140
7.068583
-2.356194
9.424778
-8.317629
6.663692
7.853982
-2.498092
2.466852
-2.158799
-1.570796
0.000000
3.141593
-0.463648
3.141593
6.926686
-9.300423
-1.405648
-1.325818
7.210481
6.604936
-2.553590
0.785398
-8.497483
3.141593
-2.944197
-8.497483
-8.961130
-1.373401
2.356194
6.283185
-1.373401
2.677945
-0.278300
1.570796
-0.982794
7.068583
-2.356194
-1.373401
-0.643501
2.553590
-1.892547
2.498092
-2.601173
2.034444
-7.853982
7.068583
-2.356194
6.663692
-0.463648
-2.034444
3.926991
5.497787
6.448334
-2.245537
-1.570796
-9.424778
-2.677945
3.141593
1.570796
-1.107149
1.373401
-8.394401
-8.317629
-2.677945
2.677945
-7.853982
7.068583
-2.677945
2.677945
-2.245537
-4.712389
-2.761086
-2.466852
6.871188
4.390638
-7.853982
1.570796
-2.158799
9.044272
0.000000
0.463648
-2.034444
5.497787
0.000000
-2.677945
-8.175732
8.051377
6.663692
-1.325818
-2.553590
-2.677945
-2.034444
2.356194
-2.677945
-2.736701
-2.158799
-1.325818
2.034444
-2.129396
-2.158799
1.325818
-1.570796
-0.785398
6.871188
2.356194
1.570796
2.677945
1.815775
-1.892547
-8.234488
-8.175732
1.951303
-0.785398
-1.570796
2.677945
1.815775
1.570796
2.896614
-2.553590
7.853982
-1.405648
-2.601173
-1.405648
-6.283185
5.497787
2.896614
-7.853982
-0.785398
-8.175732
2.356194
-0.982794
3.141593
7.853982
-8.317629
1.190290
-0.785398
9.746529
0.165149
-0.785398
-2.677945
-2.601173
-2.553590
-0.588003
-2.553590
-1.325818
-8.175732
-8.234488
-0.540420
7.068583
6.528164
-0.588003
5.387130
0.982794
0.000000
-2.601173
0.000000
7.068583
-8.639380
0.000000
2.214297
-8.441984
-0.244979
2.356194
2.214297
-2.356194
-8.836775
-8.175732
1.768192
-7.853982
2.553590
2.896614
-1.405648
7.853982
-2.819842
-2.601173
-7.068583
0.000000
-6.283185
2.356194
-1.570796
2.356194
2.034444
2.034444
6.528164
-8.234488
-0.785398
2.245537
-1.190290
2.498092
-1.325818
2.677945
7.068583
-0.463648
0.000000
-2.736701
0.197396
-0.785398
-2.446854
-0.896055
15.542815
2.677945
-2.896614
-1.107149
-1.249046
-1.373401
7.853982
-8.441984
-1.681454
2.553590
-1.570796
2.677945
0.785398
1.107149
4.712389
-1.107149
2.677945
-0.785398
2.111216
2.356194
-2.356194
2.034444
5.961435
2.498092
15.707963
2.356194
8.175732
7.853982
6.283185
1.951303
0.540420
-0.463648
2.111216
2.896614
3.141593
3.338988
2.245537
7.068583
0.165149
-0.463648
-1.325818
5.176037
-6.283185
1.570796
2.356194
-1.373401
-1.325818
2.498092
2.553590
-0.197396
-1.405648
0.000000
1.768192
8.639380
-2.896614
-2.761086
-0.000000
-0.463648
1.815775
7.853982
6.604936
0.000000
2.356194
9.227382
1.107149
0.000000
-2.356194
-1.249046
-2.677945
0.588003
5.639684
0.000000
-8.441984
-1.107149
5.819538
2.677945
-0.785398
9.589927
7.068583
-7.853982
-1.249046
7.390334
7.853982
2.553590
3.338988
2.896614
-1.815775
-1.570796
-5.497787
9.424778
2.214297
0.000000
9.424778
9.424778
5.742766
6.528164
2.761086
2.356194
5.639684
-8.234488
-2.677945
-1.815775
2.356194
2.034444
-2.356194
7.210481
-1.570796
-8.548720
7.390334
2.034444
-1.107149
-2.601173
-8.317629
2.356194
-2.677945
-2.819842
0.000000
7.068583
-2.111216
1.570796
-2.736701
9.424778
5.497787
-0.165149
6.283185
2.356194
9.424778
1.325818
-1.570796
2.356194
4.467410
-3.926991
-2.819842
-2.158799
9.044272
8.175732
0.982794
-0.785398
-2.677945
-1.570796
-1.929567
-2.498092
-0.244979
2.601173
0.785398
-8.019130
-8.639380
-0.588003
7.068583
2.214297
-0.540420
2.034444
7.532231
2.356194
9.282881
-1.735945
-2.553590
-0.380506
1.570796
3.141593
-1.570796
3.729595
2.158799
3.605240
2.214297
0.000000
-2.498092
0.000000
-1.373401
-1.325818
7.853982
-4.712389
0.000000
-1.570796
3.306741
2.356194
2.356194
-2.896614
2.896614
7.068583
2.214297
6.746833
2.214297
-1.249046
-0.785398
2.356194
0.244979
0.000000
-7.473475
6.038207
-1.570796
6.871188
6.528164
-1.570796
3.141593
7.390334
-2.498092
-8.836775
6.663692
-0.785398
-2.896614
1.107149
2.356194
-1.107149
0.588003
1.892547
2.356194
7.210481
-2.356194
7.853982
-2.944197
-1.570796
2.356194
15.566066
2.677945
-3.141593
2.356194
-2.356194
-2.896614
7.210481
-1.249046
-1.951303
2.761086
-2.677945
1.190290
5.695183
0.244979
-6.283185
-8.234488
2.356194
7.853982
-1.570796
-0.463648
0.000000
5.819538
7.853982
2.819842
2.214297
-8.098960
7.068583
-0.785398
-1.570796
-1.570796
2.034444
-2.356194
-2.446854
3.605240
2.863293
-0.785398
2.214297
-2.553590
2.553590
-7.853982
-0.321751
-1.570796
-2.034444
2.896614
-8.639380
-1.570796
-0.000000
-2.356194
-0.785398
7.390334
4.068888
9.424778
6.283185
-2.677945
3.141593
1.325818
-1.570796
-2.034444
9.746529
7.853982
2.622447
-1.190290
1.768192
2.498092
-1.570796
-2.553590
2.034444
1.951303
-0.694738
2.034444
0.463648
1.951303
2.819842
-1.768192
1.249046
7.853982
-8.175732
-0.244979
-1.735945
5.355890
0.321751
7.853982
9.424778
2.356194
3.926991
-2.677945
2.356194
2.896614
-2.521343
-0.785398
1.892547
2.356194
-1.570796
-1.712693
1.570796
2.896614
-0.000000
2.158799
2.158799
1.815775
1.570796
7.853982
1.570796
0.463648
-2.976444
-1.405648
-1.325818
6.871188
2.677945
-2.356194
-2.356194
-1.030377
-7.853982
3.605240
4.390638
1.951303
-2.896614
-2.034444
-0.927295
-1.570796
-7.853982
7.390334
2.677945
-7.853982
-2.819842
-1.249046
-0.982794
1.570796
6.926686
-1.735945
-8.175732
-1.768192
2.356194
1.815775
-2.356194
-0.321751
7.532231
1.712693
-1.570796
-1.249046
-0.463648
0.000000
2.677945
-1.249046
15.707963
-2.158799
-3.141593
0.000000
-2.191046
6.746833
-8.175732
3.463343
1.570796
6.283185
7.853982
-1.249046
15.952942
2.158799
-8.474231
-2.498092
7.853982
1.249046
7.390334
2.466852
7.853982
0.463648
3.141593
-2.677945
9.622174
2.819842
3.265948
2.677945
2.214297
0.785398
7.853982
-2.677945
2.034444
-1.428899
-1.405648
-1.951303
-2.356194
-2.158799
-0.000000
-8.175732
-2.736701
2.356194
-0.197396
-2.466852
2.553590
-3.141593
-0.463648
-2.761086
-1.570796
2.034444
2.677945
0.000000
-8.317629
7.853982
8.639380
3.141593
2.761086
5.034140
-1.107149
3.605240
9.259629
7.068583
0.197396
2.819842
9.424778
-2.498092
0.785398
-8.098960
-2.761086
0.000000
2.677945
1.815775
0.000000
2.034444
-1.030377
-2.214297
-0.278300
-2.553590
3.463343
0.165149
-8.317629
-0.463648
-1.107149
2.034444
-0.197396
-0.785398
3.141593
5.355890
7.068583
0.463648
-1.030377
2.245537
-0.463648
6.528164
2.498092
7.390334
7.068583
1.107149
7.532231
1.815775
-2.034444
7.390334
2.498092
-0.380506
2.214297
-2.736701
9.282881
2.356194
1.570796
-2.214297
7.853982
0.321751
-0.785398
0.000000
-0.785398
-2.466852
7.532231
2.356194
7.068583
-8.019130
-2.356194
-0.643501
-1.325818
-0.785398
15.707963
-2.158799
-2.677945
-2.356194
2.896614
3.141593
