-1.892547
1.841743
0.179853
0.566729
1.910089
-0.358771
0.960070
-0.862170
2.399645
-2.609869
0.156602
-0.094952
-2.750986
0.785398
-2.356194
2.060754
-1.633215
-0.185348
1.965587
2.034444
-2.356194
2.582993
-2.729182
-0.982794
2.870646
2.057696
-1.267911
-0.062419
0.058756
1.051650
-1.172274
-2.613518
-1.637364
-1.570796
1.508378
-2.214297
0.321751
0.825377
1.030377
1.042722
-3.141593
-1.299849
0.000000
-3.785094
-3.578220
0.674741
2.356194
-1.961403
-1.626295
-0.270947
-0.825377
2.427502
-0.726642
1.801887
2.034444
-0.231091
2.010639
1.892547
-3.141593
1.910089
-1.487655
1.965587
2.089942
-4.279981
0.643501
-2.914794
2.129396
-1.030377
-3.252250
0.000000
2.521343
-2.770701
-0.197396
-2.944197
-0.270947
-0.244979
-1.937970
0.000000
-1.735945
1.152572
-1.520838
1.267911
1.363300
-0.694738
-0.851966
1.373401
0.982794
-1.961403
-0.655696
-0.868539
1.313473
2.111216
-1.107149
-0.132552
-2.701750
-4.068888
-2.714965
-1.892547
1.460139
-0.071307
-1.518213
2.944197
1.299849
2.034444
2.654693
-1.107149
1.012197
-0.828849
-1.841743
0.822418
-0.726642
2.539305
1.405648
-0.493941
2.601173
1.831399
0.519146
0.685730
-3.141593
-2.089942
-0.868539
-1.633215
-3.402195
2.629203
-2.819842
-0.661043
-4.026659
-3.041924
0.942000
-1.405648
-0.708626
1.570796
2.245537
-0.927295
2.191046
-1.856848
2.508844
-1.929567
0.066568
-2.142134
1.712693
1.797595
-0.052583
-1.292497
2.654693
-2.736701
2.701750
-1.892547
1.446441
0.055499
-0.652847
-0.558599
0.390607
0.718830
2.073640
-1.030377
0.358771
-1.570796
1.570796
-2.884269
2.356194
-2.782822
-0.652847
2.034444
0.231091
-1.983207
1.499489
1.815775
-0.685730
-0.270947
-1.665748
-0.152649
-0.643501
1.373401
-2.279423
-0.321751
-1.570796
-1.180189
-2.802300
-3.241261
1.983207
-1.080839
-1.022247
0.432408
1.570796
-0.055499
-3.290483
1.134169
1.446441
-0.286051
-0.197396
2.181522
0.218669
-2.466852
-1.703348
-3.141593
2.390664
-1.359703
-3.208161
0.745419
-2.838708
-1.849096
-1.670465
1.438245
-2.284887
-2.414950
2.966920
-1.876675
-2.466852
1.080839
-0.493941
-3.508766
-0.888480
1.180189
-1.837048
2.723368
-0.896055
-1.873681
-0.463648
-1.453688
-1.778293
1.058407
-3.993559
0.551655
0.489957
1.892547
1.801887
-2.129396
-1.570796
1.480136
-2.214297
2.396173
-1.414194
-2.875341
-2.774419
-2.896614
2.870646
-2.057696
2.265535
-4.514993
1.815775
2.191046
-1.910089
-2.512796
-0.540420
0.519146
-2.589938
0.117109
-0.339293
2.393215
3.046641
-3.669667
1.570796
1.339706
-1.279340
-0.685730
2.984991
2.701750
1.570796
1.471128
-2.245537
-2.485897
-2.819842
-0.174672
-4.390638
-2.273053
0.090660
0.915101
-0.463648
1.965587
1.570796
0.610726
0.896055
-2.111216
-0.620249
-1.892547
-2.236766
1.892547
-3.926991
1.279340
-0.915101
1.570796
-3.086094
-2.356194
-2.944197
-0.117109
-2.191046
1.723446
-0.321751
1.107149
-1.421906
2.654693
1.508378
1.051650
-3.729595
0.674741
1.723446
-1.515298
0.950547
-0.321751
-1.199905
-0.390607
-1.759018
-2.396173
-3.860423
-0.489957
-0.674741
2.984991
2.539305
1.983207
2.427502
-2.226492
-0.124355
-2.956245
-1.570796
-0.694738
-1.518213
0.927295
-3.368392
0.352990
-0.785398
2.245537
-2.870646
-1.518213
2.119346
-3.191551
2.835714
2.677945
-0.750929
-1.681454
2.356194
-3.141593
-2.455863
-3.024484
-2.629203
0.000000
1.083897
1.570796
-0.512389
1.862253
0.828849
1.352127
-3.532200
2.356194
1.647568
-2.236766
-2.466852
-1.396124
-1.134169
-3.855683
-0.665969
-3.522099
-2.922924
2.064738
-2.651635
-2.984991
2.356194
0.104877
-0.512389
-2.750986
-2.843094
-2.704965
0.321751
0.968509
-1.997424
-1.665748
0.110657
1.304544
-0.339293
2.855541
-2.988943
1.012197
-1.299849
2.539305
-2.158799
-1.134169
-2.102520
-0.785398
-1.304544
2.356194
1.396124
1.504228
-0.661043
-0.643501
1.687905
-2.677945
-2.231839
1.292497
-4.485590
2.466852
1.626295
2.356194
-2.609869
-1.735945
-1.347320
1.508378
0.950547
-2.976444
-2.953371
0.436627
0.110657
2.173084
-1.570796
-3.141593
-0.083141
-0.682317
1.941688
1.227772
2.782822
2.034444
-2.231839
-0.540420
-2.010639
-4.124386
-0.558599
-0.832981
-1.745469
-2.414950
-1.199905
-2.723368
-1.907471
-2.896614
-3.868235
-2.976444
-0.828849
1.012197
2.432966
-2.654693
-2.273053
-3.883540
0.165149
-2.992703
-1.719686
1.735945
2.393215
2.609869
-0.049958
1.789465
-3.141593
-2.539305
-3.926991
-1.873681
-2.582993
-0.828849
1.359703
-3.827322
2.245537
0.741947
1.745469
-0.745419
-3.141593
-2.214297
0.380506
1.626295
2.508844
0.674741
-0.412410
0.785398
0.439843
1.405648
-0.066568
0.868539
1.190290
2.321725
0.321751
2.922924
-1.525373
-2.432966
-1.308676
1.190290
1.080839
0.218669
-2.930499
0.745419
-1.913820
-2.553590
-1.570796
2.723368
-2.634494
0.982794
-1.138389
1.675673
-3.747137
-3.141593
-1.512041
-1.152572
-1.941688
-0.708626
0.000000
-1.130954
-1.012197
-0.052583
0.000000
1.923787
-2.863293
2.907849
0.632749
0.110657
-2.819842
-4.363618
-1.797595
0.558599
0.436627
1.051650
0.339293
-0.745419
2.896614
1.352127
2.034444
-3.316265
2.316216
0.117109
1.299849
-1.030377
1.923787
2.804918
1.789465
-3.605240
0.965252
-3.568220
-0.165149
0.174672
0.148890
-1.190290
1.523213
2.485897
-0.463648
-2.835714
-2.137526
-2.057696
-1.107149
0.380506
-1.892547
-3.536384
-3.463343
-0.574305
3.041924
1.396124
-1.745469
-1.961403
2.934096
2.279423
-2.651635
-3.682012
0.909753
2.629203
-1.231504
1.801887
0.493941
-0.708626
-1.778293
0.512389
0.982794
-2.677945
-2.203545
-1.465919
0.266252
-3.306741
1.961403
-1.190290
-1.022247
-2.922924
-3.189176
0.531724
2.158799
0.463648
-0.785398
-0.708626
0.741947
-0.665969
2.870646
1.339706
-2.984991
-0.507099
0.390607
1.310194
-3.386571
2.181522
0.540420
2.396173
0.785398
-0.881872
0.837981
0.661043
-4.712389
2.185459
2.203545
-0.614663
-3.141593
2.459276
-2.158799
1.626295
-1.504228
-2.466852
-0.117109
-0.370891
0.463648
-3.540115
-2.498092
2.158799
1.735945
2.475623
-2.173084
-0.643501
-1.249046
1.385448
-1.172274
0.694738
-3.926991
-1.030377
-2.231839
-0.856706
1.919567
-0.674741
-0.090660
-0.862170
0.321751
1.012197
-0.994421
-1.781890
2.289626
-2.485897
-0.244979
-1.199905
2.574863
-3.463343
-1.828120
1.373401
-1.508378
-2.356194
2.782822
-1.620755
-0.512389
-2.944197
-1.373401
-2.729182
-0.927295
-0.302885
2.245537
-1.983207
-1.453688
1.727398
-0.665969
0.062419
2.034444
-3.082837
-0.600050
2.129396
0.610726
0.165149
-1.719686
1.570796
2.010639
0.685730
2.432966
-1.735945
-2.185459
-3.648691
-0.785398
-2.570255
3.046641
1.414194
-0.588003
1.856848
0.643501
2.508844
0.348771
-1.647568
-0.942000
-1.165905
-1.039072
-2.729182
-1.778293
-2.452668
-1.570796
1.633215
-0.152649
-0.211093
-0.390607
-1.414194
0.358771
2.319174
-3.402195
-1.107149
0.702257
-1.681454
-0.370891
-0.996491
1.789465
-1.876675
