0.091691
2.297156
-0.076586
-0.243088
0.147238
-0.077640
-0.113178
-2.262312
0.125857
2.242918
-0.184904
-0.164503
2.310896
-0.069093
0.189874
2.370488
-0.191602
1.444293
-0.067338
-0.164969
-0.180808
-0.125133
0.199797
-0.069305
2.259031
2.379601
2.281967
2.266411
-2.239412
-0.074804
-0.058806
2.339462
2.281602
0.117744
-0.077937
0.149752
0.158725
-0.132886
0.200217
-2.151341
0.209803
0.174593
0.176117
2.238156
-0.109594
-2.241497
-1.063066
-0.165549
-2.229283
-0.171097
0.145242
2.261493
-0.117488
2.267335
0.122131
0.128331
-0.240561
0.105970
2.357856
0.028087
-0.085997
0.182127
2.273425
-0.158552
2.294482
0.121535
-1.006121
2.278738
-0.080185
0.255560
0.218351
0.152489
0.138632
2.261663
-2.197609
2.247234
-1.044109
-0.013172
-0.228140
2.290573
0.059294
-0.183374
-0.184805
2.308726
2.283565
0.178513
-0.142537
2.297798
-0.905764
0.092804
0.182789
0.196406
0.128653
-2.224703
-0.136512
0.150742
-0.170150
-2.294364
-0.161319
-0.163475
-0.208825
-0.162762
-0.108366
2.383278
0.171058
2.400064
0.222255
0.202251
-1.010003
-0.110745
-0.172143
2.243976
-0.107757
0.180926
-0.086759
-0.178315
-0.196381
-2.266592
-0.149430
0.183543
-0.014259
-2.237472
2.366851
0.001540
2.312609
0.176441
0.120235
-0.056157
2.291107
2.420468
-0.035706
-0.060652
0.122534
-0.004963
-0.060992
2.338336
2.230631
2.289714
0.015528
0.131762
0.146125
0.187773
-0.069393
2.343787
0.167345
0.221387
-0.172925
-2.256669
2.298041
0.201972
0.147890
-0.127814
-1.044726
2.240154
2.218137
0.191672
0.187507
-0.247758
0.077971
-0.072197
-0.091964
-0.117746
0.176973
-0.033784
0.106197
-2.290812
-0.149810
0.166494
-0.127621
-0.122744
-0.083955
-0.194050
2.237794
-0.135748
2.293064
-0.182027
-0.192488
-2.245935
0.085090
-0.164521
-0.188682
-0.084392
-2.288996
0.121546
-0.880909
2.364290
0.165691
-0.153642
2.320347
-0.230273
0.096059
0.214086
-0.168049
2.295544
-0.136442
0.148019
-0.048582
0.174865
-0.057118
-0.138852
0.143494
2.276121
0.189389
2.311112
-0.107396
-0.160490
0.157726
2.339315
-0.126017
0.183390
-0.186231
-2.241887
-0.100369
0.082008
-0.198526
2.282648
0.117136
-0.174708
0.039968
-0.096170
0.229725
0.147999
-0.173069
0.180562
-0.147006
0.091937
0.121802
0.165119
-0.099191
0.145952
-0.085084
-0.036354
2.288126
0.161581
-0.161153
-0.008187
0.228126
0.108789
-2.314189
-0.077096
2.233235
-2.208771
-0.147144
0.222790
2.311192
2.292371
-0.210103
2.363329
2.305820
-0.168253
-0.116963
2.372672
0.221003
-0.091931
-0.115924
0.067031
-0.196290
-0.097720
0.099625
0.231905
0.185408
-0.113290
-0.151474
-0.005144
-3.139891
0.153240
-0.019132
-0.094921
0.146423
2.425010
2.242452
0.092696
-0.088499
-0.106824
0.138149
-0.096762
-2.211845
0.092912
-0.118659
2.281887
0.154000
2.264890
-2.177240
-0.147479
0.188055
-0.134108
-0.010070
2.306884
0.167734
-0.111064
0.181107
-0.981080
-0.212190
2.303993
-0.008834
0.165961
0.206415
0.187164
0.139747
0.220177
0.134856
-0.147073
-0.145598
2.346904
0.234803
-0.001832
-0.035357
-0.211221
-0.191778
-0.081346
0.157222
-0.019582
-0.105926
-0.203925
2.350324
-0.169197
-0.190334
0.151741
0.020739
0.164776
0.132037
-0.108406
-0.105812
-0.065690
-2.226884
-0.011869
2.343242
0.195624
-0.153650
2.333020
-0.117234
-0.225571
0.162708
2.244728
-0.208350
0.163944
2.144092
-2.178040
-0.112859
-0.222856
-2.286142
0.205232
-0.138403
0.124796
-0.061215
0.155874
2.228463
-0.086979
-0.092125
2.244069
-0.997056
-0.108700
-0.160903
0.120670
2.313186
0.121039
-0.055365
-0.045984
0.135688
-0.020096
-0.158407
0.161122
0.113902
2.250812
0.154024
-0.159815
-0.075526
-0.175555
0.148761
0.141613
0.009326
0.120423
0.236648
2.360617
-0.137057
0.146323
-0.102273
0.148138
2.231161
0.209341
-0.080411
-2.264630
-0.112683
0.147655
-0.255914
-0.092667
0.046183
-0.079704
-0.175836
-0.180985
2.305956
-0.048898
2.359966
0.189248
-0.118857
0.142303
-0.159259
0.167076
0.134222
0.237124
-0.040817
2.272471
0.179171
0.133709
0.157509
2.275830
-0.164627
0.220136
-0.086590
0.029027
-0.133503
0.049203
-0.184968
-0.149837
-0.157210
-2.248022
0.127827
2.305962
2.277551
0.174541
-2.237918
-0.025269
-0.114324
-0.140970
2.329093
-0.173377
-0.144489
0.196380
-0.121505
0.184346
-0.125153
-1.046059
0.193034
-0.182069
-0.083471
2.278995
-0.112886
-0.039129
2.330306
2.258128
0.215019
2.281896
-0.233419
0.097770
-0.047828
-2.278504
-2.261773
-0.005916
0.076151
-0.032151
-0.158941
-0.174981
0.157062
2.380910
-0.167493
0.207800
0.240429
2.265778
-0.145047
0.130724
2.255956
0.141279
0.178953
0.112534
-0.044833
-0.124692
-0.111242
-0.096257
0.144587
2.319813
-0.109328
-0.210347
-0.112719
-0.153706
-0.114996
0.157425
0.166006
2.288440
2.321230
2.289999
-0.061419
2.270695
2.397285
2.431865
-0.101109
-0.040037
0.138731
-0.027379
-0.095999
0.209032
-0.079014
2.231020
0.128127
-0.180157
-0.200535
-0.105332
0.103081
-0.175240
2.361768
2.418175
0.128531
0.091898
0.124705
-0.003176
-2.227169
-0.198629
2.303915
0.033912
-0.132747
0.255731
-2.227843
0.124420
2.333385
0.088193
2.261288
-0.063216
-0.029608
0.049771
2.412972
-1.060442
-0.187762
-0.111213
-0.143527
2.318078
-0.050855
-0.171161
-0.034060
-0.133494
2.311400
0.147539
0.099494
0.143444
2.214205
-0.075781
2.323688
-1.014717
2.314750
-0.147343
-2.199469
0.161544
-0.206069
0.184332
-0.168546
0.094621
0.141212
-0.188895
-0.153199
0.170709
-0.146245
-0.024705
-0.222448
-0.222203
-0.110764
0.166520
-0.163605
2.316679
-0.122042
2.273599
0.199855
-0.090105
2.311712
-0.202786
2.239333
-0.063372
2.224941
0.003579
0.109201
0.224638
-1.045783
2.290860
-2.239162
-0.076762
0.217860
0.092684
-0.999563
2.314584
2.319866
-0.031951
-0.101984
-2.328553
0.095529
0.230783
0.157737
0.106224
2.375358
-2.344440
-0.067127
0.035877
-0.178649
0.254804
-0.142625
0.213141
0.188343
0.198927
-0.912061
0.207608
-0.016222
-2.174244
0.212411
-0.036981
-0.200824
0.025041
-0.107779
0.191554
-0.204269
0.100572
0.128351
-2.270679
-0.158301
0.182816
0.161302
-0.212369
0.070206
-0.024735
0.169251
-2.250133
-0.134996
-2.222573
-0.074816
0.104210
-0.122841
2.321124
2.301217
2.233384
2.313030
-0.003015
2.399065
-0.133025
-0.188837
-0.235759
-0.112335
-0.152435
0.116163
2.302015
0.203192
-2.229590
0.150260
-2.298178
0.181283
-0.085565
0.142341
-1.037481
-0.244195
2.286157
0.136374
0.171393
0.106449
0.170114
2.254756
2.323014
0.163372
0.122899
-0.042330
-0.177424
-0.122453
2.279594
0.137411
0.190442
-0.986679
-0.100156
0.116896
-0.165668
-0.199719
0.252447
2.369862
2.293924
0.174022
2.327722
1.417749
0.154446
0.109892
0.077618
-0.173513
-0.082828
-0.107715
0.215451
-0.118133
-0.147868
-2.257375
-0.086259
-0.139472
0.167992
-0.153123
0.069977
0.184557
-0.171608
-0.102944
0.178975
0.148180
0.199782
