-2.285932
2.268431
-0.247129
-2.249899
2.173804
-0.066822
-1.019267
-2.377200
2.343476
2.157408
-0.103093
-0.195379
-0.087993
0.158782
0.093008
-0.262985
0.162932
-0.106513
2.357818
0.805421
0.177205
0.062410
2.299354
2.082457
-0.079410
0.086509
-2.196874
-0.906691
-0.144963
-2.347840
-2.334288
0.164737
-0.294942
2.144502
0.091827
-0.253110
0.176967
-0.123851
0.061047
2.228769
-0.144797
0.130732
0.122240
-0.201650
-0.003253
-0.356796
0.028229
-0.158434
-2.364705
2.257559
-0.115859
2.265155
0.124538
-0.131501
2.297067
2.301671
2.265651
-0.079061
0.002184
0.804378
-0.099914
-0.204964
-0.167745
0.092611
-0.127272
-2.300550
-2.483566
-0.083247
-0.223051
-2.302462
2.220874
-0.101410
-0.175023
-0.050739
-2.348329
-0.097861
-0.059496
2.211701
2.302600
-2.446495
-0.313633
0.044202
-1.111465
0.050817
0.149148
0.054412
2.254658
-0.014086
-0.095919
-2.236397
2.291224
2.316624
-0.008669
0.046544
0.002158
0.009544
-0.244776
-0.235262
-0.004158
-0.186424
0.255588
-0.178723
0.094466
-0.225658
-0.178658
0.094948
0.064958
2.097954
-0.290751
0.039394
-0.216277
-0.294379
0.007638
-2.247728
-2.299169
-0.203138
0.110315
0.039215
-0.177689
-0.234813
-0.233298
-0.187312
-0.281822
2.297258
-0.077375
-0.039999
0.115196
-2.409214
2.296246
-0.228353
-2.403064
0.166537
-2.266811
-0.172299
0.122583
-0.230399
2.353078
-2.337757
-0.163389
0.059103
-1.153583
0.273946
0.127424
-0.177682
-0.084505
-0.021299
0.117816
-0.181756
0.230530
-2.379049
-2.283888
0.182687
2.148196
2.282090
0.189958
2.285069
-0.156500
0.176266
-0.026481
0.042064
2.312588
-2.285548
0.146946
-0.161621
-2.472994
0.126392
-0.274137
-0.233817
-0.251364
-2.260240
-2.351400
-0.210724
-2.307843
-0.204806
-0.267775
0.085121
2.295036
-0.166508
-0.050927
-2.389629
0.079791
-2.342360
-0.252553
0.212083
-0.169325
-0.232545
-0.327148
2.238004
-2.310427
0.155157
-0.277827
0.193956
-0.183004
0.078195
-0.243849
2.291361
0.059580
0.137793
-0.018678
0.178492
0.271917
-0.033258
0.150296
1.394246
-0.100431
-0.227938
0.191216
0.162582
0.080230
2.121751
-2.260935
0.132175
-0.208400
0.075913
-0.274036
0.160008
-0.110796
2.188181
0.220593
-0.156049
0.102466
-0.119309
-0.150690
-0.246948
-0.375945
2.244096
-0.098053
1.327176
-0.250627
2.356293
2.144440
2.203238
-0.104216
0.167881
-0.263993
-0.239008
-0.036661
-0.429503
-1.021368
-0.107594
2.237707
0.243227
0.185317
0.071815
2.146272
-2.369682
-0.260615
-0.131252
0.090856
0.141798
-0.166186
-0.232885
0.092972
0.128256
-0.008572
-0.110398
2.229329
-0.189085
-0.149408
0.159446
0.062029
-0.205243
2.124085
2.298761
0.168223
-0.346313
-1.056194
-0.217254
0.146867
-0.046799
0.156400
-0.131408
0.159127
2.265512
0.042783
-2.262733
0.122973
2.323192
-0.111822
0.070320
-1.102295
2.224664
-2.424567
0.040166
2.259440
2.415799
-0.262636
-0.209418
-0.242079
-0.100205
0.028165
-2.266721
-1.252729
-0.238538
0.190867
2.223742
-1.109455
2.303417
2.212194
-0.156895
-0.217411
2.371306
-2.269938
-0.039626
-0.074484
-0.193111
-0.108880
-0.043577
2.336673
0.129153
-2.246696
2.260174
-0.209576
0.095748
-0.081796
-2.219659
-0.148248
-0.105135
-0.187091
0.052345
2.298845
-0.062402
-0.156165
-0.115211
2.293628
2.223554
0.126753
2.094820
-0.288898
-1.113687
-0.224987
0.051083
-0.273527
2.425650
-2.555875
-0.023323
-0.184314
-1.036308
2.249668
0.225970
-0.027016
-0.101636
0.063454
0.030702
-0.103712
0.106521
-0.167554
-0.280550
-2.248180
-2.370492
0.069053
2.265885
-0.189094
0.113012
-0.189971
2.323078
-0.180843
1.524782
0.194791
-0.140770
0.185039
-0.175223
2.517636
0.112150
-0.245078
-0.124927
-0.242502
-0.197066
0.051772
-0.017044
0.115008
0.082516
0.017169
2.351695
-2.294181
0.111949
0.102623
2.376486
-0.259974
-0.251963
-0.161625
-0.167596
2.190894
-0.232056
2.261124
-0.170112
0.080942
0.057729
-0.191198
0.093478
0.124457
-2.450028
2.173316
0.071369
2.338882
2.284511
0.205654
2.417078
2.124288
-0.021445
-2.273299
2.315925
0.210735
-0.199395
-0.199413
-0.231114
0.083147
0.112590
-0.157847
-0.173080
2.195549
-0.235104
2.204980
-0.084040
0.110240
-0.313695
1.459875
-0.184047
0.007204
-0.273660
-0.083785
-0.246654
2.224533
0.068942
-0.020448
-0.221713
-0.056898
-0.165872
2.158030
0.113971
-2.374705
-2.233255
-0.237065
2.131946
0.101059
0.169724
0.142761
2.246923
2.258959
-0.173459
-0.123020
-2.285221
2.221566
0.322955
-0.022185
0.101853
-0.113889
0.029550
-0.161224
-0.334584
-0.132611
0.057728
-0.145874
-0.132580
-0.210322
-2.289827
0.141584
0.112427
-0.131845
-0.167579
-2.296366
0.159543
0.056341
-0.033655
0.129129
2.170970
2.323229
-1.070798
2.208951
-0.095842
-0.258177
-0.238258
0.056130
-0.020645
2.161858
2.218697
-0.088725
0.155987
-0.191925
-0.216483
0.114042
-0.193139
-0.365643
-0.191487
0.231169
-0.208386
0.311088
-0.227630
-0.244398
0.151477
-0.137750
2.223347
-2.273526
0.118949
0.148776
2.286469
-0.047653
2.286622
-1.151329
-0.305577
2.249762
-0.147459
-0.233296
-0.237194
-0.005900
0.054763
-0.265330
-0.237863
0.129368
0.155887
-0.126190
-0.128495
0.164908
-0.227740
-0.245609
-0.107567
-0.288754
2.336405
-0.211463
0.030857
-0.139812
0.143963
0.155823
2.275818
-0.246583
-0.256579
-0.077113
0.165602
-2.525639
-0.121946
2.225680
-0.189972
-0.177569
0.038824
0.172055
0.121764
-2.311780
2.222994
-0.115703
-2.271331
-0.097399
0.003803
0.181750
-0.113652
2.243165
0.142333
-2.406028
0.111186
-0.269741
-0.088812
-0.144959
0.172257
2.259429
-0.153881
0.144859
0.091539
0.076867
0.203128
-0.141776
0.135647
1.317670
-0.045767
0.663465
0.030582
-0.091371
2.130283
-2.248865
-0.251263
-0.180364
2.309779
2.203931
0.032088
1.366820
-0.332715
-2.312020
-0.093761
2.209753
-0.106937
2.311402
-0.090113
2.225537
0.007030
2.292025
-0.067589
-1.148376
-0.225783
2.414412
-0.207626
-0.127851
-0.100303
2.212712
-0.091328
-0.008550
0.188684
0.092521
0.174518
0.182642
-0.212601
-0.222015
-2.256182
-0.080566
-0.308917
0.091244
-0.050192
-0.201593
-0.059363
0.033348
-0.134744
0.132254
-0.307012
-0.219327
0.088293
-2.273966
2.201674
2.128927
-0.260007
-0.171990
2.204234
-0.063508
2.397225
-1.081659
2.207371
0.155548
-0.276938
2.201327
-0.083130
0.088282
-2.405070
-0.173674
-0.025292
-0.152686
-0.118354
-0.022169
-0.205595
0.081003
-0.071777
0.362084
-0.102869
-0.200922
0.171217
-2.275361
0.053335
0.132252
-0.331197
0.118317
0.127237
2.495245
2.243822
2.296943
0.063537
0.098796
-0.071267
0.182775
2.256510
-0.158235
2.100729
2.233044
-0.195252
2.365720
-0.153060
-0.054112
2.248551
-0.066338
0.146931
-0.174249
-0.108999
2.293304
-0.283081
0.118796
-0.097575
2.290615
0.041081
0.011267
0.107099
0.097277
-0.020946
2.151531
-0.310176
2.224025
-2.350804
-0.041394
0.099092
0.139592
0.076165
1.283477
-0.065858
-0.074882
-0.002627
-0.182628
-0.301437
