-0.147549
-0.153057
2.411872
-0.086521
0.176499
0.188627
-0.062873
0.108134
2.323485
-0.063773
2.278741
2.259015
2.400858
-0.224888
-0.133893
-0.086529
-2.282685
0.277373
0.127013
-1.019055
2.336167
2.260586
0.103595
-2.258009
2.694154
2.285045
-2.259415
0.188223
-0.154208
0.172922
2.431446
2.289589
2.219400
0.223180
-0.084864
0.090948
0.273831
-0.075970
0.026149
-0.107058
-0.140900
0.280214
0.303215
-2.279659
1.141300
-0.147638
2.264052
0.238083
2.271872
-0.172258
-0.062935
2.305300
1.065755
-2.318023
0.269553
0.161511
1.019919
-2.367711
2.316157
0.329148
-0.138067
0.144383
0.193076
-0.096457
-0.032309
-0.152400
2.114543
-2.238126
0.123442
2.243721
0.127393
2.388580
3.634069
-0.192856
-0.002387
0.404915
0.294486
-0.166629
0.108112
-0.013034
0.115108
2.776039
-0.115051
-0.136156
0.220745
2.299497
0.086165
-0.086889
2.291979
2.265871
0.230167
-0.078333
2.551367
1.428942
2.418641
-0.066787
-0.211058
0.545798
0.621187
2.186311
0.335386
0.213845
-0.017630
-0.045929
2.305365
0.111462
1.749512
-2.240156
0.155249
2.278078
-0.191078
-2.029496
0.128278
-0.318721
-0.054149
0.191676
0.152574
0.047998
0.404713
0.138203
0.197052
0.159613
0.108167
-0.151369
2.244371
2.258542
-0.016346
2.376171
-0.067405
-0.228164
2.316457
-0.181815
-0.127145
2.393236
1.105864
-2.267636
0.028388
0.255562
-0.140077
2.267288
2.728605
0.097654
0.085234
-0.191635
-0.170770
-0.075700
2.223424
0.044075
2.478131
0.213144
0.234391
0.414683
0.146512
-1.059074
-0.032679
2.447099
0.257789
0.205929
-0.105085
-1.021006
-0.009266
-0.194802
0.137007
2.277740
0.022690
-0.000482
0.229058
0.390539
0.168018
-1.347446
0.134341
2.411433
-0.087082
0.192385
0.161252
0.194683
0.130134
-0.031178
2.221884
-0.169406
0.134435
-2.228424
-0.012587
0.021930
-0.194682
0.121694
-0.145301
0.135648
0.156873
0.745688
0.303637
0.144999
0.087391
-0.005077
-0.014723
0.770428
1.120103
0.079320
0.460262
1.628329
0.181866
-0.128038
0.184219
-0.119046
0.135286
0.145301
-1.617944
-0.136470
0.129813
0.395860
-0.045376
0.123750
0.142959
0.029761
-2.216887
0.305574
2.600240
0.151244
2.345066
-0.004250
0.253256
-0.040375
0.023015
-0.186900
-0.066098
2.317825
2.512714
-0.089558
0.398884
2.244470
-0.086966
-1.614197
-2.125157
0.402948
2.329014
-0.093276
-0.136055
-0.058503
0.312885
-1.325751
-0.086867
0.523036
0.159152
-0.150863
1.247078
-0.144724
0.683086
-0.136773
2.347505
-0.220488
-0.155179
0.211529
2.731444
-0.160628
0.221693
-0.155643
-0.116550
0.126688
-0.181338
0.133989
0.082695
2.540086
0.284096
0.068881
-0.149364
-0.157832
0.083197
0.207926
-1.001491
-0.075295
-0.961314
0.368527
2.303791
-0.168794
-0.093260
2.234158
-2.295534
0.171399
0.285262
-2.287658
-1.100584
0.095658
0.238510
0.100712
0.068231
2.296640
0.074771
0.196583
0.207866
0.415091
0.885561
-0.177962
-0.229696
-2.152468
-0.061799
-0.171154
0.088665
-0.031150
-0.077627
-0.101233
0.201767
0.112443
0.139841
0.155168
0.123647
-0.045796
2.333869
2.288723
2.212826
0.314006
0.098720
2.330228
0.152048
0.207146
0.129077
-0.110865
-2.285672
-0.187424
-0.997456
2.243074
0.253352
-3.115354
-0.051192
-2.208897
2.300245
2.232548
0.041466
2.297768
-0.473830
-0.211228
-0.111645
0.194690
-0.119417
0.178679
-0.124524
2.448662
-0.002391
-1.449205
-0.134544
-0.222775
0.075717
0.119180
-0.051772
-0.217693
0.158272
0.095998
0.814948
2.285711
-0.004687
0.563940
0.126349
2.217607
-2.261409
0.011946
0.039727
0.225581
0.180342
-0.130833
0.130908
-0.098547
-0.213448
2.319598
-0.005541
-2.278746
0.107606
2.309670
0.202210
0.082064
0.054071
-0.074019
-0.044811
0.168060
0.193691
-0.185402
0.226911
-0.362952
0.203684
0.129912
2.173641
2.485490
0.451095
2.295485
-0.103482
0.129319
0.305640
0.150738
-0.260627
-0.123784
2.348082
0.421018
0.285412
0.169180
0.966725
-0.220325
0.119219
2.254841
0.332820
0.040384
0.408335
0.169306
0.255072
-0.243968
-1.973574
2.297945
-0.054684
-0.030009
3.554433
0.138545
0.224142
-0.891590
-0.114391
0.318803
2.266862
0.054830
-0.151754
2.228574
-0.218582
2.288902
3.339776
2.238617
2.270914
0.015355
2.593372
-0.205223
-0.069869
0.063709
0.189440
0.085572
0.092743
2.444802
-0.150557
-0.924227
2.289455
-0.214906
0.176597
0.186596
2.358942
2.573649
-0.043546
0.105711
0.072204
-0.067167
-0.538983
1.179189
-0.077543
0.188239
0.032541
-0.172507
0.109132
1.018414
0.821546
0.144266
0.126285
-0.128046
-2.299651
-2.153014
-0.106522
2.308781
0.188071
2.286262
0.627502
0.062092
-2.242393
0.031271
0.217235
0.384135
0.200014
-0.148753
0.087710
1.398927
-2.198501
0.517113
0.154715
-0.195107
1.363314
-0.047264
2.341030
2.385422
-0.092571
0.479393
0.274696
0.263186
0.009969
0.142279
0.529707
1.007684
-0.140643
0.140110
2.300822
-2.269925
0.215620
0.223483
0.118536
3.095988
0.091423
0.361890
0.025878
-0.036934
-0.103645
0.093615
0.100763
-0.013943
0.111093
-1.078890
0.184274
2.339731
2.344339
2.233782
-2.254887
0.192395
-0.180221
0.342196
0.142235
0.028149
0.125278
2.157974
0.062665
0.239259
0.172696
2.302829
0.116377
0.184991
0.029762
0.245482
0.087073
2.300532
-0.065756
0.210037
0.085341
-0.208396
-0.014483
0.227983
2.221210
0.121527
-0.184767
0.107388
-0.148610
-0.295009
2.243211
0.030686
2.297951
0.112605
0.508516
-0.156265
-0.103271
-0.186565
-2.260848
0.264134
-0.148502
0.186333
0.009863
-0.192295
-1.504209
0.205999
-0.034939
2.222914
0.261616
0.283725
0.172272
-0.153846
0.290917
0.137516
-2.272614
-0.056162
-0.209534
2.314588
0.099821
0.188931
0.112887
0.007440
2.317946
-0.088070
-0.105464
0.256543
-0.091110
0.399104
-0.138384
-0.120853
0.112513
2.247515
2.468983
-2.221775
-0.056135
2.335855
2.472665
2.441274
-0.142308
-0.131803
-1.034329
2.351443
0.205872
0.150015
0.216573
1.874242
2.216181
2.214315
-0.110371
0.010491
-0.005690
2.240285
2.459617
0.179977
-0.140877
0.184081
-2.198674
-2.142481
-0.141867
-0.198779
-0.898932
2.214769
2.295847
0.010680
0.116521
0.090745
0.152018
2.295127
1.365853
-0.122405
0.160391
0.195634
-0.164888
0.128541
1.459311
0.344392
1.510788
0.326436
0.200576
2.389304
0.049996
2.301241
0.175972
-0.037448
0.102599
-0.024357
0.186599
-1.018997
-0.212958
0.214556
2.292938
2.256034
-0.830752
-1.443414
-0.054375
0.295469
0.136397
-0.116919
0.072516
-0.061393
-0.219658
-0.156373
2.269621
-0.038448
2.421023
0.153190
-0.012639
-0.190557
0.168383
-0.209393
-0.151106
2.414957
0.492853
0.104024
2.254697
2.343061
-0.039351
-0.094397
0.136332
-0.027711
0.181182
2.326200
0.328919
-0.181450
0.071256
0.121420
-0.059547
0.343983
-0.221489
0.201718
-0.053138
2.438812
0.150792
0.067818
-0.002424
0.149047
-0.174571
-0.185681
1.033283
-0.225146
0.114815
2.308891
