-0.860258
8.280609
1.051650
-4.638450
2.310073
0.039979
8.590638
0.487836
-2.466852
-2.532429
0.376909
1.405648
-2.523837
7.222291
-2.175102
3.194176
-0.066568
0.250443
2.504522
2.252095
5.737530
2.819842
-1.858852
-0.165149
3.100799
2.295662
-1.005647
0.209640
0.391700
7.570188
-7.370535
-1.781890
-1.129204
5.437619
2.221873
-2.052460
1.196463
1.730148
7.633153
8.357608
-1.635223
-0.971621
0.435353
-8.377260
-8.317629
7.068583
3.124051
-8.012637
-0.961633
0.144812
-0.625485
2.659929
0.911168
1.989021
2.371119
-0.117109
8.378777
1.712693
3.297187
2.125104
0.425205
2.896614
2.660705
-2.685244
7.953650
-1.697388
2.356194
-0.659310
3.294242
0.759763
2.716760
-2.516957
6.448334
3.621768
6.114588
-0.081452
-0.478914
0.920375
-1.613324
1.467004
-1.080839
7.874387
7.938883
1.190290
0.316286
1.963136
-4.331883
-0.696742
0.333244
6.283185
1.629552
2.300696
-0.770474
0.384605
-1.722172
-8.432506
-1.603043
5.655556
8.026172
0.785398
-7.627183
9.571856
1.478040
2.954164
2.765102
-0.977047
7.492778
-0.334737
-1.732634
7.310149
1.100156
2.732155
2.525296
0.104877
2.687749
2.991221
1.969319
1.673878
-8.593957
-1.402900
-0.497822
-0.982794
-2.917358
2.852089
-1.824470
0.310387
-8.433056
3.451980
3.009041
-1.027319
-0.283794
1.746736
2.612003
-0.639770
2.202487
-1.473069
2.706239
-1.837048
0.229904
-1.516305
2.986596
3.141593
-6.024933
0.351445
2.906048
-0.808122
2.813473
-7.940720
8.420711
0.309703
5.955065
-0.321751
7.853982
2.579671
2.135946
-0.514451
-4.205290
0.124355
2.553590
-2.458401
2.642246
-1.918182
-0.426627
8.298401
6.709813
-1.220482
2.772259
2.292988
0.626261
0.021273
-1.369479
0.896055
0.853475
2.508844
-1.929567
0.858439
-1.098674
-0.889498
-1.913820
-2.868584
2.260596
0.089050
-0.622671
0.866302
8.175732
0.176709
3.294242
7.628705
1.681454
-0.000000
1.170556
3.403306
6.827018
5.226840
-0.604306
-2.771687
3.254320
-0.176709
-2.177401
1.607144
-2.413275
-0.738920
-7.752293
2.856475
-1.433730
-1.107149
3.121595
4.731994
-2.251318
1.331053
0.982794
-8.500740
0.299776
7.682603
5.161649
2.807648
-0.669043
-7.993078
-0.172191
-0.528074
-1.549966
7.505211
-8.771931
6.961305
6.918212
3.124645
2.214297
-1.815775
-1.124691
2.320066
5.555195
2.389515
-1.261866
-0.982794
-2.256526
4.941621
3.024484
-1.924794
2.311448
-9.179799
3.173840
2.466852
-8.028654
5.521592
0.762147
1.712693
-1.341564
0.463648
-0.042528
2.736701
9.424778
-8.869782
8.083886
1.570796
-0.516695
-0.016948
9.465572
3.007782
1.729452
1.687905
-2.034444
4.941621
-1.013895
0.136403
-8.491052
5.567442
1.979704
1.858852
0.018866
3.076113
8.035630
1.243396
7.320273
5.176037
0.633633
-1.551191
-1.913820
3.205000
3.283490
7.777210
-0.016665
1.815775
3.507340
-2.053310
3.431096
0.197396
-0.633633
3.269916
0.934288
7.688833
-1.023234
3.045734
1.676781
8.181080
-8.482778
-4.341498
2.936951
-7.598799
7.488234
0.394791
-0.931410
-0.062419
-1.608514
-1.925502
-8.069339
0.471778
5.906695
9.405173
2.614965
2.509902
2.768605
-1.973117
0.141897
-1.629552
-0.529247
0.688145
-1.231504
-4.629248
-8.727757
6.900941
0.332059
2.910502
3.773283
-1.142532
2.416727
3.427644
3.162866
2.914794
-0.491164
5.759907
3.086094
-2.910502
5.358902
-2.714965
3.825887
1.202447
7.462282
3.458162
-0.463648
1.924794
7.407876
1.609992
-8.846254
2.597312
2.736701
5.136058
-1.633215
5.150180
-0.463648
-8.881300
-0.530773
-8.778020
3.665512
3.309799
-2.384758
3.554003
2.739272
0.426627
0.310387
-2.559240
-1.791290
-1.725793
1.472751
7.362818
6.400294
-7.265979
0.244979
2.790148
-0.141897
3.218365
-2.297439
1.236059
-0.328120
2.525973
-2.018316
0.000000
-1.729452
-0.017855
-0.772741
2.576443
7.853982
2.487022
-0.278300
-0.446106
1.866237
-1.454655
5.231535
-3.453635
-8.934821
2.601173
2.525296
3.158540
-2.525973
-1.552280
-1.152572
7.873979
7.390334
-3.022164
-2.580906
7.214596
0.618144
3.122364
-0.531724
3.500363
0.593003
-0.372988
3.227587
9.557329
3.100799
2.283857
4.929263
6.089563
-8.054936
-8.731898
-0.352044
0.184324
-0.666908
5.579955
-0.857735
-2.650429
-8.063621
3.399845
-9.148972
3.469713
-0.075329
7.340376
3.034857
-2.498092
-2.101570
-2.618314
0.422005
3.504740
-1.082960
1.971037
2.574863
3.014620
0.435353
2.052460
-1.873681
-2.441700
-8.098960
-7.397910
-1.735945
-0.537285
2.275290
-2.651635
2.469986
0.815692
2.905347
-0.513606
-2.918932
5.168461
0.659310
2.819842
2.739722
8.346818
-0.201317
-4.256317
6.876935
1.650626
0.773053
1.841743
1.381597
3.032931
1.047518
3.103150
-1.330625
-1.622474
-0.968509
2.167973
1.347320
0.269849
-1.683524
7.354635
-7.685775
-1.941688
-1.190290
3.373696
-1.539556
7.556917
0.565484
8.432506
-9.066007
-2.187093
-1.266795
-0.988443
-1.687905
-0.384169
8.013895
-0.966491
-0.886502
0.206324
0.308931
2.094716
-2.034444
9.563874
7.068583
0.201317
3.698192
-8.768076
-0.812419
0.677708
0.659310
1.978052
0.731397
-0.418224
9.561181
1.742175
2.809533
-1.633215
2.538363
0.356220
1.612439
-0.471460
2.135946
3.024484
1.983207
9.746529
2.297439
-9.137839
1.100156
7.484076
0.521434
0.613207
1.750650
2.677945
7.821735
-2.587285
-1.588652
-1.668523
-0.471778
1.538549
-0.717322
-3.032931
3.312972
-0.214061
3.237452
7.968858
-0.537587
-1.685673
3.079174
2.313966
-2.430683
3.553049
-3.767078
2.687291
-0.878462
1.942864
7.731786
0.103082
-7.891700
6.970310
8.418065
-2.370686
-8.175732
-7.501937
1.532354
-8.359563
2.152701
0.096474
0.218669
-2.653756
-2.901422
7.082281
2.446854
2.267539
-0.308931
-0.570040
1.498197
-0.480887
3.160458
7.732139
3.596693
7.502537
0.509071
2.224432
3.682012
3.023501
7.307193
2.725528
2.442400
-0.072599
7.993422
-4.812058
-8.700528
2.490516
2.461071
6.057909
3.463343
2.875341
5.486552
1.697769
0.266252
-2.118359
6.219442
-0.108271
8.039330
3.490364
-2.356194
3.278659
1.906435
2.632522
-8.212752
0.128323
-0.908067
2.300074
-0.883672
1.183273
-9.079776
0.578524
-1.338692
-0.785398
2.982241
-0.446842
1.226578
-0.472497
0.581905
7.408681
-0.280838
-0.068856
3.241261
5.136058
6.141288
-0.927295
9.494839
-8.301502
-1.683524
2.859038
5.211736
-1.589662
3.022164
-0.736656
5.941570
-1.712693
-1.186627
-2.454468
0.653636
6.064516
2.444202
-1.570796
-1.197809
8.334157
6.317654
0.832981
2.620158
-2.477546
6.264320
2.734337
2.163494
0.426627
-7.758122
2.865496
2.252095
7.982892
2.582993
-7.727009
-1.898535
-8.730040
-0.543832
-2.248505
15.767891
1.443824
0.934958
3.045119
-3.937979
2.651635
-4.128753
6.283185
0.162199
0.159913
-0.911486
-1.758225
-1.626295
-2.270689
-0.551655
1.742987
1.114724
1.243698
1.129204
-0.400241
0.687124
2.493781
-8.856673
-0.627308
7.113330
-7.775710
6.118037
-0.728317
2.199593
-7.891002
