0.524678
-1.855572
-0.685024
-0.147980
1.448726
-0.077590
-0.257584
1.475289
-0.214648
-0.103043
-0.503073
-0.297915
-0.551953
-0.304527
1.495330
0.363216
-0.730759
0.403034
0.387295
-1.850612
-0.449057
0.423979
1.372060
0.362386
-0.615588
1.175257
1.392339
-1.893663
0.289358
-0.296952
1.777387
-0.549057
1.396928
-0.107238
-0.107885
1.615313
-0.210743
0.420894
-0.323816
1.314472
-0.235992
1.515776
-1.592664
1.075886
0.357925
0.412924
-1.713023
-0.560942
-1.801426
-0.484899
-0.376814
-1.825133
-1.799864
1.350166
-0.459220
-0.731356
-0.491442
-1.775560
-0.599832
-0.281743
0.539213
1.295320
-0.351958
1.223308
-0.539532
0.275416
-0.662587
1.519845
-0.631091
-1.769613
0.524839
-0.360642
-0.268964
0.229410
-0.146077
0.385694
1.270987
-0.138798
-0.185635
0.410620
-1.906832
0.513514
-0.293308
-0.556021
-0.142535
-0.334884
-1.499893
0.324425
-0.609340
0.930171
-0.590297
1.425538
-0.682255
1.350487
0.026166
-0.167132
-0.273308
1.231130
-0.600276
-1.783651
0.340754
-0.101148
0.365517
1.382985
1.263143
0.354210
0.948733
0.577541
-0.515049
0.209913
1.333485
0.519565
-1.734806
1.362966
-1.693405
-1.640036
-0.242601
1.356158
1.349880
-0.341639
0.232311
0.449310
0.487080
-0.409031
0.289718
-1.882264
-0.337972
-0.678671
1.401684
-1.779580
0.509974
-0.188474
0.055254
-0.375329
-0.235041
-0.430341
-0.687505
0.540023
1.422800
-0.642026
-0.719774
-0.485512
0.244879
-0.647096
0.210197
-0.640065
-0.505137
1.346504
-0.373872
-0.313051
0.348666
-0.442709
-0.201693
0.376977
-0.301826
-0.640368
-0.327734
0.223928
0.321620
0.332631
1.469053
1.381669
-0.461673
-0.516860
-0.677562
-0.181343
0.315674
-0.315968
-0.297815
-1.821191
1.404194
0.304278
-0.349411
0.304288
-0.564226
-0.238121
-0.132693
1.245783
1.133282
-0.489170
1.420404
1.445934
-0.323392
-0.390907
0.226223
-0.375270
-1.761755
1.497463
1.430973
-0.704436
-1.796228
-0.326156
-1.658435
-1.801263
-0.871167
-0.644498
1.290984
-0.667914
-1.482534
-1.716859
-0.355130
0.439938
0.367379
0.867677
-0.568871
1.340868
1.684244
-0.077241
-1.862771
-0.539129
-0.116626
-0.269250
1.381358
-0.107823
-0.646563
1.439595
-0.670559
-0.561592
-0.191622
-0.289654
-0.495054
-0.074078
-0.610443
0.412223
-0.451341
-0.629324
1.685491
1.371994
-0.400375
-0.166701
-0.693232
-1.869250
1.546041
-0.398127
0.492010
-0.744103
-0.203993
-1.743393
-0.553755
-0.113005
-0.694156
-1.461023
-1.616245
-0.480174
0.561938
0.714542
-0.499845
1.261445
-0.247114
0.510587
1.398957
0.431301
1.088178
1.007590
-0.322374
0.289963
0.453479
-0.559613
0.579328
-0.478366
-0.397637
-0.571341
-0.145381
-0.066042
-0.639624
1.451671
-0.487232
-0.510235
0.346170
-0.204384
1.570939
-0.497115
-0.145978
-0.679391
-1.576506
0.411000
-0.510099
1.207724
0.354573
-0.350703
-0.664865
0.369062
1.370734
1.474619
0.483346
-0.343036
-0.163856
0.238789
-1.695034
-0.231442
-0.191012
-1.446124
-1.671237
1.297557
-0.026807
-1.323951
-0.578774
0.371504
0.063818
-0.730748
1.422585
1.362233
-0.477891
0.259023
-0.350664
-0.285655
-0.160349
-1.709691
-0.253288
1.757426
-1.825080
-0.423866
-0.088789
0.521837
-0.320853
-0.744545
-0.428514
-1.695390
-1.813626
0.394849
-0.226589
1.371512
-0.226226
-0.578167
0.453766
-0.093377
-0.449888
1.366557
0.545065
1.560949
1.327570
0.401785
-0.305948
-0.123536
0.476041
-1.697322
1.334889
1.506153
0.391046
1.261186
0.385985
1.366720
-0.270758
-1.463119
-0.344394
-0.520563
-0.214958
-0.297203
0.401119
-0.612629
0.845140
-0.621340
-0.411158
-0.283691
1.347259
-1.707520
0.280835
1.412303
0.605342
-0.686437
0.976796
1.442630
-0.666885
-0.640013
-0.505849
1.389504
-1.785840
-0.121889
-0.333875
-0.518484
-0.245807
-0.418440
-0.668809
1.318311
-0.026241
-0.271105
-0.626012
-0.604820
1.097848
-0.505407
1.639123
-0.068475
-0.287195
1.791041
0.505113
-0.409447
0.032164
0.247388
0.226513
-0.743797
1.181520
-0.556834
0.195390
0.284020
-0.440010
0.331724
0.291768
0.503339
0.331195
-0.277918
0.384661
0.338053
0.351730
0.278466
-0.249800
-0.162709
0.360227
-0.347849
-0.404364
0.446856
0.529115
-0.113919
1.410300
1.137382
-1.649376
-1.523591
0.318985
0.215232
-0.474352
1.262306
-0.314745
-0.664504
-0.207456
1.354255
0.618913
1.389930
-0.582360
-0.159207
0.371866
-0.159308
-0.449823
0.372593
0.304939
0.367524
-0.198131
1.028073
-0.056620
-0.272393
0.207735
-0.596676
0.267931
1.561616
-1.723415
-0.529710
-1.714865
1.333001
1.463857
0.458890
0.599891
-0.622318
0.468688
-0.645111
-0.283819
-0.025137
0.175442
1.370645
-0.484922
-0.545015
1.086702
-0.286846
-0.134000
-0.396399
-1.641242
-0.259562
1.215073
-1.678818
0.167753
-0.056635
-0.726803
-0.600087
-0.310078
-0.688371
1.760650
1.217404
0.479104
-0.373283
0.340211
-0.519615
-0.782395
0.225597
-0.328390
1.409088
-0.396742
0.264624
-0.236788
1.440656
0.037286
0.591599
-1.657366
-1.676340
0.431541
1.185793
-0.604481
-0.670016
-0.512300
-0.361693
-0.674596
0.480192
1.321696
-0.344036
-0.598194
3.131355
-0.628238
-0.773882
-0.389674
-0.333540
-0.373436
1.374427
0.488388
0.318593
-0.156306
1.503526
-0.793945
0.239336
0.458284
-0.669466
0.447152
-0.651326
-1.593324
-0.255367
-0.176773
-0.369994
0.329691
-0.642880
-1.772445
-0.170054
0.886664
1.582846
-0.629568
-1.785453
0.092388
-1.528417
0.314396
1.595284
-0.215036
0.307205
-0.675676
-0.744528
-0.525928
-0.394961
-1.841474
-0.143266
1.369490
1.558600
1.566609
0.333552
0.501204
0.276225
-0.703213
-1.884744
-0.251088
-0.625406
-0.022100
0.127365
-1.470756
0.383977
-0.033929
-0.334719
-0.291247
-0.352363
0.181136
0.271375
-0.663897
-0.401255
-1.694319
0.303151
0.995465
0.452482
-0.407479
1.433879
-1.791366
-1.739611
-0.381941
-0.325673
-0.219431
-0.207686
0.477534
0.396232
-0.043711
-0.665843
-1.977087
0.289447
-0.335980
-0.712097
-0.413215
-0.265645
-0.542501
0.343939
0.314569
0.370543
1.260196
-1.707828
-0.105190
1.819298
-0.076971
-0.550727
1.229577
-0.563275
0.355958
0.264250
1.163221
-0.677745
-0.616234
-0.103117
-0.267481
-0.439846
0.018152
0.386743
0.942378
-1.386294
0.156218
-0.374605
0.367214
-0.300300
-0.580811
-0.509569
-0.346215
-1.725963
1.382088
-0.145500
1.251230
-1.761404
-0.667512
1.421068
0.405204
-0.608292
0.329123
0.335779
1.259346
0.350325
0.282544
1.732124
-0.371051
-0.213188
-1.776590
1.436761
0.166527
-0.015270
0.341098
-0.243510
0.131027
-0.445323
-0.485182
-0.438792
-0.742255
0.272645
-0.719409
-0.389628
-0.520069
1.314212
0.344641
1.265195
-1.602145
-0.633578
-0.516692
1.366473
-0.756602
-0.234263
-0.381143
0.316812
1.558061
-0.245452
-1.735422
0.226727
1.472307
0.431368
-0.723686
-1.455880
-1.311587
1.385888
-0.046626
-0.038025
1.420840
-0.758659
-0.418231
-0.433244
1.114343
0.476836
1.054243
-0.130422
-1.807743
1.420308
-0.657283
0.172667
0.458064
0.380634
1.246686
-1.365001
0.471191
-0.584853
