0.323900
0.405106
1.410967
-0.519011
-0.228104
-0.473660
-0.600306
-0.744039
1.528541
0.193881
1.314100
1.633075
0.548665
0.337309
0.333690
-0.594487
-1.901587
0.074445
0.034606
-1.756072
1.394550
1.221098
-0.358923
-1.624820
1.556845
1.547309
-1.668246
-0.108340
0.290240
0.172300
1.249565
1.340911
1.380248
-0.409250
-0.545337
-0.239292
-0.248706
0.611526
0.383609
0.415343
0.501521
-0.192958
-0.093460
-1.885704
2.270714
0.601674
1.127903
-0.506058
1.321146
0.295883
-0.669706
1.237967
1.106815
-1.745732
0.136914
-0.260465
1.944392
-1.145721
1.229066
-0.566121
0.339915
0.007454
-0.189244
-0.381823
-0.448709
0.630840
1.455814
-1.809969
-0.199639
1.379817
-0.258419
1.819970
4.036664
0.597096
-0.613583
-0.461387
-0.161642
0.557622
-0.411316
0.316899
-0.063074
0.775150
0.239601
0.553551
-0.086366
1.559739
-0.632763
-0.457134
1.405394
1.394989
0.011181
0.260654
1.167750
-0.415041
0.602666
-0.735967
0.551358
-0.416967
-0.146983
1.455738
-0.297280
-0.316642
0.329972
0.258865
1.405127
-0.263712
0.277569
-1.785604
-0.265299
1.664050
0.395846
-0.880478
-0.656098
0.443369
-0.544448
-0.160776
-0.238375
-0.193095
-0.338296
-0.075770
-0.470630
-0.200940
-0.344744
0.411627
1.647938
1.774339
-0.506996
0.581561
-0.729928
0.326458
1.269999
0.478362
0.429408
0.550837
1.838134
-3.843385
-0.606533
-0.255426
0.077361
1.346042
0.900138
-0.433700
-0.347648
0.289781
0.290064
0.139967
1.551930
0.274362
0.953749
-0.330667
-0.469165
-0.526821
-0.385038
-1.731451
-0.624871
0.949757
-0.156703
-0.080673
0.457187
-1.803542
0.261327
0.170137
-0.107707
1.405339
-0.817612
-0.560460
-0.419149
-0.126090
-0.340255
0.187152
-0.269526
0.656032
0.416668
-0.355625
-0.287037
0.050027
-0.211963
0.334316
1.349382
0.373057
0.021570
-1.706076
-0.390867
-0.628451
0.192286
-0.058093
0.263499
-0.211592
-0.081026
-1.293310
0.460243
-0.229342
0.058567
-0.750285
-0.472528
-1.000608
1.764635
-0.340471
0.051552
1.273321
-0.162623
0.325822
0.000620
-0.479369
-0.324191
-0.480399
-1.623978
0.258894
-0.130219
-0.302587
-0.479857
-0.380642
-0.216386
-0.751762
-1.804064
-0.541478
0.703087
-0.200032
1.808921
-0.560221
-0.458913
-0.804248
0.391236
0.356046
-0.500977
1.496519
0.634450
0.287327
0.094592
1.367481
0.305467
-2.538539
-1.329796
-0.341795
1.529890
-0.666256
-0.591718
-0.783251
-0.184889
0.156625
-0.487262
-0.434648
-0.101498
0.389097
2.739767
0.133056
-0.685857
0.321959
1.511580
0.265423
0.194073
-0.113504
1.467911
0.198126
0.256997
0.405291
0.412715
-0.150474
0.390678
-0.383189
-0.010099
0.675704
-0.175981
-0.482286
0.148964
0.170996
-0.382943
-0.171923
-1.866095
-0.528358
-1.764464
-0.408049
1.096239
0.545945
-0.722169
1.377903
-1.804403
-0.454932
-0.074030
-1.183941
-1.691629
-0.111349
-0.248574
0.212911
0.145320
1.428424
-0.603436
-0.175257
0.060270
-0.346918
-1.302749
0.234359
0.218041
-1.860506
0.210733
0.408706
-0.068584
-0.523890
-0.594825
-0.507593
-0.577179
-0.221954
-0.154116
-0.410504
-0.007016
-0.541926
1.163751
1.461290
1.553483
-0.790931
-0.101368
1.315281
-0.399189
-0.318451
0.048373
0.483483
-1.770390
0.495112
-1.747896
1.378440
-0.817225
-3.186218
-0.568817
-1.757677
1.317449
1.295175
-0.180866
1.806459
0.493914
-0.622436
-0.565777
-0.454960
0.428920
-0.404837
-0.614304
1.798493
0.390638
-2.354900
0.452853
0.206405
0.077197
-0.564781
-0.724247
0.542378
-0.278535
-0.364895
-1.791762
1.373292
0.210325
-0.121145
-0.376970
1.374316
-1.864630
0.240834
-0.592838
-0.205828
0.004688
-0.666308
-0.434439
-0.595154
0.389345
1.218623
-0.787899
-1.762266
0.038435
1.429991
-0.111874
-0.466675
-0.735241
0.267645
-0.695432
-0.049558
-0.189642
0.296405
-0.258155
0.360301
-0.343921
-0.384869
1.423326
1.173604
-0.554378
-1.464139
0.200314
-0.285316
-0.189993
-0.403878
0.220617
-0.111134
0.659769
-0.392521
-0.588902
-0.188318
-1.538464
0.483188
-0.740156
1.437477
-0.229543
-0.730807
-0.412947
-0.258591
-0.577155
0.589120
-1.952835
1.500533
-0.678574
0.316447
3.785124
-0.637608
-0.634130
-1.927360
0.258469
-0.288931
1.552892
-0.012024
0.501452
1.273316
0.346685
1.143286
2.999159
1.593880
1.197918
0.174662
0.710465
0.236884
-0.286722
-0.459668
0.002574
0.235342
0.692806
1.506399
0.481618
-2.007050
1.359642
0.438680
-0.030064
-0.020668
1.347413
3.987205
0.323343
-0.159430
-0.311406
-0.660039
-1.246626
1.330506
-0.543162
-0.241010
-0.060678
0.419410
-0.044185
-1.559430
0.320592
-0.373995
-0.314459
0.412687
-1.676096
-1.848391
-0.655299
1.431725
-0.463152
1.517146
0.044594
-0.022860
-1.699486
0.433969
-0.306188
-0.491216
-0.255811
0.173933
-0.768113
-0.418729
-1.686770
-1.002345
-0.433072
0.434626
-0.435705
-0.408846
1.412038
0.541027
0.448140
-0.519800
-0.300343
-0.451724
-0.691204
-0.206983
-0.430514
1.629596
0.392142
0.053110
1.228616
-1.308699
0.044142
-0.301296
-0.317586
0.321612
0.180915
0.449643
-0.558711
-0.613560
-0.475377
-0.076770
-0.407454
-0.732114
0.056882
-1.726278
-0.112053
1.253575
1.398240
1.482375
-1.715458
-0.233271
0.268242
-0.103351
-0.276485
-0.387397
-0.248140
1.768457
-0.308960
-0.109446
-0.316400
1.405805
-0.804585
-0.165394
-0.443128
0.094374
0.021373
1.601034
0.271525
-0.258777
-0.669689
0.606934
-0.489386
-0.208684
1.300773
-0.092981
0.195953
0.143747
0.208050
0.669511
1.442939
0.288396
1.467901
-0.271498
-0.659860
0.430795
0.474702
0.524603
-1.226054
-0.336655
0.395367
-0.091372
0.294196
0.193284
-2.599476
-0.177877
-0.524485
0.702324
0.226431
-0.675171
-0.154972
0.483890
-0.367704
-0.498850
-1.720056
-0.586807
0.474841
1.417458
-0.016588
-0.337171
-0.392761
0.313789
1.403542
-0.509324
-0.582852
0.268533
0.348749
-0.392454
-0.631182
-0.449142
-0.086452
1.309237
1.646316
-1.732722
-0.492033
1.391791
0.853114
1.292110
0.285845
-0.692067
-1.752848
1.197633
-0.248915
-0.108963
-0.063698
0.738542
1.305369
1.203707
-0.546919
-0.664908
-0.617640
1.257749
1.167197
-0.262134
-0.693438
0.081619
-1.875833
-1.869535
0.056220
0.331218
-2.012493
1.430659
1.444695
-0.584291
-0.254021
-0.097779
-0.276253
1.345910
0.601345
0.180508
-0.356170
0.012466
0.372174
-0.121815
0.058994
-0.681063
0.001101
0.388057
-0.399749
1.672492
-0.843159
1.441596
-0.314661
-0.361821
-0.167931
-0.441250
0.126294
-0.218006
0.550335
-0.169431
1.508355
1.377667
0.786718
-2.063681
-0.662282
0.232033
-0.489570
0.155855
-0.199154
-0.523124
0.188749
0.324980
1.198243
0.282887
1.668226
-0.411073
-0.709022
0.373258
-0.455346
0.437412
0.347757
0.665142
-0.713252
-0.706927
1.394807
1.307638
-0.478014
-0.559008
-0.070249
-0.686021
-0.207816
1.341833
-0.589703
0.642010
-0.088019
-0.119314
-0.424995
-0.027083
0.342868
-0.385693
-0.465399
1.384685
-0.153922
0.043137
0.144908
-0.288278
0.441591
0.416414
1.669667
0.389255
-0.318589
1.442185
