-0.328120
1.261624
-0.529467
0.388351
-0.053132
-0.411326
-0.671263
-1.694397
-0.168681
1.027186
0.257702
0.296864
1.290865
0.511952
-0.023590
0.757577
0.360749
-0.435240
0.459894
0.317748
0.461662
0.135467
-0.515151
0.437306
1.354487
0.598737
1.426152
1.287014
-1.715660
-0.739654
-0.551652
0.621510
1.332719
-0.264306
0.339004
-0.309213
-0.369652
0.332512
-0.142794
-1.895800
-0.351404
-0.284905
-0.117759
1.399395
-0.657706
-1.794044
-1.750048
0.098428
-1.753043
0.259388
-0.248412
1.233693
0.355476
1.304797
-0.128752
-0.345464
0.206165
-0.448905
1.392490
-0.631365
0.372601
-0.333303
1.535684
0.575450
1.527116
-0.324420
-1.724875
1.586318
-0.611432
-0.392537
-0.024098
-0.284922
-0.294971
1.417843
-1.899714
1.269418
-1.827484
-0.565739
0.308085
0.571680
-0.454328
0.346837
-0.605505
1.538919
1.335505
-0.019335
0.236110
1.373723
-2.147374
-0.134828
0.283200
0.078011
-0.323263
-1.833086
0.370805
-0.312191
0.508632
-1.827752
0.280342
0.328857
0.350729
0.218806
-0.545750
0.627817
-0.310021
1.095007
0.016418
-0.116281
-1.717967
-0.601457
0.461229
1.424383
-0.485241
0.195500
-0.570308
0.359928
0.369574
-1.734578
0.190092
0.016400
-0.609598
-1.837076
0.556090
-0.464548
1.183345
-0.424741
-0.207746
-0.651943
1.439494
0.648018
-0.696349
-0.723897
-0.389301
0.143391
-0.831099
1.139513
1.479844
1.090392
-0.578586
-0.001209
-0.395626
-0.486550
-0.490191
1.300116
-0.114170
-0.112062
0.004246
-1.369851
1.194233
-0.254447
-0.289913
0.383602
-1.713447
1.310414
1.356560
-0.352496
-0.408089
0.338204
0.020984
-0.560852
-0.510293
-0.445327
-0.181596
-0.716551
-0.099555
-1.803419
0.439409
-0.368843
0.341106
0.283601
0.092598
0.298193
1.455128
0.126533
1.397680
0.494832
0.423487
-1.717408
0.015205
0.395840
0.305885
-0.755755
-1.893530
-0.192079
-2.100021
0.966181
-0.280499
0.355064
1.443329
0.265874
-0.292183
-0.308335
0.439406
1.428942
0.266770
-0.286955
-0.595676
-0.140029
-0.543273
0.370104
-0.248657
1.513478
0.134910
1.115730
0.053302
0.177039
0.249772
1.528359
-0.563770
-0.011549
0.504574
-1.899253
-0.580538
-0.206004
0.192260
1.607979
-0.381846
0.394490
-0.260022
-0.409491
0.006488
-0.302577
0.426726
-0.322794
0.529889
-0.508134
0.010566
-0.386778
-0.544960
-0.436814
0.317647
-0.747463
1.445785
-0.304770
0.550558
-0.400646
-0.205073
-0.268398
-1.893399
-0.564204
1.546473
-1.900566
0.266365
-0.243585
1.246522
1.612330
0.340447
0.560972
1.411724
0.350160
0.456826
1.437888
-0.372341
-0.708505
-0.105121
-0.301660
0.419560
0.591495
0.114196
-0.238201
-0.225241
0.310283
0.348397
-0.373706
-3.140408
-0.050480
0.254905
-0.607810
-0.280610
0.642935
1.460391
-0.265596
-0.626094
0.299790
-0.344602
-0.425779
-1.826350
-0.379770
0.081385
1.487452
0.131009
1.558147
-1.764193
0.450666
-0.207996
0.373325
-0.568181
1.535838
0.033250
0.468853
0.082390
-1.789840
0.368953
1.350396
-0.473882
-0.359668
-0.355204
-0.331535
-0.184933
-0.241940
-0.307977
0.150510
0.233385
1.221134
-0.138567
-0.640676
-0.686734
0.648232
0.330734
-0.359110
0.045369
-0.609294
-0.535253
0.381239
1.354624
0.262841
0.334419
-0.169476
-0.472388
-0.489942
-0.265841
-0.637578
0.102945
-0.393842
-1.128139
-0.642684
1.608523
-0.203629
0.555475
1.512002
0.226104
0.347245
-0.324673
1.488165
0.241700
0.148430
1.264428
-1.851159
0.225270
0.137717
-1.928998
-0.349677
0.451947
-0.126973
-0.452721
-0.475065
1.361819
-0.547099
-0.547553
1.407981
-1.806532
-0.428513
0.281200
-0.379085
1.493841
-0.159282
-0.532776
-0.621870
-0.070284
-0.591868
0.034802
-0.469938
-0.326939
1.336667
-0.272881
0.330339
0.338357
0.425497
-0.383469
0.014199
0.379001
-0.504312
0.104119
1.076898
-0.600069
0.069384
-0.657316
-0.332075
1.310710
-0.064567
-0.701500
-1.578509
0.358632
-0.503249
0.357588
-0.385967
-0.476648
0.392342
0.524848
0.237079
1.395122
-0.547099
0.648516
-0.194500
-0.685611
-0.289054
0.276431
-0.001178
-0.379234
-0.273635
-0.478475
1.394958
-0.421625
-0.190425
-0.367506
1.058909
0.467901
0.026818
0.294087
0.398387
0.205157
-0.462015
0.484280
0.235787
0.305730
-1.170877
-0.046792
1.393968
1.312289
-0.144155
-1.929607
-0.613973
0.399427
0.475911
1.517384
0.322658
0.116328
-0.215443
0.116034
-0.313985
0.465672
-1.737584
-0.321744
0.147222
-0.420198
1.416821
0.455297
-0.519101
1.097608
1.475820
-0.064294
1.305871
0.503451
-0.033340
-0.709371
-1.678875
-1.722848
-0.727119
-0.147798
-0.558938
0.409610
0.391322
-0.160751
0.678400
0.601121
-0.184305
-0.289998
1.537733
-0.539761
-0.379487
1.512621
-0.177412
-0.216017
-0.286321
-0.626098
-0.624352
-0.635428
-0.625103
-0.278930
1.612654
0.318796
0.380087
-0.582853
0.305462
0.384138
-0.106194
-0.340905
1.235726
1.567690
1.559973
-0.623911
1.220320
1.409969
0.575419
0.178486
-0.570377
-0.161613
-0.439275
-0.627493
-0.455256
-0.533506
1.418604
-0.076179
0.342297
0.376464
0.439988
-0.112835
0.213988
1.265325
0.632778
-0.362317
-0.389769
-0.461571
-0.607076
-1.896205
0.626253
1.399876
-0.604233
0.427318
-0.200442
-1.912312
0.092742
1.432163
-0.514531
1.456203
-0.449863
-0.721590
-0.304085
1.401645
-1.756072
0.389451
0.204171
0.261320
1.372255
0.390144
0.256288
-0.739172
0.380645
1.281156
-0.056556
-0.126532
0.036325
1.202412
-0.662809
1.173693
-1.726532
1.479038
-0.562102
-1.715036
-0.143054
0.318689
-0.341784
0.214378
-0.391385
-0.208117
0.430427
0.366918
-0.423967
0.528356
-0.609688
0.346034
0.328619
-0.498775
-0.063919
0.364834
1.099165
0.320540
1.253206
-0.342696
-0.499172
1.152432
0.248177
1.332130
-0.485747
1.241292
-0.561463
-0.245717
-0.381306
-1.808486
1.152245
-1.917279
-0.597362
-0.280901
-0.323339
-1.782534
1.302138
0.833273
-0.547005
-0.687363
-1.881707
0.070828
0.008800
-0.234530
0.087068
0.833131
-1.914537
-0.629966
-0.740492
0.408668
-0.479227
0.390829
-0.375653
-0.241591
-0.274708
-2.041583
-0.114343
0.330705
-1.823924
-0.408826
-0.608328
0.384309
-0.558105
0.299313
-0.207317
0.357959
-0.354100
0.062517
-1.850883
0.466900
-0.220616
-0.437844
0.304094
-0.131654
-0.516750
-0.323498
-1.839468
0.402207
-1.881641
-0.736286
-0.186448
0.314532
1.182667
1.539815
1.341771
1.546297
-0.703891
1.259864
0.459829
0.374940
0.507725
-0.583699
0.303364
-0.309921
1.621507
-0.131347
-1.659807
-0.130010
-1.790471
-0.334171
-0.586326
-0.361455
-1.732263
0.321810
1.507546
-0.294376
-0.202550
-0.129494
-0.158550
1.580713
1.712710
-0.262616
-0.341594
-0.605738
0.247250
0.123117
1.447450
-0.362508
-0.409013
-1.820311
0.281214
-0.495240
0.537005
0.334947
-0.428714
0.632487
1.241521
-0.398211
1.429616
-0.380096
-0.167228
-0.449448
-0.005417
0.405749
-0.554012
-0.702830
-0.187353
0.417039
0.519770
-1.372327
-0.550672
0.400552
-0.287558
0.329008
-0.356522
-0.314526
0.208654
0.415509
-0.298470
-0.262698
-0.055715
