-0.044018
-2.467362
-0.090857
-0.057260
-0.246954
-0.150592
2.415806
-0.093226
-2.594791
-0.243473
0.010501
-0.113113
-0.470680
2.324397
-0.072663
0.119239
-2.659410
-0.354196
-0.098564
-2.557991
-2.496708
-0.004061
-0.128891
-0.172657
2.440981
-0.357536
-2.786181
-2.671655
-2.788277
-0.341418
-0.074672
-0.348883
0.070222
-0.385154
-0.247312
-0.233777
-2.803654
-0.546137
-0.174179
-0.134199
-0.088996
-2.509397
-2.638983
-0.046720
-0.157947
-0.528584
-2.502179
-0.284103
-0.190160
-0.006891
-0.362031
-0.068385
2.418908
0.034676
0.001805
-0.168222
-2.541312
0.000587
-0.086791
-0.299140
-2.777875
-2.567388
0.048845
-0.158077
-0.330529
-0.344741
-2.708636
-0.089620
0.012889
-0.229884
-0.233364
0.335686
-0.517068
-0.154965
-0.003644
-2.544173
2.421669
-0.035231
-0.174527
-0.516057
-2.777040
-0.179294
-0.100346
0.014001
-0.057080
2.345943
-2.681882
-0.155807
-0.006336
-0.096146
-2.610478
2.478789
0.401440
-0.148133
-2.560367
-0.138991
-2.610187
-2.783976
-2.566429
-0.182889
-0.361040
-2.667562
-0.303536
-0.190761
-0.349411
2.299367
0.033072
-2.477363
2.517175
-0.112122
-2.666805
-0.030757
-0.326104
-2.748318
-0.241776
0.063968
-0.293840
-0.240024
-0.175101
-0.097216
-2.786649
-0.454189
-2.613475
2.333118
-2.650797
-0.061256
-0.046843
-0.172040
0.048377
-1.963366
2.402535
-0.194299
-0.025931
-0.132593
-0.057794
-0.272113
-2.709879
-2.717543
-0.113884
-0.101975
-2.939087
-0.238323
-0.165406
-0.264766
-0.144066
-0.176367
-2.552734
-0.289769
-0.378644
-0.291050
-2.734634
0.011267
-0.205057
0.412704
-0.153534
-2.680371
0.330703
-2.570637
2.389311
-0.088413
-0.065156
-2.666378
-2.750747
-0.283658
-2.310652
-0.458488
-0.172799
-0.072453
-2.436390
-2.586717
-0.220218
-0.101309
-2.598185
-0.213267
-0.213904
-0.250594
0.017826
-2.781281
-0.202810
2.427902
-2.564068
-0.055549
-0.233038
-0.043288
0.028383
-0.198551
-0.057319
-2.770626
-0.150642
-0.023497
-0.110857
-0.238237
-0.247322
-2.073144
-2.584634
-0.194824
-0.112198
-0.220991
-2.503870
-0.332508
-2.782032
-2.723673
-2.756151
-0.456349
-0.150305
0.379237
-0.104663
-2.488830
-0.314634
-2.496811
-0.023583
-0.279104
-0.150957
-2.494168
-0.256872
-0.083208
-0.196408
-0.021795
-2.690259
-2.511042
-0.451814
-0.080222
-2.421078
-0.023817
-0.309414
-0.321190
-2.700044
-0.228314
2.494526
0.038290
-0.117029
0.108798
-0.252151
0.048314
-0.057933
-2.602747
-0.423880
-2.457233
0.103659
-0.392053
0.054134
-0.224805
-2.530123
-0.352642
-0.049841
-2.564300
0.060903
-0.337335
-0.229982
0.041561
0.339850
-0.318866
-2.563366
-0.313263
-0.108225
-2.609638
-0.011178
-0.205211
-2.565887
-2.607017
-0.181667
-0.219957
-0.249982
-2.762433
-0.102286
-0.254430
-0.070273
-0.152655
-0.172853
-0.325807
-2.571471
-0.198489
-2.781282
-0.207713
-0.092419
0.017669
-0.165029
-0.053673
-0.068670
2.565584
-0.067174
-0.313857
-0.156918
2.495910
-2.572624
0.005745
-0.050563
-2.868916
-2.199391
-0.157361
-0.113261
-0.385307
-0.036312
0.003401
0.021649
0.080592
0.019527
-0.077466
-0.135157
-0.047667
-0.223492
2.499818
-0.183385
-0.168864
-0.025187
-0.032032
-0.201602
-1.946103
-0.339832
-0.262937
-2.691862
2.225769
-2.536400
-0.091104
-2.559551
0.057355
-0.277561
-2.405288
-2.512284
2.468688
-2.634903
-2.417573
-0.377577
-2.668296
0.331653
-2.507917
-0.241257
-0.045818
-2.065742
-0.400760
-2.444583
2.474767
-0.009983
2.416740
0.016681
-2.687110
-2.693659
-0.395400
-0.048429
-0.348117
-0.162538
-0.030165
-0.076442
2.327242
-0.094933
2.415807
-2.756808
-0.105782
-2.597162
-2.621300
2.421218
-0.040736
-2.503870
0.062995
-0.153308
-2.685352
-0.455686
-0.240168
-0.056563
-0.359373
-0.050358
-0.110589
-2.768949
-0.309620
-0.295858
0.149136
-0.356833
0.407752
-2.691869
0.111288
-2.559755
-0.022969
0.065186
-0.140817
0.079321
-2.748261
-0.012711
-0.302078
-0.235807
0.354469
-0.045438
-0.353376
-0.246722
-0.159422
-0.125979
-2.477299
-0.457718
-0.280751
-0.294005
-2.884378
2.325165
0.036424
-0.051012
-0.144941
-0.169459
-2.469173
-0.148555
-0.182006
-0.035632
-0.119748
-0.413582
-0.120354
2.598685
0.071430
-2.651067
-0.142130
-0.341493
2.427661
-0.066774
-0.148726
-0.138205
-0.258067
-0.026269
0.198865
-2.679539
-0.114985
-0.153409
-0.329772
-0.117888
-2.578473
-0.058604
-0.263464
0.080643
2.556830
-0.168619
-0.157038
-2.764621
-0.067337
-2.763171
-0.131416
-0.058536
-0.202048
0.339585
-0.076752
-0.037854
-0.032367
-0.270979
0.056648
-2.623238
-0.159724
0.037630
0.004248
-2.633104
0.002588
-0.257249
0.110552
-0.165010
-2.650680
-0.355436
-0.444121
-0.096106
-0.110301
0.508463
0.075003
-0.071118
-0.185489
-2.664587
0.003583
-0.193517
-0.190695
0.019652
-0.168639
-0.871245
-0.351328
-0.373222
-0.480580
-0.052807
-0.221828
-0.195657
-0.030402
-2.589670
2.385527
-0.018895
0.023741
-0.062093
-0.110430
2.529217
-0.051125
-0.317923
-0.446729
-2.647916
-0.344104
-0.334626
-0.176748
-0.242057
-0.298826
-2.586220
-0.004550
2.443787
-2.614090
-0.217226
-0.386079
-2.699619
-0.050162
0.002007
-0.195616
-1.947989
-0.092616
-0.093703
-0.097811
-2.748994
-0.153452
-0.044141
-0.057935
0.167866
-2.726271
-0.133160
-0.097592
-2.701727
-2.665050
-0.435611
0.027980
-2.745336
-0.068071
-0.098244
-2.559341
-0.211358
0.422096
-0.156542
0.101879
-0.071788
-2.577938
-2.806532
-2.752231
-2.822672
-0.215039
-0.168770
-0.287761
0.037651
-0.051363
-0.077447
-0.299821
-0.153216
-2.622217
-0.241229
-0.372313
-2.718085
0.134434
2.384802
-2.653389
-0.302356
-0.153869
-2.639726
-2.653643
-0.295235
-0.372932
-2.548298
-0.310615
-2.680979
-0.166427
-0.264749
-0.122232
-0.139711
-0.018984
-2.469057
0.383546
-0.299678
2.336948
-0.128066
-2.585051
-2.509066
0.076243
-0.138105
-0.158439
-2.526257
0.153100
-0.218067
-0.164657
-2.720735
0.059227
-0.309414
-0.046386
-0.290574
-1.978602
-2.620871
2.350927
-2.596102
-2.679594
2.541414
-0.110436
-2.649718
-0.283141
-0.146314
-0.169586
-0.162418
-0.225072
-2.815155
0.021208
-2.415701
-0.097341
-2.500003
-2.787906
-0.363041
2.447366
-0.123116
-2.459676
-0.323161
-2.472477
0.385262
-0.388001
-0.217304
-0.171152
-0.045093
-0.154598
-0.268953
-0.044319
-0.441636
-0.318214
-0.302802
-0.090717
0.113667
0.060933
0.470090
-0.149095
0.006296
-0.151363
-0.139597
-0.039784
0.019901
-2.582632
0.027904
-2.489707
-0.031364
-0.026425
-2.538733
-0.235261
-0.280605
-2.838911
-0.245545
2.294608
-0.045469
-0.277409
-2.718300
0.142964
-2.027301
-2.617653
-0.075228
-0.174568
-0.190729
-0.024263
-2.427266
-0.007214
-0.143556
-0.195029
-0.149064
2.405394
-0.211734
-0.200898
0.006981
-0.193254
-2.626061
-0.047827
-2.547291
-0.043944
-2.558074
-2.658541
-0.047856
-0.162872
-0.349174
-0.019231
0.433097
-0.301753
-2.733312
2.499044
-2.660237
0.410652
-2.825731
-0.300609
-0.215204
-0.564976
-0.190745
-0.285786
-0.057250
2.366663
-0.135591
-0.225152
-0.394127
-2.514686
-2.570259
-0.171422
-0.332591
-0.201962
-2.577241
-0.007289
-0.417467
-0.155035
-0.158756
-0.002685
-0.055262
-0.022424
