0.045132
-0.074508
-0.390985
-3.674132
1.179999
-0.483969
-0.153954
-0.135485
1.486015
-0.218070
-0.540281
-3.386871
-0.633205
-1.519720
-2.703171
-3.180318
-2.616012
-0.362210
-2.061692
-2.947699
-0.124982
-0.090060
-0.995972
2.455214
-0.353029
-2.617495
-1.806979
-3.337740
-0.234967
-0.427876
-1.796346
-2.621957
-1.031043
2.030407
-0.117145
-3.691524
2.242236
-0.388636
-0.107572
0.057108
-1.654058
-0.223343
-0.441328
-0.587085
-2.696432
-0.402033
-2.650882
-2.614886
-0.527045
-0.488749
0.102934
2.462881
-1.339803
-2.600498
-0.480515
-0.364262
-2.012582
-0.169189
1.766722
-3.364703
-0.103526
2.519155
-0.767179
0.092576
-0.256164
-0.100967
-0.155041
-3.310882
1.688051
-0.055365
-3.354797
-0.607396
-3.703389
2.131973
2.350515
-0.066880
-0.768768
-0.895756
-0.706775
-0.262511
-0.102422
-0.058139
-2.582988
0.028841
-0.018110
-2.599770
-0.076036
-2.530242
-0.517149
1.342589
-2.734570
0.394766
-1.056851
-0.420460
-1.655233
-2.669239
0.287730
-0.062292
-0.252002
-0.152402
-4.264635
-0.283334
-0.565264
-0.179446
-0.065939
0.000786
-0.889028
-2.716061
-0.116722
-2.032986
-1.080763
-0.780374
1.283602
-0.324187
-0.116893
1.419541
-0.579048
-0.498383
0.417041
-0.098808
-0.683154
-0.218660
-2.685522
-0.527286
-3.656844
-1.181231
-0.347616
-0.482294
-0.211605
-1.131263
-0.273037
-0.464754
-0.556665
-0.644956
1.995793
1.650114
-0.930136
-0.452726
-0.195388
-0.237328
-1.059919
-0.036825
-0.751614
-0.376488
-0.872794
0.351868
-0.053287
-0.696741
1.793227
-0.491619
-0.621486
-0.062812
-0.134077
-2.713786
-0.834388
-0.045174
-0.183317
-0.013432
-0.126336
-2.635733
-0.995884
-0.101940
0.422734
-0.201677
-0.515626
-0.552845
-2.611480
-0.122809
-2.826171
-0.297544
-0.256981
-3.203229
-0.891982
-0.360554
0.005212
-0.303253
2.636034
-0.345704
-0.067986
0.116037
-3.308816
-0.109279
-0.329034
-3.542959
-0.507182
-0.065985
-2.549733
-1.593084
2.418371
-2.592928
-0.131779
-1.877961
-2.596690
-0.515354
-0.274374
0.440280
-0.074596
2.093984
-0.691797
-0.098005
-0.657147
-0.308375
-3.568933
-0.440781
-1.152794
2.399560
-1.214141
-4.518759
-0.134880
-0.176412
-0.270106
-3.218178
-0.999348
-0.402560
-2.573660
-1.699678
-1.427003
-0.117618
0.002597
-1.046764
1.945516
-0.178428
-1.910586
0.018833
0.318105
-1.288530
-0.489278
-0.630847
-0.103741
0.435444
-3.510799
2.443433
-2.639548
2.738582
-2.595945
-0.193901
-0.232402
-0.195855
2.398333
-0.622683
-0.192203
-3.436830
-0.294856
0.042099
-2.643479
-0.142018
-0.110041
-0.930396
-2.926507
-0.241725
-0.072257
-0.264625
-0.380352
1.505511
0.339821
-0.086516
-0.526608
-0.720566
-2.887316
-0.220104
-0.109224
-0.583150
-3.646631
-1.025713
-0.729016
-0.027990
-0.354289
-4.206896
-2.347371
-0.118437
-0.378845
-0.088046
-0.780929
0.041986
-0.669734
1.646819
-0.277786
-0.153193
-0.171687
-0.104721
-0.940297
-1.912445
-0.388269
1.836223
-0.400883
-2.799385
-2.977351
-0.065793
-0.114845
-0.157002
-2.568069
-0.249342
-0.865004
-0.137444
-0.525419
-1.057926
-3.620520
-2.679468
-0.131458
-0.047951
1.485317
2.326711
-0.142816
-0.198298
-0.071494
-2.971807
-0.065436
2.272132
-1.452082
0.023783
-0.334421
-0.340205
-2.779158
-2.644293
0.459627
-1.048315
-0.500144
-0.598418
-0.409896
-0.414258
-0.405223
-2.569718
-0.644929
-0.120979
-1.554663
2.207876
-0.542162
-1.150738
-0.283435
-2.868651
-0.632004
-0.025570
-2.566461
-0.083039
-2.609775
-0.325028
-0.644700
-0.525534
0.828519
1.468414
-0.497243
-2.689407
-2.640042
-2.826647
-0.771924
-0.191678
-0.023808
-0.606351
-0.778935
0.005217
-0.147324
-0.072070
-2.509299
-0.057914
0.022113
-0.266137
-0.534716
2.076262
-2.773979
-0.168165
0.513067
-3.105401
-4.085874
-3.515838
-0.055856
-0.348122
-0.469696
-0.157474
-3.771051
-0.302500
-0.185052
-0.107049
0.008658
-0.121064
-0.278758
-3.038359
-2.794571
0.296226
-0.748585
-0.729672
-1.189825
-2.660193
-0.429369
-0.065759
-0.124975
-0.503776
-2.704623
-0.300851
0.168858
1.904997
2.353089
-1.206907
-1.157586
-0.264862
0.001007
-0.306061
-0.301841
-1.028418
-3.509553
-0.782460
-0.091831
-0.206408
-1.207520
-0.086380
-0.038820
-0.154896
-0.201461
-1.777851
2.180783
-0.255235
-0.131048
-0.110876
-2.679944
-0.063569
-0.429325
-0.955660
-0.331080
-0.221635
-0.276249
-2.598216
-0.116290
-3.597267
-2.703341
-0.123110
-2.232195
-3.169437
-3.879064
-0.381876
-4.459240
-0.159592
1.382296
2.468455
-0.254092
-0.595669
2.509129
-0.718546
-1.276483
-0.014075
-2.988863
-1.466413
-0.288476
1.100828
-0.472990
-1.887394
-1.454445
-0.407034
-0.170356
-0.943768
-0.129858
0.061994
-1.111202
0.022563
-0.328834
-0.644765
-3.218349
-0.054351
1.914918
0.067001
-0.136664
-0.252271
-2.631942
-0.668886
0.030025
-1.361747
-0.678068
-0.275022
0.014337
-2.597018
-0.781088
-0.069204
-2.571379
-0.137912
-0.843942
-0.279012
-2.740875
-1.339955
-1.534005
-0.611957
-0.555909
-0.125861
-2.718596
-0.274654
-0.088277
-0.100634
-0.144271
-3.247734
-0.178810
-1.759892
-0.053768
-0.039741
-2.608761
-3.619614
-3.712711
0.857871
-0.128542
1.436614
-0.526014
0.425942
-0.744979
-2.543633
1.817875
-0.322452
-0.540956
-0.277911
-3.542718
-0.576827
-0.012486
-1.005115
1.461872
-2.771304
-0.980894
-2.599989
-2.586818
1.956719
-0.609429
-0.919208
-0.924387
-0.774909
-0.054207
2.439260
-0.384984
1.387906
2.074900
-0.062019
-3.362638
-0.582408
-0.246933
-3.150465
-3.165256
-0.748632
-0.756425
-0.796039
-0.376590
-0.433383
-3.041055
-0.024652
-4.314611
-0.132402
-3.030549
1.421853
-0.032030
2.377042
-0.001789
-0.111973
0.034526
-0.063237
1.393253
-0.457809
-0.172627
-2.737222
-0.368948
2.468751
-0.079408
2.348181
-0.195693
-0.418542
1.966624
-0.215403
-3.157907
-0.233409
-0.288461
0.059311
-2.902725
2.416102
0.356618
-3.099704
-0.144850
-0.122818
-0.161869
-0.388932
-1.585875
-0.040856
-3.609341
-2.622021
-4.266689
-0.090817
-0.364404
-0.600222
-1.806899
-0.040327
-1.377232
0.085684
-0.283531
-2.659358
-1.315462
-0.868679
-0.045004
-2.842264
-2.695125
-1.547378
2.422189
-0.088791
-0.154077
-0.059556
-0.002597
3.442263
-0.306777
0.362858
-0.086450
0.765820
-0.033000
-2.653107
-0.518171
2.408637
-0.044067
-0.556815
-2.674344
-4.509446
-1.229252
-0.283626
-3.866076
-0.069946
-1.191101
-2.627082
-0.106671
-0.246811
-2.304445
-1.540117
-1.083455
-0.098733
-0.021734
1.030313
-0.071831
-0.356818
-0.595855
-2.813617
0.019712
-0.584838
-0.237604
-0.909569
-0.253126
2.396084
0.028029
-0.088524
-0.297862
1.577860
-0.761224
0.966309
-0.259504
-3.626859
-1.077399
0.293202
-0.200238
-0.557286
-0.528227
-0.393643
-0.039288
2.375732
1.751264
-0.102835
-0.058558
-4.060204
-0.318107
-0.013517
-0.585599
-0.373605
-0.189118
0.013834
1.612662
-1.688250
-0.685999
-0.242187
-1.125646
-2.584104
-1.865793
-0.663004
-0.020175
-0.168101
-2.749473
0.081478
-3.086859
-3.198067
-0.134046
-2.532886
-0.083554
1.812461
-2.875560
-3.379097
-0.493258
-0.623824
0.742018
-3.826205
-0.236252
-1.285139
-0.824199
-0.247810
-0.501442
-0.529586
-0.647071
-0.022257
