-1.612439
1.570796
0.540420
0.785398
1.913820
-0.238609
1.180189
-0.858439
2.543174
-2.848004
0.066568
-0.032247
-2.819842
0.612538
-2.546183
2.221873
-1.570796
-0.192048
2.067219
1.972667
-1.570796
2.498092
-2.442933
-0.785398
2.827361
1.960113
-1.289024
-0.224711
0.000000
0.892134
-1.478040
-2.406153
-1.537475
-1.639653
1.508378
-2.371578
0.434670
0.849141
0.865228
1.024007
-3.058451
-1.292497
0.025635
3.141593
3.141593
0.548549
2.498092
-1.978945
-1.664273
-0.216085
-0.911990
2.386488
-0.049958
1.783735
2.023575
-0.321751
1.744042
1.548073
3.025833
1.839163
-0.982794
2.228685
2.106608
2.459276
0.815692
-2.743070
2.082027
-1.048393
2.922924
0.253674
2.408778
-2.885441
-0.284730
-2.983824
-0.433953
-0.384605
-1.570796
0.064427
-1.885028
1.017502
-1.471128
1.224257
1.235158
-0.463648
-0.674741
1.178456
1.030377
-1.681454
-0.674741
-0.806672
1.263751
2.011976
-1.136843
-0.107690
-2.723368
2.181522
-2.356194
-1.866237
1.405648
-0.073939
-1.548578
2.869447
1.127348
2.125104
2.373737
-1.222025
0.869942
-0.785398
-2.066348
0.688924
-0.185348
2.323948
1.778293
-0.478352
2.373737
2.297439
0.442374
1.004067
-2.906048
-2.122451
-0.865228
-1.633215
3.050933
2.546833
-2.808348
-0.750929
2.654693
-3.119857
1.405648
-1.468590
-0.682317
1.373401
2.233999
-0.922985
1.978945
-1.883698
2.320495
-2.111216
-0.051237
-2.077895
2.137526
2.466852
-0.177596
-1.107149
2.597312
-1.633215
2.580429
-1.929567
1.464061
-0.052583
-0.668289
-0.694738
0.449760
1.279340
1.852029
-1.073454
1.272297
-0.862170
1.433730
-2.843094
2.308611
-2.779048
-0.706199
1.884417
0.078784
-2.049149
1.661456
1.670465
-0.253674
-0.293589
-1.739393
0.035699
0.000000
1.943784
-2.307054
-0.165149
-1.487655
-1.209067
-2.790148
3.064821
1.915444
-0.855053
-1.067953
0.488334
1.523213
-0.102207
2.944197
0.975386
1.414194
-0.305879
0.463648
2.466852
0.202322
-2.461071
-1.499489
3.089010
2.377468
-0.996491
-2.796037
0.785398
-2.877629
-1.455920
-1.837048
1.794273
-2.422763
-1.856848
2.843094
-1.939492
-2.553590
1.034361
-0.189988
2.961739
-0.828849
0.982794
-1.677532
2.523837
-1.026516
-2.124091
-0.580756
-1.438245
-1.899846
0.851966
2.910502
0.390607
0.352990
2.191046
1.673003
-2.146221
-1.518213
1.789465
-1.700499
2.057696
-1.703348
-2.199593
-2.779048
-2.746802
2.811968
-2.271651
2.143762
2.265535
2.231839
2.124091
-2.034444
-2.312744
-0.336675
0.620249
-2.414950
-0.051237
-0.370891
2.390664
2.839974
3.006065
1.499489
1.241747
-0.919720
-0.721655
2.827361
2.634494
1.398606
1.220068
-2.356194
-2.356194
-2.422763
-0.307046
1.929567
-1.997424
0.785398
1.008875
-0.420663
2.321725
1.428899
0.835357
0.740652
-2.007423
-0.613207
-1.937970
-2.339803
2.356194
2.875341
1.107149
-0.973620
1.492012
-3.068552
-2.539305
-3.119857
-0.257324
-1.892547
2.129396
-0.099669
1.037952
-1.428899
2.655971
1.383817
0.847817
3.141593
0.741947
1.735945
-1.596432
0.819867
-0.197396
-1.289564
-0.418224
-1.866237
-2.406998
2.976444
-0.170735
-0.661043
2.833540
2.340811
2.023575
2.321725
-2.356194
-0.257324
-2.574863
-1.292497
-0.588003
-1.525373
0.994421
-2.976444
0.293589
-0.442374
2.401618
-2.866683
-1.527345
2.064738
2.953371
2.644250
2.498092
-0.862170
-0.904827
2.530867
3.070285
-2.053310
-3.115957
-2.756988
0.321751
0.816638
1.801887
-0.736257
1.633215
0.734594
1.337053
2.664247
2.256526
1.735945
-2.207305
-2.158799
-1.570796
-1.292497
2.528385
-0.837981
3.079174
-2.913096
2.327631
-2.642246
-3.091634
2.291768
-0.073041
-0.637549
-2.811968
-2.657115
-2.746802
0.414507
0.801790
-1.428899
-1.873681
-0.097253
1.815775
-0.463648
2.843094
-2.936197
0.931882
-1.373401
2.245537
-2.326791
-1.030377
-2.170847
-0.837981
-1.225241
2.077895
1.241172
1.781890
-0.912908
-0.801270
1.463106
-1.961403
-1.784857
2.356194
2.356194
2.199593
1.844964
2.692869
-2.819842
-1.877842
-1.464812
1.232918
0.728855
2.953371
-2.965653
0.365201
0.147078
2.089942
-1.343997
3.094010
-0.124355
-0.722979
1.933341
1.460139
2.644250
1.915444
-2.089942
-0.519146
-2.064738
3.030935
-0.703614
-0.643501
-1.297788
-2.191046
-1.220068
-2.948381
-2.063282
-3.120762
2.565217
3.141593
-0.891383
0.834539
2.457883
-2.901850
-2.482787
2.720173
0.047583
-3.092851
-1.670465
1.570796
2.253113
2.553590
-0.048742
1.716106
-2.999696
-2.709185
2.622447
-1.881795
-2.436024
-0.823841
1.297788
2.770701
2.098871
0.572966
2.050316
-0.837981
3.017238
-1.794273
0.329624
1.878849
2.390664
0.682317
-0.528074
1.337053
0.291457
1.272297
0.132552
0.927295
1.017502
2.187988
0.546789
2.795054
-1.679067
-2.491722
-1.373401
1.441094
1.039072
-0.022723
-2.553590
0.610726
-1.911775
-2.517570
-1.616220
2.736701
-2.432966
0.907593
-0.748378
1.410883
2.461071
3.141593
-1.468590
-1.314645
-2.126963
-0.836202
0.090660
-1.220068
-1.212026
-0.165149
-0.161375
1.772559
-2.741352
2.833540
0.474400
0.000000
-2.935269
2.651635
-1.607816
0.367174
0.313621
1.512041
0.281772
-0.785398
2.845047
1.195526
1.997424
3.050933
2.214297
0.080904
1.256564
-1.002272
1.794273
2.707639
1.593520
2.565217
1.234122
2.951604
0.188222
0.432408
0.022723
-0.643501
1.386853
2.391894
0.463648
-2.885441
-2.356194
-2.233999
-1.284745
0.394791
-1.665748
2.830594
2.863293
-0.667306
2.885441
1.388628
-1.717875
-2.055274
2.709185
2.023575
-2.723368
2.647651
1.570796
2.356194
-1.234122
1.596432
0.737815
-0.868539
-1.913820
0.352990
1.487655
-2.804918
-2.191046
-1.622033
0.442374
-2.961739
1.810028
-0.602287
-1.144169
-2.909036
3.052937
0.484478
2.119346
0.960070
-0.749699
-0.819867
0.759763
-0.785398
2.774419
1.076855
-3.023103
-0.185348
0.115759
1.206817
3.084512
2.356194
0.553294
2.356194
1.144169
-0.944053
0.866302
0.927295
2.356194
2.115077
2.034444
-0.682317
3.091634
2.388441
-1.706324
1.446441
-1.227772
-2.478390
-0.361729
-0.544280
0.756835
2.601173
-2.730528
2.245537
1.617274
2.390664
-2.308611
-0.380506
-1.295886
1.467715
-1.263751
0.561922
2.422763
-0.632749
-2.129396
-1.067953
2.327631
-0.802940
0.094952
-0.851966
0.165149
0.802346
-1.194835
-1.373401
2.746802
-2.659079
-0.463648
-1.270625
2.819842
2.808348
-2.066348
2.446854
-1.515298
-2.240435
2.700413
-1.725793
-0.620249
-2.422763
-1.478040
-2.835714
-0.753151
-0.474400
2.126963
-2.070143
-1.624798
1.719686
-0.605545
0.099669
1.933341
-2.922924
-0.802940
2.293776
1.039072
0.047583
-1.821799
2.034444
1.951303
0.956133
2.265535
-1.815775
-2.245537
3.141593
-0.922985
-2.629203
2.854311
1.286066
-0.588003
1.919567
1.446441
2.305391
0.837981
-1.199905
-0.785398
-0.909753
-1.181480
-2.664247
-1.947287
-2.578276
-1.261093
1.439969
0.165149
0.000000
-0.524796
-1.512041
0.257324
2.158799
2.896614
-1.161888
0.524796
-1.768192
-0.544280
-1.037952
1.810028
-1.972667
