0.232225
2.102618
0.030459
-0.162671
0.206979
0.076037
0.008933
-1.841645
0.260913
2.080723
-0.125560
-0.136251
2.135257
-0.099084
0.216584
2.194624
-0.119057
0.960716
-0.020498
-0.086129
-0.113199
-0.088828
0.271239
-0.100782
2.034171
2.218586
2.104868
2.071414
-1.843757
0.042366
0.016563
2.182195
2.076613
0.221094
-0.055861
0.245789
0.270825
-0.059760
0.256411
-1.837299
0.273234
0.241040
0.256354
2.009941
0.027991
-1.875310
-1.235368
-0.030562
-1.868345
-0.147616
0.245815
2.048484
-0.102260
2.083297
0.183504
0.260700
-0.138351
0.183753
2.064731
0.063830
-0.046124
0.282856
2.060673
-0.100222
2.100805
0.187879
-1.184635
2.041144
0.000506
0.331669
0.244557
0.267926
0.262674
2.096533
-1.911734
2.093228
-1.220036
0.078773
-0.200492
2.146902
0.113251
-0.100331
-0.063237
2.135188
2.098106
0.296412
-0.074037
2.118292
-1.060465
0.177865
0.286671
0.302132
0.195380
-1.903702
-0.183316
0.227989
-0.112161
-1.900379
-0.092909
-0.132323
-0.144485
-0.088426
0.019671
2.225832
0.266196
2.156190
0.304170
0.318849
-1.255682
0.022970
-0.160132
2.030182
0.019587
0.301074
0.028722
-0.106357
-0.130477
-1.887420
-0.128912
0.311591
0.040350
-1.842557
2.208106
0.101431
2.108121
0.318581
0.271266
0.012074
2.100975
2.269660
0.071461
0.011237
0.205380
0.090962
0.063218
2.123173
2.079454
2.109563
0.173800
0.280576
0.210644
0.347000
0.016111
2.061234
0.264103
0.345974
-0.103550
-1.953950
2.146134
0.314123
0.269654
-0.113548
-1.294210
2.043624
2.085239
0.250496
0.253608
-0.188678
0.273472
0.054976
-0.008214
0.011268
0.259960
0.081654
0.184724
-1.956746
-0.065655
0.249447
-0.096214
-0.123425
-0.104496
-0.159187
2.030905
-0.101596
2.168848
-0.119813
-0.113511
-1.904696
0.230978
-0.087261
-0.110904
0.004856
-1.948048
0.268022
-1.043860
2.220042
0.286729
-0.094217
2.118463
-0.157825
0.239882
0.247166
-0.138212
2.018424
-0.121100
0.187592
0.033490
0.249160
0.084772
-0.116095
0.290402
2.112794
0.322083
2.171785
-0.096648
-0.068818
0.268925
2.087566
0.003470
0.312236
-0.142885
-1.877338
-0.007621
0.207451
-0.117531
2.123284
0.264953
-0.132510
0.167974
0.094148
0.296402
0.236594
-0.112149
0.238271
-0.107830
0.198477
0.142927
0.306773
0.020319
0.235959
-0.079278
0.065283
2.117010
0.282895
-0.079944
0.062148
0.278437
0.190728
-1.891727
-0.024642
2.068662
-1.832256
-0.157522
0.294337
2.025119
2.044569
-0.175685
2.235015
2.070282
-0.114737
-0.139623
2.124776
0.334439
0.060050
-0.061423
0.240324
-0.138571
-0.089181
0.237673
0.323561
0.233615
-0.058044
-0.037431
0.081622
-3.057034
0.250775
0.072431
0.043397
0.194037
2.234145
2.071583
0.193425
-0.025925
-0.068341
0.226168
-0.009401
-1.874482
0.222650
-0.103930
2.068741
0.282567
2.046180
-1.833294
-0.108125
0.273789
-0.137532
0.129334
2.076914
0.252872
-0.051604
0.270040
-1.191797
-0.139059
2.171874
0.091168
0.304960
0.271072
0.325661
0.240873
0.286556
0.217620
-0.151775
-0.120764
2.151526
0.333462
0.093972
0.057610
-0.159232
-0.083573
0.047788
0.210944
0.059357
-0.023156
-0.140476
2.073625
-0.152031
-0.153543
0.300736
0.068833
0.273883
0.212594
0.032230
-0.058177
0.095513
-1.900751
0.063749
2.114175
0.295934
-0.141152
2.075091
-0.095709
-0.132381
0.260967
2.047718
-0.184217
0.296761
2.064439
-1.776510
-0.085889
-0.200234
-1.928890
0.281107
-0.072153
0.237009
-0.006118
0.222100
2.070456
0.030179
0.043901
2.076693
-1.229902
0.040955
-0.164526
0.248228
2.049074
0.198070
0.063946
0.116227
0.165186
0.044495
-0.165243
0.291512
0.219513
2.036932
0.271199
-0.147142
-0.051466
-0.154576
0.191327
0.262632
-0.060922
0.240112
0.321016
2.185113
0.044013
0.242929
0.030062
0.273832
2.023922
0.298010
0.042467
-1.865436
-0.089242
0.307560
-0.147231
0.035260
0.184211
-0.043139
-0.141400
-0.132143
2.143262
-0.012486
2.208893
0.301290
0.001405
0.267466
-0.070722
0.251959
0.231002
0.270505
0.093285
2.069449
0.236836
0.250703
0.273802
2.104221
-0.148881
0.267468
0.019666
0.101857
-0.151521
0.240651
-0.080128
-0.166611
-0.169180
-1.860770
0.201440
2.068739
2.105294
0.225180
-1.868546
0.019372
-0.144324
-0.119276
2.150592
-0.150326
-0.101262
0.283935
-0.130529
0.261356
-0.050795
-1.254769
0.259550
-0.142529
0.038332
2.034269
-0.052242
0.002640
1.967411
2.081147
0.303945
2.041956
-0.139353
0.206227
0.076716
-1.897317
-1.890810
0.087818
0.211548
0.079481
-0.109000
-0.098415
0.268008
2.228161
-0.136408
0.298474
0.292828
2.149558
0.036857
0.239925
1.995524
0.183436
0.255528
0.225616
0.025249
0.060662
-0.015465
-0.001422
0.196075
2.087193
-0.052205
-0.172324
0.027036
-0.104412
-0.029160
0.229831
0.251261
2.093737
2.129990
2.104832
0.012280
2.109612
2.086709
2.265293
-0.070685
0.076653
0.265517
-0.014891
0.001959
0.296879
0.030270
2.045926
0.201324
-0.089515
-0.131814
-0.046774
0.253059
-0.061334
2.182624
2.255723
0.220016
0.206782
0.259292
0.085512
-1.899485
-0.086652
2.084289
0.124898
-0.080650
0.368293
-1.887290
0.242007
2.113450
0.262927
2.048420
0.003629
0.054135
0.196687
2.149766
-1.255685
-0.130564
-0.108600
-0.056351
2.091664
-0.006722
-0.130377
0.080001
-0.079994
2.117812
0.223846
0.248148
0.301456
2.060107
-0.004920
2.129038
-1.260164
2.173574
0.055389
-1.826988
0.322454
-0.082986
0.228382
-0.172431
0.173056
0.304609
-0.138441
-0.142591
0.255891
-0.111629
0.067165
-0.170065
-0.220982
0.008209
0.299389
-0.075308
2.124910
-0.117840
2.099842
0.293304
0.034202
2.119213
-0.129245
2.059669
0.030799
2.046392
0.100287
0.246255
0.235638
-1.206570
2.053220
-1.878256
0.013077
0.356374
0.155745
-1.239031
2.076607
2.136440
0.118923
0.020043
-1.892070
0.218529
0.302400
0.249580
0.216896
2.203225
-1.963656
0.051388
0.120912
-0.190443
0.237570
-0.107959
0.322164
0.312477
0.250595
-1.083438
0.282313
-0.015932
-1.833147
0.288152
0.097406
-0.130365
0.144209
-0.073455
0.257126
-0.143328
0.211306
0.182383
-1.886820
-0.152412
0.224657
0.275897
-0.126927
0.235584
0.096981
0.250551
-1.875095
-0.088612
-1.887711
0.099622
0.253901
-0.093795
2.162827
2.112303
2.065991
2.115691
0.103108
2.166299
-0.102289
-0.141328
-0.158370
0.013851
-0.128618
0.245343
2.090654
0.315588
-1.819294
0.271640
-1.924775
0.293839
0.021135
0.271266
-1.258639
-0.184482
2.062225
0.296627
0.251286
0.222757
0.216827
2.036969
2.130632
0.262473
0.270619
0.071593
-0.128767
-0.153521
2.047259
0.218014
0.313667
-1.207349
-0.054461
0.275636
-0.090794
-0.155661
0.344139
2.250790
2.055201
0.192031
2.128202
0.936910
0.301563
0.189877
0.193091
-0.155283
0.084611
0.020036
0.268617
-0.080466
-0.087785
-1.839520
0.081732
-0.091713
0.262765
-0.087818
0.281540
0.338000
-0.118546
-0.073789
0.251317
0.322922
0.232098
