0.448130
2.382977
0.492493
0.443065
0.596284
0.525441
1.429454
-1.689649
0.388211
2.581861
0.527969
2.369482
2.584282
-1.777393
-1.643883
2.467561
2.417226
0.114418
0.474228
0.675735
-1.772192
2.261378
0.261301
0.047930
0.485960
1.816408
0.165690
-1.640814
0.511184
0.383038
2.217429
0.557555
0.302476
3.760519
0.584728
2.452561
0.044595
0.279046
-0.010684
0.347248
0.186303
0.535937
3.546412
0.120551
0.418737
2.433786
-1.732860
0.497747
0.559211
0.429850
0.540864
0.529709
1.396396
1.481497
-0.292779
0.187527
2.556911
2.491112
2.202189
0.255959
3.507258
0.559879
0.042125
0.436355
1.328880
-1.783415
0.496627
0.391379
1.575958
0.059054
0.504921
1.603062
3.716127
1.679915
0.383882
0.429556
1.615997
0.622577
2.432243
-1.648836
-1.723950
0.495119
1.368483
0.418811
0.356669
0.221036
0.417582
1.312177
1.362608
2.370369
1.825589
-1.421534
-1.663972
-1.794986
0.031772
-1.542042
0.530613
0.135766
0.999713
0.164400
0.447760
0.119408
0.127213
-1.605292
0.042496
0.113547
1.320428
0.026260
2.512544
0.103727
0.442940
0.519686
0.388184
1.426983
0.351155
3.584390
0.644184
0.555759
-1.686341
-1.823378
0.540711
-1.663438
0.031929
0.557263
0.090204
0.350182
2.370107
1.495987
3.811501
2.506381
-1.563696
-1.569305
1.554034
2.406159
-1.664442
-1.684048
0.385993
1.721697
3.649706
1.456240
1.550695
2.278415
0.208528
0.466507
0.387729
0.455919
-1.678543
1.357674
0.341965
-0.024454
-1.799649
0.468433
0.473328
-1.792065
-1.617440
2.327269
0.151536
1.380983
1.558162
-1.491720
-1.764584
0.618187
0.349245
2.669639
0.258557
0.396987
0.757155
-0.025126
0.172044
1.400304
2.620933
1.466480
-1.544815
0.573521
0.270701
2.578050
0.341095
2.466762
-1.804915
3.825108
0.699392
0.117363
-1.598672
1.526699
-0.125830
0.234786
1.467405
0.069081
0.615965
1.530784
0.429103
-1.395161
0.514562
0.499309
1.460431
0.352844
2.380768
0.000934
1.387238
0.510040
-1.752899
2.437699
0.306923
0.559596
-1.687592
0.488627
1.557312
0.403347
3.665326
2.380525
0.483457
1.582831
-1.738619
0.494032
1.432407
1.454902
0.387093
0.164529
0.443262
2.437866
3.711358
1.654511
-1.613456
0.010078
0.491224
1.883094
0.551284
1.389607
1.291385
1.340708
0.391006
-1.633549
0.150070
-1.763163
-0.015496
0.428727
1.482563
3.570085
2.533893
2.388024
0.445430
-1.516980
3.612819
0.423517
0.467844
0.210140
0.078180
-0.014269
-1.608029
2.310948
0.164936
1.623259
0.015798
1.402597
0.176244
0.050469
0.412949
1.266524
0.525883
-0.136430
0.549402
0.396505
0.587613
0.452238
-1.586070
0.409612
-1.624409
0.037072
-1.704439
0.420318
-1.593906
1.447044
-1.586736
-0.237541
0.440916
2.578024
-1.805596
-1.660281
0.121475
0.068279
2.439735
0.512844
0.425926
0.144364
1.636878
0.101298
2.425830
0.489279
0.649358
1.379239
0.429996
0.277431
2.469642
-1.703108
0.489778
2.376032
0.552390
1.377140
0.494970
3.657650
1.320593
1.265293
-0.368065
2.545777
0.814731
-1.778715
-1.657007
0.499394
-1.568264
-1.776911
0.634396
0.572487
0.456514
0.742304
2.443555
0.299254
0.079783
0.549994
0.784053
1.433183
0.724452
1.212813
0.654389
-1.726873
-0.161741
0.281257
1.480356
0.596794
0.265861
0.024153
-1.762896
0.443147
0.624673
0.262825
1.591228
2.553563
0.269598
0.104909
2.331311
2.494885
0.462608
2.540685
3.697950
0.628442
-1.637612
-0.037930
0.198728
0.248179
-1.478944
0.052620
1.328703
2.403109
0.505927
-0.490347
0.568073
0.450108
2.341640
0.399114
0.482528
0.387435
2.479410
-0.556128
0.443840
2.345169
0.158534
2.406179
0.011439
-1.552676
2.308292
0.575025
-1.752507
0.502199
0.545528
0.741801
0.230682
0.469817
3.530545
-1.600148
-0.090578
-1.698394
1.432982
0.546885
0.038439
0.367240
0.559146
0.533691
2.134536
0.604529
2.654625
0.275910
0.143388
-1.790977
1.354788
0.819592
-1.675382
0.397215
0.447370
0.566135
2.319799
0.464593
0.036057
-1.699059
-1.618282
0.034645
1.361944
0.535148
-1.688846
0.108334
2.298759
0.558200
3.733776
0.112970
1.388956
1.834984
0.605870
0.201596
0.468752
-1.567644
0.189336
0.625001
0.520956
1.341831
2.203987
0.589351
-0.265955
2.371946
0.583935
-1.797688
0.123235
2.500275
0.519226
0.449792
2.599809
0.100679
-0.203441
1.661915
1.524419
-1.812758
0.518125
3.455331
0.533226
0.398631
0.593410
2.330400
0.631643
0.209567
0.167027
0.473853
-1.578978
0.387157
1.445961
-1.568489
2.537024
0.078996
0.207127
-1.532327
0.543127
0.460856
2.341987
0.491432
0.425255
2.380854
2.413010
0.528019
1.240606
2.363103
1.271028
3.644610
0.622836
0.431507
-1.637987
0.516721
0.449740
0.188746
0.172603
2.576843
0.114197
1.306676
0.573527
-1.771274
0.225910
-1.772182
-1.613406
-0.011779
0.512204
2.630515
0.109206
0.131031
0.583450
0.524280
-0.027283
0.297473
-0.005132
2.432245
0.469391
-1.528749
0.096680
-1.696414
0.410681
2.486250
2.456486
-1.452973
0.117765
0.296504
1.363428
0.062896
0.609253
0.336037
0.597604
1.320499
-1.780439
1.463620
0.002406
0.404873
0.562927
1.290850
0.219594
1.245181
0.658248
0.466062
3.494686
0.217777
0.655257
2.338873
0.033955
0.582730
0.220707
-1.815751
0.226418
-1.617922
0.408935
0.514188
0.849678
0.195416
-1.642752
0.118664
-0.269702
0.515292
-1.757700
1.570750
0.085788
-1.570449
2.568114
3.576552
-1.723751
-1.708942
-1.552151
0.319848
0.377961
2.186190
0.587776
2.146381
-1.488364
0.551322
2.339408
1.358963
0.704739
0.024511
-0.263025
0.530918
0.545540
2.376583
0.387216
0.207151
0.070555
0.510332
1.540207
0.506323
0.426806
0.413929
0.472201
3.589217
2.149908
0.581170
2.437605
0.042607
2.564013
-1.593608
1.344339
2.389181
0.483037
0.113439
0.380698
0.176895
0.499925
0.351420
1.557572
0.287113
2.553702
2.491517
0.172442
0.005685
1.549300
-1.712038
0.074476
0.534390
0.465439
0.460551
2.409718
0.498841
-1.498695
2.521325
-0.055145
0.696605
0.495048
2.376976
2.477575
0.612343
2.356507
-1.442517
1.383913
1.456226
0.558088
0.490348
0.484472
0.414651
1.542836
1.566394
0.534047
0.638324
2.351983
1.473905
0.204879
1.638998
1.641937
2.598873
3.732658
2.307740
1.687503
0.346110
1.311165
3.556739
1.012149
2.650317
1.389580
0.154906
0.177469
-1.531494
2.363221
-1.714018
0.509584
0.109307
0.190016
-1.718793
2.435734
2.290773
0.522867
0.195568
0.426344
-1.633681
0.159728
0.525117
1.764883
1.528246
-1.644848
0.422999
0.441971
0.449641
0.170560
0.272355
3.512678
0.482404
0.301124
-1.535348
0.380003
-1.787963
0.146839
2.526446
2.422225
0.434120
2.467447
0.588242
0.125807
1.403823
-0.090023
0.517331
-2.554965
0.473573
0.052477
2.566954
-1.726742
0.622811
1.434677
0.396449
0.613020
0.428258
2.365826
0.767744
0.097950
0.340242
