-0.091135
-2.009321
0.054293
0.248108
1.955981
0.275095
0.159510
2.058466
0.195339
0.275222
0.053425
0.269484
0.056979
0.114206
2.106969
-0.092872
0.058646
-0.062897
-0.216686
-1.891503
0.257082
-0.315953
1.977487
-0.155224
-0.101748
2.117144
2.008774
-1.975781
-0.271411
0.278490
1.926001
-0.045633
1.953207
0.120860
0.198978
1.920040
0.259732
-0.253624
0.333197
2.075776
0.219416
2.078624
-1.946249
2.002557
-0.296445
-0.342074
-1.282788
-0.075496
-2.044966
0.043087
0.145412
-1.989927
-1.973047
2.143387
-0.219042
-0.058663
0.294420
-1.866685
0.054633
0.279736
2.292703
2.134562
0.250895
2.139692
0.149891
-0.270009
-0.022058
1.866646
0.004910
-2.085641
2.266576
0.112908
0.087666
-0.160235
0.087269
-0.119824
1.947646
0.211324
0.262658
-0.085457
-1.888878
-0.258846
0.096538
0.078164
0.313956
0.288674
-2.083280
-0.088024
-0.080080
2.127528
0.065566
1.941316
1.061414
2.062834
0.206016
0.199152
0.169982
1.995210
0.094116
-2.002243
-0.108197
0.154068
-0.171010
1.884385
2.076786
-0.268353
1.988937
-0.295252
-0.139927
-0.056101
2.044619
2.281882
-2.011441
2.157820
-1.841671
-2.071685
0.266861
2.098974
2.068908
0.314534
-0.265585
-0.131720
-0.112171
0.173064
-0.113181
-1.847833
0.155225
0.048072
1.915523
-1.375488
-0.225829
0.215834
0.040869
0.292996
0.257056
-0.258706
-0.103155
2.240716
2.069476
0.052607
-0.034194
-0.166988
-0.090285
0.002088
-0.090745
-0.089960
0.098445
1.991631
0.773006
0.213407
-0.306338
0.325495
0.209858
-0.222220
0.148017
0.062178
0.124638
-0.304164
-0.258441
-0.171840
2.047031
2.095897
0.114811
0.058078
0.026456
0.167334
-0.254232
0.274891
0.301453
-1.992013
2.142906
-0.274463
0.160443
-0.096586
0.015838
0.222755
0.204213
2.094352
2.164077
0.070183
2.053190
2.103995
0.124075
0.195386
-0.125073
0.268796
-1.938258
2.109331
2.013082
-0.092163
-1.884742
0.197261
-2.073355
-2.132580
-2.028092
0.049452
2.008280
-0.120295
-2.130443
-1.465692
0.345606
-0.300345
-0.080399
2.029742
0.083197
2.188447
2.083351
0.167688
-2.030930
-0.182024
0.304257
0.116283
2.078957
0.237234
0.033467
2.001146
-0.121702
-0.079574
0.063210
0.230652
0.015158
0.210895
-0.103300
-0.137507
0.213889
-0.026484
2.001182
2.080688
0.147653
0.189329
-0.152622
-2.081911
2.044388
0.258472
-0.259907
-0.098761
0.024878
-1.991888
-0.128467
0.245103
-0.085043
-2.162035
-1.891846
-0.083966
-0.195266
2.093575
-0.010784
1.993112
0.222220
-0.204022
2.014752
-0.239337
2.057366
2.107683
-0.287375
-0.325123
-0.104326
-0.133811
2.132776
0.156170
0.875135
-0.061045
0.183763
0.085612
-0.066563
1.909959
0.013649
0.093915
-0.208161
0.232157
1.950030
0.055951
0.165431
-0.061978
-2.055052
-0.230175
-0.064493
2.011577
-0.286562
0.331618
0.032160
-0.116289
2.097470
2.113003
-0.127150
0.195838
0.187651
-0.151912
-1.347443
0.203536
0.134818
-2.168376
-2.006001
2.122406
0.197085
-2.013861
0.027562
-0.091406
0.038119
0.013581
2.079044
1.909398
-0.188515
-0.148538
0.338009
0.274595
0.107372
-1.873142
0.091464
1.861877
-1.906809
-0.139973
0.217727
-0.275209
0.264057
-0.100040
-0.135232
-1.968560
-1.981328
-0.169717
0.301412
1.939290
0.084484
-0.052450
-0.117280
0.101447
-0.219298
1.984938
-0.300140
2.067208
2.063253
-0.330832
0.275473
0.092997
-0.216681
-1.420979
2.148278
2.002542
-0.244479
2.060749
-0.269521
2.116377
0.046197
-1.903854
0.243799
0.064678
0.166049
0.266686
-0.169225
-0.030642
1.962798
-0.177182
0.169291
0.104923
2.036595
-1.960701
-0.112601
1.978556
2.177666
0.044895
1.901603
2.006749
-0.108295
0.077419
0.017086
2.011159
-1.854412
0.061905
0.178219
0.019335
0.291996
0.824862
0.058922
2.029423
0.200948
0.207679
0.059498
0.008474
1.943599
-0.087399
2.014317
0.224690
0.245760
1.983913
-0.257658
0.078039
0.294901
-0.311069
-0.269800
0.030579
1.990642
-0.134722
0.059612
-0.342523
-0.261485
-0.083300
-0.071394
-0.069003
-0.231914
0.266146
-0.201051
-0.154733
-0.103319
-0.048434
0.258589
0.148802
-0.141737
0.136588
0.101353
-0.112210
2.281103
0.165778
1.998011
2.109736
-1.499637
-2.030028
-0.288740
-0.082275
0.115733
2.055232
0.133702
0.064737
0.094885
2.136131
2.089571
1.966020
-0.116357
0.233412
-0.155582
0.157575
-0.140007
-0.110478
-0.251795
-0.050067
0.071635
2.116781
0.216629
0.233227
-0.254140
-0.075427
-0.265389
2.031414
-2.034531
-0.063871
-1.928089
2.145466
2.039364
-0.296278
2.221077
-0.096733
-0.268952
-0.031287
0.209088
0.108271
0.094825
2.083394
0.113591
0.093843
2.108971
0.086467
0.316311
0.256826
-2.047061
0.153679
2.064973
-1.993441
-0.126686
0.093846
0.061571
-0.091529
0.282565
-0.031273
1.870903
2.132095
-0.140916
0.128281
-0.287661
-0.125129
-0.030643
-0.294195
0.220879
2.031207
0.177906
-0.121968
0.268206
2.054658
0.170390
-0.226692
-2.069222
-1.238243
-0.148928
1.969168
-0.024643
0.002017
0.159866
0.080607
-0.012830
-0.115050
2.046656
0.310761
-0.110069
3.052875
-0.044950
-0.062673
0.337743
0.215062
0.336017
1.974409
-0.111404
-0.158078
0.249138
2.134283
0.007758
-0.116684
-0.258564
-0.122188
-0.217811
-0.132569
-2.051170
0.196007
0.202768
0.155409
-0.120291
-0.046615
-1.859602
0.227606
2.036474
2.083087
-0.062361
-1.233176
0.087431
-2.127698
-0.152529
1.955613
0.165736
-0.102814
-0.074280
0.011014
0.031457
0.228990
-1.933919
0.200267
1.953320
2.029063
2.023959
-0.331907
-0.352220
-0.139397
-0.056600
-1.825842
0.254038
-0.093943
0.122337
-0.285831
-1.852090
-0.057396
0.229660
0.404209
0.225251
0.206300
-0.191398
-0.229181
-0.074216
0.183067
-2.106064
-0.249326
2.071680
-0.067482
0.207998
2.126541
-1.912452
-1.850669
0.107346
0.091679
0.210687
0.219354
-0.220757
-0.308454
0.187290
-0.093048
-1.293736
-0.135092
0.235519
-0.189217
0.254358
0.165822
0.088468
-0.171547
-0.151767
-0.168039
1.964115
-1.338643
0.034020
1.927634
0.163950
0.047941
2.090564
0.069207
-0.131474
-0.094099
2.104571
-0.017376
0.060719
0.050981
0.086942
0.259557
-0.204242
-0.293008
2.033642
-2.143961
0.242942
0.269183
-0.141538
0.125950
0.006342
-0.052054
0.281625
-1.960880
2.064953
0.278006
2.104441
-1.348317
0.053391
2.084168
-0.250211
-0.026317
-0.291523
-0.263476
2.072562
-0.104636
-0.214143
2.034469
0.216443
0.194085
-1.902659
1.988638
-0.257310
0.140746
-0.280000
0.333455
-0.090485
0.309369
0.141028
0.924016
-0.036627
-0.152007
-0.098036
0.278337
0.052012
2.078884
-0.286535
2.138535
-1.948930
-0.070919
0.288522
2.077208
0.068605
0.172970
0.119187
-0.394876
2.048471
0.194768
-1.891196
-0.249695
1.941996
-0.214037
-0.084513
-2.145140
-2.142962
1.991228
0.233011
0.257444
2.114796
0.044927
-0.188476
-0.101230
2.143682
-0.213158
2.111701
0.281273
-1.852516
2.113133
-0.085575
-0.478524
-0.086766
-0.322540
2.091056
-2.209275
-0.165056
0.084917
