2.047264
2.241318
1.186192
-2.227871
-0.588003
-1.525373
-2.706922
-3.123413
1.465919
1.791625
0.495552
1.815775
-2.996283
1.935998
2.396173
-2.508844
-2.356194
0.566729
0.447520
9.329826
1.212026
-0.596199
-1.054566
-1.753907
2.138901
1.249046
-1.768192
-0.154997
2.248916
1.076855
-0.708626
0.802940
0.765793
-1.007480
-2.258468
-0.185348
-0.530216
2.308611
2.469629
1.878849
2.889038
-1.088283
0.785398
-1.911775
-8.781277
2.544416
-0.558599
-1.801887
0.548549
1.750650
-2.507570
0.329624
-10.082667
-1.698306
0.708626
-0.512389
-9.103027
0.927295
0.433953
-1.971037
2.121182
0.421419
0.115759
-1.786881
-1.975688
3.041924
1.009633
-1.716106
-0.141897
0.530216
-0.663203
2.619189
-8.051377
2.720173
-2.677945
-1.325818
-0.315215
2.803714
-1.677532
2.176341
-0.203045
2.987274
1.107149
2.863293
0.023805
1.643837
-2.634494
-2.314552
0.944053
0.927295
0.394791
2.052460
-1.623379
9.222456
-3.033903
-2.845047
2.634494
-0.982794
-1.343997
0.960070
-0.453844
-0.818719
2.422763
-3.287605
0.996491
-1.025932
0.141897
-1.983207
0.416065
1.691420
1.650626
1.231504
-2.695487
2.356194
-2.432966
-0.613207
-0.463648
-1.150133
-0.471166
-0.558599
-1.236059
0.104877
-0.857735
2.229602
2.034444
1.849096
-2.214297
-2.972996
-2.869447
2.152701
0.818719
2.732685
2.356194
-2.925508
-9.746529
4.514993
-2.772259
-0.103792
0.749699
0.802940
-0.678662
-2.774419
-1.220068
1.884417
2.324955
1.405648
1.797595
2.089942
-0.746457
-1.095101
-1.739898
-1.785612
-0.801790
9.126279
-2.651635
-0.761013
-0.124355
-0.110657
2.406153
9.111877
2.068139
1.155304
0.231091
0.753151
-3.088072
-1.992216
-1.390943
0.422854
-1.046001
-9.377195
-0.602287
-2.963996
2.487510
-1.190290
-0.818719
0.705568
-0.745419
1.892547
0.558599
1.967238
0.215358
-1.357858
-1.875307
-2.508844
1.257895
0.304511
1.661456
-0.486899
0.027771
8.175732
1.042722
-0.548549
0.678662
-3.022164
-2.132718
-1.892547
-9.424778
-1.162647
-0.463648
-10.995574
-0.334737
1.978428
-0.032247
-2.317752
-1.201463
-1.862253
-0.368349
1.537475
-0.404892
-0.552841
-1.929567
-1.416478
-0.748378
-2.713329
-1.951303
-1.249046
-2.179960
-0.374334
2.761086
-2.311448
-1.687905
-2.976444
1.480136
2.120650
-2.219128
1.622033
2.706239
1.927016
1.747505
0.702257
2.356194
-2.677945
-0.244979
-0.407256
1.732171
-2.696292
-2.629203
-3.235069
-1.107149
-9.615962
-2.292451
-0.760403
-0.572966
2.585426
-10.407572
1.332187
-0.759763
2.022249
1.674589
1.495936
1.436475
0.113792
-4.493720
1.725793
1.249046
2.577023
2.101012
0.019997
2.462930
-1.410034
0.418224
-2.587285
-0.039979
2.920764
1.082462
1.295886
-1.224257
-0.912908
8.977935
-2.292451
9.309019
-0.805003
-0.785398
2.744513
-2.891150
1.004067
-2.010639
-1.538549
0.347062
0.999459
9.206109
-0.191184
-1.225241
2.077895
1.629552
0.956133
-2.482787
-0.624023
0.804264
-0.772412
7.068583
1.390943
1.901892
-2.140837
2.135366
2.768605
0.000000
-2.249459
-2.651635
-2.171870
-1.649580
-0.488334
0.130827
-1.107149
0.588003
-2.586099
-0.146012
1.080839
1.783735
-2.981680
0.197396
0.755995
-1.428899
-0.982794
1.107149
2.567288
-1.907471
2.909036
9.146478
0.685730
-3.010277
8.744257
-2.187988
-1.792878
0.957026
0.441179
-0.154997
2.619758
2.393215
-2.622447
-2.480549
-1.063698
2.158799
-1.612439
-2.688254
6.425082
2.443690
10.210176
2.660705
1.144169
1.044730
-2.066348
-2.723368
2.589938
-1.146602
-1.393200
9.918719
0.767218
1.760785
0.137066
-1.603043
0.411065
-1.946757
2.323948
-2.158799
-0.807617
0.596199
-2.875341
-1.516795
-2.508844
1.892547
0.565149
-2.528385
-1.337053
0.620249
0.932477
0.639770
-2.408778
-2.378413
1.939492
-2.916316
0.152649
-0.209640
2.011976
-0.485622
0.876058
-1.002272
-1.281821
0.962994
0.321751
-1.636276
2.863293
1.542233
-1.044730
-0.694738
-1.795507
1.570796
0.216085
-2.852089
-0.650421
-2.930499
-0.540420
9.566675
2.537843
-3.007782
1.169568
-0.054491
-2.650429
-1.784857
-0.849825
-1.824470
2.553590
-2.120171
1.257895
-2.880990
1.620755
3.546484
-2.009656
-2.087027
9.017146
1.414194
-0.521434
1.792878
0.853785
2.289626
0.734594
2.142134
-0.296546
-9.511516
1.173717
-0.159913
1.381597
-1.570796
1.570796
-2.034444
-1.626295
0.244979
1.040581
2.064738
1.306308
2.104505
3.050933
0.572966
2.490516
-0.519146
0.032247
0.154997
-6.283185
2.070143
-0.156602
-1.227772
-2.765102
-0.982794
-10.810226
-2.249459
-0.540420
1.030377
2.231839
0.058756
8.781277
10.300836
-1.463106
-0.755104
2.418613
-1.383817
-1.742987
-2.524401
1.119343
-1.831399
1.471128
-2.356194
-0.064427
-1.735945
1.892547
-0.654083
-1.499489
-0.628796
1.185639
-2.660705
9.378300
-1.489892
-1.405648
-1.523213
2.083186
9.451798
-1.828120
0.801790
-3.277120
2.074962
-1.334551
-0.807617
-1.496857
-2.800614
-0.197396
-0.380506
-9.746529
2.544416
0.426627
0.348771
0.657889
0.896055
-0.739277
-1.006227
-2.902361
1.363300
1.304544
-2.521343
-2.665125
-2.115077
0.278300
-0.939717
-3.014083
0.426627
9.206109
0.078784
0.062419
0.736257
1.095786
-1.603043
-0.212938
2.024135
0.055499
-0.944053
-2.208345
-0.991722
1.088283
-1.436475
-0.262995
-1.096945
0.300920
-3.185044
-0.314758
-2.846152
0.832981
0.828849
1.763497
1.570796
-0.515549
-2.482283
2.786887
-2.021458
-0.298499
0.232557
0.085505
1.224257
1.668523
1.428899
2.380580
0.806672
0.851966
1.421906
-0.700854
-1.681454
1.606495
2.799977
2.772259
1.057190
-0.724250
2.761086
-0.244979
1.989021
1.492012
11.656617
0.428778
2.855541
-2.443690
0.960070
-2.427502
-0.380506
2.856862
-1.825979
-1.855527
-1.450173
-2.740364
2.819842
0.927295
0.369334
-0.830821
-1.220068
2.449258
0.909753
-2.107232
-2.256526
1.071450
2.181522
-0.609163
-2.828691
-1.972025
0.204018
0.463648
2.570255
-1.515298
-1.935998
0.636508
-2.049149
0.605545
1.506369
-2.914794
9.316507
0.563316
-0.375961
-0.189988
0.504166
1.471128
0.451453
-0.321751
-2.492597
-2.584993
-2.511191
0.216085
0.919720
-0.649870
-2.803714
0.138006
-1.831399
-2.066348
1.107149
1.723446
3.024484
0.499347
0.911990
-2.236766
-0.407632
-0.058756
-0.752077
0.665969
-10.884917
1.453688
-1.319794
0.165149
2.070143
-0.099669
0.218669
-2.273053
-2.819842
0.785398
-1.181480
1.457004
-3.346988
1.066630
-1.292497
-1.945130
-0.408149
-2.203545
1.074374
-9.874538
2.850136
-0.885067
1.520838
0.260602
1.849096
9.524447
-2.449671
0.956133
-1.465919
1.446441
-0.232557
-2.295046
1.331053
1.972025
-0.141897
-3.176062
1.538549
-1.194835
-2.999696
1.946757
-1.434394
2.181522
1.839964
-2.938547
-1.999574
-2.997151
0.734594
0.652847
2.860360
-2.417343
0.463648
-2.516108
-0.415492
0.754158
-1.957672
2.902361
-0.058756
-0.663203
-2.129396
0.540420
1.716809
-0.896055
-2.446854
0.571337
-0.160763
0.699193
1.287002
-0.785398
2.408778
2.179486
-4.115212
2.086345
-1.296629
1.046001
