-1.253344
1.404579
-0.783875
0.156587
0.347626
-0.107422
-0.448608
-1.736107
0.885011
0.701643
0.141931
1.362725
1.361639
-0.959431
-1.475513
1.219653
2.066932
-1.003999
0.541778
0.037279
-0.715077
1.241797
2.129139
-1.399696
1.055801
-0.735292
1.933591
-1.767623
-0.574722
1.403843
-2.050715
-0.112635
1.978015
-0.910467
0.569599
1.726652
-1.212590
1.949155
-2.385046
1.523255
-2.782302
1.030733
-0.457545
-1.529459
0.789423
1.564252
-1.580350
-0.447453
0.718415
-0.894684
-1.017523
0.727686
-0.497579
-0.111290
0.067831
-1.513437
1.421744
1.788620
-1.081428
1.397375
-0.003512
-0.351350
-2.181821
0.576069
-0.529736
-0.925805
-0.255281
0.139377
-0.150388
-1.976590
0.458818
0.197427
0.223443
-0.702529
-1.070911
0.455101
-0.304667
-0.320903
1.619006
-1.257600
-1.864143
-0.256097
-0.222415
0.662340
-0.168252
2.299300
0.074283
-0.287333
-0.218063
1.490611
-0.645040
-1.365029
0.420510
-1.447967
-1.871212
-0.560769
0.249183
-2.112179
0.798171
-0.758403
1.168576
-1.022500
2.016356
-0.800145
-2.195480
-1.379780
-0.197267
-2.487056
1.220266
-1.841566
-0.238169
0.122451
0.365265
-0.050966
0.900500
0.027280
0.410286
-0.869897
-1.251302
-0.868890
-0.638472
-1.473403
-1.450009
1.027746
1.935536
1.895514
0.049410
-0.798971
0.369867
0.581175
-1.589856
-1.926286
-0.126938
1.416249
-0.768673
-1.733665
1.183287
-0.626519
-0.086118
-0.438576
-0.976446
-1.488524
1.598271
0.787108
1.278564
-0.552762
-0.640904
-0.063989
-2.305702
-1.964416
-1.082610
1.399220
-0.289768
-1.842637
-1.968903
1.371674
-2.796669
-0.177720
-0.950842
-0.295154
-1.421863
1.037919
0.686621
1.097952
1.869180
-0.969184
1.034506
-1.473268
1.970347
-0.019825
1.708053
-0.099844
-0.659410
0.311617
-0.684888
1.806841
1.212856
1.766463
-1.229054
-0.135062
-0.389571
-1.621058
1.520665
-1.007855
-1.994259
2.064558
0.658921
-1.592246
0.516187
-0.570260
0.155188
-1.221801
0.793526
0.387259
-0.576563
0.663576
0.586193
-1.457129
-0.658106
0.701901
-0.974840
1.334747
-0.197944
-0.053982
-1.800388
0.214705
0.209576
1.318764
0.227343
1.272814
0.446006
-0.209752
-1.556070
-0.068365
-0.296316
-0.557059
-0.498725
2.284439
1.491255
1.435215
-1.100526
-0.751237
-1.815035
-2.112635
0.721586
0.377605
1.027046
-0.348484
-0.045443
-0.383517
-0.060317
-0.974403
1.522943
1.578874
-1.719067
0.187404
0.109836
0.191489
1.226061
1.182384
0.185933
-1.510851
-0.237538
-0.324975
0.313541
-0.127410
-1.818128
-2.019099
-1.343734
1.303975
-2.248680
0.148255
-1.665724
-0.553270
2.265086
-1.561250
0.651265
0.205623
0.857423
-0.305404
1.326392
0.514096
0.354417
0.366451
-1.311568
0.262356
-1.359945
-2.071512
-1.407365
-0.415452
-1.030810
-0.141216
-0.922295
0.126419
0.925574
1.820071
-0.909668
-1.894026
-2.169641
-2.361749
1.619217
-0.808579
-0.135124
-2.085502
0.375932
-1.443977
0.982383
0.681717
0.211845
-0.196936
-1.308016
2.255597
1.247159
-0.767170
-0.887726
1.529844
1.040953
-0.189969
0.874554
-0.015211
-0.332336
-0.299328
0.901525
1.154123
0.101413
-1.050449
-1.451526
0.103755
-1.604601
-1.341188
-1.613750
0.412971
0.052837
-0.139215
1.815630
2.058816
-2.324196
0.700796
1.358926
-0.804936
0.425465
-0.783753
1.848280
-1.036872
-0.184045
1.882209
-0.489902
0.360107
1.600021
-1.962774
-1.273186
-0.087684
0.206198
1.807292
-0.122713
0.756442
1.889474
-2.339784
0.141319
1.420460
-0.166963
1.259363
-1.014873
0.272678
1.506276
-1.895745
-0.909926
-1.533598
-0.493202
-0.011471
-0.586252
1.825206
0.385117
-0.705189
1.140388
0.566509
-0.297108
-1.138321
0.305673
2.008579
0.848627
-0.650992
0.631708
1.564812
1.759772
1.199369
-2.363449
-1.883262
-2.552044
0.544071
-2.098464
0.135976
0.633139
0.145417
1.837187
0.907599
-0.023985
-1.521630
-1.565650
-1.412324
0.700737
-0.539742
-2.113862
0.250241
-0.296779
1.739255
2.532021
-0.210295
1.393921
1.849279
-1.638092
-1.163501
-0.276238
-0.052733
-1.128107
-0.098820
-0.728195
0.658561
-2.605518
1.889328
-1.801093
-1.574389
-1.633123
-1.822668
-0.484394
0.697490
-2.068683
1.650949
1.279319
-2.153977
-0.754043
-1.944387
-0.632411
-0.938119
0.313016
-1.718289
0.991604
-1.079191
-1.776431
0.435289
-0.419320
-0.974986
-2.187456
0.927303
0.098576
0.881440
1.288001
-0.942793
-1.890697
1.701530
0.016121
2.006225
1.677449
-1.766941
0.040390
-0.664612
0.239237
-1.362716
-0.077013
0.568232
0.580933
1.191713
0.211333
1.959826
0.896595
-1.147151
-2.074656
1.692665
-0.490521
1.152846
-0.942628
-1.083419
1.450471
-1.996050
1.873198
-1.439115
0.322841
0.758654
1.261374
0.326700
-0.103550
1.574920
1.626383
-0.263653
-0.352081
1.541794
0.230825
-1.032015
0.472635
1.706129
-1.327386
-1.042312
1.646298
-1.607154
1.922323
1.775857
2.159919
0.458131
0.550494
-1.367323
-1.236969
-0.936323
-1.369183
-1.219585
1.004282
0.834495
-2.356309
-1.907815
0.927445
0.104418
-2.328994
1.830832
-1.056503
1.506543
1.047712
-1.514204
-1.948890
-1.702288
-0.771275
1.373672
0.792696
-0.384792
2.294557
1.745776
-0.624224
-2.184140
-0.875510
-0.687413
-0.684039
-0.195431
-1.065112
-0.542578
-2.188957
1.057794
0.429829
-0.482707
1.730930
-0.392805
1.826285
1.403886
-0.203552
1.792011
1.470391
1.315531
-1.590582
0.497283
-0.195019
-1.317924
1.961825
-1.668469
1.129088
-0.945590
1.408874
-1.419339
-0.886288
-1.457969
0.675069
-0.472495
-1.358853
-0.243043
-1.045199
-1.051474
1.537255
-0.006996
-1.103888
1.644432
-1.259965
2.056903
-1.167724
-1.323629
-0.881539
-1.396819
-0.573094
0.977863
-2.523950
-0.055128
-0.346864
-1.776418
0.051224
0.081898
0.659517
1.815822
0.904253
1.776741
-2.114522
-0.277702
0.002926
0.427092
-0.840055
0.421047
0.997106
-0.168699
-1.180590
-0.571372
1.445385
-2.195359
1.916460
-0.897334
-0.319666
1.733583
-0.589579
1.728030
-0.633606
2.074538
0.460082
1.762448
0.487843
1.687082
1.626463
1.429363
2.088587
-0.755150
-0.238041
-1.024918
-1.575237
0.114766
-0.191533
-0.574892
0.815827
-0.721373
-0.984276
1.101378
-2.316474
1.899423
0.620410
2.604746
1.373414
0.397090
-0.085107
-1.469452
-0.587996
-0.873367
1.186237
1.379365
0.123814
0.414525
-0.649783
0.237594
-0.970371
-0.284182
1.981267
0.435167
2.366430
-0.501675
-1.158934
1.423643
0.373594
1.373927
0.267421
0.660910
-0.470617
-0.136175
1.144913
1.259412
-0.690229
-1.772379
-1.767326
-0.249713
1.134310
-1.615159
0.787844
1.424577
1.782878
-1.791792
1.296687
-1.939648
-1.044739
-2.592502
-0.090447
-0.829635
-1.991984
-0.854195
-0.381403
0.003405
-2.081919
-0.469143
0.996337
-0.886130
2.283756
1.573472
-0.494728
0.204054
1.929977
-1.886676
-0.591992
-0.437247
-1.951065
1.751425
-0.376686
-1.423529
1.466737
0.404785
-1.507151
-0.492770
-2.338884
0.874268
1.518032
-0.250856
-1.804094
0.769414
-1.351976
-0.401845
-0.753216
0.743707
-0.272356
0.663361
1.287054
0.630407
-1.873777
-1.001155
