1.319323
-2.337177
-2.142423
-1.246538
-0.306453
1.485795
0.274310
1.807447
-0.254894
-0.758401
1.939826
-2.382874
1.941013
1.088002
-0.023748
3.017055
-0.027789
-2.306930
-0.790911
-0.430236
0.834974
1.041642
-0.664280
-0.320478
2.125772
-0.631479
1.311601
-0.082029
2.343960
1.543680
2.403982
1.267944
-1.130714
-1.054001
1.164427
-2.170086
-0.028109
-1.303429
0.286217
-0.692842
1.856013
0.674088
0.387020
-1.996864
1.357184
-2.017530
1.925054
-1.702875
1.989452
-0.903305
2.025117
-0.198846
0.124101
1.901693
1.975168
0.646731
-0.197754
1.607117
1.292264
-0.331701
2.234231
-2.418444
-1.401456
0.682132
-1.286083
1.668033
1.738907
2.145121
-2.100870
1.213055
0.030425
2.543410
-2.217153
1.672265
-1.089531
2.155162
2.027097
-0.557625
2.020498
1.351871
-0.723051
1.685222
0.444787
-0.140408
-0.440999
1.588883
0.509663
-0.185374
2.199374
1.425045
-1.390616
-0.374236
0.949873
2.128847
1.941592
1.571148
-1.756503
2.316880
2.223695
1.858392
0.589614
-1.765219
1.464163
1.900263
-0.940059
1.196730
0.182100
-0.490594
-1.635105
-1.173482
-2.377064
-1.438193
1.652456
1.509413
1.347567
-1.833568
0.287098
1.233391
-2.275795
-1.763091
-1.490993
2.887269
2.122684
-0.721117
0.805311
2.205170
0.915111
-0.240081
0.550413
-2.294761
1.326115
0.799908
1.388766
-1.542322
1.115801
-1.910057
-1.375343
1.552188
-1.168636
0.438808
0.261144
-0.053668
0.523288
2.588013
1.821109
2.068579
0.102315
2.381289
0.761382
1.583344
1.586269
0.295241
-0.552853
-0.229495
0.665457
0.724053
-0.698588
-0.364251
2.048484
-0.321222
-0.734776
1.734231
-0.283934
-1.908735
1.762030
-0.061491
-1.826340
-1.918431
2.253435
1.601677
1.348808
-1.640313
0.586789
-1.776260
-2.351351
1.090717
-1.173174
2.432457
2.177015
-0.005662
-0.074775
-1.144604
-1.439725
1.086735
-1.630914
-1.272895
-1.691933
-0.263529
1.277829
0.771311
-1.928705
0.826335
-2.378587
0.916872
-1.870480
-0.475410
-0.134507
-0.283612
2.327148
-0.395446
0.330511
1.745090
0.296603
0.449800
-1.998532
2.346853
0.662611
0.911543
1.107118
-1.589737
1.777366
1.111838
-2.064198
0.618679
-2.239108
-0.322688
-0.904160
1.396262
0.862597
-2.035699
0.273918
-1.779263
-2.115214
1.787482
-1.520131
0.351850
-2.160520
0.614620
-1.644756
-1.557284
-0.785470
0.195094
-1.524281
-0.480302
0.204328
-1.929045
-2.325640
-1.371890
0.011090
-2.131369
-0.650894
-0.193851
0.269951
1.014584
0.700260
0.328564
-1.120672
-1.866083
0.840551
0.764643
-2.173225
-1.800623
-0.063618
1.031706
0.015498
-1.355406
-1.471134
2.354553
2.106707
-0.491639
0.102021
-1.516785
-0.499489
-0.509138
-0.284214
-1.799715
0.306500
-1.189028
-0.191556
1.806279
0.783157
2.161107
-0.731383
0.606745
0.305323
1.215766
0.640080
0.278186
-2.090147
0.067457
0.219783
-0.605821
1.389692
0.913792
-0.821434
-0.983079
-1.760513
-2.408178
-2.250072
2.091654
0.922439
-0.898386
0.519940
-1.927554
0.386012
-2.035776
0.407887
0.348975
-0.581887
-2.204998
-2.120938
0.424801
0.381243
2.301200
1.853828
-1.781558
-1.775801
1.941912
-0.567929
1.248017
1.471671
-0.534747
-1.881641
0.695849
2.114688
1.368887
-1.899562
1.992126
2.451126
0.013504
-0.775587
1.512341
-1.320084
2.185476
-2.451224
0.718971
0.098247
-0.549272
-1.809269
0.251240
-1.266472
0.951462
-2.150878
1.543586
-2.103377
2.344663
1.701828
0.282333
-1.006840
-0.991640
0.199873
2.125278
1.196768
1.417050
2.099929
-0.094473
-2.448796
-0.473149
1.162822
1.913800
0.388132
-0.785171
-2.021850
0.043033
-1.672903
-1.037051
-1.943957
0.083823
1.408003
2.227517
0.080939
-1.600678
2.698579
1.353310
2.975637
-1.759356
2.928598
-2.040862
0.129963
2.084507
0.596695
0.910290
0.862526
-1.094139
-1.026031
-0.314050
0.949555
2.532956
-1.999036
-2.037962
2.577491
-2.493006
-0.417676
-2.109161
-0.398592
-2.078598
1.220117
0.244887
-1.986360
-0.784830
-0.261347
1.128948
0.073019
0.785128
-0.228003
-0.419522
1.189250
2.640461
-0.946823
1.955929
1.632557
-0.222997
0.662516
2.420266
-1.084173
-1.588475
0.862683
-0.430724
-1.489334
-2.089500
-0.879430
1.959961
-0.976429
2.520110
1.043146
-1.562324
0.360627
-2.000102
2.456534
-1.956927
1.813156
2.180593
-0.729117
0.762882
1.498655
-2.347600
2.174050
-1.000181
0.392967
-0.212515
-0.477909
1.139799
-1.502850
-0.477414
1.327843
0.111337
-0.118389
-0.066961
-1.341614
2.804790
-2.040995
1.750943
-0.802714
0.498121
1.186964
1.202924
-1.944179
1.642419
1.922962
-2.169918
2.858773
0.576414
-1.996886
2.036311
-2.178806
1.102845
-0.121728
1.167096
1.663393
-2.265967
1.542724
1.186021
0.021989
1.749615
0.517122
-1.130676
1.729181
0.420040
0.418439
2.338868
-2.460255
-1.337930
0.940437
1.333782
2.988208
-1.002942
-2.544788
0.714668
-1.744137
-2.444577
1.113770
2.199653
-1.814408
-1.650206
0.335429
-1.840728
-0.688635
-1.869119
-2.030073
1.140396
-1.151022
-0.495679
1.142797
-0.048378
1.392800
0.561916
-0.301971
-1.157678
0.424353
-1.033250
2.081852
2.476629
-2.063938
-2.179941
2.067101
0.847352
-1.846798
-1.978286
0.879027
1.156459
-1.301074
-2.233944
-0.285040
-1.811987
-1.815962
-1.708821
-1.516703
-1.162870
-1.520912
-0.039176
2.341617
0.952125
0.920629
-0.611430
-2.045529
1.990004
1.861937
0.542984
-0.091220
2.767049
1.769331
-1.900199
2.386048
1.745733
0.635146
0.858004
1.113999
-0.662777
-2.392557
1.156174
2.234238
1.073323
0.914389
-1.402925
-0.737025
1.161340
1.395346
1.236663
-1.581054
-1.797705
2.543525
0.128434
-0.824546
-1.687436
0.928389
0.911793
0.279896
-0.190201
-1.983876
0.842515
0.526526
1.961834
0.293011
-0.194570
1.852525
-0.366147
1.242470
2.879123
-1.493703
-0.466653
-1.368597
1.088359
0.407335
-1.775438
1.479815
2.256777
-1.237839
-0.930987
-0.620222
-2.277398
-1.561124
0.122896
2.609087
2.068486
0.398230
-2.126676
2.470679
-2.179049
-1.813412
-0.809500
-0.938087
2.386487
-1.618079
0.965025
1.071365
1.508087
1.555345
1.987330
-0.291004
1.649883
2.171504
-1.687136
0.125335
1.840184
-1.952661
2.414520
0.144060
2.392220
1.194995
-1.205414
-2.011845
-0.447434
1.327400
-1.113936
-1.423481
2.839275
-2.487210
0.807353
0.611734
2.475736
0.257986
-0.811821
-0.491767
-1.543969
-2.191318
1.997791
-0.476498
1.085708
2.307345
-0.108067
-2.387605
-1.538023
-0.238146
-1.713296
0.666388
1.859836
0.154224
2.247765
2.870242
-0.262214
1.621496
-0.087266
0.922948
-1.571719
0.223632
0.671615
2.646535
0.627470
-0.756761
-0.216777
0.754561
-1.876321
0.133542
-0.311752
-2.138668
-0.449235
-0.446615
-1.219707
-0.800730
-1.798974
1.437645
-0.509684
-2.051314
0.199296
-1.915904
2.034726
-2.394869
-2.136064
-1.020511
1.748936
-1.171884
-0.569896
0.355040
0.038130
0.520459
2.043833
-0.729297
-1.875242
-0.593244
1.217407
1.857084
0.428019
1.042885
0.722510
0.533160
1.808661
2.070081
1.712819
-2.127647
-2.487424
