0.611013
-1.550502
1.342301
0.532918
0.119463
1.513448
1.555115
-1.078457
0.655161
0.921978
0.327194
0.944481
0.362095
-1.032023
0.835095
1.586415
0.374815
1.452263
1.520019
0.118842
-1.518247
2.163850
1.240389
0.253627
-0.000769
1.616309
-1.936226
0.546576
0.053623
0.286346
-0.102638
1.172762
0.211793
1.712398
-1.048810
-2.297806
2.528939
0.599706
-2.312057
-1.539004
-1.588471
-1.821871
-0.681143
0.348255
0.316563
0.857376
0.113914
-0.657375
0.054370
-0.326617
-1.052090
1.298126
-0.238785
1.965608
-2.346797
0.650182
0.633288
0.109363
1.919146
-1.283947
1.235895
-1.274114
-0.082815
1.308132
0.071562
0.896987
0.885716
1.200929
2.255503
0.508487
1.773487
2.063674
2.327286
2.840457
-0.951446
-1.643120
-1.341363
0.945247
-1.553156
-0.203713
2.739630
0.317751
-0.324078
-0.038074
0.987050
1.119801
-1.604935
-0.904080
-2.234563
0.300218
1.742094
0.658916
0.024749
0.921597
1.547641
-1.224744
-0.176319
0.338716
1.553881
0.448457
1.595200
1.843360
1.985587
-2.143896
-0.229427
0.549610
-0.911323
-2.079861
-2.245948
0.704825
-1.569255
-2.449789
-1.996138
1.526802
-0.149948
-2.499670
-1.125117
1.322881
2.122603
-1.862791
0.533095
1.737814
2.536887
-1.371579
-1.795603
0.553710
-0.014897
-1.818148
1.710509
1.731078
-1.627204
0.393776
1.241768
-1.041916
-1.000781
0.175187
0.218079
-0.277504
-0.371141
0.830082
0.388137
0.484306
0.837576
2.275815
1.822000
-1.857565
-1.962404
1.337075
-0.061409
0.331570
0.015957
2.175965
-0.424391
-0.913391
-1.833049
-0.060376
-2.181250
0.605202
-1.558986
0.648169
-0.273643
1.065312
-2.205204
0.894834
0.114316
1.993065
0.501255
-1.015821
0.147146
-0.520205
0.444808
0.717568
1.307924
2.774847
-2.169991
0.978580
-0.284901
0.021169
0.359081
1.067693
1.029268
1.349816
0.055268
-2.747604
-0.970126
1.780037
0.350631
-1.037806
-2.307066
1.766941
-0.484596
-0.556088
2.432785
2.273246
1.014651
-1.290420
-0.333463
-1.129516
1.874808
0.316498
0.878257
-0.897983
0.308389
0.997163
-0.236862
-0.411796
-0.369893
-1.460869
-1.999757
1.043653
0.120421
-0.160914
0.013911
2.438165
1.195800
1.339819
0.853463
1.269778
0.738704
-2.271663
1.868495
0.090455
-2.014584
1.066175
0.674921
0.906647
0.158780
-0.379351
1.335712
0.575426
0.050644
0.398344
2.328540
-0.668147
-0.553370
-2.081243
1.131598
-1.863641
0.568118
0.240305
-0.533777
0.171323
-0.798507
2.231523
0.206406
1.953468
-1.990663
0.660974
0.286331
-2.055868
0.195910
-2.111661
2.652182
1.188525
1.565790
1.836546
-0.151726
-0.040760
-0.213547
-1.575629
-0.255671
2.162775
-0.956051
1.731030
0.474064
1.026061
2.071926
-1.043515
2.679723
2.271652
2.336955
2.573875
2.562520
-0.669690
1.653430
-1.848824
-1.993336
-0.518776
1.923961
0.762942
2.055727
-0.974905
0.615883
2.165480
0.294839
0.970844
0.607794
-0.111534
2.031169
0.974518
0.148278
-0.285526
-0.127906
-1.605948
1.211983
-0.921973
-0.405923
0.886611
1.100603
-0.108801
1.260837
0.938223
1.858270
1.776415
-0.758532
-1.127709
0.627781
-0.485452
-0.338407
1.342663
-1.036213
1.350033
-1.519448
-0.390031
-1.849910
-0.264256
-1.010221
-0.992951
-0.105325
0.868160
1.612355
0.124788
-2.461714
-1.552391
-1.555783
-0.175408
1.016707
-1.221133
1.257764
-1.840228
0.403766
-0.840449
-1.152276
2.090746
0.092451
1.124537
1.691004
1.498019
1.779010
1.014702
0.869755
-0.343423
-1.169922
2.089619
0.013137
-0.292876
-2.218969
-1.466885
-2.269523
-2.190174
-0.375458
0.056916
1.269568
1.153912
-2.050666
0.965976
-0.759815
1.081786
-0.007336
-0.968177
0.902144
0.821610
0.570539
2.172827
1.190989
2.407657
0.905852
-2.009911
0.930602
-0.170895
-0.631760
0.825139
1.116149
0.363342
1.177801
0.799752
0.088492
1.646019
1.388824
0.484157
1.147694
2.042228
0.490339
-2.349334
-0.055971
1.954665
0.024229
1.380999
1.806018
0.624399
0.705769
0.669497
1.584340
0.622086
1.207773
-1.603594
-0.472455
1.646446
2.362286
-2.069874
0.069583
-0.533647
-0.125626
0.383568
-1.283612
0.876479
-0.103208
-2.111010
2.098418
1.841276
1.887354
1.241962
-0.114028
-1.372600
1.455701
-0.686079
2.637317
0.511547
2.128099
1.147021
1.565599
1.759576
1.196092
1.639613
1.184594
-1.048974
0.852193
2.250806
-1.097800
-0.430082
-1.658917
-0.498798
1.552770
1.208572
0.094168
3.941238
2.077191
-1.852754
-1.234816
0.118664
-2.115343
-1.377873
0.975911
2.120030
0.167813
-1.273176
-0.179286
0.239713
-0.068806
1.036871
0.451906
1.625993
0.440616
2.394264
-0.799723
-0.620257
0.923820
-0.246563
1.988939
2.119064
-1.303220
0.756789
2.502322
2.370772
-0.939215
-0.724462
0.303114
0.338971
2.012912
-0.717199
0.239755
2.067371
0.282286
1.134631
-1.306503
-1.359620
-2.085979
-2.413250
0.200462
-2.474367
-1.185947
1.896479
-0.161697
-0.464973
1.800533
0.084148
0.850614
0.399542
1.065787
1.172522
1.421800
0.730697
2.079493
0.481861
0.939703
1.560535
-0.372847
-0.596281
1.881424
0.794622
-2.271839
0.749111
2.624452
0.405386
-2.268214
1.892107
-1.441451
-0.417979
2.806567
-1.374724
0.424420
2.087861
2.465687
2.033337
2.150680
1.380398
-0.736961
-2.089038
1.889583
0.772134
-2.335579
1.608287
-0.870239
2.440340
1.337049
2.016499
-2.232599
1.485274
-0.175434
1.979428
-0.169755
0.580896
0.743838
1.045635
0.253736
1.476135
-0.448776
-1.629400
1.972810
1.015975
1.575478
-0.849974
-0.201823
1.737326
1.977063
0.571245
0.580773
0.848183
0.060063
0.314681
0.233862
0.804488
-1.847688
-0.452729
0.288062
0.646921
1.592129
1.189964
-1.597763
-0.825037
1.830901
2.026596
0.391683
0.355972
-1.466137
0.629390
-1.867962
0.396899
1.526247
0.628510
0.081744
-2.134021
1.562429
-2.321968
1.821654
-1.109959
-0.695074
-0.561672
1.918117
-0.662629
0.491469
0.768043
2.031169
-0.148425
-0.109600
2.395752
-1.710761
-0.644581
-0.013204
0.692499
1.757853
0.548580
0.113507
0.424108
-1.086115
0.282567
2.061077
-1.025364
1.027756
2.108805
2.403206
1.044191
0.346280
-2.440994
1.688773
-1.892248
0.264538
-0.589189
0.805719
0.920586
-2.378856
-1.953337
-0.761006
0.736198
2.521224
-2.529094
0.347449
-2.207941
1.561726
1.797488
1.440014
2.109896
-2.058534
2.637056
1.108861
2.203303
-0.990234
-1.006124
-0.546911
2.050042
1.622678
-2.224859
-1.975651
1.049228
0.938539
-0.474558
0.761644
0.330450
1.187657
-0.396629
1.362054
0.442999
0.120156
0.796825
-2.031783
2.293753
-0.735164
-0.738815
1.069724
0.990091
0.143711
-1.643276
-2.133723
-2.366109
2.448854
1.225647
0.909728
1.234982
-1.365409
0.812468
2.383662
-0.253991
0.149857
-0.746497
-0.491408
0.652376
0.772263
0.056749
-1.391715
0.856812
0.108626
2.148545
0.639845
-1.178546
0.189113
1.832219
0.756237
0.279881
-0.826498
0.799660
0.244238
-2.091460
-1.800962
-0.877315
0.191816
-1.819575
0.553375
0.827800
1.804448
1.799457
