0.394791
-1.997424
0.610726
-0.507099
-1.471128
-0.418224
2.498092
1.152572
-1.279340
-1.892547
-0.862170
-1.797595
-2.746802
0.463648
0.785398
-2.265535
3.141593
0.844154
-1.004067
-1.249046
0.000000
-1.487655
-3.030935
0.982794
-1.642104
2.498092
-2.677945
1.152572
-0.124355
-2.214297
1.695151
-0.620249
-2.714965
2.843094
-1.352127
-2.432966
0.718830
-2.746802
2.455863
-2.677945
2.553590
-1.989021
-3.070285
1.012197
-1.227772
-2.356194
1.487655
-0.076772
-1.446441
0.463648
0.620249
-1.217806
2.896614
1.989021
1.212026
0.896055
-2.677945
-2.961739
1.063698
-2.214297
2.480549
-0.321751
1.975688
-1.107149
2.944197
0.588003
-0.321751
-0.566729
1.570796
1.750650
-1.249046
1.642104
1.460139
2.782822
0.708626
-0.960070
2.003204
-0.540420
-2.432966
0.358771
1.428899
-0.463648
2.613518
-1.004067
-0.076772
2.961739
-0.499347
2.356194
2.356194
-2.098871
2.316216
0.432408
-1.051650
0.950547
1.428899
-0.463648
-0.982794
2.137526
1.815775
-0.141897
-1.919567
0.540420
-2.746802
-0.321751
2.356194
0.862170
2.601173
2.709185
-2.582993
1.570796
0.000000
-0.927295
-0.896055
2.034444
-1.438245
2.214297
-1.165905
0.404892
0.404892
0.348771
-0.165149
0.643501
1.249046
-1.989021
-2.601173
-3.041924
-0.439843
2.782822
1.390943
-1.279340
-0.244979
0.785398
2.102520
-2.265535
-0.071307
1.292497
-1.647568
2.729182
2.279423
2.446854
2.736701
1.487655
-2.181522
-1.292497
-1.873681
0.071307
0.226799
2.279423
1.390943
1.965587
0.732815
-2.498092
-0.244979
1.107149
1.373401
-2.034444
2.819842
2.303611
2.922924
-0.960070
0.837981
-1.983207
-0.927295
-2.446854
-2.819842
0.785398
-2.455863
1.487655
-2.642246
2.176341
3.141593
1.989021
-0.226799
-1.076855
-0.321751
3.141593
-1.570796
-2.634494
1.222025
1.712693
-0.418224
1.373401
-2.485897
-2.961739
1.460139
-2.944197
1.138389
1.222025
-2.214297
2.677945
-0.694738
-0.124355
-1.570796
-0.896055
2.896614
-1.004067
-1.249046
1.480136
2.782822
-1.304544
0.090660
-2.111216
0.000000
-0.674741
1.107149
-0.540420
1.249046
-1.937970
2.129396
-1.929567
-0.982794
1.862253
0.950547
-0.278300
2.432966
2.582993
0.380506
-3.064821
-2.480549
-2.111216
2.553590
2.498092
1.165905
1.929567
-1.460139
1.212026
-1.837048
2.723368
2.089942
2.875341
-0.244979
0.321751
-2.034444
-2.303611
1.642104
-0.566729
1.735945
2.034444
-2.356194
-2.034444
-0.885067
0.463648
2.582993
-0.540420
-0.610726
-0.588003
1.446441
2.199593
0.244979
-1.862253
2.070143
1.487655
1.480136
2.677945
3.141593
1.107149
-1.487655
2.181522
-1.919567
1.446441
-2.003204
-0.868539
-1.176005
-1.012197
0.620249
-0.927295
0.785398
1.919567
0.950547
-0.244979
-0.099669
2.289626
0.090660
1.107149
-1.390943
-2.838708
0.358771
1.428899
2.034444
2.129396
-2.408778
0.278300
-0.231091
1.681454
1.030377
0.950547
-1.418147
-1.570796
-1.325818
2.356194
0.785398
3.064821
-1.892547
0.197396
0.426627
-2.034444
-2.677945
2.613518
-1.681454
2.034444
2.930499
2.944197
0.828849
-2.422763
-1.227772
0.507099
1.012197
-0.718830
1.063698
1.030377
0.942000
-1.190290
-1.190290
-1.107149
-2.498092
3.141593
1.815775
-1.647568
-2.910502
3.041924
-1.299849
-3.017238
3.141593
-0.090660
0.785398
-2.714965
2.782822
-1.304544
-2.677945
1.997424
1.165905
-0.358771
-1.695151
-2.403778
1.570796
-1.570796
-2.999696
2.289626
-0.732815
-2.422763
-0.418224
-2.199593
2.922924
-1.249046
-2.303611
1.919567
0.298499
0.785398
-1.892547
0.463648
2.613518
-2.875341
-0.837981
2.922924
-2.070143
-1.144169
-0.099669
0.000000
-0.909753
-2.988943
-1.570796
2.761086
-1.212026
-2.098871
-2.245537
-1.647568
2.446854
0.876058
2.601173
-1.642104
1.997424
-0.588003
-1.487655
-1.249046
-2.642246
-1.487655
2.480549
0.982794
1.570796
1.249046
1.515298
0.047583
2.034444
-0.661043
-0.463648
3.050933
3.041924
-0.708626
-2.308611
-2.455863
1.152572
0.896055
2.647651
-1.144169
0.463648
-0.226799
0.499347
-1.712693
2.356194
-3.075024
1.570796
1.107149
0.708626
1.670465
2.782822
-1.446441
1.352127
-2.199593
-1.647568
1.712693
2.761086
1.723446
2.574863
2.601173
-1.292497
1.343997
-1.373401
0.321751
1.637364
-1.428899
-0.380506
3.141593
2.455863
-1.892547
0.950547
-1.570796
-2.289626
0.380506
1.249046
-2.677945
-0.426627
2.677945
-3.064821
1.152572
1.570796
2.455863
1.212026
1.107149
-0.418224
2.083186
-1.134169
-1.815775
-1.279340
-2.782822
-2.034444
0.463648
2.089942
-2.714965
-0.610726
-1.637364
3.141593
0.076772
-2.677945
1.862253
-2.642246
0.499347
-1.249046
-1.373401
-1.892547
-1.165905
-0.083141
-1.913820
-2.480549
-0.090660
2.875341
-1.892547
2.214297
-3.030935
-1.292497
-2.999696
0.404892
0.321751
-2.455863
0.927295
-2.677945
-2.819842
-2.777614
1.989021
-1.292497
0.785398
1.051650
0.141897
0.785398
1.063698
-1.892547
-1.703348
1.975688
1.494024
-1.989021
-0.732815
2.356194
-2.875341
1.012197
-2.289626
-1.892547
0.628796
1.570796
1.325818
0.418224
-2.231839
-1.390943
-1.310194
-2.896614
-2.677945
2.736701
2.137526
0.124355
0.708626
0.000000
2.642246
0.718830
2.422763
1.815775
-1.712693
-1.325818
2.850136
-2.530867
2.850136
2.944197
-2.191046
2.843094
-2.356194
-2.761086
-1.869295
0.896055
-1.325818
-0.785398
0.982794
-2.761086
0.708626
-1.789465
0.708626
3.141593
0.844154
0.321751
1.165905
1.071450
-0.124355
1.107149
2.111216
0.837981
0.218669
-2.677945
2.356194
0.404892
-2.498092
0.394791
3.050933
0.785398
1.304544
0.000000
1.647568
-0.519146
-1.919567
2.356194
2.199593
-0.665969
1.723446
0.982794
-0.785398
-1.494024
-2.553590
-1.390943
-2.634494
2.245537
-0.463648
1.837048
-1.428899
0.588003
-0.876058
-1.735945
2.245537
1.325818
-0.124355
-1.975688
2.034444
-2.922924
0.358771
2.521343
-2.312744
0.000000
-2.414950
0.380506
-2.961739
-1.460139
-2.896614
1.051650
-2.480549
-2.647651
-2.077895
-2.944197
0.588003
2.089942
0.404892
1.418147
-0.718830
0.000000
0.218669
-1.480136
0.358771
-1.190290
-2.034444
2.356194
2.956245
-1.460139
3.141593
-2.070143
-1.438245
-0.394791
0.321751
3.064821
3.141593
-2.356194
-2.403778
-0.674741
-0.661043
2.875341
0.982794
0.418224
-0.844154
-2.819842
1.735945
3.141593
2.914794
2.999696
-2.446854
1.494024
-1.919567
1.071450
-1.152572
2.914794
2.356194
1.212026
-2.589938
3.050933
1.570796
1.222025
-0.507099
-1.642104
1.212026
-1.570796
-1.989021
-2.642246
1.279340
-1.919567
1.661456
0.558599
1.975688
-0.528074
-0.110657
2.070143
0.278300
2.098871
1.862253
1.570796
-0.124355
-1.862253
0.785398
3.064821
-2.466852
-3.050933
-0.785398
-2.896614
0.876058
0.124355
-0.291457
1.750650
-2.850136
-0.418224
0.418224
-2.356194
-1.165905
1.107149
2.736701
2.303611
-1.438245
-0.991722
-0.661043
1.781890
-1.750650
0.785398
-0.321751
2.999696
-1.359703
-0.694738
-1.227772
-1.781890
-2.089942
1.570796
1.063698
