-1.687905
2.944197
2.567288
1.352127
0.551655
-1.727398
-3.086094
-2.316216
0.432408
1.012197
-2.245537
2.819842
-2.319174
-1.264917
0.049958
2.999696
0.055499
2.181522
1.212026
-2.896614
-0.862170
-1.130954
0.896055
0.566729
-2.485897
0.885067
-1.727398
-2.966920
-2.843094
-1.849096
-3.024484
-1.527345
1.494024
1.352127
-1.325818
2.539305
-0.099669
1.520838
-0.321751
0.982794
-2.137526
-0.682317
-0.463648
2.399645
-1.681454
2.709185
-2.321725
2.077895
-2.498092
1.267911
-2.323948
0.339293
-0.197396
-2.226492
-2.273053
-0.588003
0.418224
-1.856848
-1.620755
2.988943
-2.704965
2.870646
1.629552
-0.737815
1.512041
-2.119346
-2.077895
-2.536048
2.485897
-1.494024
0.099669
-2.910502
2.651635
-1.923787
1.190290
-2.553590
-2.356194
0.862170
-2.273053
-1.687905
0.982794
-2.098871
2.984991
0.231091
0.540420
-1.983207
-0.321751
0.426627
-2.582993
-1.841743
1.831399
0.519146
-0.862170
-2.459276
-2.226492
-1.815775
2.158799
-2.802300
-2.601173
-2.111216
-0.748378
2.119346
-1.965587
-2.289626
1.030377
-1.396124
-0.218669
0.741947
2.122451
1.418147
2.922924
1.797595
-2.010639
-1.856848
-1.695151
2.181522
-0.244979
-1.359703
2.677945
2.173084
1.831399
-3.091634
-2.356194
0.915101
-1.570796
-2.657115
-1.012197
0.141897
-0.548549
2.743070
-1.616220
-1.134169
-1.727398
1.892547
-1.203622
2.356194
1.647568
-1.919567
1.272297
-0.486899
-3.091634
-0.062419
-0.588003
3.141593
-2.142134
-2.622447
-0.055499
-2.835714
-0.927295
-1.941688
-1.910089
-0.231091
0.694738
0.412410
-0.702257
-0.785398
0.708626
0.602287
-2.485897
0.493941
1.107149
-2.196281
0.165149
2.284887
-2.223643
0.099669
2.226492
2.214297
-2.701750
-2.122451
-1.745469
1.873681
-0.628796
1.983207
2.819842
-1.231504
1.570796
-2.910502
-2.616797
0.000000
0.218669
1.165905
1.675673
-1.363300
1.849096
1.428899
1.910089
0.512389
-1.570796
-0.917950
2.308611
-0.935770
2.736701
-1.058407
2.158799
0.785398
0.321751
0.390607
-2.729182
0.404892
-0.507099
-2.245537
-0.286051
3.082837
2.289626
-2.704965
-0.708626
-0.968509
-1.199905
2.356194
-2.173084
-1.385448
2.565217
-0.750929
2.729182
0.436627
1.058407
-1.446441
-1.071450
2.452668
-0.278300
1.975688
2.498092
-1.961403
1.951303
-0.244979
2.553590
2.956245
2.034444
2.034444
0.965252
0.000000
1.750650
0.588003
-0.218669
2.356194
2.455863
1.735945
-3.064821
2.356194
0.968509
0.257324
-0.260602
-1.107149
-0.531724
-0.540420
1.249046
2.214297
-0.965252
-0.982794
2.582993
2.077895
0.174672
-1.130954
0.156602
1.629552
2.057696
-2.601173
-2.553590
0.718830
-0.049958
1.778293
0.732815
0.708626
0.531724
2.064738
-3.024484
1.512041
0.197396
-2.077895
-0.785398
-2.622447
0.909753
-0.605545
-0.132552
-1.570796
-0.718830
-0.298499
2.536048
-0.071307
-3.075024
0.862170
-1.570796
-1.076855
1.227772
0.927295
2.256526
2.788602
2.736701
-2.432966
-0.968509
0.909753
3.011890
2.284887
-0.390607
2.553590
3.079174
-0.343024
0.965252
2.654693
2.677945
-0.372988
-0.278300
-2.782822
-2.173084
2.102520
2.129396
-2.236766
0.708626
-1.428899
-1.869295
0.714091
2.158799
-0.748378
-2.466852
-1.849096
2.223643
-2.279423
-2.984991
0.090660
1.058407
-1.815775
1.570796
-2.736701
2.927532
-0.682317
-0.244979
1.012197
2.129396
-3.017238
1.570796
-0.982794
2.704965
-1.781890
2.512796
-2.835714
-1.941688
3.141593
1.284745
1.272297
-0.270947
-2.475623
-1.471128
-1.892547
-2.297439
0.117109
2.880990
0.665969
-1.405648
-2.214297
-0.439843
1.249046
2.432966
0.000000
2.010639
1.396124
2.316216
-3.024484
-1.623379
-2.553590
0.000000
1.849096
-3.079174
-1.570796
3.030935
2.173084
3.054854
2.521343
-0.058756
-2.526930
-0.682317
-1.039072
-0.862170
1.405648
1.063698
0.486899
-1.165905
-2.934096
2.508844
2.321725
-3.030935
2.910502
0.665969
2.629203
0.708626
2.432966
-1.418147
-0.185348
2.399645
1.212026
0.321751
-1.284745
0.185348
-0.970746
0.486899
0.702257
-1.325818
-2.922924
1.292497
-2.265535
-2.010639
0.558599
-0.881872
-2.966920
1.396124
1.983207
-1.058407
0.741947
1.712693
2.508844
1.180189
-2.284887
1.284745
-3.041924
-1.042722
1.941688
-3.089010
2.399645
3.141593
2.403778
-2.273053
-2.536048
0.938047
-0.750929
-1.815775
2.843094
-2.553590
1.190290
-0.270947
0.370891
0.548549
-1.428899
1.768192
0.655696
-1.484058
-0.104877
0.104877
0.278300
1.719686
3.091634
2.432966
-2.102520
1.313473
-1.030377
-1.180189
-1.325818
2.245537
-2.003204
-2.226492
2.553590
3.086094
-0.610726
2.393215
-2.399645
2.798569
-1.428899
0.185348
-1.382575
-1.913820
2.677945
-2.034444
-1.190290
0.066568
-2.083186
-0.825377
1.837048
-1.929567
2.956245
-0.422854
-2.833540
2.922924
1.642104
-1.012197
-1.570796
3.024484
1.681454
2.819842
-0.748378
2.191046
2.918116
-1.313473
-2.498092
2.393215
1.937970
-0.685730
2.245537
0.732815
2.284887
2.399645
-1.279340
1.465919
0.888480
-1.396124
0.110657
-1.629552
-0.540420
0.412410
1.642104
2.896614
1.180189
-2.122451
-2.896614
2.508844
2.677945
-2.622447
-0.927295
2.273053
2.245537
-1.012197
-1.190290
1.515298
2.616797
0.463648
2.003204
2.214297
1.961403
1.837048
1.325818
1.815775
0.099669
-2.701750
-1.134169
-0.965252
0.904827
2.634494
-2.356194
-2.253113
-0.563316
0.058756
-2.934096
-1.831399
2.316216
-2.850136
-1.951303
-0.708626
-0.968509
-1.414194
0.868539
2.875341
-1.570796
-2.677945
-1.570796
-1.165905
1.620755
0.999459
-1.284745
-1.681454
-1.518213
2.034444
1.975688
-2.934096
0.000000
1.267911
1.892547
-0.999459
-1.051650
-0.278300
0.071307
2.265535
-0.950547
3.089010
-2.422763
2.736701
0.432408
-2.256526
0.674741
-1.626295
3.041924
1.841743
0.682317
1.873681
-1.199905
3.141593
2.122451
-1.849096
-2.976444
1.815775
0.927295
0.785398
2.761086
1.997424
-0.052583
-2.896614
-2.488746
3.141593
2.601173
-2.704965
2.582993
2.057696
1.012197
1.176005
-2.701750
1.756144
-1.165905
-1.172274
-1.778293
-1.781890
-2.432966
0.298499
-2.191046
-2.593043
2.098871
-0.104877
-2.102520
2.289626
-2.875341
-0.156602
-2.819842
-1.363300
1.670465
2.553590
0.785398
-1.781890
1.460139
1.723446
3.141593
2.896614
-0.868539
-0.551655
-2.782822
-2.984991
1.325818
0.610726
1.910089
2.677945
-2.466852
0.685730
-1.249046
-2.736701
0.260602
2.880990
1.778293
0.231091
2.010639
-0.655696
-2.205823
-0.512389
-2.582993
-3.094010
0.370891
-2.034444
0.302885
-1.076855
1.961403
-0.339293
-0.655696
-3.017238
-0.574305
1.030377
0.418224
-0.819867
2.173084
-0.148890
0.486899
2.578276
0.558599
0.737815
1.471128
0.970746
2.173084
-1.570796
0.785398
2.488746
-0.156602
2.173084
-2.319174
2.966920
2.570255
1.373401
-1.951303
1.518213
0.828849
-0.352990
0.083141
-0.551655
-2.485897
1.130954
2.414950
0.927295
-1.570796
-2.403778
-0.540420
-1.217806
-0.785398
3.141593
-2.173084
-2.439336
-2.214297
2.819842
3.036716
