2.988943
-2.176341
-2.798569
0.071307
1.504228
0.211093
-0.737815
1.042722
-0.076772
0.489957
-2.191046
-0.358771
-2.064738
-0.605545
1.499489
2.574863
-2.761086
2.356194
2.782822
-1.797595
-1.107149
2.536048
1.570796
2.312744
-1.831399
-0.066568
1.042722
-1.961403
1.892547
-0.278300
3.017238
-2.064738
1.227772
0.588003
0.226799
2.498092
0.278300
2.750986
-0.785398
0.463648
-0.571337
1.768192
-0.260602
0.071307
2.089942
2.613518
-3.070285
-2.158799
-1.570796
-1.570796
-1.499489
-1.983207
-1.626295
0.832981
-2.976444
-2.910502
-1.570796
-1.453688
-1.841743
-0.124355
-2.622447
1.042722
-0.965252
0.463648
-1.570796
2.399645
-2.396173
1.712693
-2.439336
-1.633215
-2.838708
-0.828849
-0.343024
1.975688
0.141897
2.439336
0.260602
0.156602
0.266252
2.408778
-1.681454
2.944197
-0.694738
-1.873681
-0.218669
-0.211093
0.185348
2.158799
-2.356194
-1.138389
-2.098871
1.831399
-2.934096
0.685730
0.942000
0.321751
-0.551655
0.737815
-1.815775
-1.712693
2.356194
0.436627
2.003204
1.019141
0.380506
2.399645
-0.694738
3.082837
-1.768192
1.629552
0.732815
-2.729182
-1.570796
1.385448
-0.737815
-0.694738
-0.404892
1.138389
0.885067
-0.343024
1.768192
2.798569
2.677945
-1.272297
2.273053
-1.756144
-0.828849
-2.176341
1.310194
-3.070285
2.782822
-0.226799
0.463648
-1.019141
-0.066568
-2.782822
-2.761086
-2.896614
1.373401
-2.158799
-2.896614
-2.910502
1.735945
-2.570255
2.034444
-2.622447
-1.633215
0.837981
-3.070285
-1.190290
1.937970
-1.165905
0.066568
2.475623
-0.708626
-2.356194
-0.915101
1.508378
2.356194
2.226492
1.849096
1.134169
-0.982794
-1.735945
-2.613518
-0.141897
2.356194
-0.426627
-0.519146
-1.913820
1.304544
2.236766
-1.165905
2.622447
-1.983207
-0.566729
0.000000
0.785398
0.244979
-1.961403
1.004067
1.292497
-0.982794
-1.042722
2.060754
-0.942000
-1.781890
1.768192
1.138389
-2.536048
-1.951303
-0.674741
-0.837981
-1.768192
2.956245
-2.403778
0.785398
-2.782822
0.927295
-3.075024
-0.785398
2.403778
2.819842
-1.629552
-1.937970
1.107149
2.158799
0.124355
-1.801887
-2.312744
0.566729
-0.404892
0.674741
0.141897
-2.356194
1.633215
-2.399645
-1.756144
-0.551655
-0.231091
-1.675673
0.343024
-2.570255
2.999696
-1.512041
-2.312744
2.704965
1.019141
-0.950547
0.404892
-2.403778
-2.060754
1.849096
-1.107149
2.729182
-2.622447
-0.432408
-1.570796
-2.439336
0.000000
-2.802300
-0.141897
-1.004067
-2.214297
3.075024
-2.214297
-1.975688
0.868539
-0.321751
2.880990
1.292497
2.774419
-0.343024
-0.394791
-0.915101
1.756144
3.017238
-2.356194
-2.956245
-1.629552
-3.082837
-2.439336
-0.152649
0.566729
-2.485897
1.325818
-2.158799
-1.849096
2.122451
0.071307
1.768192
-2.034444
0.197396
-2.427502
-0.737815
2.677945
-1.983207
0.000000
1.951303
-0.519146
-2.589938
2.677945
1.267911
0.982794
2.863293
-0.785398
-0.493941
1.837048
3.017238
-0.062419
-0.343024
0.610726
-1.339706
0.321751
0.896055
1.019141
-2.098871
2.137526
1.212026
-2.677945
1.396124
0.741947
-2.176341
2.226492
-0.851966
0.090660
-0.197396
-1.504228
-0.132552
2.956245
-1.815775
-2.966920
0.226799
3.017238
-0.643501
-2.838708
3.070285
-1.373401
-1.629552
2.798569
0.197396
0.828849
-0.571337
-2.236766
3.141593
0.499347
-3.009041
1.499489
2.838708
1.428899
0.785398
2.199593
-0.732815
0.211093
3.082837
-3.030935
1.107149
1.642104
2.446854
0.741947
2.007423
0.674741
-0.745419
0.394791
-1.076855
-1.781890
-0.211093
0.260602
2.863293
-2.574863
-1.633215
-2.203545
-1.339706
-0.436627
0.685730
-0.837981
2.356194
1.418147
-2.704965
-2.226492
-1.203622
1.343997
-2.704965
-2.312744
-1.723446
1.310194
-1.781890
0.132552
-0.745419
-1.849096
-0.066568
-2.999696
-2.647651
0.694738
0.785398
-0.519146
-2.446854
-2.308611
-0.141897
-2.098871
2.214297
0.628796
-0.732815
2.914794
2.999696
-1.637364
1.343997
1.913820
1.712693
-2.863293
0.000000
-1.929567
3.075024
1.892547
-2.922924
2.265535
2.475623
3.075024
2.214297
-0.694738
2.064738
2.245537
2.137526
2.265535
-0.343024
0.141897
1.975688
-1.292497
-1.080839
2.819842
-2.863293
0.432408
1.138389
-0.083141
-2.850136
-0.083141
1.756144
1.913820
-1.438245
0.493941
-0.489957
-2.356194
0.049958
1.190290
-2.704965
1.203622
-2.142134
-0.152649
2.709185
-0.588003
-3.009041
2.399645
2.356194
2.536048
-0.062419
-0.278300
0.519146
-0.566729
1.892547
-2.312744
2.356194
1.570796
-1.203622
-2.142134
-1.460139
1.272297
1.428899
-3.024484
-2.761086
-2.060754
2.408778
-2.308611
-0.132552
0.643501
1.107149
1.134169
-1.687905
-2.070143
-0.404892
-0.551655
0.185348
-1.063698
-1.310194
-0.620249
0.298499
-0.643501
1.831399
0.124355
-2.356194
-2.399645
-0.785398
-2.704965
2.966920
0.380506
2.966920
-1.107149
2.137526
-2.256526
-2.896614
1.831399
-0.785398
1.629552
-1.030377
2.399645
-0.302885
1.138389
0.499347
3.141593
-0.785398
-3.075024
2.863293
0.132552
-2.677945
-2.570255
-1.831399
-0.904827
-2.536048
2.798569
0.999459
-0.785398
-2.064738
3.079174
-2.191046
-2.880990
-0.708626
-0.950547
-0.828849
1.272297
3.075024
1.873681
-0.058756
1.570796
-2.855541
1.815775
2.403778
-2.647651
2.782822
-2.677945
-0.404892
-1.004067
-0.463648
-0.904827
2.530867
-2.589938
-1.637364
0.132552
-2.930499
2.236766
-2.199593
-2.999696
1.203622
-0.132552
2.485897
1.637364
-0.708626
2.782822
-2.536048
-2.553590
-1.862253
-1.512041
-1.951303
0.226799
1.076855
1.661456
2.003204
2.485897
2.843094
1.703348
-2.485897
-1.929567
-0.404892
-2.273053
0.628796
1.438245
0.551655
2.214297
0.726642
-0.298499
-0.702257
-0.885067
1.438245
2.122451
-2.356194
-0.915101
-1.310194
2.064738
-0.605545
2.944197
-1.272297
1.508378
-1.359703
-1.325818
-1.325818
-0.785398
0.076772
-0.463648
2.613518
2.446854
0.489957
-2.498092
-2.782822
2.498092
-0.915101
-2.984991
-1.292497
-0.876058
-1.892547
2.303611
2.308611
2.838708
0.741947
-2.914794
0.071307
3.082837
0.718830
-1.781890
0.605545
-2.236766
2.999696
2.199593
0.412410
-2.536048
-1.849096
0.610726
-0.741947
-1.165905
0.927295
2.356194
3.141593
0.211093
1.144169
-0.960070
2.408778
-1.051650
-1.951303
-2.064738
-1.138389
-1.292497
1.227772
0.179853
0.628796
3.082837
-2.142134
1.325818
2.570255
-2.057696
2.226492
2.214297
0.628796
2.256526
2.158799
3.024484
-0.999459
-0.132552
-1.756144
1.418147
1.310194
0.463648
2.396173
0.141897
1.438245
-1.138389
-1.570796
-3.075024
-3.009041
1.892547
-2.896614
-1.030377
-1.929567
0.605545
2.316216
0.828849
-0.868539
-2.432966
-1.428899
0.718830
-2.999696
-0.694738
-1.310194
2.308611
1.975688
-0.519146
-1.781890
2.191046
1.359703
2.761086
-2.736701
0.062419
0.367174
1.042722
0.463648
0.674741
1.042722
-2.589938
-2.199593
-1.951303
0.071307
3.017238
-0.071307
0.463648
-1.499489
1.570796
-2.729182
1.446441
-3.075024
2.312744
0.588003
0.321751
2.677945
-1.841743
