-0.499347
1.905533
-1.363300
-1.910089
-0.890275
-1.869295
-1.527345
1.647568
1.606495
-0.927295
-3.017238
-1.076855
-0.266252
1.144169
-0.785398
-1.750650
-0.444419
-1.784857
-1.768192
0.000000
2.060754
-2.553590
-1.382575
-2.356194
-0.906750
-2.158799
2.872425
-1.176005
2.158799
-0.927295
0.278300
-1.292497
2.356194
-2.034444
1.359703
3.079174
-3.086094
-0.628796
2.880990
2.034444
1.919567
2.319174
0.620249
-1.460139
0.000000
-0.904827
0.076772
0.722979
0.132552
-2.918116
1.490966
-1.359703
0.179853
-2.627141
3.017238
-0.588003
-0.571337
-0.372988
-2.270689
1.703348
-1.249046
1.804540
0.463648
-1.610775
0.099669
-2.896614
-1.199905
-1.249046
-2.508844
-0.661043
-2.896614
-1.951303
-2.567288
-2.896614
1.231504
2.122451
1.913820
-1.310194
1.907471
-0.273009
-2.753274
2.356194
0.714091
-0.482513
-1.051650
-1.152572
2.199593
0.844154
2.761086
-2.999696
-2.642246
-0.628796
-0.179853
-2.356194
-1.703348
1.849096
2.553590
2.587285
-1.629552
1.768192
-1.869295
-2.098871
-2.408778
2.651635
0.628796
-0.519146
1.337053
2.589938
2.896614
-0.685730
2.034444
2.966920
2.539305
0.847817
2.319174
3.017238
1.405648
1.071450
-2.714965
2.390664
-0.558599
-1.892547
-2.774419
1.412141
1.965587
-0.992894
2.914794
2.312744
-2.214297
-1.913820
2.034444
-0.197396
-1.570796
1.570796
1.626295
-0.463648
-0.197396
0.548549
0.938047
-0.832981
-1.152572
-0.574305
-0.741947
-2.446854
-1.975688
2.147172
2.396173
0.602287
0.302885
-2.922924
-0.094952
-2.393215
0.685730
1.007480
1.815775
0.339293
2.798569
-0.528074
2.142134
-1.007480
0.426627
-1.249046
2.736701
-0.885067
-0.812419
-2.196281
-0.554307
2.214297
-0.244979
1.030377
-3.079174
-0.785398
-2.533791
-2.896614
2.910502
-0.999459
0.119429
0.132552
-0.231091
-1.356736
-1.076855
-1.512041
0.000000
-3.075024
1.107149
-1.892547
2.158799
1.943784
2.677945
-2.589938
0.885067
0.896055
-2.782822
-2.607884
-1.144169
1.647568
0.566729
0.486899
-2.083186
-0.436627
1.373401
1.190290
-1.165905
1.570796
-2.601173
0.837981
0.295441
2.003204
2.567288
-1.107149
0.000000
0.404892
0.257324
-2.802300
-1.275355
-1.515298
-0.426627
-1.504228
-0.685730
2.880990
-2.111216
2.896614
2.475623
-1.144169
-0.605545
-0.982794
0.685730
0.524796
-1.623379
-0.540420
2.994514
-0.231091
-2.770701
1.144169
0.927295
2.609869
-1.182478
2.316216
-0.463648
-2.944197
0.965252
-3.103150
1.325818
-2.746802
2.927532
-2.098871
2.677945
-0.674741
1.929567
2.541542
-0.099669
2.589938
3.141593
-1.217806
-1.869295
-2.007423
0.367174
0.278300
0.426627
2.111216
0.605545
-2.485897
1.570796
-1.943784
-0.493941
-1.190290
-2.323948
1.487655
-2.782822
-2.593043
-2.570255
-2.855541
-2.782822
1.107149
-1.969319
2.321725
2.446854
-2.300696
-2.441700
-0.870903
-2.265535
1.107149
1.804540
-2.485897
-3.024484
-1.789465
-0.463648
0.298499
-2.692869
-1.107149
0.000000
0.499347
0.278300
1.943784
-0.982794
0.825377
0.499347
-0.785398
-1.076855
0.493941
-1.570796
-0.950547
-2.214297
-1.951303
1.292497
1.343997
1.760785
0.688924
0.785398
0.635027
2.308611
-1.610775
1.997424
0.837981
2.169215
2.711830
1.570796
1.147942
-2.723368
-0.902507
-2.275290
0.058756
3.009041
1.612439
1.937970
0.244979
-1.107149
1.499489
-1.453688
2.214297
2.205823
0.945311
1.768192
-2.536048
-0.339293
-1.530818
-1.339706
-2.064738
-2.089942
-1.107149
1.843805
3.006065
1.570796
-1.876675
0.211093
0.531724
2.875341
1.750650
2.761086
2.843094
0.548549
0.152649
-1.529154
-1.535097
2.622447
-1.063698
1.203622
-1.051650
-0.104877
1.046001
1.719686
2.259721
-1.107149
-2.439336
-1.249046
-2.634494
-1.272297
2.647651
-0.950547
0.493941
0.463648
-0.950547
-1.227772
-3.086094
-1.222025
-1.275355
-0.197396
-1.756144
-1.570796
-0.432408
-1.382575
-2.319174
-0.343024
2.966920
2.846152
-2.134113
0.302885
-1.453688
-2.034444
-0.588003
2.231839
-0.588003
-1.997424
2.455863
1.570796
2.273053
0.927295
-1.892547
-2.774419
2.677945
-0.076772
-0.124355
0.463648
2.727086
1.637364
-0.917950
0.436627
2.647651
-2.512796
-2.064738
-2.323948
-1.570796
0.380506
1.781890
-1.637364
1.130954
-2.896614
-0.528074
-2.414950
-1.653938
-1.849096
-2.098871
-1.190290
-1.876675
-1.134169
1.570796
-0.881872
-2.446854
1.570796
0.674741
2.098871
0.785398
-1.695151
-1.428899
0.132552
-1.776192
-2.279423
2.303611
1.570796
-2.907849
2.819842
1.781890
-0.982794
-2.396173
2.761086
1.687905
0.574305
0.174672
-0.083141
-1.019141
-2.808348
-1.815775
-0.270947
-2.536048
0.625485
1.076855
-0.942000
0.432408
-2.265535
-2.711830
2.245537
-1.480136
-2.961739
-2.609869
1.197809
-1.428899
-2.976444
-0.463648
-2.191046
0.753151
-2.798569
-2.714965
-0.094952
-1.673878
1.287002
1.703348
2.651635
2.833540
0.000000
2.896614
1.275355
-2.199593
-2.808348
0.825377
-2.073640
-2.944197
-0.927295
3.075024
-1.107149
-1.806341
-1.712693
-0.702257
-2.574863
3.082837
-0.066568
-1.647568
0.688924
1.515298
-2.134113
-0.785398
2.914794
-0.685730
-2.988943
-1.325818
2.884269
-2.297439
1.831399
-1.880499
3.041924
1.937970
2.158799
-2.300696
-2.819842
-2.356194
-2.498092
-1.626295
1.051650
2.526930
-2.830594
-0.785398
2.930499
-1.801887
1.385448
-2.802300
-1.937970
-2.406153
2.777614
-1.776192
0.000000
-2.627141
0.226799
1.892547
-0.785398
-0.674741
-0.363979
-1.873681
0.837981
1.825979
-2.906048
-1.138389
-1.633215
1.499489
2.533791
-1.784857
-2.912361
-0.745419
-0.463648
-0.755104
0.152649
-3.086094
-0.321751
-0.896055
2.356194
1.299849
-0.179853
-0.652847
-1.501940
-1.272297
1.941688
1.076855
-2.125104
-2.808348
-0.226799
-0.197396
1.843805
-0.519146
2.303611
2.699218
-1.831399
-0.694738
0.094952
2.819842
-1.756144
2.896614
-2.122451
1.037088
0.945311
1.012197
-2.323948
1.158386
-0.439843
-0.785398
-2.356194
0.321751
0.817645
-2.918116
2.709185
0.652847
0.141897
-0.643501
-2.007423
-0.896055
2.677945
-0.398522
0.896055
2.711830
-2.356194
1.629552
-1.180189
-2.466852
-0.927295
-1.058407
2.750986
3.075024
-2.111216
2.390664
-2.988943
1.058407
-1.051650
-0.942000
3.017238
2.289626
1.042722
-0.558599
-2.677945
3.141593
-0.278300
2.782822
-2.034444
-1.937970
1.067953
-2.761086
2.578276
-3.091634
-1.267911
-2.553590
1.292497
1.435269
1.051650
-2.329174
-2.451146
2.736701
2.475623
1.527345
-1.019141
0.868539
-1.325818
2.819842
-1.405648
0.576375
-1.515298
3.017238
-0.295441
-0.726642
3.141593
-2.723368
0.888480
1.203622
-1.337053
0.870903
2.857799
1.876675
2.651635
2.999696
-2.714965
-1.325818
-0.885067
-1.325818
1.768192
2.214297
-2.677945
1.719686
0.132552
1.107149
0.982794
-0.588003
2.013171
-2.956245
1.618379
-0.888480
0.110657
-2.384758
-0.463648
1.642104
-0.651077
-2.214297
-0.674741
2.907849
1.227772
-2.743070
0.000000
2.659079
2.273053
0.699893
2.607884
2.356194
-0.484478
-0.862170
-1.951303
-2.221873
