0.418224
-2.077895
0.708626
-0.418224
-1.292497
-0.321751
2.677945
1.165905
-1.446441
-1.681454
-0.540420
-1.735945
-2.634494
0.358771
0.718830
-2.191046
-2.875341
0.927295
-0.785398
-0.950547
0.000000
-1.487655
3.141593
1.165905
-1.570796
2.582993
-2.553590
1.152572
-0.278300
-2.214297
2.034444
-0.620249
-2.677945
3.058451
-1.190290
-2.432966
0.708626
-2.714965
2.677945
-2.432966
2.634494
-1.929567
-2.976444
0.982794
-1.107149
-2.356194
1.570796
0.165149
-1.570796
0.620249
0.620249
-1.051650
-3.050933
2.191046
1.190290
1.107149
-2.512796
-2.761086
1.165905
-2.158799
2.761086
-0.463648
1.892547
-1.030377
3.041924
0.558599
-0.463648
-0.507099
1.670465
1.892547
-1.107149
1.951303
1.695151
2.922924
1.152572
-0.851966
2.098871
-0.463648
-2.265535
0.358771
1.768192
-0.321751
2.677945
-0.909753
0.090660
3.141593
-0.266252
2.466852
2.677945
-1.815775
2.536048
0.528074
-0.785398
0.785398
1.735945
-0.298499
-1.063698
2.077895
1.975688
-0.124355
-1.768192
0.708626
-2.601173
-0.218669
2.356194
0.950547
2.677945
2.761086
-2.414950
1.570796
-0.083141
-1.107149
-0.844154
2.191046
-1.373401
2.446854
-1.165905
0.463648
0.620249
0.507099
0.000000
0.463648
1.373401
-2.158799
-2.634494
-2.976444
-0.226799
3.017238
1.471128
-1.325818
0.197396
0.862170
2.265535
-2.089942
0.090660
1.570796
-1.570796
2.761086
2.446854
2.521343
2.896614
1.750650
-2.034444
-1.222025
-1.735945
0.141897
0.083141
2.265535
1.471128
2.077895
0.862170
-2.356194
-0.278300
1.446441
0.982794
-1.869295
2.850136
2.414950
3.050933
-0.785398
1.190290
-1.756144
-0.909753
-2.356194
-2.677945
0.950547
-2.303611
1.570796
-2.553590
2.308611
-3.058451
2.034444
-0.179853
-1.042722
-0.380506
-2.863293
-1.653938
-2.498092
1.165905
1.797595
-0.418224
1.480136
-2.356194
-3.050933
1.570796
-2.922924
1.304544
1.279340
-1.892547
2.677945
-0.694738
0.110657
-1.653938
-0.661043
2.976444
-0.785398
-1.107149
1.471128
2.922924
-1.471128
0.000000
-1.989021
0.000000
-0.726642
1.249046
-0.643501
1.460139
-1.919567
1.892547
-1.929567
-0.950547
1.989021
0.785398
-0.083141
2.521343
2.582993
0.507099
-2.944197
-2.279423
-1.989021
2.976444
2.432966
0.876058
1.929567
-1.460139
1.446441
-1.862253
2.736701
2.356194
2.819842
-0.110657
0.244979
-1.837048
-2.181522
1.892547
-0.463648
1.919567
2.303611
-2.356194
-1.862253
-0.844154
0.661043
2.819842
-0.463648
-0.643501
-0.426627
1.428899
2.422763
0.404892
-1.815775
2.289626
1.735945
1.570796
2.896614
3.041924
1.279340
-1.249046
2.422763
-1.929567
1.815775
-1.997424
-0.737815
-1.030377
-0.950547
0.674741
-0.876058
0.950547
2.191046
0.876058
-0.244979
0.358771
2.480549
0.000000
1.390943
-1.446441
-2.677945
0.278300
1.418147
2.111216
1.951303
-2.231839
0.000000
-0.052583
1.789465
1.030377
1.249046
-1.405648
-1.446441
-1.107149
2.129396
1.107149
3.141593
-1.989021
0.110657
0.291457
-1.929567
-2.158799
2.553590
-1.695151
2.422763
3.141593
3.058451
1.051650
-2.408778
-1.272297
0.404892
0.896055
-0.708626
0.876058
1.152572
1.203622
-1.107149
-1.030377
-1.051650
-2.414950
3.141593
2.089942
-1.405648
-2.677945
3.030935
-1.249046
3.141593
3.141593
0.218669
1.144169
-2.601173
2.850136
-1.352127
-2.601173
1.892547
1.249046
-0.278300
-1.570796
-2.403778
1.681454
-1.480136
-2.976444
2.422763
-0.463648
-2.553590
-0.463648
-1.951303
2.999696
-1.190290
-2.111216
2.034444
0.588003
0.785398
-1.768192
0.588003
2.714965
-2.432966
-0.643501
2.896614
-1.768192
-0.851966
0.110657
0.298499
-0.718830
3.141593
-1.570796
2.819842
-1.165905
-2.111216
-2.034444
-1.480136
2.512796
0.862170
2.875341
-1.487655
2.158799
-0.507099
-1.222025
-1.138389
-2.582993
-1.390943
2.582993
0.927295
1.570796
1.304544
1.768192
0.380506
1.815775
-0.620249
-0.358771
3.141593
-2.961739
-0.588003
-2.399645
-2.408778
1.292497
1.107149
2.714965
-0.982794
0.588003
-0.291457
0.708626
-1.695151
2.356194
-2.976444
1.789465
1.292497
0.785398
1.815775
3.041924
-1.712693
1.405648
-1.919567
-1.570796
1.892547
2.819842
1.862253
2.746802
2.761086
-1.212026
1.373401
-1.325818
0.321751
1.797595
-1.570796
-0.071307
3.141593
2.530867
-1.695151
1.373401
-1.460139
-2.432966
0.507099
1.446441
-2.622447
-0.519146
3.030935
-2.792822
1.325818
1.653938
2.574863
1.352127
1.063698
-0.124355
2.356194
-0.896055
-1.661456
-1.107149
-2.736701
-1.892547
0.661043
1.815775
-2.677945
-0.321751
-1.418147
-3.017238
0.076772
-2.677945
2.034444
-2.553590
0.463648
-1.292497
-1.249046
-1.661456
-1.107149
-0.099669
-1.815775
-2.498092
0.000000
3.050933
-1.789465
2.089942
-2.863293
-1.249046
-3.017238
0.588003
0.463648
-2.414950
0.785398
-2.582993
-2.761086
-2.770701
2.034444
-1.325818
0.862170
0.785398
0.244979
0.982794
1.051650
-1.929567
-1.373401
2.034444
1.735945
-1.929567
-0.463648
2.422763
-2.677945
0.950547
-2.214297
-1.789465
0.844154
1.712693
1.373401
0.674741
-2.034444
-1.063698
-0.927295
-2.961739
-2.736701
2.976444
2.289626
0.141897
0.620249
0.226799
2.723368
0.694738
2.782822
1.975688
-1.661456
-1.304544
3.050933
-2.521343
3.017238
3.050933
-2.214297
3.050933
-2.303611
-2.944197
-1.653938
0.927295
-1.071450
-0.643501
1.212026
-2.850136
0.927295
-1.929567
0.519146
-2.988943
1.063698
0.000000
0.982794
1.107149
0.000000
1.012197
2.214297
0.844154
0.099669
-2.613518
2.582993
0.588003
-2.297439
0.426627
3.141593
0.785398
1.570796
0.090660
1.695151
-0.278300
-1.989021
2.634494
2.297439
-0.628796
1.892547
0.982794
-0.718830
-1.390943
-2.622447
-1.222025
-2.279423
2.214297
-0.165149
2.158799
-1.373401
0.558599
-0.785398
-1.681454
2.498092
1.494024
0.000000
-2.077895
2.231839
-2.782822
0.000000
2.622447
-2.137526
-0.110657
-2.214297
0.418224
-2.875341
-1.460139
-2.922924
1.203622
-2.521343
-2.466852
-2.057696
-2.723368
0.519146
1.975688
0.463648
1.750650
-0.519146
-0.110657
0.218669
-1.405648
-0.165149
-1.030377
-1.975688
2.480549
3.141593
-1.570796
-3.030935
-1.989021
-1.203622
-0.099669
0.661043
3.141593
3.141593
-2.279423
-2.303611
-0.708626
-0.426627
2.819842
1.165905
0.519146
-0.643501
-2.677945
1.831399
-2.961739
2.723368
2.863293
-2.214297
1.815775
-1.862253
1.190290
-1.107149
3.058451
2.761086
1.570796
-2.303611
3.141593
1.661456
1.352127
-0.321751
-1.487655
1.212026
-1.428899
-2.089942
-2.553590
1.107149
-1.951303
1.681454
0.643501
2.089942
-0.348771
0.000000
2.158799
0.463648
2.181522
2.129396
1.570796
0.278300
-1.862253
0.927295
-3.050933
-2.181522
-3.041924
-1.107149
-2.819842
0.982794
0.278300
-0.124355
1.815775
-2.961739
-0.404892
0.519146
-2.414950
-1.107149
1.304544
2.677945
2.414950
-1.279340
-1.030377
-0.558599
2.034444
-1.405648
1.107149
-0.197396
-3.064821
-1.152572
-0.718830
-1.071450
-1.570796
-1.869295
1.570796
1.212026
