-2.111216
1.975688
0.321751
0.610726
2.176341
-0.141897
0.982794
-0.643501
2.570255
-2.498092
0.380506
0.058756
-2.536048
0.965252
-2.158799
2.446854
-1.438245
0.071307
1.951303
2.308611
-2.289626
2.774419
-2.536048
-0.960070
3.141593
2.256526
-1.042722
0.165149
0.298499
1.272297
-0.999459
-2.512796
-1.670465
-1.570796
1.653938
-2.089942
0.499347
1.107149
1.203622
1.165905
-2.976444
-1.138389
0.152649
2.356194
2.896614
0.885067
2.677945
-1.849096
-1.359703
-0.071307
-0.628796
2.677945
-0.418224
2.034444
2.256526
-0.076772
2.214297
2.034444
-2.944197
2.158799
-1.249046
2.181522
2.446854
2.303611
0.718830
-2.746802
2.308611
-0.837981
-3.079174
0.321751
2.736701
-2.553590
0.000000
-2.677945
-0.066568
0.000000
-1.703348
0.211093
-1.570796
1.438245
-1.325818
1.570796
1.508378
-0.493941
-1.004067
1.494024
1.325818
-1.735945
-0.321751
-0.610726
1.570796
2.356194
-0.915101
0.076772
-2.508844
2.432966
-2.850136
-1.849096
1.712693
0.000000
-1.359703
-3.082837
1.499489
2.256526
2.774419
-0.785398
1.165905
-0.674741
-1.695151
0.982794
-0.493941
2.704965
1.661456
-0.426627
2.774419
2.158799
0.628796
1.004067
3.141593
-1.913820
-0.837981
-1.570796
3.064821
2.843094
-2.647651
-0.418224
2.553590
-2.944197
1.004067
-1.203622
-0.463648
1.781890
2.446854
-0.685730
2.303611
-1.712693
2.736701
-1.797595
0.291457
-1.913820
1.965587
2.111216
0.141897
-1.071450
2.819842
-2.356194
2.843094
-1.642104
1.750650
0.226799
-0.436627
-0.432408
0.588003
0.950547
2.273053
-0.885067
0.519146
-1.471128
1.712693
-2.601173
2.498092
-2.589938
-0.380506
2.303611
0.298499
-1.913820
1.723446
2.060754
-0.566729
-0.071307
-1.512041
0.000000
-0.620249
1.653938
-2.034444
-0.266252
-1.373401
-0.982794
-2.736701
-2.944197
2.265535
-0.785398
-0.828849
0.610726
1.797595
0.071307
-3.086094
1.325818
1.712693
0.000000
0.218669
2.181522
0.528074
-2.176341
-1.499489
-2.880990
2.403778
-1.107149
-2.999696
1.107149
-2.736701
-1.735945
-1.446441
1.642104
-2.060754
-2.279423
3.141593
-1.756144
-2.214297
1.292497
-0.298499
2.976444
-0.785398
1.504228
-1.815775
2.896614
-0.741947
-1.768192
-0.226799
-1.310194
-1.570796
1.310194
2.279423
0.785398
0.528074
2.129396
2.064738
-1.975688
-1.418147
1.815775
-1.975688
2.574863
-1.310194
-2.677945
-2.714965
-2.622447
3.141593
-1.892547
2.512796
1.862253
2.034444
2.303611
-1.781890
-2.408778
-0.321751
0.885067
-2.530867
0.404892
-0.141897
2.553590
-3.079174
2.819842
1.712693
1.637364
-0.950547
-0.566729
-3.024484
2.944197
1.768192
1.687905
-2.034444
-2.245537
-2.761086
0.000000
2.226492
-2.034444
0.266252
1.176005
-0.278300
2.158799
1.781890
0.661043
1.107149
-2.064738
-0.489957
-1.695151
-2.064738
2.077895
2.521343
1.675673
-0.694738
1.797595
-2.843094
-2.098871
-2.819842
0.141897
-1.965587
1.965587
-0.165149
1.396124
-1.190290
2.930499
1.815775
1.138389
2.642246
0.610726
1.892547
-1.359703
1.176005
-0.266252
-1.051650
-0.185348
-1.512041
-2.273053
2.553590
-0.244979
-0.432408
-3.017238
2.677945
2.214297
2.589938
-2.064738
0.000000
-2.709185
-1.494024
-0.528074
-1.292497
1.176005
3.141593
0.551655
-0.718830
2.245537
-2.536048
-1.385448
2.356194
-3.009041
3.017238
2.930499
-0.643501
-1.712693
2.422763
-2.956245
-2.256526
-2.774419
-2.356194
0.218669
1.292497
1.653938
-0.226799
2.089942
1.042722
1.504228
3.017238
2.512796
1.661456
-2.176341
-2.158799
-1.227772
-1.004067
2.782822
-0.528074
2.850136
-2.709185
2.199593
-2.498092
-2.798569
2.521343
0.244979
-0.367174
-2.536048
-2.709185
-2.553590
0.394791
1.203622
-2.181522
-1.363300
0.404892
1.480136
-0.071307
3.141593
-2.896614
1.227772
-1.051650
2.761086
-2.034444
-0.927295
-1.929567
-0.674741
-1.570796
2.485897
1.570796
1.815775
-0.499347
-0.463648
1.849096
-2.582993
-2.111216
1.212026
2.034444
2.553590
1.849096
2.530867
-2.356194
-1.642104
-1.107149
1.712693
1.071450
-2.677945
-2.838708
0.628796
0.110657
2.399645
-1.418147
-2.944197
0.099669
-0.436627
2.122451
1.438245
2.914794
2.256526
-2.297439
-0.321751
-1.768192
2.498092
-0.367174
-0.732815
-1.570796
-2.356194
-0.982794
-2.589938
-1.745469
-2.782822
2.601173
-2.761086
-0.674741
1.138389
2.736701
-2.485897
-2.137526
2.677945
0.343024
-2.736701
-1.508378
1.869295
2.498092
2.798569
0.066568
2.064738
-2.944197
-2.403778
2.530867
-1.647568
-2.446854
-0.837981
1.494024
2.530867
2.446854
1.071450
2.003204
-0.463648
-2.863293
-1.919567
0.628796
1.831399
2.622447
0.628796
-0.141897
0.708626
0.685730
1.499489
0.348771
1.019141
1.487655
2.629203
0.507099
3.075024
-1.396124
-2.273053
-1.066630
1.249046
1.249046
0.432408
-2.843094
0.982794
-1.695151
-2.574863
-1.373401
2.966920
-2.677945
1.107149
-0.942000
1.815775
2.677945
-3.070285
-1.292497
-0.982794
-1.695151
-0.528074
0.298499
-0.942000
-0.785398
0.211093
0.185348
2.176341
-2.613518
-3.086094
0.982794
0.343024
-2.622447
2.034444
-1.653938
0.737815
0.674741
1.107149
0.643501
-0.551655
3.070285
1.637364
2.137526
-2.944197
2.403778
0.426627
1.504228
-0.876058
2.122451
3.024484
1.975688
3.070285
1.249046
2.850136
0.090660
0.321751
0.321751
-0.785398
1.815775
2.677945
-0.643501
-2.622447
-1.815775
-1.892547
-0.965252
0.588003
-1.919567
2.819842
2.930499
-0.367174
3.017238
1.642104
-1.637364
-1.768192
3.075024
2.403778
-2.455863
2.819842
1.152572
2.863293
-1.076855
2.003204
0.674741
-0.588003
-1.570796
0.685730
1.373401
-2.446854
-2.064738
-1.359703
0.426627
2.988943
2.137526
-1.279340
-0.785398
-2.736701
-2.966920
0.785398
2.356194
0.507099
-0.519146
-0.499347
1.138389
-0.463648
3.017238
1.504228
-2.798569
-0.507099
0.588003
1.373401
3.075024
2.289626
0.785398
2.589938
0.927295
-0.588003
1.030377
0.463648
1.570796
2.475623
2.446854
-0.436627
-2.988943
2.629203
-1.892547
1.815775
-1.249046
-2.214297
0.165149
-0.132552
0.732815
3.017238
-2.265535
2.356194
1.937970
2.677945
-2.007423
-0.620249
-1.076855
1.325818
-1.019141
0.982794
2.466852
-0.785398
-2.297439
-0.694738
2.034444
-0.571337
0.090660
-0.737815
0.566729
1.227772
-0.643501
-1.494024
2.214297
-2.498092
-0.165149
-1.051650
2.601173
3.082837
-1.756144
1.352127
-1.405648
-2.226492
3.070285
-1.405648
-0.404892
-2.875341
-1.310194
-2.647651
-0.785398
-0.071307
2.446854
-1.781890
-1.343997
1.975688
-0.404892
0.152649
2.308611
-2.930499
-0.339293
2.158799
0.643501
0.394791
-1.570796
1.670465
2.158799
0.909753
2.736701
-1.637364
-1.951303
2.677945
-0.605545
-2.356194
-3.017238
1.647568
-0.551655
2.098871
0.876058
2.647651
0.661043
-1.570796
-0.685730
-1.042722
-0.885067
-2.589938
-1.637364
-2.111216
-1.343997
1.797595
0.152649
0.000000
-0.132552
-1.231504
0.610726
2.536048
3.064821
-0.927295
0.942000
-1.494024
-0.197396
-0.785398
2.003204
-1.695151
