1.437528
-2.462288
-2.159305
-1.146064
-0.421102
1.492643
0.155319
1.923117
-0.371239
-0.878626
1.947070
-2.398291
1.945434
1.096063
-0.024811
3.021323
-0.024921
-2.329472
-0.900917
-0.321230
0.841636
1.049996
-0.779010
-0.433934
2.130632
-0.630213
1.429096
-0.190013
2.356422
1.661710
2.524013
1.272992
-1.146780
-1.168000
1.167973
-2.183463
-0.028097
-1.317262
0.295326
-0.807009
1.863443
0.681065
0.389150
-2.009966
1.360693
-2.031232
1.933928
-1.717022
2.099215
-1.018972
2.030856
-0.317625
0.128183
1.909147
1.875716
0.535934
-0.313137
1.613454
1.297533
-0.219032
2.239577
-2.435772
-1.414849
0.687792
-1.299117
1.783372
1.856040
2.157110
-2.118569
1.328747
-0.084762
2.554882
-2.234987
1.678097
-0.988855
2.164829
2.032315
-0.672816
1.922539
1.467442
-0.729761
1.689882
0.327855
-0.139202
-0.441975
1.591899
0.399676
-0.182471
2.210888
1.538704
-1.509387
-0.488928
0.956053
2.139733
1.951547
1.576967
-1.769231
2.328466
2.230576
1.865427
0.594550
-1.779351
1.469526
1.906996
-0.953298
1.202375
0.184969
-0.609074
-1.649104
-1.171384
-2.394639
-1.451193
1.657495
1.621822
1.461662
-1.847000
0.289805
1.241770
-2.289903
-1.776892
-1.503126
2.890578
2.132358
-0.835656
0.807513
2.210259
0.921139
-0.130373
0.441106
-2.311415
1.441373
0.803370
1.503675
-1.555097
1.120530
-1.926240
-1.494537
1.669935
-1.180631
0.443704
0.141544
-0.058065
0.527787
2.594115
1.833125
2.076301
0.104393
2.389703
0.765458
1.699483
1.703965
0.297378
-0.668162
-0.343516
0.669778
0.612433
-0.709734
-0.362821
2.053137
-0.318067
-0.850223
1.851441
-0.285111
-1.922469
1.882012
-0.060768
-1.839200
-1.934887
2.261836
1.721828
1.463979
-1.653724
0.703571
-1.793403
-2.369826
1.095434
-1.288606
2.440163
2.183810
0.107464
-0.075206
-1.037708
-1.455584
1.091923
-1.647908
-1.285974
-1.707409
-0.379186
1.397156
0.773112
-1.945167
0.830415
-2.394400
0.923157
-1.886619
-0.588177
-0.130811
-0.282357
2.333614
-0.397048
0.335079
1.750553
0.301476
0.223052
-2.014923
2.355233
0.669418
0.919615
1.113043
-1.704379
1.894299
1.118696
-2.081773
0.625911
-2.255427
-0.316916
-0.918690
1.290384
0.864646
-2.052999
0.281280
-1.794046
-2.129059
1.798034
-1.532367
0.242783
-2.175549
0.389029
-1.662223
-1.674725
-0.902368
0.077970
-1.540358
-0.481212
0.199864
-1.943387
-2.347425
-1.384576
-0.103253
-2.145331
-0.768249
-0.189789
0.274010
1.020743
0.593615
0.436059
-1.132057
-1.886029
0.847462
0.769718
-2.190496
-1.814786
-0.061438
1.037138
0.016903
-1.372474
-1.587524
2.365946
2.118326
-0.486641
0.105897
-1.532939
-0.616542
-0.622756
-0.281940
-1.810871
0.187908
-1.198101
-0.191111
1.811817
0.787388
2.171385
-0.727987
0.493809
0.305057
1.336416
0.648043
0.163504
-2.104733
0.071213
0.097435
-0.721410
1.506304
0.920792
-0.935194
-1.102907
-1.774101
-2.428254
-2.265751
2.096036
0.930472
-0.791093
0.402065
-1.945345
0.383654
-2.158620
0.291070
0.239044
-0.693365
-2.223630
-2.136689
0.314420
0.508453
2.307723
1.861454
-1.799205
-1.787376
1.951114
-0.685624
1.253334
1.590360
-0.652246
-1.893695
0.703298
2.121696
1.484789
-1.914027
2.002347
2.462502
0.012704
-0.891277
1.515725
-1.332598
2.192665
-2.578069
0.609086
0.097848
-0.661994
-1.823786
0.136164
-1.277553
0.958878
-2.165214
1.440457
-2.004191
2.352928
1.707500
0.164760
-1.131411
-0.991390
0.201244
2.132509
1.202805
1.419460
2.112903
-0.090680
-2.465206
-0.479390
1.279306
2.032152
0.393236
-0.900357
-2.037211
0.046946
-1.686326
-1.150775
-1.960295
-0.132465
1.416098
2.237992
0.082236
-1.613134
2.608203
1.358784
2.975744
-1.775287
2.929858
-2.054994
0.127878
2.092323
0.596769
0.917119
0.868427
-1.213303
-0.920662
-0.310949
0.957546
2.434211
-2.009661
-2.050509
2.591175
-2.510113
-0.530077
-2.121433
-0.516161
-2.092255
1.225094
0.251382
-2.002676
-0.780224
-0.259639
1.242948
-0.038524
0.792541
-0.344106
-0.533577
1.197030
2.546070
-1.062002
1.966031
1.752251
-0.337109
0.664058
2.431526
-1.094146
-1.600699
0.867575
-0.431471
-1.502996
-2.104603
-0.993920
1.969791
-1.093071
2.527909
1.052384
-1.574699
0.135453
-2.015366
2.467663
-1.969608
1.818668
2.193110
-0.846530
0.768069
1.501302
-2.363200
2.185018
-1.014059
0.284128
-0.211436
-0.371843
1.256074
-1.517933
-0.591922
1.332613
0.112894
-0.119769
-0.176423
-1.461151
2.816567
-2.056603
1.865481
-0.916136
0.499983
1.195620
1.210464
-1.959190
1.650345
1.929327
-2.188361
2.863937
0.579411
-2.010902
2.041306
-2.190303
1.217891
-0.117552
1.172951
1.669772
-2.282882
1.660819
1.193674
0.024807
1.753974
0.518865
-1.243242
1.629341
0.297192
0.305734
2.347571
-2.479146
-1.343315
0.946726
1.340202
2.882396
-1.117230
-2.559285
0.721780
-1.756067
-2.461029
1.120619
2.206449
-1.825230
-1.665298
0.337144
-1.855373
-0.686929
-1.881988
-2.045937
1.147569
-1.161756
-0.608545
1.261785
-0.047498
1.399698
0.452410
-0.303067
-1.275270
0.305091
-1.044580
1.985068
2.485838
-2.080286
-2.196926
2.073251
0.855398
-1.856080
-1.991124
0.887480
1.164834
-1.312465
-2.252994
-0.283758
-1.827095
-1.830787
-1.722241
-1.528969
-1.275679
-1.531852
-0.039356
2.349196
0.958157
0.927138
-0.726117
-2.055731
1.996997
1.870403
0.548387
0.017947
2.771884
1.666509
-1.915453
2.393780
1.758494
0.638112
0.865363
1.229426
-0.779583
-2.408577
1.272166
2.239991
1.078476
0.919767
-1.416480
-0.853731
1.169192
1.513771
1.243742
-1.595602
-1.812373
2.555608
0.134669
-0.940594
-1.698874
0.937019
0.916127
0.280644
-0.191608
-2.005862
0.848742
0.299168
1.969182
0.400845
-0.192699
1.855709
-0.480971
1.356992
2.875638
-1.503603
-0.577794
-1.482770
1.091763
0.182355
-1.788068
1.598086
2.258435
-1.351808
-0.945341
-0.736903
-2.291885
-1.678974
0.124398
2.518520
2.076021
0.276700
-2.144319
2.375697
-2.191357
-1.829041
-0.819454
-1.054412
2.394887
-1.631312
0.972747
1.074787
1.515853
1.565031
1.996006
-0.297744
1.764952
2.181143
-1.701419
0.125865
1.848281
-1.966001
2.426318
0.146094
2.397176
1.202551
-1.220852
-2.028824
-0.445904
1.442704
-1.232912
-1.542594
2.841322
-2.504751
0.698716
0.621350
2.378813
0.139671
-0.924540
-0.489820
-1.562425
-2.318087
2.005635
-0.478598
1.202893
2.315222
-0.107761
-2.406021
-1.551620
-0.234604
-1.729642
0.669750
1.862578
0.154208
2.255245
2.869274
-0.261618
1.736210
-0.080200
0.927334
-1.581738
0.223482
0.677234
2.551735
0.518899
-0.871531
-0.217882
0.759471
-1.894520
0.136257
-0.424845
-2.155344
-0.570842
-0.560253
-1.229749
-0.922780
-1.812026
1.442770
-0.622770
-2.068227
0.199266
-1.930838
2.041281
-2.521712
-2.147625
-1.024057
1.757731
-1.292670
-0.569528
0.359954
0.041536
0.524640
2.049032
-0.840971
-1.889349
-0.710396
1.329647
1.860448
0.433387
1.046274
0.726939
0.311732
1.816848
2.078287
1.718715
-2.144893
-2.506374
