-2.070143
1.951303
0.348771
0.566729
2.122451
-0.211093
0.982794
-0.737815
2.553590
-2.485897
0.358771
-0.052583
-2.536048
0.965252
-2.176341
2.356194
-1.428899
0.000000
1.892547
2.265535
-2.289626
2.709185
-2.622447
-1.004067
3.141593
2.214297
-1.138389
0.152649
0.211093
1.227772
-0.982794
-2.455863
-1.570796
-1.637364
1.647568
-2.142134
0.432408
1.058407
1.138389
1.076855
-2.988943
-1.227772
0.152649
2.279423
2.910502
0.876058
2.613518
-1.913820
-1.438245
-0.197396
-0.685730
2.622447
-0.463648
2.003204
2.256526
-0.071307
2.122451
1.951303
-2.956245
2.122451
-1.325818
2.181522
2.446854
2.256526
0.661043
-2.819842
2.265535
-0.885067
-3.079174
0.110657
2.647651
-2.589938
-0.066568
-2.701750
-0.132552
0.000000
-1.797595
0.071307
-1.570796
1.385448
-1.396124
1.508378
1.453688
-0.588003
-1.071450
1.418147
1.249046
-1.801887
-0.628796
-0.685730
1.508378
2.312744
-0.915101
0.000000
-2.498092
2.393215
-2.850136
-1.815775
1.637364
-0.076772
-1.438245
3.141593
1.438245
2.158799
2.798569
-0.915101
1.190290
-0.674741
-1.745469
0.927295
-0.588003
2.622447
1.480136
-0.463648
2.709185
2.158799
0.643501
0.885067
3.141593
-2.064738
-0.832981
-1.633215
3.070285
2.736701
-2.677945
-0.463648
2.485897
-2.956245
1.004067
-1.310194
-0.528074
1.703348
2.446854
-0.785398
2.308611
-1.781890
2.677945
-1.831399
0.266252
-2.034444
1.869295
2.289626
0.071307
-1.203622
2.838708
-2.356194
2.774419
-1.695151
1.653938
0.141897
-0.436627
-0.432408
0.605545
0.927295
2.236766
-0.982794
0.418224
-1.570796
1.570796
-2.629203
2.399645
-2.536048
-0.489957
2.256526
0.298499
-1.892547
1.647568
1.983207
-0.610726
-0.141897
-1.570796
0.000000
-0.620249
1.494024
-2.089942
-0.179853
-1.385448
-1.019141
-2.677945
-2.944197
2.265535
-0.960070
-0.868539
0.528074
1.831399
0.066568
-3.086094
1.249046
1.703348
-0.071307
0.110657
2.111216
0.493941
-2.236766
-1.642104
-2.956245
2.446854
-1.107149
-3.075024
1.042722
-2.736701
-1.837048
-1.508378
1.570796
-2.083186
-2.356194
3.141593
-1.745469
-2.265535
1.310194
-0.367174
2.988943
-0.785398
1.446441
-1.789465
2.910502
-0.785398
-1.873681
-0.321751
-1.453688
-1.629552
1.190290
2.356194
0.785398
0.588003
2.077895
1.975688
-2.007423
-1.418147
1.681454
-2.064738
2.408778
-1.325818
-2.677945
-2.746802
-2.629203
3.075024
-2.007423
2.455863
1.862253
1.997424
2.256526
-1.831399
-2.403778
-0.394791
0.785398
-2.574863
0.404892
-0.211093
2.536048
-3.079174
2.792822
1.637364
1.570796
-1.012197
-0.588003
-3.086094
2.896614
1.695151
1.681454
-2.089942
-2.308611
-2.792822
0.000000
2.265535
-2.158799
0.291457
1.042722
-0.278300
1.989021
1.703348
0.610726
0.999459
-2.064738
-0.436627
-1.756144
-2.089942
2.034444
2.432966
1.570796
-0.694738
1.712693
-2.843094
-2.214297
-2.761086
0.132552
-2.064738
1.892547
-0.266252
1.352127
-1.249046
2.819842
1.797595
1.042722
2.677945
0.540420
1.869295
-1.446441
1.076855
-0.244979
-1.107149
-0.244979
-1.570796
-2.316216
2.601173
-0.321751
-0.493941
-3.082837
2.651635
2.158799
2.570255
-2.122451
0.000000
-2.761086
-1.570796
-0.528074
-1.292497
1.107149
3.058451
0.519146
-0.661043
2.137526
-2.622447
-1.385448
2.273053
-2.956245
2.966920
2.880990
-0.694738
-1.712693
2.289626
-3.024484
-2.245537
-2.863293
-2.446854
0.197396
1.249046
1.653938
-0.226799
2.007423
1.019141
1.438245
3.024484
2.455863
1.570796
-2.191046
-2.303611
-1.227772
-1.019141
2.729182
-0.551655
2.850136
-2.736701
2.199593
-2.498092
-2.798569
2.475623
0.231091
-0.367174
-2.498092
-2.736701
-2.589938
0.394791
1.165905
-2.181522
-1.471128
0.343024
1.480136
-0.071307
3.070285
-2.944197
1.190290
-1.030377
2.761086
-1.983207
-0.965252
-1.961403
-0.628796
-1.570796
2.439336
1.570796
1.712693
-0.610726
-0.540420
1.768192
-2.723368
-2.181522
1.107149
1.951303
2.536048
1.768192
2.480549
-2.446854
-1.637364
-1.130954
1.570796
1.042722
-2.761086
-2.870646
0.588003
0.197396
2.308611
-1.428899
-2.956245
0.000000
-0.571337
2.089942
1.359703
2.863293
2.176341
-2.297439
-0.367174
-1.873681
2.356194
-0.432408
-0.837981
-1.570796
-2.414950
-1.019141
-2.570255
-1.789465
-2.782822
2.642246
-2.819842
-0.674741
1.165905
2.651635
-2.570255
-2.158799
2.589938
0.343024
-2.736701
-1.623379
1.781890
2.589938
2.736701
0.062419
2.034444
-3.017238
-2.439336
2.466852
-1.723446
-2.536048
-0.732815
1.418147
2.480549
2.446854
0.896055
1.913820
-0.528074
-2.930499
-2.034444
0.588003
1.831399
2.570255
0.493941
-0.211093
0.785398
0.643501
1.438245
0.348771
0.876058
1.325818
2.582993
0.418224
3.009041
-1.460139
-2.236766
-1.130954
1.190290
1.203622
0.380506
-2.774419
0.876058
-1.756144
-2.613518
-1.438245
2.966920
-2.634494
1.107149
-0.885067
1.756144
2.613518
3.141593
-1.292497
-1.076855
-1.695151
-0.588003
0.132552
-1.019141
-0.876058
0.141897
0.117109
2.226492
-2.613518
3.089010
0.832981
0.404892
-2.651635
2.034444
-1.815775
0.702257
0.785398
0.927295
0.605545
-0.605545
2.999696
1.508378
1.965587
-3.024484
2.356194
0.463648
1.504228
-0.828849
2.007423
2.976444
1.951303
2.944197
1.190290
2.875341
0.000000
0.321751
0.244979
-0.844154
1.745469
2.642246
-0.643501
-2.622447
-1.892547
-1.983207
-1.051650
0.519146
-1.965587
2.746802
2.930499
-0.493941
3.017238
1.570796
-1.695151
-1.831399
3.009041
2.403778
-2.498092
2.761086
0.927295
2.798569
-1.107149
1.937970
0.628796
-0.620249
-1.629552
0.643501
1.190290
-2.536048
-2.122451
-1.373401
0.321751
2.988943
2.158799
-1.279340
-0.862170
-2.736701
-3.024484
0.745419
2.256526
0.418224
-0.571337
-0.528074
0.982794
-0.493941
2.956245
1.446441
-2.798569
-0.380506
0.551655
1.222025
3.075024
2.158799
0.737815
2.589938
0.785398
-0.702257
0.960070
0.463648
1.570796
2.396173
2.439336
-0.412410
-2.999696
2.582993
-1.997424
1.797595
-1.325818
-2.226492
0.141897
-0.132552
0.685730
2.956245
-2.316216
2.399645
1.913820
2.553590
-2.007423
-0.708626
-1.134169
1.272297
-1.019141
0.915101
2.408778
-0.785398
-2.245537
-0.702257
2.034444
-0.571337
0.083141
-0.832981
0.528074
1.165905
-0.753151
-1.428899
2.356194
-2.403778
-0.076772
-1.134169
2.553590
3.082837
-1.745469
1.460139
-1.499489
-2.312744
3.009041
-1.460139
-0.404892
-2.896614
-1.267911
-2.647651
-0.844154
-0.071307
2.399645
-1.831399
-1.428899
1.951303
-0.343024
0.211093
2.214297
-2.944197
-0.439843
2.158799
0.661043
0.367174
-1.629552
1.670465
2.122451
0.844154
2.622447
-1.703348
-2.007423
2.819842
-0.620249
-2.408778
-3.024484
1.499489
-0.551655
2.003204
0.876058
2.589938
0.540420
-1.480136
-0.737815
-1.138389
-0.885067
-2.589938
-1.695151
-2.203545
-1.418147
1.712693
0.165149
-0.076772
-0.132552
-1.231504
0.566729
2.485897
3.058451
-0.927295
0.927295
-1.499489
-0.231091
-0.785398
1.951303
-1.745469
