-1.382113
2.070164
-1.507241
-2.382484
-1.007755
2.263114
-0.150985
-2.342405
1.864104
1.067685
-0.297811
-1.456964
0.782176
0.486526
2.127647
-0.269062
-0.488654
-2.306815
-2.229583
2.398216
-2.490177
-0.143097
0.376637
1.133103
2.061164
2.117147
-2.410925
-1.170368
0.944988
0.494790
0.821976
-2.515236
-1.284200
0.227787
1.075252
1.239981
-1.486122
0.887788
-1.772428
1.449366
0.695545
-2.146840
-1.206133
2.024628
2.414440
0.521470
0.945458
0.043510
2.046942
-1.836767
0.714716
0.469734
-2.104451
-0.720727
-1.772218
-0.259160
1.225792
0.119424
1.367481
-0.759981
-0.099525
-0.233093
-2.178791
1.074902
2.114475
2.063892
1.664750
0.855348
1.082892
2.089600
0.019924
2.270294
0.123163
-1.715760
-1.732002
-0.016359
-2.057092
-0.142408
0.931071
-0.826472
1.395557
-0.044056
-0.574789
-1.114819
0.736991
-2.189722
-0.573451
0.111103
2.258099
0.523933
1.456638
-0.577433
-2.043550
0.634642
2.426006
2.522254
-1.694416
1.132398
2.016397
-0.253199
-0.530589
0.224075
2.794789
1.881186
0.816197
-1.176917
-1.191170
2.791055
-0.256206
-1.176735
2.158399
-1.210576
0.225179
0.607814
0.105632
-1.429948
-0.006383
-0.016198
-0.943194
-2.056662
-0.954939
0.173974
0.820884
0.131238
-1.940979
0.564658
1.912268
0.224093
2.028503
-0.058318
2.692842
0.518907
-2.399120
0.958701
-0.538043
-2.111211
-0.021229
0.286797
0.442635
-0.138692
-2.001837
-1.507862
-1.365070
-0.594742
1.469987
2.242276
-1.288039
0.281116
0.498794
0.273525
-0.273137
-0.433323
-1.053340
-0.255537
0.756309
1.041816
2.181145
-1.226553
-1.862040
-0.416042
1.124440
-0.920711
-1.344316
2.085669
0.435498
1.638631
2.138218
-1.228001
-0.546604
-2.419098
-2.145964
-1.818390
2.192572
1.848505
0.330024
0.209224
0.751005
0.526694
1.081572
0.984361
-2.209399
1.319197
-2.225275
-1.182742
-1.880311
2.374624
0.749323
2.073360
1.011881
2.259812
-0.160231
1.991532
1.939374
1.230076
0.075774
-2.326374
-2.158977
1.597765
0.908118
0.843368
-0.776782
-1.965302
0.125603
-1.292377
-0.324953
0.988398
0.651265
-0.216339
-2.004316
-0.516777
0.795183
0.486484
2.294382
-2.054506
1.760257
1.488958
-2.412746
0.582562
1.443582
1.970720
0.391104
-2.512964
-0.141178
0.756041
-1.675449
0.606569
2.414025
-1.083626
-1.233701
1.082460
2.124059
1.107861
-0.040991
2.054370
0.014916
1.137329
0.268052
-1.806197
-2.470741
2.793416
0.771919
1.651053
2.133857
1.658465
-0.185181
-0.301165
-1.807421
1.933233
0.584232
-0.164029
0.835202
-0.215432
-2.291973
1.834389
0.488695
0.709980
0.579537
0.347040
2.465096
0.110266
-0.547947
1.166520
-1.746362
-2.140469
-0.522543
0.705017
-1.915024
0.610705
-1.044609
0.682191
-2.250332
1.665538
1.454393
0.107815
0.143533
-1.846666
-0.440862
1.241725
-2.346340
-1.981525
-2.194266
-1.868441
-0.253716
-2.364530
-1.415504
-0.127098
0.787932
-1.271544
-0.544987
0.927947
1.600236
-0.117147
1.905716
0.249242
-2.323217
0.102379
2.182335
-0.113002
0.149049
2.257313
-1.364959
-2.049249
0.147045
-0.496407
1.967129
0.512153
1.091090
0.385358
-0.087369
-2.156755
-1.681453
0.788338
-2.222649
2.066959
1.224969
-1.253667
-1.253137
-0.104235
-2.297693
-0.886807
-1.551715
-0.101481
-1.402412
1.291066
1.678556
-1.318371
0.616432
1.158082
-2.346941
1.915122
0.408945
1.047134
-1.871334
-0.597129
2.010731
-0.991323
-0.250019
2.085519
2.212102
1.564404
1.216175
1.246613
-2.038397
0.979470
2.169327
1.030158
0.915605
1.845926
-0.263884
-1.758348
-1.783824
0.288165
0.519199
0.455357
-2.026518
1.890761
0.242776
1.681755
-1.542159
-1.750694
-1.861537
-0.786531
-1.815496
-1.467717
1.699782
-2.007719
-0.162117
0.333741
1.495066
-2.464952
2.032307
-1.506183
0.709626
-0.809767
-1.744588
1.826504
0.049543
-0.713021
2.051671
-1.111227
2.084060
0.026171
-0.230047
0.892322
-0.182019
2.749823
0.450869
1.907460
-2.313416
-0.421056
-1.240924
1.472359
1.738556
-1.794848
1.199280
-1.613606
0.121592
-0.108273
0.032414
0.410118
-0.770119
-2.399695
1.242364
0.972204
0.900969
0.536140
0.627167
1.917699
-2.012887
2.363313
0.893325
-1.111355
-0.592900
0.531667
1.516745
-2.278492
1.072464
0.199937
-2.145245
0.836035
1.114097
0.904662
-2.172901
1.805137
-0.570077
-1.222369
-0.590007
1.987841
0.706914
-0.351546
0.361577
-1.277028
-1.532810
0.816629
0.308518
2.208033
-0.319822
-1.313101
-1.749889
1.027838
0.873404
0.786217
-1.170965
2.412793
-0.826382
-1.712403
-1.834458
0.875981
-0.305763
2.201914
0.502439
0.383096
0.421508
-0.051005
1.894179
-0.434735
0.315221
1.923113
1.517189
1.099837
-0.642497
1.000047
0.741182
-0.219202
2.826693
-1.775718
1.092303
1.095233
0.855557
-1.707384
-1.278551
2.340519
-2.346799
-2.345812
1.772586
0.752874
0.247526
-1.207840
-0.513345
0.122950
-1.137826
1.563598
1.042335
0.908135
1.254250
0.825397
1.501500
-0.048874
-2.290914
1.880348
0.579876
1.361976
-2.214413
-0.585344
1.511410
-2.207643
0.144858
-1.737588
1.885070
-0.409763
0.666247
-1.845467
0.983212
2.024528
1.618473
-1.763945
1.261084
-1.528528
-1.523471
-1.562197
-0.082193
-1.213996
-1.999335
-0.604749
-2.036029
-2.370334
1.079481
-1.863218
1.693457
1.554387
-0.298086
1.042063
-2.482657
2.435261
0.731989
-2.485898
1.367299
-1.982547
1.227835
1.969035
2.004808
-0.199074
-1.963885
1.203076
0.681634
-1.387016
-1.426678
-1.035156
0.639294
-1.167741
0.034772
-1.447346
2.347054
-0.511317
0.460096
-0.450514
1.897491
0.857694
-0.856140
1.774201
0.076095
2.748402
-1.879987
-0.274124
-1.597404
-0.505867
0.425839
-1.838968
2.157890
1.734612
-1.976349
2.181832
0.092569
-0.660573
1.704351
1.551475
1.846492
0.302077
-2.322831
-2.541931
-0.563202
-0.300194
0.240050
2.734802
0.927392
2.197614
0.939776
2.293472
2.308280
-0.365624
-0.892401
0.806185
0.941469
2.704038
2.220498
-0.096648
0.543758
0.254795
-0.559068
2.152651
-1.463358
-1.611814
-0.054810
2.335545
-2.169237
-0.339775
0.581851
0.128083
1.896004
1.365496
1.823091
1.325369
1.317599
2.145208
-1.052000
2.048658
1.833370
-2.275897
2.331257
-0.096544
2.143573
2.241729
-0.090071
-0.200415
1.012600
1.407636
1.649757
-1.509286
0.010827
1.560361
-2.163230
-0.589687
-2.359666
0.051440
-2.382641
-2.172997
-1.927696
2.047577
-0.647395
-0.744636
0.011322
2.469619
0.143196
0.477565
0.516929
-2.002889
1.013563
-1.312454
1.574520
1.025999
2.876144
1.972399
1.436998
0.819509
0.714978
0.876533
-1.995344
-0.541410
-2.063199
2.225561
-1.219619
-0.753297
0.579358
0.250734
0.925786
2.376080
0.769339
1.340158
-2.062247
-2.413431
-0.836863
-2.084345
1.145250
0.433838
2.817221
0.813829
0.158610
0.212211
2.384539
1.240255
-1.843755
-1.657102
2.578825
2.259789
-1.229551
0.734173
-0.283677
0.492977
-1.773226
2.230362
0.469917
-0.674290
-0.208444
0.736364
-2.411673
1.809924
1.085436
-1.430052
0.552112
0.856223
