0.603118
-1.505200
1.332301
0.934083
-0.044784
1.747069
1.552095
-0.850957
0.495737
0.911639
0.567629
0.721177
0.367318
-0.991780
0.825299
1.575530
0.382866
1.460048
1.283109
0.111906
-1.500213
2.154278
1.235298
0.647082
-0.157954
1.628913
-1.729290
0.589058
-0.146747
0.106179
-0.101506
1.164482
0.036049
1.705569
-1.025692
-2.042672
2.517233
0.597531
-2.273312
-1.282007
-1.555928
-1.578868
-0.637940
0.352425
0.536468
0.851644
0.113110
-0.624924
0.046647
-0.305617
-0.826167
1.289028
-0.221858
1.963079
-2.312117
0.641570
0.623395
-0.091735
1.915990
-1.262871
1.221121
-1.042974
0.150391
1.318890
0.303336
1.300622
0.686371
1.190006
2.243641
0.295221
2.183445
2.024437
2.316524
2.842037
-0.926036
-1.616127
-1.102015
0.968819
-1.288145
-0.387883
2.979979
0.128810
-0.329376
0.015345
0.980060
1.110681
-1.578716
-0.853849
-2.202324
0.535480
1.773889
0.649788
-0.172300
0.772560
1.539179
-0.986330
-0.335987
0.144666
1.544288
0.283237
1.358532
1.835037
1.971044
-2.110558
-0.004545
0.537074
-0.670270
-2.054889
-2.214936
0.709347
-1.313672
-2.411565
-1.959172
1.580580
-0.334199
-2.453243
-1.102360
1.134111
2.133772
-1.825249
0.538388
1.723989
2.729029
-1.331028
-1.740499
0.350678
-0.192206
-1.787636
1.506415
1.720882
-1.593583
0.388351
1.011450
-0.803005
-0.768072
0.177434
0.225812
-0.029123
-0.164433
0.821382
0.215534
0.490806
0.829654
2.263031
1.808068
-1.817114
-2.156532
1.172283
-0.058854
0.790388
-0.190492
2.158680
-0.428805
-0.869502
-1.793123
-0.059242
-2.155853
0.597693
-1.323802
0.669059
-0.275865
1.058716
-2.171001
0.886941
-0.067445
2.207757
0.747770
-0.822619
0.149786
-0.295018
0.902659
0.719608
1.182265
2.784253
-1.912205
0.966735
-0.468503
0.020500
0.358300
0.853505
1.017695
1.334123
0.048909
-2.516900
-0.931176
1.997739
0.181232
-0.829455
-2.235712
1.779493
-0.260371
-0.323427
2.419846
2.487492
1.013727
-1.267823
-0.104403
-1.272025
1.864725
0.316648
0.719968
-0.663320
0.701286
0.808781
0.195935
-0.182043
-0.340529
-1.224652
-1.963000
1.030736
0.122229
-0.164143
0.005250
2.424242
1.194369
1.327620
0.810948
1.042616
0.728563
-2.016161
1.849259
-0.089921
-1.982759
1.052896
0.894654
0.903150
0.328327
-0.131032
1.330751
0.571901
-0.137232
0.392138
2.338098
-0.433441
-0.316342
-2.046325
1.133070
-1.831990
0.559292
0.480178
-0.307419
0.590718
-0.565173
2.224765
0.002620
1.940639
-1.733328
0.669096
-0.024669
-2.010150
0.209913
-2.077578
2.668095
1.174705
1.790470
1.818007
-0.151449
-0.035783
-0.214756
-1.340769
-0.260242
2.150469
-0.724005
1.725638
0.467984
0.800352
2.067815
-0.809840
2.923757
2.257960
2.325399
2.768946
2.531690
-0.435152
1.870488
-1.786448
-1.961964
-0.079344
1.926277
0.770277
2.039906
-0.714334
0.435486
2.149732
0.533468
1.009103
0.599123
-0.120803
2.267337
0.964419
0.142095
-0.052113
-0.129066
-1.550720
0.935429
-0.876198
-0.398284
0.881999
1.086931
-0.109969
1.032676
0.931222
1.847062
1.761822
-0.532103
-1.104738
0.459537
-0.482133
-0.114167
0.948537
-1.071526
1.358613
-1.498928
-0.163510
-1.802684
-0.428933
-0.777847
-0.962495
0.114860
0.862045
1.640009
0.133291
-2.414900
-1.493243
-1.521978
-0.179765
1.014127
-1.201354
1.025644
-1.812608
0.227399
-0.811281
-0.924455
2.079106
-0.097951
1.133134
1.638160
1.270515
1.766907
1.002413
0.673844
-0.512176
-1.142483
2.241047
0.012023
-0.049133
-1.963783
-1.435964
-2.234754
-2.166671
-0.579051
0.053610
1.039313
1.159880
-2.020846
0.744887
-0.527271
1.067633
0.008971
-0.925797
0.729283
0.620711
0.389641
2.159377
1.183175
2.398926
0.902233
-1.977819
0.922879
0.061544
-0.814306
0.831521
0.885209
0.602436
1.174037
0.818401
0.100544
1.629770
1.159019
0.480054
0.924551
2.030408
0.479063
-2.314885
-0.005478
2.162991
0.018185
1.368583
1.791663
0.616735
0.505863
0.659471
1.571398
0.653377
0.999283
-1.369012
-0.244475
1.635751
2.346260
-2.041505
0.071027
-0.480824
0.100277
0.404247
-1.258750
0.872172
0.124127
-2.076249
2.320349
1.830455
1.893201
1.022172
-0.118401
-1.347911
1.224688
-0.474473
2.848854
0.503382
2.120165
0.939207
1.333338
1.749663
1.183870
1.631975
1.171298
-0.799330
0.855139
2.221981
-0.846893
-0.432894
-1.629148
-0.500705
1.538654
0.976845
0.097695
3.695612
2.066206
-1.824296
-1.210662
0.313732
-1.865909
-1.347465
0.966932
2.101986
0.210065
-1.255015
0.058926
0.457334
-0.050016
1.027818
0.837824
1.851933
0.443348
2.582548
-0.986186
-0.387684
0.911879
-0.249755
1.976470
2.125412
-1.100732
0.429799
2.497913
2.355414
-0.933833
-0.553790
0.539305
0.119334
1.997917
-0.669342
0.482759
1.860288
0.510434
1.144165
-1.249023
-1.336861
-2.054572
-2.368995
0.195352
-2.648558
-1.140823
1.884442
0.059028
-0.467387
1.803400
0.518183
0.845529
0.632563
1.052237
0.981057
1.188514
0.724689
2.301512
0.719289
0.655117
1.550996
-0.129623
-0.653051
2.099865
0.786095
-2.236306
0.735301
2.424769
0.441661
-2.011317
1.883287
-1.419561
-0.307798
2.829795
-1.138338
0.091455
2.301516
2.450536
2.250649
2.142912
1.152731
-0.502461
-2.054129
1.910056
0.768807
-2.303845
1.593465
-0.640732
2.418455
1.352907
2.242309
-2.188650
1.481616
0.082741
2.224924
-0.171652
0.410132
0.740946
1.038783
0.271917
1.245901
-0.218978
-1.587187
2.000643
1.005666
1.568160
-0.623701
-0.360507
1.955809
1.998009
0.828270
0.572966
1.079734
0.052398
0.547567
0.229190
0.808633
-1.822577
-0.254986
0.281225
0.655878
1.316988
1.177211
-1.574793
-0.801147
1.840449
2.029527
0.388713
0.349038
-1.426590
0.624935
-1.829324
0.206820
1.292682
0.641979
0.087210
-2.098121
1.552152
-2.290551
1.805296
-1.070688
-0.458711
-0.335898
2.142830
-0.435056
0.492603
0.761108
2.015716
-0.147721
-0.365413
2.398125
-1.519678
-0.832207
-0.017999
0.678339
1.745661
0.552775
-0.073394
0.662231
-1.031560
0.092174
2.051858
-0.789307
1.016670
2.340736
2.405007
1.033374
0.148918
-2.408533
1.460562
-1.858001
0.500026
-0.359618
0.599553
0.908477
-2.336265
-1.912427
-0.529743
1.045539
2.718805
-2.496049
0.345184
-2.172158
1.552794
2.011427
1.029451
2.360011
-1.817329
2.633524
0.878541
2.185357
-0.964845
-0.756616
-0.319258
2.050717
1.428166
-2.188624
-1.939399
0.864619
0.935510
-0.237356
0.572868
0.350779
0.958363
-0.381480
1.126542
0.678066
-0.071130
0.790762
-2.047307
2.279446
-0.698228
-0.506946
0.835133
0.378481
-0.043903
-1.598539
-2.096950
-2.333121
2.653187
1.210106
0.900194
1.220674
-1.338006
0.837757
2.373045
0.090268
0.149886
-0.502390
-0.260773
0.650396
0.579898
0.489914
-1.353761
0.841399
0.111651
2.362291
0.630011
-1.153094
0.214303
2.062369
0.738620
0.294798
-0.595143
0.965188
0.240184
-1.825939
-1.771455
-0.818581
0.009567
-1.789857
0.560996
0.825750
1.793613
1.806604
