-2.482686
1.582360
2.288805
0.087911
-0.647836
-0.151861
0.844824
-0.302202
0.087658
-0.303146
1.797363
0.398784
1.795537
0.854571
-0.673805
-2.051333
2.412167
-1.907657
-2.177485
1.121016
0.986174
-1.956743
-0.812259
-1.781585
1.716824
0.544714
-0.376135
1.518565
-1.566880
0.406467
-2.004962
1.850189
-0.436448
-0.259770
-0.016511
-1.592045
-0.025071
-2.167945
0.693139
-0.047227
0.642622
-0.995078
0.007400
0.573511
-1.499470
-1.904294
0.497137
1.993887
1.100048
1.462619
1.280501
1.407539
1.185573
-0.330670
2.870282
2.509710
1.223922
0.921640
1.652653
0.242178
2.650906
-0.342126
0.862464
-0.073163
1.517281
-1.817394
2.047717
-0.981941
2.216129
1.200506
2.840859
0.850553
0.494552
-1.547918
0.179446
-1.909217
0.191773
-0.063054
-0.116192
-2.183407
1.249451
-2.336293
0.710400
1.658132
0.006929
0.125244
-0.313966
-1.770376
2.211965
1.420978
1.723969
-0.952010
0.522195
-0.116950
-0.452351
-0.067551
0.674914
-0.008608
1.704596
1.290528
-1.843672
-0.146145
-1.585090
-0.361120
0.005906
-1.866661
1.112181
-2.362608
1.698886
-1.175472
-0.117123
2.841955
1.167732
-0.778777
0.453145
0.609498
0.443797
-0.617520
-0.327302
0.444185
-1.292241
-2.138296
-2.114376
1.291426
-1.790525
1.279282
0.846192
1.751256
-0.504711
0.601920
-2.101335
0.325088
-0.122253
0.768800
0.178185
2.806955
2.430645
2.877859
-0.694529
1.856737
2.554166
2.791374
-1.511230
2.296163
-1.506811
2.387629
1.633668
-0.218641
1.008076
0.965629
-1.486711
1.059217
0.069074
-1.952282
0.629510
2.029956
0.895886
-1.037845
-1.926568
-1.780434
-0.928713
-0.443266
0.937003
1.591834
2.311552
0.210643
-1.766085
0.449799
0.516252
1.374674
-0.674433
-1.683402
1.091600
-2.084744
1.818665
0.593365
0.205463
-0.254360
0.265815
1.664057
-0.408267
-0.608722
1.125730
0.998718
-1.591963
0.892294
1.315100
-1.000160
-0.442316
2.207727
1.290354
0.686763
0.602617
1.159177
-2.619672
2.106797
-0.209874
2.540918
-0.816963
0.592827
0.675838
-1.825760
-2.240995
1.851468
1.731554
-0.386598
-1.230348
0.027607
1.391038
2.034744
-0.384557
0.498029
-0.260028
0.059686
2.132991
-0.786295
2.145670
1.741814
0.697490
0.389516
1.565868
-0.065355
2.346453
-2.384277
1.330839
2.149788
-1.879154
-0.386895
0.880928
-0.141513
2.225954
1.545631
-1.117113
1.068047
-2.112929
2.306532
0.455377
1.086327
2.248508
0.102176
2.343056
-0.008901
0.530654
1.917316
-2.518880
2.423846
1.817464
-0.241123
0.486802
-2.265388
-0.519924
-2.151425
0.700009
0.832340
0.783452
-1.388080
-2.441646
2.189595
2.949485
1.518867
0.966131
2.244710
0.122853
-0.364091
2.226908
-0.443468
1.952077
1.651488
-1.560910
0.182551
-0.878111
1.704983
0.003581
2.247981
0.458894
-2.103109
1.852105
0.494944
-1.472796
0.510856
2.163186
-2.214780
-0.509213
-0.515472
-2.344399
0.811172
0.628588
-1.495324
0.709947
0.217465
0.471948
-0.447194
0.885047
0.187667
-0.569531
-1.007913
1.890311
-1.690960
-0.909283
2.253011
-0.618184
-0.180304
1.905715
-1.697611
0.776032
0.071688
0.459240
0.942993
0.407409
-1.948188
1.336255
2.796256
-0.073668
-2.367207
0.614880
2.420231
3.007254
0.943353
1.149616
-2.275860
-0.121221
-0.182949
0.652050
1.931216
-2.469325
-0.216806
2.871109
-0.708204
-2.453815
-0.661639
-0.168285
-1.645395
0.690858
0.045333
-2.376229
0.627236
-0.443515
-0.959597
-1.948079
-0.101436
-1.561069
-0.316896
0.868885
-0.554600
1.015272
1.704965
0.418336
-0.106584
-2.198482
2.244950
2.042045
2.006364
1.128519
0.509542
-0.115856
0.603717
-1.857198
-0.667020
2.715858
1.904598
1.419895
-0.581150
2.515901
2.027664
1.497172
-0.602315
1.156794
-0.008229
0.829906
1.681758
0.190208
0.867431
2.215306
-0.081732
-0.481389
0.544721
2.215631
2.027374
0.671472
1.920952
-1.266230
-0.413329
0.709971
-1.877152
-2.243543
1.436499
-0.974278
-1.460175
-1.280270
2.518097
0.470950
1.847896
-2.821624
-1.381556
2.760763
-1.787039
-2.008935
-2.584215
-1.775842
0.621899
-1.587872
-1.854572
-1.697389
-1.828561
0.401893
0.018739
-1.570641
1.212675
1.101557
-2.307760
2.722929
-0.219694
-0.358442
0.528372
0.420859
-0.146233
-1.421816
-1.368840
1.391656
0.077451
0.743032
2.046727
0.067566
-0.557155
2.770775
-0.384820
2.006162
0.194694
-2.070596
0.685106
2.907061
-1.841666
-1.809763
-2.021633
0.289472
0.696360
-0.249219
0.590829
-1.491770
2.044167
-1.837969
-0.663193
0.730144
1.982567
1.034876
-0.607212
-0.631544
-2.477278
2.705039
1.853737
-1.717411
2.028605
0.174978
-0.373310
-0.682548
-0.348829
1.466259
1.723117
0.870763
0.651258
-0.104093
0.924543
0.850453
0.668596
0.179678
0.368941
-1.447804
-0.002056
2.128495
2.082034
0.767431
2.432623
-1.943369
0.158776
-2.368258
1.012907
-1.544426
1.976434
2.542187
-1.349190
0.751547
-0.925576
0.972604
-1.934865
0.283232
-0.365853
-0.338685
-2.513702
0.493134
0.529088
-2.202474
0.397113
2.365908
2.266799
1.617422
1.083564
2.426847
-2.287593
-0.361525
0.802246
2.029307
0.281398
1.943857
2.384584
0.779527
0.868978
0.725567
-0.647902
-2.421393
-1.500222
0.092092
-0.827732
2.526921
-1.409105
-1.956536
2.348560
-2.184835
2.343470
0.219527
1.050022
0.609626
0.836736
-1.948636
2.225923
1.089308
0.099256
3.224777
-1.321191
2.005882
0.605277
-0.767296
-0.108269
-2.007340
-0.812751
0.699082
-2.159710
2.205549
2.229701
1.686635
1.496636
1.445585
0.042611
-0.393562
-1.065298
-1.111921
-1.803016
-2.240054
-1.275141
2.192149
1.302932
0.515267
2.108320
-0.348282
-0.992664
-0.616121
-1.885844
-0.426964
0.320227
0.784675
0.827081
-1.078610
-1.710222
2.156777
0.868733
0.990612
-1.671858
0.954196
-2.363058
1.160380
-0.748523
1.054233
0.766220
1.228215
0.839222
0.145226
0.484079
-2.118826
-1.890266
-0.281904
2.270821
0.132265
-1.800683
0.946444
2.592669
1.157348
0.904097
1.625412
-1.813252
-1.799016
-2.279633
-0.175337
0.480056
0.258044
-2.103482
-0.506793
1.609738
-0.031251
1.962109
-2.354669
-1.738334
0.071662
2.300781
1.710704
-0.296772
0.837122
0.939311
-0.620329
-1.756896
3.397532
-0.342733
-0.810054
0.888667
-1.762834
0.996663
1.835148
1.803983
1.084426
1.007900
-0.437382
-0.038063
-0.116452
0.684209
1.924206
-0.573352
-1.930902
1.860346
-1.697991
-1.636430
0.009197
-1.784139
-1.733359
-2.111851
1.016692
0.346184
1.196442
-0.779451
-1.019384
-0.245100
-1.745558
-0.043711
-1.116539
1.036170
1.321879
0.875888
2.606974
-1.440882
2.523441
1.012236
1.757318
-0.068052
-1.648084
-0.299864
0.546978
2.177829
1.359405
-0.125863
2.489834
0.740753
1.294543
-1.699893
-1.164546
0.579360
1.246956
-1.654073
-0.689050
-2.072613
2.444770
-0.243914
-0.563060
-0.426523
-0.371036
-0.510835
-0.449564
2.271464
2.066660
1.718083
0.342838
-2.334022
0.453718
-0.315699
1.001011
-0.969838
2.313999
-1.053980
-2.590976
-1.864385
-0.085851
-0.326355
-2.032117
1.629010
