1.378426
-2.399733
-2.150864
-1.196301
-0.363777
1.489219
0.214814
1.865282
-0.313067
-0.818514
1.943448
-2.390582
1.943224
1.092033
-0.024280
3.019189
-0.026355
-2.318201
-0.845914
-0.375733
0.838305
1.045819
-0.721645
-0.377206
2.128202
-0.630846
1.370349
-0.136021
2.350191
1.602695
2.463997
1.270468
-1.138747
-1.111001
1.166200
-2.176774
-0.028103
-1.310345
0.290771
-0.749925
1.859728
0.677577
0.388085
-2.003415
1.358938
-2.024381
1.929491
-1.709949
2.044334
-0.961139
2.027986
-0.258235
0.126142
1.905420
1.925442
0.591333
-0.255446
1.610286
1.294898
-0.275366
2.236904
-2.427108
-1.408152
0.684962
-1.292600
1.725703
1.797474
2.151116
-2.109720
1.270901
-0.027169
2.549146
-2.226070
1.675181
-1.039193
2.159996
2.029706
-0.615221
1.971518
1.409656
-0.726406
1.687552
0.386321
-0.139805
-0.441487
1.590391
0.454669
-0.183922
2.205131
1.481875
-1.450002
-0.431582
0.952963
2.134290
1.946570
1.574057
-1.762867
2.322673
2.227136
1.861910
0.592082
-1.772285
1.466845
1.903629
-0.946678
1.199552
0.183534
-0.549834
-1.642105
-1.172433
-2.385851
-1.444693
1.654975
1.565617
1.404615
-1.840284
0.288451
1.237581
-2.282849
-1.769991
-1.497059
2.888924
2.127521
-0.778386
0.806412
2.207714
0.918125
-0.185227
0.495760
-2.303088
1.383744
0.801639
1.446220
-1.548709
1.118165
-1.918148
-1.434940
1.611062
-1.174634
0.441256
0.201344
-0.055866
0.525538
2.591064
1.827117
2.072440
0.103354
2.385496
0.763420
1.641413
1.645117
0.296310
-0.610508
-0.286505
0.667618
0.668243
-0.704161
-0.363536
2.050811
-0.319644
-0.792500
1.792836
-0.284522
-1.915602
1.822021
-0.061129
-1.832770
-1.926659
2.257635
1.661753
1.406393
-1.647019
0.645180
-1.784831
-2.360588
1.093075
-1.230890
2.436310
2.180413
0.050901
-0.074990
-1.091156
-1.447655
1.089329
-1.639411
-1.279435
-1.699671
-0.321358
1.337492
0.772211
-1.936936
0.828375
-2.386494
0.920014
-1.878550
-0.531794
-0.132659
-0.282985
2.330381
-0.396247
0.332795
1.747822
0.299040
0.336426
-2.006728
2.351043
0.666015
0.915579
1.110081
-1.647058
1.835832
1.115267
-2.072985
0.622295
-2.247267
-0.319802
-0.911425
1.343323
0.863621
-2.044349
0.277599
-1.786654
-2.122137
1.792758
-1.526249
0.297316
-2.168035
0.501825
-1.653490
-1.616005
-0.843919
0.136532
-1.532319
-0.480757
0.202096
-1.936216
-2.336533
-1.378233
-0.046082
-2.138350
-0.709571
-0.191820
0.271980
1.017664
0.646937
0.382311
-1.126364
-1.876056
0.844006
0.767180
-2.181861
-1.807705
-0.062528
1.034422
0.016201
-1.363940
-1.529329
2.360250
2.112516
-0.489140
0.103959
-1.524862
-0.558016
-0.565947
-0.283077
-1.805293
0.247204
-1.193565
-0.191334
1.809048
0.785273
2.166246
-0.729685
0.550277
0.305190
1.276091
0.644062
0.220845
-2.097440
0.069335
0.158609
-0.663616
1.447998
0.917292
-0.878314
-1.042993
-1.767307
-2.418216
-2.257911
2.093845
0.926455
-0.844739
0.461003
-1.936449
0.384833
-2.097198
0.349478
0.294010
-0.637626
-2.214314
-2.128814
0.369610
0.444848
2.304461
1.857641
-1.790381
-1.781588
1.946513
-0.626777
1.250675
1.531015
-0.593497
-1.887668
0.699573
2.118192
1.426838
-1.906795
1.997237
2.456814
0.013104
-0.833432
1.514033
-1.326341
2.189071
-2.514647
0.664029
0.098048
-0.605633
-1.816527
0.193702
-1.272013
0.955170
-2.158046
1.492021
-2.053784
2.348796
1.704664
0.223546
-1.069125
-0.991515
0.200559
2.128894
1.199787
1.418255
2.106416
-0.092577
-2.457001
-0.476269
1.221064
1.972976
0.390684
-0.842764
-2.029531
0.044990
-1.679615
-1.093913
-1.952126
-0.024321
1.412050
2.232754
0.081588
-1.606906
2.653391
1.356047
2.975691
-1.767322
2.929228
-2.047928
0.128920
2.088415
0.596732
0.913704
0.865476
-1.153721
-0.973346
-0.312499
0.953550
2.483583
-2.004348
-2.044236
2.584333
-2.501559
-0.473877
-2.115297
-0.457377
-2.085427
1.222606
0.248134
-1.994518
-0.782527
-0.260493
1.185948
0.017248
0.788834
-0.286054
-0.476549
1.193140
2.593266
-1.004413
1.960980
1.692404
-0.280053
0.663287
2.425896
-1.089159
-1.594587
0.865129
-0.431098
-1.496165
-2.097052
-0.936675
1.964876
-1.034750
2.524010
1.047765
-1.568512
0.248040
-2.007734
2.462098
-1.963267
1.815912
2.186852
-0.787824
0.765476
1.499978
-2.355400
2.179534
-1.007120
0.338547
-0.211975
-0.424876
1.197936
-1.510391
-0.534668
1.330228
0.112116
-0.119079
-0.121692
-1.401382
2.810679
-2.048799
1.808212
-0.859425
0.499052
1.191292
1.206694
-1.951684
1.646382
1.926144
-2.179140
2.861355
0.577913
-2.003894
2.038808
-2.184555
1.160368
-0.119640
1.170024
1.666583
-2.274425
1.601771
1.189847
0.023398
1.751794
0.517993
-1.186959
1.679261
0.358616
0.362087
2.343220
-2.469700
-1.340623
0.943582
1.336992
2.935302
-1.060086
-2.552037
0.718224
-1.750102
-2.452803
1.117194
2.203051
-1.819819
-1.657752
0.336286
-1.848051
-0.687782
-1.875554
-2.038005
1.143982
-1.156389
-0.552112
1.202291
-0.047938
1.396249
0.507163
-0.302519
-1.216474
0.364722
-1.038915
2.033460
2.481233
-2.072112
-2.188434
2.070176
0.851375
-1.851439
-1.984705
0.883254
1.160647
-1.306770
-2.243469
-0.284399
-1.819541
-1.823375
-1.715531
-1.522836
-1.219274
-1.526382
-0.039266
2.345406
0.955141
0.923883
-0.668773
-2.050630
1.993500
1.866170
0.545686
-0.036637
2.769466
1.717920
-1.907826
2.389914
1.752114
0.636629
0.861684
1.171713
-0.721180
-2.400567
1.214170
2.237115
1.075900
0.917078
-1.409702
-0.795378
1.165266
1.454558
1.240202
-1.588328
-1.805039
2.549567
0.131552
-0.882570
-1.693155
0.932704
0.913960
0.280270
-0.190904
-1.994869
0.845628
0.412847
1.965508
0.346928
-0.193634
1.854117
-0.423559
1.299731
2.877380
-1.498653
-0.522224
-1.425684
1.090061
0.294845
-1.781753
1.538951
2.257606
-1.294824
-0.938164
-0.678563
-2.284642
-1.620049
0.123647
2.563803
2.072253
0.337465
-2.135497
2.423188
-2.185203
-1.821226
-0.814477
-0.996249
2.390687
-1.624696
0.968886
1.073076
1.511970
1.560188
1.991668
-0.294374
1.707417
2.176324
-1.694278
0.125600
1.844233
-1.959331
2.420419
0.145077
2.394698
1.198773
-1.213133
-2.020334
-0.446669
1.385052
-1.173424
-1.483037
2.840299
-2.495980
0.753035
0.616542
2.427274
0.198828
-0.868180
-0.490794
-1.553197
-2.254703
2.001713
-0.477548
1.144301
2.311283
-0.107914
-2.396813
-1.544822
-0.236375
-1.721469
0.668069
1.861207
0.154216
2.251505
2.869758
-0.261916
1.678853
-0.083733
0.925141
-1.576729
0.223557
0.674425
2.599135
0.573184
-0.814146
-0.217329
0.757016
-1.885421
0.134899
-0.368298
-2.147006
-0.510038
-0.503434
-1.224728
-0.861755
-1.805500
1.440208
-0.566227
-2.059771
0.199281
-1.923371
2.038004
-2.458291
-2.141845
-1.022284
1.753333
-1.232277
-0.569712
0.357497
0.039833
0.522549
2.046433
-0.785134
-1.882296
-0.651820
1.273527
1.858766
0.430703
1.044579
0.724725
0.422446
1.812754
2.074184
1.715767
-2.136270
-2.496899
