-1.044169
1.881184
-0.758378
-0.037020
-1.428899
1.590025
0.058756
-0.114877
-3.060141
-2.731465
-1.317122
2.914794
-2.231839
-2.491171
2.368852
-0.190639
0.684295
-2.668686
2.342111
1.726391
1.338692
-1.342694
-1.320818
2.265535
-0.099669
-2.485897
0.372068
1.080839
0.575425
1.840645
2.630362
-2.369527
1.831399
-2.372586
-2.137526
-2.577509
-0.561163
1.054566
2.003204
1.514253
-1.249046
1.317122
0.886502
0.399515
2.669471
-2.502207
1.222025
-2.169972
1.150600
-0.463648
-2.384758
0.453339
-1.467715
-1.607144
-1.091277
1.282741
0.761593
-1.302886
1.609992
-2.304957
-2.017639
0.847048
-0.934958
-2.788602
-2.356194
-2.300696
0.402321
-0.453339
-0.945311
2.122451
-1.331565
9.484706
-2.670952
1.732171
-1.604117
0.772412
-1.837048
2.138901
1.881795
-2.947971
3.141593
1.892547
-0.800782
-1.237552
0.407632
-1.954966
0.617756
-1.823872
-1.067170
-1.230414
0.927295
-0.185348
8.999573
2.100386
1.604682
-2.149321
1.570796
0.344219
0.643501
2.753274
-2.034444
1.190290
-2.181522
2.186416
-1.983207
-1.532354
-1.193547
1.261093
-1.343997
-0.388319
-0.463648
1.774814
-2.677945
-0.463648
-2.288118
-0.867566
-2.904744
0.221314
2.384758
0.000000
0.864597
-2.901850
-0.514451
-1.879727
0.755104
2.153536
0.622671
0.948126
-1.337817
9.290007
-1.911178
-1.784857
-0.234723
-1.304544
-0.413689
-2.761086
1.886011
-2.826378
-0.844154
-0.084902
0.881872
2.430683
-2.133294
-2.062606
1.171281
1.261866
1.441886
-2.614649
-2.226492
-2.052460
-2.767259
0.039196
1.380808
9.340234
1.124691
1.354711
9.172224
-0.343024
-1.897894
-1.115696
-0.103082
1.218752
-2.809533
-2.761086
-0.380506
-3.099950
-2.198426
3.021484
1.747505
0.724866
-2.647651
-1.255181
0.470894
-1.902856
-2.331809
-2.581233
-1.394087
0.507099
2.004750
-1.862253
0.603230
1.254510
-2.250705
2.200830
-0.471166
2.725528
-0.572460
-2.967921
-0.540420
-0.170735
-0.120624
-2.838708
-2.767259
3.141593
0.821527
-2.404936
0.229904
-2.114629
0.862170
-3.202125
-2.994514
1.799293
1.768192
-2.218608
1.261093
3.687248
1.570796
0.991722
-1.000756
1.570796
2.501505
-2.089942
2.079526
0.739975
-2.878598
2.654693
1.796073
2.572279
0.519146
1.604117
-2.460294
-1.242676
1.835614
-1.570796
-1.987235
2.253113
0.328120
-2.643476
0.106736
-1.165905
-0.610726
0.288055
2.420621
0.032775
-1.120135
0.659310
-1.963854
1.114724
-0.173671
-2.642246
-0.665969
2.283857
1.048962
-2.819842
2.127698
1.957672
0.354706
-2.178598
1.628425
-0.018866
8.951871
-2.580906
1.483301
-2.743965
-0.878462
0.402655
1.317122
-0.372068
0.772741
0.896055
2.883340
2.063282
-2.455863
0.244979
2.085248
3.070285
0.172191
2.158799
2.165010
-2.186416
1.506369
1.831399
-3.075024
-2.248183
-1.553254
-0.058756
-1.340892
-0.740652
-1.420984
-1.832510
1.963136
-2.214297
2.543174
-1.602036
0.204642
-0.722191
2.077895
-0.452778
3.230249
-0.902507
2.393215
-2.877104
2.589938
2.469629
-0.035699
-0.610726
-0.982794
-0.315616
2.218188
-0.909753
-2.754717
1.220482
2.686873
2.414950
-0.740652
0.141897
2.466852
3.173840
-2.694073
1.975688
1.607816
-1.917858
2.778446
-0.185348
1.389147
0.000000
-2.143256
1.002692
0.708626
-1.516305
1.507053
1.971037
-2.771687
0.117109
9.282881
2.289626
-2.011547
-0.600050
9.349449
-2.966920
2.900746
-0.288055
0.117109
-2.015216
-1.415800
0.674741
1.134169
-2.597312
2.784973
3.099950
1.176005
-1.681454
2.210884
-2.053310
2.791278
-1.536327
0.482513
-0.757628
1.820775
1.739003
-2.050316
0.063743
1.178456
-1.504228
-2.390664
0.463648
-2.463473
1.051650
-0.890275
1.485895
0.209640
-1.107149
-2.317253
0.866302
2.152701
-0.197396
-2.317253
9.233594
0.801790
-1.090621
0.471460
-0.799096
2.754717
-1.670465
2.477546
-2.214297
-1.755121
3.045119
-0.525584
9.383135
-1.137215
0.536911
1.015801
0.139096
-1.457645
1.870572
-2.813039
-2.936951
-2.669096
1.409421
-1.990993
-0.332059
2.178598
2.117585
2.034444
0.735440
1.089909
2.658146
-1.552617
-1.205049
-2.153149
-1.267911
-1.605265
-0.400241
-0.463648
2.001935
-2.813473
0.094061
-0.108271
1.964247
-2.214297
-3.241261
-0.911486
0.404892
0.492486
-0.853785
2.918116
-2.260596
2.424271
1.537475
2.207305
-3.033322
0.423669
-1.360823
2.614965
-2.685244
2.509902
2.398423
0.630401
-2.228685
-0.259332
1.833791
9.273763
2.507960
2.584691
-0.055499
-2.670426
0.162199
0.228103
-2.389890
-0.170735
-1.379612
1.107149
2.538363
-2.153149
0.183111
1.805519
-0.694738
-2.342111
-2.589938
2.356194
-1.209593
9.325109
1.284745
-1.471128
1.592532
0.463648
-1.699120
-1.603043
-1.954324
-0.368349
2.559240
-2.902983
2.953371
-2.214297
-2.913096
-0.059928
1.919567
-2.734337
-0.519146
0.480175
-1.870967
-0.365747
-0.677386
1.570796
-0.740652
-1.699120
-0.960070
-2.306236
1.256039
0.923749
-2.662679
1.792111
2.398423
-2.934096
-1.871717
0.757628
0.000000
0.066568
-2.168555
-2.453448
-2.866167
1.133005
1.329950
2.642246
-2.017639
9.256882
2.906048
-0.348771
0.138640
0.647392
0.455774
-1.477320
0.328553
0.582739
-2.528385
2.428532
-0.939106
0.840897
1.652248
-2.328424
-0.604306
-2.961739
2.620158
0.501013
0.362544
-2.343849
9.360351
-0.917950
-1.021422
-1.115696
1.535723
0.612538
0.885067
-2.426501
2.034444
-2.368242
-2.879879
-0.165149
2.544416
-0.240171
-2.273053
0.024385
0.771700
-2.440333
-2.691833
1.849096
-0.193959
-1.968424
0.834539
1.382575
1.334551
1.551568
-0.267910
-2.686492
-2.936197
2.780389
1.570796
0.533708
-0.376909
1.508378
1.419421
1.325818
-0.370891
1.458069
9.103027
-2.571209
-1.810967
2.206635
2.592218
0.820678
-0.294730
-1.631944
-2.260596
1.145591
0.956133
-0.935770
-0.329050
1.048962
-0.643501
-2.034444
-0.826471
-3.124928
9.068158
1.036401
-1.908252
0.796892
0.832981
0.298499
2.230425
0.982794
-2.819842
-0.737815
1.150133
1.697388
-0.940395
-3.037800
-1.342694
0.723748
2.523165
1.462135
1.039072
-2.369892
-1.802900
2.329885
2.761086
-2.867933
0.747442
9.292226
-2.710454
1.864385
-1.709892
2.068619
1.606495
-2.569133
2.539305
-3.039904
-2.721396
-2.814495
2.114274
0.887605
-0.727990
9.006554
2.148698
2.670699
-0.881872
-0.141897
-1.092444
2.279423
1.590794
-0.099669
1.193887
-0.345556
-0.855705
0.017855
0.919720
-2.344147
-3.159772
-2.867933
-1.453688
-0.659310
2.146221
1.464812
-1.115023
9.334118
-0.016948
-0.799482
-1.471128
2.231839
-0.677386
0.987161
-0.414507
1.068706
1.718646
-2.356194
-2.167973
-2.481964
-0.757628
0.103082
2.248183
0.699193
2.782822
0.797743
0.287281
-0.367174
0.840897
-1.379612
1.509648
-2.089942
-0.616297
9.424778
-2.221873
0.970746
-1.588976
0.769526
9.081754
1.222025
-2.655561
-0.840897
-2.574863
-1.480136
-2.830594
2.871743
-1.667270
2.034444
1.663553
-1.277207
1.969319
1.639653
2.480549
-2.053310
2.668237
0.486032
-0.019605
-2.787595
-0.235545
2.882261
-1.887082
2.726518
2.507960
