0.172191
2.607197
-2.632522
-3.572285
-0.060532
-3.017238
2.723368
1.494024
-3.605240
-1.138389
1.981861
-2.101012
-0.337878
-3.471890
0.812419
0.716542
0.438859
-2.807648
9.481321
0.141897
2.853537
0.785398
1.272297
-1.509648
-2.410196
0.235545
-4.068888
-1.981861
-0.105984
0.192701
-3.386571
1.205049
-2.148698
-1.249046
-1.212026
-4.455065
-1.873681
-2.620158
1.312544
-0.147078
-2.506566
-0.652847
-1.478040
-2.405335
0.830144
0.094952
0.704494
2.356194
-2.482787
-1.789465
0.275426
-1.068706
-3.682012
1.797595
2.389515
-2.285888
3.402195
-0.473356
-1.158386
-2.896614
-0.315616
2.638749
-1.707863
0.630401
-2.969402
-0.940395
1.973117
-2.295046
5.574559
2.101570
-2.203545
0.580003
-1.951303
-0.376909
1.304544
2.424581
1.325818
0.694738
1.155304
0.982794
-1.423718
-1.107149
1.549966
-0.456072
-0.446106
0.848605
2.466852
0.811034
2.102520
-0.037020
0.222661
3.297187
-2.239086
-2.651635
-3.966970
0.540420
3.085049
-1.107149
-2.805954
-1.613324
-4.503366
-2.442400
-0.936774
1.281293
0.139096
-1.012197
-1.428899
-2.896614
0.923404
9.337283
-3.697759
0.000000
2.936197
-2.685819
2.530867
-0.436627
2.852617
0.652847
9.369279
-0.811708
-2.034444
1.209593
0.816638
1.794273
-2.312744
1.234122
1.548578
-0.572966
-1.345520
-3.708322
0.799096
-2.979755
0.329624
1.723446
1.745469
8.361080
-8.980359
-1.042722
1.955401
1.986861
-1.656302
-1.067170
-0.832981
2.204819
1.487655
9.179799
2.356194
0.899652
-1.039072
2.427502
-0.450661
-0.304001
2.677945
-0.547562
0.991722
0.083141
-0.859887
2.498092
-1.474323
0.844154
-0.702257
2.256526
9.371258
2.060754
-0.148890
3.014083
0.631691
2.051684
0.594214
0.173246
-0.743170
-0.257324
1.695151
-1.776192
-0.620249
-2.210566
-1.685673
2.389515
2.813854
-0.571337
-2.750986
-1.270625
-2.694750
-2.607884
2.100386
8.168739
1.152572
-3.338988
-1.530003
1.745469
1.443824
-3.822114
1.860300
1.764008
2.043703
3.268185
-0.977446
1.432157
-1.504228
-1.017955
-1.172274
-2.383215
1.484058
-2.746802
-1.712693
-1.771751
-2.003204
-5.600869
2.451793
2.578276
-2.281706
-2.843094
0.830821
1.197809
0.785398
0.392340
-4.553734
2.813854
-0.577902
1.687905
-0.336675
-1.712693
-9.507919
-0.436627
3.161998
-3.419892
-1.804540
0.839890
2.070143
9.369279
-2.485897
-1.683524
0.982794
-1.243396
1.229181
-0.800782
-2.153536
-1.234122
-1.455920
-2.270689
-0.174672
3.274144
-2.127396
0.214061
0.551655
1.464812
2.844528
0.758378
-2.891150
2.226492
-0.729900
-2.092231
-2.177784
-2.292451
3.121595
2.125104
2.746802
-2.688254
-2.434978
-0.336675
-0.328553
-1.932526
-2.589938
-1.815775
-1.180189
-0.431139
2.077895
-3.863248
0.298499
2.725528
0.127510
-0.447520
-1.183921
0.588003
0.229232
-0.165149
-2.713329
2.221873
2.863293
-1.271020
-1.428899
-5.398118
-2.784973
-0.439843
-2.733961
0.728317
0.048742
2.428532
-1.428899
2.158799
1.630724
-2.356194
-0.496423
2.382504
2.125104
-2.887919
-3.064821
0.376490
2.253988
-0.650421
0.298499
-1.284745
0.068076
2.805954
2.184566
1.605265
-0.481664
-1.608514
-8.828579
2.622447
-1.905533
-1.943784
-0.454719
-1.810967
3.182386
-1.365401
1.872415
1.768192
-1.075245
-0.610726
0.528074
0.599175
2.432966
1.361156
-1.051650
-1.160669
-0.945311
0.094952
-2.074423
1.617274
3.036716
2.184566
0.885067
2.930499
-0.052583
-2.659929
-2.627987
1.923787
-3.536384
0.566729
-1.443287
0.481664
0.880996
-2.732685
3.167228
1.464812
-1.063698
-0.088007
1.570796
-0.387524
0.021273
1.954614
1.842942
1.298650
0.436627
-2.291350
-2.064738
-2.016097
0.785398
1.712693
-2.414950
-9.622174
-3.729595
-1.913820
-1.237552
1.212026
-0.658806
2.969402
-1.745469
-2.892341
1.419781
-1.067953
0.218669
2.422763
-2.505084
-1.040581
1.613324
-2.111216
1.487655
-0.532844
-1.212026
0.300171
-2.651635
-0.576375
0.588003
1.262744
0.383818
-2.813473
-0.512389
0.463648
1.078987
-3.898427
-2.147172
-1.732634
2.659929
-2.614965
-0.601074
-2.310771
-3.173840
-2.356194
-0.583077
-2.027145
0.158655
2.149321
-0.161375
-0.155595
2.792822
-4.588034
0.270947
-2.659929
1.338692
1.995628
-0.185348
-0.255182
1.821799
-2.645170
-2.396173
1.991460
-2.263131
0.380506
-0.380506
-2.704965
1.821239
-1.292497
-3.208161
1.969319
-2.303611
-1.842942
-4.434089
-1.279340
0.755104
-1.536911
2.287808
-1.525373
0.229232
-0.785398
-3.017238
-0.168207
-1.951303
-1.405648
2.326791
5.997134
3.041924
3.781362
-3.640939
-0.606988
2.176341
-0.927295
1.377174
-0.519146
-2.677945
3.066264
-2.356194
-1.638873
-2.745151
-0.735440
0.767218
-0.720554
-1.133005
-2.251318
0.463648
2.007423
-0.356220
-1.849096
1.428899
-1.932000
-1.271020
0.558599
2.953371
2.808973
1.670465
-0.340382
-9.044272
1.954966
-0.380506
0.415492
5.313103
-1.618379
-0.037020
-0.825377
0.481664
-2.652740
-1.396124
-1.158386
2.245537
1.735945
2.163799
-8.884358
2.472550
2.463884
2.370686
-2.049149
3.252250
1.837048
-1.096945
0.558599
1.193887
3.244674
0.263964
1.289959
-7.390334
-3.039904
-1.951303
-2.327631
-3.691979
-2.736701
-0.124355
2.336589
-0.715744
0.302885
1.410883
-0.124355
0.543832
-1.762844
1.120135
-2.840672
1.078987
1.735945
2.739272
-1.785612
-2.990577
-0.915101
-1.312544
2.677945
-3.702280
1.934775
-0.911486
-2.875341
-2.173084
-0.231091
1.601090
-0.062419
-3.061763
-2.508844
-2.227871
-1.020410
-3.688381
-1.709892
0.330297
-0.643501
2.079867
-1.904741
-0.558599
2.397267
-0.543832
-0.516231
0.540420
-2.485897
-1.999060
1.607816
0.749699
-1.602036
-0.105984
-1.746736
-3.061763
1.570796
7.590987
-2.101570
-2.320495
2.079867
2.061960
-0.758378
2.999696
-1.699707
0.860258
0.449760
-0.334737
-1.369479
0.206324
-1.725115
-2.944197
2.226492
-2.377468
0.772066
-2.992703
0.854255
-0.314232
-0.145310
-8.741069
-1.469107
-4.226767
-2.882261
-2.732155
-0.372988
-3.871492
-1.994991
-1.350303
-0.141897
1.570796
-4.555787
-1.570796
2.584993
-1.315614
-0.643501
-1.046877
-0.661043
0.892677
-0.397628
-0.489957
-2.640579
-0.514451
1.922841
1.256564
-1.081944
-1.260409
2.317752
0.697391
-3.648691
1.570796
2.462930
-2.191046
2.059649
1.428899
0.982794
-0.443448
-1.097890
2.640925
-1.687905
-1.208252
2.582993
-0.212432
-0.759763
2.882261
-0.043451
-1.172274
-0.152649
-0.056543
-1.739898
1.530818
1.373401
2.416727
-2.087491
-0.287281
2.677945
-2.142134
-0.255182
-0.553294
-3.618938
2.248505
-2.846152
-1.508378
0.209023
-1.275355
-2.430683
-0.083141
3.098142
1.431700
0.000000
-0.862170
2.137526
2.887225
-4.160734
-1.820775
-1.255582
1.991460
-2.289626
2.092631
-0.350314
-0.339293
-4.369365
-2.149321
2.165010
0.000000
0.994421
0.700854
-3.037800
-0.024995
1.529154
0.308931
0.000000
-2.493261
-2.196281
2.143256
1.753907
0.594214
-0.714091
-0.110657
-2.316216
0.078784
2.070143
-4.083593
-1.570796
-1.397551
-8.996000
-1.801887
2.983824
-0.594759
-2.838708
-2.961739
-0.429762
