-0.638914
1.980924
-1.510868
8.033835
-0.982794
-2.013171
-1.876675
1.387686
-4.771145
-0.960070
9.383135
-1.157107
-0.562498
0.837981
-0.988057
-2.010639
-0.556166
-1.932526
-1.927416
-0.110657
1.418147
-2.469986
-1.484058
9.146478
-1.107149
-2.289626
3.009041
-1.130954
-9.091534
-1.004067
0.315215
-1.485895
-3.864572
-2.114274
1.223735
2.963500
-2.833540
-0.617756
2.794531
1.872415
1.927016
2.199593
0.475695
-0.554307
-0.408149
-1.063698
-0.018516
0.558599
-0.110657
3.274144
1.647568
-1.534449
-0.054002
-2.677945
2.686873
-0.732815
-0.743170
-0.576375
-2.521343
1.498197
-1.415201
1.405648
0.304001
-1.757776
-0.255182
8.441984
-1.196463
-1.354246
-2.662679
-1.125495
6.746833
-2.857799
-2.792822
2.805954
1.197809
1.917858
1.772113
-1.267911
1.789465
-0.521834
3.252250
-4.044100
0.136403
-0.476467
-1.163165
-1.230414
1.886767
1.222025
2.632522
9.339876
-2.741352
-0.627308
-0.445301
-1.951303
-1.866237
1.679067
-3.729595
-3.876187
-1.830128
-4.200000
-1.983207
-2.104505
-2.326791
2.426501
0.407256
-0.593350
1.012197
2.369892
2.614965
-0.652847
1.825979
2.855541
2.265535
-5.355890
-8.750037
2.753274
1.336074
-5.396098
-2.731465
2.052460
-0.588003
-2.117585
-2.863293
1.144169
1.873681
-0.726642
-3.302355
2.096380
-2.457298
-1.990993
1.989021
-0.397628
-1.549523
1.412141
1.354246
0.137066
-0.168207
0.214061
0.827041
-0.939106
-1.267911
-0.321751
-1.030377
-2.703801
-2.233526
1.905533
2.248505
-5.632109
0.151015
9.522505
-0.536911
-2.694073
0.454302
1.004067
2.647651
0.108271
2.432966
-0.664774
1.898535
-1.347320
0.321751
-1.124691
2.640579
-0.922985
-0.938047
-2.540519
-0.785398
1.190290
-0.516231
0.771315
9.356702
-0.947597
-2.651635
3.080444
2.659929
-1.173168
0.207496
0.081452
-0.388319
-1.487655
-1.141034
-1.551191
-0.139096
-3.141593
0.767856
-2.239086
-4.248741
1.892547
2.589938
-2.299651
0.680521
0.857735
-2.831890
-2.449671
-1.352127
1.462135
0.617756
2.356194
-2.268187
-0.266252
-4.923482
1.320353
7.948933
-4.625651
3.514580
0.671606
0.071307
1.911178
2.277411
-1.141034
0.018866
0.200954
-0.152649
-2.857799
-1.494024
-1.527345
-0.412410
-1.530818
-0.857735
2.965653
-2.356194
-3.463343
2.342497
-1.107149
-0.662730
-1.287002
0.493941
0.394791
-1.545802
-0.839400
-3.640939
-0.463648
-2.939271
1.116494
0.769526
2.265535
-1.380808
2.239086
-0.680521
9.442958
0.681298
3.243282
1.182478
-2.338652
-3.672366
-2.311448
2.473303
-0.813169
-4.331883
2.474287
-0.262120
2.482283
2.958482
-1.528269
-1.789465
-2.111216
0.172191
0.228497
0.329050
1.962496
0.264488
-2.490516
1.330625
-2.452668
-0.489957
-1.316428
-2.604682
1.464812
3.236544
-2.819842
-2.717924
-2.865787
-3.300248
1.014197
-2.020556
2.158799
2.328424
3.953301
-2.547843
-1.128422
-2.449258
0.953605
-4.390638
-2.598115
9.424778
-0.090660
-0.612152
0.042528
-2.743070
-1.080839
-0.144812
0.703614
0.193959
1.750650
-1.768192
1.815775
0.244979
-0.982794
-1.255181
0.065125
-1.462526
-1.036401
-2.087491
-2.202487
0.966491
1.369842
-4.504893
0.229904
0.463648
-5.783839
0.558599
-1.675673
1.753907
0.523919
1.975688
-3.557657
1.292497
0.935770
3.232253
-1.203622
-2.329174
0.132552
3.098142
1.686556
1.854590
0.231091
-0.939106
1.405648
-1.646125
2.158799
-4.017651
0.757628
1.340892
-2.434978
-0.321751
-1.657535
-2.798569
-2.025098
-2.131483
-1.150600
-4.597512
-3.898427
1.399417
-2.512796
0.019605
0.804264
2.701750
1.863983
2.652740
2.477546
0.147078
-0.019997
-1.642104
-1.623379
2.287808
-1.336074
1.096945
-1.300947
-0.363979
0.837981
-4.923482
-4.522401
-1.107149
-2.558853
-1.297788
-2.846152
-0.826471
2.311448
-1.051650
0.507099
0.266252
-1.085174
-1.431700
9.269183
-1.494024
-1.262744
-0.186979
-2.059649
-1.759995
-0.481664
-1.642104
-2.383215
-0.558599
2.694750
-3.372683
-2.356194
-0.171379
-1.611590
-2.158799
-0.706614
-4.298700
-0.754158
-1.825979
-3.823909
-5.283726
1.944523
0.651077
-1.869295
-2.729182
2.303611
0.086738
-0.058756
0.301619
-3.884762
1.530003
-0.992894
0.235545
2.478863
-2.638749
-2.074423
-2.140837
-1.709892
0.126973
1.550391
-1.849096
0.477345
-3.165978
-0.473356
-2.369892
-1.880499
-1.959115
-2.016902
-1.345520
-1.936544
-1.385448
0.957589
-0.977047
-2.855541
1.527345
0.471460
1.943784
0.643501
-1.892547
-1.551191
0.038443
-8.424022
-2.371119
2.142134
1.436985
3.222497
2.527823
1.712693
-1.317122
-2.527823
-3.648691
1.373401
0.414507
-0.321751
-0.321751
-1.186627
3.372683
-2.015216
-0.437791
-2.852089
0.244979
0.915101
-1.030377
0.310387
-2.356194
-3.091634
2.203545
-0.870903
-2.996283
-2.970214
1.272297
4.092139
9.387758
-0.604306
-2.478863
0.679414
9.445183
-2.731465
-0.412410
-1.815775
1.284745
1.550799
2.485897
2.659929
-0.186487
2.701750
1.318242
-2.289626
3.283490
0.370891
-2.356194
3.235654
-0.857735
9.189233
-1.193547
-1.651700
-1.783228
-0.732815
-2.697173
9.115847
-2.356194
-1.820383
0.521834
1.249046
-2.356194
-0.927295
2.701750
-0.855705
3.041924
0.390607
2.819842
-2.181522
1.607144
4.046420
3.258701
1.702112
-2.142134
-2.530867
-2.914794
-2.469629
-2.745151
-1.704607
0.826471
2.242402
-2.833540
-1.160669
2.719588
-2.025897
1.059566
-3.026716
-1.972667
-2.452668
2.529055
-1.880499
-0.076772
-2.553590
0.244979
-4.056693
-0.728317
-1.267911
-0.694738
-1.800701
0.710909
1.527345
-2.953371
-1.107149
-1.858852
1.116077
-3.648691
-2.034444
-3.070285
-0.394791
-0.620249
-0.834539
-0.056543
9.265426
-0.113151
-1.073454
2.107707
0.927295
-0.425205
-0.878875
-1.515298
-1.354246
1.670465
1.030377
-2.165556
-3.061763
-0.358771
-0.428264
1.527345
-0.745419
2.371578
-3.631550
-2.009656
-1.057190
-0.039979
2.601173
-1.940702
2.702733
-2.186416
1.107149
0.600050
0.593750
-2.401618
0.880996
-0.454302
-0.840897
-2.441700
0.264488
0.205395
-2.373142
1.695151
0.588003
0.062419
-0.880996
-2.101570
-0.278300
-3.808899
-0.244979
0.703614
-3.807562
-2.424581
1.325818
-1.197809
-2.636731
2.631104
-1.249046
-3.926991
2.887225
-1.939492
2.122451
9.335728
0.759088
-1.257895
-1.040023
2.798569
2.260596
1.079633
-0.284730
-2.749893
3.006065
-0.728317
2.553590
-1.720609
-2.285888
-5.391051
-1.570796
2.439336
-2.896614
-1.530818
-2.686142
1.241747
1.044169
0.732815
-2.714965
-2.539305
2.703801
2.430683
-4.861279
-0.953041
0.740652
-1.315614
-3.785094
-1.419781
0.483447
-1.892547
9.109162
-0.441179
-0.830144
3.583967
-2.827972
0.849141
1.116077
-1.453688
-5.497787
-3.635534
1.986288
2.548243
2.771687
-3.115957
-1.365401
-0.977446
-1.392703
1.633215
-4.124386
-3.052937
1.138389
-0.040794
1.020410
0.745419
-0.643501
-4.413890
3.241261
1.359703
-1.030377
-0.179853
-2.607884
-0.728317
1.451367
-1.055247
-2.337329
-0.973038
-3.578220
1.127348
7.853982
-0.239743
2.607884
2.054243
0.519146
-3.673317
2.114274
-0.581905
-0.931410
-2.285888
-2.553590
