0.049958
2.558853
-2.727903
-3.877850
0.000000
-3.141593
2.593043
1.412141
-3.669667
-1.289024
1.593015
-2.524401
-0.647811
-3.910043
0.726642
0.341615
0.361204
-2.972491
9.382250
-0.055499
2.761086
0.602287
0.802940
-1.593520
-2.523837
0.197396
-4.390638
-2.181522
-0.244979
0.020830
-3.583967
1.096945
-2.397837
-1.394857
-1.310194
-4.792219
-2.004750
-2.739722
1.202100
-0.205395
-2.529055
-0.755104
-1.620755
-2.639989
0.658806
-0.079830
0.558599
1.986288
-2.677945
-1.800028
0.221314
-1.152572
-4.083593
1.729452
2.279423
-2.342111
3.352686
-0.663203
-1.249046
-3.271295
-0.407632
2.567288
-2.068139
0.504861
-3.141593
-0.989416
1.855527
-2.463473
5.081723
2.015216
-2.276995
0.161375
-2.317752
-0.537587
1.095101
2.262718
1.009633
0.047583
0.849825
0.870903
-1.510868
-1.198729
1.432157
-0.446842
-0.558599
0.770906
2.341703
0.770906
1.919567
-0.255182
0.178093
3.206718
-2.796037
-2.745151
-4.248741
0.493941
3.017238
-1.216799
-2.866683
-1.750650
-5.391803
-2.487022
-1.089133
1.212026
0.020405
-1.071450
-1.727398
-2.952394
0.785398
9.277700
-3.912907
-0.233743
2.695487
-2.696292
2.408778
-0.722979
2.543174
0.514451
9.282881
-0.982794
-2.312744
1.014630
0.694738
1.647568
-2.446854
0.837981
1.331053
-0.752077
-1.548578
-3.862147
0.717012
-3.141593
0.044415
1.475845
1.624317
8.804528
-9.066007
-1.234122
1.778293
1.826948
-1.962496
-1.125495
-1.304544
1.859772
0.708626
9.121893
2.295662
0.813962
-1.416478
2.145101
-0.785398
-0.388319
2.609869
-0.671144
0.623199
0.000000
-1.014630
2.446854
-1.570796
0.736257
-1.530818
2.169972
9.320986
1.955401
-0.363979
2.749253
0.582353
1.978428
0.497343
0.062419
-0.785398
-0.566729
1.435269
-1.781890
-0.706199
-2.340323
-1.728565
2.250210
2.748535
-0.476467
-3.046641
-1.414194
-2.780389
-3.013269
2.060754
8.639380
1.026516
-3.543463
-1.679067
1.661456
1.342300
-4.283611
1.712693
1.592532
1.885028
3.202741
-1.087349
1.352127
-1.781890
-1.079633
-1.441094
-2.462930
0.817645
-2.880990
-2.073640
-1.919567
-2.339803
-5.739353
2.384758
2.425051
-2.482787
-3.054854
0.404892
1.046877
0.703614
0.497343
-4.570492
2.736701
-0.639386
1.030377
-0.588003
-1.842942
-10.636804
-0.556166
3.071938
-3.836331
-1.886011
0.722979
1.967238
9.269183
-2.819842
-1.789465
0.873406
-1.225241
1.085174
-0.917950
-2.226492
-1.357858
-1.549523
-2.537287
-0.335639
2.896614
-2.201198
0.113151
0.473851
1.378096
2.753274
0.463648
-3.039386
2.095592
-0.834539
-2.195432
-2.303611
-2.470449
3.050933
2.064738
2.731465
-3.027801
-2.516108
-0.561922
-0.528074
-2.114629
-3.091634
-2.085248
-1.599360
-0.558599
1.940130
-4.149073
0.418224
2.540519
-0.071307
-0.558599
-1.178456
0.568525
0.294235
-0.278300
-2.743070
2.115077
2.838708
-1.385448
-1.792111
-5.688972
-2.936197
-0.728855
-2.834547
0.620249
-0.151015
2.307054
-1.570796
2.024135
1.480136
-2.430683
-0.765793
2.265535
2.025897
-3.354531
-3.392595
0.239232
2.153149
-0.687124
-0.104877
-1.385448
-0.054002
2.636731
2.142134
1.570796
-0.568525
-1.739393
-9.638839
2.540519
-2.001489
-2.103640
-0.558599
-1.796073
3.141593
-1.762844
1.772113
1.460139
-1.292497
-0.888480
0.253674
0.521834
2.281706
1.249046
-1.919567
-1.348135
-1.202100
-0.270947
-2.153149
1.410034
2.700413
2.107707
0.799482
2.846152
-0.117109
-2.727903
-2.740364
1.729452
-3.926991
0.055499
-1.630724
0.407632
0.739277
-2.790148
2.854311
1.286066
-0.994421
-0.533708
1.181480
-0.435353
0.000000
1.898916
1.752965
1.184914
0.314758
-2.411693
-2.121182
-2.153536
0.664774
1.630724
-2.396173
-12.746224
-3.884762
-2.289626
-1.295370
0.989416
-1.014630
2.855541
-1.994991
-2.947971
1.325818
-1.226149
0.155595
2.341270
-2.597760
-1.222025
1.443287
-2.201876
0.655696
-0.757628
0.694738
0.071307
-2.698144
-0.752077
0.450661
1.089909
0.289504
-2.833540
-0.610726
0.178093
1.045213
-4.001851
-2.356194
-1.879727
2.547379
-2.688254
-0.684295
-2.779863
-3.222497
-2.331200
-0.659310
-2.058633
0.024385
2.042918
-0.288975
-0.168207
2.580429
-4.712389
-0.085505
-2.699218
1.242676
1.849096
-0.300171
-0.358771
1.642104
-3.241261
-2.530867
1.815775
-2.356194
0.341615
-0.397628
-3.089010
1.695151
-1.422947
-3.236544
1.742987
-2.650429
-2.093200
-4.882167
-1.402199
0.288975
-1.570796
2.185459
-1.723446
0.282555
-1.091277
-3.034857
-0.275426
-2.147989
-2.498092
2.268187
6.136107
2.929161
3.715033
-4.021943
-0.730907
2.055274
-1.304544
1.314645
-0.601074
-3.046641
2.990577
-2.455863
-1.866237
-2.940276
-0.785398
0.551655
-0.745419
-1.220068
-2.327631
0.300171
1.768192
-0.309703
-2.455863
1.144169
-2.054243
-1.405648
0.420663
2.659929
2.677945
1.570796
-0.463648
-9.138727
1.898535
-0.516231
0.446106
5.286694
-1.831399
0.058756
-0.922985
0.413689
-2.727903
-1.484058
-1.235158
2.126963
1.487655
2.070143
-9.655869
2.398423
2.402316
2.055274
-2.374374
3.017238
-0.260602
-1.129617
-0.128323
1.099336
3.141593
-0.024385
1.171281
-7.449090
-3.141593
-2.209710
-2.459276
-3.613053
-2.825977
-0.272146
1.356736
-0.899652
0.257324
0.927295
-0.209640
0.433953
-2.034444
0.864597
-3.402195
0.785398
1.465919
2.625362
-1.867861
-3.048836
-1.570796
-1.346562
2.650429
-3.813556
1.649067
-1.008298
-2.976444
-2.289626
-0.610726
1.120135
-0.179853
-3.141593
-2.588751
-2.580429
-1.096945
-4.219903
-1.800701
0.251003
-1.130954
2.034444
-1.986861
-0.643501
2.297439
-0.657075
-0.574305
-0.058756
-2.646041
-2.044152
1.537475
0.493941
-1.637364
-0.233743
-1.901094
-3.190335
1.348714
8.098960
-2.201198
-2.547379
1.932526
1.849096
-0.800322
2.880990
-1.791625
0.936774
0.121352
-0.454719
-1.546991
0.076772
-1.822486
-3.954011
2.193996
-2.547843
0.689800
-3.812114
0.683709
-0.620249
-0.309703
-9.076007
-1.548073
-4.409504
-2.827972
-2.768605
-0.529590
-4.046420
-2.210182
-1.418147
-0.336675
1.394857
-4.712389
-1.650626
2.502207
-1.475845
-0.729900
-1.135443
-0.862170
0.770015
-0.315215
-0.622671
-2.801211
-0.605545
1.805519
0.958259
-1.163165
-1.345520
2.080389
0.575425
-4.369365
1.091277
2.245537
-2.597312
1.984486
0.932477
0.876058
-0.606988
-1.272297
2.620158
-2.691833
-1.618379
2.373142
-0.321751
-0.977047
2.803714
-0.189988
-1.530003
-0.233743
-0.193211
-2.006150
1.471128
0.982794
2.319174
-2.201198
-0.375961
2.536048
-2.241940
-0.687671
-0.659310
-3.798668
2.153873
-3.271295
-1.742987
0.333244
-1.342300
-2.622447
-0.334737
2.963500
1.298650
0.588003
-1.119343
2.024640
2.805954
-4.625651
-1.955401
-1.194306
1.686556
-2.416727
1.960113
-0.482513
-0.482513
-4.712389
-2.187598
2.013171
-0.657889
0.899652
0.689800
-3.122727
-0.165149
1.405648
0.223477
-0.113792
-2.739722
-2.386488
2.071810
1.672485
0.426627
1.446441
-0.380506
-2.560212
-0.088656
1.732171
-4.275762
-1.867342
-1.570796
-9.452549
-2.146221
2.916881
-0.962994
-3.044339
-3.067654
-0.492486
