0.174383
-1.598440
0.114939
0.241913
0.286589
-0.324050
0.199091
0.270312
-0.225896
1.317285
0.223023
0.030773
-1.379026
1.725820
-0.200998
-1.318508
0.264309
0.247057
0.219934
-0.141067
0.334270
-1.419449
0.050939
-0.052536
-0.227020
-0.259736
0.231245
0.146903
0.288432
-0.036998
-0.047330
0.343048
-1.186148
0.062745
-0.126727
-0.057897
0.075109
-0.070341
0.150820
-1.394473
0.041953
0.185233
0.078909
-0.248604
-0.242954
0.235094
0.059697
-1.370259
-0.236081
0.153788
-0.049476
1.758893
0.162918
-1.158383
0.249447
-1.266696
-0.008750
1.623288
1.357518
-1.278504
0.047656
0.117046
0.306787
0.045110
-0.207505
-0.309606
-0.083666
0.464289
-0.167435
-0.332495
0.099702
-0.349275
1.718913
0.171328
0.127743
-1.400710
0.214963
-1.382044
0.048038
-0.037493
1.256370
0.103280
0.275558
0.160395
-0.047089
0.168769
-1.332311
0.209154
-0.286284
0.386308
-0.081632
-1.253317
0.275644
1.309128
-0.347208
-0.271753
0.082582
-0.137983
-0.239055
-1.287778
-0.105059
0.088537
-1.627324
-0.243887
0.476000
0.076653
0.019663
-1.476416
-1.322928
-1.267806
-0.310002
-1.183563
0.094787
0.029074
0.138426
0.155903
0.076949
0.131453
-1.272039
0.284393
0.062912
-1.342985
1.355708
0.087179
0.112709
1.769377
-0.154267
0.228665
-0.217832
0.073789
-1.632459
0.283507
0.238337
1.363793
-1.211201
0.330575
-1.441165
0.019976
0.079045
0.091868
0.228319
0.231652
-1.172994
-1.295889
-0.177726
-0.139088
0.142303
0.250045
0.118703
-1.383175
0.206990
-1.329905
0.087847
-1.282599
0.121159
-0.055280
-0.240594
-1.212063
0.056317
-1.282753
-0.060212
-1.326066
0.049480
-0.349988
0.034661
-0.162396
-0.268796
-1.207107
-1.223299
0.234005
0.209377
0.288783
-0.247292
-0.266601
0.107769
0.218623
-0.013846
1.869021
-0.115859
1.388072
0.268550
-1.428765
0.195429
0.328277
0.172636
-0.320137
0.058116
-0.211303
0.049937
-0.273627
-1.265888
-0.179740
-0.124258
-0.064367
0.130170
0.200957
0.171355
-0.128464
0.132264
0.464210
-1.128795
0.219653
-1.350789
-1.226657
0.187742
0.001870
0.061618
0.119643
0.215327
-1.285254
0.047521
0.105553
-0.344319
0.114618
-0.143710
-0.217810
0.216662
0.063546
-0.147884
-0.380179
0.086325
-1.053317
0.056546
0.067859
0.321120
0.095957
-0.346745
0.089111
-1.238390
1.348773
-0.337934
0.039815
0.063913
-0.193015
0.059543
-0.168892
-1.377409
0.224952
0.269368
-0.331714
-0.049957
-0.241362
-0.258244
-0.203319
-1.325918
0.086580
0.172108
-0.204647
-1.276463
-1.348822
0.091400
0.154062
0.296927
-0.304455
-1.443785
-1.313112
0.365293
0.016307
-0.360661
-0.000386
-1.290158
-0.007914
1.754134
0.185093
0.299294
-0.136622
0.141298
1.696541
0.046954
0.133717
0.133063
-0.078605
-0.100543
-1.454343
0.015867
0.112874
0.107461
-0.119324
0.178339
0.121573
-0.998815
0.228374
0.238994
0.174125
0.132948
-1.358413
-0.084438
0.059613
0.271539
0.054604
-0.218897
0.191884
-0.065164
0.059021
0.249911
-1.463562
-0.342708
-1.391757
0.103339
-0.250827
0.200790
0.192692
0.070686
0.133757
-0.255313
1.426739
-0.071411
0.112430
-1.405524
-1.025627
0.071173
1.407191
0.197131
-0.151588
-0.153981
-1.178658
0.110567
-1.392075
0.280045
-1.133944
0.055634
-1.355483
1.691143
1.245039
-0.176641
0.128929
-1.423097
0.048089
0.207630
-0.299160
-1.358661
0.009650
0.180197
-1.247272
-0.124795
0.078091
0.210429
-0.338128
-0.297830
-0.047048
1.248271
-0.071788
0.200417
1.363274
-0.344747
1.184617
1.332214
-0.270850
-1.257115
0.162782
0.171657
0.061105
0.047998
0.054632
0.137597
-0.264190
0.055369
-0.150091
0.131853
0.101517
0.360138
0.490275
0.127642
0.108301
-0.225319
0.273809
0.080905
0.001109
-0.162414
0.193899
-0.188117
0.172227
-1.370307
0.016320
0.188312
-0.226960
-1.373243
-1.186681
-0.290096
-1.202601
-0.358000
-1.352545
0.080563
-0.038657
0.207300
-1.645998
-0.035976
-0.185007
0.296037
0.066490
0.048929
-0.155088
-0.237222
0.167425
-0.025257
0.081680
0.021208
-1.329536
-1.283246
0.025361
0.223979
0.349579
1.223063
-0.023671
0.103384
0.032064
1.751224
-0.221833
0.219725
-0.394093
1.275516
-1.266227
-1.283436
0.024737
-0.050779
0.249295
1.206595
1.844174
0.178689
1.409937
-0.057790
-0.014150
0.278644
-0.225336
0.358433
-1.064143
0.212283
-0.234786
0.032593
-1.351705
0.111722
0.048581
0.165827
1.317748
0.210555
-0.216102
0.211567
0.181361
0.181717
1.316353
-0.004199
-0.040295
-1.153690
-0.317137
-1.243365
0.207555
0.195091
-1.425894
-1.275892
-0.239638
0.071283
0.017889
0.052327
0.129653
-0.211368
0.211521
0.062101
-0.091894
-0.014389
1.419973
-1.188370
1.420620
1.308320
0.132047
-1.553590
0.160739
1.333283
1.310971
-0.038572
0.190476
-1.154624
-0.229498
0.162731
0.268781
-0.093296
-0.014146
-0.010841
0.135915
-1.210236
-1.518598
-0.058107
-0.078004
-0.089921
-0.031420
1.251547
1.299971
0.155897
-1.284619
0.249035
-0.254762
1.736152
-0.084728
0.123977
-1.285005
-0.018745
0.151472
1.719230
0.161450
-0.251606
-1.230199
0.025741
0.123377
1.420786
-0.221663
-0.150731
0.167350
-0.054112
0.054872
0.126057
0.106957
-1.311665
0.118216
0.258009
-1.407504
0.258331
0.284742
1.346802
0.353181
-0.260982
-0.146527
0.189969
-0.054220
0.292847
-0.319291
-0.060111
0.295995
1.289497
0.379801
1.275152
-0.269270
-0.174725
-1.394685
0.297656
1.311283
-0.005485
0.203109
-1.087444
0.260623
0.127170
-1.205028
0.028052
0.083132
-0.337278
0.207446
-0.003943
0.146160
-0.195324
-1.456856
0.275203
-0.225833
0.131861
-1.618104
0.178363
0.191826
0.249610
-1.378111
0.252275
0.163190
-0.256236
-0.230392
0.210369
-0.329606
0.149410
-1.278254
-0.190862
-0.173177
-0.269838
0.193014
0.315123
0.210073
-1.616233
0.226922
0.026831
-1.602350
-0.014299
-0.298306
-0.093677
-0.195811
-0.352411
-1.359537
-1.297797
-0.039568
-0.102453
-1.601131
-0.270626
0.148356
0.325611
1.759672
-1.169604
-0.329134
0.068339
0.183384
0.140761
-0.350497
0.307743
-1.448925
0.068109
0.073698
-0.177175
1.271256
-1.515378
1.277522
1.212724
-0.233198
-1.173029
-0.336547
-0.050603
0.212672
-0.176962
1.476001
-0.354106
-0.362934
-1.351136
-1.211261
-1.546843
0.023093
-0.154875
0.255192
-1.468299
-0.060717
0.282799
-1.185450
0.191370
0.122536
0.284557
0.275370
0.204163
-0.279910
-1.278410
-1.203861
0.158866
-0.192481
1.741924
1.708145
1.695983
0.150551
0.007838
-1.164615
-0.191801
1.438375
-1.638841
-0.311054
-0.004500
-1.419299
1.335701
0.033544
0.180403
-1.255782
0.211983
-0.252949
0.078529
0.030191
0.002135
0.092526
0.059895
-1.463215
-0.038001
-0.151089
0.181963
0.322673
0.040553
0.170831
1.325605
0.112660
-1.689600
-1.527358
0.163739
0.003679
-0.214342
1.236576
0.176684
0.124179
-0.249634
-0.173890
-1.214301
0.036240
-1.346119
1.664823
0.220029
-0.308744
-0.029670
-1.255077
0.156525
0.013364
0.230457
-0.244641
1.362146
0.192673
1.665983
0.114050
