0.287468
0.295668
-1.371826
-0.223890
0.108240
-0.106417
-0.206793
-0.262012
-1.196096
0.047990
-1.333098
-1.062510
-1.597252
0.154884
0.209725
-0.247259
1.247683
0.402399
0.221540
1.725935
-1.252883
-1.441534
-0.045782
1.529573
-1.462310
-1.257057
1.248328
0.227945
0.290670
0.331737
-1.381055
-1.392255
-1.403304
0.068220
-0.139492
0.077472
0.112898
0.502731
0.110058
0.372497
0.309785
0.268715
0.353588
1.317942
-1.541252
0.199317
-1.436496
0.101803
-1.320945
0.048183
-0.258087
-1.386379
-1.377443
1.361232
0.427834
-0.078820
-1.376349
1.441070
-1.403313
0.298794
0.065302
0.092142
-0.018884
-0.219913
-0.226909
0.267393
-1.211681
1.265026
0.187261
-1.307616
0.069842
-0.945857
-2.530523
0.252160
-0.205309
0.377149
-0.052806
0.104856
-0.123567
0.569689
0.008089
-1.709982
0.355838
0.278279
0.043306
-1.209415
-0.304199
-0.222860
-1.263647
-1.306243
0.212936
0.108259
-1.052425
0.480565
-1.649697
-0.216799
0.342789
0.836682
0.813904
-1.198790
0.125196
0.037737
0.160980
0.233465
-1.301636
0.141245
-1.913707
1.328870
0.177509
-1.145058
0.548762
1.854341
-0.358031
0.343500
-0.180267
0.305856
0.290643
0.053472
-0.008789
0.171559
-0.006923
0.072664
-0.129108
0.177766
-1.172661
-1.112038
-0.195059
-1.629101
-0.214374
0.038127
-1.249234
0.265300
0.254413
-1.626342
-1.068870
2.857863
-0.271148
0.086464
0.130179
-1.327320
-1.053811
-0.091586
0.053185
-0.017808
0.161396
0.075490
-1.285177
0.151767
-1.619526
-0.113360
-0.089087
-0.239772
0.042110
1.785765
-0.196907
-1.124698
0.311253
0.128532
0.393060
1.862329
0.331371
0.017984
0.077366
-1.277679
-0.475889
-0.039249
0.193162
0.698465
-0.061575
-0.125315
-0.003461
-1.659650
0.228810
0.453211
0.026097
0.214717
0.048068
0.510572
-1.394047
0.116596
0.278517
1.375071
-0.239285
-0.171350
0.062735
0.116525
0.458844
0.108266
0.071467
-0.634022
0.538580
0.097931
0.260540
-0.174305
-0.112054
-0.284605
-1.238517
-0.024346
0.282804
-0.827279
0.036920
0.103292
0.325367
-0.202596
0.089663
-0.091451
1.230739
0.199370
0.191255
0.010669
-0.077060
-0.005153
0.092021
-0.357528
1.225899
0.697310
-1.706839
0.214952
-0.938451
-0.318625
-0.240564
-0.132207
0.447692
0.264081
-0.127106
-1.257883
-1.640726
0.067631
-0.229118
-1.249947
0.180930
1.069093
1.572924
-0.129449
-1.262516
-0.407530
-0.277241
-0.277828
0.355279
-0.138474
-0.200521
-0.205394
0.000837
0.159247
-1.142681
0.385348
1.043941
0.190543
-1.238074
0.190495
0.075203
0.340578
-0.772124
0.292853
0.496724
0.292825
0.331465
-0.069832
0.217622
-0.105744
0.234031
-1.168996
0.024444
-0.399482
0.116333
0.059574
0.035720
0.250164
1.666582
-0.062165
1.739097
0.352744
-1.463032
0.292271
-0.429451
-1.367420
1.240777
0.233862
0.027812
1.608753
1.735221
0.150984
0.198074
-0.014681
0.146309
-1.255577
-0.006586
0.236423
0.120104
-0.031477
-0.514068
0.059974
0.110613
1.259361
0.463855
0.135260
0.165122
-0.208671
-0.169000
-0.254927
-0.031770
0.060007
0.135123
-0.052056
0.265106
-0.228483
-1.207657
-1.263227
-1.230510
-0.493665
0.080044
-1.315932
0.021603
0.317123
0.225826
0.415751
1.312364
0.292318
1.864546
-1.205912
-0.450330
3.200212
-0.236811
1.335346
-1.398337
-1.469770
0.228572
-1.160575
0.338603
-0.216232
-0.230726
0.151745
0.282092
-0.074966
-0.304492
-0.097799
0.157115
0.996605
0.395261
-0.027497
0.147658
-0.105478
0.071397
0.162789
0.028075
0.022807
-0.782778
-1.333353
-0.188730
-0.076035
0.017708
-1.200035
1.209123
0.358656
-0.215121
0.127964
0.158157
-0.136521
-0.033848
-0.244779
0.257833
-1.373544
-0.017942
1.302715
0.242269
-1.213642
-0.111453
0.226126
-0.150587
0.091796
-0.326836
0.413398
-0.000138
0.131975
0.191593
-1.042448
0.108483
0.130763
-1.192974
-1.465449
-0.262346
0.068609
0.233832
0.085656
0.321067
0.022796
0.033848
-0.090964
-1.637721
-0.046976
0.427769
0.214794
-0.502903
0.277436
-0.381567
-1.262372
0.199480
-0.145704
0.487309
0.143214
-0.250014
0.279821
1.038496
-1.228672
-0.209921
0.540187
-3.062072
-0.281704
-0.048710
1.792656
0.280247
-0.073740
-1.104616
-0.102989
0.274541
-1.485603
0.206364
-1.350288
-3.027529
-1.288005
-1.287560
0.138276
-0.688829
0.008362
0.024382
-0.074092
0.095520
0.212517
0.653473
-1.311772
0.260989
1.639767
-1.198874
0.710170
0.352455
0.221448
-1.126349
-3.071086
0.503124
0.214274
0.038595
-0.320959
-1.161177
-1.250459
-0.237155
0.111667
0.033304
0.286761
0.068986
-0.549577
-0.948119
0.153676
0.051712
0.069460
1.312745
1.332709
-0.261032
-1.215558
-0.075428
-1.167957
0.626757
0.183474
1.354943
0.607861
0.142931
-0.158495
0.261192
0.078189
-0.289041
0.374530
1.463564
-0.278772
-0.171878
0.230294
0.343483
-0.118450
-1.334585
-1.654317
0.282966
-0.223927
0.164324
0.398580
-0.047520
0.092845
0.857082
-1.485011
0.191310
0.224606
-1.322070
1.748891
0.349791
0.004713
0.050947
-1.633313
0.517611
0.393926
0.027140
-0.314233
-0.225129
0.169903
0.032747
-0.334701
0.274037
1.748603
0.276668
-1.189255
-1.244169
-1.310659
1.364131
0.155639
0.189342
-0.088037
0.085878
0.283216
0.214924
-1.118744
-0.019533
0.157480
-0.192273
-1.205393
-0.404276
-0.004192
-0.143665
0.491523
0.222333
-1.148923
0.358090
0.109708
-0.262137
0.156976
-0.056951
0.251503
-1.348765
0.187234
0.101333
0.083081
0.007064
-0.267997
-1.337601
0.608228
-1.225408
0.021661
0.363221
0.230248
0.180226
0.301646
1.365137
0.172067
0.103437
0.335342
-0.011161
0.120967
0.875537
0.188953
-0.167682
-1.637397
0.569732
-0.326048
0.019834
0.213281
0.318370
-0.078274
1.427615
-0.247001
0.251895
-1.349573
0.212311
0.103770
-0.002710
0.100740
-1.396867
-0.206836
-0.238555
0.327594
0.493906
-0.099199
-0.267910
-0.023176
0.199981
-1.374824
-1.365775
1.444868
-0.157207
-1.112567
-1.228086
-1.376022
0.220089
-0.125267
1.642721
-1.242875
0.268810
0.219178
0.274588
-2.122338
-1.366476
-1.323723
-0.255294
-0.415252
-0.251704
-1.376324
-0.814784
0.102597
-0.332050
0.160650
1.124245
1.540770
0.037915
0.208363
1.802447
-1.362974
-1.261574
-0.264377
0.067509
0.223376
0.087270
-1.216484
-1.291369
0.063778
0.017361
0.329248
0.226220
0.124947
-2.657440
-0.292575
-2.456184
0.626077
-0.044368
-1.004829
-0.276628
-1.277012
-0.034116
-0.047516
0.092390
-0.177996
0.518905
0.456956
0.300271
0.180385
-1.170413
-1.323642
-0.026002
0.681723
-0.335098
0.578377
-0.099109
-0.024582
0.123842
-0.186327
-0.033559
0.092950
-1.456836
0.219604
-0.886307
0.034233
-0.278800
0.201437
-0.044195
0.239097
0.318421
-1.523278
0.285188
-0.292550
-1.305750
-1.290204
-0.246838
-0.279975
0.250591
0.014995
0.165988
-1.362718
-0.245676
0.292384
0.018736
-0.010855
-0.191092
0.734366
0.222611
0.003970
-0.184815
-1.317757
0.030609
0.093657
0.048803
0.034447
0.287744
0.240063
-1.366909
0.208733
0.083706
-1.351904
