0.125860
0.091500
-0.087190
-0.869586
1.649698
-1.394203
-0.239520
-1.270899
-2.477618
0.081444
1.857044
1.417701
-0.079359
-0.206578
0.068311
-0.206689
0.099790
-0.110612
1.264568
0.167397
-0.281185
-0.225011
0.026981
-0.466113
0.934379
-0.385737
-0.706828
-0.733589
-1.262521
0.762116
0.108105
-0.044631
-2.094383
-0.274247
-0.007015
-1.125269
-0.208964
0.134040
0.212762
-1.464300
0.184292
-0.844943
-0.000768
1.104459
-1.222773
0.216981
0.085071
-0.099139
0.179738
2.865371
-1.012802
-0.043830
-0.058774
-0.694632
0.193267
0.029945
0.124636
1.164064
-0.343649
0.072745
0.022191
-1.162640
-1.393503
-0.092989
-1.808180
-0.762557
1.452278
-0.103420
-0.324705
1.252969
-0.653843
-1.111317
-0.296599
-0.155594
0.142981
0.202370
-1.219202
0.362012
-1.099617
1.014164
-1.590467
-2.195996
0.139630
-0.536366
0.005599
-0.053909
0.149504
0.439455
0.217711
1.868921
-0.591687
0.094012
1.118039
3.072001
-0.122572
-1.170197
-0.874418
-1.881148
-0.132876
-2.000241
1.294206
-0.165599
-0.163928
0.176322
-1.324078
0.096940
-1.319350
0.258133
0.283764
-0.083660
-1.416646
0.205567
0.101289
-3.727180
-0.616339
0.151780
0.144481
-1.870718
-0.716667
0.119955
-0.058264
-0.184931
-1.582525
-0.209001
0.372262
1.270438
-1.810445
0.062345
1.009765
-0.155220
0.017948
0.099692
1.398070
-1.254152
-1.303931
0.623104
-0.008248
-1.533663
-1.751531
0.079947
0.734187
0.205062
-0.026690
-0.328768
-0.209876
-0.062823
1.543669
-2.896512
0.085859
0.414085
1.356226
-0.236829
0.311002
-0.086441
0.773881
0.137083
0.213248
0.143314
-1.170830
0.411284
0.189429
0.081104
0.250866
-0.000461
1.095189
-1.544225
-1.290923
-2.492589
0.018010
-1.286732
0.423086
0.028546
0.616741
-0.244370
-1.352043
-0.061776
1.286363
0.102625
0.054850
1.168402
0.033421
-0.004392
0.062763
-1.147005
-0.011274
-1.559656
-1.715825
-1.016125
-0.097359
-0.318350
-1.221189
-1.242714
-0.364562
-1.550423
-0.105261
0.019119
-1.278991
2.404098
-0.245653
0.779098
-1.798815
-1.242840
-1.514588
-2.396556
0.433751
-1.261689
0.151205
-1.096074
0.151719
-0.006962
0.072068
0.038398
0.165200
-0.327673
-0.216090
0.089959
0.099423
1.326137
-0.028294
-1.108579
-0.031301
-1.937398
0.296427
-0.024792
-1.441113
-0.132573
-3.474903
-1.623636
0.244064
0.117589
-1.999294
0.031660
-0.443331
-1.287077
-1.368412
0.249193
-0.366356
0.243976
0.013601
1.769348
-1.277385
0.840797
-1.072141
0.033289
-1.763869
-0.284361
-1.285443
-0.149034
-2.004082
0.262853
-0.037636
0.311831
0.084933
-0.097310
-0.972224
-0.182380
0.081884
0.208198
0.090353
-1.120776
0.272744
-0.176928
-1.263253
-0.241867
0.102114
1.368467
-0.289964
-1.108437
-1.789604
-0.079358
-0.380726
-1.654912
-0.180149
-1.263933
-1.115023
0.030766
0.242923
0.442844
-0.386034
-0.033823
-0.262756
-1.526605
-2.245719
-0.241854
1.834884
0.802702
0.018619
0.237145
-1.867544
-0.046059
0.072133
-1.268342
0.191210
0.041900
0.432900
0.650149
0.146144
-0.097593
0.012388
0.058024
1.524015
-0.043147
-0.162139
-0.202721
-1.287190
0.084897
-2.585146
0.054634
-1.361293
0.371952
-1.574417
-0.228240
0.168310
-1.217304
-0.021690
-2.479910
-1.224700
0.058779
1.423659
-0.196189
0.066653
0.065265
0.241519
-0.263084
0.088079
0.143144
-0.012751
0.178969
1.311810
0.241721
-1.503258
-0.117327
-1.137785
-0.305321
1.425264
-0.341291
-1.325661
1.395389
-0.186579
-0.022552
-2.179805
-2.548718
0.102061
-2.211634
0.059378
-1.063312
-1.236665
0.084863
0.149165
0.217583
1.386370
0.186795
1.524618
0.035285
0.096787
1.427280
-1.189815
0.004851
-0.183908
-0.037058
-2.173589
-2.135716
0.854031
-0.316019
-0.106446
-0.299836
0.145788
0.062882
0.012290
-1.318449
1.036666
-0.041950
1.345047
1.724542
0.051574
-0.521082
0.290183
-0.178210
1.346831
0.049227
1.182351
-0.283807
-0.000042
0.263060
-2.443864
-1.769151
0.140473
-0.065867
-0.158232
0.020162
-1.893191
0.151674
-0.002602
-3.491698
-2.045188
-1.164378
-1.307302
-0.118654
-0.173188
0.160781
0.136245
-0.118014
-1.333959
-3.082632
0.113153
-0.087790
-1.431556
0.179457
-1.811296
-0.160875
-0.104878
1.257274
0.275349
0.215362
1.387118
-1.418941
-1.799681
0.246945
-0.196944
0.856249
1.332578
-0.128703
0.056403
-0.150732
0.052421
-1.225689
-0.232130
-0.195065
-1.095135
0.141253
0.084001
0.244445
-0.095920
1.366600
0.035003
-2.245946
-0.125341
0.176729
0.166903
1.603317
-1.238932
0.127149
-0.183266
-0.157437
-3.496338
0.170490
-1.501212
-1.366774
-0.375014
-0.038147
1.033972
-1.701059
-0.059395
-1.498588
1.488317
-1.224259
-0.022967
0.254132
-0.254338
-0.538887
-1.039178
2.260317
-0.101314
-0.427771
0.223016
0.437027
1.758049
1.434056
-0.161543
0.024659
1.790978
0.773878
-1.667739
-0.242297
-0.071498
0.193759
0.288982
0.096812
-0.008746
1.551831
0.473879
-0.206361
1.668566
0.106230
0.002178
0.290573
0.055386
1.806908
0.100326
1.228028
1.272909
0.039934
-1.921491
1.778349
0.185006
-0.147506
-1.487417
-1.149441
-1.682107
0.021324
0.142671
0.034747
1.137960
1.078756
-1.054600
-0.127440
0.113187
3.164368
0.204635
-1.268642
0.771968
-1.905815
-0.268924
-1.906456
-0.183380
1.300187
-1.292141
0.233891
-0.931669
-0.093053
0.229173
-0.112428
-1.227738
-0.336965
-0.571552
-1.722973
0.264673
-0.304895
-1.339161
-1.658613
0.210703
-2.026395
-0.076816
-0.078676
-0.100335
1.290184
-1.298983
-0.179421
-0.775610
0.013763
-0.245014
-1.230262
-2.927364
-1.596589
0.259646
-0.982952
-0.001087
-1.491501
0.185028
1.826070
0.228125
0.131970
0.227851
-2.849124
0.109124
-0.201176
1.947322
-0.072894
0.009636
0.079181
-0.030209
-0.671864
0.045298
0.116461
-0.055066
-0.048051
0.136860
-1.954566
1.257164
-0.207724
0.043482
0.098383
-0.126419
0.311651
-0.114159
0.412744
-1.453563
-1.206325
-1.436764
-1.299514
0.088740
0.112097
-0.140083
0.179888
1.681093
-0.005620
-2.541238
1.227394
0.167438
0.031853
-0.191250
0.313818
-2.114576
-1.009013
-0.552900
-1.924796
-0.280547
-1.325638
0.103876
-2.012804
-0.982089
-0.021122
-1.926173
0.302633
1.348282
0.133554
1.757718
-1.223810
1.566568
0.084427
0.311952
-0.016060
-1.189558
-1.823983
-1.555921
0.381179
-0.121169
0.186746
-0.131888
-1.755355
-0.720183
-1.069813
-1.047750
0.004663
1.385854
-0.289395
0.205444
-1.487758
-1.255420
-0.347900
0.727737
0.329849
0.237431
-2.144104
0.009195
-1.287150
0.818156
-3.184541
1.494924
0.282728
1.324962
1.792044
1.228069
0.001280
-1.137722
0.007412
0.291025
-1.349697
1.432524
0.280672
-1.915674
0.399757
0.239964
0.144330
-1.770079
0.017311
0.021968
0.074046
0.210963
-3.291547
-0.176508
-5.805402
0.149653
-1.409243
-1.296069
0.008347
-2.074425
0.384854
0.070005
0.062196
0.087448
-1.703869
0.050797
0.107347
-0.265517
-1.349625
0.048731
-3.154354
-1.110728
-0.500931
0.195843
-1.327662
0.231571
-0.181302
-1.859380
0.131196
-0.048524
0.026461
-0.351548
-0.349446
