-0.785398
2.111216
-1.373401
4.331883
-1.030377
-1.849096
-1.570796
1.892547
1.735945
-0.982794
3.386571
-1.325818
-0.380506
1.107149
-0.785398
-1.768192
-0.321751
-1.735945
-1.815775
0.000000
2.158799
-2.356194
-1.373401
3.926991
-0.982794
-2.034444
3.017238
-1.249046
-3.785094
-0.896055
0.321751
-1.373401
2.601173
-1.951303
1.570796
3.141593
-2.944197
-0.785398
2.896614
2.158799
2.034444
2.214297
0.785398
-1.249046
0.000000
-0.982794
0.000000
0.927295
0.000000
-2.761086
1.735945
-1.325818
0.197396
-2.466852
3.141593
-0.588003
-0.588003
-0.540420
-2.111216
1.892547
-1.325818
1.951303
0.588003
-1.570796
0.000000
3.522099
-1.190290
-1.190290
-2.356194
-0.785398
3.605240
-2.034444
-2.466852
3.463343
1.325818
2.553590
2.158799
-1.249046
2.034444
-0.165149
3.522099
2.601173
0.982794
-0.463648
-1.107149
-1.190290
2.356194
0.785398
2.896614
3.386571
-2.677945
-0.785398
-0.197396
-2.214297
-1.570796
1.892547
2.761086
2.761086
-1.570796
2.111216
-1.892547
-2.158799
-2.356194
2.896614
0.785398
-0.588003
1.570796
2.819842
3.141593
-0.982794
2.214297
3.141593
2.498092
0.785398
-3.785094
3.141593
1.570796
1.190290
-2.601173
2.498092
-0.463648
-1.815775
-2.553590
1.570796
2.111216
-0.896055
3.141593
2.356194
-2.245537
-2.034444
2.158799
-0.321751
-1.815775
1.815775
1.815775
-0.785398
-0.244979
0.643501
0.927295
-0.982794
-1.292497
-0.463648
-0.785398
-2.356194
-2.034444
2.356194
2.498092
0.588003
0.321751
3.386571
-0.244979
-2.356194
0.785398
1.107149
1.815775
0.244979
2.896614
-0.588003
2.356194
-1.030377
0.463648
-1.325818
2.896614
-0.982794
-0.927295
-2.111216
-0.540420
2.356194
-0.244979
1.107149
3.386571
-0.785398
-2.446854
3.522099
3.141593
-1.107149
0.000000
0.321751
-0.244979
-1.405648
-1.249046
-1.325818
0.000000
-3.141593
1.405648
-1.892547
2.245537
1.951303
2.819842
-2.158799
0.982794
0.785398
-2.677945
-2.601173
-1.373401
2.034444
0.785398
0.463648
-2.034444
-0.321751
1.405648
1.570796
5.300392
1.768192
-2.601173
0.785398
0.197396
2.158799
2.677945
-1.249046
0.000000
0.321751
0.244979
-2.677945
-1.249046
-1.570796
-0.643501
-1.570796
-0.785398
3.141593
-2.034444
3.141593
2.677945
-1.325818
-0.588003
-1.030377
0.785398
0.463648
-1.570796
-0.463648
3.141593
-0.244979
-2.677945
1.249046
1.107149
2.761086
-1.373401
2.553590
-0.588003
3.386571
1.249046
-2.976444
1.570796
-2.677945
2.976444
-2.158799
2.761086
-0.785398
2.214297
2.761086
-0.197396
2.896614
3.522099
-1.325818
-1.849096
-1.815775
0.463648
0.000000
0.463648
2.356194
0.588003
-2.356194
1.815775
-1.892547
-0.785398
-1.325818
-2.214297
1.570796
3.605240
-2.466852
-2.677945
-2.677945
-2.677945
1.249046
-1.951303
2.498092
2.553590
-2.158799
-2.356194
-0.896055
-2.158799
1.190290
1.951303
-2.498092
3.338988
-1.815775
-0.785398
0.321751
-2.553590
-1.249046
0.000000
0.463648
0.321751
2.111216
-1.107149
1.249046
0.643501
-0.785398
-1.249046
0.321751
-1.570796
-1.107149
-2.158799
-2.034444
1.249046
1.570796
1.892547
0.927295
0.785398
0.643501
2.677945
-1.570796
2.356194
1.107149
2.356194
2.819842
1.892547
1.373401
-2.677945
-0.896055
-2.245537
0.000000
3.141593
1.735945
2.158799
0.463648
-1.325818
1.570796
-1.570796
2.553590
2.356194
1.107149
1.892547
-2.356194
-0.588003
-1.405648
-1.373401
-1.892547
-2.034444
-1.249046
2.111216
3.141593
1.815775
-1.570796
0.000000
0.643501
3.141593
2.034444
2.896614
3.141593
0.463648
0.321751
-1.570796
-1.405648
2.896614
-1.030377
1.570796
-1.325818
0.000000
1.107149
2.034444
2.214297
-1.325818
-2.356194
-1.325818
-2.601173
-1.107149
2.896614
-0.785398
0.321751
0.463648
-1.030377
-1.325818
3.386571
-1.190290
-1.190290
-0.197396
-1.815775
-1.570796
-0.588003
-1.373401
-2.214297
-0.588003
3.141593
2.976444
-2.111216
0.321751
-1.570796
-2.158799
-0.588003
2.356194
-0.588003
-1.892547
2.677945
1.735945
2.553590
1.107149
-1.815775
-2.677945
2.896614
-0.321751
-0.197396
0.463648
2.976444
1.892547
-1.107149
0.588003
2.896614
-2.356194
-2.034444
-2.245537
-1.570796
0.321751
2.158799
-1.815775
1.107149
-2.819842
-0.785398
-2.356194
-1.570796
-1.815775
-2.034444
-1.249046
-1.768192
-1.107149
1.815775
-0.927295
-2.356194
1.815775
0.785398
2.356194
0.785398
-1.815775
-1.570796
0.000000
-1.735945
-2.214297
2.553590
1.570796
-2.944197
2.944197
1.815775
-0.982794
-2.498092
2.999696
1.815775
0.643501
0.000000
-0.197396
-0.982794
-2.677945
-1.892547
-0.244979
-2.356194
0.785398
1.249046
-1.249046
0.321751
-2.214297
-2.677945
2.245537
-1.405648
-2.677945
-2.498092
1.373401
-1.570796
3.463343
-0.463648
-2.214297
0.643501
3.386571
-2.601173
-0.197396
-1.695151
1.405648
1.892547
2.896614
2.976444
0.000000
2.944197
1.373401
-2.158799
-2.819842
0.982794
-2.111216
-2.896614
-0.982794
3.386571
-1.325818
-1.735945
-1.892547
-0.588003
-2.466852
3.338988
-0.321751
-1.815775
0.643501
1.815775
-2.111216
-0.982794
3.141593
-0.982794
3.463343
-1.373401
2.944197
-2.158799
2.158799
-1.892547
3.338988
2.158799
2.158799
-2.158799
-2.677945
-2.245537
-2.356194
-1.570796
1.373401
2.498092
-2.736701
-0.785398
3.141593
-1.768192
1.249046
-2.677945
-1.892547
-2.265535
2.761086
-1.735945
-0.244979
-2.466852
0.321751
2.034444
-0.785398
-0.927295
-0.380506
-1.815775
0.785398
1.951303
-2.863293
-1.249046
-1.570796
1.892547
2.553590
-1.735945
-2.896614
-0.982794
-0.588003
-0.785398
0.000000
3.386571
-0.321751
-0.927295
2.677945
1.373401
-0.197396
-0.785398
-1.570796
-1.249046
2.034444
1.249046
-2.111216
-2.863293
-0.321751
-0.244979
1.951303
-0.588003
2.553590
2.761086
-1.815775
-0.785398
0.244979
2.896614
-1.815775
3.141593
-2.034444
1.373401
1.107149
0.982794
-2.214297
1.107149
-0.244979
-0.588003
-2.158799
0.321751
0.785398
-2.819842
2.896614
0.785398
0.000000
-0.588003
-2.034444
-0.982794
2.819842
-0.463648
0.927295
2.819842
-2.356194
1.815775
-1.107149
-2.466852
5.034140
-1.107149
2.896614
3.141593
-1.892547
2.498092
3.386571
1.249046
-1.030377
-0.982794
3.141593
2.498092
1.249046
-0.588003
-2.553590
3.141593
-0.197396
3.141593
-2.158799
-1.849096
1.107149
-2.553590
2.944197
-2.944197
-1.325818
-2.498092
1.570796
1.570796
1.249046
-2.245537
-2.356194
3.141593
2.677945
1.570796
-0.982794
0.982794
-1.405648
2.976444
-1.570796
0.643501
-1.570796
3.386571
-0.380506
-0.785398
3.141593
-2.553590
0.785398
1.249046
-1.373401
1.030377
2.976444
2.034444
2.896614
3.141593
-2.601173
-1.325818
-0.982794
-1.325818
1.892547
2.356194
-2.601173
1.815775
0.000000
1.107149
1.107149
-0.588003
2.034444
-2.896614
1.815775
-0.785398
0.244979
-2.356194
-0.588003
1.892547
-0.674741
-2.158799
-0.785398
2.976444
1.249046
3.785094
0.000000
2.819842
2.553590
0.785398
2.819842
2.553590
-0.380506
-0.927295
-1.951303
-2.245537
