-8.061478
9.278766
2.587285
-4.815471
6.871188
-1.831399
9.424778
-8.562608
6.884259
7.411607
-2.356194
2.701750
-2.104505
-1.301629
0.150371
3.041924
0.062419
2.999696
7.222902
-9.210717
-1.030377
-1.249046
7.227239
6.746833
-2.459276
0.708626
-7.960717
3.206019
-2.831890
-8.377260
-9.227382
-1.297788
1.325818
7.729627
-1.258754
2.396173
0.147849
1.661456
-0.649870
7.171665
-2.308611
-0.876058
-0.401229
2.275290
-1.543026
2.199593
-2.295046
2.081285
-8.333501
7.473475
-2.396173
6.975107
-0.090660
-2.300696
4.031868
5.734636
6.746833
-1.975688
-1.465919
-9.394484
-2.553590
3.091634
1.705118
-0.804264
1.629552
-8.331327
-8.607133
-2.647651
2.609869
-7.853982
6.549437
-3.050933
2.629203
-1.901892
-5.010888
-2.606638
-2.295046
7.091835
4.037648
-8.080780
0.785398
-1.837048
9.164176
0.103082
0.561922
-1.570796
5.819538
0.000000
-2.718739
-8.010584
8.098960
6.962599
-1.170556
-2.541542
-2.356194
-1.839964
2.053310
-3.017238
-2.571552
-2.239086
-0.558599
2.137526
-1.646125
-2.297439
1.249046
-1.361773
-0.197396
6.977924
1.919567
1.272297
2.811295
1.607816
-1.878849
-8.036150
-7.956188
2.165556
-0.351445
-1.467715
2.629203
1.994991
1.723446
3.107124
-2.731465
7.441571
-0.927295
-2.457883
-1.080839
-6.200044
5.789244
2.754717
-8.098960
-0.785398
-8.004353
1.741532
-1.234122
2.259721
8.132281
-8.275401
1.443287
-0.512389
9.424778
0.411065
-0.607802
-2.976444
-2.356194
-2.321725
-0.147078
-2.743070
-0.737815
-8.336495
-8.175732
-0.218669
7.068583
6.777127
-0.643501
5.680898
0.876058
0.424194
-2.297439
0.236849
7.343493
-8.433984
0.401229
2.208345
-8.705948
0.120624
2.034444
2.289626
-2.804918
-8.415145
-8.019130
1.875307
-7.233732
2.265535
2.754717
-1.249046
7.785125
-2.896614
-2.498092
-6.631956
0.147078
-5.270988
1.862253
-1.136126
2.129396
1.623379
1.975688
6.890987
-8.065075
-0.690446
2.256526
-0.830821
2.714965
-0.982794
2.399645
6.983078
-0.000000
0.394791
-2.596729
0.558599
-0.308053
-2.016097
-0.408149
15.707963
2.704965
-2.768605
-0.739975
-1.152572
-1.296629
8.080780
-8.505058
-1.320818
2.510513
-0.856706
2.587285
0.278300
1.257895
4.772921
-0.785398
2.483704
-0.484478
2.145101
2.553590
-2.401618
1.612439
5.975133
2.579671
15.472418
2.034444
8.302705
7.307193
6.379659
1.967876
0.617191
-0.348771
2.193996
3.104573
1.570796
3.206019
2.482787
7.274907
0.263964
-0.255182
-1.237552
5.534807
-6.814909
1.352127
2.439336
-1.060308
-0.892677
2.611377
2.145101
0.083141
-1.134169
-0.124355
1.859772
8.098960
-2.976444
-2.694073
0.436627
-0.170735
1.873681
7.139891
7.040020
0.348771
1.862253
9.392531
1.288241
0.270947
-2.176341
-0.813962
-2.642246
0.811034
5.831031
-0.244979
-8.085072
-0.745419
6.260967
2.461071
-0.204018
9.507919
7.233732
-8.061478
-1.124691
7.277606
7.853982
2.085248
3.050933
2.627141
-2.356194
-1.258754
-5.320191
9.044272
2.401618
-0.039979
9.001924
9.191035
6.080864
6.949155
2.717398
2.414950
6.103332
-7.411607
-2.622447
-2.388441
2.308611
2.094075
-2.327631
7.257782
-1.359703
-8.247040
7.364024
2.116451
-0.950547
-2.450256
-7.978337
2.356194
-2.490516
-3.006065
-0.045423
7.390334
-1.745469
1.642104
-2.612003
9.512785
5.695183
0.000000
6.926686
2.089942
9.140984
1.410883
-1.144169
2.381830
4.712389
-4.068888
-2.651635
-2.053310
9.307669
8.077458
1.225241
-0.062419
-2.498092
-1.390943
-1.570796
-2.736701
-0.000000
2.788602
0.439843
-7.881002
-8.808481
-0.418224
7.317546
2.356194
-0.058756
1.940130
7.618437
2.332943
9.515438
-1.510264
-2.743070
-0.000000
1.779819
2.976444
-1.418147
3.191551
2.167973
3.232253
2.356194
0.045423
-2.399645
-0.643501
-1.121037
-1.042722
7.887303
-5.194902
0.291457
-1.152572
3.538672
2.158799
2.289626
-2.918116
2.958482
6.871188
2.378413
7.002015
2.375060
-1.347320
-0.438337
2.337329
0.698660
0.321751
-7.810531
6.283185
-1.037088
6.952824
6.970857
-1.267911
3.306741
7.407876
-2.297439
-8.511057
6.899482
-0.632749
-2.951604
1.203622
1.913820
-0.881872
0.493941
1.849096
2.485897
7.341592
-2.321725
7.562525
-2.896614
-1.405648
1.837048
15.810170
2.356194
-2.902983
2.148698
-2.098871
-2.922924
7.341592
-0.921801
-1.681454
2.704965
-2.647651
1.289024
5.934414
0.260602
-5.894867
-7.785125
1.965587
7.031563
-1.352127
-0.032247
0.282555
6.352840
8.089527
2.896614
2.457883
-8.264109
7.282644
-0.333244
-1.520838
-1.390943
2.310771
-1.913820
-2.338652
2.798569
3.096169
-0.610726
2.310771
-2.422763
2.432966
-7.718454
0.197396
-1.276562
-2.000559
2.741352
-8.306135
-1.319106
-0.099669
-1.997424
-0.535811
7.459191
4.434089
9.396214
6.064516
-2.819842
2.999696
1.325818
-1.152572
-1.675673
9.554480
7.521922
2.931953
-0.872137
1.967876
2.810497
-1.325818
-2.622447
1.941688
1.937970
-0.233743
2.105751
0.896055
2.047264
2.441700
-1.348714
1.352127
6.985442
-7.934886
0.093477
-1.497756
5.727692
0.339293
7.853982
9.248069
1.227772
3.850219
-2.819842
2.453921
2.645170
-2.342111
-1.091277
2.055274
2.393215
-1.030377
-1.414194
1.570796
2.867425
0.361729
2.234842
2.111216
2.034444
1.570796
7.674128
1.708802
0.099669
-2.785957
-1.083897
-1.051650
7.114007
2.289626
-2.356194
-2.205823
-0.631079
-6.561485
3.218365
4.416948
2.214297
-2.833540
-2.010639
-0.665969
-1.019141
-7.712085
7.290665
2.872425
-7.759030
-2.560836
-1.190290
-0.927295
1.745469
7.327915
-1.420425
-8.217961
-1.467715
1.849096
2.214297
-3.050933
-0.129703
7.449090
1.939492
-1.107149
-1.048393
-0.260602
0.384169
2.642246
-1.051650
15.617303
-2.231839
-3.463343
0.158655
-2.115077
6.890987
-7.853982
3.375336
1.637364
6.914265
7.853982
-1.190290
15.643536
1.878849
-8.238586
-2.466852
7.587730
1.300947
7.279677
2.654693
8.114584
-0.117109
3.141593
-2.427502
9.355921
2.530867
3.478267
2.578276
2.241318
1.025141
7.505211
-2.582993
2.050316
-1.085174
-1.195526
-1.631328
-1.892547
-2.418613
0.321751
-8.234488
-2.622447
1.997424
-0.031240
-2.174546
2.356194
-2.952394
-0.252554
-2.717398
-1.415800
1.451367
2.461071
0.278300
-8.006631
7.944642
8.065075
3.141593
2.925508
5.497787
-1.016489
3.586012
9.374820
7.159243
0.544864
2.111216
9.189233
-2.422763
0.685730
-7.853982
-2.736701
0.099669
2.870646
1.881795
0.110657
2.158799
-0.765793
-2.064738
0.178093
-2.677945
3.463343
0.370891
-8.229252
-0.083141
-1.014630
1.629552
-0.141897
-0.643501
3.349089
5.695183
7.390334
0.321751
-0.849141
2.436024
-0.093477
6.802331
2.622447
7.118542
6.965502
1.333948
7.814003
2.129396
-1.744042
7.179241
2.528385
-0.060532
2.273053
-2.427502
9.359653
2.383215
1.249046
-2.085248
7.974605
0.576375
-0.463648
-0.165149
-0.558599
-2.339247
7.068583
2.191046
7.162645
-7.798483
-2.014245
-0.598419
-1.051650
-0.785398
15.303071
-2.055274
-2.478390
-1.967238
2.572279
2.953371
