2.214297
2.430134
7.683246
-2.176341
-0.375961
-1.216091
-2.406998
-2.560836
7.729627
2.191046
7.045332
8.215711
3.291964
1.989021
2.541542
-2.514850
-8.389793
1.177738
0.648332
9.424778
7.584814
5.779019
-1.118642
-7.745711
9.379355
7.680736
-7.905219
0.202322
2.478390
1.086318
5.839737
7.217473
7.028605
-0.648996
-2.181522
-0.064427
0.043451
3.054854
2.889038
2.045196
3.046641
-0.678119
1.282741
-8.295161
-8.807022
2.848004
5.742766
-1.331053
6.957926
1.946757
-2.375060
6.774994
-8.567042
-8.086539
1.080839
-0.408908
-8.286389
-5.204198
6.862260
-1.072974
2.269456
0.535811
0.274167
-1.730709
-1.772559
3.105894
7.175319
-8.028654
-0.000000
6.940260
-0.620249
9.444775
-1.331565
2.811968
-2.432966
-0.244979
0.119429
2.828691
-1.615212
2.863293
-0.192048
9.904297
1.570796
2.954613
0.298499
8.019130
-2.426501
-2.303611
7.429149
7.204986
0.638320
2.475623
5.540016
15.586611
3.372683
-2.677945
2.785373
1.017955
0.772066
7.162645
0.117109
-0.670522
2.903757
-3.141593
7.377514
-0.900275
4.612720
-8.162034
0.564569
8.065075
2.242402
-4.530740
-2.166206
2.289626
-2.170847
-0.193211
-0.051237
-1.173717
-0.000000
-0.370891
-0.868539
0.330297
-0.643501
2.430134
8.278176
8.197006
-2.165010
3.429648
-2.691833
2.116451
7.202905
2.866167
2.566168
3.478267
-8.168214
1.657535
-2.553590
0.224711
0.960070
7.258572
7.252908
-2.210566
-1.222025
1.981861
2.577023
1.603043
8.098960
2.756988
5.894867
-0.975386
-1.421906
-1.042722
-0.540420
9.317088
-2.570255
6.303591
0.413689
-0.000000
2.896614
9.463974
2.805954
1.199905
0.282555
7.110226
-2.726101
-1.715609
-0.785398
1.168926
-0.785398
-15.215478
-0.449760
3.480885
2.811295
-0.580003
-0.728855
0.785398
-0.632749
2.662073
6.856151
2.276365
0.270947
-7.635313
-1.803353
-2.055274
1.455037
0.358771
1.852568
-0.361729
0.062419
12.715261
1.879727
-0.397079
0.683709
-2.451146
-1.878849
-0.896055
-8.175732
-1.132460
-0.045423
-7.677273
0.093477
2.287338
0.347062
-2.289626
-1.095101
-1.797595
-4.877538
1.545802
-0.312901
0.120624
-1.742987
-1.292497
-0.601074
-2.403778
-8.072651
-0.380506
4.597512
-0.329624
9.424778
-2.111216
-1.341564
-2.613518
2.356194
2.174546
-2.137526
8.140033
9.604631
2.134113
2.867425
7.153127
2.717398
-9.289250
-6.137875
0.226799
8.199537
-2.615526
-2.699218
-2.995580
-0.388319
-15.664512
-2.191046
0.076772
-0.504861
2.677945
-8.068042
1.599360
2.250210
2.219128
8.175732
1.428899
1.471128
0.453844
3.345611
1.917335
1.314645
2.639989
2.386488
0.086738
2.622447
-1.288241
0.380506
4.772317
0.534955
3.593046
1.264917
1.400061
-1.165905
-0.491164
9.146478
-2.103640
9.566675
0.154319
5.755111
2.806856
-2.677945
7.240774
-8.306135
-0.995372
0.558599
-5.097546
9.244924
-0.113792
-0.643501
2.878598
2.320495
7.390334
-1.821239
-0.343024
0.770474
-0.179853
11.989995
1.432157
1.951303
-8.154902
2.619758
2.988943
-0.033321
-2.086345
-2.740364
-2.034444
-1.235158
-0.602287
0.305879
-0.767218
0.658806
-2.323948
6.380439
7.431128
7.958859
-2.070143
0.205395
7.307193
-1.482789
-0.356220
1.055247
2.819842
-8.208687
3.048116
9.399143
7.068583
-2.221873
2.523837
-2.075658
-8.142957
7.343493
6.938881
-0.025635
9.215755
2.158799
-2.664247
-2.488746
-0.519146
2.303611
-1.570796
-2.653259
15.776820
2.828691
8.670620
3.091634
1.184914
0.896055
-1.892547
-2.221873
2.579671
-0.989416
-1.355439
13.291237
7.151725
2.214297
1.190290
-1.570796
6.704605
-8.019130
3.243282
-2.106608
-0.612538
0.729900
-3.062809
-1.489892
-2.578276
1.937970
7.118542
-2.025098
-7.517307
0.683709
7.402529
1.508378
-1.797595
-1.951303
2.310771
-2.649783
0.625485
0.064427
2.089942
-0.237836
-1.428899
-0.809784
-1.059566
7.228497
7.265979
-0.862170
12.517629
1.772559
-1.026516
-0.148890
-1.653938
1.542233
0.477345
3.482572
-0.028564
-1.499489
-0.177596
13.367152
2.530867
-2.461071
7.376636
0.436627
-2.171870
-0.671606
-0.748378
-1.367751
2.451146
-7.774152
7.705092
-2.712815
2.410196
12.401222
-1.629552
-1.595791
9.480276
1.664273
0.203045
8.191860
1.418147
2.466852
7.013085
2.158799
5.972187
-2.857799
7.325907
6.308180
1.919567
6.077790
1.629552
-2.016902
-1.570796
0.212938
0.851966
3.121987
7.989509
2.339247
3.295911
6.988753
2.485897
-0.000000
0.260602
6.935054
-0.239232
2.843094
0.278300
-1.178456
-2.553590
-2.782822
-8.894004
-2.106608
-0.350728
1.777120
2.443690
0.117109
13.385090
13.557164
-1.205595
-0.580003
2.589938
-7.667002
-8.023760
-2.605781
7.427354
-1.614247
7.853982
0.291457
-0.097253
-7.853982
3.022164
-0.463648
-1.030377
-0.268366
1.319106
-2.077895
15.801440
-7.596658
-1.425486
-1.409421
2.057696
15.784735
-1.731559
7.248437
3.316265
2.320495
-0.651077
-0.643501
-0.668289
-2.307054
-0.024995
1.024007
-8.585378
2.819842
0.488334
6.926686
-5.188084
1.180189
-0.449760
-1.094329
5.619982
2.536048
1.633215
-2.053310
-2.492597
-2.116451
0.345556
-0.837981
-2.835714
0.337878
9.193687
0.385158
6.711963
7.170272
7.302327
-7.735492
-0.000000
2.245537
0.546789
-0.785398
-1.552280
-0.702257
7.435757
-1.400061
-0.000000
-1.128422
6.849915
-2.750986
-0.117109
-2.518393
1.182478
1.732171
8.254222
2.176341
-0.346539
-2.021458
2.622447
-1.828120
0.127510
6.490682
0.206324
1.325818
2.455863
1.570796
1.975688
7.196907
2.060754
7.693219
-0.605545
0.000000
1.951303
3.215532
2.956245
-4.923482
-0.156602
3.050933
0.045423
2.406153
1.684588
8.961130
0.596199
3.279599
3.648691
1.647568
-1.604117
-0.337878
2.999696
-1.096945
-1.801887
-7.624077
-2.582993
2.919511
7.257782
0.452778
-0.544280
-1.146602
3.053585
7.473475
-1.986288
-2.314552
1.107149
2.571552
-0.034469
-2.770701
-2.034444
0.321751
6.863188
9.305349
-7.646485
-1.923787
7.196907
5.068609
7.246180
1.655698
-2.736701
9.360351
7.091835
0.155595
-0.083141
0.638914
5.662936
6.695596
5.844849
-2.422763
-2.403778
-2.250210
6.595227
8.194364
-0.420663
-2.796945
0.115759
-7.734553
-7.752293
1.318242
1.961403
3.114572
6.774994
7.289412
-1.980924
-0.269167
-0.110657
-0.735440
7.139891
-8.667943
1.570796
-1.267911
0.393058
2.209116
-0.028564
3.522099
-1.779819
3.735806
1.772113
-0.975386
8.317629
-2.660705
7.414139
-1.140104
-1.700499
-0.312901
-1.978945
1.263751
-13.986152
2.855541
-0.691921
7.798483
6.786029
1.502720
7.445074
-2.314552
1.851634
-1.325818
1.510264
-0.186979
-2.158799
1.380808
1.910089
6.122423
-3.115957
8.274645
-1.040581
-2.723368
2.105751
-1.184914
2.209116
2.307054
3.486240
-0.655696
-2.414950
7.026941
7.151725
3.248328
-2.372586
0.736257
-1.919567
-0.244979
7.256805
-1.335251
3.048116
-0.090660
-0.706199
-2.034444
2.840672
1.708802
-0.558599
-2.588298
7.239319
-0.000000
1.433730
1.875307
-0.698660
2.471071
2.174546
-2.955106
2.116451
-1.241747
7.549471
