2.732155
5.153140
1.297788
0.201317
0.446106
0.551655
-8.625682
-3.759737
-0.674741
6.340814
0.205395
5.071160
5.995130
-4.749409
-4.179545
5.414646
4.673946
1.550391
-0.394791
0.380506
-5.000444
4.984535
-2.129396
2.004378
-0.759088
-7.595729
-1.985303
-3.664871
1.279340
-1.123954
9.355921
0.708626
-2.167973
-0.927295
-0.073939
4.846200
2.001935
-1.971037
3.061763
-1.570796
-3.101614
-0.834140
-2.594804
2.291350
-0.628796
5.207522
-4.257670
1.074374
-0.253674
1.446441
1.717875
-0.358771
-8.953000
-8.788270
-15.244316
2.449258
5.835665
5.243162
7.938883
-1.238177
-3.063322
1.091277
2.694073
-0.189199
-8.777386
-5.014008
0.671606
0.075329
-8.187226
2.863293
0.000000
-9.156868
-2.754717
-8.051377
1.630724
-0.189988
-8.272206
0.840897
4.862201
-4.188470
-3.862147
0.773351
-8.903344
-0.544280
0.358771
-2.368852
0.388319
-9.113780
-9.066007
4.848792
-7.159243
-3.404587
-6.211878
-4.075881
2.620158
-4.373096
0.321751
2.896614
-1.880499
1.797595
-0.824340
1.532354
-2.188941
-4.677920
2.761086
2.292988
-9.160290
3.141593
6.089563
2.601173
0.540420
0.502090
0.062419
-9.022123
-0.680521
-3.022164
0.137066
1.510868
-4.103226
-4.754917
1.261093
-4.159548
2.025516
-0.636508
-2.043293
-1.642104
6.951475
-8.116976
-2.729182
6.302791
-3.759737
-3.274144
-8.511870
5.192564
-4.638450
-4.049659
-1.171281
-7.555483
-2.802300
-8.543782
-7.818283
8.420711
-1.644735
-0.593750
-1.107149
1.261093
-4.972991
-9.391457
-3.141593
2.370686
-4.485590
-1.021422
0.662730
-3.926991
-3.463343
5.371699
-3.061763
-8.890382
-8.030690
-4.849455
-4.302262
-0.193211
-0.694738
6.172528
-1.781890
1.453688
0.218669
2.131483
-2.060754
-8.919488
5.443786
-8.977935
-4.752368
0.321751
1.287002
5.168163
-1.069783
4.849455
-4.787718
-1.644735
1.335251
2.356194
-7.736873
-7.820661
2.872425
-2.342111
-2.922924
2.570255
0.114877
-8.531690
0.152649
-4.068888
-0.334737
0.000000
-8.518028
-0.799890
6.283185
1.924794
-8.480243
-0.147078
-4.467410
5.393687
0.347062
0.982794
-3.508766
0.171379
-8.995016
-1.044169
-2.892006
5.348227
-0.110657
-8.639380
-4.155790
0.402321
-8.944603
-8.486730
0.728317
-2.514284
-1.203622
4.962368
-0.923404
-7.853982
-3.452591
2.808348
-0.455101
-9.287712
-0.588003
-8.875403
-9.254043
-8.945259
0.158655
-4.712389
-1.912412
-8.143485
2.210566
0.172191
-9.515438
-2.843094
5.949941
5.700446
0.428264
-3.589113
-2.563068
0.857735
0.000000
1.037088
2.629203
2.386488
-3.982489
5.243162
2.925042
-9.327051
2.329174
-8.788940
-2.407432
2.402316
-0.235545
-2.789548
-0.380506
-14.720243
-1.190290
-0.394791
0.226799
-0.119429
-4.197938
0.273009
-4.104587
2.887919
-4.257288
1.030377
-4.129649
-8.952281
-4.529278
-15.195574
-0.665969
5.389775
-4.877538
-3.318302
3.083964
3.331581
5.061160
1.644735
0.524796
3.141593
-8.804528
2.143256
5.678880
-0.309703
0.916226
-8.992370
2.094716
-2.303611
5.533916
-4.923482
1.690225
4.982238
-0.480175
-8.891070
-0.472497
-2.670133
-9.054872
-9.160290
-9.220760
5.937630
1.325818
-4.773537
-4.378444
0.350314
-3.900681
-4.529278
3.141593
0.189988
0.420663
1.272297
4.712389
-2.067219
3.414601
-0.106736
-0.386876
-8.216526
0.624635
-8.416480
-0.927295
-4.248741
-8.881300
-1.904041
-8.884358
0.321751
-1.455920
2.694073
-4.543792
0.674741
0.759088
-1.789465
-8.760732
6.461278
-1.869295
2.906048
6.847269
5.424747
0.577192
5.660882
-1.494024
0.293187
-7.889681
2.383215
1.768192
2.741352
1.570796
-9.234790
5.580928
4.889098
-0.083141
-14.829501
-0.622303
-0.410127
7.217473
2.297439
0.057628
-1.673878
6.093197
-15.090208
-0.447520
4.902377
-1.840645
5.194902
2.999696
-3.536384
3.121595
0.397628
-3.740768
0.240171
-0.073939
1.042722
-1.787347
-0.665969
-2.870646
-4.029198
2.104505
-4.240611
-2.922924
1.742987
2.830594
0.121842
0.988057
-1.405648
12.347702
1.012197
5.942803
-1.906435
2.410196
-4.712389
-8.944603
1.373401
-4.605653
0.717012
1.054101
-0.099669
3.368392
-1.428899
2.547843
-4.184315
-3.663027
2.490516
-8.877989
-0.412410
-3.178613
-1.825164
5.176037
3.072736
-1.428899
2.727086
5.273076
-7.161647
0.321751
2.774419
-0.724866
-4.159548
2.564400
-0.037020
1.307802
-8.126990
9.485926
-0.509071
-15.173568
5.724586
-0.867566
-4.789161
2.904744
5.009453
0.428264
-1.712693
5.366960
2.618314
-15.060571
-7.584814
-9.123858
-4.604118
0.208465
3.252250
-0.220829
-1.080839
0.270947
4.458715
-0.283794
2.231839
2.790865
-1.387686
-4.823046
-0.911486
-8.006631
-4.046420
5.835665
2.632522
-1.937970
-3.664871
0.345556
-0.463648
5.184886
0.216550
0.315215
4.874226
5.079563
0.615620
-8.858049
4.768932
-2.906048
-1.464061
0.216550
-1.499489
-4.232870
1.846602
-1.279340
2.225367
-2.059649
5.566173
-2.449671
-3.187016
-0.117109
-4.264869
1.944523
-4.527041
-4.031868
1.905533
-0.455101
6.203355
3.248328
2.937575
-0.463648
0.436627
2.922924
-1.774814
1.485895
5.132586
-0.722191
-3.433049
2.729182
-4.007895
1.071450
5.436137
6.020191
-4.604118
-2.543174
-1.550799
-8.625296
2.982937
1.801887
1.030377
1.723446
-9.352179
-4.865038
-8.420711
2.958482
-0.799482
0.278300
-8.730040
-1.735945
-9.029987
-0.977794
-1.123954
-2.868584
-1.904041
-0.661043
5.192564
2.396173
0.147078
1.269876
-4.773537
-2.052460
-3.648691
-0.961633
1.460139
0.000000
2.140110
-4.823046
2.025516
-9.272129
1.124691
-4.547240
-8.519951
1.726391
-4.305133
5.671033
-2.819842
-4.535680
-7.968858
-3.785094
-1.849096
1.835285
8.280609
1.921111
8.283744
-4.279981
-0.514451
3.241261
-9.070072
1.878849
2.158799
-15.601228
0.593750
0.110657
4.712389
-0.839400
-1.869295
2.731465
0.992894
-8.730040
0.000000
1.197809
-0.110657
-0.715092
-2.774419
8.182535
1.024007
5.208812
2.843094
4.889098
-4.749409
-8.961130
4.712389
1.150600
-1.674589
1.145964
-2.087491
0.114877
-1.610775
-8.881300
-1.747505
5.338650
5.404723
-2.170847
1.295370
-8.777731
-4.752368
1.992801
0.259332
0.540420
1.170556
5.948448
1.297788
2.098871
5.639684
3.100799
-0.958644
-0.071307
3.507340
5.295466
0.414507
7.105604
-3.176062
-8.777731
-8.199537
-0.528074
-0.823355
0.283794
-0.223477
-8.589421
-9.103027
1.642104
1.532354
4.712389
-2.622447
-2.721396
-8.200520
-7.600308
5.736396
-2.914794
5.193276
-8.744869
-0.472497
-8.756489
-2.734337
-2.132718
6.318884
-8.326479
2.538363
3.034857
-5.700446
5.522173
-3.950796
-0.244979
-1.570796
-1.609239
-3.496298
5.326159
9.424778
1.833791
-2.947971
0.965252
-4.786328
2.774419
1.685673
-7.683246
-9.254043
-3.410760
0.785398
-0.597758
1.325818
-2.164546
-1.473069
-2.659929
0.220829
-1.833791
-3.377138
1.150600
-5.294742
2.801211
5.605477
7.701332
2.843094
5.569095
0.000000
2.307453
-8.800143
3.215532
-0.785398
-21.347647
0.934288
2.356194
6.211878
-4.506994
1.004067
-8.258873
-0.496423
1.306308
-0.480887
5.045009
0.748378
2.512796
1.067953
