-1.837048
1.570796
0.380506
0.688924
1.885028
-0.270947
1.012197
-1.001483
-3.881568
-2.848004
0.088656
-0.080904
-2.798569
0.671144
-2.524401
2.064738
-1.653938
-0.138006
1.997424
1.937970
-1.951303
2.462930
-2.586099
-0.785398
2.873226
1.946757
-1.313473
-0.203045
0.024385
0.892134
-1.452306
-2.562518
-1.639653
-1.824470
1.415800
-2.356194
0.397079
0.721655
0.844154
0.880350
-3.141593
-1.279340
0.000000
-9.727663
-9.630173
0.588003
2.451146
-2.001489
-1.756144
-0.202322
-0.911990
2.403778
-0.270947
1.712693
2.023575
-0.298499
1.748392
1.547545
3.023103
1.845706
-1.180189
2.169215
2.111216
-10.370089
0.755104
-2.906048
2.054243
-1.058407
2.976444
0.119429
2.391894
-2.879473
-0.284730
-3.009041
-0.411065
-0.384605
-1.706324
0.029403
-1.900421
0.962107
-1.546411
1.144169
1.198729
-0.726642
-0.828849
1.107149
0.919720
-1.824470
-0.785398
-0.849141
1.256564
1.975688
-1.138389
-0.113792
-2.875341
-10.407572
-2.530867
-1.925502
1.373401
-0.114877
-1.548073
9.191035
1.138389
1.971037
2.425051
-1.256039
0.854255
-0.839890
-2.077895
0.688924
-0.418224
2.307054
1.570796
-0.507099
2.408778
2.181522
0.321751
0.837981
-9.314121
-2.250210
-0.883125
-1.695151
-3.262216
2.553590
-2.922924
-0.785398
-10.024828
3.164316
1.107149
-1.516795
-0.732815
1.368475
2.265535
-0.931882
1.941688
-1.883698
2.338652
-2.124091
-0.027771
-2.201876
2.034444
2.297439
-0.127510
-1.222025
2.589938
-1.965587
2.574863
-1.929567
1.325818
0.000000
-0.635027
-0.658806
0.504166
0.909753
1.821239
-1.048393
0.837981
-1.107149
1.282741
-2.873226
2.289626
-2.859038
-0.703614
1.926432
0.138006
-2.081285
1.653938
1.604117
-0.400241
-0.262120
-1.784857
0.000000
-0.174672
1.760785
-2.307054
-0.110657
-1.542233
-1.249046
-2.847358
-3.194176
1.946757
-0.896055
-1.078311
0.488334
1.546411
-0.078784
2.913096
0.975386
1.446441
-0.321751
0.165149
2.356194
0.156602
-2.455863
-1.606495
-3.167902
2.317752
-1.264917
-2.887919
0.743756
-2.863293
-1.647568
-1.837048
1.690225
-2.498092
-2.111216
2.819842
-1.967238
-2.560212
1.009633
-0.309703
-9.746529
-0.868539
0.996491
-1.789465
2.547379
-0.982794
-2.124091
-0.549853
-1.504228
-1.899846
0.836202
-9.861405
0.426627
0.352990
2.125104
1.623379
-2.171870
-1.570796
1.729452
-1.919567
2.083186
-1.735945
-2.570255
-2.904744
-2.880990
2.819842
-2.223643
2.111216
-10.563167
2.158799
2.106608
-2.057696
-2.601173
-0.484478
0.540420
-2.512796
-0.025635
-0.380506
2.338652
9.158526
-9.638839
1.443287
1.263751
-0.972377
-0.785398
9.095154
2.644250
1.416478
1.168926
-2.356194
-2.574863
-2.746802
-0.268366
-10.615068
-2.169215
0.463648
0.939717
-0.408149
2.119346
1.455037
0.732815
0.770015
-2.176341
-0.702257
-1.937970
-2.356194
2.231839
-3.583967
1.086318
-1.076855
1.489892
3.214633
-2.539305
-3.118869
-0.238609
-2.034444
2.077895
-0.197396
1.019141
-1.449444
2.644250
1.388628
0.699893
-9.695725
0.463648
1.471128
-1.623379
0.836202
-0.226799
-1.283515
-0.385158
-1.886011
-2.425051
-9.888426
-0.197396
-0.638914
9.137497
2.356194
1.978945
2.287338
-2.396173
-0.244979
-2.843094
-1.423718
-0.729900
-1.497756
0.785398
-9.424778
0.293589
-0.588003
2.308611
-2.914794
-1.548073
2.024640
2.976444
2.622447
2.502679
-0.851966
-1.203622
2.414950
-3.260083
-2.214297
-3.087591
-2.730528
0.218669
0.816638
-4.712389
-0.714091
1.633215
0.730907
1.320353
-9.928944
2.284887
1.670465
-2.286540
-2.414950
-1.570796
-1.292497
-10.073774
-0.822418
-9.783549
-2.885441
2.191046
-2.690140
-3.094010
2.291768
-0.092756
-0.705568
-2.843094
-2.736701
-2.819842
0.321751
0.801270
-1.849096
-1.875307
-0.099669
1.570796
-0.442374
2.859821
-2.969402
0.931882
-1.405648
2.259721
-2.325901
-1.123276
-2.183334
-0.902507
-1.304544
2.124091
1.217806
1.717875
-0.756835
-0.801270
1.439969
-2.245537
-2.013171
1.768192
-10.407572
2.233999
1.779819
2.601173
-2.769525
-1.900421
-1.438245
1.272297
0.711459
-3.290483
-2.948381
0.380506
0.119429
2.034444
-1.467715
-3.190335
-0.124355
-0.688924
1.951303
1.373401
2.723368
1.932526
-2.181522
-0.522403
-2.064738
-9.965197
-0.700854
-0.664046
-1.533776
-2.356194
-1.181480
-2.918116
-2.092631
3.141593
-10.085821
-3.119857
-0.982794
0.851966
2.480549
-2.896614
-2.487510
-3.578220
0.073041
-3.094010
-1.673003
1.570796
2.229602
2.560212
-0.024385
1.716106
-3.075024
-2.698144
-10.068279
-1.913820
-2.530867
-0.844154
1.297788
-10.173156
2.119346
0.580756
2.005467
-0.837981
-3.290483
-1.997424
0.337878
1.833791
2.356194
0.444419
-0.509592
1.182478
0.307046
1.249046
0.120624
0.920926
1.030377
2.187988
0.429762
2.819842
-1.703348
-2.510513
-1.416478
1.325818
1.025932
-0.023805
-2.694073
0.595410
-1.892547
-2.601173
-1.594048
2.701750
-2.634494
0.888480
-0.956133
1.361773
-10.082667
-3.174914
-1.473543
-1.277207
-2.131960
-0.821097
-0.090660
-1.234122
-1.217806
-0.141897
-0.165149
1.772559
-2.786887
9.096225
0.528074
0.046478
-2.999696
-10.329605
-1.673878
0.329624
0.337878
1.107149
0.329624
-0.767856
9.103027
1.190290
1.919567
-3.386571
2.173084
0.110657
1.256564
-1.042722
1.821239
2.698144
1.570796
2.461071
1.067953
-9.734481
0.000000
0.310998
0.023805
-0.876058
1.435269
2.338015
-0.197396
-2.885441
-2.420621
-2.233999
-1.319106
0.278300
-1.815775
-3.587698
-3.528468
-0.643501
2.863293
1.378748
-1.833791
-2.068139
2.730528
2.034444
-2.736701
-3.693248
1.405648
2.446854
-1.249046
1.596432
0.624023
-0.950547
-1.921524
0.361729
1.382575
-2.782822
-2.241940
-1.620755
0.352990
-9.381327
1.821799
-0.904827
-1.142018
-2.959424
-3.254744
0.453339
2.131960
0.499347
-0.749699
-0.892134
0.643501
-0.785398
2.720929
1.057190
-2.996283
-0.270947
0.138640
1.147942
-3.321446
2.356194
0.588003
2.356194
0.919720
-0.997830
0.758378
0.643501
-10.476428
2.075658
2.034444
-0.697903
-3.218365
2.356194
-2.053310
1.471128
-1.363300
-2.512796
-0.355636
-0.536435
0.566729
2.568627
-2.743070
2.098871
1.618379
2.356194
-2.307054
-0.418224
-1.325818
1.366778
-1.308676
0.463648
-10.177929
-0.785398
-2.265535
-1.046001
2.137526
-0.821097
-0.043451
-0.854255
0.192048
0.767856
-1.212026
-1.570796
2.677945
-2.746802
-0.486899
-1.270625
2.741352
-9.799112
-2.075658
2.034444
-1.543026
-2.289626
2.723368
-1.815775
-0.601074
-2.654693
-1.504228
-2.859821
-0.815692
-0.441179
2.171870
-2.106608
-1.624798
1.719686
-0.648996
0.066568
1.849096
-2.999696
-0.801270
2.214297
0.888480
0.073041
-1.862253
1.892547
1.969319
0.661043
2.268699
-1.869295
-2.262718
-9.669757
-0.927295
-2.653259
9.179799
1.279340
-0.614663
1.837048
1.180189
2.284887
0.643501
-1.325818
-0.835357
-1.071450
-1.209067
-2.740364
-1.963854
-2.559688
-1.325818
1.439969
0.114877
-0.119429
-0.668289
-1.513716
0.274910
2.152177
-9.601487
-1.208252
0.561163
-1.821799
-0.484478
-1.046001
1.768192
-2.003204
