0.104877
-1.951303
0.588003
-0.554307
-1.144169
-0.390607
-9.911677
1.508378
-1.197809
-1.647568
-0.321751
-1.774814
-2.553590
0.463648
1.279340
-1.723446
-2.850136
0.809784
-1.030377
-0.785398
0.463648
-1.644735
-2.819842
1.267911
-1.685673
-10.257759
-2.574863
1.107149
0.071307
-2.083186
2.265535
-0.302885
-2.961739
-9.815385
-1.190290
-2.601173
1.080839
-2.875341
2.498092
-2.498092
-3.622480
-1.687905
-9.566675
1.385448
-1.249046
-2.223643
1.165905
0.000000
-1.165905
0.745419
0.588003
-1.453688
-9.819569
-10.257759
-10.995574
1.039072
-2.582993
-2.966920
1.182478
-2.083186
-9.943924
-0.165149
2.279423
-1.004067
-9.524447
0.404892
-0.141897
-0.446106
-10.853677
2.034444
-0.862170
-10.853677
-10.615068
-9.669757
1.022247
-0.785398
-10.673824
-0.124355
-2.319174
0.394791
1.642104
-0.117109
-9.958486
-1.088283
-0.124355
-3.141593
-0.278300
-9.566675
-9.888426
-2.053310
-10.210176
0.000000
-1.134169
1.134169
1.849096
-0.759763
-0.927295
1.997424
-4.124386
0.380506
-1.904041
0.558599
-2.746802
0.141897
2.181522
1.058407
-9.924125
2.736701
-2.582993
1.670465
-0.288055
-0.785398
-0.600050
-10.170197
-1.335251
-10.173156
-1.165905
0.412410
0.837981
0.785398
0.463648
1.373401
1.304544
-1.815775
-2.601173
-2.782822
-0.655696
-9.424778
-11.489516
-1.292497
2.111216
1.325818
-10.545815
-2.122451
0.099669
1.373401
-1.717875
-10.012781
-10.030323
-9.703078
-9.424778
1.387686
-2.199593
-1.418147
-1.760785
0.076772
-0.114877
-10.119516
-4.570492
1.929567
0.785398
-2.060754
-0.132552
1.570796
1.570796
-1.892547
-3.704909
-10.075855
-9.566675
-0.785398
0.862170
-2.140110
-1.024007
-2.245537
-2.761086
0.750929
-2.642246
1.261093
-2.833540
-10.419199
-3.224734
-10.110507
-0.418224
-1.365401
0.463648
-3.141593
-1.716809
-2.422763
1.016489
-10.871219
-0.694738
1.525373
-2.796037
-9.314121
2.245537
-2.875341
-5.176037
1.382575
-0.785398
-9.829670
-0.602287
0.000000
-1.480136
-0.896055
-9.746529
-1.056345
-0.950547
1.165905
-9.581380
-1.190290
0.380506
-2.145101
0.000000
-0.519146
1.212026
-0.758378
-10.995574
-1.869295
-10.615068
-1.703348
-0.844154
-10.729322
1.272297
-0.540420
-9.888426
-9.635871
0.197396
-2.976444
-2.319174
-1.969319
-9.259629
-9.805284
1.570796
2.356194
-1.231504
-10.995574
-1.789465
-9.655869
-9.983377
-9.554480
-0.334737
0.404892
-2.098871
-2.411693
1.570796
-0.540420
-10.918802
-10.511096
-2.356194
-1.719686
-0.625485
0.321751
-9.949574
0.110657
-0.785398
-0.524796
1.723446
2.077895
0.463648
-1.727398
2.073640
-10.995574
1.616220
-9.541887
-2.969402
1.435269
-1.107149
-3.830517
-1.789465
-10.871219
-2.221873
-0.904827
-1.190290
-0.708626
0.694738
-0.558599
0.785398
2.129396
1.138389
0.099669
-0.197396
-10.250155
0.141897
-11.427982
-1.570796
-3.030935
0.404892
1.212026
1.965587
2.446854
-2.427502
0.404892
-0.090660
1.892547
-11.601119
1.249046
-1.529154
-1.212026
-1.267911
-10.012781
1.158386
-3.178613
-1.862253
0.110657
0.418224
-2.119346
-1.815775
-10.059805
-1.768192
-9.973327
-9.716235
-9.787322
-5.672459
-2.466852
-1.471128
0.665969
0.868539
-0.614663
1.267911
1.042722
0.909753
-0.950547
-0.218669
-1.107149
-2.512796
-2.944197
2.622447
-1.480136
-3.041924
-9.103027
-1.570796
-8.836775
-3.294242
0.358771
-5.789244
-2.714965
-9.829670
-1.107149
-2.356194
1.989021
0.912908
-0.270947
-0.785398
-2.677945
-10.729322
-1.623379
-2.553590
2.356194
-0.358771
-2.356194
-0.226799
-2.102520
-8.961130
-1.080839
-2.356194
1.797595
0.463648
0.694738
4.331883
-6.283185
2.530867
-2.521343
-0.732815
-9.366022
-2.077895
-0.982794
-0.090660
-0.211093
-0.970746
-3.141593
-1.471128
-9.424778
-1.063698
-2.256526
-2.380580
-1.742987
2.356194
1.249046
-3.827322
-1.618379
1.880499
-0.554307
-1.570796
-1.390943
-2.731465
-1.352127
-9.851405
0.885067
1.653938
1.022247
-4.909785
0.000000
2.129396
-0.652847
-0.058756
-2.736701
3.141593
-0.358771
-2.506566
-2.611377
1.499489
0.704494
-9.979085
-1.570796
0.519146
-0.426627
0.410127
-1.292497
-3.559817
-2.792822
1.712693
1.292497
1.042722
1.943784
-9.472361
-1.418147
1.712693
-2.432966
-1.723446
2.158799
-9.424778
1.797595
2.173084
-10.045027
-0.927295
1.279340
-1.603043
0.135528
1.446441
-0.785398
-0.348771
-8.866179
2.330559
-1.637364
-10.995574
-1.304544
-2.034444
0.507099
1.849096
-2.399645
-0.446106
-3.386571
-2.709185
1.570796
-11.160723
-9.931876
-10.798179
1.107149
-0.484478
-4.288195
-1.297788
-1.776192
-0.999459
-2.553590
-1.849096
0.463648
1.975688
-2.446854
-0.418224
-1.761981
-9.300423
0.298499
-2.432966
2.053310
-2.709185
0.519146
-0.982794
-1.343997
-1.735945
-0.685730
-0.205395
-2.129396
-2.446854
-0.380506
-9.601487
-2.111216
-4.003763
-8.961130
-1.570796
-2.761086
0.785398
0.588003
-2.574863
1.570796
-2.553590
-3.228331
-2.886410
-4.079640
-1.144169
1.279340
0.825377
0.463648
0.480887
1.222025
-1.642104
-2.098871
2.446854
1.570796
-1.789465
-0.588003
2.642246
-2.521343
0.876058
-2.191046
-1.712693
0.412410
2.003204
1.446441
0.507099
-2.010639
-1.249046
-1.012197
-3.064821
-2.704965
-9.292226
2.125104
0.367174
0.661043
-0.110657
-9.888426
0.785398
-9.746529
2.521343
-1.650626
-0.785398
-9.474736
-2.530867
-9.511516
-3.283490
-2.245537
-9.577427
-2.677945
-2.819842
-1.768192
1.570796
-1.405648
-0.278300
1.071450
-2.777614
1.292497
-1.515298
0.358771
-3.241261
1.107149
0.266252
1.138389
-5.497787
0.141897
0.917950
-10.590683
0.519146
0.211093
-2.819842
-10.057527
0.620249
-2.553590
0.165149
-3.041924
0.982794
1.412141
-0.083141
1.570796
-0.610726
-1.789465
-3.836331
-10.133404
-0.844154
1.570796
-9.669757
-0.868539
-1.670465
-2.226492
-1.352127
-2.601173
2.125104
-0.266252
-10.673824
-0.785398
0.610726
-0.785398
-1.570796
-9.767802
1.355439
0.141897
-2.053310
2.158799
-2.677945
0.244979
-9.682102
-2.236766
-0.058756
-2.300696
0.410127
-2.927532
-0.982794
-2.798569
-11.485532
-2.414950
-2.634494
-2.505084
-2.804918
0.463648
-10.276744
0.643501
1.365401
-0.558599
-0.309703
0.291457
-1.165905
0.278300
5.034140
-1.849096
2.356194
-3.551720
-0.982794
-3.244674
-2.226492
-1.325818
-0.394791
0.358771
-9.424778
-9.314121
-1.892547
-2.245537
-0.588003
-0.636508
-9.622174
-10.995574
0.708626
-0.404892
-2.677945
-4.605653
-3.346988
-9.566675
-8.961130
-2.480549
-11.112683
-1.570796
-11.338598
-0.970746
-9.466421
-10.001153
-5.034140
-2.553590
-9.381327
1.650626
1.352127
-0.486899
-1.570796
1.313473
-1.487655
-2.034444
-2.498092
1.460139
-1.815775
1.892547
0.620249
-3.883540
-0.188222
0.463648
1.869295
0.708626
-10.476428
-10.455155
2.191046
0.231091
-1.414194
0.588003
-2.994514
-2.418613
-9.259629
-0.519146
-3.041924
1.249046
0.512389
0.052583
1.849096
-3.070285
-0.141897
0.380506
-2.083186
-1.212026
1.197809
-9.487197
2.601173
-1.490966
-5.300392
-0.436627
1.653938
-1.661456
0.885067
-0.141897
-9.334118
-1.203622
-0.528074
-1.107149
-1.866237
-2.323948
1.712693
0.909753
