2.381830
2.533791
1.030377
-2.132718
-0.463648
-1.405648
-2.533791
-2.736701
1.570796
1.943784
0.732815
2.098871
-2.914794
1.971037
2.553590
-2.525296
-2.167973
1.144169
0.661043
9.458099
1.287002
-0.558599
-1.055247
-1.282741
2.158799
1.297788
-1.607816
0.345556
2.483704
1.317122
-0.491809
0.870903
0.674741
-0.785398
-2.070143
0.000000
-0.083141
3.050933
2.437099
2.228685
3.104573
-0.558599
1.172274
-1.869295
-8.862856
2.714965
-0.519146
-1.398606
0.685730
1.784857
-2.356194
0.463648
-8.810115
-1.673878
1.138389
-0.694738
-8.142037
1.088283
0.432408
-1.042722
2.148698
0.479519
0.000000
-1.650626
-1.824470
3.174914
0.973620
-1.768192
0.073939
0.785398
-0.588003
3.058451
-7.600308
2.930499
-2.408778
-0.266252
-0.183111
2.809533
-1.667270
3.036716
-0.218669
3.058451
1.806341
3.034857
-0.043451
1.723446
-2.662073
-2.279423
1.138389
0.962994
0.699893
2.199593
-0.528074
9.353470
-2.944197
-2.647651
2.904744
1.107149
0.704494
1.136126
-0.119429
-0.664046
2.553590
-3.034857
1.165905
-0.690446
-1.249046
-1.723446
0.519146
1.858852
2.553590
1.753907
-2.441700
2.589938
-2.330559
-0.129703
0.083141
-1.107149
-0.321751
-0.298499
-1.024007
0.179853
-1.024007
2.378413
2.018316
1.989021
-2.149871
-2.914794
-2.553590
2.050316
0.896055
2.999696
2.572279
-2.896614
-7.853982
7.627183
-2.498092
0.119429
1.024007
0.912908
0.244979
-2.158799
-1.025141
1.839964
2.601173
1.532354
1.789465
2.427502
-0.785398
-1.138389
-1.494024
-1.527345
-0.664046
9.309901
-2.594804
0.043451
0.533708
0.060532
2.830594
9.501550
2.808348
1.170556
0.309703
0.901157
-3.141593
-1.647568
-0.809784
1.527345
-0.942000
-8.884358
-0.620249
-2.887919
2.659079
-0.233743
-0.715744
0.896055
-0.628796
2.659079
0.463648
2.094075
0.394791
-1.238737
-1.853351
-2.181522
1.359703
0.380506
2.147172
-0.269167
0.110657
6.528164
1.843805
-0.432408
0.837981
-2.718739
-1.747505
-1.165905
-8.026172
-1.138389
-0.060532
-7.810531
-0.266252
2.067219
0.463648
-2.251318
-1.004067
-1.774814
0.000000
1.707863
-0.147078
-0.394791
-1.661456
-1.297788
-0.607802
-2.831890
-1.892547
-0.380506
-2.034444
-0.147078
3.177292
-2.251318
-1.690225
-2.441700
2.461071
2.356194
-2.049149
1.753907
2.976444
1.854590
1.700499
0.890275
2.611377
-2.896614
0.218669
-0.386876
1.729452
-2.774419
-2.647651
-2.922924
-0.189988
-9.091534
-2.129396
-0.785398
-0.510488
2.631104
-8.145438
1.866237
0.197396
2.256526
1.806341
1.639653
1.570796
0.661043
-3.061763
2.111216
1.605265
2.843094
2.662073
-0.034469
2.601173
-1.423718
0.540420
-1.471128
0.158655
2.944197
1.190290
1.418147
-1.089909
-0.449760
9.010271
-1.957672
9.424778
0.099669
-0.690446
2.887919
-2.930499
0.962994
-2.019520
-0.844154
0.358771
1.183921
9.227382
-0.035699
-0.554307
2.223643
1.923787
1.089909
-1.878849
-0.165149
0.657889
-0.643501
5.819538
1.423718
1.892547
-1.980924
2.634494
2.782822
0.083141
-2.117585
-2.642246
-2.050316
-1.480136
-0.528074
0.321751
-0.785398
0.759763
-2.381830
0.189988
1.165905
1.712693
-3.026716
0.226799
0.902507
-1.317122
-0.214061
1.183921
2.878598
-1.858852
3.026716
9.389079
0.866302
-3.022164
8.896704
-2.098871
-1.824470
0.811034
0.388319
0.183111
2.782822
2.437099
-2.601173
-2.483704
-0.607802
2.461071
-1.570796
-2.694073
8.998150
2.594804
8.591797
3.178613
1.047518
0.912908
-2.000559
-1.985303
2.525296
-1.008875
-1.249046
6.731909
0.811034
1.609239
0.255182
-1.494024
0.636508
-1.881795
2.953371
-2.070143
-0.588003
0.624023
-2.774419
-1.471128
-2.544416
2.117585
0.554307
-1.965587
-1.227772
0.809784
1.141034
0.881872
-1.642104
-1.934775
2.117585
-2.831890
0.722979
-0.255182
1.971037
-0.152649
-1.373401
-0.726642
-0.927295
1.056345
0.444419
-1.499489
6.246165
1.967876
-0.885067
-0.119429
-1.535097
1.504228
0.205395
-2.914794
-0.546789
-1.421906
0.000000
7.114007
2.613518
-2.886410
1.124691
0.129703
-2.245537
-0.463648
-0.680521
-1.729452
2.677945
-2.228685
1.451367
-2.587285
2.506566
-0.103082
-1.916352
-1.837048
9.189233
1.665748
-0.446106
2.158799
0.935770
2.594804
0.482513
2.228685
-0.205395
-9.070072
1.165905
0.037020
1.695151
0.000000
1.677532
-1.678486
-1.681454
0.147078
1.019141
3.300248
1.380808
2.329174
3.215532
0.811034
3.180035
0.114877
0.426627
0.758378
-6.566979
2.988943
0.223477
-1.156289
-2.754717
-2.986596
-8.899982
-2.169215
-0.345556
1.363300
2.553590
0.000000
7.040020
6.926686
-0.954499
-0.674741
2.512796
-1.438245
-1.635223
-2.461071
1.165905
-1.642104
1.639653
0.128323
0.071307
-1.536327
3.141593
-0.334737
-1.287002
-0.205395
1.387686
-2.498092
9.424778
-1.178456
-1.400061
-1.637364
2.261243
9.390309
-1.677532
0.835357
-3.070285
2.461071
-1.337053
-0.616297
-0.480887
-2.095592
-0.076772
1.222025
-8.589421
2.796037
0.636508
0.688924
1.160669
1.304544
-0.510488
-1.024007
-1.975688
2.498092
1.637364
-1.854590
-2.622447
-2.034444
0.493941
-0.715744
-2.914794
0.510488
9.277700
0.463648
0.540420
0.885067
1.124691
-1.333948
-0.043451
2.140110
0.000000
-0.664046
-1.249046
-0.651077
1.264917
-1.317122
0.000000
-1.216091
0.704494
-3.101614
-0.236849
-2.403778
1.441094
1.249046
2.117585
2.239086
-0.386876
-2.418613
2.662073
-1.741532
0.295441
0.321751
0.278300
1.282741
1.959115
1.418147
1.703348
0.901157
2.300696
1.506369
-0.610726
-0.071307
1.965587
2.944197
2.944197
0.994421
-0.197396
2.727086
0.262995
1.866237
1.753907
8.819233
0.628796
3.141593
-2.613518
1.824470
-2.214297
-0.429762
2.930499
-0.840897
-1.839964
-1.307802
-2.553590
2.782822
0.919720
0.540420
-0.524796
-1.092444
2.565217
0.982794
-1.957672
-2.240435
1.385448
2.761086
-0.540420
-2.754717
-1.858852
0.480887
0.546789
2.466852
-1.203622
-1.831399
1.074374
-1.165905
0.812419
1.690225
-2.659079
9.241667
0.756835
0.278300
0.183111
0.737815
-0.643501
0.414507
-0.288055
-2.384758
-2.553590
-2.411693
0.282555
1.907471
-0.410127
-2.767259
0.099669
-1.753907
-1.484058
1.225241
2.034444
3.269916
0.607802
1.042722
-2.137526
-0.269167
0.152649
-0.664046
0.942000
-8.905632
1.504228
-1.170556
0.598419
2.306236
-0.083141
-2.857799
-2.239086
-2.741352
1.916352
-1.012197
2.245537
-2.994514
1.156289
-1.176005
-1.607816
-0.309703
-1.989021
1.570796
-7.782674
2.937575
-0.620249
1.664273
0.620249
1.533776
7.068583
-2.627141
1.965587
-1.428899
1.433730
-0.189988
-2.081285
1.227772
1.951303
-0.170735
-2.976444
2.239086
-1.001483
-2.846152
2.117585
-1.356736
2.286540
2.323948
-2.662073
-1.190290
-2.768605
0.763180
0.668289
2.982937
-2.451146
0.785398
-1.735945
-0.253674
0.729900
-2.034444
3.181571
-0.110657
-0.698241
-1.957672
2.819842
1.922241
-0.685730
-2.384758
0.758378
-0.110657
1.074374
1.496857
-0.685730
2.631104
2.329174
-2.999696
2.207305
-1.092444
1.030377
