0.320545
0.283337
-1.313393
-0.203155
0.119127
-0.100189
-0.160649
-0.286391
-1.105876
0.071662
-1.219599
-1.003572
-1.550809
0.229995
0.245946
-0.251874
1.250804
0.429458
0.251523
1.787490
-1.205764
-1.385621
-0.060034
1.449762
-1.384521
-1.167736
1.193987
0.254674
0.349102
0.323930
-1.373641
-1.265919
-1.262816
0.068513
-0.143502
0.076036
0.122789
0.480872
0.096389
0.378501
0.353267
0.228711
0.429332
1.266344
-1.578772
0.191986
-1.295083
0.147294
-1.266515
0.067285
-0.262612
-1.329808
-1.339657
1.302395
0.440060
-0.037955
-1.396249
1.424764
-1.342712
0.297590
0.092426
0.095488
-0.015060
-0.183654
-0.200307
0.310794
-1.152456
1.243356
0.186720
-1.180445
0.049425
-0.880265
-2.552921
0.260594
-0.208508
0.369117
-0.019381
0.132571
-0.129042
0.665422
0.028695
-1.627568
0.373674
0.283762
0.093523
-1.105019
-0.258760
-0.248369
-1.140830
-1.218949
0.193172
0.135694
-1.025997
0.632573
-1.594363
-0.202673
0.350964
0.791059
0.863427
-1.112779
0.124061
0.034910
0.202716
0.271537
-1.244883
0.168190
-1.977055
1.337068
0.172396
-1.052839
0.528664
1.839226
-0.248763
0.349223
-0.174774
0.344750
0.284484
0.042885
-0.040737
0.180990
0.036296
0.108370
-0.130981
0.211860
-1.039271
-1.083802
-0.198786
-1.618797
-0.172509
0.046363
-1.216240
0.274328
0.275210
-1.522880
-1.058267
2.878202
-0.206705
0.092945
0.220664
-1.269695
-1.018726
0.016553
0.049232
-0.001249
0.169464
0.124030
-1.182357
0.296483
-1.560855
-0.066014
-0.012157
-0.196261
-0.004641
1.845923
-0.207326
-1.027879
0.297305
0.163101
0.434636
1.927543
0.429801
0.023806
0.076881
-1.242704
-0.436396
-0.003857
0.244780
0.698857
-0.039695
-0.265427
0.031928
-1.589692
0.257500
0.460992
0.022833
0.267885
0.025051
0.553315
-1.335853
0.163105
0.241945
1.316511
-0.240725
-0.094864
0.069691
0.132589
0.520961
0.137300
0.072728
-0.618557
0.580469
0.096743
0.260527
-0.149901
-0.078806
-0.288417
-1.251668
-0.008292
0.312544
-0.876677
0.032771
0.164702
0.347410
-0.198132
0.141222
-0.073673
1.212790
0.135696
0.221212
0.011414
-0.109283
-0.008279
0.106814
-0.298830
1.203723
0.548942
-1.634342
0.179163
-0.840823
-0.211936
-0.208520
-0.080592
0.456247
0.220699
-0.159543
-1.154096
-1.543008
0.071810
-0.146478
-1.132066
0.334895
0.956685
1.520530
-0.097623
-1.130647
-0.350758
-0.293859
-0.319255
0.361784
-0.241287
-0.159573
-0.154870
-0.000643
0.167410
-1.203245
0.405631
1.279431
0.198231
-1.090658
0.163944
0.078256
0.392519
-0.671045
0.299554
0.533405
0.288598
0.403462
-0.072918
0.207934
-0.101357
0.215985
-1.063649
0.083170
-0.309007
0.130293
0.065400
0.062093
0.193758
1.761342
-0.034476
1.798577
0.356029
-1.375182
0.334451
-0.387070
-1.299252
1.201020
0.236269
0.043127
1.526215
1.794683
0.151203
0.197555
0.098004
0.180258
-1.177962
-0.032844
0.234489
0.122874
-0.016211
-0.406645
0.102341
0.188404
1.227627
0.448768
0.178738
0.176000
-0.179426
-0.224449
-0.226000
0.044975
0.074935
0.134899
0.000519
0.241090
-0.204556
-1.140975
-1.204695
-1.163984
-0.512091
0.090295
-1.249158
0.015858
0.326866
0.234475
0.424081
1.286468
0.300959
1.850400
-1.149154
-0.425212
3.206984
-0.207822
1.244809
-1.241697
-1.392176
0.191412
-1.027663
0.226242
-0.197839
-0.233693
0.174570
0.289241
-0.079350
-0.307785
0.013998
0.180810
1.021795
0.406674
-0.019619
0.159557
-0.095258
0.080575
0.151639
0.045588
-0.001847
-0.681242
-1.272602
-0.130158
-0.042461
0.019302
-1.170986
1.187534
0.464572
-0.201536
0.110337
0.186157
-0.067775
-0.033418
-0.232799
0.264603
-1.349207
-0.018635
1.246272
0.218283
-1.133774
-0.064150
0.193438
-0.129074
0.142460
-0.300639
0.445711
0.034135
0.210603
0.223226
-1.061574
0.177304
0.154994
-1.134709
-1.311282
-0.215887
0.119360
0.251073
0.106102
0.325130
0.055687
0.038992
-0.048235
-1.574487
-0.022843
0.492293
0.251109
-0.425509
0.317907
-0.397537
-1.166412
0.278584
-0.138929
0.468882
0.086523
-0.257957
0.242449
0.962082
-1.174027
-0.227775
0.549964
-3.027218
-0.245217
-0.051497
1.850580
0.242557
0.004773
-1.045852
-0.096948
0.334096
-1.426218
0.189003
-1.301111
-2.985383
-1.203644
-1.262693
0.166141
-0.591625
0.010774
0.045061
-0.076478
0.139795
0.212800
0.695935
-1.253122
0.321585
1.700764
-1.170185
0.615732
0.352819
0.254713
-1.043940
-3.053539
0.540678
0.202968
0.004070
-0.307562
-1.141799
-1.301335
-0.219318
0.098956
0.134985
0.294187
0.072450
-0.446494
-0.808793
0.131228
0.069754
0.083115
1.237790
1.277392
-0.241996
-1.169513
-0.045030
-1.108314
0.680970
0.187971
1.337806
0.698385
0.103364
-0.105190
0.221347
0.074793
-0.257362
0.524344
1.387540
-0.296916
-0.172638
0.214772
0.493928
-0.084915
-1.277126
-1.529695
0.321257
-0.150921
0.109598
0.398425
0.006978
0.093526
0.860059
-1.562038
0.200556
0.246014
-1.236961
1.638365
0.310971
0.035132
0.047432
-1.251431
0.574041
0.369353
0.034816
-0.329764
-0.214985
0.169139
0.104682
-0.318697
0.273356
1.803522
0.276657
-1.091705
-1.187163
-1.234525
1.313695
0.156340
0.168824
-0.038535
0.132899
0.314410
0.186125
-1.102355
-0.058156
0.192741
-0.116266
-1.096989
-0.312582
0.020659
-0.104504
0.488841
0.327075
-1.090610
0.423713
0.082440
-0.183824
0.197214
-0.063705
0.263658
-1.280335
0.187600
0.115666
0.069553
0.014051
-0.368329
-1.224670
0.616488
-1.169911
-0.035147
0.663531
0.304566
0.222704
0.311620
1.272842
0.179957
0.078236
0.348442
0.037861
0.170672
0.869832
0.220756
-0.125972
-1.566555
0.608291
-0.282865
0.052951
0.250167
0.295000
-0.045530
1.385796
-0.230695
0.255576
-1.291742
0.262558
0.161415
0.011420
0.129558
-1.304326
-0.209131
-0.234135
0.302296
0.516209
-0.239262
-0.272031
-0.031211
0.219417
-1.297038
-1.319725
1.421345
-0.136904
-1.036650
-1.173047
-1.319357
0.153516
-0.122352
1.733859
-1.213383
0.358009
0.244903
0.320627
-2.110907
-1.309894
-1.269418
-0.258015
-0.373894
-0.219974
-1.297528
-0.692651
0.085251
-0.292008
0.169226
1.141753
1.494727
0.030387
0.234537
1.830008
-1.255620
-1.206523
-0.212224
0.057876
0.186790
0.083947
-1.139496
-1.339030
0.069415
0.012929
0.328633
0.258210
0.167765
-2.534545
-0.261001
-2.343214
0.655000
-0.011598
-0.931629
-0.266617
-1.232144
-0.023201
-0.082750
0.091780
-0.146985
0.480694
0.357929
0.303688
0.178901
-1.107571
-1.214774
-0.046767
0.860500
-0.318272
0.601238
-0.068486
0.047148
0.160722
-0.189248
0.033842
0.113128
-1.406952
0.223063
-0.854962
0.053003
-0.282144
0.230574
-0.046723
0.246201
0.423903
-1.475460
0.422021
-0.235350
-1.246070
-1.177888
-0.250683
-0.311474
0.302029
0.053853
0.158633
-1.273803
-0.218039
0.300786
0.050394
-0.006012
-0.206704
0.760876
0.195437
0.026590
-0.139303
-1.287915
0.107490
0.151692
0.101824
0.031696
0.278377
0.219597
-1.325635
0.242695
0.052068
-1.292594
