-1.141034
7.925289
-0.496423
0.218669
-1.385448
1.997424
-6.178308
-0.252554
3.030935
-2.853537
-1.267911
2.984991
-2.356194
-8.698136
2.279423
-0.278300
6.834840
-2.830594
2.064738
7.922838
7.770840
-1.071450
-1.446441
2.480549
-6.357124
-2.399645
6.717856
7.088989
6.973632
1.919567
2.802300
-2.545394
1.815775
-2.377468
-2.009133
-1.892547
5.805840
1.499489
2.553590
1.318242
-1.237552
7.697380
7.044198
0.146012
2.505084
-2.619189
6.911982
-2.317752
1.196463
-0.478352
-2.256526
0.183111
-7.853982
-1.382575
-1.107149
1.352127
7.028605
-0.732815
1.607816
-2.191046
4.957368
7.198286
-0.896055
-2.863293
-2.356194
-2.356194
6.626209
-0.424194
-0.718830
2.005467
-1.420425
9.424778
-2.070143
1.433730
-1.365401
7.159243
-8.051377
1.989021
1.951303
-2.772259
9.379355
2.191046
-0.954499
-1.231504
0.120624
-8.187226
6.911982
-2.007423
-0.726642
-1.310194
7.016000
-6.501854
8.682831
1.913820
7.688833
-2.408778
7.821735
7.218955
7.192938
2.830594
-1.712693
7.419311
-1.975688
2.050316
-2.116451
-7.884275
-1.352127
7.795226
-7.950455
-0.491809
5.819538
1.892547
-2.677945
5.833426
-2.677945
-0.968509
-2.356194
0.088007
2.335789
-0.076772
7.135152
-2.792822
6.022583
-8.426948
6.811260
2.129396
0.685730
1.004067
-1.363300
15.566066
-8.451158
-1.873681
-0.496423
-1.092444
-0.283794
-2.601173
7.930754
3.394147
-0.901157
-0.185348
7.274907
2.504044
-2.418613
-1.789465
1.201463
1.134169
7.806399
-2.466852
-2.375060
-2.101012
3.444478
-0.114877
1.464061
9.381327
1.074374
7.323766
9.669757
5.819538
-8.190656
-1.089909
0.226799
7.853982
3.648691
-2.838708
4.248741
-2.868584
-1.892547
3.141593
7.995879
6.926686
-2.750986
-1.433730
7.265979
-1.862253
-2.245537
-2.459276
-1.203622
7.068583
1.922241
-7.642888
6.985442
1.152572
-2.312744
1.983207
-0.398522
2.779048
-0.588003
3.228331
-0.743756
-0.000000
-0.000000
-2.761086
-2.736701
9.669757
6.944228
-2.553590
0.463648
-2.214297
7.221233
-2.944197
3.222497
8.039330
7.986533
-2.219792
1.359703
3.816334
1.415800
7.221233
-1.034985
7.853982
2.530867
-1.833791
2.089942
7.188012
-2.634494
2.388441
1.681454
2.356194
6.584106
8.051377
-2.536048
-1.343997
7.782674
-1.695151
-1.570796
2.197539
6.415737
-2.798569
-6.085790
-1.083897
-0.546789
-0.066568
2.201876
0.321751
-0.896055
6.907208
-2.174546
7.551097
-0.321751
-2.677945
-0.934288
2.380580
7.124082
-2.637427
2.226492
8.175732
0.197396
-1.727398
1.747505
-0.000000
8.795982
-2.572279
7.806399
-2.647651
-0.921801
6.777127
1.304544
-0.828849
6.903435
7.441571
2.922924
2.007423
-2.356194
6.663692
2.067219
2.753274
0.554307
2.169215
2.194819
-2.261243
7.729627
1.808632
3.386571
-2.111216
-1.570796
-0.204018
-1.249046
-0.739975
-1.474323
-8.336495
2.089942
-2.231839
2.455863
-7.964639
6.283185
-1.107149
2.034444
5.870775
9.395375
-1.120135
2.323948
-3.013269
2.761086
2.083186
-0.000000
-0.688924
-0.904827
-0.255182
2.085248
-0.862170
-2.736701
-4.420932
2.726101
2.459276
-0.832981
0.235545
2.490516
9.424778
-2.539305
1.892547
7.650936
-8.275401
8.804528
-0.176709
7.411607
-0.099669
-2.199593
7.028605
6.968915
-7.906565
7.646485
8.221155
-2.937575
6.085790
9.215755
9.044272
-2.259721
-0.743756
15.470127
-2.912361
9.217282
-6.528164
0.031240
-8.205426
-1.570796
6.995543
7.189935
-2.582993
2.727086
3.172832
1.091277
-1.623379
2.319174
-8.286389
2.356194
-7.853982
6.719812
-0.715744
8.039330
7.941989
-8.388937
-0.124355
7.414139
-1.446441
-2.297439
6.701410
-2.577023
1.047518
-0.588003
1.339706
0.000000
-1.249046
4.279981
0.880350
2.279423
-0.000000
-2.226492
9.282881
7.094219
-1.373401
6.695596
-0.835357
2.750986
-1.529154
2.331809
4.184315
-1.373401
3.500363
-0.218669
9.032438
-1.088283
0.835357
1.063698
0.107690
-1.325818
8.109164
-2.847358
-2.563691
-2.441700
8.024717
-8.266392
-0.463648
2.158799
2.356194
1.913820
7.068583
1.152572
2.749253
-1.494024
-1.420425
-2.169215
-1.208252
-8.234488
-0.308053
5.764039
2.308611
-2.563691
-6.176450
-0.392340
2.034444
-2.414950
-3.241261
-0.909753
0.540420
6.893911
-0.999459
2.964884
-2.422763
2.539305
7.532231
2.158799
-3.301506
0.531724
-7.814003
2.677945
-2.753274
9.227382
2.234842
7.090802
-2.319174
-0.526066
2.158799
9.161783
3.141593
2.616797
0.380506
-2.770701
0.231091
6.746833
-2.253113
-0.291457
-1.165905
7.307193
2.286540
-2.286540
0.737815
1.873681
6.283185
-2.436024
-2.601173
2.427502
-1.355439
9.179799
1.267911
-1.695151
1.658804
6.443098
-1.570796
-1.815775
-1.983207
-0.321751
2.562518
-3.141593
2.870646
-2.319174
-2.867425
-0.191184
1.963136
-2.863293
0.266252
6.802331
-8.205426
-0.496423
-0.685730
1.570796
-0.664046
-7.995879
-0.819867
-2.545394
1.637364
7.390334
-2.176341
1.801887
2.594804
-2.896614
-1.570796
7.097147
0.244979
-6.158830
4.514993
-2.356194
-2.790148
7.198286
1.180189
2.356194
-2.129396
15.617303
2.809533
-0.172191
0.260602
6.896393
0.367174
-1.352127
0.062419
0.343024
4.160734
2.356194
-0.919720
6.977924
8.072651
-2.356194
-0.885067
3.298195
2.422763
0.519146
6.977924
-2.432966
9.282881
-0.973620
-1.030377
-1.238737
7.853982
7.018625
7.163535
3.993559
2.007423
-2.214297
-2.796037
-0.380506
2.819842
0.073939
-2.406153
-0.103082
6.890987
-2.214297
-2.677945
8.019130
0.055499
-8.254222
6.903435
1.161888
1.333948
7.701332
5.716456
-2.729182
-2.976444
8.961130
2.798569
6.616430
-0.302885
1.485291
1.712693
1.325818
-0.380506
8.002872
9.012368
-2.388441
-8.098960
2.333976
9.146478
6.949155
-0.211093
-1.538549
-2.310771
7.390334
0.463648
-1.107149
-0.386876
7.265979
-0.737815
-1.975688
-0.762147
-3.017238
15.309441
7.486808
-7.920550
7.151725
7.138238
-6.038207
2.279423
7.114007
-2.214297
-0.785398
1.183921
2.070143
-0.991722
3.141593
-1.363300
6.604936
2.677945
7.679309
7.155322
-2.334921
-8.217961
2.234842
9.066007
-2.819842
6.897848
9.334118
-2.595938
1.808632
-1.745469
1.919567
1.756144
-2.809533
2.782822
-3.141593
-2.872425
-2.770701
2.053310
0.982794
-0.785398
8.905632
2.521343
2.855541
-1.092444
-0.031240
-0.968509
2.034444
7.667002
-0.418224
7.441571
-0.308053
-1.066630
6.134295
1.120135
-2.393215
3.141593
-2.870646
-7.789555
-0.957589
2.019520
7.725658
-1.212026
15.649207
6.150634
-0.654083
-1.428899
2.034444
-0.571337
7.346883
-0.625485
1.107149
1.730709
-2.466852
-8.221155
-2.303611
-0.763180
0.141897
1.951303
7.112034
2.969402
7.031563
0.033321
5.884663
6.957926
-1.051650
1.325818
-2.181522
-0.512389
9.566675
-1.971037
7.248437
-8.010584
7.225185
9.353470
7.364024
-2.677945
-0.657889
-2.375060
-1.438245
-2.761086
2.634494
-7.964639
2.019520
1.267911
-0.610726
8.412581
7.853982
2.875341
-2.203545
2.485897
7.068583
0.093477
-2.800614
-0.358771
2.755710
-1.828120
2.802300
2.356194
