2.778446
4.976877
1.128422
0.000000
0.228497
0.257324
-8.942265
-3.880870
-0.801790
6.057909
0.069655
4.712389
6.124530
-4.795530
-4.283611
5.268555
4.582686
1.499489
-0.661043
-0.022219
-5.100708
4.791173
-2.300696
1.739393
-0.802940
-7.784327
-2.073640
-3.864572
1.051650
-1.206817
9.169596
0.599175
-2.408778
-0.936774
-0.336675
4.561374
1.939492
-2.214297
2.850136
-1.880499
-3.409959
-1.063698
-2.956245
2.210182
-0.813962
5.158495
-4.610182
0.945311
-0.404892
1.190290
1.435269
-0.574305
-9.194874
-8.923765
-15.205120
2.307054
5.975133
5.195836
7.806399
-1.530818
-3.280232
0.909753
2.480549
-0.337878
-8.961130
-5.164543
0.401871
-0.157769
-8.188718
2.753274
-0.179853
-9.385582
-2.944197
-8.098960
1.495936
-0.278300
-8.454032
0.484478
4.606405
-4.340321
-4.118639
0.560687
-9.081754
-0.849825
0.022219
-2.559688
0.212938
-9.189233
-9.127714
4.591037
-7.156591
-3.476329
-6.326636
-3.977795
2.619758
-4.457207
0.214061
2.731465
-2.015216
1.665748
-1.033886
1.277207
-2.326791
-4.917784
2.441700
2.210182
-9.152632
2.918116
5.968953
2.422763
0.141897
0.269849
-0.022219
-9.189233
-0.722979
-3.280232
-0.119429
1.085174
-4.106844
-4.783696
1.046001
-4.324070
1.862253
-0.815692
-2.131960
-1.825979
6.659146
-8.280609
-2.976444
6.064516
-3.912067
-3.514580
-8.670620
5.005978
-4.712389
-4.375714
-1.409421
-7.558541
-3.079174
-8.639380
-7.973411
7.989509
-1.825979
-0.872894
-1.147942
0.945311
-5.186240
-9.669757
-3.321446
2.098871
-4.576861
-1.087349
0.380506
-4.118175
-3.752319
5.306603
-3.306741
-9.006554
-8.353328
-4.957368
-4.467410
-0.420663
-0.909753
6.028003
-2.034444
1.138389
0.086738
1.929567
-2.322873
-9.052710
5.215232
-9.110020
-4.969713
0.069655
1.022247
5.092895
-1.264917
4.670746
-5.026010
-1.750650
1.007480
2.165556
-7.902723
-7.983684
2.660705
-2.739722
-3.185044
2.449671
-0.043451
-8.961130
-0.045423
-4.440243
-0.548549
-0.205395
-8.756489
-1.063698
6.094964
1.686556
-8.624456
-0.244979
-4.524167
5.219487
0.161375
1.012197
-3.514580
0.092756
-9.048288
-1.017502
-3.141593
5.195836
-0.308053
-8.807022
-4.361661
0.046478
-9.223016
-8.639380
0.385158
-2.716760
-1.249046
4.567079
-0.800782
-7.853982
-3.675301
2.753274
-0.671144
-9.583433
-0.756835
-9.006554
-9.300423
-9.109563
-0.157769
-4.978641
-2.201198
-8.328382
1.885554
-0.207496
-9.983377
-3.054854
5.878294
5.688972
0.453844
-3.717968
-2.813473
0.768451
-0.179853
0.913721
2.570255
2.011976
-4.164827
5.074118
2.529055
-9.686898
2.291768
-9.057604
-2.688254
2.282255
-0.223477
-2.799977
-0.540420
-14.891325
-1.484058
-0.600050
-0.043451
-0.233743
-4.467410
0.135528
-4.370773
2.711830
-4.390638
0.785398
-4.111315
-8.999946
-4.488912
-15.265589
-0.799890
5.213402
-5.065379
-3.437033
2.848004
3.236544
4.913706
1.435269
0.346539
3.011890
-8.849353
2.111216
5.548591
-0.524796
0.681298
-9.103027
1.929567
-2.484518
5.484089
-4.967571
1.236059
4.881490
-0.576375
-9.117732
-0.625485
-2.838708
-9.208693
-9.424778
-9.244924
5.798707
1.107149
-4.909785
-4.712389
0.041643
-4.099851
-4.755840
3.141593
-0.043451
0.127510
1.007480
4.428595
-2.259721
3.571355
-0.172191
-0.519146
-8.431884
0.424832
-8.460969
-0.971621
-4.193243
-8.934821
-2.239086
-9.146478
0.000000
-1.570796
2.578276
-4.873152
0.516231
0.620249
-2.073640
-8.943114
6.283185
-1.997424
2.593043
6.830748
5.176037
0.206324
5.414646
-1.614247
-0.078271
-8.120234
2.165010
1.719686
2.601173
1.398606
-9.377195
5.608444
4.884580
-0.244979
-14.954812
-0.755995
-0.484478
6.926686
2.034444
-0.165149
-1.943784
5.948448
-15.426731
-0.726642
4.691116
-1.991460
4.857699
2.642246
-3.767078
3.014083
0.244979
-3.827322
0.022219
-0.129703
0.902507
-2.055274
-0.768451
-3.033322
-4.239033
2.165010
-4.451787
-2.918116
2.010639
2.638749
-0.024385
0.754158
-1.446441
12.244620
0.668289
5.850778
-2.276995
2.183334
-4.900610
-8.999946
1.063698
-5.007830
0.594759
0.688924
-0.235545
3.306741
-1.480136
2.356194
-4.348410
-3.741643
2.241940
-9.146478
-0.739277
-3.224734
-2.158799
5.010888
2.878598
-1.527345
2.386488
5.209732
-7.175862
0.110657
2.565217
-0.932477
-4.153790
2.323948
-0.223477
0.935770
-8.226969
9.573668
-0.801270
-15.214022
5.588447
-1.107149
-4.892242
2.808348
4.785430
0.161837
-1.892547
5.194902
2.384758
-15.224516
-7.648586
-9.234790
-4.885635
-0.172191
3.096169
-0.398522
-1.269177
-0.126973
4.285761
-0.502843
1.936544
2.580429
-1.398606
-4.926450
-1.026516
-8.077458
-4.259050
5.934414
2.553590
-2.125104
-3.846087
0.132552
-0.726642
4.896332
0.044415
0.074860
4.637529
4.978641
0.141897
-9.035461
4.630937
-3.164844
-1.657535
-0.043451
-1.729452
-4.476844
1.634540
-1.418147
2.053310
-2.196281
5.332638
-2.642246
-3.536384
-0.300171
-4.434089
1.748889
-4.398768
-4.304757
1.832916
-0.558599
5.758390
3.185044
2.697173
-0.643501
0.336675
2.761086
-2.085248
1.343997
4.870158
-0.953041
-3.455825
2.627987
-4.097726
0.682317
5.316694
5.946510
-4.591037
-2.709185
-1.700499
-8.794377
2.879473
1.570796
0.917950
1.570796
-9.579097
-5.020442
-8.466519
2.819842
-0.962107
0.124355
-8.802107
-1.885028
-9.124607
-1.107149
-1.135443
-3.188071
-2.111216
-0.855705
4.976877
2.305391
-0.129703
1.315614
-4.933703
-2.291768
-3.785094
-1.054566
1.030377
-0.045423
1.854590
-5.027604
1.877842
-9.489903
0.982794
-4.712389
-8.705948
1.618379
-4.431157
5.570124
-2.987274
-4.668938
-8.120234
-3.894744
-2.085248
1.815775
8.080780
1.735945
8.093725
-4.375714
-0.815692
3.030935
-9.140984
2.013171
1.832916
-15.827392
0.330297
0.043451
4.488912
-0.953041
-2.125104
2.588298
0.870903
-8.950927
-0.172191
0.968509
-0.305879
-1.046001
-3.052937
8.080780
0.688924
5.137221
2.480549
4.670746
-4.926450
-9.060799
4.498328
0.851966
-1.675673
1.083897
-2.131960
-0.039979
-1.842942
-8.917679
-1.905533
5.344080
5.100708
-2.321725
1.138389
-8.961130
-4.854286
1.706324
-0.047583
0.278300
0.960070
5.734636
0.982794
2.185459
5.337874
2.866683
-1.044169
-0.179853
3.325536
5.111904
0.239743
6.983078
-3.306741
-8.970059
-8.162034
-0.755104
-0.859887
0.206324
-0.463648
-9.014651
-9.158526
1.529154
1.382575
4.712389
-2.756988
-2.999696
-7.705092
-7.609003
5.435368
-3.100799
5.135243
-8.802107
-0.628796
-8.982404
-3.118869
-2.214297
6.239734
-8.448195
2.325901
2.927532
-6.170034
5.300392
-3.969219
-0.233743
-1.828120
-1.689286
-3.622480
5.114260
9.424778
1.750650
-2.980218
0.927295
-5.020442
2.418613
1.570796
-7.681791
-9.544207
-3.586012
0.563316
-0.737815
1.034361
-2.223643
-1.832916
-2.957649
0.069655
-2.015216
-3.564447
0.982794
-5.256669
2.625362
5.701805
7.587730
2.616797
5.453041
-0.255182
2.142134
-9.017146
3.271295
-1.054566
-18.849556
0.691921
2.071810
5.910198
-4.805145
0.819867
-8.353328
-0.694738
1.127348
-0.785398
4.814078
0.755995
2.325901
0.785398
