0.161656
1.362240
0.075248
0.062947
0.103836
-0.420707
-1.455922
0.143722
1.689395
-0.006758
0.129516
-0.396329
0.063887
-1.415876
-0.270341
0.143176
1.318792
0.031689
-0.244282
1.309365
1.276408
0.048745
0.195458
-0.390128
-1.585390
-0.049738
1.342638
1.467722
1.387596
-0.332474
-0.360936
-0.020930
-0.463418
-0.000225
-0.004655
-0.102425
1.375947
-0.390376
-0.430399
-0.327419
0.121009
1.361283
1.362935
0.229493
-0.299036
0.033221
1.416108
0.053339
-0.294699
0.072085
-0.054781
0.197281
-1.286785
0.137665
0.159796
-0.319776
1.315522
0.046160
-0.337755
-0.008056
1.402024
1.335254
0.094374
0.024036
-0.082870
-0.046317
1.404205
0.094617
0.050814
-0.300337
0.245933
-1.977356
-0.045586
-0.183584
0.102780
1.372776
-1.403740
-0.311689
-0.358071
-0.048683
1.403436
-0.440745
0.195248
0.193406
0.209720
-1.415794
1.350656
0.053722
0.114386
0.199807
1.415596
-1.472634
-1.950496
-0.278489
1.374409
-0.019700
1.312794
1.048698
1.318849
-0.329797
-0.180546
1.351206
-0.091457
-0.226617
0.046317
-1.366157
0.179962
1.253054
-1.298143
0.233486
1.399574
-0.399530
-0.029089
1.428841
0.069764
0.196459
-0.242885
0.243073
-0.311110
0.112908
1.361109
-0.038144
1.343382
-1.249823
1.392819
-0.357496
0.094834
-0.294707
0.121203
-0.454273
-1.343391
0.065364
0.196985
0.089187
0.042624
-0.097266
1.426023
1.603604
0.226111
0.200795
1.446650
-0.305727
0.084010
-0.053238
-0.330383
-0.279921
1.213832
-0.036800
-0.018147
-0.044409
1.656297
0.173484
-0.325748
-2.048089
-0.303329
1.420122
-2.147384
1.421939
-1.401444
0.127945
0.052133
1.350154
1.464747
-0.071321
1.949413
-0.094903
-0.069334
-0.422852
1.432449
1.295884
-0.069559
0.194318
1.276669
-0.078468
-0.035788
-0.083252
0.131072
1.287452
-0.327510
-1.462264
1.296545
-0.323854
0.004399
-0.284144
0.079531
-0.319873
0.137853
1.702187
0.255449
0.159438
0.228392
-0.068627
-0.104787
-0.275295
1.358950
-0.018648
0.082546
-0.032149
1.393284
-0.043459
1.592002
1.255799
1.398083
-0.004993
-0.275259
-1.883104
-0.283253
1.316337
0.165116
1.397480
-0.325519
-0.111455
-0.262352
1.311254
-0.068677
-0.314339
-0.283977
-0.266378
1.356399
1.293107
0.020465
0.133879
1.426776
0.221028
-0.151014
-0.246872
1.432117
-0.003297
-1.466199
0.114943
0.138629
0.145708
-0.235500
0.091166
0.185209
1.365883
0.100769
1.267076
0.212458
-0.019298
0.232150
-0.331570
1.442827
-0.156016
-0.408059
1.370246
0.243133
-0.090446
-0.379151
0.125809
-2.016521
-0.051000
1.303939
-0.008777
0.184714
1.359243
-0.308162
0.339212
1.382023
1.211432
-0.319098
-0.290792
0.037322
1.287259
-0.400264
-0.142672
0.007450
-0.305789
-0.346192
0.008133
1.359251
-0.388158
1.577562
-0.048149
0.137523
0.197528
0.143180
0.173910
0.190632
-1.397792
-0.336146
-0.029663
-0.340125
-1.283321
1.360628
0.271288
-0.347671
1.468576
-0.113058
0.251901
-0.306998
0.002764
-0.346589
-0.258798
0.150893
0.207245
0.162913
0.090289
-0.315381
0.172239
-0.085181
-1.632554
-0.291827
-0.346541
0.186823
0.075648
-0.374508
-0.288977
-0.007731
-0.290880
1.327020
-1.324656
1.322728
0.114091
1.432160
0.096352
-0.020636
1.410260
1.377896
-1.319985
1.408285
1.390654
0.009508
1.367408
-1.971230
1.413525
0.039475
0.208428
-0.409894
-0.064602
1.229233
-1.523893
0.138715
-1.414180
0.235830
1.324415
1.403925
-0.046789
-0.406309
-0.079803
-0.276411
0.250092
-0.381962
-1.382358
-0.221429
-1.377470
1.326243
0.140186
1.308469
1.318810
-1.398401
0.196883
1.391142
0.250337
0.027664
1.366197
0.003416
-0.295343
0.168636
-0.149695
0.191079
0.204225
1.430274
-0.248942
-0.316982
0.155619
-0.131399
-2.054140
1.399485
0.275631
1.356849
0.143564
-0.355223
0.142291
-0.317907
1.460474
0.051353
-0.370091
-0.224246
-1.857272
0.182580
-0.402168
-0.268265
0.199202
0.176128
1.274332
-0.015776
-0.177874
-0.112826
1.251128
-1.380736
0.183880
-0.381398
-0.344132
-0.297002
1.391921
-0.371178
-0.372680
0.137040
0.213376
-0.053216
0.112163
-1.311318
0.108129
1.452673
-0.364052
-0.155184
-1.479980
0.285149
-0.312432
-0.034315
0.040131
0.139702
0.126496
1.324832
0.169314
-0.261148
0.019284
-0.334396
1.370555
-0.352375
0.151113
0.124288
-1.275297
-0.364950
-0.141637
1.074094
-0.318000
1.244252
-0.038118
0.147655
-0.366927
-1.994165
-0.494322
-0.298563
0.024901
-0.004209
0.068239
1.277761
-0.070337
0.234120
0.161481
1.365720
-0.311443
-0.015797
0.079338
-0.325554
1.210230
-0.045923
-0.026906
-0.329367
0.202777
-2.007166
0.157839
0.198390
-0.259096
1.423125
0.056871
0.118972
-0.068319
0.124006
-0.312066
0.200993
-0.268974
0.045221
0.012883
0.203735
-0.313654
-0.040826
-0.009956
1.324280
-1.384522
0.211828
0.232861
-0.316213
0.187785
-1.375156
0.156427
0.064077
-0.400716
1.383041
-0.180157
-0.354081
-0.348860
-0.001680
-0.159170
1.272368
0.032551
-1.543292
1.420893
-0.021006
-0.034257
1.374372
-0.211103
-0.259343
-0.045187
-0.486204
-0.229900
0.123664
0.055075
1.415155
-0.184339
0.070554
0.244026
0.160938
1.432563
-0.292659
0.142811
1.295415
1.220922
-0.013561
0.170185
1.551772
-0.274728
0.162066
1.318995
-0.054731
-1.946629
0.240527
0.201144
0.213820
1.339172
1.231472
1.395782
1.551560
-0.253110
-0.109989
-0.112076
0.242749
-0.332106
-0.037406
-0.004921
0.250662
1.381243
-0.024517
-0.061858
1.387188
0.015844
-1.353198
1.469973
-0.153495
-0.308464
1.327049
1.456747
-0.016266
-0.018493
1.290774
-0.668467
1.405729
0.172014
-0.133966
-0.401442
-0.263576
0.132484
1.216992
-1.882562
-0.014236
-1.296424
-0.429068
1.184726
1.374143
0.113135
0.128608
-0.018378
1.347426
0.220403
0.248009
0.178669
1.322387
0.143808
-0.064251
0.108967
-0.046459
-0.385825
1.377691
-1.381992
1.353566
1.320302
-1.450913
-0.348655
1.334716
-0.177496
0.199979
-0.312179
-0.449376
0.198884
1.630645
0.223448
1.476038
-0.356455
1.416377
1.433073
-0.010732
-1.311015
-0.325052
1.276989
-0.037628
1.341731
-1.968358
-0.107252
-0.341521
0.260935
-0.298073
-0.430909
0.017421
-0.355535
0.069649
-0.039460
-0.127682
-0.341856
0.075563
0.112228
-2.074891
-0.379349
-0.377118
0.275528
0.074776
0.076157
-0.313326
1.371945
0.249174
1.368659
0.164018
0.197247
1.320752
-0.323898
-0.099553
1.585944
-0.019542
-1.389545
0.195058
-0.236249
1.364125
0.162191
-0.378611
1.455184
0.080490
0.267559
-0.235691
0.181514
1.339489
0.247870
-0.159908
-0.346721
0.018046
-1.459039
-0.127599
0.201426
0.095719
-0.237046
1.400100
-0.376884
1.342790
0.206022
1.416969
1.393918
0.126715
-0.231051
0.010927
0.135929
-2.102604
-0.134126
1.433337
-1.315955
1.324769
-2.076652
1.384087
-0.088091
0.110701
-0.014312
0.158122
-0.053132
-0.283884
-1.277016
-0.300477
-0.121851
-0.003208
1.330135
1.305148
-0.461238
0.025530
-0.231797
1.343595
0.076689
0.059494
0.209234
-0.233026
0.165550
-0.328515
-0.323261
