-0.257966
1.523540
-0.306101
-0.302158
0.129500
-0.020970
0.133620
-0.252660
0.034176
-1.243965
0.238307
-0.379296
1.474361
-1.955713
0.004504
1.391269
0.190540
-0.287608
-0.389839
0.108626
-0.206748
1.338092
0.185523
0.154579
0.038804
0.018199
-0.319368
-0.319092
-0.435577
0.205025
0.128511
-0.268237
1.341209
0.156970
0.116577
0.197250
-0.314596
0.123294
-0.244968
1.494661
0.173111
-0.326488
-0.254826
-0.022865
0.059690
-0.275367
0.198005
1.384911
0.009715
-0.297000
0.155326
-2.009926
-0.374046
1.382648
-0.309444
1.486649
0.151319
-1.885059
-1.283662
1.393799
0.090833
0.122859
-0.252300
0.231582
0.042311
-0.040503
0.200981
-0.438127
0.128618
-0.074952
0.080919
-0.018763
-1.795544
-0.317297
-0.347381
1.344822
-0.239317
1.345997
0.291272
-0.341936
-1.378583
0.189097
0.146216
-0.180163
0.144893
-0.380679
1.365212
0.248836
-0.011490
-0.166930
0.066219
1.350490
-0.251472
-1.357158
0.012893
0.030932
-0.314362
0.094685
-0.014505
1.399668
-0.325285
0.164894
1.609377
-0.029544
-0.345831
-0.249632
-0.300390
1.718895
1.380030
1.287547
-0.035549
1.322883
0.215602
0.204885
0.258489
-0.224185
0.126119
0.194226
1.361526
-0.250188
-0.261817
1.364302
-1.361394
0.120277
-0.321204
-1.969695
0.041489
0.343308
-0.057045
0.164014
1.658567
-0.216406
-0.262445
-1.342216
1.449058
-0.270659
1.311469
0.118662
0.184365
0.118445
-0.234805
-0.202722
1.307107
1.387005
-0.013018
-0.032159
-0.263126
0.350281
0.224346
1.361294
0.189069
1.270855
-0.288576
1.432306
0.255610
0.127961
0.008886
1.327840
-0.378345
1.338761
0.108700
1.328546
-0.311427
-0.039840
0.180032
0.009238
0.004231
1.325354
1.341784
-0.322983
-0.287163
-0.147578
0.026288
-0.060567
0.136880
0.202829
0.214807
-1.870907
0.127042
-1.332457
-0.227629
1.552135
-0.364061
0.218227
-0.267781
-0.042233
0.243555
0.025256
0.178717
-0.034883
1.485210
0.001383
0.062491
0.193975
0.167626
-0.309770
-0.331341
0.037582
0.225156
-0.350782
1.462966
-0.279121
1.319420
1.342987
0.114575
0.133359
0.138764
0.161832
-0.282813
1.411575
0.152335
0.221119
-0.092625
-0.280902
0.013626
-0.005816
-0.330465
0.207015
0.011184
-0.113947
0.166680
1.543951
0.153075
0.228612
-0.118559
0.199518
-0.037151
-0.216774
1.382322
-1.416525
-0.057371
0.291196
0.078782
-0.010381
0.135481
0.154893
1.388292
-0.160757
-0.233607
-0.307572
0.098347
-0.094212
-0.034116
0.026542
1.338536
0.111577
-0.350518
-0.072497
1.462166
1.380129
0.235314
0.158522
-0.236481
-0.055882
1.426861
1.491731
-0.179935
0.176008
-0.018484
0.096565
1.371202
0.221262
-1.403693
-0.321440
0.221471
0.152898
-0.322684
-2.050492
-0.315947
0.151730
-0.353632
0.028219
0.003952
1.327987
0.144802
-0.343353
0.207136
0.151417
-0.316422
-0.321213
1.368429
-0.247249
0.195710
-0.373681
-0.303072
1.358937
0.153179
-0.272827
0.135497
0.270085
-0.051111
0.185658
0.065733
0.186088
-0.309142
1.360491
-0.024140
1.334903
0.243546
0.026318
-0.262411
-0.362637
0.157603
0.196368
-0.043643
-1.284129
0.152656
0.237114
1.394059
1.252624
-0.269978
-1.279910
-0.345414
0.015532
0.052001
1.348390
-0.288877
1.301638
-0.252020
1.434242
-0.315402
1.385992
-1.369569
-1.362292
-0.019156
-0.320236
1.429163
0.263094
-0.315488
-0.102725
1.463722
0.298034
-0.287292
1.337574
0.007621
-0.282168
0.178536
-0.055927
-0.036581
0.110805
-1.372350
0.236200
-0.272676
-1.331036
-0.109667
-1.375401
-1.313284
-0.062769
1.420517
-0.258840
-0.334310
0.195798
0.131443
0.102418
-0.279231
-0.047643
0.181693
0.032762
-0.205094
-0.299585
-0.187256
0.324532
-0.311561
-0.261210
0.002035
-0.206435
0.155333
0.157070
-0.051274
-0.325954
0.028212
-0.308163
1.412003
-0.286932
-0.304017
-0.037388
1.375507
1.431270
-0.070490
1.381675
-0.063699
1.368702
0.132518
0.162853
0.108952
1.564375
0.111099
0.026008
-0.311025
0.116825
-0.364455
0.011057
-0.006881
-0.316348
0.155959
-0.358384
0.121582
1.343767
1.433203
0.104930
0.166776
-0.302748
-1.290954
0.131267
0.229135
0.226185
-1.998269
0.009949
-0.318981
-0.094222
-1.363154
1.308268
1.376272
0.216926
0.258516
-0.213674
-1.411499
-1.760157
-0.442191
-1.307570
0.261590
0.156489
-0.252790
-0.013953
0.250950
1.320909
0.151239
0.028175
0.231834
1.251906
0.170218
-0.305043
-0.232514
-1.399209
0.262998
-0.015533
0.246617
-0.197768
-0.309741
-1.353144
0.185299
0.164243
1.345706
-0.015935
1.367720
-0.314605
-0.274644
1.415047
1.400829
-0.010201
0.272302
0.155250
0.180522
0.116314
0.051124
0.198079
0.157512
0.027792
0.029707
-1.224588
1.443901
-1.306769
-1.281624
0.093206
1.690128
-0.358798
-1.400511
-1.294223
0.178638
-0.241219
1.298787
-0.078617
-0.306011
-0.242452
0.001079
0.161008
0.155235
-0.273215
1.438496
1.291718
-0.274350
0.012805
0.119264
0.154787
-1.330686
-1.398191
0.092493
1.377140
-0.260126
0.007152
-1.963357
0.169975
-0.371310
1.353285
0.216420
-0.324229
-1.779046
-0.315343
0.054459
1.421911
0.200738
-0.300296
-1.293786
0.010244
0.041624
-0.300447
0.235808
-0.335587
-0.322094
-0.301149
1.390478
-0.211002
-0.203802
1.322510
-0.292329
-0.238715
-1.270106
-0.205810
0.017845
0.024183
0.184499
0.224126
-0.308054
-0.046939
0.159572
-0.306182
-1.344677
-0.209276
-1.322281
-0.074832
0.062727
1.335157
-0.168052
-1.356706
0.188001
-0.170714
1.337564
0.165624
0.185776
1.317560
0.181269
-0.386087
-0.072369
0.146664
0.189560
0.151605
0.052351
1.408011
0.231165
-0.053205
0.231527
1.585964
-0.305840
0.220244
-0.232275
1.343280
0.262129
-0.299997
0.022630
-0.048065
-0.326794
-0.055644
0.190606
1.377046
0.000196
0.014020
-0.051606
0.316415
-0.267981
-0.364841
1.825970
0.169082
0.156731
1.691442
0.205163
-0.049643
0.111411
0.007985
-0.073998
1.362492
1.277191
0.112448
0.123410
1.641599
-0.011269
0.200165
-0.181472
-1.729977
1.390232
-0.016874
-0.317252
-0.235554
0.222351
-0.050296
-0.247962
1.354637
0.276708
0.194546
-0.008003
-1.277863
1.543810
-1.409677
-1.333842
-0.007466
1.400914
-0.019987
0.069033
-0.288896
0.118327
-1.428674
-0.108904
-0.127999
1.384335
1.354061
1.342257
0.292220
-0.048584
-0.248480
1.308329
0.223106
-0.226550
1.357991
-0.351668
0.160176
-0.282784
-0.352459
-0.318452
-0.032850
1.377923
1.442586
0.160025
0.077832
-1.760929
-1.997618
-2.052890
-0.344354
0.238589
1.357196
0.000645
-1.308148
1.679108
-0.086098
0.280047
1.399286
-1.302760
0.149151
-0.325446
1.383096
-0.245173
0.005709
-0.313470
-0.308760
0.201277
0.163867
0.240249
1.685235
0.174713
0.173513
-0.299000
-0.248091
-0.314318
-0.326687
-1.310239
0.215749
1.540646
1.372785
0.223660
0.144597
0.065578
-1.345728
-0.273633
-0.309023
0.072564
0.010552
1.346123
0.191993
1.402256
-1.990026
-0.239641
-0.028947
0.132334
1.427124
0.157659
0.271071
-0.311654
-0.031277
-1.257438
-0.258406
-2.030205
0.264321
