-1.673878
2.922924
2.462179
1.335251
0.448723
-1.741532
9.424778
-2.303611
0.610726
1.019141
-2.329174
2.887919
-2.310771
-1.317122
0.110657
2.896614
0.114877
2.886410
1.042722
-9.197979
-0.927295
-1.269876
1.042722
0.479519
-2.477546
0.764993
-1.653938
3.283490
-2.761086
-2.101012
-3.110353
-1.398606
1.238737
1.410883
-1.249046
2.477546
0.278300
1.647568
-0.392340
0.858439
-2.187093
-0.729900
-0.244979
2.356194
-1.609239
2.306236
-2.199593
1.985303
-2.586099
1.259798
-2.356194
0.632749
-0.165149
-2.220667
-2.166995
-0.496423
0.514451
-1.913820
-1.536327
-9.220760
-2.618314
2.853537
1.681454
-0.809784
1.530818
-2.176341
-2.314552
-2.601173
2.446854
-1.601090
-0.120624
-3.141593
2.607884
-1.975688
1.161888
-2.563691
-2.408778
0.862170
-2.308611
-1.768192
0.698660
-1.843805
9.206109
0.298499
0.607802
-1.873681
-0.367174
0.066568
-2.631104
-1.774814
1.753907
0.610726
-1.227772
-2.613518
-2.261243
-1.858852
2.048142
-2.720173
-2.706922
-2.356194
-0.372988
2.132718
-1.428899
-2.286540
1.160669
-1.225241
-0.076772
0.758378
1.873681
1.512041
2.896614
1.535097
-2.049149
-1.905533
-1.606495
2.158799
-0.218669
-1.506369
2.677945
2.158799
1.735945
3.177292
-2.611377
0.812419
-0.480887
-2.521343
-0.972377
0.099669
-0.447520
2.741352
-1.756144
-0.946773
-1.685673
1.789465
-1.359703
2.149871
1.925502
-1.992216
1.352127
-0.528074
9.358210
0.363979
-0.569313
-3.070285
-2.149871
-2.521343
-0.170735
-2.880990
-0.813962
-2.060754
-2.199593
-0.321751
0.858439
0.514451
-0.807617
-0.569313
0.862170
0.480887
-2.406153
0.392340
1.024007
-2.187093
0.499347
2.228685
-2.184004
0.226799
2.132718
2.380580
-2.601173
-1.869295
-1.735945
2.000559
-0.915101
2.129396
2.796037
-1.138389
1.570796
-2.964884
-2.553590
-0.185348
0.205395
1.301629
1.699120
-1.212026
1.892547
1.529154
1.951303
0.414507
-1.730709
-0.866302
2.234842
-0.912908
2.887919
-1.107149
2.167973
0.579074
0.273009
0.345556
-2.761086
0.643501
-0.189988
-1.971037
-0.345556
9.389079
2.330559
-2.761086
-0.712358
-1.076855
-1.196463
1.844964
-2.356194
-1.107149
2.490516
-0.712358
2.637427
0.400241
1.176005
-1.667270
-0.927295
2.381830
-0.343024
2.094075
2.510513
-2.135366
1.945130
-0.236849
2.530867
9.123858
1.871717
2.016902
1.107149
-0.039979
1.815775
0.680521
-0.262995
2.308611
2.944197
1.633215
3.360262
2.677945
1.056345
0.348771
-0.269167
-1.170556
-0.763180
-0.540420
1.307802
2.270689
-0.927295
-0.688924
2.627141
2.158799
0.236849
-1.107149
0.000000
1.570796
1.695151
-2.872425
-2.491722
0.596199
0.110657
1.858852
0.708626
0.815692
0.269167
2.129396
9.318042
1.438245
0.298499
-2.132718
-0.862170
-2.525296
0.954499
-0.394791
-0.448723
-1.570796
-0.737815
0.043451
2.310771
-0.034469
9.459247
0.832981
-1.940130
-1.078987
1.107149
1.570796
1.957672
2.796037
2.563691
-2.533791
-1.107149
0.828849
8.961130
2.356194
-0.551655
2.544416
9.092718
-0.137066
0.858439
2.613518
2.572279
-0.273009
-0.540420
-2.694073
-2.286540
2.104505
2.018316
-2.379446
0.982794
-1.451367
-1.735945
0.704494
2.308611
-0.664046
-2.572279
-1.707863
2.187093
-2.401618
-2.964884
0.033321
1.160669
-1.677532
1.467715
-2.505084
3.178613
-0.785398
0.076772
0.785398
2.122451
9.424778
1.535097
-1.183921
2.462179
-1.570796
2.187093
-2.746802
-1.951303
9.424778
1.282741
1.196463
-0.170735
-2.471954
-1.438245
-1.433730
-2.626044
0.236849
2.976444
0.429762
-1.496857
-2.579671
-0.321751
0.992894
2.455863
0.079830
1.975688
1.380808
2.300696
3.288671
-1.644735
-2.694073
0.039979
1.904041
-2.880990
-1.600200
2.937575
2.070143
3.045119
2.356194
-0.141897
-2.437099
-0.885067
-0.972377
-1.060308
1.418147
1.055247
0.478352
-1.078987
-2.761086
2.194819
2.442933
-3.061763
2.999696
0.558599
2.525296
0.657889
2.498092
-1.428899
-0.189988
2.279423
1.107149
0.236849
-1.570796
0.073939
-0.732815
0.463648
0.657889
-1.400061
-2.964884
1.178456
-2.379446
-2.081285
0.334737
-0.410127
-2.878598
1.261093
1.869295
-0.880350
0.554307
1.642104
2.483704
1.317122
-2.312744
1.258754
-3.009041
-1.292497
1.761981
9.459247
2.199593
-2.768605
2.310771
-2.034444
-2.577023
0.962994
-0.835357
-1.647568
2.651635
-2.595938
1.203622
-0.183111
0.253674
0.491809
-1.405648
1.677532
0.704494
-1.538549
0.073939
0.158655
0.310998
1.800028
3.177292
2.521343
-2.261243
1.040581
-0.141897
-1.352127
-1.418147
2.330559
-1.779819
-2.256526
2.333976
3.176062
-0.735440
2.293776
-2.383215
2.399645
-1.442473
0.099669
-1.287002
-2.034444
2.627141
-1.913820
-1.428899
-0.066568
-2.050316
-0.343024
1.282741
-1.911775
9.300423
-0.236849
-2.829551
2.976444
1.504228
-1.089909
-1.570796
3.105894
1.136126
3.271295
-0.785398
2.094075
2.982937
-1.203622
-2.767259
2.077895
1.985303
-0.262995
2.234842
0.896055
2.306236
2.286540
-1.261093
1.335251
0.712358
-1.438245
0.189988
-1.570796
-0.400241
0.400241
1.538549
9.179799
1.141034
-2.295046
-3.004526
2.429235
2.562518
-2.356194
-0.999459
2.094075
2.356194
-0.960070
-1.301629
1.532354
2.647651
0.479519
2.286540
2.104505
2.003204
1.725793
1.536327
1.862253
0.106736
-2.709185
-1.012197
-1.093451
0.942000
2.283154
-2.356194
-2.166995
-0.523278
0.000000
3.171886
-1.994991
2.331809
-2.840672
-2.129396
-0.558599
-0.858439
-1.494024
0.851966
2.982937
-1.501940
-2.461071
-0.962994
-0.992894
1.647568
1.060308
-1.307802
-1.833791
-1.366778
1.725793
2.178598
-3.269916
-0.165149
1.030377
2.129396
-1.149377
-0.942000
-0.351445
0.447520
2.386488
-0.934288
9.234790
-2.332943
-3.473652
0.229232
-2.149871
0.597177
-1.467715
3.141593
1.735945
0.785398
1.703348
-1.301629
9.355921
2.050316
-1.807645
-2.530867
1.605265
1.343997
0.849141
2.642246
2.148698
-0.099669
-3.013269
-2.379446
9.287712
2.466852
-2.677945
2.572279
2.356194
1.016489
1.292497
-2.970857
1.878849
-1.138389
-1.190290
-1.753907
-1.808632
-2.429235
0.258771
-2.148698
-2.631104
1.922241
-0.039979
-2.167973
2.194819
-2.863293
-0.073939
-2.843094
-1.387686
1.301629
2.261243
0.477345
-1.536327
1.405648
1.786154
3.107124
2.981680
-0.901157
-0.737815
-2.723368
9.544207
1.107149
0.625485
1.647568
2.634494
-2.261243
0.605545
-1.446441
-2.761086
0.099669
2.887919
1.789465
0.332059
2.018316
-0.809784
-2.125104
0.172191
-2.720173
3.077166
0.358771
-2.064738
0.128323
-0.954499
1.747505
-0.176709
-0.811034
-2.951604
-0.607802
0.906750
0.345556
-0.885067
2.300696
0.000000
0.588003
2.553590
0.685730
0.613207
1.496857
1.147942
2.169215
-1.774814
0.718830
2.432966
-0.211093
2.356194
-2.432966
3.141593
2.451146
1.190290
-2.132718
1.570796
0.737815
-0.354706
0.000000
-0.588003
-2.432966
1.051650
1.985303
0.811034
-1.460139
-2.094075
-0.463648
-1.238737
-0.934288
9.121893
-2.140110
-2.381830
-1.880499
2.289626
2.889038
