-0.203493
-2.223554
-0.185197
-0.159992
-0.383644
-0.239347
2.048223
-0.150914
-2.519650
-0.370849
-0.128308
-0.225338
-0.484945
1.927168
-0.093906
-0.029472
-2.389509
-0.451791
-0.171298
-2.293095
-2.216251
-0.125015
-0.216297
-0.285369
1.940411
-0.525577
-2.597492
-2.447344
-2.527642
-0.400022
-0.084501
-0.397279
-0.089967
-0.571644
-0.423703
-0.307484
-2.601250
-0.654778
-0.254290
-0.228561
-0.206119
-2.246960
-2.386536
-0.115991
-0.159715
-0.471681
-2.226117
-0.418751
-0.265213
-0.096834
-0.516152
-0.179310
2.057841
-0.180732
-0.107361
-0.269651
-2.294790
-0.161034
-0.202809
-0.368155
-2.566455
-2.365945
-0.063747
-0.337964
-0.433654
-0.441619
-2.493596
-0.185941
-0.029313
-0.349873
-0.325862
0.658036
-0.589175
-0.231238
-0.163765
-2.258183
2.027383
-0.182809
-0.145134
-0.553767
-2.525407
-0.230036
-0.158649
-0.129028
-0.096026
1.885136
-2.436833
-0.263189
-0.141426
-0.211652
-2.330120
2.019521
0.706965
-0.260130
-2.300857
-0.264890
-2.387107
-2.594747
-2.412867
-0.202704
-0.488710
-2.401291
-0.329815
-0.262364
-0.462093
1.870025
-0.072367
-2.349619
2.050267
-0.262772
-2.373982
-0.120974
-0.451022
-2.615713
-0.311924
0.003799
-0.471899
-0.335640
-0.191827
-0.144176
-2.566990
-0.609328
-2.339096
1.914592
-2.424918
-0.141840
-0.164271
-0.265039
-0.046399
-1.395536
1.965856
-0.263232
-0.103883
-0.293949
-0.186776
-0.460167
-2.383843
-2.558384
-0.203764
-0.112629
-2.672345
-0.306162
-0.278428
-0.330834
-0.289673
-0.213797
-2.385527
-0.386620
-0.537337
-0.416488
-2.537867
-0.105581
-0.329081
0.679652
-0.239190
-2.438552
0.646938
-2.329231
1.982821
-0.251115
-0.116058
-2.468445
-2.507278
-0.350150
-2.193178
-0.544676
-0.267257
-0.014868
-2.160028
-2.424816
-0.286697
-0.216323
-2.375443
-0.343115
-0.419788
-0.356464
-0.087155
-2.508520
-0.205338
1.959698
-2.358308
-0.151497
-0.338408
-0.137185
-0.119362
-0.200775
-0.159104
-2.515967
-0.197893
-0.143600
-0.060045
-0.398066
-0.448454
-1.457241
-2.274278
-0.318145
-0.272652
-0.366243
-2.297531
-0.433384
-2.600338
-2.455010
-2.419082
-0.644018
-0.266761
0.816112
-0.199654
-2.284458
-0.275030
-2.186872
-0.076656
-0.409872
-0.121738
-2.253883
-0.396130
-0.134837
-0.232947
0.003052
-2.443189
-2.307283
-0.501234
-0.179445
-2.220931
-0.139456
-0.412845
-0.317758
-2.502176
-0.330592
2.118460
-0.108074
-0.197347
0.082520
-0.268709
-0.016509
-0.106806
-2.391614
-0.445233
-2.268946
0.037124
-0.452153
-0.089637
-0.279653
-2.358250
-0.519414
-0.147438
-2.265157
0.010026
-0.386489
-0.335211
-0.084521
0.570544
-0.499068
-2.312647
-0.399294
-0.246650
-2.351757
-0.145172
-0.273142
-2.278312
-2.405386
-0.116823
-0.276869
-0.376591
-2.516507
-0.116899
-0.437905
-0.170302
-0.221401
-0.243475
-0.426116
-2.249855
-0.240942
-2.589866
-0.337305
-0.211708
-0.124180
-0.347956
-0.199627
-0.163186
2.090024
-0.136073
-0.379414
-0.158698
2.056224
-2.357733
-0.089626
-0.071600
-2.610313
-1.584952
-0.226259
-0.132782
-0.420127
-0.116305
0.011683
0.044319
-0.035404
-0.086752
-0.223109
-0.195293
-0.094945
-0.370173
2.059543
-0.141207
-0.195201
-0.216409
-0.077748
-0.315718
-1.398853
-0.373787
-0.310763
-2.355389
1.787999
-2.182970
-0.189117
-2.267993
0.011945
-0.402185
-2.230827
-2.265503
2.051806
-2.318917
-2.179431
-0.485721
-2.449306
0.555446
-2.153605
-0.319723
-0.202376
-1.446322
-0.492742
-2.109868
2.081407
-0.170803
1.896205
-0.124173
-2.422985
-2.412591
-0.486285
-0.145242
-0.453059
-0.236587
-0.204158
-0.098197
1.866585
-0.081734
2.051860
-2.526007
-0.183511
-2.309761
-2.358184
1.952690
-0.087311
-2.192677
-0.100722
-0.335412
-2.449813
-0.475154
-0.280378
-0.217447
-0.330966
-0.159539
-0.222866
-2.583080
-0.354574
-0.339337
-0.061795
-0.490942
0.706693
-2.483303
0.016025
-2.352248
-0.183984
-0.014140
-0.254875
-0.066793
-2.489335
-0.201506
-0.436377
-0.326527
0.665919
-0.123562
-0.499267
-0.231374
-0.172501
-0.238358
-2.256826
-0.574948
-0.476563
-0.462153
-2.647563
1.925449
-0.032859
-0.125758
-0.116231
-0.189993
-2.253047
-0.242438
-0.198713
-0.192076
-0.240447
-0.487400
-0.242466
2.104174
-0.026663
-2.453932
-0.226713
-0.540731
1.971904
-0.098761
-0.147489
-0.298949
-0.334716
-0.150237
0.077345
-2.383009
-0.194763
-0.185669
-0.449368
-0.120540
-2.212497
-0.099145
-0.406653
-0.007819
2.084341
-0.166285
-0.337275
-2.516686
-0.143555
-2.519813
-0.242079
-0.123091
-0.220244
0.604768
-0.169483
-0.072331
-0.084864
-0.308164
-0.001073
-2.423185
-0.247962
-0.143053
-0.082657
-2.371281
-0.043813
-0.363437
-0.075104
-0.265479
-2.463986
-0.469259
-0.516481
-0.088726
-0.191680
0.754568
0.002808
-0.090683
-0.267517
-2.359887
-0.154885
-0.265741
-0.261971
-0.026329
-0.166712
-0.836734
-0.295238
-0.444620
-0.642464
-0.173736
-0.304759
-0.284766
-0.111772
-2.312233
1.914062
-0.149406
-0.002354
-0.146759
-0.205176
2.033062
-0.132553
-0.406738
-0.520231
-2.345848
-0.433365
-0.407250
-0.216837
-0.391481
-0.430634
-2.375823
-0.124179
2.034525
-2.407200
-0.238507
-0.554856
-2.437634
-0.114993
-0.082784
-0.355680
-1.447654
-0.044599
-0.260927
-0.244402
-2.483066
-0.134987
-0.197722
-0.096595
0.100000
-2.525612
-0.159579
-0.208777
-2.465348
-2.455730
-0.574456
-0.106286
-2.497817
-0.042933
-0.131738
-2.374331
-0.367658
0.754125
-0.272757
-0.024528
-0.177390
-2.297941
-2.556911
-2.576398
-2.648199
-0.205794
-0.295673
-0.427587
0.013564
-0.034121
-0.215972
-0.447502
-0.203577
-2.395479
-0.253944
-0.407776
-2.426900
-0.045338
1.938125
-2.472314
-0.322550
-0.177722
-2.377975
-2.305242
-0.399470
-0.483247
-2.317344
-0.326967
-2.382463
-0.248753
-0.217035
-0.250126
-0.165196
-0.065310
-2.360998
0.701664
-0.417179
1.949831
-0.220581
-2.181955
-2.262162
-0.007468
-0.276660
-0.339396
-2.268091
0.114419
-0.251678
-0.263648
-2.480897
-0.032223
-0.460149
-0.244658
-0.422891
-1.338062
-2.322386
1.927710
-2.357358
-2.468688
2.199849
-0.166836
-2.431313
-0.408082
-0.235420
-0.302970
-0.190956
-0.261506
-2.644996
-0.039899
-2.125680
-0.089235
-2.303780
-2.622745
-0.463793
1.983145
-0.146932
-2.224959
-0.373753
-2.225750
0.685561
-0.503776
-0.274562
-0.215720
-0.150793
-0.185960
-0.374380
-0.072207
-0.564794
-0.431406
-0.382425
-0.089108
0.060411
-0.003476
0.729656
-0.166248
0.022542
-0.189611
-0.268604
-0.114592
-0.016752
-2.363800
-0.076092
-2.288075
-0.166812
-0.155449
-2.285223
-0.300615
-0.405887
-2.648583
-0.393677
1.898969
-0.124508
-0.216293
-2.438569
-0.006310
-1.469127
-2.338448
-0.225906
-0.245707
-0.237250
-0.115017
-2.201895
-0.062782
-0.218450
-0.272055
-0.228123
1.895235
-0.355860
-0.210772
-0.043983
-0.202338
-2.342446
-0.120215
-2.240013
-0.045252
-2.310581
-2.340541
-0.138031
-0.219138
-0.499456
-0.107685
0.754487
-0.452976
-2.520851
2.053440
-2.488294
0.651105
-2.507277
-0.384454
-0.327156
-0.671903
-0.243992
-0.371430
-0.082917
2.062334
-0.267687
-0.242513
-0.598706
-2.284448
-2.226496
-0.297253
-0.406190
-0.228120
-2.331393
-0.109604
-0.538025
-0.244418
-0.181281
-0.127406
-0.031400
-0.101886
