-0.215218
-0.135943
-2.347992
-0.314261
-0.178081
-0.253516
-0.429676
-0.683453
-2.225899
-0.286752
-2.429615
-2.266221
-2.511476
-0.202696
-0.123491
-0.386980
1.855909
-0.099900
-0.049569
0.714297
-2.351182
-2.319592
-0.084308
2.005025
-2.508006
-2.303387
2.016089
-0.151865
-0.198641
0.087281
-2.342909
-2.383897
-2.314668
-0.313426
-0.314133
-0.176419
-0.255646
-0.029564
-0.235110
-0.056846
-0.058644
-0.183432
-0.230436
2.008719
-0.378755
-0.207191
-2.428858
-0.315111
-2.418264
-0.157527
-0.412288
-2.439161
-1.986756
2.037452
-0.088729
-0.045293
-1.138538
2.104347
-2.410885
-0.440898
-0.237767
-0.020012
-0.065544
-0.301475
-0.458286
0.017657
-2.267307
1.957914
-0.101670
-2.311062
-0.079165
-2.444107
-2.646693
-0.004645
-0.415133
-0.515481
-0.168630
0.015324
-0.113544
-0.549710
0.070060
-2.640920
-0.342543
-0.040087
-0.116760
-2.324884
-0.375649
-0.307235
-2.358094
-2.279537
0.048078
-0.220301
-2.680054
-1.491304
-2.461834
-0.426210
-0.010321
-0.756865
-0.741626
-2.272870
-0.318111
-0.171719
-0.243604
-0.045680
-2.327518
-0.138554
-2.852316
1.946749
-0.243113
-2.291826
-0.263284
2.254974
-0.585316
-0.189684
-0.410191
-0.182043
-0.196230
-0.084151
-0.297017
-0.013867
-0.062643
-0.181952
-0.146337
-0.145846
-2.210250
-2.219141
-0.236272
-2.545044
-0.451722
-0.100161
-2.443221
-0.074257
-0.138482
-2.682564
-0.489031
3.387738
-0.369348
-0.221673
-0.339834
-2.335971
-3.209602
-0.428359
-0.100661
-0.182299
-0.230617
-0.230754
-2.257194
-0.427090
-2.569432
-0.114674
-0.263444
-0.431914
-0.162772
0.582722
-0.285448
-2.744519
-0.243221
0.041170
-0.224496
0.540209
-0.424591
-0.198183
-0.012120
-2.356190
-0.579135
-0.464599
-0.355919
-0.375368
-0.206955
1.123949
-0.132951
-2.530463
-0.231115
-0.391226
-0.139766
0.010964
-0.079295
-0.501811
-2.328127
-0.175051
-0.004689
2.035701
-0.161745
-0.446028
-0.254155
-0.065744
-0.088109
-0.103187
-0.053766
-1.786538
0.081387
-0.142554
0.004474
-0.673971
-0.371126
-0.008231
-1.399367
-0.091846
0.166094
-2.584403
-0.260379
-0.247040
-0.270052
-0.267082
-0.140070
-0.177263
1.413149
-0.114342
-0.014840
-0.346839
-0.305506
-0.161949
-0.130381
-0.479737
1.946163
-0.724724
-2.699620
-0.024991
-2.353430
-0.476382
-0.274275
-0.588654
-0.389261
-0.122618
-0.350686
-2.344668
-2.819780
-0.176390
-0.566903
-2.349099
-0.287411
2.280602
2.274121
-0.347616
-2.373140
-0.390770
-0.266391
-0.487710
-0.335551
1.067532
-0.323002
-0.486311
-0.082839
-0.144901
-0.061828
-0.302325
-1.752476
-0.151977
-2.442694
-0.077671
-0.187458
-0.164982
-2.813536
-0.290996
0.014275
-0.137557
-0.193744
-0.070359
-0.109371
-0.127877
0.006615
-2.997543
-0.295002
-0.662621
-0.271207
-0.186082
-0.170378
-0.066863
0.581737
-0.443075
0.678653
-0.581599
-2.501361
-0.129881
-0.432409
-2.292771
2.061462
-0.351332
-0.166755
2.147235
0.733949
-0.059172
-0.238452
-0.446250
-0.458986
-2.348478
-0.663242
-0.101746
0.035227
-0.401919
-1.732508
-0.172858
-0.215149
1.882364
-0.375979
-0.100274
0.006495
-0.363333
-0.395200
-0.339291
-0.289130
-0.038032
-0.134835
-0.247052
0.021105
-0.422205
-2.437806
-2.358147
-2.176964
-0.673358
-0.031792
-2.449440
-0.114300
-0.304720
0.043186
-0.147618
1.985467
-0.062389
0.643265
-2.390745
-0.672845
3.100294
-0.286452
2.016866
-2.385623
-2.416156
-0.080987
-2.314834
0.028978
-0.327085
-0.276715
-0.374807
-0.112366
-0.124078
-0.364436
-3.406668
-0.185448
0.319163
-0.239130
-0.131046
0.075937
-0.283677
-0.659966
0.003380
-0.105162
-0.178847
-1.001276
-2.360206
-0.258811
-0.366236
-0.144914
-2.375485
1.947409
-0.616895
-0.344961
-0.108581
-0.003293
-0.286098
-0.104892
-0.330355
-0.099875
-2.469191
-0.589280
1.939959
-0.017389
-2.368327
-0.576871
-0.456133
-0.581186
-0.302537
-0.497328
-0.242384
-0.103023
-0.144400
-0.171130
1.409448
-0.293570
-0.279538
-2.382911
-2.626434
-0.429323
-0.800188
-0.252100
-0.091817
-0.110819
-0.228704
-0.116087
-0.331498
-2.526356
-0.373737
-1.014953
-0.137855
-1.930609
-0.074584
-0.593906
-2.299886
-0.381283
-0.572518
-0.427360
-0.157073
-0.391728
0.015444
1.705569
-2.304952
-0.482490
-0.560583
-4.827797
-0.473472
-0.405439
0.436413
-0.283228
-0.361191
-2.259436
-0.418032
-0.098566
-2.305670
-0.055909
-2.321929
-3.246256
-2.293426
-2.368375
-0.448494
-3.139575
-0.185207
-0.193907
-0.207396
0.002743
0.160695
-0.166952
-2.409784
-0.085229
0.648339
-2.388606
-0.075014
-0.247313
-0.078383
-2.486918
-3.334279
-0.406605
-0.183252
-0.170950
-0.468186
-0.824018
-1.779805
-0.401188
-0.145303
-0.546354
-0.139997
0.010574
-1.526826
-0.476160
-0.211898
-0.208787
-0.147252
2.076405
2.126612
-0.307477
-2.304000
-0.320881
-2.314925
-1.112612
0.023643
1.941026
-0.535353
-0.191846
-0.359194
-0.188016
-0.228031
-0.653505
-1.421132
1.878005
0.059329
-0.181608
-0.083363
-1.466403
-0.322131
-2.353066
-2.591971
-0.108145
-0.399945
-0.167627
-0.504578
-0.639490
-0.072396
-0.758378
-1.134917
-0.272322
-0.017520
-2.530582
2.055818
-0.065598
-0.158986
-0.083835
-3.581287
-0.557951
0.251795
-0.523216
-0.403634
-0.246931
-0.031839
-0.205996
-0.408171
0.114472
0.728095
-0.202283
-2.561875
-2.431851
-2.290972
2.022784
-0.187301
-0.233188
-0.211442
-0.133426
-0.567651
-0.202244
-2.262407
-0.093463
-0.033331
-0.092181
-2.364459
-0.609864
-0.077715
-0.273322
-0.159472
-0.570213
-2.304322
-0.452697
-0.205669
-0.643212
0.091242
-0.359520
-0.174150
-2.392503
-0.143060
-0.175992
-0.404411
-0.195641
0.246736
-2.387171
-0.534533
-2.276291
-0.123847
-0.827974
-0.211741
-0.194079
-0.045985
2.027645
-0.274973
-0.163728
-0.175096
-0.280164
-0.249652
0.857137
-0.266253
-0.608589
-2.374373
-0.127110
-0.617602
-0.023614
-0.068388
-0.351313
-0.158235
1.973292
-0.397449
-0.077701
-2.335174
-0.111843
-0.291452
-0.179199
-0.338602
-2.446661
-0.335494
-0.301782
0.265864
-0.246512
-0.318694
-0.316954
-0.290538
-0.078554
-2.393534
-2.303469
1.927485
-0.277240
-2.359049
-2.742092
-2.474494
-0.206117
-0.513714
0.665240
-2.448327
-0.423412
0.030220
-0.059134
-2.158443
-2.347422
-2.320376
-0.335696
-0.517063
-0.475181
-2.327150
-2.960135
-0.078290
-0.370349
0.016783
1.897785
1.580893
-0.258649
-0.253241
0.689526
-2.280673
-2.320512
-0.456223
-0.145258
-0.037841
-0.126856
-2.410293
-2.434989
-0.228282
-0.095165
-0.024356
-0.176079
-0.056777
-2.608730
-0.412928
-3.153272
-0.107373
-0.178655
-2.351494
-0.602225
-2.363605
-0.090863
-0.340575
-0.099855
-0.341342
-0.023287
-0.110562
0.068214
-0.097117
-2.285083
-2.419711
-0.203249
0.235306
-0.337293
-0.354955
-0.229948
-0.183406
-0.049968
-0.364139
-0.139295
-0.040334
-2.317858
-0.059843
-2.371298
-0.204340
-0.578848
-0.147816
-0.269263
-0.044336
-0.297875
-2.552323
-0.902547
-0.611865
-2.275327
-2.347611
-0.489371
-0.319930
-0.044602
-0.611026
-0.095781
-2.333075
-0.403606
-0.057495
0.034848
0.032191
-0.283724
-1.589088
-0.086558
-0.303964
-0.189325
-2.505016
-0.112220
-0.551933
-0.369168
-0.127009
-0.082434
-0.122125
-1.662840
-0.040391
-0.108470
-2.390434
